client_pin,prediction
f0c674b2bb4dc64be607029271d706ec,credit_info
90725b54ce77576883813d87749df6bd,statement
eb0f82d74c7b7bd5eafbd5b5f8cb3e2a,statement
831bf4c0ecccc55e536b8cfb9153d672,statement
3f1a5a1c492ce877af833113e59c5797,main_screen
610c27a803518da6b285c95a659f1c3a,statement
e7e6b5b63e755e27555835a90e22782f,statement
71615dc1678c45dd489d4f0567791996,main_screen
985f9451c2a173bb1c45c433c3c22978,credit_info
62f261d74590c865209f8568b8a94b9b,main_screen
011d92fd51875bcc093d9acf40bf8278,main_screen
cc4e4df0f49795fa89717cc2fafc3722,own_transfer
51490b5a022b696a320fa763762fbf15,statement
c8e81a60a7803811e7782391d2f5c3cb,main_screen
2b3fe9f9e0724db4c9988718753df7c3,main_screen
c1457b5348a1ade16aa793262f07d9c4,main_screen
19548130deb10e91075a45361f0d7f58,main_screen
d50436616e5b87d0e2a683a5837af82e,main_screen
d931357c0c22f78366604fee993583cd,main_screen
b1920b780f257bfad58c936f8919e365,statement
e5977e89dd7c9d211aab251b563c29cd,own_transfer
d6949466205064f57f6832c0fcc74566,main_screen
450f6dc5bd9756484d455c9d4cda4073,card_recharge
c89b3d33a629698b3eccb7f09d7f0f8e,main_screen
c3dc313e673216b9c947e6319af45442,credit_info
ad34fb7a7e9b5d152439a99b93dba85e,main_screen
37e6ad604f605b3a06a2a0821746e16b,chat
ff702b17b8292ffb2e602692d3975477,main_screen
9f173558e462258ec5be84322a7655d2,main_screen
3b9647d442845901d51db96bac3332f1,statement
9116aa313d7d681f36228552cf6314b9,main_screen
c390fbc7684087d3e8b1333949e23acf,credit_info
39c15e31917b20f9a0bcfa2b35a87711,main_screen
b32aedd5a42d094cd9b8cebf3c92cb4b,chat
26d2f19ab24c33cc5dfc6e202acfd176,main_screen
e8425bf3ee7dbfe19ed3de6bf67d82ec,main_screen
d5872c52a536f63d5ff6144a917a5258,main_screen
46312224ea14717f18bf189664174566,statement
3d7692dc7d3b0690d390bff9a7de39d5,statement
2dafc792aa0a09062d73341cded57e63,statement
596a25f2901faa445414349bb4807ad9,main_screen
28cfc4dc12c2b0bb8adc52a5f020a3ea,phone_money_transfer
f4ceead4d3b1e0225e3215eb646e8b14,main_screen
c1c811816936c6ccd99942abda92bc48,main_screen
85c8696be438893e161e3a81a21d8270,main_screen
2c08ebe45589408adced6891ca75a881,statement
335d56663837d3e597b6b89258798daf,statement
03e1d70430cacc22209c07b5c64cc16a,main_screen
000a90f770c38f235ff73e0f2aa7d197,main_screen
99cc8c185a60feaa63774b592a42f669,statement
e0fcf45e942fa580004e73cb7a974c78,mobile_recharge
632e298e9ec556dcb8c9b31833282596,main_screen
3ffde473d442eb2918a237fa725d710d,statement
5bf07f95731b37abe50de969ceffd7a9,statement
2422b8749399ef4190c90a5717eaf4a0,credit_info
097e21dfec06f3884fef005a755c719e,statement
7395afe0679fad0924cd940e8753f5e8,main_screen
c7466a92cc0c8c758670791b912e31e3,main_screen
414074639792cba9c492d4488e12e180,statement
3eb8f5b4cc972ac33102bdf6ee5c318f,main_screen
ad9567c829cf2d21d38d3974823b8bdc,credit_info
69c9a7e9a6d7d6545ffffc8b7e151247,main_screen
af55058eba6db4123ec7954107897872,statement
54954afec6c047907aad1cbf8bdb81ab,main_screen
91844a2c75dda0c308d623e381a4d71c,main_screen
f2ec2605900b96a423241792c82b3e13,credit_info
382999443e68177ac94cc5216dbb28eb,main_screen
824343d9ee001b5c27eeee73654067c0,statement
178d791917099cf8a3a48372a71b42d4,main_screen
69bf38a7530db371c2f9b0a693eee0b4,credit_info
23078dbe88c4186c3132b4dde86a797b,main_screen
01f64e82c69a0fbb2a326c5ef06ec3cf,main_screen
16c6f9d63aef4a9c0c5383da87ef3a8b,credit_info
8543095ea74e12c98b4913e868d1a91c,main_screen
5bb313465cd75848b05f0e1e25c3fafc,card_recharge
aec2ed68a3403b5b441ec8c4a72e392a,mobile_recharge
24be8f22e9333deca74db643b6da4250,main_screen
3659948fb5f20335192fe4639a2d2b5b,credit_info
7eb0cf01f74415c99a0ad44a53bfc483,mobile_recharge
2443e2deb5db1ca0f6aa299b261cc4e7,main_screen
e064694a8117db375b479c067c0c0372,card2card_transfer
7a24fba63a6441d29702503fde40a979,chat
50a9b9349d3b17e5a2c8b545a4e7345e,main_screen
adda44e3f3f0f94149aee1ac3c9e2082,main_screen
6182752e7b998a12f2ef9ad41950334e,statement
d343514b4b418b2bce0373155aa02a4f,own_transfer
a83585c28261f033fb58286614ea7562,main_screen
3dc81a3a80fea6c29c923c72b3ff7441,main_screen
5ca18591cb6307a4e6e90e413fff725e,statement
0f500e50fe9575f656bda98e3371f0e9,card_recharge
5e2c0417bbe99d4901ee82b3b91d8460,main_screen
020a601315879aeb99725790a2e29c2c,credit_info
f32241933440f8f8ceef440e0d7d445d,main_screen
a4bb009b5e38ebd570dfece160984707,main_screen
e98d47222e7f8cccd09699d5ff958abd,phone_money_transfer
cbf1f48e0efd592aeda3b64c88bc39fa,credit_info
1702bd1067fae5e289671548feba48ab,main_screen
3719d55a90b2decc4480acf59353b223,credit_info
73fadee669a80f7bc506a2e2dfd05989,main_screen
a81b735d89059a0874ba149c9b63009e,main_screen
a7a6e2f732bc34e024b98b712e695dc2,chat
ccd362ea5d9e8978e703efdeab8a9c80,statement
089c45f5c90844fb59475c0736a4058e,main_screen
d5bdfb33132844b1acb791a9484b0fa4,chat
f313cb86901c72e556d58d186a97e5fb,main_screen
ff3ba941fd065efd433f941c95414a67,main_screen
031001cc20334940e43af10593571699,statement
a07cebc2c0a2d599a1a1e19ce861d6e1,main_screen
3f7be5839d42598802e601595f422f0b,main_screen
b5c5ea8864c655fc4a12cfad4f785a8b,main_screen
1dbbed4d7e0ac8d9eba466c959c2a591,mobile_recharge
dffac423e59cb435dcca74f661df8080,mobile_recharge
692d173b4f75ea561919766ef8b08c44,main_screen
65e3098b374bc50a69ed21b954aaf545,credit_info
9effbf0bfc52edb08a32bccd19fa173d,card_recharge
2e31eb573a059992161bb69e4dda1abf,mobile_recharge
a7058883ba392a279635d6683fe10532,main_screen
024f64829a3eae975b1b57b2de322695,statement
d0cf1648ce6809ef2be461e95b90be46,credit_info
2ce609870c59f11e6922c97357551438,main_screen
e432a2822b1bf18f94843c3d81b2235d,chat
6a44138e71964eeb138f52ec621138d0,credit_info
4dc2231eea6eeef09c02f17eb75edc63,main_screen
7cb61c411c7730f93595bbdf398dae2c,statement
61ca456d71204bdc8500cd63ab7a4842,main_screen
e6124976db5a4f4a60cbf0f6d90f9a20,main_screen
1ca6768a2719bf6dc0d28cdc90ad48aa,card_recharge
feac08528cc17090c0027b76b9a3b14c,main_screen
caa802271e24c7e617b71b073873d3c2,main_screen
81a9e864380dee3b32992d2d2f5e6438,main_screen
9744da6de4515affee6b5512083f2cd7,mobile_recharge
a922b44584c48399478f9021a598e32d,card2card_transfer
a4fb56d6bb82470e4ad5852fa48b08aa,card_recharge
1c4ec213ee0cb3dfbee3bac7f960043c,main_screen
4f482adf0881c6539e0c8b3232ae52c4,main_screen
394a540e27d21d57d4abc772be3c25f2,statement
47e319a499f771a56d5ed51a35dbb06e,statement
f1559e8f50fbc16506f24bf5c3e18666,credit_info
11be1b6bcf90c3a422abfd6b6ac73d0c,main_screen
9628e1c5cc0425288b627367d6db4a8d,card_recharge
8cad9cf074ad8721df965f5e3c22d802,statement
4c63ac254a914471ecbb88058feda710,main_screen
0557406fd16a9c6652aeb573a5b361c1,main_screen
00a738496ce659eace534974da049c04,main_screen
465fa64648296b009a011804f9aed859,main_screen
82d615548ea44a83e1b8ccdab68e49f3,main_screen
209abb6193c675230a7f1b5312b9e8e7,credit_info
626f0c6eb1035b8dd25d874a99dabc02,own_transfer
4866d22c2bd771dd52f89717209d7f07,main_screen
a19fdbf1c8d50862b8ad497b355630f5,main_screen
c54d68cb6c9dfa02f6a83d7173d8b590,main_screen
9b50581ce66c37ad4336b1bfad9b0a20,chat
2cf4fd3b1053558f486d46a8a3cb6adf,own_transfer
936e0da253ceeed0e3569082ac9bf0e6,main_screen
ef55e38cc86bb77d8f594374ed20e488,main_screen
1d4b09cc7d0d90c0ff7a29dca66ada68,main_screen
6818e22095731dac6fa168d612c19a55,phone_money_transfer
a04f34e26155859d47080d454330b224,statement
ca0abf28f728fa8f4e29df5fe2ddc3fd,statement
0c839fe4e99ad37e15bd1a85f35d5df3,phone_money_transfer
c4e3c411e72ad2e6e6b5be4eb5d00b0a,credit_info
de11d52ab68475e95c355abd130f9114,phone_money_transfer
0475c97203298723f91fbbacacfa195b,mobile_recharge
ddea0adc65b417be874c2c20be1620d4,main_screen
430cf116a86bba65665941d3a92e7edb,credit_info
b3dee481874a05b27adedf3543d722ed,main_screen
98338939e5624e1f84ada2c866996949,credit_info
556bed31899a004dd81fd18b6ec86be1,credit_info
37fd98cdbe02f48201649a1e6c6f80ae,credit_info
1522579412e57d7e286b1d1c0583b948,credit_info
ec9b70dbe67160368a9108dae062612e,statement
695f0a87deb3cbe244f96eb8e870c492,credit_info
5fd48dc20212e865561a573980ec8406,main_screen
e3329757411e9a14ec92bcdbfc862d44,statement
dabaa1e5b533a508ab5e732d9fb6dbff,credit_info
11ac754a0824e5e236152b9490a957a5,mobile_recharge
c9778d2b95db6b19f33651ee30612e1d,statement
e1a1f80a9835484f4139403af09671ff,card2card_transfer
25a7d6d173385ef758fc0a5495427132,card2card_transfer
81e421f06c6b3a781a05217967799b88,main_screen
67252992211acaa446f6a4e56995291e,main_screen
f3c0c08f9fc8189d8f76a3ceb918b4c2,main_screen
693da2ea44c2ea21c2078a35af0634ae,card_recharge
04ad13a167b4a073db4f337ad4ca4fda,main_screen
be946e6e5e044dfb1a2cb4dd97d50062,card2card_transfer
fa57299197d42dc59dadcab9a9a00172,own_transfer
79c6405bdc4b0abcfa5d1403f681eeb9,main_screen
dc27265830a448930a5a7c9961768be6,mobile_recharge
ca7e7a1815ddd04023dd74a00c5f6bdc,main_screen
868c5663f3617dfa962e00bff5d5d45b,main_screen
a8ea328bff59c2b3a6b7eb9829269cda,main_screen
f1fa7e14ad6f61fc14084dbe80e0378b,main_screen
86c8a2d57da5ceb439b6feb76243e175,mobile_recharge
f1783902436b17a91596e61cce6ff5a6,main_screen
d98024ba8916e13a54014faa34213db9,mobile_recharge
856f3b0a046cb69a3f1556de9a07297e,own_transfer
f9f4f41c57551cd9eead187916b77317,card_recharge
38eb356ddc6c3c8b6bdfd6ec17b24051,main_screen
3733a9258fe934adee2e35d77a8393d9,main_screen
e14712b91e4f3c68fe4e2393df149486,statement
991f044453e6027ec443780c79099a2a,main_screen
927efad550d53519b93e679f8e3b01a4,own_transfer
d964d746b7619a5299307cb54264ca03,mobile_recharge
a64fd2ebda393dfcbb68aad02d402486,main_screen
2d4fcbca2ecdc76301d787ae79aad255,credit_info
fe8e7cf17b92c91ee2a239e3eed7310f,main_screen
d21995d91f398698ee48663b7d91d02f,invest
482842e9c97c2ab883fc488e08892743,statement
7f921141db927e2822e8e9c3e2b3782e,invest
810cf493b862f3055b108128796ccc0f,invest
11e98af315e84096fe96e9b8ab9cc816,main_screen
7c2917f6de9c2f7e497522ff35476003,statement
b35ee13d6bccee05a919b84e01878da7,statement
c5b5cf9424cb49a3f9f1355a27fa71ae,main_screen
554bce901086c63d3e45f2b32ae447f0,statement
37a5926b490c487a80c2396320a325ae,main_screen
ca2d456337401a5dc93550318fe2f682,main_screen
cf1884586c143d2acd64182cc16e88c8,main_screen
8d4359dbf9dc1787e48d383374b71b84,phone_money_transfer
9529794f550b5ea7e71fe532c76ebd5c,main_screen
a114de87518840c0125b0f8c98f98965,mobile_recharge
845d7c9df1241dd89865ae5690361bc4,main_screen
ac4c00b6376665fbc08ccb0e7001c754,main_screen
5b9603ca77001847db142eae8918a53e,main_screen
276204a25b0862c9797bd11bd08fd0a7,own_transfer
f019757afb0c00dc87cfd01f942a82cf,credit_info
71ffefb57b03a3dc06ac1bcc8a9c8692,credit_info
e7b76688f35c527377d498f01f49d0c2,main_screen
b106438347021cf7681c7a9f5ccce794,main_screen
40e7f1009b0626d8bdcc3a2a92083116,statement
57b35e3015eaad4b42977c2d25ee1127,credit_info
f95617deb51e283cbc7d256b4f16f380,card2card_transfer
8a4df08ed117081331e873b41b091b4b,main_screen
c3262aa4dbd871f6b0c273f7a5e71a80,own_transfer
a41ecd5a57e630c01646283691b3d4e5,statement
f057d14342483ef67ee13b53605fa620,main_screen
83aa619eff37dc84d3138d6cab75a039,phone_money_transfer
8026e6383a530cb0a5ea00f56193675b,main_screen
6aa39fae3b9a351e58e88709c1def1f6,main_screen
74d308a35eb9eb78723658178706c212,main_screen
dd94d2249804134fb551124da93ddc44,chat
6fd691cbe814c21b4d3d2839f74f51c8,statement
55df90d1602fd48d30de87dfc68d1f34,credit_info
af148b67b3a08aaea8382ef40606347c,main_screen
97d827deba9375fae801b6b8799505f9,main_screen
e4df1802374d044e062b3af47ffe884a,statement
80092a54cf500acf4e1afdb8cb222507,main_screen
006948b38ad17af98a07aa0c2150d081,chat
898925bc885b2d0b3108d0c46bc512d6,main_screen
eeef63e023c54a1d716d4d00f867cd13,main_screen
2c22bcb2c04c34725d1fc7d5fe00b99a,mobile_recharge
a1bbed6498f476a081a0fd81c6f24b70,card2card_transfer
eff62c1f3beec1045108cc0456b5d91a,main_screen
0abb3973c312d5f29ee09d045972c89b,card_recharge
688cf1dde04b3c4a4bbead25d28478a1,statement
a6a2eea6b88c998f34443f6cf84dc791,chat
0b95bef546209628354e50a5f50d0bdb,main_screen
9a8141aec3181991348649d091c6f171,chat
59169e1ac13c8f4becbb6d5834feb7a3,card_recharge
f271fbc09a5c7671854eb5d88b368c6c,credit_info
cab63aaed95616610f34653db068db54,card_recharge
4f327c54ce2dbf02741ba8405847a36e,main_screen
82aab99f56ca2a3fcee67163b4dcd671,statement
8c97584537cbf29fda156eb72b9cadeb,main_screen
2da69efe68eddc3beaaf4d16e26fe633,main_screen
0f5bee6e901e183b8ccec4dde917a8e7,main_screen
e1dc0237efc4e1addd3827134bde5f11,phone_money_transfer
dc6f36dd3a192c923b1f135c1ae4af6d,main_screen
731153c7c869c6e099195ae82c4b60f7,card2card_transfer
59269093815638379272d822ba11c92a,main_screen
2395d893c9b743b8c8aa5933f6d038a0,main_screen
d622ca7aeb9d3953b04c34467b6ff4d4,chat
1c3d3bbfb3b64bbc068a430a2ef1f579,main_screen
a1fb9dffb967f5431d1863bf3a621b60,main_screen
342e474c01e27b2d27b9e2630b2b6cc8,main_screen
9e065a17cd6a6db9f4f36ee337f0a70a,main_screen
866a95f953b66fd072e7ef3247c5ebd9,own_transfer
8d389bca57a82f88e609ff1f7df1f8c1,statement
937cad138c356fa0ba3cd9cb8df80e75,main_screen
880306599fdadadc5ae13efc3127dd88,main_screen
7d8b1c1ae374c8418cce5e036de26abd,phone_money_transfer
be0d60511d174b5f557d671fffee94e7,credit_info
35c98c3a20b3a48c6748b4bcd61891d1,credit_info
e4e3f380dcad3875923eaf5ccae13aa7,credit_info
daf858cd54b93e796edc289ae0bebb43,own_transfer
d161423b936f6341baf2f2e539178317,main_screen
0848a7ffa1e03d0d23d174729caecc25,credit_info
9387b0b1861223c6b788c51f558c3567,statement
a916df3d991edffccc896f99ed085633,main_screen
adda849d0da28fa3801b9220065d0176,chat
7714a99aeec48cf7e91a972d7f1c5427,main_screen
f3922919671691ebb57f90d8094845ca,chat
8ff3f5f9087ac1db9ab5c06e11803110,main_screen
dfbb9f669ca77bac139f15288ff36b45,main_screen
794a1e875991358d300fe6df5fc04177,chat
f9fdae4d47c1538d2dcd31f73ace75ac,credit_info
b45d9fe718326619846e0dffc74b6d53,main_screen
8f5909af4c9c37daa4b2f75b0f07cc6f,card2card_transfer
3ae7153c3ed8cd43a9090fb3f244f32c,main_screen
6e3197edef4de30a8395d64caba15ed1,card2card_transfer
15ccb6d9305df9b7079f93e8e0b6596d,main_screen
5bd1982f5c0ab4d1d80410730f2bf99d,main_screen
2aad6c0d126150493b1f341ef6acfcdc,main_screen
2f1e0edac07ded2cb56fdb68defdb324,credit_info
8fc8ce3eeb3fc09cd9b77601c6416f16,main_screen
a5ab280e68d55800260cbaefed4973e3,main_screen
368c37c9b22a1a44260c011c1d23d690,statement
53b79847c2a6bdaa96b13e1932537e62,statement
c8747a486ef29d80047184a9e672149d,credit_info
9e7197fd41393b85fefba2d7cb063ca9,main_screen
6357510c54037f3c5068c2da86722017,credit_info
abd9f9384b44af7ace68208543b5e598,invest
56775d4f7a5b61b57141268db0f0703a,credit_info
68031bc0b763bcd5d6e0e10b68e4a0ee,main_screen
1bf9ae2e7702d5d6fddcc193ef4c1cd2,credit_info
f192d64c372a081e2d4c73e6290f766b,main_screen
ce1087c842fbae9c0e63423a07e549de,card_recharge
178028db233640548ca4b714ef4c03c6,statement
761e27940a0cedb80b631ee4ccf07a11,credit_info
7af296e98dc8de053ed15e13faeffea2,main_screen
6d114cfb5d2d45a675a99d63e2b0a306,card_recharge
884931f26d3739c9e78c304a5510d931,main_screen
e13b178a817364a24ad1a3f2b303cfee,statement
d4a552b5600d7ed74f33d59e5fa43866,card_recharge
64cc6dab370ee7a4a7341d2459f0ae7b,statement
7f6cf169b884a1ee98d3eefbcc6d7489,chat
1f89fcbd636baf8b4a08f003626c1c07,main_screen
8a956586e8885ed4b876a5b1d63d3f4c,statement
e9384c70f990224b447c74269d365143,main_screen
243c99fbd452ddee3232d7741ead5dd1,main_screen
3ec74ee7f4fb7188a4a4734e7ff62f00,own_transfer
b025525a38b11dbef46e6ecfcdb4fbeb,main_screen
83416306d1f92f2858f1daddd0c88128,main_screen
90cb3bccf168c2d6511913bf8668cbba,main_screen
99f66cb83fb698be18db21764c882ece,own_transfer
66fdd4275605b3d98b792ddc498e2494,statement
ea46be0ecce6189a68e25069082ee1bb,main_screen
30aa5aedcf68d6765b738304067601fa,card_recharge
8d8a4ba5d8d8ae1d7faea91567086f36,credit_info
ce4f044af2346ddb3a46371d88981625,main_screen
a0ebe0994d05def10ba46e2bea0a3bd2,main_screen
c8de6d33b6f685257ebb2e2c90edb1af,main_screen
121f63abccf182f9d10c3d2a9a963d7d,mobile_recharge
c373c61f0d407f8c9d7eb81b1ba86db2,chat
c3d12a972a5af62625d15ac2e14b8e84,credit_info
40420ba531987d26054fec6c24283c59,invest
ddc6ec90da72997d91b6f3dd8d9a976c,main_screen
848660c14888535287dcd61aa10fbe77,main_screen
f41d0355c662af7c504b3918272342a9,main_screen
ed4f8fdf982bd572741e6264a1f0f466,card_recharge
b8bf3122fad9966acef4fc41e841f9d1,main_screen
9fed6b6d85a402ce6b66479cefd5ee4f,credit_info
b2b4cc501a86f71c7c523ae7b3050686,statement
a590af39cefe539d30d7db2e259edd49,main_screen
4ef89c7646badef08ee4e8c4fd5f3872,main_screen
bc7057dab43782ae2b46f7c37f7603d6,main_screen
77bae161984b2b2d91bcd96e3f1e7670,main_screen
9e58fae003789a6136628bee0ea89bdb,main_screen
8226869872e9a757c3ae0a08e83649a0,statement
fb26eae39cd5ec61a5fc01bb722c3dbe,main_screen
72d40dead77b6f04396c6b11dd7ba459,card2card_transfer
3d841d97a6df6fa8ed9e14f50d028674,main_screen
39cfa9625d1f8135ed89c2314823bd4e,main_screen
e341364fd885ca17fef890ff78d8a614,own_transfer
cdc5b5de756c2cd2180fd9d21dd81c7f,main_screen
9b93c620313b5cefd7b9f72581b24db3,card_recharge
bfb912cf6d467775015624da126ab367,credit_info
2e871521dddc516457119aebd723ad25,statement
0a46d0052c23277f2cb63cb702fcd6dd,main_screen
98c2727be5c1a29187a990d7f8d40f71,main_screen
e5140e35c07c7d1eeb7d380e87bba388,credit_info
210b52f10aa39c5f74660a6673b9f8d8,main_screen
a8280676b97ebc283f24e3d07750f01d,mobile_recharge
ea9777326fc286ee41fed6deca497752,card_recharge
aaa2aa3f1318d600309cc5f30c264fd5,statement
99910bf688e6228e93feb10a9a71b1b3,main_screen
7fe2e9493f5b4323b6a0cf99f5a12700,statement
c49605693d14f8438561e425d01673b8,statement
9b00a8ad34cadc0311543a1f605c0f84,main_screen
68e11f74b5860be9600ccc5818bc3b11,credit_info
1f604fe58969a3cbf4ec0e4d828965c3,main_screen
a23f4e50653d4dd608df742b101b718c,chat
de38f40cad0322afa4a2b76c39de5cef,card_recharge
1d4f85299c9d2d1388f7f788802e423d,credit_info
08199247524040e21b535b3941272a3c,main_screen
9618253ac3c13a5f434a64869a3650d2,card_recharge
3c8343b7d771778a7e212901b738637c,main_screen
adc268db143b275fcc046593bf92deca,main_screen
c3503d51e157fb4c19a87a4ca7f18315,credit_info
e24b67011cfa40009b0d89254ec5bdda,main_screen
a77dc67dcbfdd663a8318c3dc5b020b5,main_screen
89f938ffaa1e1ea07a2aef1241343c96,credit_info
09c23d95e3e17089e7b6b0a6166f94f2,own_transfer
1190863488b74220cb2754bb0819f725,statement
26075dc5aeb7bd644fb461b40302c828,card2card_transfer
7600e9a3f0fda554aadc291aad3094be,own_transfer
d1259efc62e763634f96205acde09736,main_screen
8fc0948fda64ad06f5116718a8022739,credit_info
faef2404812595882e4fa1f7bc0abdd5,card_recharge
b604ef5329e046686ec23be978ca7e88,mobile_recharge
a89a4c1c7f7665ba8bda7c09cfac1b3a,main_screen
c536b0e19d2f8f53a82ba75725e834ab,chat
8c16664435749fb2aba836e6e010cb31,main_screen
84d558da9afd9286282030020cc6b106,chat
0c0a0fd2e442cc06b62d3b306ff8aa24,main_screen
cf860541a82cfabc6b8d603eda6f35d8,main_screen
61fbfff465090cca645c35dc175fb7d3,chat
5f1ffa646cd103090b696664a9be2453,chat
e59276994b8142ec8fa2beefba9565ad,main_screen
5a9cc3a502aa2d9ed0a39cf5ac907d28,credit_info
973dc2a5be5c47bf61909f512d3d8476,credit_info
4e2ff87de962a66cf6e72e606165d31c,main_screen
782d5d2590db086c2848f7c8bca7b4dd,main_screen
9aa45c2495279956974dbc8df7847fc2,credit_info
a87a13d29b3628134f5b074a82e72123,statement
70aab9cbcdbb9fddf57631853d7ce901,main_screen
93d43daab670b14535935f7befc2c029,mobile_recharge
7933b8ba43f78bcb27266addfda5ff89,main_screen
de3856a5c62757a09fb9d338d5a98746,credit_info
b8a5bbb7321113736ff9fc54ee4cb174,credit_info
f595138f022f1fdc4a496471ec4f9fca,card2card_transfer
f6bd277504287be92694c9b06848ef6f,credit_info
6fddb00d72bbf5f488f7abdb3ec00b62,main_screen
0a860bb8c41b333264da9c24e3a3e806,card2card_transfer
34521d7969048c55ecdb7e28d1b3b019,statement
dd7b4a9cdbb00ae2eaacc6f85a33aa69,chat
f5ae6e08325a153f721694f85793edf7,credit_info
ede07cd5f160d9995e1b02d4e5eab6a1,main_screen
dee85334f5f019bb68ba147800038da0,main_screen
7778913457735af5bb5cacd7faf15332,main_screen
49050fecbf49992d039ae3a49ab1d87f,statement
aefe1d7cb048744fc1a0849cacea4ced,main_screen
acff67848921c7ea95c3b00e2d7f87a0,main_screen
7bd79c767da50a3cc3a7c660079698da,statement
f5fa7f8c323dd4fd5adc16c37cea9e48,chat
429159e2aa74a4ad266f830385a96217,mobile_recharge
e832798831de04c8a115aa7ed88ad842,card_recharge
47b4bdae61a0579ffe59bf990404a9c7,main_screen
fbf898bdca7111bb6f021ae97f1323bd,credit_info
43ea08c183df0c2b64029e7c12c3b20c,main_screen
fa96927fbe287afe78f4ca1cb8170f83,main_screen
1a531f6d7061e11bbd410d3c346029fb,main_screen
aa30651d5ed814cada943248e5f9d3c2,main_screen
1e62545b9d24154a5ab7dd1ef32b4415,card2card_transfer
92ffc1069ba64b44bb87b406a0a6399e,statement
e5f8f9764f9c131941355f474f5f5fbc,main_screen
54ee03fefea3f3f305d3d1ecd86ef704,main_screen
d83f656060dd5829559d8f2042d328b5,main_screen
041df4841bdcc546645460cbdee303f4,credit_info
b2cb140639adfe7352b7f42c1921f05c,main_screen
05c154c8adf686ec703acd859063c5c3,chat
11917a04c1dc4377f6b934f3eccf7a3e,main_screen
7d4312f64d4071a028c250b2d2684610,main_screen
3566a5ed2fea8d82c8328a72e4a968f5,card2card_transfer
3a50516987096e64fd351506d2fd7cb2,statement
60ff249357a458064a984c049011ee2a,main_screen
ffbda5f0747ef1ade974fd8d5c2504c7,statement
69d81a5a9ea78621a6eeeb6cf6651cbf,credit_info
44a7f766e94cf1ac68151083f34c7d06,main_screen
b5423afea04da3a60920ac31047749b7,main_screen
18a13cc4d061554482ddb58077e3072e,main_screen
eb53c7f0aae450a8386cfeecb3c7f8fd,credit_info
fedaa8e9697495d67b69337800c6b4a0,credit_info
0f523bf0c0f95b544d16cc8d196337c9,statement
29a874a68db66ec7acd0975184cdefe2,credit_info
e0a228a1140814a7c19525e22c8392a2,phone_money_transfer
deebe2e9dc83b5429c4569f8b4630ebb,main_screen
3e123dbd80fdf5bd21d0696c62e9cea2,credit_info
815bec4e81bbdf143bdeef6b9a2c0ade,card2card_transfer
510af8059797a844bf46d34af636e3e7,main_screen
3eea1714a54aaed7502b119e48624530,card2card_transfer
20fb842edf0cb5c9d55254640a024cf4,card_recharge
bcb565a1fa7b62c4b2337918e2325dff,main_screen
70a718e0bf732c291511eb753fbea1ca,own_transfer
07291fa24ab83b00df4885042064c319,main_screen
49f36d8de30142f480beb940034529c8,statement
a6abc59daf767dcedb7eec84d310dc64,main_screen
e45bef4d10b3a5ac6cad2f413d39f826,own_transfer
243966e9655deb8c4e423d313de9dc52,statement
8f284560a18330046b2c967a55558af3,mobile_recharge
7297b15dfd91389ecccf73075f57b774,main_screen
eace77cb0be0860f28a2ea15b90e6d5c,main_screen
97ce0ff5ed6e58b148e5bf5cfcac6aec,main_screen
6b8e4fc06eb4ae720da9ea1a3e95de79,card2card_transfer
4a190ed7f4cb30a9095d5b1a4e5d177c,card2card_transfer
db992debcd25fb68373d6a572870c78d,phone_money_transfer
168dd464b9dce6947ff84548dcd0693e,statement
ec4be188c956736fac9603d3269da0db,main_screen
5b11993f748c7cbcecb6088e96e7cbd0,credit_info
db27cf589c89449272c346eb0ce76d4d,main_screen
2a957056b0ed7deea48d046d0d2af53e,main_screen
e1e0d32615e95c50d2ea683ef65d9614,statement
666ce03396be24af1ebaa6b9c35e6ef3,main_screen
68dc46c7f698eda2da051bfed7d50e79,main_screen
02c5af21cf0ff7edb4f6a8bee3709907,mobile_recharge
0c695e29c06f3df7b6a33d256e71aea5,main_screen
058b9d79d8bf8b345215a356c80d6626,main_screen
55cbbbf1406b79552185d9596cd480a8,statement
da30df08a8a869ba6f0150d76110cc5b,main_screen
b98c4b1d9ac2226b25ed92b560ebd8d2,credit_info
339b7e1c229dccb5a2cf8a74f6aa7922,main_screen
cc1aa7450d37b661c677476c7e27ff00,main_screen
c75f93c87752bf18dbfce78f08b3dd04,statement
b3c3289239ed38978f8c078b693f4c97,credit_info
b931ec2615baf0cbb065c5c983ffc4bb,main_screen
403d46d4a70878e64262ca4895d41e9c,main_screen
cb2ee962853ae91704ecd79e112580f9,main_screen
04010760f18d2a7845ac0cec2d9a6f6f,chat
13db6a2a1b4829b3652eb2286c0f3ba7,card_recharge
f56f8ae6cda7877999c62f46c8e59ad7,main_screen
a22108e740b168407792f2c488b7b27b,main_screen
14988fe7ad613e6891972f6ccefccfa6,credit_info
53c7ddfe6b873b853447751d98ae7588,main_screen
ba79a85a7ac5a5d9e46b5c64d87412cc,main_screen
e5d0b7d4f54b5207aab36a082931c124,credit_info
9bbe79abad87fc7de3bf21442fe649e0,main_screen
af63804e0405ca09db2478e2b702eede,statement
6da14653cab74da087081088f9f52b72,main_screen
6a9425c5e0ddb2054a1ddf7a32f4ffba,main_screen
7e58d0c6ad518773c508663d3e5263c6,credit_info
e32f4bb503476b6a14fe78e657738a39,main_screen
ae2aa996272701671792dba86973c428,chat
6dba5d6a0c662d4fa77bf95c6e414a28,credit_info
7e063b00eedc95b3e43dcb81ae938bc6,main_screen
a8e14e3b3458ba0ca9e0b11001fc0073,credit_info
4f167bb5df5e47c6cb1d6df0ba4c5ba3,statement
ad1f53f539dc9ed50430b754e0fd96fe,mobile_recharge
d3a3476bdca79daa37324a9c5383b1d7,main_screen
4c68afdc333635830c41e71d3732ad6c,main_screen
5eb25b6b8ef0e649e9a6f13f2ec270ab,main_screen
e2cd3a49702f92637b489bd85d495d21,chat
173fd389b82fbb079c1ab34a591a06aa,main_screen
96fb6077515293252f820b6ca1fc4abe,statement
b6f464b3a4ac3321c09a6818a22dff40,statement
9eebde137764243633add7f3a3cc7d28,statement
d587516a9446399cceceacf57ec2df12,statement
54477133d4fdc4f4060a492e0e40e51e,main_screen
86f66551000eb7f20a0dd1c637332081,mobile_recharge
48479e2f29418613a2907a12d104c26b,credit_info
9d2677f23079bae69a1ae7b962e4a5a4,statement
1e6fc879118ae711e6401f030adbff06,main_screen
40de77f2a91bd68ca1b2b58342a55a90,main_screen
ee89b35f806f069426de56370774a034,main_screen
5e60ca6dc7e7795cf6b6927972b2231b,main_screen
ebdfa115de7ddcd4e1094efe4032fa81,statement
1d6ea32bace53dafb48ce6a0349ce3bf,main_screen
da3bb2687cad56ff28533f6008d598de,card2card_transfer
7c17e8528560d76343e16bb8ba62f801,own_transfer
9d30c87f931df0349379b2ea3ceef66c,mobile_recharge
6ed54abd1ffc894502b76a0436943dbc,main_screen
73e57c8c8ed8b052b3acb285d43b6ee1,credit_info
09b2f10065c02299fc89f1c7121b1deb,main_screen
d673dd987183f100aaee480d563c268b,main_screen
8e90ba65a29326ae521fc2f527536d40,statement
a98d142afdbe5f06d9ef74d7f591da32,statement
4c94b57bc3cf639dbf568dfe14d0be76,main_screen
9433e773fced2793a1bb533f3647708a,main_screen
1106dddb88361bdd210de31a83e9934a,credit_info
7d75fc02275f4094018ee568143f0570,main_screen
a00be1208fd1328152b6ea084841c3c7,statement
36c5775afe6a5566c676614d98e6a87a,statement
9e644e1d12d112f67cb9fb87b2e1a3dd,main_screen
8f81c4789ee6a4193ca8454a3aff2afa,own_transfer
834e19ba52523b3e3cbbff451d0e870e,main_screen
9e8e8fe996a83a3e4f8254f5d6f86ed8,credit_info
2de64ff9e01447c5369a0056d932c2b9,main_screen
404564e7c8c18f2010015680985b5b69,own_transfer
63919dbe7c6b19a7dac302daa9162b11,main_screen
7e37739c7468825efbf862e6cccc4287,main_screen
f4449ffb4cddfeceebf9ba2cfa314882,main_screen
bef2debc817d39b709096bade6c112f4,statement
40d17ed0383b21182879941e27e0e6ee,credit_info
8b815db7c82d18c33e8db4f1e74f54a5,main_screen
78415c85bf857d33fa773619e6ebb2cf,card_recharge
e6bf751b64e723df1e482c4171450e97,credit_info
858d489fa931d6c6ceb5d6d8dce36d7d,card_recharge
4e44c999dfc537a4cd332c930dbf4763,main_screen
dfb74a169bdf3bdf817ea70bac07f0f7,main_screen
7915258a226c87c974aec97fe67a695f,main_screen
3e2716b85073a31077f8a44faf1fcfb7,main_screen
c4b146abea9acd2f0eb7a36f519164c6,main_screen
111cf098e8f64625f09e81d4e7a3cfd2,own_transfer
9d0b812168503c37b7789557e80686d4,main_screen
b2203675f58e2cbfa0f2eab57c221d33,credit_info
3a79105e1a3d2baf371df06db5e8a759,main_screen
26114975fdc68e74539ea284c27faf9a,own_transfer
45d4ff4a9f0716567653eebe2fd63a30,main_screen
4c196d62c49b754b99bbc5f7736d64a6,card_recharge
48c1d33679516490b518901f16ffe2ec,chat
a00ca2041d99ee4a2e551455dbc5a3e0,main_screen
688835ae46d3a726a20f1f0c72038c58,credit_info
ebc0363840cbda9f54b4dfad93a915f4,own_transfer
f80840ace56a4f51805e6eb916297d9e,credit_info
95a319f0239e8bd73aedf3d2a4742eea,main_screen
77ee5e5d3cc2899dbeab804390e498eb,main_screen
c383616c19865c57ac057cf0df9041e0,main_screen
2e1185f24f0b96b78d6035a06ed1d5c0,main_screen
847c3cb76dbfa2514f5c7a9c655dfe4d,credit_info
532b661f8329c8a26cbbf6dc15f0ebca,mobile_recharge
c501af7439962bef521537ec3feb7a22,credit_info
f5021753896bc38817364a1ae9536184,main_screen
f5f919a11b231e1fc6d8863fb405ea37,card_recharge
e27f9ca2e0377f7887cf7c4b590a456b,chat
295b40891f8672e30492c69eb921c81d,card2card_transfer
127bfe28524b2eded3fdb3b26973de6b,own_transfer
868968d9d6b3bd46ae8c117a9007799e,card_recharge
bf657e41edd52bae7977d597e690f768,credit_info
3fbb16b42dfd8b21c9ca6e778d382566,main_screen
36c18d94b0368bfd174f8574c7e6b775,statement
78a399f20496bf907c3aeb2963b42046,main_screen
99dbc5bebec40b12f1ec2544b624e695,statement
a6df5910c47cc41c8467fb27739b150e,main_screen
86a2c2c9d796efa92315772825f1f542,phone_money_transfer
232d8422f6cbbec3a1de3820305dfcfc,main_screen
ac377a8a98e0af0f1c3d0bdc010983ef,card_recharge
97539f0a60cd3818714d3441fd12cf50,main_screen
a52812dc4d469c5eb6c2ec312e99486d,main_screen
91a6cf44839a73ac113d24bc9025c785,main_screen
835d99f6c60599454659cd25c23aba26,credit_info
fa7e60c2b4555a68bee1c710db121e19,main_screen
424787b9441e95b1f1b690d979f5c05f,main_screen
139a8fd2823db057d440636329b0ee33,statement
4a871d7e711f7ea4a91465b6a4f2e4a5,main_screen
d5c652219982468835630e1e5f693174,main_screen
159d2126ea34de9cbb190f0650cb000a,main_screen
a2570e96219ecf6e0aef1fc01d688734,main_screen
ec432cddb5e40dade33349d35a0cd755,main_screen
88cc0221735eb0c2de51400d0cbbea65,statement
5ae01cb6f792415d3db7283677f99d28,main_screen
f34df3598625e5c3851971ef14b6c006,main_screen
e97216616160c0fce222a6ecd8421bb0,main_screen
d2e3c78a42e6c3575db926ca3923345c,main_screen
0c6c48576fa250a4f32db7b6fdb05b58,main_screen
eb5524435a751ffe6d2bf12508d8f24f,main_screen
0536b82160dc6c187858d18eba380769,main_screen
1d8d87491ddfd34640b5c4a585011e54,card_recharge
65336d55eec97d8e470ed3f11d82d1ba,main_screen
f531c057e540a36ba350702a6ad00f60,main_screen
fa3b1af22974d4b012e93efe7fa7e2cb,statement
f3d592eca66467050c9619a30cbb29ea,statement
a7666abd1a0ca1e941d8ad4571952289,main_screen
fbe629d69e577746bd4a9d7c7c29075f,statement
2a5d15d826cdc1641168d356870c7d6d,statement
d81ce7d80635143665cf58b23c2c6748,card2card_transfer
fc240b6e8945c971f2cbfbf844682c7b,main_screen
8bedb2f4c36d5de823d39c23d05ec644,main_screen
8eeea38a543fe745058e2b2597ba5737,mobile_recharge
8f6c496fcdf25cd02541f3a7ff9fc0eb,credit_info
0b4bd2cb7c822c91bb83e4c221a523bc,main_screen
cdf88a7b4eb6c834a87d5c34a7303772,statement
0185c508e197ba2e4f9215a7e755c961,main_screen
8630ccf8f49ccaa6bba49765595165f6,mobile_recharge
435038bc8788c1a163943a743067970f,main_screen
3b8574e95c0cdec56d20233677c3d41e,main_screen
3c38c28c6efe6dc11728159dac1c2240,statement
c28d3a2cb924a4c65bd6940e3c33bc5c,main_screen
f8887129e75fddf68ed7a120c6fcd7e4,own_transfer
47605de003d6e05243ebecddcb4ef46d,main_screen
57e89ffe66291cdae99c1e8d2dcbd869,main_screen
8cfee7bee94f15d493cd3daf411ce739,statement
1d245e3709a4c48b444b96862d239551,card2card_transfer
14bb4616d409b4952756e506883e0eb5,card_recharge
f2466c8800a0f493f80acd4586a2378f,main_screen
2d1a92ded5ff5e7eaf8a5b20c984ce34,main_screen
dca223c39dd4781c8f796c36eb6c4f79,statement
813919acca522d86a1a3741e0fba7636,main_screen
6a153fcfd5bb695c558f28a5ab074571,own_transfer
bc29b43b461e9c9f3c0b00869a2126c7,mobile_recharge
6f3d4d2bd560d05810f11987da547b3a,phone_money_transfer
586b9b0fbcab4439ffe2730d13e2301a,statement
a5c65b896cb0e318e29ed7f3336ac8e3,phone_money_transfer
94a549fb765ebb320e4d44b0ae3a5c5b,statement
4311f3f610c52e12270c53e97bcbac93,main_screen
517feefa66a1fe3371b2eac871e3392a,main_screen
294ddae6b9d524343c0b44f58e5188e6,chat
51e0aeaa2b5624c92673f151d436d073,main_screen
509598fabf25cc97a805162ce11619d9,phone_money_transfer
651ab98eabfae13410aa0c008fb1cfbd,credit_info
b36106edf6daa4825c5f82c8cf6f978f,main_screen
f0cabc60ed2eb7dda48ccfc1c17be829,main_screen
c77a7c53ef5d9c1160989223767beeee,main_screen
5224ad104a3504d626e4246c01f75a98,main_screen
20e872ab14131f6faee8dc7153bc088e,main_screen
a21934c5c0920f331d491165f8709e7c,main_screen
586e8a95b75af9c8466296bd7f3deb94,main_screen
c2dbceda3b81b8650ad5fbf23b1bdbeb,card2card_transfer
3c83929e46f54b8f54c8f13bf09d0732,chat
6afc3d8085e304e35736d6f941e32684,main_screen
7b3a9eabd7ce15a1147412bddebb4f60,chat
67367a28f4736dbc5ebadd430b192f13,own_transfer
c3a49c616929519d87c977ada44c32c4,statement
36149d79a04a65a1f04d044738d4ee52,credit_info
1514b982da662ad0b3b541e7ea85583a,main_screen
4e705c26284f081dd0a5158f6953bf2c,main_screen
3fff37609d059e7534a45e6ab528745f,main_screen
550853f9829b527070ed860e47a17109,card_recharge
26c0ab9cdee270ee850bc0d8a5d9633a,credit_info
e7a3fe5cbf30490eb3e07579527475dc,card_recharge
14a5dc2e632460ceecc1a8d6d65153ce,main_screen
213622a4a89f5a1910cc465001c7acc7,main_screen
185fb23d8cc281a87528ec6e4c3b4c94,main_screen
1aeaac0fba10c8e0bfb3be6581f9eb82,main_screen
cb9de9943ef829806ea544bbc0d41f2e,credit_info
0d84b71d663d6fea1b24b33233102059,main_screen
b97622c74bb507822403c64499c49154,statement
6d4d0502d005706dc38843a87828fb9e,main_screen
193f4bcceb1232562c1473f524fb7d74,credit_info
f936970618b9d041d3562345f3372f3b,credit_info
d39a5411bf9081d6bac3466cb1ae04a7,main_screen
05f611e2ffe954f5245d5be45ddbb7df,main_screen
1bb36141a972c903b4121e81e0a82664,main_screen
376b6d661664ecd58d09118ab28d0cf0,main_screen
2cbe4c5cf9b8303083605d02eb87e109,statement
48f9e803d81831d595cd03e382881a2c,main_screen
002524be1c64780893dde212d70579c1,statement
5a4baf7cc67dcfff1bd608fdcf180d99,mobile_recharge
74f09c849b4ea375a2e2a027f759ce36,main_screen
d2b974347d0925cb4a49547321699b5b,mobile_recharge
904c0bb45785214c692cba451588c857,credit_info
a7442620c4818797eda5e4c581a15fb7,chat
e7b22e8496968c811afb7af081ce93fb,main_screen
af92b8063bb89805871a27e0cc1f4db9,phone_money_transfer
e94d301329287aa11119b906dfd1c74b,main_screen
c31ebe7abedd05fb57a842df2453b815,main_screen
e79a541a86f4bd71071cb3d8b06c9872,statement
c8205a70d696fc3a14b4265ccec329db,card_recharge
2ec7fd3c4151447639a8ff8e0a352605,mobile_recharge
188f7242981685194bcb72b5f5127c34,main_screen
9dad4ac4b56b4a572a501e80497ffde1,statement
f419e00e31b6d9c502b07038bf893cef,main_screen
6034c7411351c9295547b43cbde93eee,card_recharge
f811e36ed579e6e1a0597153d067dd1d,main_screen
0d29460ba22066c3216bd23d99bec1b9,main_screen
6bf260c8cb5548a603e0fcecd5f5ea08,statement
0e343b10a7071528518083c51724d468,chat
f865d57364677a4189371333a2bd07c6,phone_money_transfer
b1b9525c404cd327fb0231ec45672b06,chat
b1dae87dc70d5fc178453a756e79a298,statement
1a26fa3d9e2016cbb428b1c14f3c4471,card2card_transfer
3cc6afec009cef527ff04c3f766d5e7b,main_screen
60da2cab7523370f0ae87b5e24b93a18,card_recharge
93ed3c4552a391612923e5a920c077c6,statement
5019148a01a992a12a497f061643b85b,credit_info
aae4b21480bacdc1b4832dbd72288703,statement
f1daad51d9bff8c9bb6b89c46476f6c1,mobile_recharge
50717f9d9523fe54d58c1c557be7f172,main_screen
e253dd9201b56fabc85d9a6fc4ee4fa7,main_screen
0dfc637499dba69b6686248c28520346,main_screen
18018515ab2b940b7ab6db89211ab744,main_screen
ac93a4bfc8d55e038917181a87bee942,statement
9b9db7040f6627e2f437e9ec5bcac22d,main_screen
47f022be38f1679d8fb94eadc79809a7,chat
e9348c7ca0ab30d6cdb1d5b26cdbc282,statement
b8d107364fbb14f0322b8f9a8d57d5a8,chat
8bb67573fee1b863b38934dd1a461818,statement
7bf51b513e687d48413cadcacae4dbff,main_screen
ee70b7527d9ab9679e49e8183fa493a2,credit_info
fd45edd076835adf14b0b744d08682a5,chat
d400ad1091b6aa27f403c9c6fa8e8cc5,main_screen
ac344a09e6144332dd27fcdf190206d1,own_transfer
c084426c79c64f44838a73b237ec324f,main_screen
6241e9929491f672b4e924a209466d63,main_screen
85fc1c57f8612e2b7910aeb3a57fd282,card2card_transfer
91ac020759ee11a2abdb24b78114bbca,main_screen
3903f5d6ec012b771434b1a1e4a4bbc1,main_screen
16246a1b64bbce94b0a4986bd3c119d8,own_transfer
3caad3ab143ed18131230c239df0c3c4,main_screen
3f511503ea089286b55717780c8e2978,credit_info
bd800b563a9db60e76203a1730750ce4,main_screen
8261f7112dd897b55a708f93c21ed2c5,statement
feab93d70bc205cfdeb9bfe0487bb7bb,main_screen
13d3a9243b42f81ec6ce074704ccf4fc,main_screen
8480e88c9a32cfe05d2d4b0cb7861178,main_screen
777e67da977b85507d9481ed66895080,statement
e6a90131e26db7731b0c5ad1ba49f92a,chat
ab5dde34be94c3aff96ce4566eba7fc4,statement
3cea30266082adc1fbbce6f55fbbfde6,statement
60791b5d3b5600435fd070631234262a,main_screen
71796f111435718e867ee02d3714055b,statement
396df59628204ef710e35334c0ecc506,main_screen
4c4f8ee57bc8efc66d3cbbb218f18efa,main_screen
4b890bc55aed5ff08efa57c0577b1287,main_screen
1a5547b29f8cfdf1e175c20559a8c746,main_screen
95e33aec2657d05c556174d1d83d75b7,statement
080e6d39c584d26a642c3c5622c9414c,main_screen
6001530c64a1eac64b73512bb1b48c71,statement
b5e8f21ef45158af87c4b0d0357e80ee,main_screen
c007633931f28d5bb3d744631e0782a5,main_screen
b719cbc86d2b42bd9ce99568c16387b1,main_screen
c0d2b611a51a649b1e0e866d317fd8a7,statement
7d31d09ecc167477c1259b7854a71bd2,main_screen
f6e4838791bfb0b082177a8a90143b72,main_screen
53a98b8c90733e2dcb3edbe827505290,phone_money_transfer
51ef9fd0dfb85f004b238d2112929805,statement
0bb4d7e03c69fa1d50742b45b13d4caf,statement
51fac1073c5e3c9610268d58f9e1211d,credit_info
3f0e9133a193843b2c3b10a7b01c2fcf,main_screen
f9f29b8dd25a54d1ed9883b200668596,main_screen
251ba180b33ea193abeb1381d495a69e,statement
e0dcbc5656fddd8909ed6b63ffdcf9f7,chat
2e432ac673a15a3d08aaf9ee068d803e,statement
84375956204a54e41f466d31608c60ce,main_screen
66439a580d6d920b9799b87c5af12ae9,credit_info
43529c4bd7dbfeefd4f6403a547aa994,card_recharge
e53792136d55792cbf2ec097ce840098,main_screen
c4bc9936fa0d33bc7b694f90efd93afa,card2card_transfer
1cb5896b86691056e6d17a743874639b,main_screen
e714989751e02dd69c5e1da07aba2632,statement
c1fb7daa56e1c8d442c3e6ded609010c,main_screen
7877dd76636ae7905f8c0eafe6180c7e,main_screen
e098d20aae63857c3cb97eda15cddb56,main_screen
dffbee559841455dc56b0b9e9ef92918,statement
17e6ee65f46ce6e1e402ffbaadb314c4,credit_info
2e88e5fe26539fba89ad2941decfa964,main_screen
4d1ddbd1608b2b3a58a07c84b034ac81,credit_info
2faf7aadc1d859402f69ab82354993c7,mobile_recharge
e63b934f5d6cb8e225a20e39f52be896,statement
03303d0d1733b3a975385ba9b0698eec,chat
eac3365226208c91f9e4855cb5b2da48,mobile_recharge
3fd1d24d43de5c29c485e9f64c0de287,main_screen
797fdf051e9fc522eafe1dd8fd8e701d,statement
90514d0ebb19fc88132633e366846172,main_screen
9cbb219b67ea299f09d3b55e4f2a31aa,chat
4204bc241b8ef9b178f60d1afebd8d16,credit_info
14e1fb7ff1a8db3a5b3265ed505185ee,main_screen
7ee80f4741afbbc896ee6e7f7e495b17,card_recharge
c8641c3cfef3eebd6835b306bda6eb24,main_screen
549429e0426523cae3715faf83a413f0,credit_info
2a31496b1c1ac83babd0ba76ad24dfa8,main_screen
fa59a71877f37d7eedd31cf4d8603a21,main_screen
f334dcb48f5b283b7e7ba3cd6c60e09c,main_screen
ae1ac02d67447cca1eb82ff9a26f763c,statement
a4901afe77d5fc1322431c0fee405c9d,main_screen
0fe621e0ebfdaa66fc62c56d3b4ad2ed,main_screen
a35f878fe0e9850d6778a36572538bc1,phone_money_transfer
feaf0bfd7c76186b8a9ec0f3f1bbed11,main_screen
1bd3ad727172564e1a65958e50fd6e48,credit_info
dbd15b3ea79c94eb4122809c57762380,main_screen
cf994bf884d9683a12e239a38dfba565,statement
9973f76684338ccabdf3087588d96e89,statement
fc7dddf0266bcc3f7f9cd4858aa9894a,chat
fb4016d87904f04ea9d766de60345817,statement
7942500bf4854547af667cfe684d2c74,own_transfer
6e5ceaa9ce74f310a477b9e1e0afa368,phone_money_transfer
3dafe4e83ff4c8a3a7aa272bfa63d1fb,main_screen
8dc0f4a63ed7c4f972896b457c5ac84d,main_screen
8dfade83ab1d76ec28a0081d5dbf822b,credit_info
0468d2a524172eb0143d7175f98c8cae,credit_info
9a4f9328236a342f53a7e6c47c5db75d,main_screen
e59038991182f00e82fece7382ffd9e8,statement
47351fe25c04f3e54391ed3484659329,chat
ce86c694a7f0cbd420f148dcc94a0ebe,phone_money_transfer
fc2926345d0a414ccddc273ea20c23db,credit_info
c6676aa7d8815c70f13c573a67862b85,main_screen
02d153e1377724dcd7bd354f4f91ca3e,main_screen
28d1f79cae14bf4c2b1104bbee4b99ee,card2card_transfer
6492a63d55b3ca247804a722ee6d3a5d,statement
7494f6e70bfc5fc53578ced8133ab47c,main_screen
ab3777cf4208b4f01a9719218eed2c41,credit_info
c9b592a31cdc0b93c356c8c85cff0216,credit_info
217e52274200fb426f96de0154314cac,main_screen
373f88236f173bc37a16d3c6b73c8ff3,statement
8b88ad13ff90e9ae70791ad302865366,card2card_transfer
1176e8801771394b1ac8cd5f3a4b1a4c,main_screen
74688e226237cac4a834f14808850960,main_screen
0a8f776658afaa1528ccdb0b676fb619,main_screen
372230a393f5fd58815664f4cf978692,own_transfer
245df7df22d76d2b3948d4bab19f8f9d,card2card_transfer
eadd9a88d04013f51a59745fbcd38e22,main_screen
2a6fe6b59610abd53b55614ef4f393bc,main_screen
1102e2851b2d6b89aca7cba9305f3df6,mobile_recharge
e6c9ff7183dfe3e6d85f35404c4b20a4,main_screen
140cff2951b2e52857aa7daf7a1ef31e,own_transfer
70169677d9d75506f7784d91bf94587a,card_recharge
7f65ac4be8a7058e3ba0b3e2ebe4831a,main_screen
eb9010c11d9f7d32715b034d574795f7,main_screen
8766475239e6ac5c3b355f966a98734c,own_transfer
06683d0c1179397ef55ffac1d3d1bf5f,own_transfer
a242c908ffbfb5e770dcd3e92728bbb2,main_screen
ad4c9c4524a060a0253063ba9f129b96,main_screen
a5116a02923c6562f2c962acd1f2d217,main_screen
044670cbc28b0afb6f9237240d33b95f,main_screen
f4577b9802a1c358cd2e63dc37f4f931,main_screen
b82373cbbaa61a15915e33a7c4ad5ad6,main_screen
fbafde58ef8a891cbde0a0444338aeca,phone_money_transfer
41aa42bfaead0d8548833d5afd3517fd,mobile_recharge
8cd5479461dd82cadbe83b33ccfb1c7d,card2card_transfer
a3258e90bc0fe6796bad050b2118eb3c,main_screen
7cb3ad3437ba0ed7e9d338ab938c1e4e,own_transfer
3ad2900c0bfceb926d9baab0445d9b7b,main_screen
d568f530c67db19c8af055266dc8d0a4,credit_info
71f4f3523ee6c784bceb293ab2f245f5,statement
12b32d7267fcda2486d284d5137339a1,own_transfer
4263c3b0e62ccdaec803f06d81998f71,chat
cb867e013d0a5893e494772dd184d8c4,main_screen
116a629b391eb34571a2d2e3ab15dffb,phone_money_transfer
e2d7b8cb96265fce7b3adc93417c328f,statement
9fd26dcd5c8a70693a612a2c9d858d94,statement
8ddee78154b605515cf2a4987decbb68,credit_info
f35215c23581a6fb715b64d279a88966,main_screen
13dbf645cde038b9926c89f8c953167d,credit_info
b9e3ff2318bafb34515a9d525938bb59,main_screen
aa46efb0a580a1819a360f756f5c1a2a,credit_info
5e124f84dca561310b2ae71d82d9a7e8,phone_money_transfer
a741523f6f167c7e803a9b3ae2efee5c,main_screen
6c1501ed2fb9fc2b8a4063cccbb87600,main_screen
7d8d9ccbed3bdb6eb4589a6c2564df90,phone_money_transfer
cbc9e36cdd38bbb769610a95cb3e6081,main_screen
6acf13869774a87140f39de960608794,credit_info
290972a436a56341c4650692bc33122c,credit_info
158bdb451c3ffb18ffbe67d148e3306e,main_screen
ed60857e7838b8f991b452f0cfb0ccbe,credit_info
e563a793285858386f6afed2ed98e297,main_screen
3e03c2c15738eacb4350f8eca8ecca07,main_screen
1a29b42929593b2bf9aa89742d8a35ef,main_screen
25b16c39105be40a14b287e36f99ecfc,main_screen
eae6ef395e9655d6e0c570c88f4a2265,main_screen
ecafb0062ca3966bcb258ff7d7c798ec,chat
06b8e4d3764cd262b9b6e7c74d105364,main_screen
35903838189365e9ea2680933bbc5e44,main_screen
b3556a2ab0e9d59931046245dcad64bd,main_screen
9a59083b1a0dbbe83091d6212f52a3ca,statement
b967da5dda53ced3c4d61f3f17f1a069,main_screen
3414fcc21c340487360d5f951934cb8b,main_screen
e7ccecf23151ca82e912ebda16da46aa,main_screen
f76023f4334eca3e477929d49f24b6c3,credit_info
9195502742c778c2d98a273a5c29228b,credit_info
0c384e1ac6543d9cbea5fdb3a4e603a5,phone_money_transfer
f2a0085fe9d54c24ea0d5724c62efb54,statement
10a9179b7cd27ed546b6e7f742908487,main_screen
7999c6af41f9b9d0dc8e812f752beb66,main_screen
3f596726cd24c1b5197dfaa02cc688bb,invest
b45a4a501ba6df9dcda3bc23279fe3c1,mobile_recharge
6f9c4ca8b6205b7bf3ac89e0657a82ab,main_screen
d518d5e09ad21c5ee62bd9eb27916987,chat
801a467e1fe752351f050a030373b62e,main_screen
94281fe39acc86927a4fffb44c60c1ce,statement
7a09abdd0d6fcda4a90db65ebbe1866b,main_screen
b8f516dc68ac7fa84c242b8d884a2f85,credit_info
8e103ae6ad5a426d6a04d0152ca1aeab,main_screen
eaf43043bfa2016948acc69a7e8352cd,main_screen
bec8b0fec0ceb2d1fd20cb9c5ec6cd6f,statement
8d7d68c9bc01cab19b265718f773168c,mobile_recharge
7db287d1d40c76782d2564f382cb9433,main_screen
e379e4017cf4c06839233d46de29dbf3,own_transfer
de3dd1577db143c70775f07d273f1ee1,credit_info
810040cd565ac4acdc36b3f19cf02fb8,card_recharge
057cbdaa0110218197075a225b0c8ffd,main_screen
4d234a41c57181d35a4c64934d8476d7,main_screen
df98012407bc849aaa9f4ec5f9189e57,credit_info
a084e7824510db6781e13aa57fe84163,chat
074fa539f29634d2a048ade41bcc46d1,statement
203505d4d80020787639e2c1cab31147,main_screen
3769dc93eb4526955e16d52aca922054,card_recharge
d53944e7e2147722053fc0b5a0085030,card2card_transfer
1f019a5e6f17a53ee7bc633d2e61a696,credit_info
4f8fd09e0481e9e03f08f398d70ac3be,main_screen
42dbe17429e8d5c3fcbdcd77d87df41a,main_screen
bf526031d92cf1bfb7da7eaad507b661,main_screen
9915628a9032fa23ea313dfe65d4d1ff,main_screen
340b11b0a95729edc6c7aebccdf9f32e,main_screen
c4771ca913d80ef37457a4240cdcb081,invest
0794fdb26e904b955db45f9117501582,main_screen
fd95aa7a82f5bfcd378857b65e7f3407,chat
eb96ae55e1d06512ba5a5ffd3b91ac86,main_screen
106c1f5ebad72093f5b00c0d000880a9,main_screen
96a8e25d67d4adde22bbf2504f2a8671,statement
267226aa7590f73f62190c1193ac679b,statement
8d180f330c4d6155691cf185ce208f60,main_screen
5061f38b53b7f5b90be99923765b8122,main_screen
8a8d5efa4182ac6521784705c7f47e8a,main_screen
5378d73e30b4c0ad37db290065a0db78,statement
cd1ae7dd023f3d115d0bb10bca95f77f,main_screen
2effcadf36fb6ae0389ea3d69f24e87c,mobile_recharge
4133aeabc1150eeccd9c065b2e5a917b,statement
5741345a4547a0aebdee76aea99d366d,chat
916ffb5bc919161c133f4ab3712d4c82,main_screen
b819f81183404c635ee7f74392f0878b,main_screen
794b2851864faa54963df0bff2675c74,main_screen
5becebd96175c68c097a2c5192c1ca59,statement
f46e499a36fabd6fcc035c9a1c200b77,statement
e9bc493e281f5aca5e26910bfbbf91e1,main_screen
b8975b20960c0e0c4353644225033ec9,main_screen
0ffc612a44dc3afdb4a44913f28a5d0d,main_screen
c88f44e09ea14ea059aee6c9208b8e8e,main_screen
fbdc8c98f69ee03202d1340dd9aedc41,main_screen
05e659e83c478aac80d0661918fff30d,phone_money_transfer
6d0c07ec19cfd4e2d3e88d5d1e4df352,statement
072e0198fe194c1532155b60dafc529a,credit_info
bf0fc9263cf93759e6c5963dc91d0b3a,main_screen
858f757f9747d8ab12228b7fa82c6fd3,main_screen
a115653cf2f2af88b61ff93fc1fe4958,main_screen
955b1c3f30312c55c45c9308f533742d,chat
477f4955c4565496ed87ec69cc27c67d,main_screen
607c843c23354a3be1fa1942136e062f,chat
82a38cc1b5bb06d88925b64131aa9e0e,main_screen
ce59afacbd699e89126210ca2cbe2a37,card2card_transfer
d0c6ce3093407b9a7d2c1ec13e3b315a,card_recharge
817be36c399b3e701c28f532a2de945f,own_transfer
6a79e6b113537d9bbfdd79b660683f48,statement
e812765521d095be003e7fa228429516,main_screen
fb16a002d6146b1e434128e68816ac14,credit_info
d04ad760bf37ffa9d14606d80d1555fe,credit_info
dc4f0ec8bfc7bfa4ae2b3e44806727b3,main_screen
15d6275c2c73168974b9ac6795bb6dda,invest
666f9958d50891784d525582462d6495,main_screen
6a254613b13ffdf43f534d487be145d0,main_screen
1bcfaa81ac484d1ac44d6fbdd578b2a1,card2card_transfer
c2606ddacf419665362bb012a1404c20,phone_money_transfer
8c5c299b8d669fb57dcd32a3e3205cc9,credit_info
4b2b61b0af01b988bf03b8983774d2d2,credit_info
3519533f25489884536f80a1e84c3d50,statement
06c7f9224909a10d8af8d6a95f4b3c41,credit_info
e8b05efdce29228461770266852df48b,main_screen
fb363113d6fa511ba7d67873e2f7afa0,main_screen
5bf2feddf3864adbb6ee5b7ab86a3936,credit_info
96d6e778203d7d7e1a27e4a3a8fd1506,main_screen
e89d41c852b02765157e20e639708bba,statement
e4b9772c5a811e2c2651126a08adab65,main_screen
338cfd0087f310d9d3921cc70ab4e36b,statement
568e4b61ab767f0d2ecc3de0ff008ec2,invest
22b6c183e53a7b7139940dfe09fc3920,mobile_recharge
1f74cb627fe8b68c7551a56f8382ea12,main_screen
0a5cd43b98a8c03988ea393f70b5cbfd,main_screen
7a83c1aa51688712c8ea7c947a9a9df5,main_screen
15eb17a3c11606ad3f79fe2fb400d0de,main_screen
3b02df84a4d5840c6c218925fd233d3d,main_screen
125d6b0b0035c47b32f9bcc4b332f898,credit_info
a373f7c9b846dcc469558e3361de14e7,own_transfer
588c0c231841a44fca723e1f82aeb537,main_screen
1c7e8a09fdd712ec0ae9fe84e232622d,card2card_transfer
ac50f7d9b3ee4ec89294b9708eec45c3,main_screen
d9013f29105d044a1876216503512247,phone_money_transfer
d3c4a0ab9244c361e624a4c0cd791d22,main_screen
baa3086132554bba7355fbbc1b8273cf,main_screen
1291c280ccdf5886a52ffbf4630204a7,own_transfer
2915b3c60b04067c2027aa3fcb354b31,credit_info
22b0d2821918c7b9d7f47d979ac8c744,main_screen
f64eb7655f5e3294825a893071ff2b56,main_screen
54cd98194346028e2dfba4e9f8053958,credit_info
c91583bcf68818a826dca17facea606e,chat
15b9dd406275cdc71e11628388b50a6b,main_screen
cf3a82c0e24609e887ae880a302e72b6,statement
d7b22d11d7655b41d299092399993c41,main_screen
b77b445d57be1d650fd34c9edcfeac9c,card_recharge
b4e26931819cb822b6b9732c399ae19c,card2card_transfer
df5ee8321df1c9ca568449c89c79f69f,main_screen
6a83ab77bb3c8264497471e3c05c0d9a,main_screen
9cb8d90036af03f855259dc319c9434e,phone_money_transfer
02ba12219eca94ae3a038bc30e091ae0,main_screen
bb7321975cf3b8df9634a21c57bf7e13,statement
ca214c56281b34b53618c14f6c7da2c5,main_screen
5b0d9711cec8694e6f6ada05ae5396fc,credit_info
1ca5b6f9614112b7bd3e60e3bdef1b9b,main_screen
3353a34083ae691ce56bb2e45238c6f8,chat
88f5249ae6d761a74fa228e9ed461236,chat
33f1c924a0146028f68c349b10f379a2,statement
aef853db20e84ab50a946f74454e7c4b,main_screen
e2273c4466cb3d137c5a26b07546de84,main_screen
1ef43d5fd660542dda9ad89ec52d23e7,statement
37bc4422034f54ad5550521a20140ec3,main_screen
296c9aa1dcd526fd55a2ee861f49567f,statement
58aceda2d35eb0902071a33d3c8d64c0,main_screen
ec1809ddc209e666f4916c77a89d6cff,main_screen
5d9c7d142041561d2aa88f541cbb419e,statement
74e036c5eb05a4106d89ca6b3da56e72,statement
c07a0ee32e33b3a0607be8ca8816347f,main_screen
0339fc2a368c32d71537efcc05d769a5,credit_info
f96967167a59ee42e4a4e657b42f9208,own_transfer
b7708d9a36bc40048c8383cb7bf86641,main_screen
bdf935c513f867c692e1aa3c72c415f4,credit_info
0fd74573074ce2410916075fb5f79d05,main_screen
ca9b1b5b7e3fc932d4bd973aa2a38b46,main_screen
9fe90ec0a15e8de324559711661484c1,main_screen
f14226a2e9a6f40667f447610388c665,credit_info
c28e7fad6e565523b691edf1e4ae8592,main_screen
6d3130c49701aa113d9a734f192c3e6c,statement
86ab75e94a3aa0ba4c327b984a925f1f,card2card_transfer
701881c2a6fde17d2edfdf401e4da11a,credit_info
0405d7417f70dd3872224c91f415f198,main_screen
8a144bf60d6a55ae375743948866912a,mobile_recharge
958b8370e21041e16eb9b5190d4c1cfe,own_transfer
52baa665a0233ab9528cabaf694bac2a,chat
74b2e55d837b784bd680d23e241b8adf,card_recharge
9305d40b4c42b82f0173f1df24cddf46,chat
35cd311c0dd6f74cd29b89b0aee43853,statement
58f8b084cd4bbfaaf828f41ff33da4df,main_screen
1a4b2ccdb4a748c81e1f695ed5703178,own_transfer
a287cde95f669a1c057cd998e0ca8673,own_transfer
f32f8b45723ef4f8002a1c08c65dfceb,phone_money_transfer
92816781410f4f32d0dc6f2b978c17a3,main_screen
5e28489f1ac2dd28d58bc0edad2ddfad,main_screen
fbb8578e06a4fd6df79104dcbe6a4ab9,credit_info
1b6af861a08155470e1801db3286783d,phone_money_transfer
94905885b3c7c9ac0e331628e0438048,main_screen
ecd30dd07784ecbe432334567b560542,credit_info
bacb5bd22dc582bd080970675bbf12ce,main_screen
a289a25ec448fd9c00d3ccb6ece325b9,main_screen
22330e070fed54984494f7e5b314c7df,invest
eada0176389102103aca6a1bf51263d3,main_screen
4384a7da24b964b7ea863b7b64ce2e72,invest
61a4cf031dc05220df761c4a51aa484e,main_screen
39545686d5fc29990c2e68cc95ac022b,mobile_recharge
72289c415703d903ebe98c2bdc10d668,credit_info
9115453aed0b60d6ee36cf3c5816497f,phone_money_transfer
0ca3c5d71ac0229c7056ecef6fd9c949,main_screen
0eb51d92977806697a344d15ca77050f,main_screen
cc2137b88ba789e182375f07930b9300,main_screen
d939ac683c5aa3ca691af24ca15613f0,main_screen
76ec70ba0f2dc29f3d39afd31f438dc6,main_screen
7cf363fdb8162ecf9b5e4f5017ab9ed3,main_screen
2bc36fea88bbf2d208d4d2b1e2313ba1,own_transfer
a73eb524e18e0cd244db945a3975ba21,main_screen
2ac9904af739b4196fd9f259db2be3d5,credit_info
d6dece80eac6e52bda402ea55f959cf9,card_recharge
7b1838cc856ecd235c5e84f6ad6615c0,main_screen
48c0da5420d04c614a58b710875365bc,statement
7fdfc830fc16bb29f136d720d40ac7fe,phone_money_transfer
0cc31e49c887eb43be379b79768e9df8,main_screen
8f0fe5aab08c5401a1589d5bb3d6064c,main_screen
1a7db93f1e6ce7e66b2a11f578dc8cb4,own_transfer
cd52c3160275830c705acc07f52737e2,credit_info
195aabdde60b107b77e1fba8a811e45d,mobile_recharge
53a430165cbb08da641788627e85a23b,main_screen
6df6b6d64dc791d5cdb4891a7f4bf8c9,main_screen
7747fae65bd62f554c03590b402b40bf,credit_info
7c8b2e686cd9d0b87b9dd536a8677799,own_transfer
623189b4b5de30fa150a80ee3c99edcb,main_screen
7680240e998eeae4d741f3d5f4e2310d,card2card_transfer
5ab0c03b261920cc70bf949bbdc9690f,statement
2a5044fb41c82d72b840833147e70d6e,statement
08fbdae315c40aeebe654a2e9aceabc8,credit_info
4682031a43f3d281f05661d6cd7a2408,statement
d0267f7110e6958d9b4490062b623d33,main_screen
68106ad29d45629cf3ba8543b03506bc,chat
0491b87b7e519029bd3dc986761620c3,main_screen
34fe9a9b8e696cb2bbf77db2a4631be9,main_screen
d7286d3fef18dc91ec7772a79f8cc881,main_screen
6485826a8bf203e19e5ad0316a906c4a,main_screen
5b3affe0750e1bc69e1e061831183bdc,credit_info
00c32568072ed6069a96b6a9483b6d56,main_screen
0d581826bb12ec6a03595c5fe8f18343,statement
fb9d0240ac78f55510affabd86af9a53,main_screen
54a48ab84ff424cb342a4b045408b605,statement
a95d8ed70613bfff7e4aab7b5792d781,statement
30ea459f02213958f04597e3736b2255,main_screen
ae08c39f77c630f37f6b07a1994850a9,main_screen
cad0a64cd64f67ed8894a95f498e524c,main_screen
75c91b69d1ead65fa09b0fc51b873381,credit_info
0b40d052252f1bc51507e7fb7762dd11,statement
4d4b1e0c313ab35195e02682311c4a0a,card_recharge
ed987f3c1f9c4c71ac8231cdc24db42c,main_screen
efacc0dc76e777abf46a6ea65d843cb1,main_screen
1911759b7fe371fa1e8c6b3c9451290d,main_screen
304dfa7d456c69afdf618c774f92980b,chat
0eb6c714fd1cf57560162c9ab3c93d07,main_screen
268de69541ab8c07c4c215a4ad41945a,main_screen
7840b86e552cbc7abd21052110d25392,main_screen
9e13b168b741a2374cfdf8142c91f031,main_screen
8acddc396c3a2e056ae5155ec54c248f,main_screen
16a35e1a00bce93614ad3ac72a6bb771,phone_money_transfer
24dc3a4d2198ffa25b306bf6871200a0,card_recharge
25445e49f89110e798b37fa7290892be,card_recharge
9cccb0672d92de0a7f98fd8f12adbbfb,main_screen
4a1983f448e9e844ff0da7efdee0596e,main_screen
46f029737fd776ccbc2b760b338c58a5,mobile_recharge
68e78660daa157fa2c9c8b48b523739c,credit_info
67fa8b803b91cadf9e503860e5277d0d,mobile_recharge
736b3f4129111e855d044ed4a0a7dab3,statement
a01ee07935a32e256000f177d6356b5e,statement
8753539071762cb1ec9b701488c771b6,main_screen
a15494b1b0550952c4275dea457e1c5d,main_screen
65af226dad8acb5d7861d1e529052ccd,main_screen
a5e6f54700953545c9cefb7f2c669c67,chat
6de0a882c1a9b2443b917b50fc5c5ab5,main_screen
81b2d17e3ea7caa02e63a4297263d5f1,credit_info
6f8efa5580b48599a11091c38bade47c,chat
41654417bf6fde0589d3777c49251230,main_screen
69e18f2ad0272f8197f6e71674164c54,main_screen
3dbef699deef364450739f94c747f50a,main_screen
1e00b90bbd9f5520336ddb37fe71f18c,main_screen
733ff7144a36da1892712c4c2ae7f8f9,chat
4a8d116171f4f6f2db9441a84b6e1531,mobile_recharge
5a0389d26bfa70a70821ea024d4b4818,main_screen
2253822885049805aaf53e446e92f8e5,main_screen
da6d7f32b9e15d757840124d75a1b55f,phone_money_transfer
407371e0816c7143150c7b85a36be8e3,main_screen
5e176785aa2a4f5b9551fdd087ad82bb,credit_info
b0984c77f3d58b3dd943ce11fda82006,main_screen
2ee1d790f5f36a41a0a41e1bcb66acd6,main_screen
8337e2413d381923e41a38f329215057,invest
31278a552c5b4a6dd88201b9c46fa45b,statement
dcdc3208139f66eeb649bedb678a1e44,main_screen
1902311b2cf37cab125d638f1cfe3130,statement
abe46d4b358f59ff46b08c23b8ee6fba,main_screen
a88f915e61d91563d63cc9b29e4378c0,statement
e6d8fc5d89dfdcb19f6d7a8603bce079,statement
f73c83ac7ae67bd0f0ec36529e4786a6,main_screen
c1bcf7384e40c8eb313f98db91cf78b5,main_screen
6efa62538a95cd6af0e3e869cafe78dd,statement
b918159a9d0f1063a59b14fe00242987,main_screen
7e0b5fe75269a5417e1c98af18d8d049,main_screen
dde7a12004fe6f52bd91fefe59cc2012,main_screen
541ebcbf307ed7a993c7f004ade6158d,own_transfer
9dc02f30dc4d3edb15fe23e2482b041d,main_screen
e9a8434e69d1b1f49368c952d74b55cb,credit_info
3696823b1b5b906b9f80d3aa6196f2b3,credit_info
b097547c748aeb278bf3776e72e60552,chat
6438f9e8c8c08f4a0c0398306f71f287,credit_info
9662ee4255e623411d2e0065ed191c02,credit_info
5a68b69dda120f79e41d0c4c0f1256d3,main_screen
7faa0ea3e769d03d76a842d17d08718b,chat
bf1e5e63b8bc01641b879a95cceb5002,main_screen
d8f40b469aecb7e8a8eda3bc4a519537,mobile_recharge
dd76318978bbcccb4e99488b8c761dc4,credit_info
ab555f15bd74ae1018f3448eecb3bd58,main_screen
224ab549b58de52c46d79145be28998e,main_screen
55eee24843c643fed86c14abe4fa8a76,statement
a8b9a2a9c3cba2637bb2ebc4c34548d3,mobile_recharge
7170a9aa2e54700b53be31a0e4d57238,phone_money_transfer
186e692368dc7e41dedf0cd3970073d5,main_screen
99778eeec57c668043a7e056f8e5f238,credit_info
39639bf5a84dffdbb97b77898ae527fc,main_screen
849a83c5d3dce09f6b81a8efe0590274,main_screen
a6e37cbeeb9d945cb467c9f8d5c84c0f,credit_info
5c977077e2cf17a7e801701014afabdc,main_screen
df2ee5191875ad24733b3314988fbeac,card2card_transfer
e7168a304137237b2e38ba8abd99f5ca,main_screen
c784a39ed1fc9407485c8495575c1902,main_screen
afd197ae9bfc97c418d0f4e6eebef7b4,main_screen
6a8c0b38331fd1334c4c0983259a1064,statement
e8bc572b8fe8d1d3b8a49b053d22cf83,card_recharge
eb5783ad733e7e4144d2bc0eb51b4abb,credit_info
72db4c1b04ac7e222417418d29c0f4c8,main_screen
83ae7b947652375c5c89bbebd6f3b890,main_screen
0b66b2372be79572b9d6e665be476a5d,statement
e09218058199c10e1368f66088a53568,main_screen
9a54236c97c47dde5cf3686836c5540f,main_screen
fd0886678ee82321d5f3c33268bf8d89,chat
eaf35a2bdf003755035bcd6f0038e357,credit_info
539a3824a4de295f2a11ac23361f929b,main_screen
e12bcd60939af871e514d14b1fa19da6,statement
30afb2ef5dd938a4cb9c977821529a8d,credit_info
fddda14d78f215119fdcda5b203f45db,credit_info
2e525bf4a1f74e2fe1effc4b9ba95aae,main_screen
f5dc317b39cfb27285befabbca935179,statement
594d14ea4dfc6fb67c75bdd2c6695c07,main_screen
3379635462e8fc8a28c71c5d30b2ec2d,main_screen
3a3ee8b324990ca62b358037e5bd1b1a,statement
8bba55fa1d1e5fde30fa6fcd62c4fe59,chat
089ec4c4868ec0a2ef8292b2ee3c1171,main_screen
1c9f474bcb33258a23c673879365e8e6,main_screen
cea924acc866365781561cdd10ffc42a,main_screen
b8360a6c590c1dde5233ef52b5bc5c14,credit_info
4980f58f438f1aa3df45bedce8e4da43,credit_info
b6469e286ad09cf634b3c18e0158cde8,statement
1ef647e88b1d2b2624f18777a35487fb,main_screen
ff2237b01d42a9f9be02c78f1eed8e4f,main_screen
d33628d0a63780bd30628387982a0d25,mobile_recharge
2e4345975b03157049d3df21977d39ed,statement
42caa1cb406a712ed699b9f182e6eb6f,statement
e78b5a450e1c57b7b41dc54ead5ad612,main_screen
a7dc51815f583faa23329f7dcf4f3164,main_screen
8593c470977fa0b4eef9391548128ccf,statement
e312fd79a06086e7b87880c9015e86d6,chat
7102b04df1df86778a33ef01e0e099d4,main_screen
0b1917c265e1317fa34847ec2eee5862,main_screen
4778f877bb06858c544f5ea9a327e8da,main_screen
fdf7acb5db5dc560caaeca6be685f21d,main_screen
6d83b285652d8cb69d37ccdab10d3eeb,main_screen
47d3697a3b125a2b361d452f3af01c3f,main_screen
2788eb55712a7b205082d35acaa37084,main_screen
4ff6cafdbd7f6b0409deb0c484c8698d,main_screen
6028e11584183197850fc33840f1e079,credit_info
deb028d5d1b82e15aa1330dde1abba7d,invest
e5a026e606227be4ad7186f227959a78,invest
9b1f7cf06c359a9db7e6c2cd00ac64f5,card2card_transfer
de78f886a5a6976571b05b9e30bdd60b,main_screen
7df86b501350f977a72dd0b60df04042,main_screen
39aa62ba234453a48bb711f2ac3db448,statement
ba7cac5f128c49a9667f27f55494fa02,statement
0a69a31e9c4ca2b762138ea589b07a60,main_screen
8526777c1a35b0933c86e30726051660,main_screen
e63440e9eb3c131096014606c5e3ccef,main_screen
d5deb0da0d731129c391922562f750e0,main_screen
8b0062c06c5eeb56363c97a342060fbb,own_transfer
caf820d6e34b05d10c2c2703451b4062,statement
3a98a2471e1f72104a526f7529464514,statement
caf192d1cbf34d31fea0c2c45d6c601e,main_screen
d8d58f3ab8d6c1fa6b1c38c5071054e3,main_screen
b922852f81b8ad97839e2cf5d0164c6f,mobile_recharge
b09833cad219e67d2f5f5e1755647b05,main_screen
413952463e0fd03d3fee5fb115febaa5,main_screen
34f7aaccf022db691a928f912d76117b,statement
cd2dbf3f80f598bc0381be4d6b03afe8,main_screen
f4b13538fedf442feb80435a12c30f60,phone_money_transfer
20ce99bd1c366e0272919a818760e36b,phone_money_transfer
1c4fae50104338bb11a0790891e0a636,credit_info
d70ffc998a4cc4bfa6624a0e327a30fd,main_screen
7c38cd166c075876fd9aede9ee9cb55a,main_screen
a5c982548abc5fc204f431f454f7d288,main_screen
9db3de0b13869ddd4a75b2a0e1d3c445,credit_info
997083a0fd60676979ab69b0b257b9e9,statement
da5dbcdf57a4bad5b4d3f21ac11d2cb4,invest
feb1f2854e72be344c2415475204f263,main_screen
9f75f15a1e1471ec031898c99889ad6a,statement
5458afa44fd27f382c511a0332691764,own_transfer
ac95ad52d980fad8a7fe312200181927,main_screen
12a670048202d206b5146e678d599129,main_screen
e2ce639fd1506dcd5e6e2fa2866f6ba8,main_screen
4bc85848a68bb8f2bfa5e1244c002991,own_transfer
cc422adb5b90643d17b74d04bcc0131b,credit_info
626cd993266dfb86e73ba6add5082155,main_screen
ba90ef3054fdb7f88daec53e56950cb7,chat
f881a31dc84778cab4c6c3b0f5f03fd8,chat
bb24fefc9a34b200b79e6354a2056fce,main_screen
3863a1a8e4543751e0d39a235f7504d4,main_screen
4fb11c0079b3cfff9987ac94f66ed14f,main_screen
1ec50594cbc46c677b112407f0dcd314,credit_info
7934fb086f61ac52f3b89aff5e99229f,main_screen
207fa0a576d3337ddb4dce33d4d993bd,main_screen
47e7ca5c5b5155e37ff09a87b589ad85,statement
395153020679386bcd1bf0a27d355863,main_screen
3081ffad4032c6f57a7edff94ebb9de0,card2card_transfer
362af2c97c542edf4b263993b28fd5ba,main_screen
d1349c2b3d05fbd7f2919ec86a68c50a,main_screen
e5216595952b6fac2a7b531d1dfa9755,own_transfer
12d0d2c96f12e41e1d21d7f1d0fe0999,main_screen
51bb08af11b60d09da318579b6639b1e,phone_money_transfer
8c61ee027a5f26de1177d40164e9f21b,main_screen
e3d393acc49b57a2cec9b2207cae4cc2,main_screen
f159ccb1e64e5276d39a57910f230a3e,main_screen
40949d9f49ee6c90ea7e19c4a5b66594,main_screen
92c61ccac8a2910a14aea8f938d0bae2,credit_info
3897d3a053cd3809a2be9723fe437738,phone_money_transfer
42c899c0123bb705c120ce0e80eb1d54,own_transfer
641d78f022e6a0361a99392d789d8fff,mobile_recharge
d188131035e19cb0aa400013888ec0c8,credit_info
6461890cc51be182fccb336e6f536605,main_screen
c45164d776f6ffeff39132a6d821bf96,own_transfer
ed80168a645846c85bd9af0ca10624a2,main_screen
56939b89249ee9b8482a7c00f990b20c,main_screen
4da22d129a277bb078cf615a895eb569,main_screen
856968cd7a0cbb45670f22a7ba032e76,main_screen
60f19ebe94df546c94c611648ebe6d75,main_screen
aa99ce667ce6bc03da32e0339f2ab909,own_transfer
6750d226efe8e73e1a0b87156d14cd0d,main_screen
01f62d2a86246719935c745d58200372,mobile_recharge
cf03badaaca00fad5174786d2ad6cc70,card2card_transfer
f4238b4bca4f7aba3c99581d9684ac70,credit_info
91cefd61cf4248a6c71ae789a5e41cb6,main_screen
27e9b5a9db89327366443bdc0a9f3700,main_screen
3f0257c14f3a1154929c23d9e8fca88b,mobile_recharge
bdbf3cbe1e8da8518763ee03930d8d57,statement
5a47bdd0d9997b5740b1334a4abc0fa6,statement
6f6aa10d05131d1ef28ba4e346be1ca6,chat
a6f2d7a5cd07c8f242100beeb0c85e2a,main_screen
b0152a9b56edc7925f7a874dab3b512f,main_screen
693b4f817c188322fda8e924c7f8c9d3,main_screen
857ea36666f39bed61960927f3872f74,main_screen
c5efae2348b1de5fae9b013a390718ad,mobile_recharge
64d43742f3df045c71eb7d8a3b1a2f3a,statement
8a75f021c5f2374f345f29dc7f159325,statement
806609f051045adac583d89db83bd0dc,own_transfer
bbb6314fa79f6092466a9301a81304f8,main_screen
a746349196e8646f94cad3e764c3238a,main_screen
46aa2301657b50fdd9499668dec039a4,main_screen
04669929f40ccaeedd2e71282cd5f5da,statement
0d512839bd5985237a780902ee78cb9f,chat
70303fbc78765d51d84b1f0c31f836f2,credit_info
097c41bdf827a910a61398c0313b4eea,main_screen
47115e28ccc79c40fe6f7f57abf4f5ae,statement
d864118cb3f0c449b676f7dc58a72645,credit_info
889cd1144d5d6f1e2f24f0c402108c0f,chat
a0b3932ebaf2e4497782d23574bd41d3,main_screen
eec2006ec61e0d3b87087f2b4f6597bc,main_screen
43cb93cbdfdb1abcbb7c3c3c2cb71574,main_screen
c0124a6bb5dfc735d7248476a6d4e5a1,main_screen
4870698be724fc832557233ee19c422d,main_screen
0244f449468e8ffb52f3b2242caac1b3,main_screen
d9539bef10eb8c5c5abeff5b432f51c6,main_screen
454cabb2e4f6368bbb63f2883c9bb055,main_screen
32c2cc499dfae2bcc5a192ef50da6901,main_screen
26d2262f9f3b0cf7b0fcfecdef1dad2b,credit_info
22a21251664f75f41f08d512fcfdeda1,own_transfer
144f4d3fda81650c32bd8b20f8e00a7f,main_screen
202b79da44605780c50ddbdd868eef89,statement
cb2ed7b0ee8f2088662bc0eec786b4ac,phone_money_transfer
5ba85ccaff31349382256dd3f8139bf0,statement
c7483f55f5cd3141475a0cb926919b12,statement
918a27843eb7b5b8bd1462077bb9cda7,statement
af864d62e33947371744082e8212be65,credit_info
67a03a06785a8dc663821dd4aa80c72c,main_screen
8420ce677c56ced8f7c74c469dd13a28,main_screen
e86e5ad82f1c94deed1684ae99333ae9,mobile_recharge
d5bc08bb4e4434f563a0e37ba45abe0a,main_screen
b5b8b96b3ede5842622cd21c0441b520,main_screen
2ed0ee137ac3c6604a96e3d7e5a55dd0,main_screen
7a1e0755b5c100ea6f87a4f8405c6f34,credit_info
f28f2c5a0cb419506d3c904d661aeb91,credit_info
6da3ca8c46e9cbac7bd1d38f539382e5,main_screen
dc5b90917cc8ff9d925373a3359e0f85,invest
320940cc7f710d57156d163c8f9ef7f8,main_screen
1906206d4b9af1c9ce6c413a773d0113,statement
3122ff16ed92f3c281aba33e72ebb022,main_screen
bf32b57a5f30dec39f99d97054dc5830,credit_info
a86869e004382e3e106e371b742edfd9,main_screen
93cd429edfd675b27e6eee1dab3eb6de,main_screen
f023495ff61ad9ff667dba66cdc531ef,main_screen
0ccaf30c6e016764c3d76fbe00aaa3a9,statement
d2b51929b1f7f73b6af8830690fea9aa,statement
eda2d023381f71bac8ac8c08256c399e,card_recharge
1d2b0d00b944c71a82ec2481b6e9d6f3,credit_info
6b5be1b8d78d9b804315c0fc4ac7d7cc,mobile_recharge
6589eb1bd924a261ecccfbf85b48219f,chat
4f3c55fcde866b4ab6a94b35a5763341,main_screen
96a9c2762652e4219a6cd967d555ef70,own_transfer
1eb5ced0b8bd4ccd7d6d4e737b41fe8a,own_transfer
ebb343370fd030762f11efe69103c79f,main_screen
01f1ebee91e802b72ab0c1b4f57823c3,main_screen
6d4bfc0fb7c3a25997bcf5f26f143bcc,credit_info
94fd4762cda12b93c28766655e9e7084,phone_money_transfer
f7df324eef9c30bd7b112d7f759fe3e0,credit_info
4cb26773fa3001de3b8c3de11e75be01,statement
5bf493886c4db47651644505ae23f1f6,main_screen
dd570c7467c4323ca9797dc96f75e6a4,credit_info
55e65773d1373adb7eb038854c41ac60,main_screen
63381c8575fd0d1065d0b4bf3f19864e,main_screen
a139ff27df12983172ba4443a6882aed,main_screen
a9cbdbee3ec766d605cfc123cb0e492d,own_transfer
6b63068006124f22570ef38f9b4d4138,mobile_recharge
60f1078d81dffb85a5fa2e0eb56d0e0a,own_transfer
3838df5756592e355d138c66e8248974,main_screen
8b68466fad0340c810e999b40566c2b0,main_screen
340991d17c7c6dfbfb70957356473679,card_recharge
f5a762a7bfcbd970a359d60ba39e587e,credit_info
2851f506faeaa60126c23202b76771b6,invest
97db65462b6b90ae36cce64e52647e24,main_screen
2bfc2abbed12c2178f803ad5fdb7d4e9,main_screen
d2a6a9c790eefc15344d91778e93b4ba,own_transfer
ad9b77def109c6ebafd745b6701ec121,main_screen
dd04da52b3658db7df67260090226760,mobile_recharge
17a816d5b82e7cc0501f4fd681c3e47d,main_screen
80409d267b9027528a91f5dbdab47826,credit_info
f06c33b1a4c7664bc26cffb256fdbe79,main_screen
f8f3458041a9b1af2c0ee5ec00b04833,own_transfer
4d1f9369b79160c93d5c90c8c8277e3f,main_screen
ec5c07083534ade9a760567e6128c3db,main_screen
53d359e5dd05a8da22fab01084c910ad,main_screen
356ebf7a4e499fde64a9975e8690291d,main_screen
67e3f2a5a8c5ddb429fc2a612f96b2c1,statement
c8da0b71f1a302f9669546e78314ecc0,credit_info
5611de98384ac6305137ca2a2a1075c1,card2card_transfer
1394be9cec91b07debdc85fbd5065190,card_recharge
78e11f942543271a5e6a6a5a39691d76,main_screen
cb5b3b07526bfed6f76de8e0c728fc76,chat
5f01167bf008fda6e4266f237e2474c5,chat
9ea5ade119047ea7b5794b4620947bdc,main_screen
df8ad1711ce25eeac52b76c1f47ca8e3,main_screen
c14354f21e54df94f8a3ff4246150c35,main_screen
9a5c50cdc202b05f471c321f399f0ce2,main_screen
bd8c591e8339c1fe865f5762ec7b6f97,card2card_transfer
973d9bd5c108fb9f634ef57e6ad38608,mobile_recharge
1520c3f23916024ec0865183295ebdca,credit_info
3e0535cdcc04eb47345bf8a109944ea0,card2card_transfer
50fe99af7bb7319576bc2a14d3466dfa,main_screen
9e0fe054eed6b42dda018823e9300b3e,mobile_recharge
522f63c7bfc1a04572a189061bc1ed73,own_transfer
09666e5df69bc31d820cb400577e38e5,statement
bb83333cc1de6c3ba21535eaff08fbe8,main_screen
078185e09d7c1836b9e99222edd4e553,chat
56cbde6684419f4d5679aea883d04d36,main_screen
82a13eeda31a24c4ba67a6c1f53ae070,credit_info
5d1ab81e5c13bf44510531a2f8b6a536,main_screen
6644ecfd59afe8e26d294597481de2bc,main_screen
467670c14316a8072364a06c5c892a6d,chat
e97797f4d5ae5bb47f86774f781fc4df,credit_info
9377fdcd2a3599966d2215d66a5471ee,statement
70cae4e108f2216776d2bbb5d997362a,mobile_recharge
bbd9e65c4b2f60cf6fbadcb99913a2ac,main_screen
e7b16b79ce90e65e5c9c630ad9d084fb,own_transfer
eacd5a9a24c0db8b0ac7a13636996abf,main_screen
7534684240201207876c0ea1394f44bb,credit_info
412a2f951f7816e31104c05c4874216a,own_transfer
9cb583222e810994f5fd53db521836ad,main_screen
1e9c69d8c096246f5bd368f6e1681f93,main_screen
97fa7ebd6f6783f17d3e0e020a026576,main_screen
3618e35f1ce28e7d07d8050f2ffa3089,mobile_recharge
c6a62cc8cc4c666237300e3505314c70,statement
6b1b5fd88f9031767dcbe54f8be4535c,credit_info
5ef3b4e8afcbae07375783244f0fcbae,credit_info
415e13c4fbd1662687b07f7dcaef1111,main_screen
10f93e65b672b519ce0f9b7d2050980d,main_screen
38ea7648ba2e964e1e871feecf10f560,main_screen
48e63e44352cedc3e308ab180c7e3692,statement
eaf3cac420b8ef45ba0228e1816adc0c,statement
66ff4cdc43b5723a3e85b77e666ea122,credit_info
7460b74832a76183ba7356e62299a645,statement
2f04b79a6dc8317620ed722b04e59325,main_screen
2559e6d4e7f70796a47fb4cbcfa69603,main_screen
69032a4f9c8e08e96aa0e2a64422982e,main_screen
20dd1939400b42e08264c9e2aca14aa7,main_screen
90dd2e7a9e633b6a2a53612d4e731f70,main_screen
a49d4ae3445bcbf903713b529998c508,main_screen
bfb2a8c7d8e21e20b264156318af136e,main_screen
848ee6eccc16482be31f8c5963702f3a,main_screen
ce1817616cdcfe1c801f80af04ce2a26,main_screen
be1a9f95020cc42080864fe824949445,own_transfer
aaf5179db048f1d38fa2df9fcbed4ea3,credit_info
002b3f7f1ea5efb90e0b9e7c4276b3c0,main_screen
b9cebc1e9c5bac6138ea1a9936206322,credit_info
d7492c14cc7f24908d8f003609648125,statement
7e19038593cec11b9cd4577717e9b5df,mobile_recharge
27b3033e24453909e5ec5b8f98b2917e,statement
f17a41701f406acbc8d5500359510da7,credit_info
d83bf5e3c4292be90d766d4b534f8e54,main_screen
e1999a8bf643f8e9a2e27c82e0c838a1,mobile_recharge
0b7816fa0b2908bb1208ba918dfc8706,phone_money_transfer
6e25281bd7fa15e35677d0e5154d1dab,main_screen
e4b3e164511506639125c6e57cac0508,main_screen
98046870482f2939ce846990efa854ed,statement
1a82acc0813babe4a5c77996d08d021e,credit_info
5d12c7e8576c71c1af3e80d4eab6356c,main_screen
46036a358f5b1b089aeb4ddd88fd68d4,card_recharge
3b508a9eed7fcc565c6c8695a7216141,main_screen
e238efba759ecc355d73d6835adced1e,statement
8d707c60deffb0d2602b18e4e7130242,statement
7cc82d36841dde0f031237d8cb5cdfe1,own_transfer
6de7a4327916b6b5af927abe136e4ece,statement
cefee1795d629100b8410e5b928966c9,main_screen
0fca1fb208be615cf005c679882db37f,main_screen
43a0552d18fb4f6ecf5afd297ae1e249,main_screen
b404524d12810f6af3472a0bb5aaae82,chat
2c28679d45afce09e211e72ba9328919,statement
6068f72b314827cdd37564efe9fdaf03,main_screen
647344ebc452ac04d6475a972ba8c80a,credit_info
4c035489e8af379cd1b1ffbb0ef74196,main_screen
e7080ae13017a6063cf8116ff02be7d5,statement
103b516dc8624a4395243b6a4242b820,own_transfer
4ed9b16f583ffbc5ea9262e894395200,main_screen
fcfaa90d9ed75264d2dcad84a99f0f92,credit_info
0011dab5a085273c80be9282b1c0c4de,chat
05efd7bb4e41a5668d896fc6a73a1eaa,main_screen
c3cd1df065a70025eed945fa66713c4a,statement
d0891a739f36377707846fb8839feb28,credit_info
51c1043e3f1cb508fad9b09e361228f6,main_screen
42f2c1f015a5bc39ba41dc218e9d940e,main_screen
187936689f5868c8a3939877099a7c43,main_screen
29e15128461881174bd39547aea20e9f,main_screen
15148cf142eb43c9f26873bf3e09aa39,main_screen
d5964ae8f928ca0d7904ee3832ba69d0,credit_info
3fb88f76094dd535c9cf8ec029fc9ff5,mobile_recharge
e18834e217e0f5bd6e264c5d2536ff76,credit_info
bf43b585327db10b0439a2ff8bf219b6,main_screen
870912d4a0d32e46b9ca3026d121ce4e,statement
b344c67b6049f09f8d66b0813e558ae2,mobile_recharge
cb1f482c3467c7a6d292b2707e8465c3,main_screen
4b4b018883de86221d5c75f07773c19a,main_screen
c36770213b69a857a8205a11d8640b22,statement
7c65aa7a3eb709e4f2f193db62f87ba1,main_screen
baab66cb37d80e102e15afdcbf9fad87,own_transfer
9f6497affb4de5bdc7a516106643d643,main_screen
36b7794a43127c1a55cffe789e5279c9,main_screen
4de62e26dc66d16dd2a2e9ec8983d00a,statement
12eb120a03d491396a79ff8965ffa6ba,main_screen
d2431dcce81b6ad413a4fcb23d9fa57c,credit_info
3e6702d56d7941c98ec111455f0c234e,main_screen
0e8d2e5566978a9764c1a584fe9d13e7,chat
18c50822ec07a629826abbe171706efd,main_screen
e1920269ac0ba22419e7012891bc0978,main_screen
4de9e945b83461c06ddd0c8a2f82c529,own_transfer
71c54b1c8156a43f7d7c420f321bfeca,card_recharge
c43f8655add86deff425079ad9279806,credit_info
d9cba9066029caa6ca60bf389457498f,invest
516a4ca6cca0845d1622699d0de7a5f4,main_screen
a599deb81d63ba1314eea543b123ece0,credit_info
1e279d2f1633b9ffdf4f4b6d784c9c2f,main_screen
432b46d973644ebc063d0d8f0b369eed,main_screen
82ac96dd6cc59ca34349432ca4c9713a,credit_info
8ad4dd9ceb1e20c03057497bbf63aab7,credit_info
4cf05f0e39ea875f8de5ea2314a5546b,main_screen
60b12e8eb02cfeed9e2b51e1d74e29f8,main_screen
1dd6b2f5fad8f062a2ac9cbc591a44cf,statement
34016bd92c4e5229cd7f288e04c7625b,main_screen
7fe6e44501dfc32aa4a597e2f3730270,card_recharge
00fc3e18fc52e722669601befa5217d2,statement
b5820fdf94347f663769d802e8b74879,main_screen
e5f410bc1bc63faa3e01cccc37366930,main_screen
4e22744687a88438de9b407af3532f34,mobile_recharge
0f257344a8bffea93980b7ed12271a53,main_screen
66726704a9cf7703b0c9c9c876c9d9c4,credit_info
5342a2ab0250c74736b43c8ba698a396,own_transfer
e048ec3a9bf83e1b58e4340b96e94f24,chat
9287756d11a98530e24ba30800a03587,main_screen
c12a0bd489ea81b68cb70ec2d82c5b5f,credit_info
9a6028ba752d43764e5d90faed566021,statement
05bdbdb3e8cf2a8a174c6aadb7b0afc3,main_screen
52bb08f6934950caf3754f2c12482886,main_screen
c19034514da2960e59df149ffce37b17,main_screen
538a03518dd50d1b11406e4c77a11728,main_screen
b94a51b6cd2067eaff2d297e1c55ee8f,credit_info
1fa4167db5b7cdba9d8f380603c08474,credit_info
3b2d1b0fb93a748cc81739781d727785,main_screen
5dfe97566f797f6b4dc7ca2940a0a498,credit_info
05690166941dd4cdb2b10868410482a6,main_screen
eb6563285b63ae8650745a5050997a6b,statement
d110c12679afe9d2b6c63fc489d31e03,credit_info
25df2f7e020d1e3988efbedf8f182e99,credit_info
2c54e7288f49794151de14d5b96a621a,main_screen
8c2c67e9734c31eaf59f15edd2f0b6dc,credit_info
056660080fb5f695ce5b4333e8b4c026,main_screen
a6454fc719dd49c7dc1347b424adabac,main_screen
5c47bf8903eecf8fb59e177d055e0977,main_screen
d393d51409415e77f4d8cde0527d0ecc,statement
cc49375914af53710df11203106f2864,card_recharge
0d0f05b1fb242a411f22f98e0e8ee05c,main_screen
b4db465fde61507ea3a624536b809547,chat
677b6b1fbf27f48328905869464cfa0c,statement
805f9b092cbb9dcb6b1ae8ccc49b6384,credit_info
00400a7a23586c99a12711b6ca515b94,credit_info
286c65346ecf19faed676d5eff0dcf2f,main_screen
322fa03fa49df97d3375073eb7eda5ff,chat
3feea10c9b4fb05d0dae932855f8f3b9,main_screen
ba3ae21bba645b8229da37000e0cf11b,main_screen
a82f871efe92c04bdc8cc58d63d5c99f,credit_info
99d310f33439e5717baac0f217795b96,main_screen
bec966edd297a3f1629d6a9b410c881b,main_screen
d31c341d4da081ec88dcacc394761435,main_screen
7c93600d16b7525c58d6c06882dddbd9,main_screen
6fa2dddd12af7a351da451e2dc23586b,main_screen
b5e8d0cc345a5e4e25902c29cc4b8d20,main_screen
0183363864a0d032dc3e35f4b798b731,card_recharge
743011236852e2c46ff96dc8d68bb6db,main_screen
2883e8c9f0d69488ad38d148d5735896,main_screen
dfbcda590a75ff6ea26f5c9af07341a9,statement
74fd41a5c96154cd21408882dbcac479,main_screen
cdbe3249c26a9b1f187f8b166cddd419,main_screen
0431ab3c3af964c583657b51ae26ab6d,mobile_recharge
c697935bfb39a112f82c2d812edfbc27,statement
ced336daf559536d7b5f11d094d6464f,mobile_recharge
3128796e7f2acdb8502ec32187750aa2,main_screen
70f7d20f6b0a80e8dcf18a541ca5f30c,main_screen
2b7c30d60b2335d61052f7f399777722,main_screen
47b33687e64d57cb6b70e650ec99d78d,main_screen
8dee9c99dca3bafd95ba1bdec046f908,main_screen
db427a40567a92ac98d536a2ad750a94,mobile_recharge
ef4a7d4e51c722bd912f96b4518b5735,main_screen
74663486e550b16d4d8239529c7a90de,card_recharge
0d70620ebadeb898c369a2ac3a2ba303,statement
7299e44e5d78e20847bf9eac4872ce6c,main_screen
0a0eaa351c0892a86bb52d433d6e6f24,chat
e917bf2ec4d6aa997932a9b988a6b164,main_screen
a9e02897598150db30376baa383123f7,main_screen
10ded0597a6bc33ca35df01f5519db8d,main_screen
57148edde6fc1f7829404d738eabd149,phone_money_transfer
aa1dbca26ce3a07a3c77cf26d7fe74c8,main_screen
15c7c58e4b3ece3c017b7ff598b613b7,statement
689bbc01476e882b6f82e292706cefde,statement
65be9f13ad10f3ce1aaa406e1a8509ce,main_screen
8a9477bae68b33e1f554368057c6b070,credit_info
21f3a8a5f94561a734b98f7142735de0,phone_money_transfer
70f866f7b86369a68f9b7899d5090695,credit_info
f888f7f1d15f0433f5d1bd38ac5a157e,main_screen
b72550bdb04b3feefc19d415206d2637,chat
cddda60be7c5162d6179f1440577368b,main_screen
962ec6afb426228ad4509a857b970e49,chat
933b63d1cee8c45f63979c805d6c2a4f,card2card_transfer
0652a678e0509562ac3cec93cbb956ef,main_screen
30899005eefe506fd211cf279df3e5b4,main_screen
954c40223ce6393d06053852383ad462,statement
eaf5bcd3aca7455d781c15b3dfaa74d1,main_screen
31acfa4f772020b8a49871a7feea42d8,credit_info
356a051d854512bd31d5e58051b53ad0,main_screen
a3ce932dc18147e357274ff2bf46822e,invest
c8c75cb06787dd66f6e4d46f2ec55395,main_screen
0bc237f428e0db9d398c4be3210c40b0,statement
a5804fcc3c04dfb774ad29dea61370e5,main_screen
1e1b2f44cbbf042244440c2c2f42e19d,chat
c446dfa5faea7df716e7f75ac0b73a23,main_screen
40e29f6ef21fd9bc76738a6f3454aaf0,credit_info
6b7b30f73a45974956a81a4c1693b40f,main_screen
0109101437b8508e63accaaa560259a8,main_screen
a4d628fadcb617f3bbb9641b08259238,card_recharge
b39d2bdb37170b450ccbd2a9840eb6d0,statement
cd5a7c82759627969fb39a8b7961ef62,credit_info
a737030b87b7bc46de4261bac873c3c7,main_screen
6dd74e7662ea2922960445773ee7e31f,own_transfer
42d7bc43b97c558bd352d07e66b30f10,credit_info
b9b07a09ae75c94aee9514a196b61b36,main_screen
3424106ead784c7f551c90c608d580b7,credit_info
c94922d45b56cefece300b943bbde053,main_screen
2f3b9c4482e296317a90cf2fb0e5552e,main_screen
2f7d203318e997063e28b85087ec798f,phone_money_transfer
607c2e6e624d69fa86735d918ce13042,chat
5a3b2a0584ec17c5aaaf4f33f4cd3660,statement
9ba1a1fb3a1b3e0b7f5628617612d655,credit_info
7865b93f649de782e50fdf6abb66e93b,credit_info
bedc70f6c7358a8320e29568f3f4510e,statement
e6988b7c0a6fdf9ed37ff4805b44c7fb,main_screen
24145a12a731724886c59fabf3483182,main_screen
c38c88007c756ab3625668dd9a8dec89,main_screen
4e53373d64f719f5463088db0dc4fac3,main_screen
779f2cd22288fd082307020e52a2ae12,main_screen
264046e548210b44e60f9d0f75859d81,statement
89b45558682acd78dcf6b1e98551e38d,statement
2bda0dbdea157f65097f8984c83dce35,main_screen
5daac97c6c8c40523ce1daaa279c60eb,card_recharge
4475d5cd5a303e9bbaa28a8fb11d65f1,main_screen
1658db1eab9cbccde8065af24bcf0adc,chat
90d475bed4f3a7ef6e4ff86deb0686e8,main_screen
0455960cf790f85c6ad1e6255541d54c,chat
860f34d1c389af17e287367fb878b658,main_screen
4414de4c5979ec26c95c76404915ce56,main_screen
dbc465fa52eb32aa6d1b0dc7d2902082,credit_info
acf638ed984c79d5cee5cc1961f743fd,main_screen
f94707b93177689af6cce54ef0e63a01,main_screen
3059cde9d56dd9e1bd4dd72d5931557a,main_screen
f46ef2258f988a348cbeb409ef934ebc,main_screen
a933aceb08479961ac0da67348837ed9,main_screen
a235d96507388b24931844dbf1de53d8,main_screen
ad96aaff441d809e99b23c669421b78c,main_screen
bca3fca60302416b2d47c4fbb526f5fe,main_screen
d1ec4168749ee84c65cb2a711b43715d,main_screen
21d7383048d3de841d4670208cb88504,credit_info
71301f6e2d099c17a8b1676f25be780b,main_screen
3c8353f985e2cc30be3cc9a42c5cda1f,credit_info
7d5ccbb81c6f73dfa365cedf400901de,main_screen
af90b85e71568ab4da1da2f6cb0844ed,chat
65a6729fbb9c6e4647ebcc36cf08f3ca,main_screen
88bf8ef225067e1ebea7841de1ea66e8,credit_info
bff671a5044e52073b5b55af028eca3a,main_screen
f3a7bf5dbf891191fbcdb43f30086c32,main_screen
0086b92999980ac944b1291c997876b8,phone_money_transfer
cceb9538abc919d3710240511ef724a4,credit_info
1c24dfcc8db563d533caa5423eb2b766,main_screen
44e30302661e03827de31c30b8efdb84,main_screen
cc9798bdf35b18a22f4385038e4298aa,main_screen
064c338802e42989aef3ad5e551c50d9,main_screen
eb17fd4c1d0c4f02bf7812abbeb924c9,main_screen
8510bf360bf3f36d96947203574e71d1,credit_info
82126415dd833abdd2cca3c7e797661f,statement
a7a7ac451d35a649425cd41b509ef9d9,main_screen
31513f511a8868b328ed4609e6c7e4b6,main_screen
21c48f695e7c540d0fcc557bfb6d0001,own_transfer
d5b2d3c9d07bb7f413d7888353db78fe,main_screen
3f6cd27c4d76b65cd160b470c9e257aa,main_screen
287ffde32dd5e771db21f25596223e94,mobile_recharge
53f7c987b7d9d57119cc7066df9acd42,main_screen
7d343b5641ad7247bcda74f66cb77a8b,main_screen
0d80251ac97b7b1604c50171c2e6a83b,chat
b1c489ef29f26b9c5365860322212fe3,mobile_recharge
2654a747833d54e153e847c8c17b0f4f,statement
dd9ee1dcb9f40c0a339e818395d67e38,credit_info
add6688e3e53ea75aa5d2e6ead57e89e,main_screen
4f8b65607ee8251f96d4d7892f14969a,main_screen
477f561e06358599874833a4c7301532,own_transfer
b76e0cb7b3381e737af217b28325f748,main_screen
19ead25b3d7c602bc488f412da950ee5,main_screen
fab3b8882aaacfce6da0f41e2bc283be,main_screen
77b1f3fdec9f9ce06b3154f56718180d,main_screen
ff7885ed97d3414230bf13cd4ea0c84f,main_screen
bea5ae2ce2aae1ddb2c647a0960f67bb,main_screen
b3090180afcec64cd3eceea4a7537d33,main_screen
1e2964f6c50a2e6a6736c7b9fd6722d7,main_screen
f02b137cc8778ec26821a8e9f30fb12d,main_screen
cbc1b7c2818b8c2816c7743763a82807,credit_info
086a06bea6495a7c7312dd79adbd5e8a,main_screen
d34bae010101a5925df98b405670ab71,own_transfer
c559590e410e7d342321e1dd3d0df494,main_screen
a5cde79d21d36033f22d424ed8815791,chat
0f02c8214b9d9f96116f313cb44541e1,main_screen
394abee9d29749bbcea2286ff433eda5,card2card_transfer
47e60dd7ef068185cea22181773204c2,statement
993ad0ca0029b7d434a534bdd0f41ce4,main_screen
521c24a6386debd1f5d06d26fd0a6a19,main_screen
1b3e8b6107f28edc1b81f6fdca759c49,chat
7d517184919c3357018c31e46d2c286f,main_screen
434da3ce76db5972bb9734dc25591c9c,main_screen
4b001c823ae8f61a176e9db710ed43bc,chat
e7a9c03f6d71b3887fd310f66dbdc6a2,mobile_recharge
bc57adf0fc64cac3adfbe6473dc6db7f,main_screen
4d84687524458df8863fef7d9ceb9fd1,credit_info
bb18714116bc5757b0a882eaed7f6978,main_screen
46b6ca6e9b6db26d78b6912c13d4c93c,chat
e820ae42a9725e5bf045b10dd6f5b070,chat
99ad38ac977e6a5ed2b020df4c4b3402,main_screen
fd6b54929a82a6a4fb8a946ee4c13253,chat
546c497ab2aba66d349827844bf1b6f1,main_screen
5bac9c04975d6b68e2377b9024566487,main_screen
c044e153a5df08f23395bee8756ca5e7,main_screen
3b4c0379b90444aad4cc47a63f04ed48,main_screen
0ee682176c6610fd0dcdccceedb34e62,main_screen
5e210d41b2b13ad802e6bf5b73e6170f,main_screen
586f8bd6a144f0e4ac015a7c03004748,main_screen
9a364433865b97ba7bbf99b97d5fb448,main_screen
6d3e36a5c637867c846a8ab7efe3f0de,statement
b0006586c63a89ee9d7c1071680170e4,mobile_recharge
c77e19b8d58e57f8037d8fd54ee4fe4d,main_screen
7461335270a1de7b4a771b73c91fc15b,phone_money_transfer
828d0e4c423b35607d9d496d5328f2c0,main_screen
c26e66ef4038eb7c0ee4490498d3b891,main_screen
f15df9480b28a96ae5a2bafd28345417,credit_info
446e54135b3f50591ca212013ac4e6e1,credit_info
b7248168db718b97fc7ad2b03633062f,main_screen
bd05db32cab277dd5ca106b67e8996a4,own_transfer
3a6599ac22afa1a9ca9a59f3eee86187,chat
0932c666e84d0deed8bcef15a4cbfeae,main_screen
ebed829a1ff63c28cde8a67820689494,statement
2c53474aa7ae6951559195492a8a51a6,main_screen
e2a613a8a0d50876ff41a75df13f92f4,card_recharge
c88d72e68c3ab31a5ff84de9562cf435,credit_info
6de29fd291a901246022a90cd76f253e,main_screen
2cc99435d6398c0bf8f31077a09ab824,main_screen
8705142aea8252a88103e740a746d938,phone_money_transfer
193dd98ab9fda58e07ba11573881466c,card_recharge
1e63d816e2c874535a08f84257c7e84d,mobile_recharge
4d455ac2f41f16d010b9aab28699bc04,main_screen
4658ada9368e20c7e40f2904fccf340a,invest
11c2f76fa6ed42a30e8200ee7d1f70fb,main_screen
46872a1b59a4700f02679a29f37f1259,main_screen
09185aa4604e7b2b4de1c01af510a347,main_screen
13247cad765012a6d3dbf2ca5a0f3d47,main_screen
7cec873133e14598617f20dd279f5b1f,main_screen
c7c046345011740d3c9150c89806d308,statement
065ea824aa4d18bd924d1ef4e9d2bdf0,card_recharge
7f9a0720aa69c025542fea6d72408461,main_screen
710672ff7bc9960778b85391b879972c,main_screen
a46cb50c068fcfb53639555cfae80515,chat
515b20e857e7d95ae61e90b65ab514eb,main_screen
d8680d87f43ffc9220d7fdd9784922fa,main_screen
17995ed23625c7719669225bd32503e1,main_screen
8b885a148ab92f5e27ec65ec8d615541,statement
3c84e8bf1f7db975ff6d575433708f1e,main_screen
38786fa6e3177594211366b1d724b6ab,main_screen
8da3e948aa2f9ff9087d5a2969c950e1,main_screen
80d28c65a824479fdd8dd68ffc32c4af,main_screen
a686345cfc62868e3392e826da3ff630,phone_money_transfer
7504bd5637220c131be4d95c9baade6a,invest
cacbec4b667caaec038ddc113992d311,main_screen
91d569a0445064707184a65bd3e4f38e,main_screen
aefd737f1053ec9ddbc16f617491e3bb,credit_info
83e280dce025733811940c863ce2fbfa,card_recharge
42023a378c9ed7786e4ea8189fac648c,main_screen
dea9b850c3bee5b2c33ac17ad329519d,mobile_recharge
4846e9d106728f18a211f2ff3224d47f,own_transfer
ad3a77709acf13ad925c7041c944dbea,statement
e388200f04a1456e8086c242eab31cf0,main_screen
af57cf1c165a63cb9f9e231c7a71c7d3,main_screen
4bae833abd4a1696bb7c397596e4f7f1,phone_money_transfer
f9f0760ad4c1e46af34ed024adea810c,card_recharge
03ad119c73eeb45c85816b7d1053d1ee,main_screen
4d57555de22348db862c9efca81db3dd,main_screen
54660611c89dddf278f534bddaa4753d,card_recharge
f00f9c83f9616f6b1b41f1d61715b312,statement
a03e4d96763ee75e923cf250312aa7c8,card2card_transfer
9b49e5253f511c29d24067f2ad5a7a7a,main_screen
ec36d2822052ce3a6779c9fe6b92f4b1,main_screen
77e52d62d57f0c618751bf35e95058f1,main_screen
1ef5445ca5c0020705f7cfd814592fa2,credit_info
009f9243f715d8c62b451dabbde29052,main_screen
85a923c33a4a178d1947a3342bdee62f,credit_info
3ebf06d61b0a8f513861d7c70e9d67b7,main_screen
d8a671578e7e8f477edf062f5c1eaa27,own_transfer
25937210bd0e31142143dbcd69edf1c2,main_screen
358598ab2c5268242db37cdd993eae9e,main_screen
7d0160d265c95f8b34cf7f41617d4839,chat
bf7fa3313f75c51b792e0405e082581f,main_screen
14f18fa96eb1652fb392854f837681ec,statement
d24310e0c9a3eb747760758236211a3a,main_screen
befc7b83da10525011dcc044b50cf073,main_screen
f175db69f21685b59181332846fd47f7,own_transfer
55a768d915ea5c6a2e952379655cf1c6,credit_info
fb2266a24f10987c47b0051e844ad2a3,main_screen
e82fd0409af49740d563244be5eb2c2b,main_screen
d7bdf6a6a3318329b9ccca41a129c466,main_screen
fcec8c2782c5a8303e7b4a34cf99c1d1,main_screen
ce13ae2e69e3b0b04aa36627ad6edfe3,main_screen
772b0f76eba767bf066d7b58f1d94602,card2card_transfer
2468f355b76df4e9974b698a1bed2ebc,chat
827380468d8f24c3a3b21fddc67fae45,phone_money_transfer
cf294d9eb8d4c924b928378ae9c6d298,main_screen
e54078b2ff81e373edafbe30784ddaff,main_screen
76152c1d3a2450481f34b7bc4f58e703,credit_info
813ad69e96f3885ff561e7cfa3bfed19,statement
f34a2e98a753a1a1f016a610d197d2ac,chat
f86aedba6efc7b6bc04e023f8152709d,credit_info
3b220316ee872c6625c591624e1db00a,main_screen
1bccef93a1841116cca9846dc320b310,main_screen
67a5f6370bf09b4d7641dce77559ac7a,main_screen
ced2c8c84236e0abbd82f98ed6b48f4b,credit_info
a0a7f886c64519dd2c9fe45926196663,credit_info
61f9599c1e8605f5df8160a367aba1fd,main_screen
d9724575eca45de865994e9f4c5c4a63,statement
02460096cadfb952dc08bf3297aef414,main_screen
69e54507885cc875cd21d17e60fe1b2e,card_recharge
5d06d1576e4cd59d7c9574ae7e81a621,main_screen
2e86eaf4872546841af77201437897b7,main_screen
fd3eed16b43e64a84b5570c8151b681f,mobile_recharge
233b67cea8d1c08ad129ae63f767a590,main_screen
1202c837503e1be03d7dd7ef50e5791a,main_screen
5fa6bed1ca4288de87da0092f59ec8bd,credit_info
6136d178d19ab848d71765fc19017832,main_screen
0116fdf3e932cf3c6457362b4fbf5900,main_screen
18529aefa782c073e49dce6bebefe8bf,credit_info
e1a085ad4c38af9fb19021922f39a401,credit_info
4023ca89b6c0868045606457e996e901,chat
c7b3f28a1e01cf6b679c9185694e5c04,main_screen
834141bf24a0401a41b78c193891e84c,main_screen
f8e02308fb4a229b0d2c4ed5873fccab,main_screen
222d62ff139ff155cf08d4318a0b9acb,main_screen
59d7aa96c0acb9469e35f56a5c77d464,credit_info
d3f8c0af5846b84072bd97e8229b87b1,credit_info
f874208f1cb6a90f78a456dedb55446f,main_screen
5d08e636d055b855044c9e1549c05dcc,statement
5adeeaac3a76e0af1e05ff5f2ff92f6a,statement
45ddb2b2f04d73d75bc568eee5f87587,card2card_transfer
407c6d5ad035a9726fa4779b2bf58c97,main_screen
22db61040e9dae018fd3e26d9d27f68c,main_screen
3f1fbc3e19175e2ef0b20fdae28e2df2,main_screen
2575408a97e7e8c28f3b288d0f9456f5,main_screen
1b79c7672115e148d36e52e0d564592e,credit_info
1b0075119c5693581cc223f9deaaae65,main_screen
bb627c6237e2c750d9d1ee9bb2dfd2fd,main_screen
5b0264216072399dbef35ad2bf134620,main_screen
a5bc4319bfc034f9730c6d800797f205,main_screen
229f8c6134d4306511df1a8ad37f315a,credit_info
6f3684c724f17c2e0f355390e0018c87,statement
8ee487f010d6af5da3414b4700463628,main_screen
9602a8f98f68e22357980bc78a9d94f2,main_screen
305b837cffdc71a3a5df95263bed05e3,main_screen
444f8fea452e07c179169b54cfa3a2c9,main_screen
69054b2527bea05c353b2bca44323473,chat
b824731c64df7b458318edabd8beeb78,main_screen
5ac4c7aa18cfaf87b9db47283ac07127,statement
d81296fb5717a39d8d2a1f46d4287ad2,main_screen
ca51215d53d24973b2ec50c8f9e9e4f7,main_screen
5531520cd273e14f63d5cea4625ea990,main_screen
dbc35ec4c6bad652b62f712bb932b329,main_screen
20fc204897e01f7b5fbe2d4e07844805,main_screen
473de01a64ffec08baa2d9a4b759b039,phone_money_transfer
efeb2fe67f41e34b43c189f1a5f45959,credit_info
4e3e75aa8a01f2fe38fdc2f72d96b6d5,main_screen
23983bcbabced9a97880cb55b6f4d466,main_screen
74e18ef8266d632a21d9cdee4f88337d,main_screen
dee70c3fa73660d67cb71652106322e2,main_screen
67659c3e3ca42a973252f9a4b111929d,card_recharge
a862591d383307fd10faf84320bc7251,chat
0179fab3308e8dd44322df58240d7733,credit_info
2a2340eea26ce65fa0f68f8d9f759038,main_screen
6a54229a9e1302c807e6aab8ae9e07b2,chat
4e29ff94cbf4656ca7528178d39e497a,phone_money_transfer
e2577e0535974599e180e810c1f5df22,statement
5aff49a75eb0257b64c7535773e85a5e,card_recharge
46d03666a5170657e0ee3a4dcadb7e1a,credit_info
d7acbcbfe72823d839c7d945abcc8b0b,main_screen
216a69c8eb8ee2866b9afe04cc843fe3,chat
b1e6d78e3c9ec3970471b55f2c0162c9,credit_info
75f62c9e2e25accc743209d297ef0326,statement
88ec631fb68981b62b01f6dcc56a559a,card2card_transfer
8e791c067f54dcd0d2d92cbece0dd08c,card_recharge
b796cb1c62562fd52e0025b3956ab549,card_recharge
055d5a00aa8a0366c9dd5d7c0a14b398,main_screen
9e68cd6551d1db4347fd6e59f3ea39bd,statement
136a009c18a963067f58f02f9c53d5d9,credit_info
97a31cfe0372a8ffb6d2c3c9c943b530,main_screen
bd032ae501ffdea270bd7e7c399941b8,main_screen
6a4d3eb428add74d493a7b9c222d482a,card_recharge
c07503148b1d91298753c44d013f16f5,main_screen
d42800eff87baf472b600aabc7751fe4,credit_info
24caf6d766af3073e3eb1f77bdafe09f,statement
80b6ba94a2cd9d67a73566a2f0480d23,credit_info
f3b8b1f6efc7995be571cbd381cff1ba,invest
dc233fcb9c94e5a724c29abc45ab8298,card_recharge
4f049fda22625a0cc8ee16d0b21a8dba,main_screen
24e72974058190c94e5e748293120a2b,card_recharge
46e0c9db6595809d48dc79a065a85ca2,main_screen
472807d5af95e9b3c2acbfb34c7da495,main_screen
5fe25c1fd00454efd09392a85f1e565e,own_transfer
e7ec72257e2f079a014c65059ee88859,main_screen
dfa9fdc799021df8702ecc526118e121,statement
4c5d3423ecebe1d021bdfa5e19c6666b,credit_info
10523afd236c445c6e7ba8f3ab4fb9c6,main_screen
e42bafb88ca96102c068e2e5803c511e,credit_info
842cddb031563eb7d2d3aafbd67ea1cb,statement
31362335dfcff9c7c1c708d45b154af0,statement
7aded94702b70bfc9b97838d738a9a39,main_screen
8dacc588f657956fc47e2f9df8e3093c,main_screen
53b008d9873575be819543f454f9f7d5,main_screen
a00b78b6647961c7e0a8f2aee7d40039,statement
db3ebb510cccd326aa24542a40d20f50,card2card_transfer
a642160bc04e44cc6e431ad11bdfbfa2,phone_money_transfer
bfdfbd8827d03c82ab359b7c1a491e04,statement
f9ca82bf7bf6468031803f7637507e98,main_screen
c94373e5e03210af21e55512aeb9a144,statement
46d1cf89907fff41f01607ba252c3625,main_screen
654899679a8bfc98e2b5a9e9273e54cb,main_screen
3da63a8949041645f1fb8ab4d1b93d78,statement
3c00a209d7a80d321b3699ab342ac381,credit_info
e9bd1c11dfe89a4cdec9e5a35257003c,statement
50f6d7f3f96ab2610919d0825bbb92c6,credit_info
d922584e414939600b69e923eaf438fb,statement
d5cb94196c28fb7f161697f9ec4277a5,main_screen
f8aea27080e9974d0ec8eeede4398d9d,main_screen
dba0eca23568ca149d9844d980bd7d98,statement
0a1c54f6edb45554b78b0a618f2a26bd,credit_info
20b521456e51d36287b524e65d45f2da,credit_info
447c65eab6228f6cf7245210dda89f42,main_screen
f0573d567c57c5ca6478757cb591b84a,main_screen
7acecf026185aae2dc7e1eef85bc3777,statement
f60cfd2f50b53cae96395dc1958b7cc2,main_screen
32b27fba4af344537c57d69968749c64,statement
784b35b949afb18fd623fbf4996936f1,main_screen
7514530c5b237b3585c1d79d223a2842,mobile_recharge
756746183544f12d9e0fc2fd7b3b2659,credit_info
d23a235f6bbec221bf819f31745a45f2,statement
a1963f0e3970ab50f340a1e88995e0b1,main_screen
5e62b57548aa707a373d170b166f8a78,chat
3c7850d1a28a3f15546b091453bdd197,main_screen
fecb816a738ec1d1874bd3a007699b96,main_screen
d640422957819977910380d8730317a8,statement
637f14a7f91502c417e9271348cfba6b,main_screen
c89ceb6a1360ecd1f3d600d22d159a2b,main_screen
a83a345193a04b8af88ca5c0af9ba8e2,credit_info
84214d7939fccea8c1f1347c71a26518,main_screen
51d774bd567a9a0216d74b2f1d678b8a,statement
af2af7950ee25fef5c43503cdd448120,main_screen
9b8b12c9cf9cf2c442eb05b95c91285a,credit_info
49f85277133c7760184337b9b1670333,main_screen
13dbe0ea2f9de63d4d1f484130a2739f,main_screen
395ae64eff612a21f8149e8da4b0ac57,own_transfer
11d872cbf38fbea0245430f1d028a4a2,credit_info
f1d3cecedf2bb5848a06ea674542d746,mobile_recharge
59a175c7ea9c9f0f330cc9d328b679e6,chat
87cbeacca732dad7db0a1ed868a53703,main_screen
511122426cd2702cbcae06f08d89027a,statement
b8a0ed30ce6e39bef58d30336c9f8105,main_screen
e4ee8dd774c6d237b11dd837cc5fca38,own_transfer
3edc16b342705d8cdcc7aa222a3efd88,card2card_transfer
62960913ec9700cf38a638cac6923c0d,main_screen
782e0e188ea51b81d250d43194ff3dab,statement
511c008048cbe5d05749cc881eced495,mobile_recharge
4e493f60bf7a1a4dc3c9ce5a7735123a,card2card_transfer
ac3fdbeba6409c9c73a386628d52a05f,main_screen
593686d09e5f3f4a040cdf367635e26f,statement
d8ca9ff461faf5772b8250556cd1e270,credit_info
8d3bd075b1441a0d33acc11b0b8eead8,credit_info
aff675b1fd6e729cefee737de2a6a5a9,credit_info
838418daf5033874d9f0f2ae54c48bb1,main_screen
5deed3f33d28cdda4c453ed744e36573,statement
85b69e49f891754a9adabb35686a973c,invest
d06a2a47b32641447edbc4547bbaf91f,statement
f57b60a705c9a47156a9124d8165a1b3,own_transfer
a6d39f9af3039df13306dcc1e3ecbc4e,card_recharge
32b1dc9d061a7542c9c65cf440bf68d1,mobile_recharge
cfc7a66f91cd2e3cd18aec0e44728cc8,card2card_transfer
acf23cc1864e1a10851bbe4d3f9b731c,chat
50915eb515f54b661fde1788a3da89af,main_screen
93bc0a8d5b492e3dfe6e5c28ba63eb2a,statement
7950d4cb5df1255f2a31daa815eed9dc,main_screen
2a558e79564a60f132581d8fbcdaaa1c,phone_money_transfer
0ee6d357932ab7b76b6dded580eed7b5,main_screen
a0b1bd51ef1eb8591709c48a38a49ea0,main_screen
3cb937213fd8d1bc21574cfd5f96632b,card2card_transfer
36bd21d44654d0062a4707531a923b08,statement
c1c6c2fa59973caa66ec19c8860efd8b,main_screen
f5f54bcdb1453bca97030ef4f29cc997,card2card_transfer
2d53fb5c3c7a98b12541ed1d6a0a5ccf,main_screen
7008629fa0c1a63e4f670a49a3e2222b,chat
bbab1679e728c6edbb0aebde02038c60,main_screen
9599cfa7253876cdb7da3617bc8f0f4b,main_screen
2545e72558f77051c97673732def1cb7,main_screen
62dfb5c79f59b643298e7d950e80dfe8,card2card_transfer
55138951fe6bdca1efc04cfea4802019,credit_info
7dee8f7fa9f1074d5fec6ea157d21fa1,card_recharge
943435aba2c3a41da7166f192a701bec,card_recharge
4ff362d141835b04dcfd3f0a6c3e3a2d,card_recharge
8b2a7015b2cc5455f9c037641a690fd9,phone_money_transfer
ab8a8a7e2ad36f3930cc31b50128ec8f,credit_info
be061b7fe69de7ae5cfa511e4d3feb66,invest
b0a523cc05bbb9e27239e675d933b521,main_screen
edb99d28e985df2f582da01d3ab7f16a,statement
eb0464918d26aedeaebe7fafd01b687a,chat
9c55b34031fc2344e9a94501ddc50fd0,statement
287d4f9ba088ba576bfe36ba034defa1,main_screen
42d22e19721bfde20ca9cccf406a5ca9,main_screen
cfff3589a24c611bf235e7ca4fc77250,statement
c47147bf62a091ef5cff302ecc58c65e,main_screen
4a98de9593fc69ccbad57c394ef49a1b,main_screen
c5349389d6498e576c0619a02f88f460,main_screen
34cf3a622e6b82213ee04a18fc8488d9,phone_money_transfer
cee7685d2ffa7d38a22d5f51325f96aa,main_screen
f044acaf7132448bd59cbdbf92940793,mobile_recharge
06d908055ee9921207b3b1a3eb397c4e,mobile_recharge
49aa675cea0c8670fbe64421f371accf,own_transfer
6e3a074f6cabd1b787ec09bc92ec4e6c,own_transfer
d6710d0d07b92108613f457b4589cccd,main_screen
26d0288eb8ee74f35d69aae0b78e81ad,chat
5964ea3bdae93a500ca7f47faeec80a8,statement
b99473833312a65927aca58628c59204,chat
25d889140629c9b98224bd4c37e4e585,main_screen
85d7f6cf5070ba9e3986abd7132952e5,credit_info
81d2b297ab5b8e4b94f2f4ed907e8927,chat
fdba499104e5bb2760d521c089f1340b,main_screen
a6a16a21a08f96a16a189de58a70bdbf,statement
5d6ce3d4afb758b0a2bd75a73ba76d80,card2card_transfer
f417c46258d1bc6443b704e40b2e5726,main_screen
05b679cb4ca567a5783e2605deaf299b,phone_money_transfer
4e0dd9fcab8823d01ef94774caf66079,main_screen
e2303ab84c6ce3e16cb2761f5986b886,main_screen
d7a82145d502e42b7d70c17a27e2c2cb,main_screen
a6055d2607b144dca28478f4f33eb9eb,statement
eecc5752605ae3b5722def96a4b3165a,mobile_recharge
7cf9221322a0e2fdefb1b998b8f2ab29,card2card_transfer
b572fe938ac6444824a76f054ca7ee89,credit_info
cb2b89bfa5a3d1b26aa1fb3f02e33bfa,statement
9ebe2b7655fd5243bae5feae639be866,statement
28918ea9d0e8312fd9900af774ed60eb,chat
1e300abfaaa828d40c2af17abee4c876,card_recharge
b9258ba9a942ae500975c15ce9375148,main_screen
bd9e310c316477a254d76725bbe24be6,main_screen
4492667df79d2b065dba6568e6391e90,card2card_transfer
75534d5db05448fb6c74ee7676d86cd6,main_screen
f60b5c7999c47335904e5b0fbe9ec447,main_screen
9967183974e65e7339622e3171becc1d,credit_info
fb6e8151bdcdc29828be9f09060c4128,invest
2f0be49ce151b79dfb5131ea1c6d2619,mobile_recharge
eb55af57489b2fc8b98a4175dd3552e4,main_screen
f65d533f27a87d7710a32712d17bcda5,main_screen
2ed266e16e2b20eef6096df9cdb34195,main_screen
09d2c304e48a2e344189b268c097a80e,own_transfer
e02fed6d42c1a5740c3b2fa00994ba82,main_screen
acd0cc0582a5e4a5bc3c422f0d8e6a39,card2card_transfer
44a7d8c628b3cccc3f6e5e0b787fbcd2,main_screen
a70862d79498897ab7e75aa6f394f77b,main_screen
8cec4e38a0ece618fc3ddc96a8dffe79,credit_info
dc3b5b972bbb4b7842d34f2a19f438ba,main_screen
5506d0221811aa22d37e804a34933a8b,credit_info
2a63711e73cd9223b1005d17e0563e48,main_screen
3fd998c002f083fd9daeaa6785f96c02,statement
943a9a15c2d40c45dd6aca90b2567946,statement
5df59319c3fa3f1f73bc29992f1072c4,main_screen
a58e0903f32363a7b9d47480803310dc,credit_info
20a0c7addeb36de820df7327dcfac7a7,main_screen
e6d274404d312eeb70b07377d3d8f9dc,phone_money_transfer
0b6fd4daee1ce31f2b773b370fc4d664,statement
0291a8121e0db93993383e6a174e6c43,mobile_recharge
eb90469b91e22f5ba12986acd873def9,statement
799b3b5de270d412b6314f68a622a107,mobile_recharge
6f0e867cfacc57d98b0d0cf82f8c6e7b,main_screen
1b0b81ebe91e3680ecc1b36e7ca61849,main_screen
f9e4a4e0179e2c292a4026cdf715c308,main_screen
83030ae5eb26e9281fd6527632b4d985,main_screen
e80145f6fd676acd3da19d59e39c5379,main_screen
d59e4c7571de928d191808c16e4b8874,main_screen
771f3111772b0fc649458301578796a7,credit_info
21545057b1252bc4a76d5bc60402ca95,statement
643e5097c8ea18d7130c1993d211913e,main_screen
0231274377d7e4482fc80891f2a71b1e,phone_money_transfer
565cac50ea238e4fb554e67f311add38,main_screen
2ead16f7497efe250bc409b2d1a190e8,main_screen
006478dcc105b76e2575d292d77d3d36,main_screen
075e6f3585ca2cba41d906975dadb8c6,card_recharge
f294207e210500512891aa3ec02a8bb1,main_screen
16ad1458d97146758329e581023d87ad,own_transfer
ee89d202a560d0519313044de074a65a,credit_info
fd9a8b79562bb53872e32c14405f0d69,main_screen
764e4ef803bd3e8cfc6e5fe894c3586f,chat
188c3234be97ac6ec896cb90295040de,credit_info
01f17a87fbbaa8ffdcb5f8d5cb374cef,main_screen
84dece39280205f50055ea85f9d21bac,main_screen
eebd95ed9dcdddcbc11962730dc76757,main_screen
a49da4bf90d6f66c8ffba1410092ee88,own_transfer
38880730a2ada352a868e5ecbe2e1816,main_screen
7b7eb0a981a82278e6b5aba3b73fbb8c,statement
276c51f1f69c175c48a832b0aeef7ce6,card_recharge
ca5590a1d9828b1bacb19b3641dcedbd,main_screen
2fb7dfe4b44a1e0e07f47fc4a8576d92,chat
a06a6fe300aafd68a6b4c8907fc8bf16,credit_info
ab36715440eba611c1af31c3866a9a48,credit_info
db8655629ff897c73017612ab9b619ad,main_screen
9d3bbed9f557a3e5297eeaed7130d3d0,statement
157d9821955bb3c5e57d1323dcff590f,mobile_recharge
3125e5bfd4cfad7efb60a6b99e83f79e,main_screen
f9ec4cf2c719c55180f250b128ca78a8,main_screen
17fd6fbc6fcacabf361c55ae0475a59e,main_screen
bdc5b42f534a487e2548105674774e75,card2card_transfer
f626d4f287aaf9642e263538d59d2f09,own_transfer
c09989a071b33a0941a0b27a64627fde,main_screen
d14599377a1f60d906ea64b7da82f899,main_screen
72d3ad59122e54486424328e0389f113,own_transfer
dfc193c33f2445eefd18f71e186ac51d,own_transfer
8de6dd484388080f10e12ea04edffb40,main_screen
7d2947c1fef2c7e59ca3e48c1f2fcf39,main_screen
ed54bd1e4740201636b65c7b02b6637d,credit_info
d567771d52946b503cde9eb5d0b2c2cf,credit_info
7c934ca2dc82c71a411a8c729b2762e9,main_screen
e328c09d8f3c527d6315c10656f30a57,credit_info
6eab659bbfe76f366c2b82746f8474ce,main_screen
abd91031b6a8b8b6ae80ddf2e18c9ce2,credit_info
6773d469710e9f72b2907a6e535e1752,main_screen
6bd560cf7c632b4b0ee984200cb758a0,statement
4865ce7644561aa95e291ecba01dc230,invest
616446a9a87612bfd36c2bd8a6fa9b6b,statement
725199278fa975350c18513ee1d19fd8,chat
899af6684346501f3c449ca45df535e4,main_screen
78f13c03e49df485099d9b2c3e6ab42e,main_screen
b0d150198bbc2cf57d25c1a56ec30a4f,main_screen
37459480905cbcdc2ad5270adfe471b4,main_screen
7ebde18c136e789a1ec04b988d737cb2,main_screen
46c00fda9418ec229de6ec30e5295e8e,credit_info
c5fb2abed886dcd4fe19015158bd4646,main_screen
634403c1ae112ed0c7ea0bfa81693777,credit_info
10829423dbab376a0e0eeed366b07f68,statement
4b4c4b8b6cbd805d2079f5a3aafde5f6,credit_info
82cff836c439c24837c23759f730b97f,own_transfer
82ca3cdc2fb3c3cc865483fa4995da70,main_screen
864e6483575fbce217debc1c022229ea,main_screen
b400aa6ff2ffe8c41970a98f145f3cb9,main_screen
b7101d90fd71c3cbb245a58b94a2c751,main_screen
fc7742f06fb2f18844d39e9f474811cc,statement
ecf84fc8c6648636ad34fe2fb5385faf,main_screen
849a96283b36e1ebbc2ff507723431de,card2card_transfer
c0bc86e34f7042fc49250df3b1b9602d,main_screen
b829a9414aec6676c05d27838e0493e4,main_screen
ecbcfafec727d888c6291228bd96ee93,main_screen
ddf304b345fd8357b9f40b20c62f5999,main_screen
13d4955f76eb2b5144ca3fe87a16392a,statement
708fc64c07bad5d7bef543901d143b62,credit_info
3758eb1f7bf1305b842c79c92a700340,main_screen
ef60d5cef1031e3fcdddb455b2df388f,main_screen
e876faf217b8ddca913811a8e7b807e9,main_screen
f39a27190487a51491672bad7a3ba196,credit_info
e233589c64a82112959c34be3f3f15c3,main_screen
8ff96964672173e36862b66a7ac4e751,card_recharge
448d83177f110ebc22b0e6edf74be08b,main_screen
a365e8939f676f43eadea19103b6c8d4,main_screen
61ed2ac0c19c3e3274f52647f012e2e4,main_screen
5696700ddc5586e91a2d241e647d8526,own_transfer
0981cc801b73f7fb5998defff7930c0f,main_screen
f03e0f90f23174bbb05ac54b71beca75,statement
21bcbba150f907c1e1406fbd5cddf23d,card2card_transfer
6b36e6619c9a4a51fdb2e71be1b94da2,main_screen
54790fa1524eb8bcf8cbf26d499733bb,credit_info
7d0fe95bd68cccc0372aa3966179d06b,main_screen
31c5b723d2171513190f15754eae79c7,main_screen
82657e663ce749ce5e1025cf1b95aab9,credit_info
97c5459afae9dacc998d9e4985049c26,main_screen
72e6debf32265a85dbaf26fec84d94fa,own_transfer
c733a58e6f1a5262f2362bfb264d3929,invest
2dea238edab8dfbdfb1514860e524d84,statement
fcf73a30d335a80e653a6d9a5272815f,main_screen
d42bf515bc5b8f2e89e998f350637258,main_screen
49e4aa71ab957d90f4ae39adf258fee0,main_screen
bb1747e2d8d5ba5f57dadc7aeb8f9804,main_screen
c803cfb44a4b1ab46225f533f2e0dd9b,own_transfer
fab362bc6251215e13f34d1c0caecf41,credit_info
4c14ba1444b3bdb4a918821dd29d4a47,statement
5881b77b2dfd6f2a57e1e3aecf782e02,main_screen
506ac277e67ac7d86b196b09d9f0fc1e,statement
056b2eb54b83efb8a8bc9c9efbf267ef,main_screen
88e06f7e939275a39c8aea3c863e5c82,main_screen
093e1ed1dda3ac561eb2111ffd2d4e71,main_screen
d58ecc32394ab411f5211a68c61aaa25,main_screen
e61f3b0bc988bdafb09524cb4e42d8fc,statement
daf77f2d26ab4f2b47b1bcc01ccfe487,mobile_recharge
b7e16490b04b221445e08b2ff0506d6a,statement
e750a914c280608c8923db36a1eab7d4,main_screen
174537ec4971bb9e1c00b5e3c67fc398,main_screen
3dcfd4f69c3f74c1070b901286ca6697,main_screen
5656ee4a9b36bb66f50e7d22f155d4f9,main_screen
63f8ab8b8d829e910f54f7a570b2cd2c,statement
a37c2ff00f4d85a3d5d4bfda1e0b609d,main_screen
41c6ac93b0d07955a73b427cccc9dc59,main_screen
fd84f4b2a193425a2b5950f1186c62ba,card_recharge
466a9527fb238e60b49b9d14f8db90a9,main_screen
c0ffc4b81e3509240a3b6dec9db1040e,credit_info
0921a0909db669955a5fd50d3f9c8c59,card2card_transfer
ef5d3f82ba3abc27c5b5cae7092aa5bc,main_screen
ec29b0dd50652e8a6df0c7f4445789e3,card_recharge
d54623629eba8dabb4bc55638d6c0852,chat
764113f3247c89b2c60ec8a0fa263af0,main_screen
08d8579e0d88e233ac09504b5be99a5f,statement
17b3c696bd3e22d92361b73d25c76567,statement
aee473456932ad114671a7740a5bcfa9,main_screen
30e828e415092fb8ed621db8bb0aab2d,statement
5533138de57e907678914cfffc9a5076,main_screen
cd2b1feb2c373c7e645f8837599fea0e,statement
1f543715952dc89df3f206fe18d6363a,credit_info
99854ed51d770a9fb2f014790159433d,credit_info
6f22db6d76897fe9f468f0a2b9752c91,main_screen
6ad7f5e28b0ed715172d9c372e7fc419,statement
9279aebf46c5b5fd03e7bb8e3bdb5f48,credit_info
79f3d7cf7455cd2b30472ab142d918a0,main_screen
a7a0e99d172767cc4972d300aaa86eed,main_screen
063f4cf2d8d8bbf2dd46e6cb8a6004e3,main_screen
8b84cfbc650b0e958460831dea634d3f,statement
b5a74b2f1678bfd16adcd5b3f9dd6dcb,credit_info
c3928e1bc78a0d0f085115303e0e3fae,main_screen
0167ed65fb67635f5ab2941517395348,statement
5971f96a4f74ca17d6c02924304129b6,main_screen
aaba44074a6f6e09de3f4f507c405e8e,statement
f38e3baa6c8cb783f5c3c8ae51664547,main_screen
a298fdc065bddd8829d7234ef3f09e18,statement
cf466db1c09c2929b63a0f920d5dbef5,credit_info
a3ff29f0a10b277109a7b19d8712024c,main_screen
6cfe1ea836068c46b9ab6ea6862bc543,main_screen
25c9d40c80da46cdf5c8df29bc927781,main_screen
3da0b8ea835644ff179b906ddb237784,credit_info
27d2afae8939ff8db92bcd2a3c909ca1,own_transfer
0ad24066a1e2cb401e52ff641d35766b,main_screen
43ed4f0def08836187fda3c65c1d314b,main_screen
9bef9e8ae2e544305f71774fb504bbd8,main_screen
53c6f262c8bf795c8f636159d844abdc,credit_info
9b6cfbf2fecd80e70d6bdc17d743573e,main_screen
661c39df959eb0856000dcb35dd5da5e,statement
48195f6ab7e0228c9dde9dcb418403f5,mobile_recharge
9e7a5eca76e9d8c0db1b189b1299dbfa,main_screen
5c8ce827b259aa0240b19b4e823f48bc,main_screen
83720ec581af5fd43c9d697ba96e8999,main_screen
5b96e48d0c672705f7510493684e287a,main_screen
48f32a2d9d1590f7dcf334a861ac1127,main_screen
0e2d7fb92f9053a1d2a924c4dc2259cc,main_screen
04c5772a5ae4d71a9b82591679e34986,statement
c711af50241ed51937e7f3721ed611f1,credit_info
63d19a161fc17b0470484f23124815e4,main_screen
37031531c9706ff4f7fee9a6365f85cc,main_screen
77e95b2857c388c276245c44937160f4,card2card_transfer
3f03159057f630580f78b4ba652d75b9,chat
ef2fbd05ecd7241e6538e53380f2a920,credit_info
3ee00a4ef09e6015291a7565e3e17bac,main_screen
8337ed8b8da3e811306d643692adf543,statement
bd873b423714c9ebb4665ae5bc0bea77,phone_money_transfer
946aefbfb2d34b0af7803a83c5786ea0,statement
725e53c7219ec15e70f0c439b98bf085,main_screen
1898f2814dce396cec2ab40afd247b48,card_recharge
c9a9779281ea9eb2d6bcdadd9c5d16d1,main_screen
13ee1c197bbb189fd5df5c992ad884a8,main_screen
e74d41ca8c28e4252606720a5cfb2486,statement
913a98f4b4f9eff7d830e750ffe5c710,statement
e3186143a4601d2e28801222c9c9211d,main_screen
54895c86b2e0bd30053f5c735fa3b7a1,phone_money_transfer
12941f75e529137d3b83bb1d4275304d,main_screen
de19d66c07f93105350fd474d9214752,main_screen
55492a9fd6bb83217f8d1446e114f2fd,main_screen
1013f0aba6abcc75abebfa02af6714b4,statement
16cc64f43d27d517368b42342d40326e,main_screen
85b8a3dc5489c15f44c28fe969fac5ff,main_screen
c0c26e59bb14b11883b92bf6d0b915da,main_screen
6385e2b64ceafc34081524ce3e1811cd,mobile_recharge
2c8ebbec536fc57bc457266bcc7d8314,main_screen
a39ecea0202ec10c59940ab433c8e99e,mobile_recharge
4486ff9b7a91d87e8e8a035ec4b9a7c0,statement
4e803403f21cb8b9dd8d5bdeb129b513,credit_info
96dd1ad6d465bcb6424131f79372d248,main_screen
02d09d9d015987e2ab1f6af2538f7149,card2card_transfer
a550d67f6cbf92048e8bea28e2feec11,main_screen
2c3fda0b41ae66bef623c71dc32b6d9f,main_screen
9150293e81000db5652bad6a81b587aa,credit_info
b93948b4586e83b93b57ed003cfe8132,statement
46dda7c4b9bc1fca8035be0a9fc6f296,main_screen
2b9697ae19af84533c79fb1be08dd729,credit_info
a2edab7bd77b01dd84db4aeefa7c3cf5,main_screen
0a0108b540358682cb61b870b37d2e92,main_screen
f5dabcb440bb1155de74d05377ba664d,statement
0044658479c411837b13a81b0445c778,main_screen
d0fd967e78832bbf68a7917a84618c87,statement
006b03e69752b6f3a149f0c9d4aa897d,main_screen
0820984509c98f7ee35370b73f3eed1f,credit_info
423858040c4f6159d537a467ce2aae10,statement
bf249a149607b4d26f81edfb7333d65c,main_screen
07f47774d45e39dd708c12f8f02344dd,credit_info
4f5e52ac295a08a6dee8700928287ca9,credit_info
a836c08653974203f5d632dc7dc71c57,credit_info
cfa3c46f1a44462940fb8bbe9223f42f,credit_info
29d1b13ea02eb772f2e183830cf5be9c,main_screen
22c23c66eebbb1cf58baecb6d114f6e1,mobile_recharge
7faeae1a83460a3ad1f206fddda6f8cb,main_screen
d901fbf26dfcda85d9a5702ca77d34b1,main_screen
dfbf072412b114f0e59c780b82fe27bc,main_screen
d8f6a0bd3286cf95572361e6162f25e1,main_screen
c0a10f31e805729572f305634b467862,mobile_recharge
35858253c8e3399f886eec58c583192c,own_transfer
a68ff17c3f0cbc126467c829a9d20485,main_screen
6a34719de1d0dec64bf5f7c58cc5a759,main_screen
7cf51e4e31e0126dc9fe8af1292c555d,credit_info
a2b3810914a04ec39244f15ce093ff06,card2card_transfer
7dbbd8bca0b3e2c8510b2c3bd3d61b63,main_screen
137f119fb9b3b2dbd4f47842acc29d40,card_recharge
413eba3ffdf2f600faef116b694a96bd,chat
e41c4337f67d4b1f91c74a0cdfd7e642,main_screen
fba5c59106db3a8bed7ed2e6a9289b80,main_screen
695a8e692e3dd4b19b366f5966444e70,main_screen
18deaf4ad56ac12dcbbce67b6ad46119,main_screen
2091face9a5d043d8777799bbcb0dcf2,chat
1f571e0e7d4442b6bd164d689ea3f1ee,main_screen
4331d1e6d6aa15cce8610f521922c241,main_screen
0de5f11a1f6e8c782dc6edbe07fb7163,card_recharge
40dc4c120aad8a5c8c14a9a37c575f4d,main_screen
7fa3507584645cce8247e08ed758c87e,phone_money_transfer
317af249f9b371ed807166cc6c8f443d,main_screen
f21f1d676917f1ec46609f21aff4eae7,main_screen
dfa82a6341c998d7021b775bfad42c99,main_screen
0423aea9623e6990c245c36809962eed,card_recharge
ca7aeb81ec6b9410191e01135910e095,credit_info
c784e886d04fa38bfbf704e120d32b37,main_screen
c942c79f6f58174f00c042e073795d33,main_screen
56ed99bc788c751f95dba2688a33a777,main_screen
603303bee3926255ee1431cb0e014e72,statement
ca07ca2a854bd697baa88f032a2b74b4,main_screen
adbb97de1a5b95445942008249d0d6a1,credit_info
7cb830700ff2bc8c7dc8eb5d8970c3b8,main_screen
cd543444788c36762e64f60f140bbcad,main_screen
bde7542d5d4b62f9884e26405e3f62e7,main_screen
c7a522c665b4faaca3451d2489af5465,main_screen
3194ca9faf55b56d322b6d69b00f0650,own_transfer
4cd1a0d838259b774d4b6c84990272f1,chat
257b3b6868dfbe978d9fd3adac5f0e20,main_screen
05144ce0ce5c247cc405dd9247f4296b,main_screen
82ff1832c91a34960d840e6ee41e282a,main_screen
68450f059618a6626d9b48fdfe96976f,main_screen
bd38715d6dc50378839cbbb3db497a7f,credit_info
d833217173b79dc91eb5b8f1ddadd5b4,main_screen
6de9dc4370f725cd2c5eaa1c187f0195,main_screen
1401efd29015a7ca546999967e8fb483,main_screen
49b5e13e082c3b37ff07ff49ada094c2,main_screen
d7facdd3df701e872210de0edbd7c3f4,main_screen
cb14cde29f12a8c830a45d82cc0b0c85,main_screen
a2d118b25da771dee0496af2e0e4c630,main_screen
112c8e02e9b4220496552c554fc41ecf,own_transfer
fda4ddb282af38fd6a61ab9a3a155037,main_screen
f78b807c1d773b00d3ff7236a4ba76de,credit_info
8d1ccfd67e5af2c3dad17618948a0a28,statement
1890bd591052c02dfd1d4972d62f99b6,statement
15e233956de53b17a36a7309a3e9e834,main_screen
32ac177bc204bd6103164c8e77bbc690,statement
d05fcb31f273e72f98580657ca4cb8fe,main_screen
bcf11c75b0d8f3d154ff8ed467e85c64,main_screen
2de94765ffdb9f91be2e8625c454e2ae,statement
63d11563b774087fe390384b83eb9379,own_transfer
2bac8da21648cebc52be186f19eaed03,credit_info
d2db8a400a56a80c7b5b636c72ef565e,chat
267c49ded14d8bc5001e722581513df3,main_screen
0cda2c57152785c649aa09b80a08cb99,main_screen
cc68426565c9b57fec8af0305a03a894,statement
0915c8c11c840658f6fdbba3891beb29,main_screen
39c46d477654a6ab70df7922a539f15e,credit_info
2321472cee05f3a6fe4347d8cb5ec0d6,main_screen
f3344d3217bcc58768d00c8139f8d0b2,main_screen
38b199c0ebc2f8521a520dc1155f41c6,main_screen
55bf8b7f1d21f96d24b3184f1a1798e9,main_screen
e3fb8661a59597e06ab7854d10fa2f90,statement
051e9130dade4ca4f8d8fac3e4a3eff0,chat
3b532413b86941787784e6ed4f0766e9,credit_info
ce5e4cd09eba9622eec4c8381435dcd4,credit_info
f6297f91d728717b744c1a00e9401e3e,main_screen
53477bd9ed95353fdbe528bff3b05542,main_screen
01e9674621e3166a0c67a0f0a5fcca05,main_screen
ff8c2e4d0102791b646659a8f5e47d27,credit_info
a6a384bbc4493b37324bc790425857a5,main_screen
8ba9ce992839ab94e39bc8a997588d05,main_screen
18ee3689713b6d41e8e114e181d8ea5b,main_screen
c5d17e5d62e90baccbc33aa30e8fd352,main_screen
1624523d73587841c84fc1e3dfb8abfa,main_screen
d82897dd45b68bd3eb2b076e3aed9bf3,main_screen
23cf899c6c777e15c12dee895cf4ca07,credit_info
3886d9246005ce2ab1d85c6714152ab9,main_screen
79c3c2a98eb1064480a7a4c726511793,statement
cd87f6ccae8fe26ea6cd4ccad7898e31,main_screen
bce409d4b20394837affa035b368a807,main_screen
8cc16191b51fda8a4f087c63b074045f,statement
c21b0462418a18b266be20fdebf4a88b,main_screen
7462f234c217414335519455859e4774,credit_info
cb9fc46e99ce901bfef8175592ef9cbf,credit_info
09645883b9e6faf903189b6b843f3bea,credit_info
b24d94ddbce10bdeb335e5753062dc92,main_screen
8ea07c8919317d4e32b8bc2b0abbab6e,main_screen
66b34da24e5e5ff668559b671ceda4e5,main_screen
478e2e5cdabf767d913b48fd0ea63ceb,main_screen
790b80e864f59047a935d12bcd5c68d3,main_screen
72172dd4f6e13b8d66c8ef81e627827a,main_screen
b2d7dd4638521fd5df28e58a95d322f8,main_screen
5603cad2e2f0cbd2c84553ac6cde73c5,main_screen
51f3d164f9ece0578523ff21b243c480,credit_info
fb0772377b575320191f880a7ec24485,statement
ce79c73db0a85f64c3cff8e3c88ea93b,credit_info
090726e617c236879875c748400dd82d,main_screen
3b937344a811bd4c6dfb7b3f02e1fcc9,main_screen
b3e8d6df8f308b8e3843f2b06f5d8a1e,card_recharge
7e37a46dab13caf99bb157063851bff7,statement
7234f2042b858a462b176751b0a8101e,phone_money_transfer
911d822770b6deab1e03c3096d7e7eac,mobile_recharge
4a481de839fb9804cd44aa4be255b69d,main_screen
488f0fe247455fa66c0cb4a259831f38,phone_money_transfer
07d7af78ba9688275298ec95db27283d,credit_info
2718c8520154a3bed3e26a6d5f0c7538,main_screen
8fdc31f696abfdfc343bee2d26a95e6c,card2card_transfer
770fc496a628b8a0dcbf01c7b2b57170,main_screen
d40012017ac906a3f5296220b7d1b562,own_transfer
2d9bb36cdf976bb691c5eb33a7d07c48,card2card_transfer
4a4825b98afd0f1a316a249ad16a87f0,chat
dff4464d47af71f7108e83158734a444,statement
66415c10cbc8daab7d95cf306ed99275,own_transfer
df4a48b49321557b26b717f785147bd0,main_screen
8ae6a06493dfa570259c5d9d9e13d407,main_screen
aa72bb1fcb78bef2748dd7b08ed505af,mobile_recharge
0c01cc2f3418a6612c5458e5fcddfd01,main_screen
5c9340d51103b28022745d18db53ae5a,main_screen
976f4e6ff95088eda535b7a42d20de7f,phone_money_transfer
90e95ae03dd2a1b018623ef956892717,chat
6ea6a29070bb458aadfb156c1570b278,credit_info
561bb88f0322132daf61dd413c2ed769,main_screen
09384254add60e425a435b021356e28d,chat
8c01e225909a9e50b1ead1570c1975f9,invest
34ab477738715076e9dac431bc296420,main_screen
6dd84f987984ee5e10d9f78a7d473966,main_screen
b1a272a50e411823bad1f03e52ecd63c,mobile_recharge
837fbac298f6d0b86c45201e3210d838,statement
eb86946193158f695cd643d9cbb37d9f,invest
d3cd47893ce35b74836b7db0d0f027c4,statement
0dd597bb171de6748fef8c1dab3428ad,main_screen
fd9a8cfdec667b44fa5447172f668889,credit_info
93627041f3661e7f9bccd5f07d435423,main_screen
d6ad1ddf8b605e77f0143aacd014ab3d,statement
c52d9cffb0b3f109631f400b3122ab9c,main_screen
bf5bf97bc517260390f5ed3a042ab955,statement
57aaeaa4fcbdc8b042342ec237176fe8,credit_info
2ffe542a8d5cb5dfde5cc451f68f3c1a,card_recharge
934d77aa9f50e8be958a88fd60033b45,main_screen
96931fd542cfaefd116b5fd52835b079,credit_info
2c4c7e58a9e88b7a26c7d7ee739637e9,main_screen
b3f15131f054171331eae4547a91c332,statement
ff210ab6ec1a23f845a48aa40bb23593,credit_info
ec45c3b335e80ebac347412362703aaa,card_recharge
880015608e1f053d9411cc46a48941b2,main_screen
898cbbd582de1d189164a6b4d3c50d6c,main_screen
261f416acc864109e99967a06f51c8b6,chat
bd1378b36ea645f544d70f5f53a96180,main_screen
6596e06e316a2d4f98a1eac99428a521,credit_info
5d612615cf5285af714e9b234a9e4c46,main_screen
1c6395db0089bde0a80bf0a3868ca5db,credit_info
4147f8024f489c72abd307368ad737ea,main_screen
33cd512604b9d91d980b1aa6f3b2c256,credit_info
e7ae016d9a9efde80cbc2e9e6fe30649,main_screen
3a091790c5b9116eb80ced213020906e,main_screen
6ada33fb528fa4816cee3f0ea124be34,main_screen
5f70214f49b989ecf43df0e7efb74aff,statement
efd97cd87613c3dc7d856bf860084400,main_screen
6918f26593937f5b43ece02f51a89b71,main_screen
46d0211b5f469c8fb840586b74094263,main_screen
4c1b697fd944cf5caefe5ea1c6433c29,main_screen
e2ee7b9c478c93fc39613e15d56d951e,credit_info
1041cfeea648a2d903cc862b74768c15,chat
d213de519d2b44fe3abb3c286f51dff2,statement
6fa1a14e36fae5ae3a710f5424061c01,chat
a29dc8a6209f3476b6792071b6e654cc,main_screen
c787692a4174c5fcf018b5b75fe462b2,main_screen
0e92e6503c5556dc9b4c0e72fc3aa273,phone_money_transfer
5a03be6d2842b3b92aca877c32c8bb18,main_screen
619302725089ae4babc642f084dfd7cc,main_screen
473710bd7fddc1a5d1dfbb1661a8ec9b,main_screen
93eee69ee961a6db380da6ff2a5996ea,main_screen
3242312094c28716efa1f8f5cf6d116a,credit_info
85f2549662264519fd60fdc3aad2e921,main_screen
a16fb23d0fd56ab76874a2fd665d1bc5,credit_info
d6fb56702bd5247dbb582af336f46043,main_screen
6fad9ae145b0c1e4b7459e94c16b26f8,main_screen
77168fe1a82d97f7de75c16ee62b2f71,main_screen
5514b9254eb59659ffc0db0901d80f2f,main_screen
0c7994a240b7d3251979207168f1dcdf,main_screen
3875bcbccfbd735ecf31cfc138f51809,phone_money_transfer
54bc9bd7e44622c5ac5bfd5a36b08cbe,main_screen
6ac9368976f6193958caf0fce16666c2,main_screen
48b3f6a1f4df572efcc0b47475db0781,statement
a139976b938e4195aed1c0795e4bb45a,main_screen
eab495a6b098f502e2a0e211086ceccf,own_transfer
0a74f8500ba5d74c8d1fd6b59a798fef,main_screen
91bbcde5feb71ef8a76654a05b43b8b1,statement
507ad61a50b3a0387ee6c19e525b54e6,main_screen
3a023ff38262d0dc3f22a81f2a20b790,main_screen
f29003cd498aaeb1590bc8f5643a35b2,main_screen
051702d49321ca6b8bc468cc4c59838d,statement
696b5190a665710b0e60db637906dc8e,card2card_transfer
11e731e3bf25e4b2ebd403bb422bf358,credit_info
a64d1ff09e74b2d383a20d32f6c92f2b,main_screen
434be98714b4859e3dbfa129d6a91846,mobile_recharge
e6f6518b13b7786731f0af1b34a77211,main_screen
2833fc1168f296e4624b77421cb58c76,main_screen
b92ca0c9665eeea23935ec8d71c32171,main_screen
9ba6e7a5ab8d421b708c96e2d7f6f41d,statement
d4fab022dadc5d9648d303ffb2193465,main_screen
1ece34b0db5901470921d5adf48f8737,statement
ff42853e6f25774a785e53377bf6e3c0,own_transfer
6b8df37b528a889a09440fc382d52e5a,main_screen
68ea68c9f3b9ca7693431f846b34f62d,mobile_recharge
9f1e8f793581a8fa77faaf7ac81202dd,main_screen
ad3b2e3bddb1c5b05c0d5de24a023c99,main_screen
f44f787110425fae51939cc641434be0,main_screen
8024beb4a41a6bf96f9ee5409d8568bc,main_screen
7d7b1ec498192a6ca03eb3949132fa5e,main_screen
16ed52d279b2b300fdd4472186b73d30,mobile_recharge
05ae05341de65eb3a0c2379b3a9e1eef,credit_info
56357ba01d193433f4fed50423c140b4,credit_info
1dd8853a221c1027c39b1a1f570c5579,main_screen
10883d3150507d60a1da44b6b034574c,main_screen
819d87467113b2bf5abdfd0c531f170e,main_screen
c55ea0280398164bce5b17ecaf48b15b,credit_info
f54782909874b7384589bc6a05820a4a,statement
6c9021bbd802013e106c5aa80c833d54,mobile_recharge
304afb5142604faa4ede3e8581078f07,card2card_transfer
6562f9ca1990140d79950c6a150579fc,main_screen
0234d3eaa2014c0a45f8a35ba10e59f1,main_screen
ace7e0af050baf38718f179371a0182b,chat
290a9c594a8f2b9373c88fa8a6f19f5c,main_screen
2e5b39844fa22b841e8120d655ced968,main_screen
2c07b9842b35a4ffae48253b669920fa,statement
183848143200f93adf864ca1de604f7a,main_screen
eadd1939047cf377943e7a00319f865a,main_screen
129ccc1757f4cfe3876e9987d13673b1,main_screen
29e977810fe0e25b4abb97dc7eb7cab5,main_screen
e48ca8c7ab24ebba9a525ad2ccfe6186,main_screen
4d370d457b8dacafd6c98ab25330ad19,credit_info
9c0ea22fd0a24dfec78f7622fb9d5b1e,main_screen
63260c53d39837dcd0693c9449c2d9e3,main_screen
cab1ffe83df9b23666d99b07f5934694,main_screen
3f081152af7e3668275f7909057f0ee2,credit_info
21658378d10380b2a0526522da3f01ba,main_screen
9c76c2f747f32a6d0222a3190c67dfeb,main_screen
6686a3d3c0aa8c8f4327a13168ed19bc,main_screen
18f09b3ab390c7d05b0b5b2ceb713c9b,main_screen
c90e3f35d3fc774308ff0162362c14f6,main_screen
9520ce142a8a4650c2d15a34870be95c,statement
814044418a1b3277fbac2fd8e6eaadf1,chat
d5bbfe88dbffe75cb7a45000c7874796,main_screen
bd33a798ca8a224f4cc26600cc491e80,statement
bf1e08d8a26e3cafa2cde27469398db1,main_screen
e8623c4f9b76a51775418396001a0436,main_screen
1f59dce2a88ab1d9adc84be8686d4d9f,phone_money_transfer
b8ef0c9ba41b507ce4554cc2de403a9e,main_screen
fa4aaa961ae19dc1f593022401966a42,main_screen
defada0994a477797973e0dcaba67e28,statement
9f4599cab6b773e7780ef3bedfa772bc,phone_money_transfer
be488e74334123dcae260765f5b819a9,main_screen
a4d87b9f8abd4f3a9c7aa286c4682ebf,main_screen
2b4f4ad247755f65df52409f30b485df,main_screen
4ca819da981de329aa48e972a54e26d9,statement
7a280e88c0b3b6d05f44b5896ba3c83e,main_screen
d96ea81cfe2e5005859f8533dc9f5e0e,credit_info
d9b1012faff2e9f7d4e364a31f9efc5c,main_screen
0d2cc878340d5b16a738681ceb24e5a3,credit_info
e36bc63ec7ac1579f1f1104073a59e5e,main_screen
c9332a1cf67eb2bad5c69b977f1b4f07,main_screen
a02d7401bd58f4a570e76ba30acff916,main_screen
e80cbebcf73744f6a8f13845398b4379,credit_info
0c7749c9a199eac263db158210e1a9f0,statement
7169c1276476f9d6a4fb0163d74c0b93,mobile_recharge
1bda86273353028fc9898528b4ab5b4a,main_screen
fddfd59d09e16c9a693292aa11fa4beb,credit_info
f5dde88aded17637bb9c65648f589258,statement
8b296bf8a1cb6ca80dc901b5e2665556,main_screen
b99a2d2471c36743d2c75ef92ded3462,main_screen
99b9331a829d79276364669b6d3f54f5,statement
e5407ffd6e9517fd1fa3bf9a88db30f7,phone_money_transfer
1bde832958d89394ccf9a844eddf6705,main_screen
27fbc06bedbbebbed8eb1314e6160101,statement
658518184e5a3ff0419bad9a0350495a,main_screen
f75d6b691056de71f5761691117c0c36,main_screen
414545785c9126dd25500229d56628ec,main_screen
512af5b40e0054ff5649e4efb7c22f74,card2card_transfer
47b7eb6ca4fae5449135ad70deb73ca3,main_screen
28fc4004d29aa6b14912d2b9b2dde911,phone_money_transfer
406ec5c4de066c20bdbc7074d9293a1d,main_screen
06e6731a85595806b51c559bb07c2bd6,card2card_transfer
09cf4d8546374ddc0e38a1ffd280c177,statement
2b076c5dc425099e5f1804fe901a14bb,main_screen
9bc9e6309bd26c0d754fbf63e3855868,main_screen
a4af9079d99ad9a07d7e425c2d989856,credit_info
5ca29eb1f6ba10d1d6c3fab876cf960d,statement
b529629938967637eb226c404571dead,main_screen
1379423e20452074bc4589d11d0b6814,main_screen
4adcda3a5ae6a0ac54d9866de1c93cac,statement
37db0929a79b48d247576248fc82befb,credit_info
a866caa4c9e8ac2d4789e2c5b6048f71,phone_money_transfer
1044582b43d96526793baedd344a172c,main_screen
feb3bd4f6c927a654ad59ae834a65f6f,chat
b8dc78784137cc70f72d5732d9fab494,main_screen
b42db90787aa5e1c693a23ef061e796d,credit_info
ff5995c37e4a36002e24ea95083c370c,main_screen
c8c716a7e360d52ec7907b4ced262a83,phone_money_transfer
a64a7e4f720e02fa5e635bde3a82f73d,statement
339ff7809501d5ff6c38c7486eb06fa7,main_screen
df326ec590c92f0d63953150f9092fa9,main_screen
f3b3d24b119a766fb7f79c66a030c0d1,main_screen
89a1ecc9aa7c1a1ff5d04c3d03acd922,main_screen
e6539260e13dee852888dedd579a8c33,credit_info
160f56eecded4360d75ba206fd41f73f,main_screen
d81684783a78ada36e39b9da3640929e,main_screen
252209f0e05f75687af33b00bb4f3721,credit_info
c169aecf25c48bc0203173378b8715ac,main_screen
45add47dc94f63a778c212a1cbba4ea9,main_screen
3fa5bc3713aa610522cd92bdbb465c5a,mobile_recharge
82d57f2634488d5cbfabae8592d2bb91,own_transfer
2b6917e71603e9cb48a4c312bbdd937b,credit_info
c9f531e3e3f7c63e36f3ed28c4dc2536,mobile_recharge
f373891a06410b2c0e7c33eab3b47d1e,statement
2dde323aab77a60939677fcade50414a,main_screen
705947f89542c1c74bddb7c0636e7f6f,main_screen
c4bbfdd382d08c5b273cef3c03a54455,credit_info
a0423700dcd144b5c83b436355bf49d9,chat
7a9000579ae0b256d4148b263e68137b,main_screen
cbe08e8b78a3f115a1a35b6afe0d8ea5,main_screen
29e4e1c357ad37a9496f82549c5a7339,mobile_recharge
cd99b8f291e48d80c14cccdaaaac0bb8,credit_info
6dd987c5ae465fb49aa8982f2579ec12,statement
9ed2d6efff961c6314cdff1754cd61b3,chat
c3b126441314c1324cd7f2173de1cc44,main_screen
9983366e41529c0b8732a2572a66f661,main_screen
aac6546f6b13142d302d24dea55c8497,main_screen
28667bbdf98a86aaba45e5f4278e16fd,mobile_recharge
6a12122061ff6dbbd0f6b0a01c6636fc,statement
c1a0ffdda97cc69547713bccbd07d3ed,main_screen
74a2927899f3c41cd9ce45b419149b65,main_screen
362db7a452d8db8c70a722ea5a096f8e,mobile_recharge
4e3033f776a59a78f9f3f89bbcafb352,invest
6e61b58befe9e9da96519ed0e1cbdd48,main_screen
d63dc9c6c86a1889b691ef4f6924a46a,main_screen
4d0a44ab1184f47f6a32b3f864c055a6,mobile_recharge
e069fdf117c1af9a834673a27012167b,main_screen
640ac1ecb94a0776f25b161d0f5d3634,main_screen
780abb30603f62a35a98e3123df272cc,main_screen
955da6d743a06832ea91cb10844fcb57,main_screen
b69a01d0d90f3bf6be6ab61547bbcb8e,main_screen
d883f6c55abaa394b53d8fd812278a15,card_recharge
df3c360eefa3e0ac0fd29552dc9e1014,main_screen
921b1c727b8e862f13a31e19b4f349a2,mobile_recharge
ca64a4619430d6bae3815f219b5b21ff,main_screen
8546b70a5121636a32dda3818f4164af,main_screen
88786dd77c7615a3ac5c44b5a515fa01,statement
fa69cafb53e43576d4409e2b3daefe6a,main_screen
24f59ecdaeee8a39a895d5bf86e3740a,chat
a461fbb87a2d7f8214db182814135316,main_screen
286819bb7daec321b52679ce9970fece,main_screen
627faecc5ff3d88272bcb184c258a33f,invest
275ad71d16c9ffa298281005d8c48231,card2card_transfer
40b61e8469d1e7ddcadd168dc36d6ef4,main_screen
fb1d733a67d330bb452d2042cbda69c1,statement
b3fc7b01d4dda61fa1138890f7d4355f,chat
89b67c6d2ee843c6ff60d10dfbedc4a5,main_screen
e0dff8ed1ac72074c15979ee57043afb,main_screen
a6890d07cf6e2e463ad70f80ef7efcb9,credit_info
990acecc900073249a5964fc00b618c8,main_screen
e67e7d51613c3e5f82e734b28a1f4a4d,main_screen
7a1f5e825d917c1f72ecc6341c49d8c7,main_screen
ab6142ad9e2fe4d84c07539796efaa8d,main_screen
7686a9b21d765d1c03fad9cfb4463e62,chat
b04a38c3eb50600d670e5a280ba3d897,chat
7022bc0935a974092e1864400be88af3,main_screen
529a9cc74dfbc20a1adb075cd6607b55,chat
c0c19d7ad35012e0d04ea01afe469022,statement
5a9c6ef6425154dd397dc1b24096640e,mobile_recharge
f993378343f06cc617d200fb1ee3c718,statement
ebdeb299b14ff59ed9280ec0444f15c4,chat
fc0bad8b378bfc61828f1e075a7ebc4c,main_screen
233681264f7b61266357d73e92009198,main_screen
bdedb0752ffba11ef61bd0c00049c24a,main_screen
daf952e819734d784b8d41ae77f8ac0c,main_screen
dd12510e01cba48844a97e97ee6611a8,card_recharge
3d4271a9183eea8ddab713b746216d94,own_transfer
f33b583f15ba7d6375ca8e1b3a0f1d0e,mobile_recharge
0d0f19c8d2e14c093bdc0076321a0d0a,phone_money_transfer
bbb9d2386be6ba4776ffe3db1134d81e,main_screen
b570c09b5ca1068ba5789fbffcb2ad12,credit_info
8783c33086ed4f6675b8ddc3c27e420a,statement
d7e8882eefa13a27fb4021216f3a4883,main_screen
eca69d4ac33e055685e5e01bc0368e68,phone_money_transfer
02f9d4f5466fe6f3d261ef934353fbfe,main_screen
5f2e8f50405faf279735ca2111422bbc,credit_info
10880daf7c6feded5d52ffbce7dc6f69,main_screen
4fa72ee629a9da6d1a2fd9b753280687,main_screen
589802ebeec7b47f02b403a73f8db247,main_screen
1bf6599d8e8da130c42175e61cfd09bf,main_screen
7cad8e74db8966f805eed836d907aa74,main_screen
16137421709f556ea71bf54f5ab842d6,main_screen
5acbea3038d85842c0a6dc77003bf0aa,credit_info
91a61b94e1a9d57b7642a15c6ad3020b,main_screen
1f5b1018846d37e4671f203b40b5b8bd,mobile_recharge
fb8e2d5b4bb83cc408f3250b25b3eced,main_screen
141de827391806fe6a286186c06f013c,main_screen
1c620d337750e77030714139a470cb30,main_screen
4976dd3686ccbe6b7a20ca5885b3e45a,main_screen
80d9c0b3288aca285bf0a38692611bc2,statement
e4905e7a5188ebc69b3b91155dbc9558,main_screen
0bc9572b4c0c05a848afa32a00da27ba,main_screen
394b1e7051fa28b71329750d5dadf467,main_screen
c0dde3557793ec58da4770557a19928a,main_screen
62e2e08fd9371337fd732802cadcea30,statement
8c276f7b57247870c7a685b45beee680,main_screen
3ec98fd2cea8f81362a32c9caac70a9b,main_screen
02af9e4dfcb46a4c964f8ce3951a575c,main_screen
0afdb6b2f75af135bb8d0f1e71515cb4,main_screen
8a956e10e39173f9deb08c59a450b55a,chat
4f018356abd1cb6b6bf486150bada538,main_screen
897a5147d950aa8fc5ae224b40b41f46,chat
0659c8f87a3d4a2409faa25d7fafb862,statement
71c0f45415d93d47fd1f232d2d54ecbd,main_screen
25f5c6368910e3cdd17a4c94672790cf,card_recharge
2b4e624bca3a91311dd8c9ee1ac5dddc,main_screen
b659056a21102ffd63cf7b06258fc79f,card_recharge
037234a45ff0c86fb1564617cea327af,main_screen
35fb17151d58cdf27f0c33da5db15450,main_screen
977047da1ecc872c36b092106460eba7,main_screen
f703938349fa9fc99060cbcd17a22948,own_transfer
4686814e841c827af3464d845ff94ef2,main_screen
40f695129fec0ee8756ad3acd9b46590,main_screen
10634354db81de4f8f34220909dc1acb,statement
f4c455ca874d715892e1e7a05c1368a5,main_screen
ba944cf93dddbf7ec28f7b128fbfdff6,main_screen
18644700aeaba5e4005d1525ed4c2fd6,own_transfer
76894362012843bde602aadec18fffe6,credit_info
49e9da836980697151ec2074354c5c6f,main_screen
3f2798fac2124703c997df701ec40b17,main_screen
bde680f92221689bf1641fb1c080af1f,main_screen
9832d085a50cd071a0ec78d83f7b1985,main_screen
52f61620a49a41cbb674b9a216c67ce0,statement
b8860dc8a967e3582796afab1f51c911,main_screen
6b88d1940708124d7a8c5e32eb5d8bff,main_screen
ec7795e0c518e8264260f35f4d441a86,main_screen
4fcfada21dffdbff5323077bb76e89fd,chat
8f31d58bae89bdf5ed607e91375dfacc,statement
8776a5ad409ea2385592746cf72efe58,statement
185ae49b054c858759058b05a33699a9,statement
adfe1de5dc05beb480cde9380c86c2d6,statement
672903965f57fca8a22dde585e9a0b80,statement
552006bf400430964b4b62ea2465c552,main_screen
99028050d9a499982a05e874ab410bd8,main_screen
be70f1647755ada62bfa2906fa2d30c7,main_screen
34bb1e360eaf04004430829aee54496d,chat
32f0c0911507fef49ad6790e211cf797,statement
3f06a5892664661b79ae595a2ec51a81,main_screen
e761c5507135d813c06e47dac29f47ed,statement
1b62de1109d04b670f79657d490f75c1,main_screen
da50074e24a154b1e3778fceb54ccc22,statement
e3c98fe88497e653268825c4a880967f,invest
355738760a19fa08a554d6d37123d2ae,main_screen
84fb8cf2e100e3b6b0a4eadb8610928f,mobile_recharge
7b215903bcf260b3f942ae090e1678a7,statement
dac6684299d97e984b324fce4ff4897f,main_screen
b78897abebd6a532679c491654f078af,card2card_transfer
479f334080f2426dd73a496400c4a2f2,main_screen
7f562fea6bf7235544f00d3b7210a293,main_screen
e45b867fc84033fa6fe78145ceac23a7,main_screen
7d96b0757787c3fce79ba968f574fde6,credit_info
bb74e9e2f5891dee4e43116d1091e836,phone_money_transfer
9d40754de604eeddf4ac9ac4ba2a6d65,statement
47e7f44810a9efd8c977a653831d9382,statement
fc753d9d36a10a81d88aedb8d9a8748c,main_screen
d1b6f9ece7bbb2653acfa091fd0cb846,main_screen
06b569318d2a87944456d66d15c42e1f,credit_info
dbd582b9f154c0ef810e067aeb8ff478,statement
89e9af67042de1996b16f398b4fb19c4,main_screen
f304ccf11deff6e2d955135d801caa25,own_transfer
39177b0f26d4da0177a82d1ed7d1b673,main_screen
78529328254effc2872a016e7fad240a,card_recharge
f8e7905f03ae895f0c9d158db557cc39,main_screen
a1d652953823fe8a9d5ddb9be791c5ad,main_screen
1dfe354b9c34b30504163df135c086d0,statement
4493e921dc459037466bf063bc2391d4,own_transfer
fe640dc0503d361e8678060aab3021ba,main_screen
c91c1026ddb74bada6e898eb5055616b,main_screen
198af29dc37a7d57805aafc155eca5bc,main_screen
003a137badb8add68e4cf8cb970888b8,main_screen
3d019674b2dfff5962dd818a6e0784d6,main_screen
62aa65274098b06b084f98e8ef97b2db,main_screen
52ddd2ff0d980f771dfe8f020aa1ef38,main_screen
53a851732eb78dbd452db1fc50328dcc,main_screen
0945ccfc6e8db2cf9a3c0f09ec410849,credit_info
4682707edb950b6d4319e5af32022d6a,card2card_transfer
e058b150a0a9a6b95dd9c8f80c729928,statement
19708a4a483269d722817e96ccadcad6,own_transfer
d5a502860e42214aeb81b1e2025ddbe5,main_screen
6bad3b418e22ad7aea0a9a7b329b8993,main_screen
9de34012a76d08928ea172fc02c605ca,credit_info
5b5705af4cf8d00bf6c8fc0c102b5f49,main_screen
7cec7ff56c5b15df8a485dd1a2329943,own_transfer
9b7b7823ff7af6a8eb7e1633191ac5fe,main_screen
ecb1d7f86c3babc6848834bba06c1b1a,credit_info
c7e76b0f952f284dba2d57c10861dfc2,credit_info
195122c0aa7912e56eb8c373ab7e177c,main_screen
5a0d430b9c01879c2040d804a1cba923,card2card_transfer
07361fdb5a62c5693d6dd91bd32f5124,statement
c8484d7fb329d3f7e55981fd65d99ae2,main_screen
075657e99d27e67e07f9dc73d3c6c155,statement
c3a03a0f3fd2535b12a879a47004b8d9,main_screen
c650c262097728e02ed9e7007da01824,main_screen
d06ac13a54797d2ce824baf81abb8ee0,credit_info
bf5f1381fedea6f12b036fae4cf14fc8,main_screen
5d1d937ef5f1774b038b6d08083d96b8,main_screen
4fb6558ead55cad7a7f7c90c849a1de7,phone_money_transfer
bed3147b95e5feb2115a64446c7506cb,main_screen
c7388e512d732c7d5042cda12a973817,credit_info
2b054bf0182cf9de2a18910209a54037,statement
5b7a891ef73b85cc050eb8ae7af01a2e,main_screen
a42dcc538a07650b8791e5f741da590e,main_screen
ba146ce3fce57cdb51fc743866d4f9bb,main_screen
e7c329e96682a8e16749c1581234cbc6,own_transfer
83b5d39f686d03021ddd0a56ef7e4248,main_screen
01c96caf09e4cf27662f45b2bb974448,main_screen
abc0ffd9684ed0203cc70cf8daed3c74,main_screen
d5e1b7469f92303521083db81925c3ae,main_screen
e414b94b59bdb4dcc987056ac97d6d0f,main_screen
d615d48f08964abcbd35b3d57526d2b0,main_screen
ff71f7acfe6821817ba651bb0a934422,own_transfer
6a2676cc89ddc49624fc421dc3b4f437,credit_info
b81ec785dd434129bdc3b5bd10722492,main_screen
6a04193b21919933e1fcb70040929707,statement
1d25362cbf0788b20855fb1194325551,main_screen
f524eea70a0cd443f487a0811909a14e,credit_info
b23d16c9caa52784fd44ef82a92af421,main_screen
12c7639740d40a88a1e0104e747810cb,main_screen
52736ae05bf847316240c2739502ad42,credit_info
6da29c3fb8e905b37b32b0507bbf0483,chat
cc08a4eabcb884d8f44ec8c7d21f07ab,statement
67a8bf2ee52ec4a9f13e38cc3c305bf1,phone_money_transfer
dbee8ee002cbe5de89c29be49ec9e3f9,main_screen
a4b80ab13d08df9aff42c621c62bc3c4,main_screen
462addd98d4e20c1a24e817f9ed0fdbe,main_screen
91861752804a1664c0117c64900090fb,credit_info
a775e5a1540a797b57b90362a282933c,main_screen
3477aee77e27bc508dbf60d0c34b7d6b,credit_info
dc1d7d259c14156086510bbc7ea160cc,main_screen
a13cd03b8be77f04e89fa42c00d41a09,main_screen
53bd20203a1e8460bc0ba86c175956f5,mobile_recharge
ae8c72842b38c0957dbb164de47b0668,main_screen
4b0bf3a961456123312ba3a5928b0428,statement
4884a6a967f55b43c79fd7a60a0091fc,statement
aae674b1878b70e1a3d23e573d642231,main_screen
e82d23541c37cb30d7922ed2b0780165,statement
ac051114f5a49def21fc3112f87798b8,credit_info
898a6f209bf48cf4ba1010a3af16de06,invest
a2fbe772385498cc06d73b546e888b63,card_recharge
1fe8910638ae04b6db927292018ac315,credit_info
8eb048180ea4bf07384dc03c49c8ff52,credit_info
913ce2060a883668077cd694aceafcfd,main_screen
d876700c02da205585793a1688726212,credit_info
1807088ab0100cf925b02257f448a121,chat
4eabf185deef923c43da4b38f3cf4265,card_recharge
4a3ac84d7698bf2831cd38fb627dc0f9,main_screen
c639988676a35d1edd25ab360106221e,main_screen
56597589339329b8571ed26c2ebcf120,main_screen
e3eee0f29dcb91b9f6d096e14fe3590b,main_screen
eac291d5b4a0448d2425f32210040a87,main_screen
5b8994b1978f932789b6f02178bd7eda,main_screen
5c3cdcb2e3e1a8841e004b3f233d08dd,main_screen
2be13fde6455072ebbd307e591dbf2e0,credit_info
c93679d8f80add283ff3c9482b9055c0,main_screen
2c32936500af6e9f99a8543bc15d9825,main_screen
33be3f1c4c7b8c33aaee584b1854c370,main_screen
4b56e0c2383eb5894488192af249181d,statement
c3036a4b08e7416646f6879adce70338,main_screen
fabed845f5c8006a102ad39c8f4e5b0a,statement
b0e1c4d62898aad0914b926b029ce863,credit_info
9779ae0a2908bc68f5171a51a90381b3,statement
6308cb16549a0541e36b0b7a189dab8d,statement
2093a44fafd0f4e5973b0c9b9f842155,phone_money_transfer
0d7ddac809518393921d1d4fbe28e94c,main_screen
9e6edf03f04fbc3e745ff45c53130491,main_screen
0b13b670c63860f49dec771cb65510e8,main_screen
769d0c72cab89bff0ca3d0b5f8f40503,credit_info
59240fdbcad3bab5236dc89e3e3e30fc,main_screen
2730b5f899c5bc97916d2301ab5928bc,main_screen
7e91a79c1f10128c8ee7717a26b79a23,chat
db757968147aae58309b51761651b046,credit_info
4a160e472aed8f12758b1c39fa6ec211,own_transfer
1396bcb25aafbaa3ec8001a414480716,phone_money_transfer
38ce3db91eca4bb702bebd8025881d9f,main_screen
e32c6dd164c0d210ee5080a3e2ae384e,chat
fba4d4bbe776be3ab362c3eb158a1f1a,chat
72a645cca4a2a3884e7138239ebf416b,chat
a4ffff5eb5b15035e0cfc98605f1d4ea,main_screen
e1145f6a8ac4f5283e98a42463f065f3,main_screen
40538fc1804e7ca0736e78a4ad84f9e4,main_screen
57cd18210b49b96de03ab1f4de90511b,main_screen
3ca800c6d61074f255699d55f77a7a08,main_screen
b7cfb1f5f359c148e4c80aaabcbc0341,main_screen
39cfd1c340344729603e2ee5b54e430a,main_screen
1b186b0f68fd15996f38098b2f49283a,statement
5715516fd819623c041337d973f1caea,main_screen
cda3c083a00fbc11735dfbfd3f05367e,credit_info
12db822f55059c3350edeecee885d50f,main_screen
548941dec9907e756c3c0e014dacab76,statement
da7901b5ca2a52fd4d6ce19040607a5e,credit_info
d51ba9e59df0a051835b037174a58da2,phone_money_transfer
d61234a664db097a4f3836fdd493c8c8,card_recharge
f560d0404dbf502dadfe39d90c888165,main_screen
0a447c91b4993e637320958cb02c0ba5,main_screen
9bf7eedf1e964100f278fe68b66f27c3,main_screen
8913070d7271d2d1081cf37c16037107,main_screen
2591f2b444767415cd1eb26796b58e68,main_screen
250372456fd9488da95448e91f63b879,phone_money_transfer
928c5ddb13928093087e7577d797f2db,credit_info
7cb8f40e941bf616292f055e23ab3339,main_screen
e635dc5a31f3a85dfeccc6b2e9bd38c9,mobile_recharge
90ce881abf8a3d65494d8514c714c7b8,own_transfer
20008774bf4f422b631c5a209d822e18,main_screen
3116df3a25319b1f8bf49507c7dbee84,main_screen
c92388b8b48c9f2c18e2121ee0dcd33d,statement
970f168fc5f88d89f4b1b9273113bd1a,main_screen
4ea148ff2769f91a8bcd4af6e1e7de3d,main_screen
835d6b35b2c233eb7a8cc2590ed92b02,main_screen
22de04b5a0b069727616434ef54bf316,main_screen
4ba415dae0eee68d7bf834f064e7f40e,main_screen
026e7149d228b15ae2c14d6987ff75a4,own_transfer
29acfd5377d1deb8860fb9c6b9f493c6,statement
3a095adcd1b1834250145e2791f9d249,main_screen
6966a2911d2a753650fdceb2d756efc0,main_screen
9965e39eec04e6eecab99b952d522202,statement
775c4329960c118b53f130375f6732f2,card_recharge
e219dac4f2804cec445a8cbf54a40f46,own_transfer
8699331f7aeafd8d064881da54cca41d,credit_info
758a493d34653b37ae1e64098fe54f6e,main_screen
c5fa046f8d2645d06ca8c26111a9022e,main_screen
88b68669adcd4c8212481f70b18ccc50,main_screen
7fc09c357e1ea4553b7b92286085bc50,phone_money_transfer
2d4d4bb80d9b9ff44564aae6c8dbc854,main_screen
87075e479cf21bd4484ddcd04509f5e8,credit_info
ddbe86c7675737044fbb67a34cfa5f1d,main_screen
0aa48c43cfa1a719707ee967ac9dd382,main_screen
31b048edf0f925b833766783db12feaf,main_screen
87ec398ed8dbc61ff703e76ef9626604,invest
00610841e7b3fd430e44aadea34ca7c7,credit_info
5a27fed3bf173720eba683a15ea96bad,statement
b846226ceba47b88c91ac22b5df6b370,main_screen
aed38ba485cfaea6bec3eb78fa7cef81,main_screen
ffdb09053542132af2ea8124d9a30b1e,credit_info
b685dddd0d935b86da6ecd7ffcc59717,statement
cba8442b1ca3ce0f68078777aea3ad13,mobile_recharge
e3c91a21564efc7fe991540457b61709,credit_info
45deb8654329a3f60289b9165cf0062c,main_screen
9b4e1c8642e11b43d2016ba8cf1cc7ff,main_screen
d62ef54960a61bdcb18087c177c9124a,main_screen
abeed67e7fd2b197679d05f2b5388b9f,main_screen
cb5503de25104dbc582a77cbb416c59b,main_screen
b8dbb0752f7e54343443c65e8eb2eb0e,main_screen
a642d8aecc60edeffcde6c9f7cd53e3c,main_screen
455a4bc94848afc2104ee714a8305b9b,card_recharge
e1067acdb40e6bca63fdd7e530e4315b,main_screen
66f6a6a29f5de1597fe467229be7f761,statement
3ade922abf13ea8ba845066868e08724,main_screen
5dd1c76a75783763d6d2345c05baccc4,main_screen
76475dca95af4b667f90f52b1e398247,statement
8fc123256a3335c98967bab234e6cdb1,main_screen
8f9aa70e9ef62fc2c31f73118dc96c47,main_screen
89a216242d302d7b481e9c474a24c7cf,main_screen
86a0b7d54c38c5fa434af85a4996a403,main_screen
89d25e18a8cdf52a7ca7067e2b08a0ba,main_screen
a6f1d592d3176152165959aa99f462a1,main_screen
f7b2518d464fddc85c70e6d307753d04,main_screen
d892cb6bbb9db2b777a17e9e5ec08c35,chat
36bf7e843b131269bcc89a1ee42871d7,main_screen
76c566f69184fee483f2dc42572e2f46,chat
fd96e06890f5b0ef2e90f17286f5de6d,card2card_transfer
e61361ba6b701e76e87fa0da8bf26f9f,statement
b6e7d7d9bc2c6b095b5fb7badf57b227,statement
84492c8196854825c9317cd27309fcb3,phone_money_transfer
cd384482bdf14b548b76c8b63d4805b4,main_screen
61af5e94fe501ca7945602a0682c0109,statement
815f41a767d19908c52f1e43e36d08c5,statement
deddff43b5c400d83aab699c37d005b2,main_screen
732d50cea7d708fa6ed62061725de6b2,main_screen
cce0cce43099e08bf5f7181c15b1062e,main_screen
9215a870039c5c76f1afd7f30b28c1c1,statement
c1283493c5d4097c9f23ddd0a1601933,main_screen
fefd7ff5a9208829de588495055478da,main_screen
ce35e09030406e233570781e979e08f6,main_screen
dfacda50a1625a02c2c4ab8aaf4a54f4,card2card_transfer
2eba9e6668ad9b4a80b8b462b9662484,main_screen
e31969939b0f14cb26f8f79e0ab2732d,statement
e0c602d8beda9cec601edf1b6669ff3f,statement
53abbd8b0745b6d17a948f7b506765a3,card2card_transfer
f822a8595c750aa52c1e9d2a08010dd1,main_screen
59323b95df1d9fa41a732833fa055133,main_screen
61f2049a5aba7a4d51c194778dd6057e,own_transfer
fbc630d04d8258b450193021d915b08b,credit_info
44fb02b2be8190f184331efe23e411b4,main_screen
65950567af21b20363b9ff1e82b5b4e2,credit_info
aca1c2f51dcbb6d3dd83900caa3056ac,own_transfer
51e269cd31abdd238fb29f64213d7fac,main_screen
433e5dafe5d81efdc781eecf1dff1c02,main_screen
fca5789cab0af427c40047d606b59958,main_screen
20e1b7fd54359c692141303e8fa36e80,invest
44554aa27fd49f43749cfb44b6fde26c,statement
14c693dafe194597f111ddc3250140e9,statement
067963ff2322d4745f5e5a3251fa16de,main_screen
63eb714819372b99ec00277203fdfebe,main_screen
5eaea8549517eace727678d8df93a294,own_transfer
6659973dcb86a1a06b5ba6b8bcd583ff,main_screen
c3c66f808ccc2fa405dad09ec9757b59,chat
5607afe8d8cd978efc678257cb2d42cc,statement
bfed4c611f92960e56251a1ed1b11dd4,chat
7eff2a008ce05600005c8aff40ec4784,credit_info
c6c9e0182d95ac89f0651cb611776f68,main_screen
d3bbbdb567192d80004e172fa2922e1f,main_screen
5e61bb82339a51872517dedbe2809931,main_screen
a2bc7dbaded00afbf3ffe57fce7620d5,main_screen
e79fd17d08d20731fbb29e897081d4fa,main_screen
c493264d3295ab61063d3156eea4d614,statement
9dce5ba085a8435305a5a50b4b2b5301,statement
8badc65bfe73b0042f35b9cc4b60e992,own_transfer
1aa88980d4ce1fa76c1679c1a86b9e20,main_screen
49a77e30e41f343dd9b85aefa770ca9d,invest
7757f367603478b17e7894d226084108,own_transfer
78efd550cb241ed4c3868623fc9f647e,main_screen
1c5bddc858e3426ee8c0f8403a36a7b6,card_recharge
ec5e92a1a65841f5e17a393a2ef4feaa,main_screen
83535f8d0ffcf47f7f1a6b93c110ad1c,main_screen
f95c77ed06cc05ff18228a0f6895cedd,main_screen
063128214c3fb848f7c65f8bcb16c87d,statement
e3d33c1219fb9b4159ad2cc08e0811df,main_screen
3b5fa85149e3f3afd4e90a506adc8ff8,main_screen
9b1210af7b6243a0490fefdc9310ee07,main_screen
54fc7f4c5f48beaaddb6b2c0e863df63,card2card_transfer
5cbb53c816e28a37e4527b91ea5413b2,card2card_transfer
661372e53440cb93c533e66c5d8b0439,main_screen
77ebe9793ae8bd801097f773f8ce0600,statement
23dcca313281efaa6c8b02da49c04fff,phone_money_transfer
478965b8399a8e2cb169c93c5c935170,main_screen
c11ec951c2cb5a5efd2755222d7879c7,chat
1e89e2fc3a2d06be816c694e15bd20ac,main_screen
85b4453eac04e701aeb76fe35f8cba77,main_screen
57e4ba02b1b5393788cd6ad4a021fccf,main_screen
9dcecbeda085887d5f4b144832d22061,main_screen
f3779d816594320d470c27df1f617e8a,own_transfer
90b1fefb595c9baf94e618e7bd04939c,main_screen
dd77fa5d47ff69c160bafb630e132a57,main_screen
4bba0ea9fcebbaa353a79362da1b6dc4,credit_info
45a6962136c0c2cac427e3f5d842b517,mobile_recharge
84d4451b9ff8c6d72399ee283e0f68e7,statement
433c82b71836735d5396d54582346328,main_screen
bd372cdabdca33ce3195b4e2089f3ebe,credit_info
40e0bab60b44b657585da7f801eba230,phone_money_transfer
9dd762a73b751e7a1155141da424dfb8,statement
b4d3045ec4d63853c65c84829b798d2a,own_transfer
b62fa746f3d46df057666603db497574,credit_info
388692328317edde077aca7bc97d35ad,card2card_transfer
923c3ca264715427a937d26e11b1fefa,main_screen
e6b3ab3ed951d69ca18103a6f38cd985,credit_info
e25afb9b4d282d9f712ad46c7c21ca62,main_screen
ab5f73b3758023a031e72346c7ca97ca,main_screen
55ce7ccf8461f1ea1ab5187f6b6b65d4,credit_info
00736fd54b4b191c16cb97a8b52d0ed0,statement
3f3aa00a3353c5fe0d89d0278683d0b6,credit_info
43730e77c91ec851f471f836501e54ea,statement
c6135d660278685badf01cadd4d1f040,own_transfer
6e203d9de91d4f9d99f4164a63dd1916,main_screen
6017925f9a359e10a5b904a71ab55e97,main_screen
72bdd6ea5b2d61e21a172e3329c55ff9,main_screen
a9349e44793b3f64ffe506cc2de11874,credit_info
072de4e4cdcdeef54b222e335ab82c2d,statement
e832f33be54c3bcc3f656756ce311329,chat
1960ee9883b1df34b41590e0b7d135ae,statement
35541382a51f2153e5fff265a0eebfac,main_screen
dc14ad508494af2a8b1d013d915c19db,main_screen
d265cc69a19262c49ec2e32ccf19a316,own_transfer
0d8ee2b47a407f1ee34e72eb94c4ec3a,credit_info
75b59639d24a47a01184b95ea65264e8,main_screen
ab7177f9ff99762e6f6b627b55e966ae,main_screen
2c7d361c90a17bbd7a6a686cb4368282,credit_info
6a05b1361af98a2c26251201bd75898d,statement
821c211205c9850a0570d91ae7685f22,statement
66cd0c6f8a14773ed6f46d7265f7b5bc,main_screen
ac9a3150c176b5c301daf2690607f9f2,main_screen
ef732a5dca23479907aa9d7ae3610caf,main_screen
ebd69cc8b1a8ce802a45a065ee65d64b,main_screen
b8bab43961038757d5596b1e9c330769,main_screen
a15380664e95eb01814c65829a5dd36c,main_screen
29175be5526447ba4dd6ad5bed29609c,main_screen
37292bb07ea12517813f18f96783c695,chat
e29a7493a40daacad7e18b0b8f8f427e,main_screen
665538626b0c4ca00fc9274ba5ca827f,main_screen
afdb67d938168f3c188ba499df8fb9d8,credit_info
3eb5057acb91b194a4549bd8f050120a,statement
cb18a44f56dac3664ed1cb0e2e3bbac8,main_screen
f529c8fe5a2fc6a99bd317f17b1713c1,main_screen
0416b7bfb6d665746a11c751536d8853,card2card_transfer
78aa4a2f0a5ebb748b4a7f56b2013358,credit_info
a283fead968173b77cc3ee8eec234136,main_screen
3f95f2624ca2162194085d936de3cf10,credit_info
436dfeb39aecd015ed1a624d1faf9c59,credit_info
ebe7d4504451affc8517f8be0733517a,invest
b128214bdce713831d988cdf1a202d9e,main_screen
496eb658d5b34b70dd28ae804e58fb00,main_screen
bf3f62e6370ed9263ee88cfedf7c58be,main_screen
f998c427be3562a039d173b943c0ec3e,main_screen
0a89e623755d532c3d911633c0f3a0b3,main_screen
cc2fe0525c81ac44f172b428854f780f,credit_info
28888b24d8591fa5b485a3baef638c95,main_screen
56ebdecae56e056b524ab40ac2dc85c7,invest
176fae5468d510f54fb100c2affb46e6,main_screen
63d96a6b3df6183fbb5368fe63c06353,card_recharge
82866e23cce9265ebbdb0a790a992584,main_screen
db2f422fd238642048eb12e5517aab0f,main_screen
e5e1e0e8086f73b0e273533897e5bfa7,own_transfer
c7f78ab8ef5fbe267959c024cd027df1,main_screen
3329ad8324d7a2f260838a9520536946,main_screen
83ff90a3101440d87cd7c0acb09644e5,main_screen
160e44209ac7138a1be108c15829178b,main_screen
bbd7327b9575e7f47a3c4af65b980f96,credit_info
97db3d7a2b3126cfbd68e4a89e79d4bc,main_screen
8342ec6e8bf454f1fed80dc8def994fa,credit_info
d4f0c01ad4c2407129cc1688b5919459,main_screen
b929a279e1893f0346468202c910df9a,main_screen
1728556306ffdd2252810bf680398880,main_screen
7dfdcaee9fcd99576193d09452eb38d7,main_screen
bfa92684b5ad3f7d9f474208e56a9713,statement
16d83e27d0de50538f421ebb6ccd48f5,credit_info
38d489ba13bc11ae7096db5e290b97b1,statement
46b3b802a7d4e4d22422faf63a760786,statement
f54edfb91f3d386a194bfc915161ca8c,main_screen
5e579ce4eea5d1faf602b366111ee8ac,main_screen
12c7f00d48f95040ca51cb7ec17b53e0,statement
d367376937ab96b7fa086be7c3e656f6,statement
7a1691af62df882b72f766fc297a1c0e,statement
7f34a57e139de3538f4bd7884faff706,main_screen
2d2386b425cbcb212c1abf3b7e523104,main_screen
85cda0b07a3039cd540213b93744dea7,main_screen
658970c6da4c947fa74744dac3cf2add,own_transfer
d5ad5fac848c8636d583848a6b368da1,credit_info
444db6ad72fa142f9cc37f77a8f77ac1,main_screen
3d2e5112e711650c6f691492b04b5fcd,main_screen
6b13507ea20e6b8bda94fc4f788d6fb8,chat
920343ba8033d0575f77ebc3545f33a4,main_screen
846e0b6dcb924da257957a95132e3253,main_screen
0dddf75c11cce00893cefedc68563d5e,main_screen
1b7cf3dd0d1ec8a1349120c101427eff,credit_info
b0240c1640eb9bd674e04ad375ce2183,main_screen
4be04e80b13e13ea470fe2f4609acaa4,main_screen
e7e4717713d6b6ec960bcdc9f835ba7d,mobile_recharge
16c4cc3ac14f31460fc818162fd88c96,credit_info
a45b6f7f64ccd5f8c9eb7174f0a104c7,main_screen
6305b3c1c72a31507bd9b6acfe7dee8f,phone_money_transfer
cda5dd9bcd877715b24d301ba01be826,main_screen
b9244bfbe35e4e3bc912b2291c344a3b,statement
b7671267deae8ae566f5cd8389e8f927,main_screen
12373d9d40ca7255a5dc963a349dfdec,main_screen
da1a2cf7add0b7cc59021204ab2b4098,main_screen
ccd28c7be756557748cfb401a1c3ee95,statement
d570382011d6a30193345d6a0b69a11e,main_screen
f4b621555b370070018c7f797575726e,statement
0092206bf4e85d21512b39171f95a959,main_screen
066eaf20494c5b5f6dacf0996cd21293,main_screen
2acb9b3f622d898f8b635d90edee8c2c,own_transfer
e49b2efbdae298a4d703d241a564acfe,main_screen
87c622fcea7bd3f6ffbcd34248b887a4,main_screen
beccbc964c150a5afe41dd8332af2f36,credit_info
7ab3097c3089f8d08977497bcb944efd,main_screen
84284df3a05bea420dc801904f5a9a93,credit_info
970003fb0e6b0038583b3198caef7bd0,mobile_recharge
7dde0d3cc7fc2e8baa8ac0895a325939,credit_info
67a8c6875b57cd275bee9b2dc83795d4,main_screen
b3badbddb159a88912de3471ff56acb9,main_screen
827798c331c8e9c360be0cf51146a340,main_screen
02ae5dbedd7bcb0828e45de261824e81,main_screen
e380e1fc3e0915d43fc40a0f45f3d778,main_screen
a1df5a2875e6eb156acb030a21975f93,main_screen
b4ecddc1715c1a8d565b4953f56032e2,statement
bd039005f5a4393c5474e14f118f3a4c,mobile_recharge
d0457c779819272927f5c4d899b3d3b0,main_screen
749611466aa6d233b3e27f63c423c836,main_screen
4b7842a3ceedabd5d5249efb863f5061,card_recharge
42d29bf5af46648101b270110e98e11f,statement
ab0333403908e899f54e629fb09fdd2b,credit_info
b510f8943c4f90466fbab988c1a10738,main_screen
8e9ea2f3ac1dea679c3bd7cf721cb0cc,main_screen
8d1a2004898b22d9d12660b35456ca81,card_recharge
62e5f290ddec2d162787c2643b8e77f1,main_screen
a37553d6c860bd5931459b783e7f1276,main_screen
4722b4bf3a642ef8c4df19b3c6f41e8a,statement
b250e7b2050dea5e34f4f282c9817514,credit_info
0e0cbe3f43d7b3488ad047fcb6b7154a,main_screen
73516258c46de9e8884e7504d621c855,phone_money_transfer
15ecc86f1aa0786a8203703ef1007e33,own_transfer
5ad141e555a429ada3e266ccf13cadac,main_screen
2d582fe954055ee701cd2d70d04988b7,main_screen
31cb4e8790b54eb35564a5ea398280bb,credit_info
758b2a7e42a9822c0cbba498680b5764,main_screen
42d42fd700003975903bcda9d34c8299,own_transfer
9150381e69b9fedd8fdc009779ee69a9,main_screen
7a288cbb9fe731966df313a08c5398c1,main_screen
cfd04a890deb21edf6426a9eb17b9ff9,main_screen
69da6a90df1849d78447236568a0704a,credit_info
cfc52971e2044e264a80b44f4ff46569,main_screen
9f062007c5828c67398fc73a303bb31c,card2card_transfer
60d79d8dcdf00ff92ca4d83771fd9b3b,own_transfer
84197a4f48289678e027d6f273544b2f,main_screen
6532824224d27ae894552247a139acfe,main_screen
b424e71968b2b07e5ff650231e2b6a58,main_screen
d17dbc7300ee4129d5f4ba65980153d9,main_screen
50b5a14842dcffae0bd90e72cd777248,main_screen
736d2ccc5dbe67b39820a173bee6bb4e,main_screen
f28bd303a71773baa85f577a271ad8fa,statement
6b80f9bbfa796baf3d3dfad9bc0eff38,main_screen
b3e49b5bbeef3209d8e38541b36ab8b8,credit_info
d950a94604e4472c4fb8459aee8f87af,main_screen
23c9dfdbb788325fdda82fbc9a80bcc8,main_screen
2d515f0e82a05f9be44f91c404ae238a,main_screen
1539a585e1cebd9165a70ee1dd64627a,statement
2fbffc10d63a5776536e7af111a599ed,main_screen
a359bf0d0b1dacc38edbcfaae364e960,main_screen
e2c7dee9645a8245e01a2b83bbffe883,card_recharge
50df407445b229117c9c89623e6f9af7,main_screen
49faa87dcd8e3c971f511de8a18a91ac,main_screen
4bb05b889323566eec7b7a241321ec56,main_screen
6022a4a990faf27a2af3eedc09442851,main_screen
f97a59c7969e9477d05c6cf90903e1f3,main_screen
65a4770c9f9edbac0a9262905e9ca75d,statement
b6ad30608b0c923a8ecbf41dc61a29ba,main_screen
785fdba0a8c5f2f17825812cd81762ff,main_screen
9192568f723fddef2eb2d9b4b2ae5d3b,main_screen
9b493a55664db91f181284baded172b2,main_screen
dd03842427e522bbe72d4e10e0cd3ea9,card_recharge
64630095b4d1bfe5a8d51ae7a723469c,main_screen
9cd7359960bc215a140a23676728adb9,statement
e13355de7fa3bbd6919647c434449815,chat
3e74463e83e09e3ae1799cfc80a6fb6f,credit_info
ff1805576b38f899c0fce235ccd1f491,main_screen
37fee38fd20a6f27471cfd109f6725c0,statement
a1da664d4143958438edf275e9481452,main_screen
9c9c7ad1e3a62aa8cfae64ae20b40f1e,own_transfer
2c7696d1849d3928d66ecfed05fb50e3,statement
268758c17c3f4a04676bb35484074ab9,main_screen
8dea0eef17b149f9613df8ca24baa41e,main_screen
d6f55cca34f0ecfa0a872f1fdf735681,main_screen
03c1f8994d3c1a7f7c29daa5e7b52a50,card2card_transfer
52d3e96fcc8bcaef9d158cd327d9a1bb,card2card_transfer
9c3ca26af37700153bcd7724d8860f55,main_screen
8b29927f5b16667f0ad60138bf5eccd6,mobile_recharge
b486064a891f0895253c6e6c5979abe6,statement
3b8e725aa13be0bdc9096876f79e268e,main_screen
2c17f9a768a822c60f333527b50eba31,main_screen
db5ec1a9b4708632a19750e4b384330f,phone_money_transfer
b13ee5c3f0e9328a46f4bf776f229e93,own_transfer
45823fce557dcc5566eea271ca3e9466,main_screen
aed687d2666f3b2c86454e26aa533013,main_screen
f80e72e8940ca1faf7511b31dd2aacd7,credit_info
bcd5b19b006d28a21fc19bf80484823d,credit_info
fb6da6f855f3f64210cec2d54a7be688,main_screen
1adbe81351b82f712fb66588807982fc,credit_info
f74f212726a235a6c92e2a73264211d7,credit_info
8f8ff6473896a0f0a91384f50d329557,main_screen
0382d009be4a2553a99b9c07ed294dcd,card_recharge
16772cc69ed51103bd1537fee02aa552,main_screen
8c71391d84b3adc2aebc233bd7ea3b1f,main_screen
b575f6abce88483de8e01de3db36ff3c,statement
04af04875a81ec6e61340b1ffb04f5c6,main_screen
e974feed1c958e7e2b724f92f7572ceb,main_screen
9ef2eeb3f5876beb41c10905c626e92b,main_screen
5af18857fee7a8f88705fecbadcc9c21,credit_info
11d19f0c18282837528bc4777845a61d,statement
2bdd33fac99118c37aa9056f307a7158,main_screen
5c8624aed79b1dbc4f0df597e35c08f8,own_transfer
d40f47df598550c38529dacb39b57636,main_screen
0c783020f1f430598efa227764d12cc8,main_screen
3dc8503a913e990ef5701533277ad7bd,main_screen
8d845a84cfc153aef0520b0c37134e10,main_screen
4b3ec50c8754018eb17257996e9590ef,credit_info
9f896fa5b45c34116aa6a17c9efe2f50,main_screen
317ed21c2030934f0d47eaf5e665422a,main_screen
16fad28e05f6969840eca5da2101af65,statement
621732f4f5166f28cbe6afd89ec0a654,main_screen
c19af592175cab3eba598d19334744b9,credit_info
1271dff81f4c806ab6f2f7e6a87d2f04,credit_info
7050724ef7ac9285d67026b178767958,main_screen
6f9cdefdf0c300f5b9f304219313af15,chat
efeded5afa86ba96cf9ef4ae05a13da2,credit_info
90946f161d930641ee1164e39e3ffba6,card_recharge
f827724562f1d946fbbc4fcf5f71be75,own_transfer
e974c109e74f2afc9feaba51db1f9bbe,chat
dd483f0de2727a618271ff082e405e3d,main_screen
79ed242d18209cf7493988ec8f0cbb48,main_screen
cdffac2886ac541b82e61fa8248dbfb9,credit_info
606f7567263d12f01971722fe007efc0,credit_info
3e33bd159812876c8efeeed95a88c827,main_screen
558e60eda0921b1b63242aad724bda8d,credit_info
25e941645f2ad01cab16cf74864813a7,main_screen
4dfb76ed665fcc5d1bebe8cc87eaa599,card2card_transfer
44a2b405463b3af7bb12c72fbf8530bb,main_screen
702124db5d20e521f05a393bf27269c4,main_screen
d465a3eff3b8b03428720ea84c4850ba,main_screen
2337e16eab5577b2c7719e780c49fae9,main_screen
3896be565f2edf9f0d8f6dab00b9a1f8,phone_money_transfer
9d1321daefd4cdf916c6dd90f9a5d2e5,invest
69c6b7edb9d02b5076f2879d24a994c2,main_screen
a3e165223e0223b86b155c0c7281dbba,main_screen
1b8c7a25ac7073d204c1fb8440bc35e9,main_screen
64cb81ca702aa914abd47bfc2255ddf9,card2card_transfer
1a77694f5e18a5ade19f3fe3da5c98b3,phone_money_transfer
cb11659c5bec156fbaaac453230456c3,main_screen
ceaab772a9cded521f5dd4709225b2a4,main_screen
0b5aef377419079f29e2b55ef3483770,main_screen
69da2032cbd669207f7af85dc4102f3f,card2card_transfer
5d7f248b23ff238db8b3588218b10f11,phone_money_transfer
44796365e55bbd9010bd6eaa3105d000,own_transfer
c8e8e5e646fb9d3b352a6fbc78d376c9,main_screen
ee89c598d25ccb44f83859ffca02d2f1,main_screen
f78f6dc473f5979000fdc53813ed03e2,main_screen
a47724cf7491ea54ee9f13a7b988d0c6,main_screen
228f3cc2f063143fb40c94a7320cb9f0,statement
7a29acd85ef2d4d193f4bfdb6bd82e2e,credit_info
0c66e2d41bba3919faa202ddabdaf1a0,card2card_transfer
819847f1e1b77b51d58a41e86b0d13e1,main_screen
a061fd57a18af92ae8365e53fb5afd78,statement
c2a69899527df7db70833cfe704a60ed,mobile_recharge
fb4e4217dec2c509b5cda7f00c5ba8e7,credit_info
2e398832051f2d93fae522f22af74b32,main_screen
d8ce2ae9b31651059a0e9cc7951cf6ae,statement
8ffe655c1a89e506150bd8e1491b9a9a,statement
eec6fcad55c9280b62ea58a987da5168,statement
1f8d10d8d6a6378a50a2c49b475659fb,invest
9f2ee63f602ff86f91d7713ab02c1b79,main_screen
62c9f1302f74e78d97f40c82162fbc6b,statement
cf62a6d561c23a057ee76b3d2d024f47,own_transfer
9ccd01ed6410a174928bd9af7715ac66,main_screen
1b36f5102e6239c29bc5808405325967,card_recharge
1dfab64c4b79102ed6d156cc46d976e4,main_screen
b0217213da2d76e1ebd2e4970116cd2b,credit_info
8aa861fa939890d29675e629b798e7d9,main_screen
1557888730da8c13740c791a4a7107c8,phone_money_transfer
21f9bbe14313659aa20fe421d7270186,main_screen
72f00d406535feafc76a7430b167d924,main_screen
445e8acc890062380431be882460c490,statement
2727f79077e7aec4151f780bb5e30df6,mobile_recharge
7992b4139374fdb78f9bf4811594e561,main_screen
975590c7eb71bdb3965945b3ee8046fc,card2card_transfer
6236fab7c7839b59727bab2da3740911,main_screen
ef4608d8fbbf449ec3f783462c30a5dd,chat
dabd006218becd1c0cd960dcdc861506,own_transfer
31136b4194061aaf64e5a17e677db0eb,card_recharge
b3bb4874b945398b7e52afd0a12331b3,main_screen
2b9a7bfbecaa7db5e338951f950f50af,main_screen
2347930a5a4db7f19557adc80ee3eed4,main_screen
b6f8289023c07fff5fe02b85afd212ac,main_screen
0a8c2ac9ee4bba794ed1c3e299e19f0f,own_transfer
dc707b0aac320a70425883b9342d6539,statement
272d4adc425e9010985e741422275eba,card2card_transfer
1ceaefcc843ded64d7d44fb56407cb8c,own_transfer
b4ff871fcac97774d105f900802a49cb,own_transfer
4c922d2aa723b4afde3cba7faadee2fc,main_screen
d6cf4492aeb7b8f873293926a5cb7933,main_screen
76ec07223b7215e4d7791a97fa87dc3f,main_screen
6e11662998d2e89841b767e9d2a6b5d3,credit_info
87a23f2845d81d3b8cedb9cd01689b29,credit_info
df1e679bce9c67d650990a6cd3bbfc9b,main_screen
05e435eb764ddb2f44f21c8832af5cc1,main_screen
751453ff04f2e54c54c7c75e35d1cfee,main_screen
d98151081fff99fddd202d2eac34c518,main_screen
2107436ed1c16efb85efcf46145a7f1b,statement
d36102e7447524dd21b74aed36d59c7e,mobile_recharge
08277fd1ed18adad8825ba9774bc5857,statement
851bf99ae0f50485ca8b949441e18e36,credit_info
943b1d77b908c9b8709dd6ab979cf1d7,main_screen
d885af3b3ecf2d9f756bb02a35ae6b11,main_screen
8be8b6fdaa04222714ef02bdb2f54b83,main_screen
2d74b2669528ccedc84e03cc892b0b08,credit_info
738ce6637e04e35fcc49677d7e479b5c,chat
37464ac3157be9ba391461177407e987,main_screen
666a900832df4e7d5d69a801f8e1d703,main_screen
2a06f8ac4442ff27981efa2864f73560,credit_info
90d10944771c228ddc93cc9d61fcd3be,main_screen
6bbdcbc1854777d5fb1cd595043d1cf7,card_recharge
d1bfc3b590c6a13a6d3957c975ccbcf8,own_transfer
0d050ab89af6e13018584b3d169c3d6f,statement
d99ccb07646038ff36a7e0beea81e353,mobile_recharge
323c1da7c20c7509a7134aadcb4d9101,card_recharge
dae35b07678684f47bfd527ed06f5497,main_screen
ce37ec2cfe14973be795bf7cdd9c43af,statement
7e3e8bd689a189b90129d64cee07aa29,main_screen
0ea288cb96c8311dad4275164c10b341,credit_info
d238dc063fdf735bc5ddaa7c98a100da,statement
ff393417e70e67bf185971424d5f18aa,chat
103d98f455fd6c6332bef7a1b8a5cd9a,main_screen
5bf66795c2a18938c23bf999d57681c7,credit_info
6c2a4aca3dbdb9b34d54986d8292565f,main_screen
57d3560d5939e8023eb79651bec41c07,main_screen
499575f0a057da726a64b9b3d5390719,mobile_recharge
72d8cb5d7033ae03929815cf059f705a,statement
503650684089e7f439bde1c0d4377a2c,main_screen
09ae21b0ca5e8028bca23078c801e5f7,chat
1e9b277291e9bfea9b6ec336f84d5368,own_transfer
02f95770d015020246ef10f38ba00229,credit_info
3e3fdcbef61f502449daf037d1efcab3,credit_info
74bda512e886e15364d784574fbd1d61,card2card_transfer
74704e765e422b37f441658210d3c748,main_screen
812fc65a2ce6404292e2a7f9a501616c,card_recharge
2e98ac4ca042997d7f48200695e3d6a0,main_screen
fa9bf5d22e4c8c7dd7514e4df974062b,card_recharge
4740291d58ab7019e2b94602080c569e,own_transfer
9a2ee2b22a9b9fc60c243365bb844976,main_screen
fb3664cf0bb1575434032c18022171d3,credit_info
8ef1a019e124a951cc3383d33612902b,main_screen
b42e388a81772057e3191ab8069fb4a0,main_screen
d5f2631e93dd8adb4f2ad3c322fa0972,statement
61035f5b41260867153664e1697bfe8d,main_screen
ca8b68cfe171abbd060d6381f0f7d48f,main_screen
63f1e824d57d81deb9cbd6f979fdfaa9,chat
083461adc94c08d510d862e104a91b8b,statement
2c17894acc2242dca9fdf39f310a27da,main_screen
84a8a670199c5cb164771c2795523c0f,credit_info
ae08579834a83c5c306125fbedf56fe6,main_screen
4985f43a15f1b7aae4ca2c10370f9299,main_screen
95029f320ce82cc0426692788a03fc21,main_screen
2fb921daca0d7a7123f046f39364b8ff,main_screen
27b09b4645971ee6fd91140fabf885b9,credit_info
367a252398489dfa0e9ce035c3e334a8,main_screen
fc88638c41c8edac30b2ac8fd894c731,main_screen
86e7402b1772e87192835af3e1f95410,main_screen
a8c3e0bac67f105f598d077bb06951e0,main_screen
f2a338bffa132a021d5600148c9dd841,main_screen
13c18342852e7dfaacce489a45c77ce2,main_screen
0fbd43db73985373907810d6fdd2fd9a,main_screen
99a1600f3fabe4416c0cb08d4ac4a007,main_screen
d0050cd791e9b1551636ae07a8cb0e6c,statement
83c155d0dd2d4e075d67f7a5784603ff,main_screen
025074233e28d8191d3c29a39008c796,main_screen
54fbca039166706915e4f94723374c9e,main_screen
f5ffb068476375e672c7ad5b10d92d4e,credit_info
7d8f18437ac3b08eee200fa1e835ca81,main_screen
27ac00f76ceb499a6041fe717c0bd0f5,credit_info
aeecfd25ee2d7dad3cfab8a45ebaa1e6,credit_info
8736b37b6e5a02b75caeaf082100c0d7,credit_info
6e3ba2e7fba64c3ae5f84a0a8a29580b,statement
927a00c60140f51ab3c36b3a38d27931,own_transfer
61d2413c390bbc3b9386551c2af591b5,credit_info
0b153af7c4bf28e5bd6e0398f2b9a782,main_screen
08421aae5fdf0f2e20a6a21ac4be0b89,chat
0baabe7875a44580bc37b69de4985227,main_screen
1b7df2960061a6890f5bf5c767b09999,main_screen
11ab0b752cef7a8d827cd7e181ced174,main_screen
b290a4f113aaa0c936a16edcf3923a42,main_screen
df10524ffd60e7cc9b201e112f440693,card_recharge
98203019b63b3a786011c405526526b4,main_screen
fbb7ab002781e6f90cce0898bda33cfd,card_recharge
09a55fa4f448caca9d38f9bfcdfbbc78,card2card_transfer
70f1df4259ac88524bc472da1819bb33,main_screen
bb09a4f28f5a4cf40785b46c0dc6601e,chat
5510bcd4b256f3467f5075d7f8886467,credit_info
fb6edab0ff57bd1ef0460b31300acc98,own_transfer
f0b86032f706326bffae1fd5717f67cb,statement
0a831bcb52bf437caf5e3e310d22c20e,card2card_transfer
15aa4ab568311a4ee9813f0f78680675,credit_info
06d9b143a4aa1be8af9db4f30cda28c9,credit_info
c2997ef577f82d124097c8a2643768f5,statement
b9ce81d5f0af36e4555de5f8e58c88df,main_screen
5cdfb7331e5ddadd1df97521e744ddd9,credit_info
02cf23ae2e604f6558da9bdb8ae292f0,statement
f34b13019b9cd28c0476999f08286178,phone_money_transfer
061973c84ec57b0e811821c82247001e,statement
9b6cbe236b6ec2fa34ef56d7c2ff76c8,main_screen
b1d495a81af16330e27e77594ae35072,main_screen
4279117c94726d5a50d23fcc0e81b355,main_screen
c32c1a0c5028f5cea750e6e8e54733d9,main_screen
00b738ed32c0c9d4a2fe0ee385a447c1,own_transfer
f5c1d0a53f93cb5cb3de39fe212713ef,main_screen
be2d751b569e21f20d124cd345419dbb,credit_info
9e8e7f2c87118bbddeefbcd14ad3d23f,main_screen
20a9548737060f4a806079b97e5ca5ea,credit_info
9c8bf918f213b1813310d56164a43414,main_screen
a9103aa32c659ea2563b45a28c7d884a,statement
eed288b75486e5ab03f6dabcee8602ef,card_recharge
d7efe132b4ee67591d8b2e78f53075ca,main_screen
944871bedb94bbd266d1749ef7b8b292,chat
cc1440861e03663f2d9a502140614608,own_transfer
5cff6d98999fa20fe90c23c72d0c3175,main_screen
7f4c03951696655ff57c971bc6b617e6,main_screen
87d11620e625b1128de3750b26b06025,main_screen
a67d21b6173a0564f6ecfca9a8ec566d,credit_info
3de6fa149b59cbde1f4b97578d3e0b62,card2card_transfer
cedf90494ea6ff9904b2e64bd78bd03b,main_screen
ecf67d23f1c55e3e1f0e45c147cf7f1f,main_screen
a81fbad195917a100c7650af7526a23e,credit_info
5aadae87bc80ab99866300e13c99b558,main_screen
62189399bbc5b5246a83551de99b11b8,card_recharge
6bf89b960cbe1a74bd8d5a9bbeb9a80b,main_screen
8f0a13446c6b5ec841239bfadd31f4ab,statement
be8ec26b7fbe2192977d66ef5a363b27,credit_info
2c1662baeb756b672188c6b78d0830b8,statement
6347ff2a2c84fc8c8b537711fe7cd0ad,credit_info
7b741adad05aa276f2b0521862ffca2e,credit_info
aa11c8d8e39e1fda37c922341a264964,main_screen
c9b6bc8989e5ccf4a7d0e409f1fbe186,credit_info
5708715778bcb344cc9ad6a1ec534b9f,main_screen
047ec5e6af92dfa27ee878f2d4144613,phone_money_transfer
74a864f3db6668adebd5984ae1c9b3e5,main_screen
73d4fcad2c8c2caab9617888fcf45042,main_screen
c2b74b33e4f2f591293673aabdb1975c,credit_info
6cbe06ae1fd4a1173791abdb56256ebe,main_screen
31689418a70797dce4a1769dba1965bd,statement
9568ccb0aa8356bd5e9ac064d74d0373,main_screen
115e3e4ab4a5aa1625f66305a4d24bc0,main_screen
50a958a1852ba6f835f4bc5bc0385128,main_screen
7326228802dad4fcf8e1a0d12c45b6db,main_screen
cdf26b331f751c30d74cf4b8f4a4e0dc,main_screen
8c639ed41a640feec7d3385b33be9863,statement
0bcff4100ff53ccb419ab8011fb45453,main_screen
5e584bbb7b77b25c181af7431a51685e,main_screen
9946e5dd4488ad99a0465b4bae544158,main_screen
ee993c4ebccd6dc9ed42698a98c3b7f6,statement
56ed40efea2f6982533f61ef9f9277af,main_screen
5629bf188921eb242ff6f8db296c36af,main_screen
4742aa2110b69472c2e93eab3bd29a56,own_transfer
6aa6ac428ab8df3083c647cddbc6c88d,main_screen
d56970454b3ad1df03bba77180871768,main_screen
ead4b7760c9745936b142e6788bb64ce,credit_info
21510eba1e6ddbde168630eba63087b3,own_transfer
bd9a108c09880efc7331d8df5f0dcc61,credit_info
ec3df552d157a650866f9272e6a4e777,phone_money_transfer
14d2bd24756e94e7633bd5828a97f7b4,statement
e202df757dcb903d766cf6d0d1a3cc86,main_screen
0aa6c322c5aa499e3fa580bd031a0167,credit_info
20cf42414c3af2ae236f5c1b33e01dfd,main_screen
bcd2ba2b117956202aeadc266ceac859,statement
aef114f3eb588f31e47cd2b8c0f53ffc,invest
927744bbd884c38aa9a32fa3c95036a2,statement
9645d5373331293e07f57308ab661c83,card_recharge
20a897581e3a2b6460276eabe14ea3b2,credit_info
5c460f3651cc7a86932588009e31c2e5,credit_info
4b74d2d4df6cdf28a794c8379fab63b9,chat
9ceaea7b9f96d77365f88e69e7de2bfc,main_screen
cbb026a06a8beaecd9f73e650e6690c3,phone_money_transfer
b2863b6b6a216aee84702dc95fc16b2f,statement
7ca89038b1d91d3648e40c02e6db4e7e,main_screen
8065b935a999bea2de040d7d6aeb33ca,credit_info
14e8caf33ad1d338ecd832eca3801276,main_screen
fe915bc74e45d767bc0f5d421be3c11f,chat
dbf53059242304690b2ee154b883309b,main_screen
af19871aea3cf3d8f519678bce88aba2,main_screen
91ad38623fd99944ed9a21d19e9272d0,main_screen
88027c2cc81c9121353c6335a1984f0b,main_screen
8068dcf7f5139258bc5dbece14643dbd,main_screen
1449ee5aee01a4fe5e28db1b9876f23f,main_screen
c8b8821d6e1e3f0e6016d1ff22259dfb,main_screen
358082b6247a10164aa6de5c6c51390b,credit_info
f99578788193586dd2c4e0f48d2b7f13,statement
5f1c505d335a4c688495961af089fa55,main_screen
69371b375b6f4b5f380fb227ecb89d4f,statement
be4bbd62efefb63767be8586fc7fb136,main_screen
cae597dc1b4441428ff6af80ddf156de,main_screen
322c65bb51112d058e0dd7888a09beff,main_screen
af61061f4a9b015ec5f75808447bf344,main_screen
f4acbf29045dcd6fdae9f2ea517d4865,main_screen
781e8ef61084ab14404c3d6f7fcea1a6,card2card_transfer
71c80262e7773faf5646d3632f2ecae1,statement
13de06074e956fc6b8b70472a316000f,main_screen
8a71579628998ee99e6234191dfea57a,chat
58c7137ec9d9112b524f8793b761951e,main_screen
6b680252fd5923b03db2839d2fdeb832,main_screen
11d40a6e7a226157907ae16d229b3347,own_transfer
b2619e4e696fbd40d0e0f1ee374f75f0,credit_info
e68e0c065c7ecd9f1787d74c4f79ed6c,main_screen
358b44c3ae3eadc2c5d38d573ce2aca5,statement
c4021fab1a254ef62987917ee9136d6e,main_screen
66fbcd69c275e343ea6d38a0ac481863,card2card_transfer
041a9e252b3e848081998eaa94d23958,statement
2f73430d24f4098a8439ff6ba943cd6c,statement
cb874166de7be8b04648975abd6eb6b8,invest
98922062d3fe3c6a9dc961818ecf11fd,chat
161625434aabb5981bfe8bbf247d97b8,credit_info
e7c8b7a85748c35eb7a5b079f3e269ed,own_transfer
8b4ee15437797d8fdd8008ba4143afcb,main_screen
99a3af021f9235ca3e8b3040b8d80947,chat
1cb91af465dcd33fb724ca8e62660950,main_screen
9658b4e5760578543d1d670895844f10,credit_info
3321a1b3c2d22923c6e2b0c85b65cb0b,main_screen
ed9c89122b695d3a07601814aff8de09,main_screen
8aefc9ebab106a8acc7d788f13231c80,main_screen
df6330797b0577a90cec625882acf2d7,chat
889a9766b6bcd15f328fb86680d4a592,statement
87866dc5d2ff5d99d0c66750234ab0d0,main_screen
8cce5655863322ca1e9d97a2f5421a7e,card_recharge
81b59660045900ee323bd8e178879ed7,credit_info
4094f9ddc404892d79eec62e647e5ed8,main_screen
62987f36fbf5d04bfe1a18caf0e89fa1,statement
017209acef4fb379eb58d0e6d2432980,main_screen
c94d467aba0f2eca14797b0e77ef50b2,main_screen
c701e3f22b43cc09f483c4796aed8beb,statement
870b49a572ee2842a593487a068df7cf,credit_info
7cafb12c91b365eb1e4374af4d3fed70,main_screen
81d6a8ab1e2abba3ca75f7338cef6310,main_screen
56278ee609e89ff586d6b240bfa16f94,chat
e27170dfa97cb80b3d56d6a19bd71a5a,main_screen
c8e723c0b27db892d924be0030f64d32,own_transfer
f969f4e9c3c49514251c4e406c477750,own_transfer
844f6e7e0f0cdc01f5fc44b7bad1a610,credit_info
a8752445794ba8647c21a83f322d1851,main_screen
82cb3751337ceea74cd89323b30ed1c7,main_screen
ebc0d463b52953e61b2b74e00cbc4eec,chat
b93bdb222e731358666741d020f70c64,main_screen
b67be2a730783d765368193ba909f15e,statement
17da815a7b759270a8360a62c6524bef,credit_info
19b98e1f1a6aab899fbda58a06fd7e17,main_screen
aa120a11b7165a482cf148ddcbd6834c,chat
9faabe9cfa8f475fdf320851cb2428d6,chat
9d40095dc18886cc5f87b2de45e0989a,main_screen
2c8b64929ebcd00b13a6425469129630,main_screen
4b8d810345771a992f78bc3852028283,card2card_transfer
5a78fad92bdae04d9df0b8dbfcfbbe6e,statement
1092c2a7db1813852999f911b3656466,credit_info
0c39a9aa1fa39188ab62a65b4283ca62,main_screen
2ee47dd347599b7fede833f90990712b,main_screen
5f250084dfd3383ffbb11428f4a0bf91,phone_money_transfer
494fac3a4402e56f90637d47cce67073,main_screen
cce27d0aee48c1ad41c55b5c442086f3,main_screen
3cb11e1c73a88b02b43e42c7c7e9dd5b,main_screen
4b9e028647d13299fecaaf3e0a191f0d,card_recharge
6e8590464b0d25de3718fc050c1b359e,chat
155069794a2946b988aa3d5038759695,statement
129ed9d551f967ba2987a7b503f893b2,main_screen
059f0f8ae1a113002c738de0f4d4f66a,main_screen
e509809bf5c87d9f53ac256f68843f39,credit_info
fb24ced6b10e774780d2a6b1839b3773,main_screen
93f0491b2e7c75677bc41d987252b5b4,main_screen
1b8f78391ac87ad1c8aa173fc6e3260c,main_screen
122731c6da3b9cbe9374ba06b0386c67,statement
01bdb3e4992d38dfa3982d14e49a8725,main_screen
3cd01ad3d01d3b72b9b77665529a107a,main_screen
1b76dda7b349036f81d4b753a1ceacb4,chat
8b79d4f02581f259088baee8c0954dce,main_screen
7aa0e2872c45f8f5a6aa18cbd4e72a70,main_screen
a81e7af0a828d43c17e41480be1e85f2,credit_info
8a57aa0c8cd9060c8a3b02c59ae2f243,own_transfer
3422c36651e668cff80783fbbefdeade,credit_info
bece01431ea6e6420b75994eafdf9882,main_screen
ed4da84badb1a74c7e572a3f5a1f0590,main_screen
cca088124e20f399ba118567eff0ff09,credit_info
b554da1a5c6d4d770079e2b65c5fac3c,main_screen
1a381ebe395d0cf52d80d306cfcb02b6,main_screen
debf038ea9fa62680ef666cf46c2fdd6,statement
8240c186a64509a5979f4d40b319488f,statement
96ff8d095b299f6e34e22909d15a42fb,main_screen
53df5fcb5ddc745844f8893ef5984b45,card_recharge
110808c03559417a5bfee5252ca15b72,main_screen
268f80525718a4a19867d58f8e6b08a6,card2card_transfer
5a0715911591866ba6dcf05c992aea62,statement
810959f9a42d73f337c830196375ebb6,credit_info
b8649c7ec4a9542ada132a6c780caa5a,statement
3b292339046aa0f37a69b1f55877a5c2,statement
37a3a5d5d35f4642128d109d501a1390,credit_info
ba3be6332983297963e717da4d3b8501,main_screen
f00ac4240f3c3e448a3ac238b48064af,main_screen
19454f452bd2e21981ed1fb53f826a2c,main_screen
f108ee2912a893cbcfbf279d10fff2e5,statement
8fc4574e1c7debecbd8e9574bc5b6aac,own_transfer
5ead3e67922fa2383fd37a9eb0561ac3,credit_info
799062bbdc7c32b39c5cc2aaed4ae3b6,phone_money_transfer
3ecbd235a1859747ccd4ad152234cd08,own_transfer
e5fa9415204f5adc664cf4a5f17e0a4a,main_screen
a60cbd8de2385bb01dd3ce37ae83be12,main_screen
d625d67976b2b3eca618774b14faf547,card2card_transfer
c6cd5abd5f7b1bf34b2cbe39f5ee683d,mobile_recharge
c8b6d801e6d2f0ceda8a651e80ac8080,main_screen
786c92a20cbaa828e00d0d74cee179bb,main_screen
4a2f74ccde6cf04c462b8aadf444fda7,main_screen
bd3d3de96ead77323f484ecb35dbce44,main_screen
789cf87dc32dce675a8bf7103c7d5c78,own_transfer
25d73eafa92fe28d553b367fd742d276,statement
6c25226213e9013cc495073f0c05005d,main_screen
98bef10700fb470eff5e475ccfaba787,main_screen
83ecaec4102e8f89f2b99b93580de64f,credit_info
53e4c2ae262fc8a90983ce3cc16a1cf7,statement
a6df09526db43aa3422323c46c61a8b3,main_screen
e2b7445b0eb25858d1cdc735569ba2fd,chat
db3bfe26b6a202796681df0086682dd2,mobile_recharge
12a64034a1556ebdf4760695b3520078,main_screen
d1a8a59a103910a3b8d062d439342685,own_transfer
5210243ff6410f788e94e1aa23cdd8a0,main_screen
c1c2e4b2698d725955dd18a8192d2ab0,card_recharge
699f3f66763103a1ec2335e1be0db5ba,chat
ed2652f7b4d8cae4e31a5912cd37bd92,main_screen
5af4778289c17086de0d566255007893,credit_info
2f4c5215288e011fe4f632a7f2134064,statement
52c47204873e853844312b6556f97e43,card_recharge
40064fd8d3c420533ededd1c92ffc9b9,main_screen
1efac6ab776d2ce1dd0a40faea0d2858,statement
7bb3120df783aebf4be8f09aa1528e11,main_screen
1ee72aaa925e410f126f85125abefa72,main_screen
46aea674044e15e6e347dab36f06e1ca,main_screen
3211384e25d27933ebc09b45bfc4178d,main_screen
7785db5813ccf105ad3cc11dd0c9cc59,main_screen
c3748c13eae0da409042d7f8c58a8e5e,main_screen
2800d69a5a9398fa9441cc5edc65a544,statement
6db27481dae24f556223da8f4add24a8,credit_info
40d8e7158686448cca3fe1c0352b4be1,main_screen
8f27186f94cc51e659fab3d4f2826015,main_screen
3c5c5559c10003cecbd7c46f5a7b8884,main_screen
a81362974b6565040d86647f236cb85c,statement
36c0ebb072df6547baa0b1e0935bc49e,main_screen
e21763cc5105f66d695cb46d74cdac9b,mobile_recharge
f7c0e88fb42198d34b70919db1a8bc5d,statement
b49b25349e9671f4191fc23740dc4a5e,main_screen
d5ed7a4a097c354a60f16d53a4195c8f,phone_money_transfer
32a6573d0d371b9dc69b2b2ad8f8364e,statement
5d99d5225fc0e585f734951cc5496e18,main_screen
a997d46d23091b013e3ae4d37c9887ec,main_screen
72ee83a87fc41ea7384a996a5f9933eb,statement
65b2c04e78b905bad8bf6c192066aa8a,chat
90646092c634e6ccd366455e64e1f631,statement
4358fa115e974367b6c69939bd4ced02,main_screen
87155767ec040f231df65b0529c7dfb9,credit_info
9e1ca1605e7eab3b9cee60281335a61c,statement
67c7c96136ca90687c3840e077498192,statement
733c5324e07c332442f80527eb77eb16,main_screen
44bb84a90d0c18d1450ae082c8aa7726,main_screen
1495c05ff9faa22d1f97d446c19e15da,statement
9bf3f30997a653b3f465f84105582fd9,main_screen
067b325a29c8e3144c81e90bac3583df,credit_info
486f3d4a4cd4a66cda9c1b8d0f0dd8c2,main_screen
84004ed74ce7b4fa32aaf3b8521652af,card_recharge
34c69cd5b5283aebae555b36f33cd60b,main_screen
25c6469593b95befe2b8f9d2b1777095,own_transfer
4d5feb1ed358e668a77abf5f39f92673,statement
95785f3a6d46dd06d24ae84fb6a1ea53,main_screen
2da6fb2e2cc57b7f15fe477059c20205,credit_info
f0b1a53091f67d6a3cd93c4555cab21a,main_screen
6eac19fd6e41616205f915735dd4de74,statement
fd868f62b5f41669faa729a270b4d9eb,chat
4e7fd7b1ce07bd262b1d63a3cfacf529,main_screen
23f7ad93c10d5d3ae26f1389df5acaae,statement
90a7a26d7b9d32fb9bbe375f180d1172,main_screen
872213c3d190fe8b32d40d197dbb1b81,main_screen
12f0edfba5a5ebe9ac69041771bd5504,main_screen
58d5035aab558b3d9a3903d16f95bc09,credit_info
692408f3d72d31d4095888693b168e38,main_screen
b84dc31327f7f24894d7a465b4c9db73,statement
e12ad1b3749d25f8904063078db30762,main_screen
eaf902eeaf408d64fc76ae48cb7c349f,own_transfer
1de96e38371d845c01bb4ee704f21742,main_screen
4b76757b2e56698a982a85fa09a08c23,credit_info
9e0b79e7f070d625b6bbc9a41174728f,card_recharge
e5244ba6ed72329fa8d5297aec0a0b8a,credit_info
910cba894d79dbdab77da5795968bd66,main_screen
2e5e1d8be080db68328082d1b03bfb0c,main_screen
8f3b5575cbd01c35a0368e0cb2cac76e,phone_money_transfer
d4cce10abf320b4e598f3ff24f051f1d,main_screen
c470f65358e4918337c2b6ae76e8e9ff,chat
69a06ff2d43eede1b62beb42e9ea28e6,credit_info
cfe9503116e0ef64d49559f5f5d26a96,statement
b9004bb8b6bef2c0959be386efc5a237,main_screen
caaa6d82a7e2000b5f3a82e6c80a3e84,main_screen
c13fcd2c729b3cfbcf85c549d0841b8e,chat
ccaa8da97ef0c0a62c908ddc28468651,credit_info
e5473c51ad12eb5472d298e81589fe9c,credit_info
5e7a7291bafada500cbd859d6493e265,statement
d7b36b5dfe816329ae4118bdc47eca8f,mobile_recharge
1083e69a5b3621b9d25c33cdfca1d1c4,main_screen
c68dbacddc4b8e59877832a41dabe9fe,main_screen
3faff278b5093777e8f6aeb5cb28819f,main_screen
46a349ed72b5430cbf7b5fb39e7d2653,main_screen
6810a955f98e105364091c06066199c3,main_screen
1649bd36d333e0fcfdf297434c037b00,statement
af91678ef657cc6df532dc16c4457e00,main_screen
df05f3a2c1cdd08bf70fcf34c6de0608,main_screen
713a444606a68617eb904a0f737246a1,credit_info
b4a2e969272d5d62405e82bb3ea9c811,main_screen
04e6e5f565f99a083f3bb4f42a5c5856,statement
27f7ec99bef2fdfb3faf2a7575fd91a7,statement
5ff048726e81821bbf86ef11bf352ad8,main_screen
f2f6450141401ab88e2b62538a7c289b,mobile_recharge
99a2c39b3d2c3cb02e928b0933eabed4,main_screen
28d5d67467f611a8d1f41c47bd7cf798,chat
35fba603fbfd028af9781c7b16f821e6,main_screen
f5a698ed0c1b8077727a2f3e2b726f25,statement
9aba0590cf8ce7378d24dc9151f3f1e2,main_screen
18523b8586a381dde762353f77780427,main_screen
3ae633c5f20bb1fd2d32f011e9ccb3d2,main_screen
ce5b56514df335469ef3c7ed8d6f4f34,main_screen
8dc1bb625e64d8b8d362cc44d85c8717,main_screen
2c0c7b01da2a28e7543bf3b67db1f04f,main_screen
9caa04a11039d51f66aa74da10d60c96,main_screen
1f91f00b2e9fc75392acc74e5a4131a9,main_screen
d3bcb6766cfbd26b23172fc55108996b,main_screen
24b7997fa6749eae36d217a66cc00e83,main_screen
d57babd9381de0925dfb6668e91f77f8,main_screen
c6390eb0f0e19cb2fc0cee68016e634e,main_screen
cc059209ce0bdef78d74711e31528e13,credit_info
133c0d125e8988f29bd72894d1568437,main_screen
e8a7b4bf601d1da4a9e8c04474357b9d,own_transfer
283fa83198c3f0b2753378f2a88d29f5,statement
60706f39fcb893671082660fca513c36,statement
d6aae697ea989d486b2669ded94f34f5,statement
2eec205d2db7200b2cab4213d936d610,own_transfer
4b60af70cd39427fcd4ea79bcf52b282,main_screen
3cc13b1512748c33210d06764d9e33bc,mobile_recharge
06cde2404acb6cd2e9807dd3825ca8ea,main_screen
52cc6eea6cd05225a01037b90ea4fd0a,statement
49cd8d2f8e615a5960ba5ffcc61326d5,statement
85b035024b87855ebdaef72caf981a65,invest
2a2d0597b7ee8c4824262b519324a559,main_screen
e1a56603f3f88a60b55571ad582ce045,main_screen
b9c557587a2bf77c767ff319d0408e34,main_screen
4ee15d2703afe88a4d91befac30e9e1d,credit_info
669ac6de5457c26f443d41ef5357594c,card2card_transfer
deda8760b0fdb288a8c98449f8cbc1cb,phone_money_transfer
3a16f4bcf0321a466bc48141b24a414f,main_screen
e785a28ff982605ec0624be45d1cc575,credit_info
179b8a70051e4f3da9cd955f4c46a00d,main_screen
a3d048e3137ff6c5863e2339ed60294e,main_screen
7b283fbbe38d83b9d914c2ae616c5ba5,credit_info
69db2ed122400f47ef2689e93775cef5,credit_info
d0f880ce346919702771f909c988bb98,credit_info
7eb74eeeeeeb64113b0df9439c135eab,invest
5b785c8c4d2221678137b5e1061dd318,main_screen
4df69d11f92af06807993a553a43b3ae,own_transfer
d21703cc3311468332435d7aa807b416,chat
4951a32b6b2ee0b0f31eee97ffe86af2,main_screen
39d4aee4581c90cb42f1de2e8840203f,main_screen
5e2bc64b2638471f102cd80ab4fe8401,main_screen
3741ef0fda5ea7d0a5074de5d5a6bf68,main_screen
75e911b37f3ea69597b9b4f8bf8e9e72,main_screen
ae396967aa3354df44d9156f17478132,phone_money_transfer
7b1bd16181d59b220b363ffa9fa6197e,main_screen
3ec4de53042de4bbc3bc97164859401f,main_screen
78ee1c788375d6ec994fe74eeea74090,main_screen
e9e3b94321ba76f1221ac35556976d87,main_screen
15e469bbf21881d893301338caef8be4,main_screen
2d87785de27187768cf30ddf67e76b39,main_screen
f02920ee023a799a91df4e1efc16bc2b,main_screen
108beef5ddd75585951d6b65dc9eca47,main_screen
18a5f155620f128fd485080bb3fcf262,phone_money_transfer
96b1ce8190f7f54f46546a0d11f25d09,main_screen
a790371db98e446c5b0470205036dac0,main_screen
b21676acccee2515ceb9b9b77648f63d,main_screen
bd91b62e27266306c8d28d0819fead50,main_screen
779b18b1fd76e3daaa56a4282cb9e9b0,credit_info
af5e727d125d697a2d287b50cb564261,credit_info
4368f41cd23ab031519848d0caf50573,credit_info
64e0d7944086a39adf1b384f60a19d12,main_screen
ad1526d47a13133a745c0ae84421f203,mobile_recharge
3648a7a4473211dd0121ffc9eb9bb19c,statement
11d08f7b450e4d26e4025d0a819d4035,credit_info
4093255d3352578af7a3f15464be8da1,main_screen
3bf51f0d46e4b7cec8c9e2469e575deb,credit_info
c6a948b5332fd21580b8478f3a2efd65,mobile_recharge
bc237719086c8cc65687adb9c59d89c0,statement
213f3e67a8e76aedd44baaadaffacfac,credit_info
bd9dfc46dad3e75f5255087dab2ae17b,main_screen
92e976c942b4120313bbf3bc2b411447,main_screen
c0a45bb6cbed435416a9fce5d023e043,mobile_recharge
5704d234052c397c8802c21368fcab39,main_screen
4b4eb709a9f9d9622a669ef12a485925,main_screen
a0407a7aa22c02d255e635e2b5aa8cc4,credit_info
c02fe992237878a7e13855de6eddc274,card2card_transfer
f95d036de08cea184525afe3da9d323e,main_screen
379b40b32410dffc15356713926ac891,phone_money_transfer
ccf28d8294029d9300a5cb93ce4a0abb,main_screen
c3c2545f2cf23c5b112add89a944df26,credit_info
bdc8dd291c372d0dc22c78bf588b03ad,mobile_recharge
c366da36e0838a99249b72876e763641,credit_info
9a9c85543e8a4cbcf0d96ffd2dedb90d,credit_info
4cba0916082152a67044f219dd897fba,main_screen
318bb0b90743abf11e257e7d7f280d8d,mobile_recharge
0eb011e21b06950efbdd3b8f4d76669f,main_screen
f2c454bde1cdd386cc52c92d82984c26,statement
9170c7ad0de6f4158b6abb94afc327b4,main_screen
99f34a04c22ced09a70a817996a3ef2a,own_transfer
231fea8cd5360680a29859c35aab8123,card_recharge
a9b830e0051d5dca2f5406f7d194cb11,main_screen
587bfab1e3bdd1353a46a8cd6a265feb,statement
e7c090d0eeb955ba8a7ab9e274b736a3,main_screen
c92455fca8e631d6ca80cc6553b78294,main_screen
62d43e56bec52b5af09dd3d38ae0e6b2,main_screen
f96326c13fb66789323cd21ba6226697,credit_info
6be4ea9896756adf4d2bed69fdefe2a9,main_screen
07840a326310c171882ff1c849eb04ee,own_transfer
54d3ddddd0a5a3c5eb1ca838c554ccf1,main_screen
14a5c4f82f19cdb77ed08b6d068675bd,card_recharge
d0fb3232fe8c1fd11164a3a66492a238,statement
d94d40eb7c9b03575d9629c07e21f6c1,credit_info
bc2fef3964ccc34bc44bae6823fdcae7,credit_info
31dba612d7730416aaeb899dd38b3af9,main_screen
50ea9d5f23d9b0df31adf6e0bbaa81c7,credit_info
2a4c0473dfd0f295f5108d5bb897fd52,card_recharge
e358e26f792d651fa1761e93fc9c84ee,credit_info
6776e7ad1763919ac1ba24792c43893e,credit_info
f7f0fca8da3d911c0c38322555ed231a,invest
789b0bef3415c1ca8e84c50ebd12a886,own_transfer
dda3b188090ede952e42d2ee45ae0b6d,credit_info
6daa98f602a1d78aa8061fdb73ce1148,phone_money_transfer
69652aa08bd9cb7ff46f9cfd0b2230cc,main_screen
7bf8bb34b18dabd5d34ab36a41314db6,credit_info
c65474b91b2e3742d26258543e54ef49,phone_money_transfer
4d98d03e2ebf71f66e498812e22167bc,main_screen
d4e4b573db5023c6d3f045df7fed9db0,card2card_transfer
51acea7b615a4ff832c05d55c68d2026,statement
046598d85e1d51cd4484b495a1cdb9fd,main_screen
8c06fd8217e5983d00835d1cfd1d42d5,main_screen
07740d513ed1764be542be49ab1c131e,main_screen
b4bd253560ff00b3175f521f6274e62f,main_screen
d148a34949a75534faf5d43b2b6ebe84,chat
60e7ecd90acc575cd3f788890cf0608e,invest
40ab89f4cc059bc8fa2ce406d82d76b8,main_screen
7fbd4e804017b7afe9080fc95d14c47e,credit_info
ab32a39404255c2a2ae552263d87b004,credit_info
c6c5b5c152840777dda582b5dad1dfa9,main_screen
2f83815d0ec8af09bc1bc87d1d00edd7,own_transfer
0798a135e890f6dda6414d1017f47029,main_screen
67f51325edd5ae2ae9ff7ac9b74ebc00,credit_info
b48cf2560ffac731d0da219814da7cad,main_screen
c574681a10b052480cc64ecf3a5b467c,own_transfer
bdddef3d7ee67f287586373656ce6da5,credit_info
35bc980acec1ae73db5a0ac41812c449,card2card_transfer
b6fd218c79eaa58b0906c994d5481235,credit_info
f35e13c375d4db38c858b82f3d861808,credit_info
715bdbc0c60370fa6b93bd83be8ecd86,main_screen
1e90daedce30665d4bd1cc7513f6ba4f,card2card_transfer
4ba8d422c05932e6bc1171d33a2439c5,main_screen
5954406ccc27863637ed42d75f930063,statement
e19d1b48d89fddc696e93c736789394d,mobile_recharge
572d5ff1fbb44ec5c53cd793e4c75d12,statement
c80ebae2c9c0388730f4eaba2fd1f26a,main_screen
2014596e954c12e13568bcdc9d33add0,credit_info
24f68c56cb09be98e121fa8ae979bb37,main_screen
2277df03125c6b54f2229a5f681441a7,main_screen
88e083c0c2b9445a03dc8dca6a2b5a7a,statement
20068d4f95f5da8947d2fce2b115844c,mobile_recharge
2a36a599c1a7ca68dcac4808ab449962,main_screen
4c79a26048bcfb40d489f279364fc940,phone_money_transfer
f5137e1854d9ae492fe76ecfae4f4477,main_screen
a4baf71be1b8daf67ad545b54570bc6b,credit_info
4dbfca504d507bd64817aec535056331,main_screen
fe17d02ce79a2c5b4c45adb6d66d4bed,main_screen
d814c238f7a4fc2e0385aff85a4b8997,main_screen
99e65227852bc47e547beeb83a23d4ef,main_screen
ac9776440dabbef37cac66c684fe9a6a,invest
4bfc22e8dae8949af667b101fc99b427,main_screen
7e7bbe44d36464af7dc4fba4d4d7ee90,credit_info
4e95c9090bb6fb66b4487bbe23f88818,card_recharge
6281298cba4f97ee94026a47e6b983cc,main_screen
f6c9a1dbb830a983132c7e56f447a961,main_screen
94068c85a31d4deea7a069e49aaf37f2,main_screen
4f842402d22a7533929e4a9e50935232,statement
57e9acd8c02e51566c30515eb3239ba2,main_screen
d7f997cb7037c04a8e46b87c2288eb98,main_screen
1b43b99f15e46335f5f53b28c8db1381,credit_info
ed8e9a4d3412336bd5e5f8fbd0502ce7,main_screen
06f2af9e5b29e2e715becbc250dbf81c,card2card_transfer
e2b302eac3e31014a17205c5697a833d,main_screen
668d29355b873e14245c50bae8fd31fb,statement
a06d99cf32bbe705e6837af1bc83ff15,statement
edf57a3dceaae5878ba38e81505cd16e,main_screen
c3a5a96fb6dad0eb62a5a5ce6fa14b56,main_screen
7b938dfaa02317b9b0b32cd4c378ad47,main_screen
85c32855c5044d74314d90a64a0413fd,chat
1efe72feee1ee8b7a02e36793e14f445,main_screen
0c93a14aa0aad345ab522e284779a800,main_screen
3fed07ebd894573313b73f6dbbb864fc,mobile_recharge
be16c0951de685e52912d819ae587e3f,mobile_recharge
a45860225839465a2e021bf80c4d229d,statement
f7baca2c8ead51d3bab1b506fdfdc2b0,statement
8d07745d6c76e26a2fc1d14519cbe604,card_recharge
852445a9fa49612c8435dd0103616c58,main_screen
def7bd8763e277f603aefd5d1df1e897,main_screen
b055815a1f08ac1d3812b60c6bc95a20,own_transfer
ad5ad1c0c75e36e5454e9e43d422ec7b,main_screen
1c749064f496c8b59e4c42ae6aa6fd77,main_screen
b2de2517130d066ad168b3bb36874cc8,statement
242e59089ca5b81c57e99fe005e7c80c,credit_info
457439762e82e01ff04ce98fc96c4c14,mobile_recharge
0c524679a67d42d6d8e4639bacb57e67,main_screen
267a49b487751792ffdafd9e5d9f8c75,main_screen
d00f8fd34e3da0ff505a4a0afe66449e,main_screen
42adf66df4bd4c251751694f260ad57d,main_screen
8bc0135d593302fbf0a5bd351fa5ba34,chat
fae2ad001e8ac6c3ae62251a6f922a4f,main_screen
7f08a76f552e36e2a67e9b19309a32b3,main_screen
db04fe293a1aca08f954d6ae770c6201,card_recharge
a9ad13435aec146a188f38cbcd76e817,main_screen
71be0b65b2e3208d69d284988b7237a5,statement
e9d2723fae46808fd0328be52460a78e,main_screen
730420f804e6a140d57a9eaf19035b1f,main_screen
ed3abd88662ba242c4a745d8c4e4eb0f,main_screen
6b5c499366e4c35831c63c760c88d1db,credit_info
0458bb437826612087140f6dafbd5294,statement
ed008db86106ca47f17ab5949bedb6c6,statement
be7fceec451c75a7d8f14297520f2f41,main_screen
4ab48107ed2c6e65d2e67098132b5ec7,statement
b44f26efc7504c7e14524eb43736be9f,main_screen
7d403fae6994521c5b3313d2994b098a,credit_info
49f6d02982988812e7f8afa66cf72c12,main_screen
ec289fe8f84959bd9d3fcaa750067b66,card_recharge
a3f5c9cfdaa6883bef39ab1f7e1838d1,main_screen
9cee2a946026ce7d67933f3d0e7ba957,phone_money_transfer
4beb7a9fb1fe9b85f5030df9fc404d2f,mobile_recharge
20907ebf21d86b095476fb0316056938,main_screen
774d5eb37770176427101bb5bcc850ae,card_recharge
3a46927705c5a89d6816af6b832f8809,main_screen
f2d0b8c04d3358b97887261bcc41029d,chat
da19c78088531f6d9668f2600d9c8aaa,chat
ed87bdbc80bb2dca48fa373624cb1ae2,main_screen
50ead17635f09be2db9df02320ecb2d3,main_screen
98b31251b7e37e4ad61069385adef0fa,main_screen
f67b0eaf068d07cea98f9dfb9c53e711,main_screen
51bceb4c3c9fa30f3636e174f271cf2e,main_screen
5c89ba66426a3bd437f36373663111f0,mobile_recharge
778482b2a85a23016de3c8b1148cbdc0,credit_info
f50c702cb66735143628fb38ad693aa9,main_screen
e7587dcb124341916d9d0ff1d1b2f2f1,card_recharge
d1752304ba4174b61d98b14ba1fe82e0,main_screen
57d3a4b70471d539281b9293ba5ff7a4,main_screen
dd089adc524cbb8fe3293ca60101f5aa,main_screen
392a4b8cc6e847b7984f8ab0954cc524,statement
91e8a2e3883c9e8b752196408eb24de6,main_screen
21894c8e8fdd7885a175098b3daf6fa8,statement
d873a306e8a13f4721614c2f3b8220a8,main_screen
c3456dec4b8d3369d49ef2e526347dcf,main_screen
cec4e86ad647221730c233704ca29b33,credit_info
c4151c611ac6559b089ae21a375923ed,chat
ad5c8ca63240036b3812128fdc387fa8,main_screen
e2061748e5e15031efc2766a9568b7f6,main_screen
1af3e9f1970e5a0142cbd5bb240261de,main_screen
5f298d7e6f9d38785101de0563e45619,main_screen
b56c9e5a7b1f1714c8e37bba7548fb6c,main_screen
93ae47aa312c1447c65cfe4af8065ee8,main_screen
8fd01b8590b08e134cdfa0b3e4cf2682,statement
029413c9b25b0542639833bef26b1180,main_screen
41fc401b283254d7a59fe0c5a450b7c5,statement
abb05d5d9fe7692f3a91235ca3783ca4,credit_info
48da5367ce537d9fc3e1abbb0ee52f5a,main_screen
4fe7ce3e80b1d078f02922fedaf9d16e,main_screen
b947126763e7c787ca5abf6869f9ebee,statement
8fe4c565cdec7ea5d2464d1676075877,main_screen
4c1b990cee4963f6598997c09bb7a7a8,main_screen
ab9b31db9ad6525438cc3ad5f320cd27,statement
7e032e4531a9bf3089b180ba31aeccec,statement
151588287d35e5b84c5b8c233f246e93,credit_info
6c749bdbaa01617be3e83368ea42fa9e,credit_info
afca82dce3fb97845c278a59ec8ddb9a,credit_info
01242b4b40263ba06a253977b3e23713,main_screen
dc8b3742c22ca1d56a813897ebf83253,statement
2feb05b9956852bbf18f3787e7303626,main_screen
2074b5e2ef91add6968ea524bc940afe,credit_info
858e5fed4221bcb6529c52635c056396,main_screen
0b45cae7a48fadfafa8ce9e8f0b598b8,main_screen
4baa467c5dfa43630bad2b49e4160a8c,chat
41bc48d6787ab26607c6c38c48fb9621,card_recharge
be46bba86cd03650e6c36cec44fc674a,credit_info
5df19447839972430348ffce498c1efa,main_screen
69a54e1f17005bbc8d2e461557fd65b5,credit_info
90aff863ef4c30de63ac3634cc781bdf,credit_info
95cea913012a776167bd4bbff996eff2,main_screen
17e56875a5719755d1b57baf30927a32,main_screen
f0e4b8541ed369b95e3046c6fd6e18cf,card2card_transfer
a6766b26ed57cc3543a875020879af18,main_screen
69f0fb3c954f59bb02cc048a237827fe,statement
70db6bdc22502d31d8a61fc677ff3720,main_screen
0482c93d0708883edf4ae48e8a0c94d1,main_screen
674df2901a3962dcbd5ffcfb8eac39f3,main_screen
f2b2d6f48221e1348198a71593708aaf,credit_info
56e30cd05c40ea3cdf2b4a04711ba320,main_screen
28a19aad11be5c6a37d24cc9c9c01e44,main_screen
910f17d904511564317101db116618a6,main_screen
ef71315a036df68978a880ee8d38d414,main_screen
7f0d7981596d7bc0c07cdc80bf3fb6c0,main_screen
a9490885a87331222a2c5108b805af69,main_screen
4556e5c9f4a17834e7842300837386a5,credit_info
bcda25f02fd49029c89a6aaf2cc18ce7,main_screen
27f4924b6aa6fb8f2661bb7fa43e81ad,main_screen
220e94ae0bb8407768b0dbf51311040d,credit_info
bb6a3630cba0174c2a436f9cb9938eba,main_screen
360b49b00e80746f6b5866cf6fbddbc5,main_screen
e3d92ef588c95359f41517acd02b41b6,statement
ce117c40fb968cc4db0cd279f0a05475,main_screen
c74732d8bdf391b713f48558fbb38f1b,credit_info
7a12e6e2d2744b56bfcdd3ab5801fb07,mobile_recharge
2fe9268ea8969a7d5ed48b96f0cd5fd9,main_screen
2080e26fadbc97838dba730bdad8dd8e,chat
84d6c3f0e69b792516f01a55e4289b46,main_screen
7ca68994ec087d20b8eff9772d2ae8ae,statement
afa43a755cbac2ff14a386830a1ac7e9,statement
f22d816888c0fc5d316b78818e9be21d,main_screen
0b9555ec6772489ff76c3a1bc7942b16,phone_money_transfer
6406ac1fac8899e8dfebe22471062a34,credit_info
a54ec2284c0c323c0297008258af0eb3,main_screen
bbde8d7dd15d959f6ba6ff737770ae0d,main_screen
489039d5c104ebff766830ed36ea7ebc,main_screen
f2b939012eb1761a8eda63467d473f72,main_screen
e7a69d0932989b9f64b0ec7e8df1bf94,main_screen
00493d5bbeb316a9026e24e5a56f87a1,credit_info
3524a3c3bfafab9160328753c4dc288b,mobile_recharge
25db6fccec581cbe49aa415cb524e4c8,main_screen
6b8523b1dba54d57232aa306dcf9c1ca,chat
54ed2915e0882ebf3444e061f1490a5c,main_screen
64bf8d117b01416bab8867f0929b49bd,own_transfer
9aa23ba096c6376ba492f0d20177976a,chat
0c82dd01f3bdfc67bd09fa6fdec29c60,main_screen
9ec4a1aae5fcce8aa7470a01cc3f8fd5,statement
81b7524430bd095f340af698b4322597,main_screen
4ce1048a2f6e6be3297704cd0f819df1,credit_info
e2e200adef33b21301e8d55d8b1a6718,own_transfer
afc79d1b093c4d27ff4a4f18c956e582,main_screen
afc2813d046b5958327c57ec3610ae9d,chat
a01a880a709dd829f9e2cd454a030266,main_screen
db59e13ac692da827500143caca16c80,main_screen
f7145cdfb783d1e16977e28983de7908,statement
0ea776199bccae1121727601863e8413,main_screen
73c7fa46d25aefc66c40962739035eaa,credit_info
83bf09c333f48ebb5044a493cdbd084a,card2card_transfer
1c8abd585ecea56eaf7518bf47bbf872,main_screen
903e255e72e477c78e6f6670d71dfe82,own_transfer
ea3862635103d332473e9f03fcda540b,main_screen
0a4f2dd0496047e919d279b0fbb59383,main_screen
f0153dce4c9215280c1bec5f0072aa3d,main_screen
b711080a1e25cde006628a19dc3b78f1,credit_info
d330297d1ced23a03b62adb7e4926c5b,main_screen
d334245694e945e9c0508fdcd060311c,statement
b43f8aa7213b587957a54eb7f4f5d5b1,main_screen
8206e3e7911ab3c894aa59ab7b887dec,main_screen
db759eacf47702d2cddd7cc2c196ee44,main_screen
a6012f843b8f5e8f2be6f4428d32e38b,main_screen
be6ece0765dd06cd7eea9da47a444efc,mobile_recharge
68d490d6d949e88864440c7b34ea40c9,main_screen
081b7b60ebf1045dee062c816443c24d,main_screen
9d905caa4ec7aa1d26943df80d7b3525,mobile_recharge
caf9db7db86777e5e7c503f1f6c4ae90,main_screen
e2829107a4867bca91983a258bd95a65,invest
6048bda0cd6e79b2e936059838a963d4,main_screen
26511c65e438b2dd6c32b12ba66c641c,credit_info
51e5e9c2558fc70a7d35620c494b263b,chat
cb5b250c3c95791f80ba2b215ab47d48,statement
8f60d8bb2a07d7458ed0153200a980d2,credit_info
6e775652de2857aa11b4b1ba879de3f2,credit_info
7e07e367b931b3ab0eecbfeb5ae875e6,credit_info
7cc53ddfa9427298d67a815663c11713,credit_info
f5992ac9ed96b1db63167bc0a2b74067,main_screen
99d6db9b07e67a12409f89bfddd86028,card2card_transfer
6ea30bf445e3064b9bb255f702d290eb,main_screen
42a0bab48e0fa42c349261ba8c4f1b61,main_screen
5350352684c5effbe178418d9615b19d,main_screen
0f721eae6208f2a8523b228119628dbd,main_screen
70b33e4f772dd9aed8a4d5bbfc5355ca,main_screen
a54c50e6ed01bae04cf5d4bebc95215c,main_screen
946dac44b02dc8128f5f04ca48ca70f4,main_screen
ba980368cf3616ef9fe967dab4e99150,card2card_transfer
3b06770b2866f72ceec94d83d4a7e5c3,main_screen
764fb0cfeeaef3ecd8de49a70cf4d5f8,statement
43ac9d99760f982cd750b267623c7195,own_transfer
c43f92c3fe01bce64d2cbbf71443953f,chat
6e841988a0037a39d1ca0203d3e44162,main_screen
2ee935a74c1eb4cb5c764fbf33497915,main_screen
e4e76ca0f16c111fadf6109c4e2fd44d,main_screen
82a0d510a48e3400512cb6b99ff31590,main_screen
0342cf97b4063f3412fad45dc81d7330,phone_money_transfer
8f481cf0e0688eb296e751820c70ebcb,card_recharge
2097d529047c18e5712946eeee7aafe3,statement
dec51135f75145c886862f5255edbfc1,own_transfer
6e4ee1681e90fb68a1ca1e315bbb1bee,main_screen
ec30ed5bf88bf7697f6f373854b583b3,main_screen
d21443992bf27e94c1edeae9ee80bc8f,main_screen
395ab57da084936e1a6964a3ec32d6a6,statement
b0ccbfa606292e0d9567671c7963a686,main_screen
fe3a17f42657980aba52e03710a9be80,card2card_transfer
4fbd4562b835363f0a70f63c66a8bf57,statement
40b4add9df516cff2de5d9879a7b92c0,main_screen
f987de8a6adfbb07e934eee6bcf51666,main_screen
82ef586f67efd71043466e7ad4611ff1,mobile_recharge
bd323141416d129a32310f11a39d8d6c,main_screen
374cdc47a49c07f99ec0a43a9d9e01fe,main_screen
ffb1378182c08120f6b00e31111232b7,mobile_recharge
4ffd6f31c36c7b4cea45c89c02dbccaf,credit_info
1895edaa4276a620b3a62c84a568b69b,main_screen
aca83098e85e6fb8417d8de3902d1800,card2card_transfer
4ac2754a6003eb97cd32569b9fe18f5a,statement
d1e01bd699e2fa4ebfa3580069f53855,main_screen
c409d487bf5b45670cd69b4a78b6034b,own_transfer
f41be032d5327bf8cf929f81f02fa6a0,main_screen
ebe9e805e4efc65d7b845e87b74e95f0,main_screen
0bd59d5838c90a1c91e271527cdd1d68,main_screen
5a5e54f683afa7bf07c17e93dca1eac2,own_transfer
918a8742d34f3490f9670d88691f6c3e,credit_info
a6b1155059bab08fc133676939bd3fb9,credit_info
0ddd08c429cc137350109ea5cdef0e72,main_screen
cacf35eab2a9d6367f17dd1caaeeea48,own_transfer
99ccd4f074580c892864ac55b684b42a,main_screen
50cde3d9ce779ef4a736386155a74fe6,main_screen
20c7e1417d75eb059db2a0fa8c64a989,statement
1b0f8cd232eb369d981d4d51a0459d9a,main_screen
b01850bbae66ce67e2e04bf6e566bc91,main_screen
eb5b316ce564a6493cab6049ac673db5,mobile_recharge
76879bdcbc13728059f06e7ef4288280,chat
1b166de74643ab963f97862964fd4f40,main_screen
514972e381db86dfcd00c8bf99e5d3c3,main_screen
89b293a8a158caa53aeaf8d6df5a2d3e,credit_info
f631ce2174c391e998d08b1a5df122fd,main_screen
f12013655e6a4cbc5a7067f5d7f209c5,statement
8d9ad4a4ebc11cdb339de9c12cbc4e52,main_screen
19f7cb79ba6db251e9876c3dca3a40b9,main_screen
479f7d283db196cf995763fe6c5d1448,main_screen
9547e008460b7d61a3aab590ff523d7b,main_screen
6bb16347b5b3c70098e237626505c38e,statement
b2999ee8178078c57627e9413e94e9b9,statement
055c54277cef10daf716a76ee47699ad,own_transfer
a10d2a041d6dbb8fa0fa51ec375e1202,credit_info
8944b1b32ce96199ac5a9f4c4cfac4e5,statement
79eae134cf60a3ef4de5a1ecb5dafd82,main_screen
29b8bdf1e88aecc6bc8dbfe4f760d3ec,invest
868ad3ad75231cc9d58137e710703fca,main_screen
85b3883c1ca81ce2ff6b7dff3ad904e4,statement
8f9beb63e7def2fb3f7faf238af23444,main_screen
7cd7d689b8f779e69be1e5c5c5512e23,main_screen
48a3119b7e500b0c93c0fd68cc29f811,main_screen
947686b45a2779c46c1a161cf8243b23,credit_info
99998a633294ede4645daf093d02b597,own_transfer
779123fb33f8fc42ff9acc4eef8a3fda,statement
f6aba8db69d9220b9e137e7c42508ccb,main_screen
1a4d5bf5d72b69e7a64122d71dad7909,main_screen
611c58779a8c3327c893c11b48e6616b,credit_info
73f5fbcf5c6120f9ec0a78e5e45f403a,main_screen
574618e68278df5f6664192fec82988c,chat
46d040e10cf36207cc89f123105c542d,statement
b3b6678b9cba2b50993e7d5f75289b09,chat
6638d630389c20e4d4c3945545c1788f,main_screen
661f83fcb1f5790cb70673d04222eee0,main_screen
1868b1d50b7b35d244bbafb88eb49dbe,credit_info
4d8d36e8c7d871bb9e2d6997162fd625,main_screen
4a78f6cb685a529fe4a45cbf80ec582e,phone_money_transfer
3d2f82ae980e78c7b6739b06acf27097,main_screen
cfda08b5d64da9e90ac04e7d5a761b03,main_screen
e0a72090226c32dc04bcf5ec252598e4,main_screen
39bf9265ea758a78c0f1e98f0c5484a3,statement
86136b8e0bebe9ed446c3f0336769edf,main_screen
c1f08b657bc6c699e934866092cbc562,credit_info
60d8612d0479a7c1b8515b9a87cac7c4,main_screen
558dc237a3681a87b38eb32eeb7868e5,main_screen
f0b0601d1894acacadd45c86a3f8bc4b,statement
8ede3c367dd842040490de2b93486c46,chat
1ddfa70215c678f0f2195ea3602884ef,main_screen
9ecc5af20188cb4b567ec42ad8288940,credit_info
bc4ba6e48506ff8c68afb5e03ed56c6c,statement
911f74c79a5ab02d53e868754986be35,chat
79e0eb18a457643b199f215ac7ad571b,main_screen
d9085d08b90a0b150e3e80ddbc767bd0,mobile_recharge
ffda2942c3ea0041601442769d2c5e5a,chat
f3f5cfdb9f2e72bf057e590def29cd45,mobile_recharge
db6c0bc9c4851ed7571f8b9f8860dcd1,card_recharge
418aa87d0cd07e7b18557a7834277a28,card_recharge
106dcb68dafdaf931e006078c90e773a,chat
3936384f5a72fbaffd0962e45836c9f4,main_screen
0843c375f16f78c3bed6e807afc31a23,main_screen
1bb08b6e991b88b7886e58fa3df7b929,credit_info
1b9932b728e9bb4022fc62b0d2127c7f,own_transfer
2922233721e8e370ccb9ff7afd5b8896,main_screen
7705fc3bdce04307535b309df0b067f5,credit_info
97abe470cb533a4ae6ccbbcc142006ba,main_screen
6a9cb924861c6aa6f83493db441ac7f5,main_screen
e7a1f27683e96ff8a32486b6b866ecfe,main_screen
01ee4b0889690cd91b5d123abb5e405d,statement
4bc5006574a5cab1319782349bce7c9e,chat
0f8c9518d741911af2b34ef6db84adc8,main_screen
0bf6b16d96550c5e4369db18fe398d6f,main_screen
6755ede96c60954e8d18aea875e974e5,main_screen
37463422a6247d8d0c6b4eae9d7d3138,card_recharge
ff8923de11d6b45c948483f1fa212ec8,invest
f889052d75212fb90b06e828f998ca67,main_screen
c57fd9af8052806e27873fe22327ae9e,main_screen
daf622881235918948eee6287b63966d,chat
8e5900fc010fd5c261985135f1cd35d5,statement
4d2671c6a9a2f6f3c3666545a53e2671,own_transfer
1edd8fe9ae621b6fa5fc576f4bc8435d,main_screen
f390bed09dff08388485ade9d0eafe59,main_screen
8eedc034c5fd7155f3921456a99f15c8,statement
3f137b2a8dd94198e80d689047c6f92f,main_screen
f27da17131d077f6da6a421fa44a8337,main_screen
2557ec75441d4d79fac510de872e7554,main_screen
4547748085712001609e4c099c1b271a,main_screen
8097e0cd253124a7dc673bcd362506e5,main_screen
575044862e233a5ae70505cd7b3be6fa,statement
8ba3f7bf12884853c64eaf31acd7b7c2,main_screen
d095520177bf14cf9bbcfc4353d3f341,card_recharge
d29b7f5742265643fb255d1752af3bcc,main_screen
0c073c7fac32e4172b79d41e0e72dbd2,main_screen
fd16df236ce7ce260934555088f09822,credit_info
b865bb26a9ef3ff97826cabbeb808ea3,main_screen
dcb1a4af87dbb092c4d8b844425b45ea,statement
b58824b69599618223194fc0440de1be,main_screen
7e3aaef540bf049bce849e78226c260b,mobile_recharge
af6b6206a3e4b9b32a5325933882cc83,mobile_recharge
0edcc7031b30acf3b10abbd10fb6968f,main_screen
bc572eb0685c5318ed29fa45f638d401,main_screen
60a0d9ad57c773c29275c9b3eec5a75c,mobile_recharge
1304bcfaad4fda96e3710b1f79275c0e,mobile_recharge
1b0fa4f175436240786090ee8b041a9a,statement
163eeb1c3ae1c191edbf6932b8711761,main_screen
a355a5e6c9e6782ca8375fcf4b9da77a,main_screen
b8baf6ba70008d42f53e6f39b737d5c8,main_screen
624a3c62070c59123c029c03fe1a9456,credit_info
e405ca8b0bc21703b30beb550a52aa44,main_screen
5b316662662b31096cd3ae6f061ce79c,main_screen
3d2dfc42c2e0a672874c65389e02de47,statement
458f7a5647d13aa371cc5ba209fc748f,main_screen
aeffa1764762a82dba5326e1d9c5484c,main_screen
1b6e779eb69251d7922d82e1eb59aef9,main_screen
7e47d990de3aced2004148b5f2e61102,main_screen
78f35cd345da0628d4926b07f4baf8fa,credit_info
c63af3bcfe87f37af36bd7820b30081f,credit_info
e6a5157078abf79d53e06843d3ec589c,statement
a855b0548c78cf9f0047e5855dfa03cb,statement
a2829a6a146623dace7d91b0ce545319,credit_info
874fb6189d8b334eb24a8650d35a41a2,main_screen
a81b8d66fbccbcc9c50d0253d212af17,mobile_recharge
72f323dfa2b779db8fff6849772c4cda,statement
10967fe7d89e3348f167be43ea990ee3,main_screen
5c3c819521dff8ce68991a6ad880c6be,chat
c1895cdfad8579e1b5d418ce4cb2ad00,main_screen
e5966b4ea9541fd3f6e4e29459f85558,statement
989ca28be7c6a0f27611879a07edfc18,card_recharge
9dd48c2f38aee2441a280e7b6d959d37,main_screen
8d952899b527f4f23f70b0d5da04dad3,main_screen
e233a5ff74b43f1ca3a5fe4edb4c579b,credit_info
77253dcf06f881e8539211ba479fe0f4,credit_info
7b90e02a42e546cb0e0f526f8b783bf2,main_screen
1f809cc798f3fc54644a5b87358110a5,main_screen
f0919dc6513c0af1843e20e414a2ff21,statement
819d6c8bf69c0fa8560d13a359e3090c,main_screen
7ebe02bb6e09ace60126311bd734a843,card2card_transfer
15bb6f3087ec4d013b0077eb5115bb7b,main_screen
636663af8ce7a4add2fec67f198b4b2c,statement
bea627c67c7cd4b1509997edbd6279cf,phone_money_transfer
38f07cf573e74d2236336efe8e187001,phone_money_transfer
360562ba27da1f7ec2d9291e7c972652,main_screen
e70fa9093c36787adee4546ef1d3877c,credit_info
117c881a3d5043ffb2c86fcef22f1c7d,main_screen
4058572d7eab316313aef5d18bcfad73,main_screen
c6b9d114dcae837d108d9c7e5c79c404,credit_info
c35b930dd2aed852d37e1df039cd41fd,main_screen
1177100eb76e6ff8429f96f6c7bed2fc,main_screen
3fe400e4dc6cf9e2b0f036ab7b9a82cf,credit_info
9f356b983de62b0d0b2850bc3c6a7e9e,main_screen
9947370457c8ab79b956354c7d96b281,card_recharge
9b638f18f23fba24a0673dd43a3b7342,main_screen
84bdb648845a66dc9ac90bff3ae7fe0b,main_screen
d425d8f34dda37632f2815dcf432e28e,phone_money_transfer
54b39bda32c36054631b88562819bf22,main_screen
5a1c717e0bc8b0cd88a8c7b0a0d67e56,main_screen
6632c5d3bdd1d2b0e724073ee5471696,main_screen
f6ce1b713e46f37c438f48296e818d9d,chat
6c4f4ec6460d6937dc971372b308b8d4,credit_info
2a8c98ac03cb93079da3ca2d6f644c97,main_screen
01d6419fb1ad65386b903959d57ce415,statement
61bf67e3c027c36b461321fb55fa0521,main_screen
aa73229bc82be15ed7a3daab8d94a658,statement
20040fcc1f417b4b98c033f584bae927,statement
40058259671515f9185322536c2a76e0,own_transfer
7228ee383449a2691341794425950e29,credit_info
3c40380fb00f4d33eef53d54250fb37e,phone_money_transfer
d12825cc9da3da7e87395d32f2c16402,main_screen
7e74c693711df952d2436cb76ad8c99d,main_screen
758f071ee634d405ced1adeba2a7822f,statement
0d8e16192ca533613d86073a8158bee8,main_screen
5975eb2b63f4249c8f8d10aeffa31be8,main_screen
687021e44d4cc85eef32452fe5245ec4,main_screen
0730e203b44d73f4a8944a07d569b062,main_screen
cdf53bacd4fd02d69cd68be54e226102,main_screen
15fc97c9446b7cbbffa533f8b37ec63c,statement
f33942001ac37fa217a8cccf9c1bc101,credit_info
ba384b1c094919e8a9c495f1a36ec64a,main_screen
ed5c026a81e76d04940fd28fa491ef4a,main_screen
787e9bf9ee4c8cc33d6cf0daa489edf2,main_screen
4a52f9a5f1cb526d435af97d2046d012,main_screen
fc71787e59f990cbbc5e0cc3a4896a43,chat
0eed636dd5da912cb7bfb269617c15fc,main_screen
f2b9cc8a9c8611b19555111877dda026,invest
fe6581aca03ed59ad9a66c246523b5cf,statement
9c8923ed04d6ef04be9bf6b6e28eb754,main_screen
5d419b6a023eb995fa0e6d56a6e5f7d0,own_transfer
306571648b08ce8003b0dd168432bf64,credit_info
1783eed24a49601a2f9f3292b59fef39,statement
e9e05d939ae0a0f370287672bfe86855,main_screen
82ad2c77818a6a94392fd813bf07140f,statement
76548f01df7c2fba120b9261dd8c14ee,card_recharge
e730d753560cf4ad455812744a0724a0,statement
dfbc52162b7dda4d96445684dc6fe93f,credit_info
a5073d20b4359d3027b1be8a7b8419c4,card_recharge
b9b7d1cd2ce2f9fdd61b554e98746253,main_screen
cfb243d5002cc166ccbc9fc6a4b906d0,main_screen
ba604ebe3c2d5db3836e993e970e3b9a,main_screen
72e216d3631bd75053b321f26a68d70d,card2card_transfer
8243846a62d74a9cf169267d30d00671,statement
f66a694f192181ab6b79be2fc3499cc9,card_recharge
237bf253d8307546ef7a93c2602e14e0,credit_info
fcfe865a2d9383a73b63d29e54129879,main_screen
a873448d87a557352e479061be83b592,main_screen
ec90ffac0434f73a0894b8c59811eea3,invest
eb6b68caa6422544064757b09e4d0c05,statement
a045fe5e872232be55febea76807adee,main_screen
a08832af12e816a3949be7dc2d76ecd7,credit_info
0c143570d9cb343f949e0e3a9dcae082,card2card_transfer
1c406c78735c42f815b1700629f8b101,chat
6f79a0b09e269b6c7fea853d0ff7975b,chat
ae99fbcf47f382a89f033f6e276cefeb,main_screen
264d3c088a01555015245b41cff98c4f,credit_info
406d398f539fea695e7062936c0ca2bb,main_screen
71347bb3e4cb679f7c12190be3630d39,card_recharge
ac205e96f31fb9bba8f0b5edf0bc563a,phone_money_transfer
0ce5b306dbbeded58c940f6c2aafdebb,main_screen
5fedacb1c8b6be454a8575ca71b46ccf,credit_info
8d5e6cec9a9f53ab7b4960b017a7da33,main_screen
be4ca429a546fe6d3e9ba54bf0186947,main_screen
362fb9f0f1ed3caed093860fe2c17c60,main_screen
7f751b283716577bd9df39958a96d598,credit_info
35b0d78ded07071eaecd378fa7e3d4eb,credit_info
dddd9edf8522453f9ae76560b2fa7c1c,chat
048e065e658d8511d9cf39f505bf874e,main_screen
a253a48e4b9b45aab94d4b251a5323ab,main_screen
cc2bc076e384cf54697063eb65ab008f,card_recharge
31b6faedc4a3d1f0e3bb2b758685e85d,statement
440ef2148a1723cbf3a9f4a6a9aec71f,credit_info
a6a5372666212d45c0f57189ff4f8632,main_screen
caed1d6e6f28e4d38bf5a2c4c032130f,main_screen
21ce53bfd0bcdaca6ba010411014e2b2,main_screen
3ffb0063256cdbeb4ccebcff40595cdb,main_screen
b67508572c3471bf90747a4e3bc3e832,main_screen
414969027bec2136bdc55479d34b7de6,main_screen
a110d96d7072fa30c30806e3b72b83a5,statement
479413a4cff275194d7ecabbb70f2cf9,statement
521001f4298941715ad1df5122ec76c1,statement
30a84ed2bd26ef4b9306a7d09b46bb9d,main_screen
ae08aa09e4640a3f2b8b29dcfe95aa22,main_screen
e1f05856bd6d72386b30b114fbf0c65f,main_screen
f717a81878397706207e031e3f9346aa,main_screen
42e27189a6b744861bee1481da380a57,main_screen
ef028cfb77fa66a1aa8598a386bf15b7,main_screen
b54ae3f7ed800a36b4c5d05021f7c496,main_screen
7ebb3f58ec55c2ab823341a4b91396d4,main_screen
62116f204de0e30b2239e26981e3cc0e,credit_info
a5464adbec2c6e77ce48a1388f6fb1be,chat
c9eca2faf812d12c91583921cbcedd33,main_screen
c6feca822dd10a8140d7eec4d155be9c,main_screen
9d03f0b68b3dfb09df4ca4cf5535bcc6,statement
e833fd246d60cbad030f47b9f0c1c567,own_transfer
5e03770b63a8eaff936db74bd772be50,main_screen
e54140af99d9830a847796014c1bdce3,main_screen
23557b79a831b563ea14c62ddfba2ebe,statement
0c26c81057b091722b35c2bbe26cc461,statement
9b3c6b0445b5b722589bb1efb32cf2aa,main_screen
5395908c950ca6f7a1eee8c4d06fec3c,main_screen
03e9e183af1cf0a9d974f3351ba2b2dc,card2card_transfer
d7d0d63ebc74101117ee0d71921cffa3,statement
8cb0746777f290b798e198f113b8dea2,main_screen
d1572ba8b388821f54369b390d5e29aa,main_screen
10f8c17fd9b13c98c5fb95ccc2453c47,chat
5291a897fdd769d883f0c440a3036612,statement
f8d95bb345406c47229919085013d3b9,main_screen
9eaa56f967a22c4a9a4abd477c98692d,chat
c96428dace0694d7684a1faee26e3bd6,credit_info
cdd4be6ac043c97e4a1a972e8ee953a7,main_screen
2790a44f58c7eb6b6bb10cced546406a,main_screen
f088bd4b538df6640c4d4e44a8c9c075,main_screen
dda4cd58da6013fc0c8e2a2039933bf0,main_screen
dedf654e3c13d7aa2823844c1030fd9d,main_screen
aaa7330d9fbe0ead264bedf8ae6c8d96,card2card_transfer
f98c456e9c4525f5da93f509dfc61510,main_screen
118b1124c1342701e488fcae76957ced,main_screen
3fe7590c2566ab2588ee13396bca69d7,card2card_transfer
ba0842fcf1bd698d1ce6500ab8409afe,main_screen
8bbfbebd647f82b2a498f329244c7680,credit_info
b0f6c3e5682b62fc1af80f3f529051ae,main_screen
d74f8011edf73aca714090b9bf1699af,main_screen
723d0ddcf1baa040dcfe3a4e45b8cb95,main_screen
7c2b3f83294b3abeb1246b198e07a62f,main_screen
8f1b41999e255bca08e62fd894863bed,main_screen
712d0a88d3a2491ac0a2439266354998,main_screen
05cca1bbc906e552aecada8b7899b01a,mobile_recharge
6189e053fccd5c60bc94202742a3309c,main_screen
8e6c7e42a57351d9af3333df354b852f,chat
1466799d096f63b56fd9f5de1221976e,main_screen
a4383327709ccfa0718fcc2dc6e2ec9b,main_screen
b0d0e2fc630955c66f555cbcf02aa8ba,main_screen
eebe1e80711463ace6c0323a7b7c2403,main_screen
ad71e0296495d3b124a4d8851919ef79,main_screen
d78ccec43549a029a2d89eabf7b6056b,main_screen
9a568b1c8b34d6278d95d410783fc7c9,card_recharge
417b640ce34ad1a66328056a36d2c660,credit_info
25441234e0c4ae5d9e5be7f7988824e1,credit_info
5aa1e5938fbd1fb8e23c6ded234e111c,main_screen
83e2b403599f68050428b05f31f606b4,credit_info
cd1c1319a7ebe0a367d49d29b0938697,main_screen
e39c2f914912b77f6cb8ebe0d6f2a865,main_screen
8af959d93e13ff5b88d85ece5c20eed9,statement
6bee58baf544b1a5b5723cb7a8467de3,main_screen
cf7eecce60f5533f9fd464fb62571216,main_screen
cef15ff05415f76b5199e9785c0f1be2,main_screen
6ac2bc0d4c012b968088bca597720b5a,main_screen
8c2c03949b28ac96b05d99f151602af2,main_screen
c8b1f05902c2293684a0c9c1048803b6,main_screen
d5e3bbee3958fca1fa0f2bfb5daa14d4,statement
319ff32a912b83c0f939e1481164dcc5,main_screen
00913e9a3f599a6fa8d9c1a23dfcf93a,main_screen
1d96af5302551d367622766fcbd312a0,credit_info
8150140b4ea5035f3255d2119207ef5e,statement
fba6786df18ee0ea98aaf7a90688cd16,card2card_transfer
b1cf8556bbf28fc3dc6f7f128217322e,main_screen
f88c9484cc54466a8d19ebe1e61346a2,main_screen
73b9328b6ef128481bcc79f38811b6b6,credit_info
dc5acde2ef946fe0b9c3e1a536c52851,credit_info
d8b7ba3333234454ce9efa2b495c1c5d,main_screen
dc170c6008530877420ca8433fe029e8,main_screen
c533be6637d9a14501cadd8664c1bece,main_screen
8d5428bd9d9f496fceef146ca83f1c22,credit_info
e3ee68a8a8e3d201a8a3df63b27178b3,statement
97b9a53a0d3cffa3111184e74e42c445,main_screen
c16ccda9a2d88babba8893908f569b99,main_screen
83466c09eb94241b2286c2d539a0e26a,main_screen
09ea09723177673277d343224925c9c3,main_screen
b3bf38631fbd01abe382deb8c5b020bc,main_screen
6215735f69a96931ca12b94a7b142410,main_screen
d3ff55fa4f996bff0d489f6479a33704,credit_info
ca49c3dc4d1a34e07f063d2e8f7ec4a0,statement
fe3e9ed04e4e338b21eba5e4fce66b76,own_transfer
0998dd1d94fae26bc7b426a09a932617,main_screen
1712aadbff77f0a1c6f01f5a5f3438b2,credit_info
32aa3af2182460164fc4840fed60c695,main_screen
b303d8431bf70cb5cd1779233dae6e63,main_screen
cb55220181192e4d9b50fed7252bd6e5,invest
61674e763db39b2d407126edf4de60ca,chat
038aefefc7e8f42ab6de0cf7336e2ed9,chat
db9220bde4d0564fd37f4847d77a3221,statement
689c41696b9d82a15dcdce44e16e580f,mobile_recharge
f5a2246633a672840bdfdbb6cbf59c79,credit_info
ee0dfe950beff8398a1f5ee27a1b01e2,credit_info
6ccb82228669f67c88791b0e4c06b6c4,main_screen
f2dd34549ade9d4421765ef4f40cc75d,main_screen
4c0ae2efd1929882417b9ccfeae29821,main_screen
867542fea32d62dd8e4cabafb8026f9d,statement
22a1e2a7f44465cd047c0c76d85b5929,statement
98816ca526fa53dd8339fe56d77a47e0,main_screen
812b433bd13160928db7a609c107e2c1,statement
c2c2b62ea7a4441ed670d4b1ea09e3eb,chat
3e59fd02749ead7c5ddf531969924090,main_screen
e4915b9b144d4503f22eafd2014b5f3e,main_screen
76237b4abaadcced7782b601d1d759bd,main_screen
17d794e4f1c701a9674471d90c9349ec,card_recharge
19f581fc4aa2d4b4aae3ec18ee5cd274,chat
a031eaf28890c58f392c9cbf96bedbd5,main_screen
14184d082312ddb3bfef1a7b40446f20,credit_info
e37db97d282321a44c66223b75531d87,main_screen
4b18a3f3aa60adc4a06de9b89630c6e9,main_screen
a7439fe649aaef7539db674fd6171607,statement
4b3fd16d1164ce553a9820aa704fd220,main_screen
0a443f7e30766f2386466390d4291f79,main_screen
2858f770ee7149c507290797eb1ac5f6,main_screen
cfddcd87013d2e6d067bc9ac10ffe40d,main_screen
8ecae231b6063326c285eabd9bec8296,credit_info
4915ff11dfa7df28a88a38e48fde02e0,statement
8b349cb220d783dadd4083d98f184d00,own_transfer
ab34a70e8dfa51b7ff45c477d1d9d273,statement
0e6147814793a1eb74283d1a71060f85,statement
dbb121eb8c273440809bf23995a8d3e2,card2card_transfer
d35ef0393a2d8b43b6c7bb7c77d408c6,statement
4797aab38b0649993413eea6a19e05b9,statement
6ec5eb0274314a954ae699beb4c8bb6f,statement
7c7bf08b3435c5e1a3ec3c43acd29812,statement
3da896ce7c996f33224cfa8d9a27eb8e,main_screen
023a2059d6549ebda1979f6dc44f26cb,credit_info
74ae7262f778d0fa254479addc2c9eec,main_screen
9c8874fcb9537463e3f9d6477f1b5410,statement
b8c58295a7fa8f33964dca47fab6c302,main_screen
2287d4aaab73db9845d7cdba7a040eb9,credit_info
f37b672d173aa3cba28a7c4a62ed1523,statement
4dee070c67ea15a72de016f3d44927c4,statement
b20e917cbb1d02f66ad393e0e56ed6a3,main_screen
168514011d9dbaeb0cd541cdc2b50353,chat
f2d47307457f7210de6aa27755a015ae,statement
a65efde1cc1c4942d74d6189c74b4a42,main_screen
61c5597c56e3c0f2bdc6dacebc60d0f5,credit_info
aeb6fd2b86c8656c4c671f6b18dc6738,main_screen
5d48f2a5304cd5c45431aca18928bd1d,main_screen
627f0f3445ca33acf9071402cad8f2c2,main_screen
9ad3e7210fcaccbeb09c03878943f116,main_screen
efa79a0b0f1ad2bad754a8d3e6013721,main_screen
e5ad74e42b414c63d6ea7a05d89a2ede,credit_info
021bc031bde9a3abecc18047da8df7a8,main_screen
e0047fcec3682544880ccc722e33ad6a,card_recharge
3a2b88459ca01576e79c5e68a01739ef,card_recharge
153bacf7b668c65f0c9dd72ea3b0f78a,main_screen
27bf52a2f75335e8c200e2320b675f1a,statement
da7f7568d75569801a89421cf1753194,credit_info
0f27a31801da395b5493a981623f82a3,statement
51fd6a84ba8fb79d91c3fa31dc6d7987,main_screen
9ea6e9eed48482ad16ebd2ef752307e7,main_screen
37e2856f1e9690925844c0900a37f669,main_screen
5f5626392f2443a7a1ed326dcc7efaa7,main_screen
3f6a87c5a7e623919c16e1c1360d27dd,main_screen
3bdc61ddf85a46db81cd31eb09dd2b34,main_screen
3cb42de536dc7f074fa903944a0f4bd1,main_screen
7aceaff54a2fa77e5b63a82934258ab8,main_screen
10c516de8c49f2567e116dcf34978cec,main_screen
c22b9701da5da6261a9e3426f2a8ff68,main_screen
7556862b30479e93f5ee99801904fea9,phone_money_transfer
fe1c10a7d87bc95cddc8440b1f93f09c,phone_money_transfer
9c163bdb11c223b920c8c983efb5b88c,main_screen
8a77e276b6eab9d4b37f9bbb4f21e3a5,phone_money_transfer
8c10cc2fd4ec111e57c1bc29342505a0,statement
27c5c21ad4f6494efce690134b9ade0d,own_transfer
8e246212e8908d7dfdee0cf2321893dd,card_recharge
773b3d13921c586a7e9ada30049274f9,statement
2a576b3b2cd261ca9888c0c96b35dd2b,chat
55f503e1f31f80c19f3fb66ec5d02391,statement
8a97e8836ad36eaa388d88df14afde92,main_screen
3ac8b30740f14518ae1ff2d0212d56ce,credit_info
d1f7328ef597b527b963226ef1036673,main_screen
eb631279fbd05bdcd726581ddbcc1ed2,main_screen
1aa44cd76a3880ce3410bb510054468c,chat
6e620cd0caf27eb75da685411e63fb6a,credit_info
161cb650523efe6d28f6fbd07fcaa2bd,card_recharge
aa6c36351320e03c0c544dc053928681,statement
a80886581bd5b4ac6f49c0dc5e2165fc,statement
a59c1fabdfe3e1e098c0a474ab82f53a,main_screen
7c5f04129e0edf634e15bc50138f3e5e,statement
d462e75f1f5f75024e6072031e1a94c0,own_transfer
68a94c9e797210f6836a443aafb666a2,main_screen
9302ca9f9bb9234d74c31b2840c0b1d3,main_screen
f00aec4a4ecc514fb3d5d9c033edc1fc,main_screen
afc11ea12d0561ddae93982fb80286ca,credit_info
8e80f596353f543052ffffd19a116805,main_screen
0681a6650c99ac7d3d89cc0695d6d69b,credit_info
0907ad9f8eced3cad9e6d8e975ab06e9,statement
8943b5f283ab786f3e03b9958624fd2a,main_screen
81397494b5d73fbda9e615c6482afc3f,main_screen
e8641b88b2bb163b39593dedc0c9bbf6,statement
07c6b35a769f396853ef05793ffbdfa3,main_screen
0c0b8b0f21676b9dad96ec2722152622,main_screen
68ca2a69ef484f58232c52a64ca96266,main_screen
82adb32ec692e4a824ae68e8311835ac,main_screen
d66f1278c3e0b80478778b868602cb73,statement
042008db551c7b2172f923ad13a4869b,statement
e10e5a0339292483caa4e97b7eb15583,main_screen
9412479f569c1235c9cebaa1afe471ae,main_screen
3a36d5e9fbb9ba4fff49e8361d6bc4da,main_screen
2ad244712fbcafbe06c04661c0682d03,card2card_transfer
e6dde02205edb19dcafacc34ea54c35d,statement
6c05b1c0756f4fc9bf6ecf3d16da9d68,main_screen
7157650e06ba6fe212a7f91b00e9c70c,main_screen
5be883bd59a25c78836c767b0fe1a331,mobile_recharge
8fe55953cba155e05a9c4e1d9a02e3b3,credit_info
874f064fec83af6c8579f7ae1c1cf7c9,main_screen
3febaae31f8c3faa1d099fe44df50baa,main_screen
c31fa4ca294cbf6f61c75c46e55f8a8b,statement
23280b55bfd47b9aa0234a6330b23eeb,main_screen
95d6bf81fe8409c180ef4c8a76c895b3,main_screen
41197192f06bb5fc468926dfa3fdaf25,card_recharge
b4498503cd226cae6e1f4a9ea4024483,chat
d37f774ca8c0a7542257f947fe5b24f8,statement
2ce7b79e094b6890bb778d33467e1720,main_screen
13abda169d4592f87a02bb7183b32f25,statement
d4690becd549eb6f9ea8f7b623861d77,main_screen
2221c1fa949559ec65f8de26551c3795,phone_money_transfer
16caa8bbfa0cd1170c28740870c5f851,main_screen
5f7eb8d094736b398caf1cc661f51332,credit_info
363e09799e75ea8699fc5ebd0112546d,main_screen
3257374578e1150963cedad791634a53,main_screen
a70bd1a386d1a6db20d7f1669c7c150c,statement
acd28dd052014c3c07fceb7e93bfd1b4,main_screen
0cb2141e9a2ad7c7adfa8bca12935f23,main_screen
b202f67db2efce002b9726d2107d2f43,mobile_recharge
e85a2ac462c3e9290554b0127ad8ae0e,main_screen
1052fc22c286431752dea42e99ceec81,main_screen
a5990e5dc5330e8bc8a0634141aaa5b7,statement
c385cd03c94300e5fffdd830589e9c03,phone_money_transfer
055f1f87a727bc7a278d03888370f87b,own_transfer
118d3f7e7ffdbaceec9a443084798e73,main_screen
b7e3b30bd9f75fa7886a2e361a462a53,main_screen
33b9d673de95167f912af9f3f2b81ff1,credit_info
f7fcf036fddb2857a8fe0b88a7080cee,statement
7d9f115e521336a32f728f5b98aaeefd,statement
701c3c59956552786976a403b9814b45,main_screen
ee5781c04519c779ff9a8e6a4fe42a6c,main_screen
e954f1f1b2e30bc2f812aed71b01e91b,statement
4bb14c8047b40dcf7c45097aca123241,main_screen
6d2aae96371c4d21d63cd643da207cb2,mobile_recharge
b4ca0f885af149a54ade104ee12853b3,main_screen
0aef2c4f28ee6c0a5d67b2be2c4e1668,main_screen
28f480c2ea580f3a911db455b4cf4ebf,statement
b9af9ff2ee659b4ed130f80c5ed2fdbd,chat
16350e04d7c01623956604c7c70393bc,statement
205f3833292a8882735e64f1f7c29adc,main_screen
43f453b18ec77b081ecd7d16f5ebf59c,statement
f670c6259774f16c892ed0b34bf12cb0,main_screen
5030c6ed71df365b9805ca08ff3b3abb,statement
55687e8104b7547eebf1edf81c4799bf,mobile_recharge
9cbb0f19c0e283aa78aeae4f2d12d281,main_screen
4b3e5cba7a03de6376374d89015af39f,card2card_transfer
af1d1e8992c77279f567be36e3c3a7e0,credit_info
0b70d3fc33e340debd9fc166439e2900,main_screen
a5c7d1385a7b1e4c9be35d2e32376c31,main_screen
f311a8379108a584fec7812d7a45eb90,card_recharge
77321754bac73427dceb42801c508a23,main_screen
26fb4016181b03958231b3a165d2c64b,main_screen
11d0f3ae2c6559319c8f34aec9bf6776,main_screen
1d72e4631bd96a11ede91369ab482043,main_screen
7d26128025ff4a2cd8bf3455eef03ba9,main_screen
68f7d83b965ba5bd9e793c2c6c16fefc,credit_info
86a6a5a4dcf5c05490065b56aba120e9,main_screen
903b7c8946ac25810c5f5fabda4f31cb,card_recharge
26892b7873957ad3b9b648e4fe470755,phone_money_transfer
cc5d825070a87fe3e8e5b3c077de4fca,own_transfer
deb9fa5faed1379cd4be33111efbcb1c,main_screen
615f1316c9597721deb0cae0abbf97b8,credit_info
104b4f5fd04df4a5554356f9f7fd7c85,credit_info
b20deed095f6842b780c72af4c816a79,credit_info
809aec04947aa0c05e6f1e3809697630,statement
a030f1d4b1cf9475d54053f3603a70b2,main_screen
a25595026becfc4d0403039d4910b85d,statement
b1270a567b54da9491af00b1dfd63252,credit_info
a8108b8ffc552d7a67b1a0c992a8a321,chat
b04c0fa7d3aa92e369dc55a1454f6fd6,main_screen
0d1070cadd012662c12847b681e92321,phone_money_transfer
65b4884ce751adcf6d7e6712663a94a6,main_screen
bc4b2278f81f8aedb80150ac4a951a03,main_screen
6ff320c5398ea9cb9a288914e7113c06,main_screen
9ab676eb26acdd0b05be9ce9ecbd898e,chat
dc36d2ab446b4f92e026b0966971aaa6,credit_info
f347bb6b21f8069ab0538f80ed692d1b,statement
136f3ed36a53e8939b6634a7cf067597,card_recharge
98fda80811602ccfe1a9170c329c7ebf,statement
fa45c182e11b774ddeb742c7bfb82fa1,main_screen
c2c79586da118dd2a55f1a0e4c8e65cc,main_screen
420604fcd0dcfa6c22ab21b02d96841e,card2card_transfer
23f3736900154d38f479c86ae0dd59bf,credit_info
bc568a9ca89552ca8250ff31b25bd4fc,statement
f765c7ebe911b67a9da342d4aa0923fa,main_screen
c12ca5675a2a4fe6dbe788740b4d1299,main_screen
1aa9e29f8b652b8ea35b5960f8ce322a,main_screen
6d4449cb899224b736e31f9b14973535,main_screen
fc9a6049d4ccda0348def5348b81cc96,main_screen
35ad32b9da8da32123bb31b52447dd8d,main_screen
e3bbf9da53a6becbc41ade77a5459826,card_recharge
df0e6f8ba0565d923c5db48ac6162d56,main_screen
cbdb91d7fb9d40e50697d284058b60d0,statement
5b9ed027cf3f8e1c7f3d853039e18259,credit_info
0e2bec3166f7d5c220668f9326b43f66,main_screen
3f464927d73dbc9b32446dee95a22b69,main_screen
f314d2d5aca2855152412794dce75352,statement
4c6a1d12f48248eb366e9df14f077f80,main_screen
96ed20fa3fbdaafe1146848155db1498,main_screen
745cf6b8b7a22f583be49b7000ed9aec,own_transfer
3cefd3fecc3d901da5186d2ee29f0ad9,main_screen
651d578662f06adb3e7e89581befa30f,statement
290ce7209e1de95cf95fe4d7b3db4763,invest
f7bb6d25a2c71d6b71265149dd62c11d,credit_info
c6689cb4b53c7ac8b23e033583c1065b,credit_info
eace038c9b9e9436bd848132dc960ba1,main_screen
0b772cbd99f0870ec2afee8d7149578f,invest
737dbcc1e2b743383d4d793098098663,main_screen
b9823400a036cbf2e0b00cc0d3c12b10,invest
8b2156dd25f92d6c9cb00656d941fe67,own_transfer
50032dbb710e5a3b613c1fd0eac98f54,mobile_recharge
c2c51a166da16adb9d36b6b7a030cd86,main_screen
aa5450cd076f293c17d6ba8c78144c37,main_screen
8c9f815bc50af55cf5bc1dbadf04e694,statement
63cdaafe2c6448a53b0dca2e861ed6ec,main_screen
5a6e551e6206657619de750e408a24bd,main_screen
1b919af855be3b0d8f53cc798b7bfeda,main_screen
399f6df5aab6b082349e202e09d47222,main_screen
f94814161e2abb99ae018457ddd48617,statement
0877c3fca23708e28a46d302f6beadf4,main_screen
aa1e14093efb790e65f90f55262c9299,main_screen
e406e21ca6266d3ce19251d35ecdb0ec,credit_info
bc73cd028d203aa612572d2a0a451065,main_screen
61b2252bbeb42a0a2b9e70b0ff2712f0,main_screen
b282bf260c185c5a5b5989c412717400,phone_money_transfer
0802f5474e99a9d8220c3cfff185d758,main_screen
b373b717494be0d60252d278c27085a9,card_recharge
4bf22447afbfcea8a8fc8eeb5f3f2467,main_screen
17e889f17f33fc526048a9db459be2f5,main_screen
fef3963683fa72dd641c10587886b071,statement
1b238b8b29271c8695fa94b753929f8c,main_screen
4ac8220b974a54d4e808e11fcc3c9427,main_screen
42a5748fc8e823a2d56325c71a6479ff,statement
373ef325ae60286925c0e4df06b663f7,statement
73f416bbc9e4b09ffba76b0ae96fe2d1,main_screen
21b5caa66aa7ee09bb55f8b59059c827,credit_info
f5f45200e7a36de5171aa834e50fe0ce,statement
6595b079f2024b67fc1c9617c3aa1978,main_screen
f8e54c4c9e2ec9b271c7950944c65c38,phone_money_transfer
ae5afb2ae83eb78ed6b87c1a5221be30,mobile_recharge
451b271acde57ef790bbf90854875802,main_screen
fc5e1e1695aa9762279bac020a13816a,main_screen
e1cce3bd68df2723d64297db9600efcf,main_screen
17bcd000d87523bd8df406af8cd1954c,main_screen
3547a0c29dfaaf2ce49978cbacbafd55,main_screen
930d24c08bebb57c6410440ef7715cac,main_screen
89660b6fab5ddd2e6b6953b3c9c5d607,credit_info
6d7162031c82089650047bace9e774b2,chat
462b81e83153b1a4999f7aed228e08b5,own_transfer
da24ec7a8a0602349397dddd12919f8a,main_screen
395ec7f717f9bea664291a36295c1a07,main_screen
a1c16166c7443fd01348d30220b1560b,credit_info
ebecd3930a467aaadf498109acdc9130,main_screen
6456402631dc75531697216a0218fd5c,phone_money_transfer
a29d3e32a0ddca5a708cff7b0766b76f,main_screen
ba484bccdc06ed3953cb9b553c3a8c25,main_screen
362da3c74c38a166c259dbdf5538568a,credit_info
4514d80c5fa6e2766463428f87cb3cf5,main_screen
bd9785a5d08485447608deb4266f9cc0,statement
067d940c7f75fd819e48f836e03f75d3,mobile_recharge
77d9b6451af809d1718f89168f9509cb,own_transfer
eb85adf7ce7401fb4344de65730098c6,card2card_transfer
35ec71f9bf7d4de8bab4d878bb5587a6,statement
17415548f2f4b2119c33f00fe026cca1,statement
c9817d19dda35b65c3fe806101a8c031,main_screen
5984f5a27a69385afc33723871d985f5,statement
831bf2ddc74561939e52e9362924e9ec,main_screen
5884b73cacfcbb3c64e076adbdcfdc27,main_screen
ec8b8fbfb31f742f5937c34680433c3e,card_recharge
f05593b41565e60d0860a570f72cf00f,chat
5ea1dee6fd46c042d2a3ab07d99711f4,main_screen
d44a51b55e3b1eaac34f5686274ab424,chat
f694e4fc231f3a66c2f3616a7b646c88,statement
57e2630512065da30abdb04f7ad92520,main_screen
17b592390559383c9538798ff965f00b,own_transfer
9afa7e97d024fe49519133863cde305f,credit_info
0975bbf90a5eee8f0790ea12f4a3d086,own_transfer
66e30d9d5dabf01fb2c906e38966cb51,credit_info
46921f2e5d730abe51cbaeac90bf46aa,main_screen
6f1fdfebc19df18d59489e8fd052dd2d,main_screen
4ed9e988acfd08cd3bfaaf6e3c0f44cd,statement
b69d7bb7091768482d8dca6c3db49bcd,own_transfer
a8150cc2a9038d16ab05041e9e01e81e,main_screen
e729ede52baf92a02dc8a21fa3ead384,statement
adc6ee99ca119b8082e3478f66c97450,main_screen
3abe5405d1ca206d55018a7a27a9d76b,main_screen
80b20e171a05b92b53607e1af1875fa9,credit_info
8f0e5bce942ba932a4cdd7605a89eef7,main_screen
6704bb3b335f29c4a79f79d0e902d3bd,statement
958204aa63b3b970ce46d601098c8156,main_screen
ea8bf1cd260b7b3e72435eb5c645de12,main_screen
bf391b727a32653bbdb4dc80d09b3e3a,main_screen
6fade2e3a36101caab9bf68f4178d00e,main_screen
e49f4628278e80062af281235e70943b,statement
b9b238fb3739602fa682da38544dc018,main_screen
01b6687f6177ac51117cb8653662ec9e,main_screen
0b9557402f5d97bd619eac005b305daa,main_screen
28bfdd1a94e3dd511a08558a307ab659,phone_money_transfer
5c6a8ec6be4f99f776f11709ae2a2afd,main_screen
e37666b84e9b934e5b8a6c91c9320d72,mobile_recharge
fdc437749b3c8882624f797fbb043a6e,main_screen
240342d36f595e3be68e09c7cedec786,mobile_recharge
d84d8b7798a49b34d61e468573432bd2,credit_info
bee8043fd90f93f84f63bd3b054cced6,main_screen
16ddb915548544e4cab5e60f401fd017,own_transfer
afa78b9b074148de08569e55373397c9,main_screen
a973aeae800b9d2e7b5a5802a5963d55,statement
8beb86a38de82475798e2075f3c60f13,main_screen
307ff4c87ac1318c66b4997ef1326317,mobile_recharge
613c669d5909d3d6fb01d55e9f04eec7,main_screen
998a42d0ea60e013d0b4ce82e1f01dc5,credit_info
63e840ddd0d50e5755ab61d06da9f60a,credit_info
ed661448be37e72d1ed00816dc986b03,main_screen
2245ddb4edb0879802e8207d3bcf5b59,main_screen
d0a22ca2d70d463ce9e12aedd60c1723,credit_info
eb94320f4f841d4ea4945dc48c847e6c,main_screen
fb84193a7bc7fb71682575af15cde894,main_screen
7da38d034ef482b6533fe80ea164ec82,main_screen
d6d4229a381ded7a66b8076ca05d0074,main_screen
b8008d10ae8bb18cdd4e43f820580770,main_screen
5f898cf2d2678bb09633269ae125c840,card_recharge
9c3a958407431b5f8533a6c3968ed899,main_screen
fc60526a23e88344b152252cb64fc5fd,main_screen
aff05ade4269c00fc2db678cf5972a30,credit_info
4b072859e0fa789c59189666f199daa4,main_screen
a64e53af47fd4a8dc004d13a804d233a,main_screen
5c71f9d2779ee9b79f11832a3370fb6f,card_recharge
a8ac848c98df12839c22f4882c2b5c0c,own_transfer
06dbcb90ed905453c3fcceb0f91edea5,main_screen
3171c3d40d7202249e5db87f69efa874,main_screen
be306d89bd3811581e17df569611348f,main_screen
78fe05ddaac61c9548091ce74c28ae51,phone_money_transfer
a4e7882eb69a281fcee2631317f5b271,main_screen
fa3e0717011784160d1c44817ad0e673,card2card_transfer
8e6d8571e4ff28309a084f64f852ae44,main_screen
60c394e1d0bb41819fe03fe8a17da77a,main_screen
a60819e3e1fde752602341a7a3a54726,own_transfer
9416ca106e312a12c827451cb8e21a00,card2card_transfer
c87958dcbd93596c74eb7ddcab71131b,main_screen
86ba780cc02e084173575df10e5df944,main_screen
c547ca94814e92814e70e5fce7285b8b,statement
076d999e3745329080d966ccf2086906,statement
ed61560e0c8226bb9db16b678fc35d2c,own_transfer
1766eb79db1640245b952c9bfa0f5650,main_screen
6b90f4115c156af7a210a138874bca49,main_screen
46ce9d2795c9539c124e6a2e17e92c1f,own_transfer
be9afd327a4916de72c196b90ec16e57,credit_info
e1a62d7030ed821a52fae300e5dcb13b,main_screen
74fc6c6ae70b3e8378a0e42b305781d8,credit_info
ec1cee31ff0a36dac38cea5561f6157b,card_recharge
baad396901d6c0090da547bf059ea34e,statement
94919468d79db080b6f94028032c819c,main_screen
cfb369b5b5c7d4333575c3b70558518b,main_screen
d4a39ac4ee9482a4f7f530eda5213b7f,statement
55c4ff98f063d4c11742759d8a770764,main_screen
bf0641da0168ed88dc75789dc77ad825,statement
5e2942cbb916ff3ef2a1bb75e78b12aa,own_transfer
bbaa22afbe5d4e9e20d48f0fe13d03bb,main_screen
ae4f8a976589c9880b656c6a41ed41aa,chat
91d4e4eb4b3f39a308524889f689260e,main_screen
8ef1f0b4dac0d05d68320a192d74e6e3,main_screen
5be622dd1d832a76de0fe01b5a23a6c9,credit_info
d29ef985b297dd7af08f6cbfb20d734f,credit_info
a93347d420e034be9772b531a4f94025,statement
a96c34f3bc5066bc3e4c0dac53526af1,credit_info
5143c99d65ec98d38fb7e4c11228a2d8,card_recharge
377f3c3e145ac71a2da4e23828c1a2b1,phone_money_transfer
9d88e6fbe761a1b89a93faacf305d46c,main_screen
3096984744b25ad8b8ea8ea557d1df54,main_screen
4f8473bf89d024026124cdd849d663f1,main_screen
f6de8bb833222041e1fce09d1bf081b7,main_screen
7658b2d53cc987d2f80d97bb0784b11a,main_screen
df7aa0010e7ad0ac54c285c3dd14a6fb,main_screen
657f20095d0d423dcf6ea9eb84e04eaa,mobile_recharge
22a169028da5027fc25ff9a00e0841fa,main_screen
047e78d2d9189697dd594df69f18be95,main_screen
a3e86086de4569d7a18483f705b1c25e,main_screen
e9b17a0afbb83c6a40f33aea4a6722a1,main_screen
0d71ae03851dbe32dcc04a8e7dcc687b,main_screen
91c953dbefa418ed1e9b6ac4192fe676,mobile_recharge
766157e7023321ee20fdecdc5d21bb46,main_screen
974a343b201e109051f646ca2b19174f,main_screen
7612462ae8b290a4ad357af1ad6bbe5a,own_transfer
5eb0a00839917c56ea3a12d3eef2ffa1,main_screen
2111fc752b276dd68b70cfee1f5f7d7f,credit_info
63dfbee39a388e8b7fbbf82b087191fe,main_screen
31e11c64f323812e8d42b7b775d26851,main_screen
c333b634e9c1a8577d2962195610c82b,main_screen
76b1678e7dab7f967484e151f011dc61,main_screen
48a3891038f4626829183b73c2bac357,credit_info
9ed02fd71a99e2d3943ea09543961f4e,own_transfer
d5c992400c4ff532efcb95676643bbdd,main_screen
6cc67e8e66ef9f15f528e9b92315b8c4,main_screen
29017c6959aa5ea64d5ebad76d739869,card_recharge
1b1df96ea53e546f8ddc7afa8f72ddcd,main_screen
cd7ff7520daa9f9003a922324ac551f3,mobile_recharge
f2dd8c990abec1d69102f6672b7fadac,credit_info
f7aa5ed5c836336e37c281f1a4dadfad,card2card_transfer
9587c0cf2b2c76191a155781a8d0fe8f,main_screen
a87534edcb43ade66800c9c9a2c69191,main_screen
9fb498eee01c090d2ebe689724353023,credit_info
f6e7dd887b2334305ef63c404849ea64,main_screen
4f3f573802c1cbb3f32d7205780f05e1,main_screen
3959ccc55a4895608c67a5cc9713b17a,chat
4df1a064b3c47b6f0b9f26fc54a0d691,phone_money_transfer
db11b9b7cd49741118397fb0879ac1f2,card_recharge
d8af34bc731f348219857f142c9c9849,statement
7b455bfaffcbf9dd005673d6cb3f42c5,credit_info
303622ec62571da8465d8194f52423a6,statement
b21a8c1d2c59b12e5178e8bbded785e2,statement
fe18f8c5aab3d2a672ec726b023a5459,main_screen
4c1faf0d6a1f4b865073849967e650eb,main_screen
7eb5938eac6a5262271d7f4cf90d4a11,main_screen
0e6897d41a4b9adbecba385b0feb3c3f,main_screen
4cd13cb680bf1b4a5c7eb7c36ae66a7f,main_screen
592ca1d103d15eb9677b6f92dde925e4,credit_info
14662e8e6d8e7b82220951487e9717c2,main_screen
af97055a2e9b9a28808f0366582ff969,statement
ce457cbd2b30f51c66e6ed23878c0523,card2card_transfer
4a9088af9ed921d84305f6c349d22e0e,main_screen
3d429852addbffb5ea8e108b8e20f3a4,statement
00312e7524772d368b15b3afa9e4d869,chat
2887dbda5a93c1428ceea2061ccf4107,statement
eb9d7ea823e47f476c53417798c8ac45,main_screen
ea1fb149f817924c8891b45170567e73,main_screen
b862e055e4793ec14d23aadae1efc838,chat
9e0f28b3b215d896e4b4a391ea4f9c8a,own_transfer
12abd68ef7bc31fead4611536d88fb2f,main_screen
224532d9189014f20303a8c85132bb7b,credit_info
ddeb72492bc07dbfd455524e138d2dd4,main_screen
73a0a07f277ae0011602bb99815de663,statement
afd1dde82d553e06815777e0b589c539,main_screen
a297ce012310030b7b429d59d9e88814,main_screen
42e3d4ac3e650c8b7887ca89680fdb58,own_transfer
e6204f2e33984cb297270d1c67bbbf73,credit_info
0dd7d71257d8e24e9c4dfa1f657983c3,main_screen
e86b4d6422b4d2dc9833084345499304,statement
5881062be012ce87fa5f64d62aaec317,main_screen
439f861ea2006d533356b77e68d332f4,card_recharge
6c90b536e5e1c54fe46d48bc7df4c6a2,main_screen
c7ae7876279b73a54ad4807c2a4fa7d6,main_screen
f56dcfc219886ae7b228d3b263758fac,statement
b5348d61dc7f9ef78188ad162e39e364,main_screen
6a8f8b266ad713d804733ec7c02b411d,own_transfer
e408f36f144997a1e68aca1c72d4836d,main_screen
efe513c1e6b9a3895b6b6f3867cb3cf7,statement
0c0eef38865d52c933fd45fcec317a2e,statement
264653e0302b456e80ea1d6fc5c007d9,statement
098e9915ef5ea6b1091bac6ef5f72f45,main_screen
9670db5b059776ee256405ebc5360d77,main_screen
9584bcc5854af2764332313454591f51,statement
6dfe171faf639627d81f801cfc4abd0d,own_transfer
5bdf14524f488a8ee470800b965c1ac7,credit_info
da2dc0fb06d4bf4d625b212da0a145e2,main_screen
ffde7c9e13971d9d78f4fc30cbc93f83,card2card_transfer
0eb84c1ea51205cfdf8a2430df78c3e4,credit_info
3fb12fe7ec1582c6e6334108d3a0a71e,chat
7bb1a74a7b6a66638ae5860d9355e06d,statement
ddbc52e8b36fad511c1d86d717c2bef3,credit_info
4a479d3c3ff09c3875fff2da49ce17fd,phone_money_transfer
e55ac9667d3727c50cbf119a8e5846c5,main_screen
6c14cd3c8afc2608041700c5121e97e9,own_transfer
3668e85ce4c73d5cda8718ea0776b6ec,own_transfer
cec01d4c2564b827c7aaddecfc7e85e2,credit_info
a482b6e1f0d010174c298c882ecac352,main_screen
a84fc90755fda80691d6614cca7a1026,main_screen
53efef0ba2d0d8ce8cf93594e7a4abe6,main_screen
58a61146b68d423fbbc4c0dcdc6cbeba,main_screen
9036a5421ac2fe76d717e42e19b245a0,credit_info
8d00284bc35cf1ae73685de8ccadaa51,chat
33a522f519bc10be5151244f275b04ef,main_screen
52ecb4e297600d6150f3707d4ec045a6,credit_info
cee10a5e9a68b55c2d96e9ae13d786ad,credit_info
6b1d19a66f092146ea5cd1913253744b,card_recharge
94db3bccc0a916e0593d27150ee09e5e,main_screen
f561acc800e8954f336ef6117dcbecbc,main_screen
572b2e8c17f843d837696046dec8b032,statement
10bb59381bea584373d24b5daceb2f93,card_recharge
ad865efc8b9a62e4413e6843c387722d,main_screen
d4a363d7438960b8cdc7991caccb9021,main_screen
a3afa8e4bb55f2792bb7a9862dc398ce,main_screen
e47b8194911bb1031e193780a432930c,main_screen
0ced0bdddf79c470bdb9d487da885286,main_screen
cb5580d3374c8779a10c9b2a59057723,phone_money_transfer
1cb6f67b7b17278706fce5777124d549,main_screen
4f6432f18e82d48f7bef6932438a7adf,mobile_recharge
b68ecded392ae8dfbbeffa6e92abdc11,chat
36d0b9f446b05cad58bab1aacfa3e2cf,statement
75afce36e9dd75bd11dbe83c2e6566a6,statement
7a29d8c55489ceb2417830a0ca5b6695,phone_money_transfer
59b3d26739329d2d9e295de02a8cdfb7,phone_money_transfer
554998b067d7cad6b1fb9b641e29b23a,main_screen
cc0c11984e6037212b1e537ee8c55e9c,statement
b34c243d2a8a3b44a58dfbcefb013e09,main_screen
84b9de4c696f2e484544ea68ba522d0b,credit_info
6cd646d964dee0428e8b08c293e8c970,credit_info
90ea944dffa1635392d66c0bc44ad70c,main_screen
58364087c4e0852bdaecdc9ca628ca2d,phone_money_transfer
5fd7d2e18e88b0d651a5aa87632b1d1a,main_screen
876ce6f229cac503a20daec79add0a07,mobile_recharge
df96bb2d6a4e792394cb009251180ada,main_screen
fcdb983615634019e6e10175aeb184fc,mobile_recharge
7e99dfbc8505c4e528bba40760b41163,credit_info
0d4f2966c57f081ca248b21ed5f9bcbd,statement
66e7566e4cb16f57f85c0fb23c907e98,statement
41c7a6ea03a9eeaf708b93cc3feb84ac,main_screen
09bb228b04a4b3015ba9b117173fef40,card2card_transfer
153dc0384e774de01f159865e5379525,statement
15433b64eb74e42b09be2c37c5e282fa,main_screen
75aa075d650670bf8e0dd77ec97ccc2c,card_recharge
accddc123ae611b312905916c338126b,main_screen
ca65df6c46192ba59976e88fb9744356,main_screen
bd602f5737ff006c81f2118f32c2f6d7,credit_info
6b677de8725b99022a15d0a7c9739e93,main_screen
95138ebe502c7098b87bc4713cdab592,credit_info
772dc7328cb05d19d29d4a17de18bd41,main_screen
3e7795914b830ca6ebaba88221274a6d,main_screen
ad399d720b212e9c0cc00af393b82818,main_screen
a7ca118e0d63db3a31f60a970087c395,main_screen
96b9e0eb8bee0e0791891c241c64b4e2,credit_info
74ed24f2ff8d4116c8c262d13bf69317,mobile_recharge
4955dcf70713c6a1485fc0e23d8b58e3,main_screen
8f7da86168b1d19871eb4aa273794618,own_transfer
6e26659e59c61d2c375de20ede7082d9,mobile_recharge
a7de364b121dd55593715ab620ae4eaf,statement
1d5f535375a0c97dd20570c6f9f6d1ef,main_screen
b4f469a0c06343a39a43e411a8c4f24a,phone_money_transfer
6024a7b525dd62939a17947674e44479,main_screen
7b06e13bd71901a29b27ca7e15dd10c3,main_screen
6cf7a309ce35c733822b7dca213b853c,own_transfer
f5ec94d5530905cd55db87cf3c216aa4,main_screen
d8cd522d29bcc77a8cbc6cccbe021ba3,main_screen
9c028cd2491ec61c34831cbb2e1817d2,main_screen
0ca70d910265215d1df127ade0a10a4b,main_screen
646c0d0439f19d417de499e5636dea21,phone_money_transfer
96f772338c0b7bde50053c8ddad47183,credit_info
9761d253510eb2ada99524d48d51d89b,main_screen
d3ffb564955c9f51573b7296db2dc004,main_screen
1bbcccf2da1369e85b55aa89c6980145,main_screen
93ac30e50bae194afb85738c289ce895,credit_info
45c43fb3c2f3273869527a4c4d1f3895,main_screen
69986bc6cc9ee5ea2f3b4e42ba78cf28,main_screen
38df5a28dcd2c17f3904de00ecdf3fa9,statement
4c891d552e73684f0e654bcae5adae7b,main_screen
02cd9ef11f7c4f8aca028ae1ff1f2e44,main_screen
d19545e8779f523203493de70895217a,statement
1073142a2e565b6578aadf6bf90830a9,main_screen
c9a77ed4092b77c58dc73dae7057f63b,main_screen
75527520ca09a888186e87596de971ea,mobile_recharge
fe4a1973d31c1fec3957331e9541c8ad,main_screen
29e26314bdb9126592fd50690e62a979,credit_info
56acfb72ee3a4a1ea4ca1ba887502382,own_transfer
01b4c8720959151e7b0fe37a14177a2b,main_screen
0449afaf512485e2352508bf8519fa41,main_screen
f93a7cd60f928293101bb3495243e52a,main_screen
5391bb410cfaa780f085f0bdcd79f979,main_screen
20129bfcb251b6d7643eed2f2503b116,statement
35d50e178be52aa66cd245f6262e27df,credit_info
bb21fae739e38cd87476c5038e1262aa,statement
83eda6d5f4a4da94d54a33b46aafc13e,credit_info
ea277d868382f89c83c205c674dba5df,main_screen
ec9cedae271bf5951ba6590ce3cf8721,card_recharge
d1de553f1393bb765cf70167aaf54544,main_screen
2282533f29fa8f1d3a6d5b3ee21603ca,statement
ad3118d4713be72f56d79294d08bf034,statement
85167b29366e126ad656f267312c815f,invest
9045c8dbf036ac4b8b4a1b0eec372191,invest
c477a35fb3fa14d18aa0e4620364db3d,main_screen
761b290833c6f40cdb38ba5622f32db7,statement
b4d1f8f1b29b4328bfc6f8e8baa6793a,main_screen
c5243aee03f7b316f962e95cd46f0b69,main_screen
52058dcbdd83a30c95f378a867014402,invest
23e103fc4ee6f97e920d1692a48f0927,main_screen
798d2c59274be9ff73a70ea9c1307b12,chat
9bcb73f2badaf5c58d8cecea4de6be43,main_screen
04cc9b012abee2f05a4b582afbdd13b9,own_transfer
a927b57014b51711c7030b00296e03c9,credit_info
0091b1bb620a4d94b40ed06cd59f42a0,mobile_recharge
b518dc9457b95ad08de0a3b5b3303800,credit_info
17fe59267e441e4a3bd0c25b183aa3d8,main_screen
d7590eb442dea25e90118947f3792561,chat
38e00ee678d9dbf8d6a130a2e01b51f4,main_screen
4fc9c7db7eeb04dd5d2eacafe6cf15c1,card2card_transfer
152672c0691d0302540bccbff11bcf0b,chat
fc9d14b4aa590ff0ab8adfba5ca005eb,main_screen
cb04aad6b681aa91ea62f3d9739e3636,main_screen
3dfc98b2edbbfd40c9fcc95de9349f79,card_recharge
9149b17c7e48ea32f8ee04128bd45dfc,card_recharge
32104abab6454e16d24af5d9d6feac0d,statement
cea39308d4d17089eb1ab18baa687af9,own_transfer
e86cec536139fb529e011e21039e527c,statement
3fdc5cb37d764dc70c6f224bdf6c1ef6,main_screen
610c1ee56b6a005f0906b9729693efbe,main_screen
c5642ab74e4d71df23d72928106ee4b0,mobile_recharge
c91bfa5f9c96b1130a18a7165600a5fc,credit_info
9d546c90f7bff3c6dc0ecaeeea40adf4,credit_info
be6e660b77c2d334bb913fe7e860a3da,main_screen
00c6af9e432fc494fc258f6d7e9a0f3b,credit_info
2db6f01e7fc27ab010a6cd6742cfe04a,phone_money_transfer
18ccc9b94d7d32a6ec59cdb6016952de,main_screen
0da5fae40f57cc8dd1bf6eba08c66426,main_screen
f84fe08f9d385dfb8d80ca77af30cbae,mobile_recharge
fb3e173474d000b5961780200f37d762,own_transfer
09d84d2ab76cde13e2417e60a72cbb88,statement
45d5563018cc11e7a53b85d1bb1bd1d4,main_screen
e4fc69f4d6cb28721f72a3112363d547,own_transfer
69efbfe57e70b35bca0217e7b03331c8,statement
91ad5e9c5632ffb7cbfa5a0257d03f0d,main_screen
bb3e9ef86fdffc28a887400df11e8883,statement
e4037d9d2de8f899d89103dd3d2cd275,credit_info
87662760510d5eee26bbaf0ecff97e4c,credit_info
ae23251394ca5b0a7c95dd5f00f8c8db,statement
97f29847c9385a23ceca38fbc66f6c01,own_transfer
3a4545ffec8ae26f78dfe8c98d28f643,chat
d58a0e22ec8b66d2a3ae2fb2694ffe17,credit_info
a1dc89900215e7b0a6d9f387a82cc865,own_transfer
10ecb1c27761f8e077ae2a8157c2d774,card_recharge
38a796ca42a0f1ff52b5a346ffff0719,credit_info
bc32f540abd590216952d09d36b03300,main_screen
e4ff495fe53f7b640e1fe018064273be,main_screen
a5ffa8aee95d44843381f205d37f2864,main_screen
dde8a2b510db521b1d579240eb0bca01,credit_info
feb8b086ac7566bcd972d212d877bb42,statement
0ea94be3166f78aef7ec2f3d5086976f,main_screen
63b711d0bb57f2e0bce0e699d1b18deb,main_screen
d452e521a50b86d2bef4fdada8957a0a,mobile_recharge
55bc8db07c042f98d274b6431c6eeb5b,main_screen
01cdc59268edce0ef43e2212399dbf7f,credit_info
ee3dc88ab016dd0ca7a9079aead37cbd,main_screen
8ba9ba31a0a71ee8de519515e126965c,statement
455586766e5ffbe48b0087953cb6efff,main_screen
53bd334fc3859dd218dff21b002de267,statement
93564471fbc4e1428a49e65532b03bc6,card_recharge
d2ca3a6a579c20ac1228cb00ec9825a4,main_screen
da2da80265b7020760d367023edd686c,main_screen
e92a143482bfb2bcb07b56196e87f5c7,credit_info
7d6b480405fab0e0b1b4adf7ca565966,credit_info
e6b71ddb5ca1be89862b4ea0788a1ef7,main_screen
8361df8ac81a6a34a90a0c31d7cd09cb,main_screen
2868dc92d251fe794675c2121c8d2244,statement
a59f8c487f15bc1ba4f7e38ebf1ebfc7,main_screen
bb22d487ef592b2c6992dfc8ba477c95,card_recharge
d6d135b7ce22ee1ed9dba1566411621a,main_screen
a46f6f450ee9814bec2cd0b70b1688b0,main_screen
a3378d1e7b91c7ea746c60c6348cc68b,statement
6f961cbad10eeac42dbb8ea76f1c7c2e,main_screen
c6f2f743686150618642453003e19e10,main_screen
9082e971a1f5d8f44fe8f74f1e10beed,main_screen
34b21882b4d57faee50517d572a2f160,main_screen
9ed9fc7c7dfca9be79fff0638363362b,main_screen
3d489a479fd70a7d4624393a097efc42,chat
a5e03a504450eea83b4dbc2c69dfa7db,main_screen
4e4d22b52e91085d4b5262f402cfd885,own_transfer
a85eb7cde22bf5ad0834143e67462e9e,main_screen
82f0aad8be73c318bf7129285da69ed2,main_screen
a5bebeeff611ff7bfc07bd1845099138,credit_info
9863685e2d13fe7824d24d5bffe90ae8,credit_info
870db29c149cd5c407719423265a1e4e,main_screen
39d5aea0a633df83b300b5e5115e7fab,main_screen
552b6b57df925fa0784c2451e183dc77,credit_info
9aa86e4690f0c270bbd50fb9d4883920,credit_info
c4b0ad5412e923b0694bcdb525cf9e8a,card_recharge
78e11414589986d2ea1c60300dbf09a7,credit_info
1a9dd43ec3942b3b6c3c2fbeda44361b,main_screen
0631f3b8f65b7df67487df237ed24a7e,main_screen
699820768b56398565d7a24780a2cd92,statement
d91585211885af1b8ffe4fd3e2c98d9b,main_screen
e6c3abfdaac2c392665e5377468f227d,card_recharge
12a2d5dbc4ea0f497f0a6f1d2b4a0c83,main_screen
a8a28a07b8652896a5cf87a2405e205b,chat
03c4832cc6749862ef9c1df4c1da0e7d,card2card_transfer
8a2edc453a72ba698111646e633aea0f,main_screen
d0212006e021217a61d1d4ae97bcf63f,main_screen
f407212bb638e68d07de24f89adfcb9b,main_screen
c535dfa7ee630704c849888d55853a2c,invest
5040a8414ffc5a89ab908b377109a656,card_recharge
a76837738d7b9ef523f2dc0d564c7543,credit_info
eedfc396d90c6e1c150f2ce0b7523b1c,credit_info
f1036268687374d2076537da3f2d1b67,phone_money_transfer
9477f7cc4d8befd3bc15dc70ebdf90f3,main_screen
9925a53cd8d269c2f71e265ac773b655,statement
2032a57527de26a727bed45eacaf13df,main_screen
902f16b38eb61847e73142cc42c59ce2,main_screen
1e8748dcca73f70df84a7f22004eda4a,main_screen
2ee03a9fb9bb9a07dd0229de94db3cb8,statement
ae1404f0cadf437ab046570ae2b2e6ec,main_screen
f309db702e2cff40abfa0737320c9cac,statement
216377f37e97ae9a4b572abb973dbf2c,main_screen
fcdca7d6b93eb7b1c850ac9283c49130,main_screen
efae6c20fda89d31ba69f6181830fc7c,main_screen
1367bdd3eeba11d55b3fec41009002ee,credit_info
095d700e1b847cad819704679a4b87c3,credit_info
afd048f54d17279b83dc39bb43e9cd91,credit_info
64bb47efcda783f4a9d22ed11b8ffd0b,card_recharge
ee5e6232d26c4b42a595bafd1192c7fe,main_screen
05d21bde9a0b06b23b774bcc35245fd4,card_recharge
2468d400e08ba6200e469162b9b0df95,own_transfer
3d5accb5e1ef1f8c5a5129fafde94cdc,chat
eaae1e5d5b3c5b71a214d835c67e469b,credit_info
1d0d9ae8a1c877cfc8eb780a509351b1,statement
e8214ce2dfd2d9a2376208dc571cbb72,chat
03da9b0de2370c1445303bc49b01290a,statement
0d9c100ef4f00af9bf99be5142084dcd,main_screen
3008978d222ecf2d5464e8f563236a96,statement
a2db680d8fc94eff5a8c62f32bea8f1a,main_screen
7ce16716e94cc465417cd328adcb8496,main_screen
dd0fe38bfc17fad0c1d763046de2295d,credit_info
1f503782d9b52c7448ac1c4fb6ec383c,statement
b8413980d116178ac5f362c0807da9c3,main_screen
10eebd5ee7aa4da2274584106b5aee5e,credit_info
7b04d8ab8264413d81b93fa88a76978e,credit_info
997996bb68adfe936965f7df6cc9e564,main_screen
51ab72313669f4350d938671f580eac4,own_transfer
cd433345ab745566281d713c05316612,main_screen
12146d1028472c2a0b1ce179fa022860,credit_info
4ff2f21946c77f227398390e01eb2b5c,main_screen
db25c855a050bd543764b43af1acba44,statement
218df6800ead0c1fdc91bc41b6bfa452,card2card_transfer
04e29a81a1432b6444e51c0ac9691038,main_screen
8e1f1f5982c9e7bdebd2b8b7c9471dbe,main_screen
14b6bc0e26ae8e11f3ddd99e5831753e,main_screen
643aca29b23cc4d7468fc6002aa00cde,main_screen
08472d278f242f853359197e0be5909c,own_transfer
5619a65c076e1d937724f98ab4466130,main_screen
f6fd92219b927a94eb030e9938b73097,main_screen
f6a0d8cda6c21f1e0f764ead4da05565,main_screen
6cbbe3c171db861c32bd7c470c0ec785,main_screen
cd5e87bd074e12deff528a67bd0e87ad,main_screen
fc0cb15733f6732e4d28abac6ff65303,main_screen
4da2914f038aa8cf933ef40fd2617286,card_recharge
4cd7fd43756fd481f577be102b0d463e,main_screen
391625aefaf93e65005912ff5b1246e5,main_screen
18405ac68f72cd0a1372228530bb8ab5,main_screen
459a102e7b177e16d4df56e40029c2a4,main_screen
c91695285ad1a0c63f3db04a0e9bae31,statement
06d7e20598c166cdf0ad4a4ac90293b3,main_screen
043f86d95cc11c48ec94bcd42a935052,main_screen
3be939d3a511b5fb7a2a53201842813c,statement
6050fa0f5b2e4d8dc32565c09d167214,mobile_recharge
f7b756bf36c95ad18e096cabdb7796c3,statement
913ac70d28debdec9d3917618795ecc8,main_screen
4638a0a0da858759a831f071a3fe8ea5,main_screen
300aa1a755971c0ba23b14967af65ee5,card_recharge
6748d0180827a5e56ffbe7aef4549aa1,main_screen
65fb79f1608ed4126fb8ffde9083f8c9,main_screen
7daa21a794e9843ac33ee01fe93a360e,credit_info
0dda83aa8947aa1807adec220c79ef2f,main_screen
8b345e7b316137e4e453df8d0acc129b,mobile_recharge
f4913b36d04066d0d8b97728f2312f6e,main_screen
c448b4dc5faf38801ed3334add4796a4,card_recharge
ac5732079734d6b2ee0885c442d92c18,credit_info
4807e38e71a1678b07bdb721dd5f400c,main_screen
6766658a4847bf16d429c103d6676ece,statement
3da1a0f588cd62383fb55e520bfac8d0,main_screen
ccf004cc03c736781c047cd2c3dfaffb,mobile_recharge
eee2493637cb01c77773bd9c09f4663a,main_screen
2aee6d41a50d8f9e15a1c91682d7c65b,main_screen
a6e072b5151203c28ecc8d5f15101385,main_screen
0e002c3bcda2c5d431805ea2068872c7,credit_info
df3e65f47e6b886169355370a911720c,statement
17523ef2a9c41b80e1725655e409271e,main_screen
852dba09e376f121f7aeaa66d743cf66,main_screen
e43e1d2f3fc3d884aa96be8cbf96d8dc,mobile_recharge
3b1ad08ddb18eee97e18bc5087a44dfd,credit_info
5823c78035cb6d16cdec4dd7a2856db3,credit_info
557e2971885f13f4c201d3a98a74524e,main_screen
3daf7780b89e67b05aa7d7c9842bd17f,credit_info
85b1b657b6cdeca59aa5a9faa58a0682,own_transfer
dd3e78ada147298a38e17146cd6c0c09,main_screen
2ed41a91805adf358c90b08b6646f0b6,credit_info
e3f7c1ea3f0904461d7622b6bae63254,main_screen
dc663724a14c906ba66ddb61004484f8,main_screen
24b8cc0e863475bfd9faede479353f85,statement
2e619f90bc5895948fc0c00e3e25fa09,card_recharge
652b048534b1f7fc52ab7af11ea4c3a3,main_screen
68c832349db0fa7bbcea2d27bf49b685,statement
e5073bbf23442490743fbc345588e98d,main_screen
6311a31f43d1f51b26aca17e82f7e88e,credit_info
b79687abe4e7f210713698ff5a3659e9,main_screen
fb705dbd13247b5e7bed0b33f6531d63,main_screen
791f9883af1e3fb046ebf8a760b6983d,statement
7a46b5575c64720b3cc4aba195cb99c2,main_screen
c5c04f3ea9e2dd676fc3567a2b6b6e7f,main_screen
1867d87fcbb525c8fac0b52b830bb973,credit_info
ed52c70f8e0879adf2c007f57eca0878,main_screen
8a0654381453e09a4c1db3ee3dd7be84,own_transfer
62afc5b8da4db97a72ec8a63f2906afe,credit_info
9271a1d5c441e292c30375d47afb158d,card_recharge
d53c933c905a5fed50b114abdc2cd84f,main_screen
2ed5d5d2f3fda4712eef6b8e663da7ec,credit_info
4aa27354096451bbcd5ada3e34e4fce1,statement
d5f5d18b7f2a020ec628ffd32100a718,card2card_transfer
23fda5541bc718ea3b8f47c232ceec6c,statement
ccfd04b10a2606de60d4a81311c21fcc,credit_info
62d21e5d2c82c22fe6eadd1e05466f34,main_screen
374d0cc398426dd0e01d6b43364a0999,main_screen
305efedd51c24bc11a553d2990eba419,main_screen
5d6c93bb13e01897608e5e96dcc7f563,main_screen
2de09d75d7eba7ba518195064164cca3,mobile_recharge
03f00d556127d20899ff5fd70ff3de50,mobile_recharge
dbcb6c10bee2296eb74e25d1afda9431,chat
b3749a056c0c826f6ec93f4153e6cf64,main_screen
88e6fd6a11935533fad132b62651d345,main_screen
15ee5fcbb996b9ec3558f3690e20d5db,credit_info
84d0160762a622b2160b45403e18bf1c,statement
422313b7745b12b7927d39750f6037e5,card_recharge
bb63a0766ba4dfd764c85bd8493c61c7,statement
56f395cdca0f2d116f5a41ac5297bc1a,main_screen
8307911d2213c39cc7483c05731b3c3f,main_screen
13de7857994bc866c1d9ff8d2810c492,main_screen
4baa642ab91dcfb253aaabf199177a5c,card_recharge
9d1386232fb3420089551e514624ac3e,statement
e90c3b253aa9b648af415bf4a9433c05,main_screen
5ccf7157b84da920b45e60427aa811ce,chat
8524e731f4c54d9ad4d85907e63f7e78,credit_info
2d40aded5491335c22b15cd1f4e93f61,main_screen
f06e562c3d5e228bd888247c83bba93a,main_screen
18bc3dc86000a9f2a636d8e53d6343c8,main_screen
203be798908d46be69b784da9ce1fd29,own_transfer
e9735cc2948c6bec5fbc7faddf72f6dd,mobile_recharge
111c305282f6ca3b63415a463abccc4c,main_screen
22b00e9e3fad4886594aa6006d3ac7ac,main_screen
9f736829b3a7006a4025a9f4a6189f12,credit_info
01a8ecb60b7022eefd4eb323f64100b3,main_screen
fe5af471c72f3e553d052c1412aec0e1,statement
ee326372ed307358cdf13ff16f48bd83,main_screen
9c4b68a83d7aa5e40260dab3dc3baa11,main_screen
0c60ad578fb190e328a4a3c03fc25fa1,main_screen
be19e2ac1d8c451df2fa776571712749,chat
2f10c516f7905ae722e33d0e2fc05dda,mobile_recharge
1df48ee775cd86c1e05d34cb83561ed0,main_screen
f5950d5c456635c3a7723b98baf96e19,main_screen
2ee7899a64657f84c7302582675ae769,own_transfer
cead51757ab9a7293a9f4332937039f1,main_screen
0594ff5c899d76741410249a2392dd09,main_screen
af8243de8efc008a5cbbdd44b4f0bfb8,main_screen
d209316595bd46d48b95dfb22e9a3e86,main_screen
ae5365b991bb317969bcd191663b203e,main_screen
592e49c79e0e7baa56bcaa386222dbb3,main_screen
149f4b028f823d156ad23b0cef0a40d9,credit_info
2209f78fbfb78c8d3cb01b7c7f26f6f2,main_screen
8b93c2c023692c3dac2264d7089f612f,main_screen
d654e0a730a6260920804e004677c52e,main_screen
e625705fd0812968066c428220f1298c,credit_info
acc86276d655de05098c80a0a4eb8614,main_screen
a4de870719183e22cd95d7792525e5a1,main_screen
7847edcadbdf5a24cbd9fc55e4895498,main_screen
6c8f09cc7e0ea974ef27408a70fe86b7,main_screen
841343cd90a49db215c332f35c97b94b,own_transfer
63913efd539cd1be7bc44e4ca74cc1c4,statement
0d8948edfda4d3e638eae3b9d09dbee1,main_screen
3c75c4481d32b4f4a685a9ebbb235fc8,main_screen
6fbbb2ec1b5ca815ef59f3f2f5e41487,credit_info
fecbc034c31c5230de29fd74f2ff975f,main_screen
5c14c34778ea96f644f19c4eeb18fd9b,own_transfer
d74faaf65d1f993a869a2d9e12c24acc,main_screen
fe99e5d28ccd40597da65f9e87f94aef,card2card_transfer
0e6327ffb8a50b01a928c2970ffe5e47,main_screen
ba7dcc64e3fc5a9dfb24a9dffb05fca1,main_screen
3d3bdc10a31c630e15a1b0e2d458e85a,main_screen
efbeb6f88c010796a18030d86820c4ca,main_screen
d46953490f847225e2659eaf83c954af,main_screen
25d7272eb89adef84ad258f8cbc1bd89,main_screen
27c0bfa77fe3733d8ac72610bc525916,chat
1a4bd116ee862b9f2b8f09c4f326f604,main_screen
e6d4888fc1d473eee455e4ee7a3c8333,main_screen
3b77dc8c70998bbc151156d7d6c42a55,main_screen
9b2445e0a211addbfcdd11447c9da981,phone_money_transfer
365817de1ea368581c0c68734315c27c,credit_info
8e1313e77d19e5334c6d9e166b378c35,main_screen
c6b1a75bc819a254c73f24b497c48e5f,card_recharge
869c7bf32bc263e29c23d3a21fb19422,chat
d4db6cf0318a8dcc307feac540b5afcc,main_screen
5e65029035fb9659698ccca4f36da89c,phone_money_transfer
3242ee39cd7a54e8ab232190db968e2b,main_screen
5d27793dc6d2d71ba98546592b948cc6,main_screen
7b471d5621307cb909b5475520b80f21,credit_info
725be3ab13c2880c1bea69d1b8406a8a,mobile_recharge
5ae14f80988720a39d58912f10d3d80d,main_screen
8b803efbd617bc80d1e92d2fd17014cd,statement
b3cff2b1051c6acd7a8c74f503e3c49a,mobile_recharge
3e438deafe626b618bed4619ac48e0b4,main_screen
84ebedda14a65ca529560875e47e7ac3,phone_money_transfer
708d00db69ee354e4d0fec64cb42a58e,main_screen
375c55a95862ad990758c50253deb459,statement
5604be26c984fa7f6ff14f590371ff49,statement
ce1291e787800bf3ebf58432d84de7f7,credit_info
936e56e77bd0d017f8ed3e17f1d154ba,own_transfer
960c83641085e6e2ac9662ef89037da7,main_screen
a1d7685d8780025862a64d11664cb002,main_screen
9ad7e360dbc460f755d66e48248f008d,own_transfer
4496581ce61916197c4470fa5b29f238,main_screen
52eee833fd427b5352b41b6fe785d4f7,main_screen
af99a9dd79098594c5519fbf244ab817,chat
699bdfa02e25d15b3565388b55ce42dc,credit_info
a00347ac9d9ace2ef254543bbf1d6ea9,main_screen
d45142a2eef2aed81bb344f9802e1b8e,main_screen
a6bf687efc3086a19d567d75cb6b0d0a,chat
395f1d83476051ae70ca0845bae58092,credit_info
728a8a3ebd730bfd0ea7a3f1b0402627,mobile_recharge
e906044884a289c33ce7587022b4e584,main_screen
8a871027a411c06425f59281ce71419a,card_recharge
7b84ca863617de287144f19248e3132e,main_screen
99a679c505c64d271c334a7ba0a6fa36,credit_info
b7d6a3c95fb0712caaaba7c98500f050,credit_info
5372b1cae1b6bd6104d8199960b145a2,main_screen
e31720825abc32e4693fe9e32c095bde,statement
c6c7f3c224a8a0776b42079691edc4e5,main_screen
00ad992eff6f76ceb179bcba28ad21f9,credit_info
3831807deb59292b884b0926723dda4b,main_screen
2cc6c8a989899e10aabbef097315836f,main_screen
58bccf5a0e1816cee2459630f295c0e6,main_screen
57990733d5f8fd09473ae9607b0ce165,main_screen
d398a38a373d77c0b03c9e6341b17f95,mobile_recharge
6acbc16d70665c8cb53db88629549c46,credit_info
57806b39e7bd66d689b9f9f06a676298,statement
9af2351579eb97458adbb3c4df498e1e,mobile_recharge
8220c702d69b3a72b472fbf14692c15a,phone_money_transfer
c7dc8348fb946b4b6cf93f94b028fe64,statement
6869492aa15b3a58434628f1d97034ae,main_screen
d36e797db437d6d419abf575da5f635e,main_screen
b9ebadf367f1fa2d50333997f53fbfbd,card2card_transfer
e4a507b5868bfe49a37ebcdb0a54287e,statement
613e29244787ae9ce590ddee36b41c1d,card_recharge
b6e06a14d8ec6a1f48c6ba09a424b897,statement
031c9f90ce421d68fe005f6b7d69f04f,credit_info
30e398c9a2bb0295b09f745cb77e95d6,main_screen
d8adf57d49f3b8a82a02554458bac548,credit_info
d9e52cb53b85e4ca11fd8ce811cd4608,statement
d9f3af7dbfc0f4f494e02a021f58f7c3,main_screen
15cf16cf3668bfd30155aa7dc88db98e,phone_money_transfer
ef8d967540c4d5014f32acc5827a8a66,main_screen
12c04f7d6d1f97564a6e3a181c65c60f,chat
bf5d0fee228b595f09507826e9f22983,main_screen
c9638a5d10c6be2fffbff6aa0e8bd4dd,main_screen
3c662d6dbc45347c1a031830faac1ed5,main_screen
be45018aef84a0d179093f97f3979f94,main_screen
04909a0beff77290f3e0b5fea03fe16a,mobile_recharge
325348d1fdeb084967ce027a5f34115f,statement
feafc74d613b83d0f06b60613a37e309,credit_info
1e65d8058e1f633c137917ffb7424419,credit_info
26cd7452fae9b524327daace72d654fa,main_screen
7d06085d9fb5f538aefc6e5f8ec6c8df,invest
4e10215c4178c57f7c0769122fcc10f8,statement
4456f21c6cc171b2b44a857dd9f76faf,statement
3621fc0bbaf66f08af5194bccb17e187,main_screen
12aeccb53fbb8155d91f05af900fc4f4,main_screen
883ce757bc89ad4fe70da7b5ba23515b,main_screen
afa7fced08db88bb86ff031f5c8f0b82,card_recharge
d999992ecc4fb08dfa27c7163452f964,card2card_transfer
4813f32fb2839633ebd7282e69f287ef,credit_info
15d8342cc5800b3804fdd9e5dc94c5b4,main_screen
2b5e1a9e08d52e9a1b343ac297cba4ca,phone_money_transfer
215b1d6d5e8e335ea520b3c05f9a8eb1,credit_info
1f1651e6eeee2739c733ce82be3dab85,main_screen
8f15adcb0b0b6ca65e67ad0e0b602dfa,main_screen
d35c0a5274d598443d9601d79a4a3a4d,statement
034931ec5013fcfd034838b6f8aad43f,main_screen
1db53951976123bd5114975f2c07128f,credit_info
d9f5a8a12b9898f0fb36fbda8e251599,main_screen
bc1dacbdfc8688da25c80398443ac724,main_screen
72f7326a17bf8158d083e9be8a66862b,chat
400d875fc88546d9f56b3f447c44aa75,main_screen
c9b43222d7b47de219f4b31d0afc435c,mobile_recharge
ce378d44fce32d9109a2ab1be503b1c5,credit_info
747623bb5e1c1a9f6d34f286d6af203f,credit_info
44f33083da6b22409f44f01b87069c77,main_screen
04119d897d23647a9b926d32f3abf389,main_screen
b432193ce5e5f2fac224a0348caf2de8,credit_info
5214a978cf3a601405591fb4cc1d4d3d,main_screen
5c72c6775aa185a8853614440b31c735,main_screen
bfaab95f8b3b24ad87aace97d3e89065,main_screen
4260e7aa367a96fdea64139a1e00d8e4,main_screen
d00a1a89e552c45c95e11ded82389bbd,main_screen
5dc16d15e88905036c8346068f95f68a,main_screen
12099c088f72f7054e20123c4907551c,main_screen
534112161de818a5fa0ad98d39dfae09,chat
3ff65dfb6e372dde9d887f4a5a4d5b36,credit_info
e9431edaa1ed6d0e653c6d98c82a8a8b,main_screen
1e9a65706affd2ba156928a004d61584,mobile_recharge
881be34fe1419a92677c45d7c78d35e7,credit_info
520ec774f88103840d9bd585a56f9033,chat
43c36f1ff893befb448237682eaf4d93,main_screen
54ec3ee1bf79b6b13e73028904850067,main_screen
3b42cde92a53514cecd03160fa0d80cc,main_screen
59d5895b86fb676917e1cbdda056a7e2,main_screen
bac15d5b5cfd0e8032425c56059925ef,main_screen
ec8ba18005e70ec36eb59694f6c53811,statement
25c3b21e265498dd8ef6aaef00be7979,statement
6964f8f58ee7dfcb1e4bfd0142d187d9,card_recharge
a600f20d56505c3199bafb8fb14f0b43,main_screen
e991ac8f43cca6241d8f51c58823e531,main_screen
75a562f4af2ec354c6510ae100d9b975,main_screen
9af2fa8b2f1224c7bb53b44f32273bbb,main_screen
4fbbbbf0c2a768a0304f496240c9b475,statement
96b355ca918de87af992c339b5cc7174,main_screen
a6d0410b88884dbdb450a1947b61d07e,credit_info
8d9220ab3b863dd8f573f76a04885292,credit_info
d7ab860d7eb68e82814410ebf1ab0527,main_screen
ae26a002cbf66e66c7f330d71d81a113,main_screen
dc6425330bdf1c8859dc4a13c1696fa8,main_screen
ae37f6c18ebbbdcd240e10a2c7c1d50a,credit_info
3c9349b0c9b29429bbad935a5966c2b7,main_screen
d20adf99e30258ef9af4089518fa219c,main_screen
4bb63bfbe7a4fe1655417b02596ec2e1,main_screen
599a2c4be198ae6f738e15895525dddd,main_screen
e3217f043204d41d321fdd6cf2d79108,chat
61733ad3cf1c037de8e5c3317cdb69b8,statement
01b6c84ddf8305c204fb12f0aad55edb,main_screen
16ff737ba158af5cb0392a9a245066a2,main_screen
6254210ff70f6908b0bc1ccbbbd5e2db,own_transfer
8350d870feb68d412dd532d69fd2c7f8,main_screen
8d55644ce01da58c503564c1cf80bd1e,main_screen
f7e0ad9880f32f10d40386d7c6d6436d,credit_info
d832aa0daf7bad292531f6c727969643,credit_info
21efd91537ecbc792a8f7614f35096c1,card_recharge
42feb9232ca3a694d0f87f8ae98a562a,credit_info
fc789e4588f184b15991f9cdba1c2519,statement
ef8794dede2cfda807e54f3ee805064c,main_screen
4d3df6652a860b03c6bbe694ba5d1279,chat
6338583fcfe97a9f6cc77820f00cf71b,card_recharge
f241392bee636d96c61d43beb1098452,main_screen
fd9a815ddf9ffb947d29381be77dc0e6,main_screen
6238a74a4bd1bd8b010590a1d5302362,main_screen
96ec95773055f577d0e44f07a39faf59,statement
3182087edb303637085aa6ca96a2eb16,main_screen
24df0d31784d1267c4d2dfe95d3033cd,credit_info
73a258e15ce256d7dd76c2600bd9e962,mobile_recharge
e14ef5d2d96c7f71132637368c767f80,mobile_recharge
ad671a586feb5f553ea2b4780ef70264,main_screen
6519dd83f313dcb6c3c6d26042382789,statement
31336a9a505169d36ce554d177e304cb,main_screen
bc8837eab08c0831eddba39f3aac9bc2,statement
016e776cab6a4b6c26ee352beb590da4,main_screen
14ef9d7c676b905819261abfd76d32b5,credit_info
cc1614a806f40cafbc92035c229ed5fa,main_screen
98a8398a1c4a423be69ee7a67c627569,chat
7f1cd4c27c96560f66f4f922328b0a91,statement
bf281f26ca28791ead761c850945d8c6,main_screen
ca6e80a7c56cd51a7f3e30d6910dfd8e,card2card_transfer
ea23690f5e3f480b144e04f5619b6330,main_screen
4689b6aa30ef5b315f3b12e8e88fdac9,own_transfer
0942bf08eedd2e0c27d6767792ff3e20,main_screen
f0c124b636c8f8c52d159067106c2f7e,main_screen
5de11cea9541a6d7dbaa42ff345164d8,main_screen
a43dff9f8c4e0002e9ae3655c1015a58,phone_money_transfer
da8243041366d6f25e02ad61c2652149,main_screen
6060dbb6e96e8a7133020a99619d2a60,own_transfer
251addb89765240315057ccdcfaf9ede,main_screen
9d996e76cd0b4c904ae4b8d06b89fb85,statement
7a152f0286b47425cdc60ea9ae7561d2,own_transfer
5ec195aec8061fed56a78c4caf6464c0,credit_info
e741abd96490d0a32c50e88e1cd1dd68,main_screen
aa3219e3dc9ff748025ac5d2423cd891,own_transfer
773d8a6d32f1e744f1add14bec505b29,credit_info
0c635c10a1dcb728fa8aaa1dc6de0b77,card_recharge
6f64237f4bd712c51fe23d891f591add,main_screen
546a2e309d6fb9a6ca2df24998d47c53,main_screen
b4a6e8e06bf8fd2499bc6ad08ec1e41e,own_transfer
d472040783ffbbdeec25bedfaeae5da4,main_screen
db03de0f2f7c75576a926ba198d25791,statement
dc1e3fa94259e1fefd9d4549dcf12c15,statement
b958fef070284281428c572284a16257,statement
f99c193e134a2c69e17505a08ace39eb,invest
51b686658e07a38ad4e05cacdf81cba4,credit_info
39ca6ea9906b9263bf7ddf401d9a53d3,credit_info
af52393d4ea1217468506af78a1adc85,credit_info
a4f67a4cdc7d71587c7432eba4a96d59,own_transfer
cdd3d647cdff8b6c774fc32f9d1a635a,own_transfer
886e4478692ee870ce6e3fbc7ac83f9a,credit_info
d2d1234812170127a92e791a9da8f4f1,card_recharge
fef21970dc1244299cc3b282abbfe4fb,main_screen
a4d23f76021f1dd78ffb53ff668fa8b5,main_screen
c3b57eded69213d06b32728517461541,credit_info
c353987d0e0e43f077845d4308f3e59e,main_screen
d907377fef64137fddb4e5ef5d1f7a31,credit_info
0ec7536baa4aa25f087577ccb45b6c82,statement
9c013dd098814202a24d3705ed5e7303,main_screen
10523a04b3b0d6a56fa4fc174341068b,chat
d07eee80b6c058835d4fb80a0ce116df,main_screen
cff50d7c1bab07e45262f9eb06ad83fa,main_screen
e7a1da7604c06a438e8f70cd3fe48451,card2card_transfer
13d0157f2846983f5996e30af55dc43b,main_screen
2026065798472b5957ae7d5fe95e41aa,credit_info
6ec8b84277cfcd8932174ce45a276e86,main_screen
0c1b3924bf35fe191782f36b194e63f1,statement
93470057e8074bab4315a29fb4b51c1a,statement
31cdc20285b8172ceab01768d16431fe,main_screen
8556faf8cb09a720d632ca56f32ca5f6,main_screen
852ae3e102fa630389310b38895053a7,statement
493d2664355ca93fcab2156c74633862,main_screen
2880854ec07df2a06e8e692fd945be00,statement
46cb2b62a349048f05a0640673a53953,main_screen
9840ba502458011d6d34c342d22d062b,main_screen
28666da570dd618ca26d43b0bed8520c,main_screen
c74bb630a20e9c8f9636fabc0f451e7a,main_screen
654148e51e869b49a5a3130784bd6381,mobile_recharge
4a0057acf252b6c5a63dd997bac372e1,own_transfer
f1480e33f381ec3f14e4e8ad55759ad0,main_screen
415713a07fd5be220cd0b2763deb665d,main_screen
7deea8c7eccd05f9c97671ff209f5c77,main_screen
df60d25a687350a01d7f4a8cd11e4b9d,statement
ed5c9f0612f4f58634512a37532a14b2,main_screen
fbd354130bf4c554bdedfd8b33a75a27,mobile_recharge
207f863ee0c58af117e74ae319e4ed43,statement
bdeb35d15a6f8f140d72779a92db82fa,main_screen
d446bdf0d421bb0f3c761b6228ec6dc7,card_recharge
45166546215db49043b50951b48a6dad,main_screen
e4df12af70649935a5ca9af9c2672958,main_screen
5466f4c0f546ed6b1e27ce6be0e7098f,main_screen
aec9b0eb0a600f0c3f683d7a8731ec92,statement
a339895f606272df8662f0196769036c,mobile_recharge
5ff18e925e3b691b67dc45e872ed5706,main_screen
ec37b16f2b6310e4d3507965546b887d,main_screen
f5a668a743b73ae544148d9cac633592,credit_info
aec8a833f0d28fa2b4dd856b362ccbdb,main_screen
f2db2f589653965755a44a2e4aa79df9,statement
907fee9cc6e1ce2adbd4d89e245ab560,main_screen
023c2c5a9137a155cfa42d3a6531e13f,main_screen
4191d655dd3d753d01833342cc0102f2,credit_info
90e789d2ece733f0d07061f532bfc851,credit_info
bc728ba595ee3a49b923c67b0ef3ea0b,main_screen
4b0b764cbccd303e0625aa996808f28b,main_screen
400e357511620a5ba61c14aa235daefc,credit_info
ad8abea3dd6e6739130ebe1bd273d046,card_recharge
94fff3f2d689456e91cfb9e6556698d6,main_screen
d58f4884187b750b0bfa50d421f5fe54,main_screen
0f241194267cd890822ea487c50e1a17,main_screen
6177b1a40bd64df70af94f63b2801b16,credit_info
87a1ece26e339149570129559a9e4e2e,credit_info
a87fa01c0e135bdd8049bec83e277a64,main_screen
07334bb6eecda95410a2dd7924aca9fd,statement
10acfb4741f56a49f91f936b32e34b74,phone_money_transfer
f90b73e6ae543afd6306112b0a921296,chat
5e0c0fac7772d1abb8e65adc2f118f93,main_screen
4195564bd854cb03adb920ab894419b0,own_transfer
e500a77430669685e4185c9a89ddac47,main_screen
dc1707507b2130d84a8754c34655a340,main_screen
a25d2ca99c81cf7b438f913af0246c41,card2card_transfer
1c1e53d948001faa0fe28f2c82b85c34,mobile_recharge
d2df3f8241377b4e62ad67d578432c7d,statement
857d280c9485972a1d77aecbcf4741a9,main_screen
d34ae6a83290e2f0f3424e7807d00126,credit_info
c11b3e548c4d91246aec40c5860c3641,main_screen
d0e081899752b6ae7b3094a5bbeb8d90,chat
7263341fd5feda637dc82e66a150ef17,own_transfer
e9114c73c24f06df14669b72cc8fbb45,main_screen
59a1668349f6d22f3b8ec6787313c60c,credit_info
23a0b7bdc45f3afd5f8f6db05e631c72,main_screen
720c50dfeca69fe0ba50ef01e27cff14,main_screen
67a31f83c2c523f097cab4b1a4829e00,own_transfer
96405254b8835efa118643475300cd66,credit_info
5837294c8716b0d2c13be079455e972e,statement
7db28e8d7155e62b2f616d48aeb70f47,main_screen
a8ee9647b3564cbf00935723d6f789c2,phone_money_transfer
4820ff99306793b85798be6f02eb6b69,main_screen
9a694f81f13584708f33eb9f037c5cea,statement
629fc972649132d0a92fabb4a0512e6e,main_screen
a18316c5ebe22b087b10d7d248bdd999,main_screen
a56008bae2d924db3f4cff979c88106a,credit_info
4c17cabf553a9d9ada26f439c0aa3840,card_recharge
77142673a3e7727fe64b5db1600b42cd,main_screen
d36c80de429a0797fc45f7fa8f8dbd04,credit_info
2d7c1b89f45d56588610d3b575d23be2,main_screen
3dab7e8ff72c80c786af1df6dbf0d2d7,main_screen
692d55f3583ffd7a91fd688dadf92fa5,credit_info
ec8fd1cee296846996c5b6fe579ecfbc,main_screen
681fe3ca2bb89ef96b942f7a8b6b279c,main_screen
5e02ea1b162acbad7d9aae84e758d14e,statement
ce50718726280ce5a6a0f917bda6678f,statement
5f74002deddc0f59b8cf8e6addfed682,main_screen
f5828b236e52945eaa8988ad96a74162,main_screen
f57891a6afcf7bed035db024abfeb243,own_transfer
f6578529e807d7da79ca414bcf032e7e,statement
d8fd63d625cb9703146125ac84133bb1,main_screen
e9842cbd8c77d7a7eddebb4bbfdb0949,main_screen
eccca3b704d1a1ba0f83b0c31b42c0e2,own_transfer
17c2ac75baef56c99d3a22fad1f13fcd,main_screen
63c8c188d506794ac8ccfce3a6fcfdec,main_screen
712620109e126f28f509d0024577b221,credit_info
bcfc93d2f072043b5c101bb7c7ef53ba,own_transfer
252c4329f061064e43e8cb3aae53fe36,credit_info
c1cbb5e4827d880bba45b62189883951,main_screen
216eb344c7bdb06d689f6b4a6a600a4b,main_screen
134a88394c838516da50b555d8331aee,mobile_recharge
fb37f9c571b3a4ad119c1bb66a4405af,main_screen
a2765b6452f021809b5e5e39af1e84ee,card2card_transfer
4faa8c3f5338c6aff73e8606b31dcbaa,main_screen
b5d3d0d9141cdf995a6854611b76e658,main_screen
a125477281218362d064fe1b4b055f94,main_screen
074a8f41a153d66a8a2554c6aa17ab26,main_screen
491986483cfa06333788c535d6ba2521,main_screen
efdf9669ecf0942c41329d5b6ad24c0c,phone_money_transfer
324ea2703af9dd5cf9597bf88e948106,credit_info
14424647d5c4ac27fb6db9644dd06daa,main_screen
f8ae1340122bd838168db6b970573e0e,statement
11ae9f72ea82569e1a174c966e91eed3,main_screen
f31af5ba63f989b1e6f46c4695a8e57c,main_screen
4ee0c8c8cafa4aa39e74f4b5bf75b710,statement
6d01b2a8ce0006d5bd53f05a1ae672e9,statement
b668c8a43a38c6f825c319a9c6e77fb7,main_screen
d1fe210de2d471f304ef5590505872ad,statement
e762aa46c4c22f7ea09aa2591890e20a,main_screen
c246009c8547be4f2f44fe034b46384d,main_screen
eb91e8164f1bbfae1312182f2fc1702d,main_screen
8b1057f67728f51a479477429b92081e,main_screen
da790aa462b6c5c7d18873f9d30f6509,chat
5c4d220dd7f661a5b4adca72b41b0d98,main_screen
991ca2d5045d59a29a61a44ddbf57fbb,credit_info
f4f591711831ba843960cccd8680b94c,main_screen
354e125f796348050a920fd75487b6bb,main_screen
12c10e24407e93ca1c1376cde18292b2,statement
680e63ecf841c364f2b90984bf2c891d,chat
91970fde43ecb8e6331c8031d3c088a5,phone_money_transfer
4022fe9d39ac5b4bd722dd8ceba76aa7,card_recharge
819b6d6c219f6762666cb234b2197e8b,main_screen
e4ce268c1a4539c5677923768c799b1e,card_recharge
b4ba5f1b3a0b72fc3de28cc3a8548559,main_screen
828230c5ce1e62e4902e8279800ffcbe,credit_info
0bdf872bb2b782641915a7d3778f5674,main_screen
2dc0d6ba732c53719b8857b08c3f26e2,phone_money_transfer
ed4e74f76401d5f903d552a03b511793,mobile_recharge
5ef74e4acd63dae81d51d47e28778957,credit_info
f89c29c821791d311ee752f3e6f939bd,main_screen
8dd89b35d557e01170644041fe90f6b2,credit_info
9bb61c3b29e3d5cf3a17adad0be65964,main_screen
1e2c46444a18845bb0791c4c1f63a7f7,main_screen
864d893603134dd810639e25b4f82cc7,main_screen
ec150a7ca670509e76add225f092d7bb,main_screen
16b84a99015220358c23d7196b22e122,statement
ef316a3fe306a3601e28aa38a4a5f8b9,main_screen
7af27a65cbee1adbddb177237caf9a7e,main_screen
a4f43ec4f63fc565ec4c9416dd66325e,card_recharge
54796e6dad79839efe4bf97d827d7d53,main_screen
c8312c8465f680659d8805f9861f4e6e,main_screen
b67acf4be61cf2b97a2694a5ed169402,credit_info
530cababa36aa76cfe3879083956689a,chat
0d98e68aab1e0ed6bd01eb592b9b9e5c,main_screen
32de322f2fe8a51d22860e2951aa7f33,statement
ba73b0acd7260342ca8cc1f4acc0249e,main_screen
08a5f25c82d2c85e21c8ced71150767c,credit_info
b99e996eba74a82906f9c16b627c5d27,phone_money_transfer
d908b7dce4e204bda67550669fe7ac59,invest
fb97e104b60defaea94ad54093c47fd4,phone_money_transfer
a95f849f7efe60d7f83023dcb774f3b7,phone_money_transfer
d3670521a4d12df7a516fe9e3126c58a,card_recharge
0dda0c62e378dd24905e89a48024ff93,main_screen
464d7ed9a0d633f21c7af9656b09ec17,main_screen
9976bc10d54376e5b8d7cea54e538759,main_screen
ce716dbade046a8a266505aee86efd2b,main_screen
af9676440f6c307142d87166174645b7,statement
8327fff75ecbc4a90190bffda0c1c97d,main_screen
2f9f4019c1e8d9c5f756cdfafc57f3a8,main_screen
d73816a48916ea163b90e5bf0e6a693b,own_transfer
fa6c1ecfbafc378d8849b216a4cf0000,main_screen
1bb639e8ae9644df0a3399db7cbd24f0,phone_money_transfer
2cedd1a3369038be030b40e9c8a3cd68,statement
c0fd206c67b71530195f68cd041334b4,main_screen
002613a343521706a355bdd7ef7a0be3,main_screen
aca77b01f37909b011695de574eaa739,statement
cd0f47fd4a760add5ba21ba96d7e3e8c,main_screen
b7456ad502256503a70229d563c70711,main_screen
c6feb8fe58445d33a52fb8d2dd2e7045,main_screen
5be5a59a03ec08663a8111401734bf51,phone_money_transfer
a5ad427330b55e98d1fecc23c2977d0f,credit_info
ad1b33fd0327f14afb3da6d5c4e60ccf,main_screen
c1ecbf993f23761ae3d058d3b2503bb7,main_screen
127b36cae70e832097a99cf1bcda47a8,chat
64c8b141b95833d03f1f96397e48ad80,main_screen
b9e63b65e29d87d91f586ffe2e049a2c,main_screen
7328864c0f142c402d837aa2b152f491,chat
5663bb53cf08c20de3134fce99a11688,chat
bc41dbd0f6a49894461f18ef36c22d83,credit_info
a30d1a2ebcd2a542745f9dbb70ab4d15,main_screen
c0fa9ad9ab151ee432d717366bfdf454,main_screen
bfc76bc081f2512c095dba074680f0af,statement
b2dfbbefdf3a7707ea9739af57f201e8,main_screen
e79079709486e309f7ff2c38a3797f93,main_screen
24d8cc57d965a0a1f4708b790d02f996,statement
421e31e08124e3857187f237dbb34cd9,statement
133dac0778c89ea4d8684d7f976dc4c1,main_screen
91b33cdf6e4decbc15bd3e7c98761c51,main_screen
84e408268d124c9e4fa7e2bdfba282d3,credit_info
f661fabee76a2e7eeb0ffa1df3054a89,main_screen
e8c7acd71b2264e0989aa83714a0c333,credit_info
6c85f5496c05dfc7e76b6cc0acf88e43,card2card_transfer
adddbe95c7a7a5c491609234ce2e4d3d,statement
51095dc0c40d93fba109f694e0411d90,own_transfer
68877038da6daa6e7204b03ffe208859,main_screen
02c939b70c4bffe6ef05c6a13274ec16,chat
bc31d0426a89c8dcde78801fe82d64b6,statement
a96868788152b69869625ea45d46dd5b,phone_money_transfer
493ffeb1071928f33e131ba963dc3903,own_transfer
1fb4cd6598e88f049f0c11738855cff3,statement
524716beaec3fe596c139f3775ed950b,mobile_recharge
d8f359725b4b9e06686f0f3856ff518d,statement
75293c52261181cb2ffe04fec6fe47d9,invest
09fd58ecec60207e937cabdf0edcd2dc,statement
6042c850d110e03a950f0ca333d82e97,main_screen
326afe1e773774034c87e7fd01f3b2d9,main_screen
4f10ffd72f8bfee4cbece4847296af1b,main_screen
89988443dc4b124fa8cc289627a3acf5,main_screen
95bcd26a690ca7b9364cdbb6ba4a95e7,main_screen
87ef389d36064cf3894cd1645e4a7434,main_screen
ffffdc3b688b6b4dbb1f468f12d4c9c5,own_transfer
a13fc1d2ad26edcb56f9ea277e16c547,chat
620c5d665b9defaa0d2713f18ddc1abd,main_screen
f0fa753d400aa008bb7e089b636a0f43,main_screen
1206815a7ce24683bbf10f31c74d719c,main_screen
ed6a671683cf103f73ff3a09f9673496,mobile_recharge
77aa54b8265317a49559ff050fadea6b,main_screen
8fcbb70bdce3e77f6149ddd532af09a8,main_screen
49ea59dee4e223ef35c42aebc28fdef1,main_screen
fd05efbf75c52e68bc7b3c4eb4295572,main_screen
778897efdc01f875e13ce24383ee55cc,main_screen
64e61c5236193a099f1e6589e113ab53,mobile_recharge
347fad8e67d9398a0283ade29d8a036b,statement
0580bd488c58bc7b927c31e9398525a8,credit_info
33014056756d89ac7d191818b4bb7514,credit_info
fc12099cfef3843a77201e4cc2c921f2,main_screen
3ed3b7052b2f9170dc62ac93d485cd6c,main_screen
e03b3b9b7b465c9187e4527e88f6a11d,main_screen
105fa63271be39433cf5559dd5fc5dc3,main_screen
f8fa89bc09314a3ad0941c03bb5cd69b,statement
40d8ac51a8ddfe2f6b5bd25734d19983,main_screen
459ea3ed8a2eb0ede78db308df3eb490,main_screen
312872ea41eaaf95814a4fb2a219ded7,main_screen
f61ed4886b9f1336adafbf47a2c919ad,main_screen
f1230bb9f3ad612d2e568653956c4faa,main_screen
b73ff2f7e44b9b2d8fcc44ba3c1bbf99,card_recharge
86fa8be76fa8f011ed839d549e1974a3,main_screen
c88b5485ec3ae3fee074c524fecbd4f2,main_screen
bb3bd3c836878e060889f8bc3e4d9953,statement
53f5aa9490c06ac51af267137aeb0b1d,credit_info
edc0fdc0aa4a7ae832ef2fcba65d47d4,statement
3bd1c7739afb9ea37495b2978566c942,own_transfer
8b2fde7af2db9cc032934acfcbe13e68,card2card_transfer
cc09d3d9ad89133139938ad5bff042b6,mobile_recharge
d018ad9bbfbd59ab92f24a024e9cebe3,main_screen
137ece51edbbf8e9e84f70d0ee92fd5f,own_transfer
59e4c46e96735938cd49d58e3dba56fc,phone_money_transfer
a7f55d065b96e07e284bd17b7471e40b,main_screen
cc0bceb7616b9a027b2c4c0cdb97fcf3,main_screen
8fa940372aae265259728b169fd58e0e,credit_info
ef3fc5498778c1857ec6a760ecca4c3c,main_screen
3a9ab19cf6ca5f58cc5f8df7d5db9b6a,statement
54eff3af948578dab7e4539e56ecf1e1,main_screen
e3b58cf4dcaef6d289ff113a1fb0ff45,own_transfer
7d1949f79b2cc48d4fb150a6ee30cf25,main_screen
91997f3c8b420aa434e6d803fbd7fa15,invest
ff6798039553c292ac23381646d7180f,main_screen
a964cefffd775562914c3ae7df70f2c3,mobile_recharge
a8b42a21d00ad5f74b8ff763b4b44115,credit_info
36977e9a095870ebef5d59e12ca2a4c3,chat
a321bcd6514ad34117fcea5e7191d715,card_recharge
3343d8d46ace1bca1686d7d6f6968098,main_screen
61807d4540823164e801c613fc007bec,main_screen
03c8792bf72f79edeb63e1cf9b9c1c87,main_screen
ae3295a595fb447b4d929dd3454844ee,main_screen
394175f1aac48ccc06d31df0b3e47efd,main_screen
f67869e3f1bba353e7203a55ec8ddabf,main_screen
785b44ac45a4f37c90ee8d694acfc6f5,main_screen
a178ca38dd31ba4c7b0152daaa1c1002,credit_info
83a799e5da920ad473f67bbbc7bb4f08,credit_info
0fb675406d595d76bb5b3b4ec84b43e7,main_screen
32ca68d9a6381feb0e2313adbac8810e,main_screen
a644c0c1b4ba24941d21812685ef38d6,chat
1441754b21dadda47dbcf049699cd681,main_screen
bd2fed209556649138c8bde45e9a2ab0,main_screen
6755551467032ec3980b2a02c66052f6,credit_info
492e4877aabfa14c23f6318054a254ce,main_screen
db127b49a2de3eb608fded610b792969,credit_info
db6406f258ad0a194fd5304232e008b7,chat
c597cec739157d654bef1d3d11767a78,card_recharge
17180a3d52f5a3ed439ba5d5626ca1b3,credit_info
4827231efd29f77b81666adeeda5e12e,main_screen
66101b624dd9eb8ff5eb712edf94ed81,main_screen
616ec10cb31d5ff83e32787b244f7168,credit_info
3f55bc49a575f54f8f6e742f91140759,main_screen
68f0e6e66fcbceb63b799a98a2b9b4e4,statement
5e1bd178bf8a7e556cc62c210ea950fc,credit_info
b72c2d2d4542811ca52e5efb6d39942a,card_recharge
b4091b3445194e5ed796f2e74d9a6b84,main_screen
43b13aad39a1b569c18570ef071b6f26,main_screen
638e6d29025cbbe2e08a1530d33b682b,statement
13f9d047416e3c6dbdfbc1c20946c126,main_screen
44488bd62d5d78054c859dd33f10cfc9,main_screen
2d0dea4fdb03a6f1f13194023ce8f096,main_screen
39e39eb373b0ca156520616561616da0,credit_info
f6754bd280c416cf617a35b24b8286af,main_screen
68f092a7da5805e2fb80250cf56af7f3,main_screen
9dbcfbf96ee197fdada7c9c2b71f183d,main_screen
3f48a59b7c1a65417f2aab299dfafa8a,statement
32517dc90ddf507eb3ce12c4c9295e8e,credit_info
3974e2ca4381e184e7639341aee644c4,main_screen
4859946f22ee540035184860a49acd1b,main_screen
577fbf3de3cf0a1b7e41a2f8ae4a4012,main_screen
c75cefe6deeeb7297fb609a66d516cd4,main_screen
7fcad5c92ed65c90f876212e7f6cc553,card2card_transfer
0a491cf9cf26f951f7650629aa1f7736,main_screen
e3cf4234907f13a0ef657c79df0b5c04,main_screen
44ca884d28fd1a30c92b3ba4bc56fb81,statement
e000e1e89ec2d6367ab7deb048ac2af3,main_screen
145afdb21aea8db108f529a7145e9f44,main_screen
b344b7473fef8cd108c753b8f5e6f8b5,main_screen
aecab953888b5ee290a2c49d6443aa3a,main_screen
7037dd6dd1937e20dd02642cb9467211,main_screen
04df9e09a45b245bfdb4e39f0cde29ae,main_screen
e0d5557871d081df28266aed87cfb6b5,main_screen
5d609ed65bc7b7a8d36de532dfea597f,statement
b7296372bdae053542113be09eeae584,statement
9cd4999c505f74618e967a49ea0ecd3d,main_screen
fe39ba847bc003aeb09808c38bdddbdc,credit_info
2dd26ab9d28d4e54e852200ba448f542,card2card_transfer
c587aa31cc6fe874f171b8aa4df34e7a,own_transfer
519991b93c84587f099c3749251e4950,main_screen
3e6d1a0e2a3d6df757e00a6f4365e313,credit_info
f3736edfc7907315bee28f0628363b60,card_recharge
0a77394d520ff35ef2d5234c114bc740,card_recharge
00a5891b724f27f153b97a13f95b7b85,chat
55132c21e7e9a6e31dd89a2a5cf3d8b5,credit_info
4c3deaf5a19d42cf00dba583942fc61c,main_screen
ed1a9d8dd56ed2e0c57a3d960fca7cf7,main_screen
f3937b2b805297030d5613180b470bf9,main_screen
3d571d5fdb32e51817e0fcbfcc8340d7,mobile_recharge
3e03df4ea4e98118d52846f0e4589a29,statement
efefbb62df5467eaed4cb35d86b1e39f,card_recharge
436047fc10a8e410b4012c03f782b583,main_screen
125e86b527b42575a6fdd246c4afb92c,statement
2baae0782690409e87d11d7832a6a403,statement
5e6c6e7c6c37406d38994c30df1008cb,main_screen
05a57c44da1a0f28ee2a7542106628cd,main_screen
8a4613532b66f89e0287b8a5d70a4bc6,credit_info
b358644ddfbb1db634c31c410c7a63ca,own_transfer
1358c990d38aea1aa37fc06a74bdf179,main_screen
1d7cf282575482b2bbfd302db94f6845,main_screen
0f3bc4da6b0fb4e61a3b042b4a7d9f8e,main_screen
b4ac58a2abb53b89c10b22fad55443f5,main_screen
af5cc354f0602b28131ba7af26b0d3cd,statement
dd47085647b9bb15511b9bb0ce1fc584,main_screen
1d13010eee2187280e5f46a0e33b8c80,main_screen
341da578e2306b1eb66efcf2046b99f6,credit_info
5945083399d04d6cf1e15eea36d49847,credit_info
90660aadf41770dded8e3b05a3da52d7,main_screen
7091a3e962978f52169912b49fe13b1a,main_screen
e09d2409008be981e554489bb27c51fd,main_screen
b8f9b4bb9c56c957bea26fd9403ed92e,main_screen
f414412fe8503d3b76fc5603f85b6f49,main_screen
6349142a6216d4ab7a5f3082d6d40dc2,main_screen
13b964b9b55c1426a0fe6982f82631fa,main_screen
f300786ae244100789ff03493a8ec80f,credit_info
f45a06735b8464c2a66a3799c84b79ed,chat
f7aa33be4aa7632af4c3ea701d93365b,main_screen
e098a25aace081081b0a415002a07c15,card_recharge
289d0972142ba8910ad056db84f8ad9a,statement
26ecbdeb49a4007fcfc57b9f4042278c,statement
5c57fdd53d45c8bf140511e2faeebd64,main_screen
a550ff36d3fd6707fd483da79914c445,main_screen
c5626cc7cb140ae38972d2fdf3065e2a,main_screen
8a1a92e77cde8eb85189dc017c91c4d9,main_screen
ab40d8126929a932820dcce48be029cf,credit_info
46d38d7d86e3f66348fdcb36206852d0,main_screen
6e6db83b529439e675204e3ff5b0be65,main_screen
e0680e71ba3cd7d5547c1a2277a62117,statement
3212493597e02777b5269153301f4926,chat
f2520ff7549d365271f47e8697e9d9b4,main_screen
88f1e9deed1933ced7bea462159543d3,main_screen
fa2df1c794e42f177059679f090d35de,own_transfer
768ca1292862b8c27ff8d9a3d0f4e043,statement
09755fe6bf2756fd0cade87dd55ddebe,main_screen
5621d204db592a7be58911f208d4e90f,main_screen
af12f2ea0acfa2e5f03836688a4baf03,credit_info
63d8b3d4313dc3c078dcbf2d65a0401f,statement
eba4ba4c3ed558081d2b8402838f0744,main_screen
b0df4dff317e6ee5f8eeb663b147da8a,chat
e1700f9d33ddc12b8a31b105a949be50,main_screen
3b7b554cdf862c6cb7f9e5e7b86ba59b,phone_money_transfer
cb820128fab155830e8f4181559a50b6,credit_info
c4f2a2612515134bc9f903ba71865a77,main_screen
95c519b56f96b7e31a13aab5f6137d5d,main_screen
821b2b0eed5246580bb7245f69169d51,main_screen
7ecbc2250abcc23b373b2ef7703be947,main_screen
9a59aea96adfe5eeebe633af55a7a65e,phone_money_transfer
b89e0e8e0b75190df42b0c4c99e4c6d5,statement
b8d8b03a34ee1b11a17c588abad52541,credit_info
1729112b47507efd5dfdc6ff19dca52b,statement
fa0cd2288f45f2bf2bb2f71acb13baf5,main_screen
7325822b3496527e360ffdfb6f89328e,phone_money_transfer
235e866cf3107f7bbb018ce6170f2262,main_screen
3b2668f0df29803e8ce3c0e770c2189a,phone_money_transfer
0904222aba3eb2724ca4391f88c991d5,main_screen
ba12f22ab265ea9a6a3a2c4ba3317ca4,statement
6b640ac6953b7700a7d19377c612385a,main_screen
534cd07d99cb9be5b2ebbb5cfc7cd667,main_screen
6c6a916561dd13503cf6f44ce0bfd110,main_screen
0385685f02c6ea06c1f7d437c14c6fa9,statement
bffe99ad78df97c1e76ebc82ce529b20,main_screen
cd62844eee3dd2bc78ebf913aa72ba07,main_screen
4d2ce461517a6e0771cf4adcd29c2d51,card2card_transfer
cec095fe7e9d9175783716d22e4c3069,credit_info
704503c1b01f2bb0c5276e454863ce48,main_screen
0057fa7b2199f2f62085fb0a5fe2aad2,main_screen
c56c6cfeeb510ab20dd6b3e119f46df5,main_screen
444924037e2d24cd8afbff98987e60e0,main_screen
9b762b4791729e45f3eac4d673129a53,statement
35ac831f932a4c706e50ca989df22d2b,main_screen
1225590b61c7df2fc0bbd779f67b3f69,main_screen
a0aab099eafeeda8536ea085f534d2fe,statement
b691596d8154b62bd552c283745f42c1,main_screen
9f2add179db36c9c6163bc3a4bcbf6c7,main_screen
3a614e90f6bb519a6b3939a561850c47,main_screen
f0dc63b22e11e16225acf9e416f3e9cd,main_screen
9ce1a8b964e75021b2cd7b17c42c7b41,main_screen
67ee49c3f22088164934c1840c3c3343,main_screen
db0ef6da98c372f86c294edccc5f5e80,main_screen
40b59005fdb5c05e2868aa368d9b9d81,main_screen
a4573043dfc8df065f4b1e0519625026,main_screen
40510ed01c4e2c6cc15a94668466633b,main_screen
f3e323a74492ae14b911155c4dc7ecb2,main_screen
ce0eb89eb7fe2acb267eade91b2f681c,main_screen
b25f40197b9307648a070e86b76e451c,main_screen
345da549d5ffa8348292b309cf5457ec,main_screen
05bbb9e7d3d067abbef0dff50d2cb628,main_screen
2aeb4b7d28a57fc076329910d0ad2acc,main_screen
193837a44421e15a3751c19a4aca9880,main_screen
55c1dd71cdb27e81e5c1e77f5aaeabb8,main_screen
c2271514d79e9546a94cb2985ae69f11,phone_money_transfer
d4529a5573a9ecffd1983674833cff62,main_screen
b24eb8370944fe23330503f314514a15,main_screen
2db256bdd6df19b0775944d89d251da0,statement
537a3da96a31b07ea507f0642459f7a2,main_screen
ad5d3ca73ebf729422f06d871788210a,main_screen
5e411d9d479c23d1fbb44781ce70191d,card2card_transfer
220a990540f34c1fdb95276c621a6cbe,main_screen
e2f906b960c4939aa845b09313b9b23f,main_screen
318b46a61d677270a1b4c5833ab36cac,main_screen
e7b43667bc1fe20e7aceb4fccc03451a,credit_info
b632b777217432e6899f2d4999c4421c,statement
e80280a6d20f5fb329ed4cdf23285447,mobile_recharge
17cadfd0e171a00f115a184ec1f1d09c,main_screen
f2a515ca4688314a656c3a173e06bca5,chat
cef20bcb72f768ab7eb78f105ef6e13e,main_screen
db722606733483f750bd43091e1053e6,credit_info
1c3a8585e10a36cb615065391f88c497,main_screen
0a8ba74abff506332fb9dc6fd6d98bb6,credit_info
006458f950ceb7855747f1eb12f6994c,statement
870749be639fe39605468bcf30e92fca,statement
2c6bbfcdf85851875fce93f1836d0a73,card2card_transfer
4eb9b124cda713f6aaaf26dcee335dae,main_screen
4f9b977dcc7f748b86d0d0766d53c726,main_screen
ce8314a2bf03e51d8dc59500b739b098,main_screen
c74e2228823b3df5867668b50957b212,main_screen
06f2482437c388d64a5be33c9da4070c,main_screen
68e484d02b8aaee182fc78204b263e91,main_screen
5f9d0a9cd2ecc255aea927b2800ca7e4,main_screen
05d4535273396fbf401949d945252bec,main_screen
9eaf0c4caaf7463dc08e275b549965b8,chat
c57572d49a9753b4edc8b247c22011ed,card_recharge
9cad4262f89f8a56b9a28c2dec9466a6,main_screen
892919b7ae5f43df077074a22b6ae90b,credit_info
d2cc7f2b0ab8299557d2dd99fd2d3d11,phone_money_transfer
2f07c2d9dfecf750aab06ec20d642429,phone_money_transfer
3806e6da0ac66ecf2195875d95fd7360,credit_info
65fa301ba5f694c55c7ba0e9ef38e729,statement
e5c196bd97ef350ff85afe1a81341913,main_screen
e76c78bf9ead9adc342f0f93512ef1be,main_screen
eeae3a71d88d2765646a5dc0a43a51d6,main_screen
70d217166a2183ce51c211439fd20e4c,credit_info
d1d92c59bc8398bf15c50c8e72d9a59b,chat
8ab9fa52c1b446ffc03b3c1ad5eed014,mobile_recharge
e36095d13ddb01d432c055a7d00c6e8f,statement
53b098c36cbf7aaad5ccb4b2b7d32d0d,main_screen
687975c7b24c039025f8e8546f0e6767,main_screen
ad771c709004cdb0d28596c82e588e91,statement
0c8de9cf4f78ac20be8bbcd573a86748,main_screen
0801b9e0491523f8e70e8376442ac6a5,statement
84f50a222fed645e7cdd9f9810fc3717,credit_info
40f7daa8f43c302bac4f1642220bc85b,main_screen
7738233e0d1b18d53ef3be01e48d4fe8,main_screen
d5b87d3aa2d83f5ffaa5c4361f694b44,main_screen
201780599db3e07868764989251bc7f3,chat
b714a16d521ec924251186d59668db06,main_screen
457e7bcdaa6da74e24b9e7058b78a0a0,phone_money_transfer
c27d3703c7cae6578a7a95361a8a06c1,main_screen
cc0671a5ba0aecc128113dbd04e61704,chat
0c70d7ff2c20270b6e219695c4f16639,main_screen
ef82e75ee9848690fc2a3dfd9c3dea6e,statement
337c48c377ef5c5a3242ab7c1c5de6ab,card_recharge
c7d3308b254e13929bd161d9a821e03e,invest
0f37dffef4b5034e1dbf3bbdeabbfafb,main_screen
67feded73b5dad6c029178ce0590f412,main_screen
98e18b186d0814df050f1eeb39f5e91f,main_screen
618b635327102d8e7a5fd01b542aa309,main_screen
da62535834d292e0a0310752e4ce9d49,credit_info
f3a3443680ebd967906f088ff00af4a9,phone_money_transfer
267c21ce9b52a9097e589cbc81d02770,main_screen
13814ba0e8b0e81d8ac07b6751f8adc4,main_screen
3b48df55ee0cd4d90b2dfe3cc0d4ceec,mobile_recharge
09c04001399d6b56ddc96c5cdc9fda66,main_screen
dbce6de0dea89517d40a3ff5f16e24b3,credit_info
7dae7d6ec9f97575af062e9d29ed82bb,phone_money_transfer
a90aa916de079a1f93ad927b939fe13e,own_transfer
70da067606b633593ac9ed9753cd6271,statement
9b310f77fc81b9e0ef8857a79932e727,main_screen
397d60f5721a2bf208cabaac37a7dfc4,main_screen
41be53887d4ffc2eefc93fc1de06fb86,main_screen
e26900dcc0a61df02fb7a4cd2156c3f8,main_screen
2b89bd54d126742a1d99b59308dc7e1c,main_screen
877222716e161fe3f2d97655a8c9b79c,main_screen
ac56335529b9cdd2165b8ae462876e43,main_screen
c5696165ef07c2692c99d39a3ce0d184,main_screen
dd9c27011f991233b58745c90ddab975,statement
07a02d4938f8b0a1a129ed3468466ace,credit_info
55cc624d2f627644f1497aa3c480f1ce,statement
43119b943b97659cd7c6a8ca85226bf4,main_screen
8c91d4258477d0ce9ac02f2e4935e2d7,card_recharge
353ba1a46e82222c872fd4a12936c05f,main_screen
5f7e4a8b28e4fc03ef406930b0a36a85,main_screen
363b91814c9f632147c4613f99f11ec8,statement
5080d4b447292727e0611ddc550041b9,main_screen
c362526dedc6b1e3fa4acd2ab358bd23,statement
695566a2f5e2dd47989b4c6d17defabc,chat
e3a11af3605f314a24a0b71fcbe22ecd,main_screen
0c95eaf11ab0f684674b246fd866315c,main_screen
8a50de2d317627bbb1bb0b0c24f4937f,main_screen
d36b8b4c90f9336508beb055a2fde25a,main_screen
1d44882bb02f28ecff54df490b99ea8c,chat
720c765f6966bd38d79bd108c8636090,credit_info
e2953ef7e4c6d2843d97db2d7197a264,main_screen
87dd8bad717d3a332a9b287cdb11e0ea,statement
1e3f92ed0b2051e44fc23eff7b772fd4,main_screen
1bf08043e1baa2019e72bbffa147e5c1,main_screen
51f9433501eb47e3311ca14f0dd00e0f,main_screen
ef9aa119f8b3f6f1abb422862da5c405,phone_money_transfer
79af0d2d61b66adc666ece75a7331254,main_screen
866ba8914b1e1077627af9ecf8be246a,chat
4e7d6f567df4d9c3a5fd2f8a4bec80c3,card2card_transfer
54c827feddfab73c0253f19dfa8df88c,main_screen
ada3aa5bf99937d317dc4f07722d9b72,credit_info
c68a5a96c4171513b7534c9f2bfd379a,main_screen
0aa4f26ac2db47fbc1593039de729d9b,main_screen
83eebc84dca4d79087b5303aa5d324ba,main_screen
10e9f1c452d12ee59f4754d4ea81a9ab,main_screen
a2778d5487654fc3af9e804817ad85e7,main_screen
d2f153f833383e552145847f70368e96,invest
7f45b24ebf3575eb573e9abe3d17d0ac,main_screen
0520c3c341c746d8c8a9f82789b7e81d,main_screen
d338101a9611ff85428c2ad07acb267f,statement
c713d9b89d8e58727c52817e080bb6f1,main_screen
f89986d7bcafbee9c94f16a879dbb001,main_screen
3884e65f84575ebd30ed67add5d84a75,main_screen
e45cbd034b75c5e8f76bc9589e0a94f1,chat
d467168740626c617be5007a1d099f94,main_screen
5a1bc0d954e906e2e79d532c68af212e,main_screen
45c59760608fcf2ad603b11aaf65f1ae,main_screen
c5182230d18755b41abad6982a0ea25a,statement
c08599ac8cb725d0b3c2ff33765adde0,statement
f83e6a14f771bdbb7adf1f47d5a84624,main_screen
6171de2258eac79ffa41566894c5630a,main_screen
6e6b0625a8ba8bfdc146629cb6d2c6a7,main_screen
cf7f240b283818a55a6a97236455bff1,own_transfer
5c6fb21eb263ccb857a8036473ae4720,chat
9d5fbe6ac7555dbd9c151cecfa76d116,main_screen
1fd2320420b9479496796397498f4b5f,main_screen
056b979fc492ec784e1831fb1d170403,own_transfer
e93b7cd49873f011b3d76c12f5844fef,chat
1348e14d9094a24d606d7f6dd40ab65d,card_recharge
c6293ebc405c59ea38394bb0dbe10910,main_screen
ba8296f6f2b25069e949cda101c8e36c,card_recharge
c719fb2755eb15ef97b436451bb28df6,statement
9c57e8e512d57d6fa0903afa233a5f1d,credit_info
7d5c8de7d0babab18d098b454e40b379,credit_info
bc33834f12419b76f6783ab95f659fe6,phone_money_transfer
0e508e70584548a97f309364c4efd0ce,main_screen
838249820a95375f31bbe62ea7e6e2fa,main_screen
218c3a257b23e1b04fbe4d7b40c2b1d3,main_screen
4ac09c932e0a03e03fa943cbcc8c087b,main_screen
4d4daf16e61feaa58b849c493d3f31c5,main_screen
244c529f442b33ccc2d92565410fa0fa,credit_info
7c321d076fff4959ff9576663e67fcdf,main_screen
fde2c42d9323cec63a9d5b36df141247,statement
2ec068ddf23085a01bafa781bfad9c47,main_screen
656ce09aadcc52c5d4203a985a3d2a47,credit_info
020424f594214027e1dd276e75f23f36,card2card_transfer
1ce8770755d9e69866761458091a0c1e,main_screen
066df64ccdfb8bc6641da1d94d0d10dd,main_screen
84b030b5d27c9a54a2e394b0459d097b,credit_info
bf940a3e51bb9c7c407bea4e1a4c87e2,main_screen
cb12eba40bd2853f93a834ffa9a21f0f,statement
43b6599d229d8d7f8572c9c41162ec91,main_screen
f811568d6e8d26acfbe648baa55e7e92,card_recharge
bcc20270738cc5824b45cc6c8961b253,main_screen
f0d55dfd39b7e7fa1228d92d5708d8bf,phone_money_transfer
0f81e38076bbd4dd627a540b39ab3c5f,main_screen
175f074c2fd89ad85eaa3208153fb32b,statement
8204652479cdaadd3ecb2e4317d03437,main_screen
3ff38009845f23e41fd8f6ffe2ddcd56,main_screen
ac0b5a48f1e37ca5f70dd38e1b9e27d4,credit_info
3d595da3ab54cc40a0d1e1f28afea5a6,statement
eb21757c300767b7768c88766549b098,chat
bb604bfa8bb727ea0f36bfe21ce76989,statement
7a43fcdf570b2b4a3cde7069dc69a600,card_recharge
3728c4ba5bb6c606ec186c23360b6edb,credit_info
a727586f71a1283a4427bfc54e87cc3a,statement
c730e50b9b17cfb1b25c85a1e97eab1c,chat
ca97a09efece915fcf3ed3b2d92d4f3a,card_recharge
a3a5c87c82191c26330e781fe30a045c,main_screen
79d1924762a6fbd5111cc2403f18731b,chat
b4637f2b9fc3979169e0638af7fa54c7,own_transfer
d373a3a8b9ec351e20bcc7fa7567571a,main_screen
f75a76d586e1d0a53ae5575eef55f4be,credit_info
f509280fdef2d6ac97699507ffba3c8a,chat
dea561020069edd295e6dfb83310877e,statement
7106e44980eb8948d3e9a54fc94170cf,card_recharge
14b6b6b583e10d74b4c6d64f4332cbe0,own_transfer
6adad9cd2b92865bc9861e5c7993ea40,main_screen
7f1bceb260e2fbcb9a0756cfe27c8fbd,main_screen
2c19a952fe68be33fc2636f6b95d0304,main_screen
039db6e90e136d881c992db19018af62,credit_info
3a6257342cae70ef56e1e94335aad63c,statement
5a4b5e171e6edcbcf56c4f598b64df9e,statement
f5fd8f8212ee293bd74cc67ab95d3219,card2card_transfer
e3e4cd1d7b87e5358efe6a8dd2303937,credit_info
ab5482c2c66ad1290b981392f1fc4410,statement
26dccf6e25ecaadc803ad44d0f0fa5ad,main_screen
24b9f10f85f15d1c31958196e2fc6886,main_screen
b6b0f79a38852333d578d9ee5f227576,main_screen
116b3584e278a80cc40a8a0b3bd32f2a,statement
b0d1a4deeca0d49286fa4239da851aab,main_screen
487515395d7044accebc0c2d34b5c692,main_screen
bba657c78486e668e39f93bd8ce0c052,main_screen
5fe80844c2a7103a7c7e38851d916e7d,card_recharge
4d35abf85fd8bc24460a3e30cc1bba26,statement
1cc28f0e8efb64eefd3ef5b1fec2138c,main_screen
d4633c0c0c0659e7fbfe7b350c3ba922,main_screen
6d681f45a018e30f0fe0a9a0d76fd63f,statement
ab474d04b6139c7056388ae09ab13854,chat
76a25b90bea06802789f2dcbc4942631,statement
54a49a0704e353c7c65a4b4c31660ec1,main_screen
de01fd8f23fdd975e5858102fa1b41d6,main_screen
41fb2cad722f48359ba4177ba3230afd,own_transfer
7bd05dda40d92224563353c9ff0ed224,main_screen
3fed0ba6df62be26f5bdb9608e9c452c,main_screen
fac6c966f6df1aa278953259dffa6def,chat
ac1629428f3a09f9078c73a24a6ba8fd,chat
6a019c3f49f6d9ca71cea5621a4adb4a,statement
4c3b735bf754b182011b1f0b6016fd49,main_screen
66980ad0f58552e9a904e10a4accea91,main_screen
b5b666ca5af8c1ecd0082e35e9c7cd9b,main_screen
861b099d606565ce05aa0a4392eef40e,statement
3022cca068e6cdb36cab9ef761e60b77,main_screen
8ffd4e1dfaaa1956fdba2816b4667a95,credit_info
53d3bf7e7a372bee3b59dc2944ef72be,main_screen
505dc52ca68375ff55633d145be91209,main_screen
b16d7cff956157b5c321178e0baecf5a,statement
916f589e52fc6d7e8c879b284ae75994,credit_info
74504a6decaf5558d685ee6acbd95d13,invest
189a65f76b0921943bc6115ec8937a29,card_recharge
e99bac083b16718d387b460b478a7977,main_screen
ea46a30a28f7dcd0407033a5f0256224,card2card_transfer
785a3c6514b61c4aace0b02a1a231634,main_screen
bc51560b82108f00358d8c4b1a7d4efa,card2card_transfer
0554dbdc66667fb38568946cbdf9ac62,card_recharge
bbbeaea5b3eca43aeb19934ddf0b33de,statement
4b0398fffdc98555679e171c77d333ae,card2card_transfer
49dd5e4cb11bb65e24a7fc19e58888cb,statement
6625f150af410c81985d171e570f87f7,main_screen
fb5de347e72234afbec5d3429d4db40f,credit_info
2236067b62c4c9c5630eb5dc34915ec1,main_screen
c9cca4fad48d75e50d7e68bd078e75b8,main_screen
1134f033a3612bedad5458b1990090a7,credit_info
ae41ec7ef79e0953d52e305366ca3107,main_screen
10fe154f888de7fab357f6e33205e7fb,card2card_transfer
272250ddfcf29247b35461a309a0b39c,statement
df61daf4235053edcd0d5d6df348e24d,main_screen
74f3c417e234db4722511e5978eb43e7,main_screen
7aa89d9625e27b5c7ff1efd57b4d375d,card2card_transfer
25c886e2232d23a293323c2c36baf734,chat
1218483bfce59c10d431bdeaecfd79bc,main_screen
3addce613d08a9282364d76f2884db58,main_screen
6d3bb716466c6f01d1dc8e0c63ca753e,main_screen
67d14e2c0c048881f391f6b43a436c28,card2card_transfer
0bc06ef7f7f96afa9b01e0d6741cde84,card_recharge
aaa2d61a0617aab3a27738d747b86245,main_screen
fd9904233bc3e038f9a5a88f9bfc103f,main_screen
db31ff35036d4edcbf2f6d856969c214,main_screen
7594043125dc57fa63236bcc0503b999,main_screen
ba27bf8d326bcf805d37136f99bfbdb9,main_screen
34b1d6b37aedd27c03274eea93ec8600,main_screen
56a01e0c4c402034249c0c7038f9b113,credit_info
fce5b779987dbd4eb6cac25ade431791,card_recharge
6ce830af03108bffa5969bd3c6e653d5,statement
bda02f422b64523c3898786204979f45,credit_info
aeee4eb7a129e954a8183d8f08e969d1,main_screen
dc83c6f931f4676087583e3ee727cc43,credit_info
e71dfed573fbe65937b25f3ea0562a24,main_screen
622c612c4f61dcbf7310cb70043457a6,main_screen
e8f7b1ecc314c0a305b4f0d425f79a74,invest
056668e2b163c2f1d79ab19ed4de20aa,main_screen
a510fa31c6492a1352a325d459c6d89f,credit_info
d82deb63d7724d189a098e333797ab11,main_screen
63ee90a7e39972c1d779c085183f8115,main_screen
154034857a588a91c1cfffda260a5a6a,main_screen
c8876397733db29eb48f308e42d55fb6,main_screen
36f204f0412baa58e3ca4a07c1c20fca,chat
652262ea4576c65d9eb0b37999ad88be,statement
65b4d67ba871dc38c134202df8d9d494,main_screen
0ce583ff014162b4dd138d397f19dc8b,mobile_recharge
6cfb23c17239243454b55a24ce765aee,main_screen
d1a35f511fefb89c49d366a697fca164,main_screen
533febf0f639b5334419c39f4f7f2aad,main_screen
b75b4653aad42d828ef8df336bae5639,main_screen
154693db51496cf3d4c6512e5c8f6e01,main_screen
36fcc6aec5623b8bc8badca2a6c31815,main_screen
e096a88d6342bc8cfe06754867e3303b,mobile_recharge
2a4a5f9fdb88c1a54b992eb4668ffda8,main_screen
6ad2bfb181937f1871cb508bd22610dc,main_screen
ccb245403c8b3a0798d27d0a34b03cf6,main_screen
22182bf0fe8e2e24f0956f68046bf2b0,main_screen
541d87918658885c2dc2d76f4b84a464,credit_info
3f9f901dfc0fe4250b659328656a1587,main_screen
f7a532a9d8c8306754357a6e9d31a400,main_screen
d64f6a2362b9cf19bcb16e90e81c4e58,main_screen
8ea1fba179c08f148f63cc6389d01bfb,invest
2f25ca6802e0c988078630071565e503,statement
53f70b84ad62f04b50190b311bdc8e81,main_screen
d4c122183acd931e1f863a400f2d442f,main_screen
62d4449c1d3310c2ec82b33200d07360,main_screen
aaac23bc92e11f1e85346d3399dc36d6,statement
7395e92428529471368367d10d93f426,main_screen
fe356a1d42963a5f6f4b3313318461c9,main_screen
960d758e4bca4b3ed1a0d4fb27c87228,statement
ab879b8414c2ea240629d75d48764b4c,card2card_transfer
945c2c5d6b9849615a14e0f8f8e7c607,credit_info
72b93523c85193b0aaadd212f5c2c55d,card2card_transfer
b4709b09e5e836ce20a5ca17dc02d55f,statement
a4b9697abf26d8354365af3db094139e,credit_info
075a5a1df68f6c3d7738a7f6a25e7f84,main_screen
e56d208bcac09654dcf609809c661a2d,main_screen
d848809bf92cd8c6e1be85c2bc34b22e,mobile_recharge
d9b0cf4f7bb3a0d5b634459bd2c05e08,statement
b495c6c655d75dea23a6ebc34881ef52,main_screen
d461034dbbefa09a575c85f7415239a7,chat
e9b41c705f2d1fd437109b9b2c414898,credit_info
41d32f676020f12f6445ded8b94de53a,main_screen
79af73de082737824edd488c334be011,credit_info
e638f3d02f36e977b55abd6e16e430d1,statement
70a043dd89436685002f74b43374fa7c,main_screen
2ed1956c60af4e4b694580dd71136684,main_screen
21dbc9d2c04c9c80d64e7503906cbf41,main_screen
a99ea6556ecb4f2d3e2963140b459c0b,credit_info
0c6fb3bc64d6e8151def271883783269,main_screen
324368afb9ede170861ae4e31f987dff,main_screen
6c9c3284a998e52fd5259fba57630c86,main_screen
80ce96fb58871a2de9331ca26f1630d7,main_screen
3571aff98ded2b326546d0b1ae495808,main_screen
690c3113afcdee91064bab7ff41d692e,main_screen
db2d2c5bcffe68ebdce05ef71e98b775,phone_money_transfer
e5ed977bba2ab6c6a330c9f483d2388e,own_transfer
694c37a648d43abf059630d456366986,credit_info
a7b766ed782d99736c6b212150195e57,credit_info
a1ac02284047062bead23a5fd233a335,main_screen
00f87b92f990867607ddb22e98e14689,main_screen
887bf8ce67b0636a1c500c6a55570d9a,own_transfer
ba6d388545869626f39a4ee399609021,main_screen
1ab3218c2b1b68d2812f17989f5db262,phone_money_transfer
3e2b7330957d0eec114e58601c6fcc09,statement
fd434e10334e92b0448ddb013a2c0b16,credit_info
15161c6f64e4d7fa90eb40775eab99af,main_screen
52bdd12842628273044208851322af19,card_recharge
f94e33a9872a6fb692cf6b3c0f7964e4,statement
e76ff8d177209f717b67c6cb841cd9c3,statement
81e44ffe44f3124a55d0e68cdf7060f0,main_screen
5cc728be6019a1d3a2de57c50606a70b,statement
92f5168db053939423059d5cf858048d,statement
58fefe0af578752e42b64feb4ca86522,main_screen
283504972d4c3bd6d81fc240a276d4aa,main_screen
1cab29a13fa5ed90fb9ea9fc4ac22337,main_screen
5ebe5e63dc5c2188ac2a45106ef2436f,statement
a8d5c4ad4f02e182e57b9edd7481b191,own_transfer
77ae3b9df9f899b7c6b954156582b8f5,chat
4be5335182fa2c4fa3410ec2a9d3137c,main_screen
27db336b2558907f2d57d573a23ab84a,main_screen
d44e454de3aab5f8162d8df3aaea16b1,card_recharge
00dfbe64a9ecc539a3ce7b4d41a21720,main_screen
9a053062d3a7909b2f6eae86c836ecf6,statement
4b6df6e89ac834846fde8ad54392264f,main_screen
b72a8050b52bdc39477c694ca38b9fef,main_screen
bc26cca3db3e543516f8fa85995bdc99,main_screen
7e14b09d7e5bc25a4c3fa1cd95891c95,mobile_recharge
da17bae813ecb81b074e93e0de0616e6,credit_info
b6e4d071db6f97ed8124068affae52c6,statement
a92692327d73dfd9d05f3924ff31b77e,main_screen
5291b5e3d43154d463082e67ae1aff73,main_screen
c715fa8d1010c154f9576a1f71a9fb4d,credit_info
4641ac32708e551f2ad627cb5b8bba8b,main_screen
77371cc356e85d118af9206c5152ced9,card_recharge
d5b3940810c883cbcd288ab57efb6abd,own_transfer
13d53f736a72013a06b25b33d4549ef9,credit_info
596cd8333c049facd9a852320386fede,mobile_recharge
d2263c0ad75a2fbc094367b4c2b9af79,main_screen
d65b1e7101ff7107069fac4dd5ae6764,main_screen
618954b5375d8010a02837e7cb4b8e04,main_screen
705d645384c43d60c51d2ddb2a5ac2c0,credit_info
2a19554300af361d31c17c55c9dafce6,chat
74dfecd5619123455f85f4bfee7c81c9,credit_info
c2dfa6c0ac329ce6730353f1229c8044,own_transfer
410cc2ce772c880d7d82f2d36f15af5f,card2card_transfer
0169ed77db2373a47f2a020bd7b38915,main_screen
c2846fb2a2ff76cb6cfdcf7f17bea83c,main_screen
5692fe476c749c60e530a671861a31ad,main_screen
be72797ec9d059d2a83b652ff9d0f12b,main_screen
7c72b5c564b79b34da5c80fc6f372af6,main_screen
67fe994ec88b0a7d3f695ec268ef6c1e,main_screen
04d3cfb41ffe080513f3d374d0979acf,main_screen
da3fba5efded2bf91ba39f71633ab42a,main_screen
38648724b1c0853d808d671da14572c2,main_screen
450e19ae24d5009faface1384ea533a8,main_screen
2523c2d37800b4d8ba0d401f97f16c4d,main_screen
ab7b58335686f22dc2bbd6c62f04bc41,phone_money_transfer
0d9f213153342041414f1a2e7630877c,main_screen
cd4aca1782272ffd1f11645d5727ed78,mobile_recharge
cc81671682a639bc248d0f2f129be6ba,statement
8ba79a5fdf58e0fee2c0612916e9c980,main_screen
34856dc2095dd3af533521a538f955b6,main_screen
98d341bed2e528ce686dc8359899de1f,main_screen
c80a56bd12c4f1c7b11ab8a1d325150e,credit_info
8c8e8a68511a7f80228c1b93a34413fe,main_screen
f83b3b583e18c962b774da892781aa94,statement
4d7a305398cfb4a3b103bca735c5c8c2,statement
c0626b471f8a266730f010d0737f50a3,main_screen
c4831d0dc82102c8707059f1bd87749b,main_screen
5321888e7a60147c73cc706d027d139e,main_screen
f35b7f875c593ce313c1391ce96f48ed,credit_info
f80eead7353cb9826826b37a46059000,main_screen
75c1bc401a733826baaa2b08b2b9d0b8,main_screen
eb4dc6261658bc7cbec419181deac79d,main_screen
b8b2089d0ffd29cef04b7f2aeea00a9a,credit_info
93582b38679fa78a46b7aa70b0c976f2,statement
c5b44d897ecf10e2670e3e1cdcf913cc,phone_money_transfer
8356781b6e0a05c514ec9f625e7ed6f9,statement
e632098eff7eccde630861cf48d0baaf,main_screen
0a7dd0e1d32b6ae20cb8b4c0d9c4ce3a,main_screen
faf03a675de7f7edc237b76093800135,main_screen
d8ae3ac97855bf9378ccb6e46e7805f7,main_screen
5e13ced4a6e18ad1f52be05f47516d98,main_screen
2d83339231fdf8a2f39b8611d2687ab3,main_screen
83f0f0c1689088e99a9086be8b926fde,main_screen
eeee6a123308c674d8b906e55f130398,own_transfer
f6d71907b3603a7c4c0e48f6043f894a,statement
935c5a7d4fe32f3a5f5bc393eed37e24,credit_info
75cc2fe6195215ff563e7fd80d093ea5,credit_info
13f245d57eb8d3acfbab21e1d720f196,main_screen
d3bb9ce5d2221d6c805e92a82abb8473,credit_info
2db33297f3e99d6ebf22341c68408d09,main_screen
3eb894f85b15bbf9e60bb8b106cf8d2d,credit_info
07b8517088c04a523ca4039b40e95f4d,main_screen
b812cc4f3399b14d2f797c4b01c17450,invest
773730494ba93431e19fc31bd680c516,main_screen
51888302124e927bd68c3741b1ccfedd,main_screen
cb715a0c8258afcd9c37d9bd5ce471f6,credit_info
40ff5c8848b1975f2c93b0c14903b540,credit_info
0a9c100483e0833a1af4bf452bb81be6,main_screen
f6446034788e8d1c7eb0b9a6938d412e,credit_info
58c8daf20f4a1dc5e74bdc4c7eb343e1,main_screen
49364eab4e8b3a95908f2cc6c37a326e,chat
84922564ec46165520806e1f95e58e0b,card2card_transfer
f74117070f4de44d30e5d2eb66d1b712,own_transfer
e259b209c3a3fb369dfb29d61027624d,main_screen
07c80ecb48781e1b967d09a8ff2c1e3e,chat
60a386f79058909be9c9edbcef602440,main_screen
40e3b751a2630e5bdaf16b8efc7e3793,main_screen
e118616555d4e5610477564af63e0332,statement
a3293c32c8646f24315d824e3d96a2b6,main_screen
8dd4eeef52fdb9d43f2f3a66c10dce60,main_screen
0e042e3c644b588e4b19e3989987d30f,main_screen
cda0cec4b91632a075a8323fa33639a7,main_screen
25e6e21494788a7e13d679c415216130,statement
5f8eeb6accd5e61466cb1f780aa55c75,main_screen
f2923ad256dff0406e63e9fdd80c91a2,main_screen
5fd2be95a6235135ca2792d4f79e6f76,credit_info
93fc18efd6ea34e1f1ab8ee61e816dd0,statement
cf889361d176d2f4a257d084420b6693,main_screen
31fb052900e732671226b6e6603cb1a6,credit_info
443f71f4c9eb4c93259e29a4b3692f30,card_recharge
dbd9810a7ec17e48747247d4d6547056,statement
996751dde15f7652f57a6940f128449d,card2card_transfer
72072ba635cb2542f801a05919e36435,main_screen
0886c56c2808ce95bf1723853ec0e562,card2card_transfer
3585525aaf82de59b1d34f41774e0554,phone_money_transfer
4251b694df2eec99b7d4b11ecea44696,chat
679dd9876e618f4686a0aca133c12905,statement
f83db9b001c9dd78a56c68a85639cdc4,credit_info
aa2a6cff6807e32585e58b9bb6e20391,credit_info
f20c7ab6cb5f71e1bd5a2c1561162cd0,own_transfer
93c881adb6527d7c9509348791c6d333,main_screen
a6b9593675def792931ca6cffcd7ba39,credit_info
156655930458104f583766e34b158826,statement
ff10983a1b8ab77427e108f5e8a9ed37,phone_money_transfer
5a254a6d50dbfe84068d1f48769cf58d,main_screen
e4edea18985d8e7a2b1767c70dadd5b0,main_screen
eb9773889d1f55b416ce0e02247a22f1,main_screen
a7a9db2de52b51b8df232cafe20d5093,main_screen
74086cb9e900bd405b6eda1b973f1a85,main_screen
bb40d1e4e2176d4cea49acc75737b7d5,main_screen
c930f0f95b8acd1da7763a5bf2bedc29,main_screen
f9ea5d8b1c079165c78e3352db0818f6,main_screen
ee9eb81bbe2a932a1c7c4dfb271107f7,main_screen
4a044a1dd23aa6456fa1dbc28935eb7f,main_screen
f77c01c18775e81c03261122e5af79d6,statement
fc7bfe167e4612c9a84daa3d715e957e,statement
bfe0f538c0d24bac91f1af0bf1a51dca,main_screen
6e321d1ac20038530db82916716dceb8,main_screen
dd75ff037a72a48d9f575fd17f95725f,main_screen
6f56f8d130dbc77b090843dcd59643fe,main_screen
9c3290734365a9da11cd8d5be8344ef5,mobile_recharge
3601afd0708375731a4a8b58bf85b6a1,statement
5889b8b95ec75516520f3a14c2ab5c23,main_screen
c6e276c31eb75551c5963374bf024c02,main_screen
0ec8b15da72d97d2ea2bf18b7a6970d0,statement
79e6d5d2ed1bd01ef95733bef392f91d,main_screen
1137ecf9d1cdf694940ebdc407a37c32,main_screen
cfb8c734e3476e4b0d9fd2eddbeadcb5,credit_info
24b1ebd3c0bf9a83a1ec54a966eeb7d1,statement
34f0048d9d5b4744e0bfd2d69bb1192d,main_screen
37c43f77c9fa7af2a078a2384f52eb31,own_transfer
bec95ad5c5836d1b11dadd09b8c84308,card2card_transfer
a72832f033ae691740e8c062cd64557f,main_screen
cee5677e6e4ee5d5f8e5f79f12aa5f26,chat
a59bb475959810fabd5d8caba69a3a8e,main_screen
bd6911cef733da065c139ce8d83e186e,statement
dc573f0566bdba1eab6010a1f2e0aa9e,main_screen
bffb7d35eb29bd1246e841b6662373ba,credit_info
52f29230d2736289b9350cace6ef67f3,credit_info
7cf7a58835f453613229656bbf240d76,statement
599053bff9f554a44dfcf2bb21e1de81,own_transfer
174b47ab4fe99b8c478d2e3d8b96d670,credit_info
a814eac40c157208a96c8245679e2f1e,mobile_recharge
aacaf2fdf2b98d0830f8fcc8f79a9b4d,main_screen
b7b3cb09f64283da07047531bb78dd8c,main_screen
ab8795bd2d8b3b8cd1aea31593345994,credit_info
2685041f6f2b838a8db38970ab82f7d6,statement
026580b062d938d6a966c232fdcf5b3b,main_screen
c159f05f8d4bbb01b9394c96e12d3bbe,credit_info
f7a0a2f8c62f62c4037344bceaefa5e7,statement
c2e7dd7f6978de8a868879d853409e45,chat
b67424280b67bf9999c86183daeb64fa,card2card_transfer
3039620a0a1054504eec99ab87058752,main_screen
29ac2d0a32162188df10a56c2ffcc3a5,main_screen
9d0bfef09c4304ae35c7aa0a16900828,card_recharge
0dc671072ea420c7b332350dd6035116,credit_info
8fdc54d885d958bb4bd8edcce173923c,mobile_recharge
e95c004bd82d0859c9c2e12c51446f74,card_recharge
2627bf6b6922102695c71181dbddd4cd,credit_info
806c42d282d0626205f97dfab4c2c0f3,credit_info
075b89771f4957e405a58e0bff348f9a,card2card_transfer
ac108b1cf13b69601e7a692c4e9f7d85,main_screen
9e0ab49bf351b24277e00ae1795b5e6d,main_screen
6088149d805dddc9e4e043b46afe8a8c,card_recharge
684fc5ee7ecdec3b6b08a60f002a1c5e,main_screen
a0701c735dda0c907ecfe817684db7dc,statement
3793714639a33b4e5cbfdfce3987d0c1,card2card_transfer
c5b35e10c07ddbdca6469c3d732f084d,main_screen
ef214a6ab17eaa2ec07a4b16cd9fe8bb,main_screen
a7e96337050ebbfe39bd7f95f5405b9b,main_screen
a67a392f3ea83b35690e777da0e1c0a6,mobile_recharge
c5f742c4a124dcb11fe4240c4e1b9901,main_screen
120d1116e39a19ba47af051b78ba5da6,chat
7ac45d2a442f2833d8cb35deee1f4fca,main_screen
6e28b1b3ab491330bc0d65960b1acc0c,own_transfer
9a3acf3ea9640174b59cd1db35a33d4a,main_screen
b260d2a8363ecadd65353840de450cdf,mobile_recharge
bf0b7ac925dd1ca998f96e9a393c4cf8,credit_info
25acbd4523c499f9561c8b9453c9e1c7,credit_info
360237f6730ad8f7e9e91ddc26b0182b,main_screen
db2351f03c7478bfc4fb2f2ef330b455,mobile_recharge
1367da292ba95f2035a9fd6511c83f9e,main_screen
b542255796f218a8badc8e69e2fa1eb2,own_transfer
b9dc0ceb90e982857b6769a10aed8eb8,card_recharge
3bcec2714342d59031ff4d68702ea6b4,main_screen
274ada480016be5124020e48246ad12f,main_screen
1314217678308b3830a10b4f7a80610c,invest
a883af65cd07f83ae26ddd4b9bc9c0be,main_screen
a0e9e0a97e77611e576b43fbda5bcff9,credit_info
0dbc3402514263a6ee4d21ef9c82ef9b,credit_info
3018937d084c8f77c85d1c40f2bd1c88,chat
292373aafe241417b830ea5106511251,credit_info
70907759febeda894f5e8248c22c1a87,statement
c95fb9400e5ba77b207817f5cb4bfdd4,main_screen
e73a7c69eee04381d999b8849a0149bd,statement
e4518546a62b2ec543290d3dbbef571f,card2card_transfer
2a76b1d862e2fe882ce6509b037e1e6f,statement
4b620a81e7a69ea115f3c49766424b6e,main_screen
af6e6d8a9e82a8287393825b4ad3d292,statement
990e36bd1f4c0bc0ff3918e813fd0e8e,statement
2c4959ffc02922a9fd3fb3bf18e2af45,main_screen
77b551d133c8e980f831ba7f8aebb83a,main_screen
56ae0124d416bf2acbefb4a71b46a931,statement
4008e223d0e52dcd096a3bea0d59c9be,statement
21f51b558be73f4e48d414e3271cf281,chat
6e6b86b4e9c5c27b89f3e7e3f2e50852,main_screen
ffeefe4390f70eafd301899ad20b995c,statement
49b8e7d581ea2b7282f8ed560bba26a4,main_screen
a5d1e4fb816aef4faac4c1eb261749e8,main_screen
8650542d5a127dea4d9b8a4f558926a8,credit_info
9ec1e53d229fbb9d877c8eafa11cf119,main_screen
147b6df29392ea68d00abae894304e9a,credit_info
ab63c60168556fc1f5cdc1f424f4cb80,statement
225030cb922482a7799473c3b92164c1,main_screen
17e48e2c712ea5dc9365fff820a1c98e,statement
dd8223c718af9798b7d610fe4a3d414e,credit_info
9fd49496ee01b0fcfb17fabc42a9f310,statement
0633c52f04b28403f5dcf766b47a2885,statement
c1c61b3e9900fe0c048f0fa5905d1406,phone_money_transfer
5f1f3058bb53de8b024b2d8fd777623c,main_screen
d3b088d9f5331615c01ff4445c86ba98,card_recharge
fe87122edd73149aa4e1bf230c0e2696,chat
ded0ed579705dd25456e4f40b1917d8b,card_recharge
5440462163b0fe82140ffc59ff6305b7,card_recharge
d6d0ace455cd6602777aa1b4ecc08ec6,card_recharge
11959714869aaf7e221c4ad2c0a67027,credit_info
ed61e2ecab38435f1b92c53bdf108780,statement
e8b11a0f1bd413158fe37842e09d3e33,main_screen
0fdb2503ef9439273f4a5ca51b7c273b,card_recharge
00efdd0d342dece8921362b5ebee5739,main_screen
d540ddf6c30502ca5b5816c685de0a75,statement
ccd2348a169dbeec86d4aec489fefbec,statement
90907222088bc915762dc37e1f344f5c,credit_info
7350869e2d4fb7ef49e17ef8662d487a,main_screen
39b5e6c5cf810f9f4e3b305225ae3e52,statement
ed4a215d45ee24d9a60e555c71aad82b,main_screen
c1722d7c59bfe5f23fbc69171437a088,credit_info
e449859eeb5fcc5d005020630c7e87b3,own_transfer
b93c424908f1523c1055941b42166a60,own_transfer
5b9c84e2810d2046f69ab117dd432ddd,main_screen
892e9d6089d16f054e4530b157ff10c0,main_screen
89a7c4fcc34ba86c4e73e264e106f3ee,main_screen
98c2e0c02deea4a498b7fe2e672e376a,main_screen
40f2324cae7b930adf7ceb39958951c7,main_screen
544773db6caecc302520506e52038421,main_screen
9b3b0ba50f89bc757229821d885e274e,main_screen
ecda570c4657c338ddc89782d51a5635,main_screen
4dca42f32bd5e2707d86309a0c1b20a2,statement
57b94b4b94d8eff32b45033f511da2a7,main_screen
2bb95f38ab0f3e553a9f7c105743e06b,mobile_recharge
15763e3b6d2f722c8b6b1640880d3ebc,chat
6d7d1bec8358e46fbc150c4d2e4b1c3c,credit_info
acd0c1b90235bdbd3594f69075d91e67,credit_info
ea0ebe4fdfbff742635b86edafd1f603,own_transfer
b8a78745f049dec2934cff99b8ee0b8f,card_recharge
96a2eefefd1ea511715ba7c75ca86cab,statement
127f479d525e8646cea36267bdf659cb,main_screen
d28844a360fa4a796db57f01307dc0f2,credit_info
d4c4171417b173a8fc5d33ee4881ebd1,credit_info
be62141f08cd305adaf29373f2d0d4da,main_screen
bb629cb924f1b13a32e01162c5f708ee,main_screen
34d7f91a9f9cfe78fb5632d5d09c2504,chat
b8c9eb15cd5be0383cd4d248405a3bbb,main_screen
f2a67f8f7cd82a38c3a5ac82340efa37,main_screen
2a4622a7f67d56f1657b68de92d9459d,chat
43647d31af8ee9a54b94efd901c0d2e3,credit_info
8ca0d839a3bef0ad393008fb7055ffcf,main_screen
a678396047d97ce9f0d29ae348237732,statement
e2b226ab29966cf9314b08540b05f51a,credit_info
40603156085d5d2cde492d8e3d4472a2,credit_info
72a99ba8fc57c20cba2d9f0902b2d0ea,main_screen
7467f62c963ba27ea351059d2e674ff6,card_recharge
104f021f23a3bafa0b0a90a1b7bad92c,main_screen
a273a538b87aec675a78ae2b1e3714a2,credit_info
34204a89124e1cbbe0819807433c7148,main_screen
344114a4767c10afe295f7c246fcacf9,main_screen
0c4d953d259225b0046de3ee01b68280,chat
f3a3927c9683bc7c5e90db99c7baa64e,main_screen
9ae3bb48c6c8461bf15c9995dd457ae6,statement
3a45ee122ee204d48d07082430e9a32e,main_screen
c158ce230a385d4fe2860bc3c5d9d8f4,main_screen
6242b7aa67c9d36f664904d51ef7e337,main_screen
f982824eb31b08466cd8abf71c1d4e66,credit_info
ce86506fc3efda278ed62373423bcf4e,main_screen
d782863dc957d58b58296bf3e52174cc,main_screen
6addfcd754a95774bdc4105bb272203b,main_screen
183aa38ef8d81f7603c2ea0cc8c018b8,main_screen
be34b85a370f20fb9d073c492f272f74,statement
7995573e95cde6f45bb6e804c5d9e76d,main_screen
3844eb57e82fa0749ad71c657f6f0c5b,main_screen
574a782328a8b76ca267c4fe56efc846,main_screen
20ec17f9190a556447eff35460391e04,credit_info
411474aceefc76401280af93f7b6464d,main_screen
076718ff7e13d8d2c00f59a22bd2dcec,main_screen
7cf1754cf9d1f46344fb29f644abfe18,main_screen
8db164789de5992f1a619b1ff4e56a7f,main_screen
bf7eb12de69c5483d80ac5c69e5f7b50,main_screen
14f9647176c2e3ab545901b587fb5c58,chat
20eb1a6b0834d53a71389cbccbef4376,statement
0bc4e9e3bcea6015c5e637e4f47f655b,card_recharge
7a4791a2d6cedd5a456063241ab5f62d,main_screen
f9ddc4e846e87b31aad0feda33cab964,main_screen
cde4ed9d896f713e2080f49e705efe8f,credit_info
5d6cf9b6bad167bb4f634cc348f946f8,statement
76713d0545d996534f4597c35e220af7,credit_info
c73bba3074d8bbf133d990dd02a1bb12,statement
ae332a78845e5c8d1c1222699db3c9b7,credit_info
8af7d4253edcfa13c78f7044ebb1b057,own_transfer
559b575bb60a1a13339a3d156442f204,main_screen
1f33eda5d6d05da088429a564218466d,main_screen
312d8caf2a06f65b630b0d0f21e84d47,main_screen
bc616e1e12a7dfed9a110ce67603ded4,credit_info
8cb56bb91c978a6085a95fb4bc9efcd0,main_screen
d4bbcbfd6acf7702ac4fa2bc08fa27e3,mobile_recharge
99912d90919efc07967944750c4e8f9e,main_screen
2b6dd0f1392000c29feda9f45d9f2937,main_screen
f5ada82b054c5274118766596a0082ee,main_screen
08790e9c8ac687ee4c86171ee6fbccd2,main_screen
1f48e6f16783c53316d5d439a19a8048,chat
53aed7b44d2f0c45867f8a005b14285b,credit_info
0bfe7070993e1cccba929211e0ce3a9e,main_screen
9c40722833737e1ab1a66c8b39ade628,credit_info
42cd6bc948783473f6824475ef489292,main_screen
f2028492656a366026b969219ccda464,statement
f5d215c1297bf67f85d459548c0c025a,main_screen
06b1ff09192daf2004609d61b6001d96,main_screen
c22d8ec352a00184c427c734d84c56f8,statement
51b479849469ba1020d81fe06c898ddf,statement
6d25d1e0bf91c12b1a3407f5ee41db8c,main_screen
2705375500285e47a02a1b5519ce224f,own_transfer
f61021ba092d44c764b1c38038e59a7f,main_screen
413d2039aa8202419ade764c1dd05419,statement
3ad49f43209166ec9b8d96f2ff6e4834,credit_info
412d9e5a2ea20cf0725a36a8227e2f80,mobile_recharge
8c8d64a7ef2a4fe3b4565c3f9a0d1284,main_screen
4c438ed39efb47e2cdc4a6c73ec3c346,main_screen
7ef0360301f8f0609e61a0d60a48c8af,card_recharge
6bc23d65a33b55f1847103c94a3ca744,credit_info
9b68f684f716681a5d62cc4279f0a93e,mobile_recharge
585ff27d22c26c0815a74a95332145bd,main_screen
ce660216bbad95852dfd1361acb2794d,main_screen
fcbd426303d2f66056d8ef25a885b056,main_screen
65190d05b38e918a3c9d91c439d60244,main_screen
93aed1d120e5c576b4b0aed0a4fb9197,own_transfer
ad9a5e5d57a040776d89491173121590,statement
dc849c6394a3c131751056a8c27bf324,card2card_transfer
aa32a52b3034b01ae709731789b9aaaa,mobile_recharge
50e64b12873f8ab677e9b7709c614d03,statement
c16d4e1c59d2f50b087ac056c4573a57,chat
d712c2f633ddbaf6ae516b7b3727e1c8,main_screen
9510371e2b728541a734f5fbc09e608e,credit_info
434c38476e1ec8349a38fa47e252d6f5,main_screen
baaf54436debc90c829baaa5cffd22db,mobile_recharge
f9395f1fcd633ba61f1609b9b508eee9,main_screen
82be838a1514090d133441e2ba892689,main_screen
681b7184e2fefbb33450c0279c1e8a41,credit_info
1d79ba91cebe1c081370343e215aeca6,main_screen
44af3268f2a9e630fbf0bfc51a0f601d,main_screen
84541525e239a4a69cff8eb7a1cb4326,main_screen
9ca0cec7196e5d487cadef96418d423e,main_screen
b24bb5c2ca20c67892af477a6f94a37e,own_transfer
376a8d7e4a59f351c6ce1dfc44de7181,credit_info
8b54693df07af2f32510a319007e7fac,main_screen
077818e4ebf021cd98a4900939dd00b7,credit_info
44b50f2c70ec955c331da700f6d5fe12,own_transfer
69b378d6ea4f0bbeff774cec92974eb1,credit_info
7575bf64b3fe4184f48e7d4ba466d4d1,main_screen
54e6cd982ce2e9dd5ade709ac4bac6ca,chat
51cc4ecbbfb75a741f5d708853dc83bb,statement
68af10268d5561612d29329f6edcf2f4,main_screen
e89e954ed158ca6db211fe336e9d3c9a,main_screen
f764f0a4fcadbc96bbd983bf3388ba3f,main_screen
089f7f5c8aea91efa4f7d99474ceef63,mobile_recharge
a9ca98162af6899cf434d7e109b6ba7d,main_screen
2671773586ff0dfbca07b697ea5f8455,statement
8cc7ec3131df8a0d6a4c05e65b67c611,card2card_transfer
5ac2374d121f34b473595e339a3d1d75,statement
646403fd97e20310059cc4135641511f,main_screen
d0a6fb0925656d23b3da9a53d93f5f51,main_screen
4dec5dd2816f8776fea4dbe78d1fa7f9,main_screen
ed13503b375613dea3a26bf201bd9ed7,main_screen
5eec968f7e5564ce514b3d8528c33635,main_screen
39d624d703ef5caafb1dfb5d1731ba44,main_screen
833346b4f5e81c1174d73dbc205007cb,main_screen
0b6fff8e354db81b2677b346db8858bc,main_screen
aecdea2619b6d4f91af37225f76def37,main_screen
35296bda97812a547a63395328775678,main_screen
89ca34d83f733742ac98364a498fe38e,own_transfer
4031fd58c67d27e0375e13136d64f45a,main_screen
8f9549ecabb733826b21154ec863b992,main_screen
d84751601bacbf07373f40c701c1a6eb,statement
7f359e0ffc7c6fe8d6b915f83e73f0fd,statement
6a20bd2dccff387e2cf1c19ed23a4679,card_recharge
f408c77418bf73d819241041729faf23,main_screen
c40879b6c43967738954c9c3044ae318,statement
4862ee3815466367f4c42853916848f8,main_screen
c1942032f8dc6850c17f2208c390d04e,main_screen
3e4cb5a8bf81c2f7423effea6d47c49d,main_screen
4a0585062717ffb579ea089b385ba081,main_screen
cbd175e9df399eebaa06dd4e89563801,credit_info
e4b3bcb9fd2cfae9267f2656f8b5a38c,credit_info
bb50a5c45f0a1305e4a2ca4f90464d48,statement
0f4bff658be36a034650eae516096a7e,main_screen
a9aeac8414affc03c4529c3f29d6675f,main_screen
2cb3aa872d55a84ab305a5a42f96ae76,credit_info
63633c1544635ce3cc019469c6c9cc44,main_screen
350e00b2952f7be8e227706e9fec4497,main_screen
b1382fa912ea61ee33f5b254340be7da,main_screen
ec3183b63bf32a9fb3ddafc9c85077d9,credit_info
769966674ddad7d21bed9d05f030376e,main_screen
b79848a1bf28acceff0c05dd7173a4c8,main_screen
ef0f06864857c7d1012d1fee898e6e08,mobile_recharge
b72cb834a14b92da3503663033abbd95,phone_money_transfer
417517a22ae49990a5538c0f8e503c41,chat
cfd21f9bc8c03564348d59ff988f2a92,own_transfer
692803d915833b5abfd95f330684dabf,main_screen
5ab6587fa6538076da34991771354079,statement
7d61096048dff1460ba98b4b8020aac3,main_screen
039a45af8e1319dd3b645173201c8cf7,main_screen
ccac4092ef19407d50d7a348e49f68d9,main_screen
f8c7177eaa48be4dd8cf9a86505f5e43,main_screen
73b54ea26c022c624aef8539038389e9,mobile_recharge
b6fe0f3e96fb4ca6bb7c5cde652046bc,main_screen
08ebb6bc07f2e2725e0362c906855129,chat
6db9f8dd6af59f3d53739de61027e0cf,statement
64c6940aba1e79e5564de08876a61844,main_screen
47a97225f9223cf10c30238410a90bad,statement
dd626befec57472c2e41792434238f4e,chat
7dbb42de8ebcd6cab3e0825dce317bcd,main_screen
8141c6d33844c9ccba25e04316eb26d3,credit_info
25b6f50ad04c6d84aa95ddec2e0f4015,main_screen
e34c95389b81c0eb8683e89623dc0107,phone_money_transfer
45445c306f852ffa69ead46c721570b9,main_screen
761d8760ca96e99d2668cb74f6726187,main_screen
aa6671fffe0f25f39760a80328a6a4f1,main_screen
4a4ffe2f805fe387b3a0e39a5824ead5,mobile_recharge
31e98ed69e6ce4624357df4c1c94430e,main_screen
18b44a6ea4272fd10cf99ce1d2a84ec0,main_screen
fad6f77d1090776158ccac9e6fc8fd88,own_transfer
7d65b28ab6c7b9c428657f933c52da1c,main_screen
cad766b14f2a5fdbd55b9e1139dbf833,main_screen
4c951c013c1ee81a5c0f55d0a04585cf,card_recharge
0382ad7d9643cd381b5ddb73330c0874,main_screen
d5d769cba893106a697bede1de6c1abe,credit_info
40906300e6d4b3b07e709f704c610515,mobile_recharge
382ec2bf11c1f93ec9a6f31614384240,credit_info
f3797d0c2a738a689a38d63564e267e7,credit_info
8920a3198e5f5b0256f27131ee0592ff,main_screen
3bad96790cf7e04f495779db14d64f4d,statement
e095ed6b3d1cd789518df7b7f3fe4fd3,main_screen
4e573644b25c98406c265c485a01f610,main_screen
a44c6001b331f17572d8b1dc8c8bb0ff,main_screen
6621f35d5bc6d8d4543aff29a1edf2aa,main_screen
1a8132f98416b5913ced100b2651bbb5,main_screen
f5b7acf9eb7c05148e04f3a2b2b1b6bc,main_screen
97d4aeffc90f54dd02cc670a9bd4190f,mobile_recharge
287830dd5d6d19a0b687cc68d0942df8,statement
365119ee4e7a6b83dac26a5a23624f0e,chat
86855db80f46089f04a9b0d6b85654b9,main_screen
5c90f3bca98eaf2551842b985806e6dd,main_screen
bb284c36c030360c005d22ae3f398947,main_screen
be8c75c06415f0f24417df0e495dc05c,chat
ab02dd9b9fc2b6b2d517be4163ec5ec4,main_screen
ef8f0ded2f362a9b20abe4bbec7a1f22,card2card_transfer
6e43cf4dda94904c6b2bb13b84e18cd9,main_screen
5a33e27e2ff2cda71a9d2a40b40b6b50,main_screen
d2531490b583e832653b8da72b791169,main_screen
ab92ef309b7c027c2a2ac6e840b4297c,own_transfer
e1523aea4d572d3a37795bf58e601fce,main_screen
4443c26fdedc9722c032fae47ea1a81b,mobile_recharge
79e85d40092cd866ac63c7108b0d6b3d,mobile_recharge
876d4bff60725bb456d7a34066327e55,credit_info
929bd2b8b159840015e607cd191e1407,main_screen
8b319b89edf236cf5025cf96bc05606f,chat
1c3aef8610617621ea40d1310aa389f1,main_screen
7575b60b01f59977115ad9e265c1b6a9,main_screen
fca5c2237a69bd121ece7a3c8edeebe0,statement
de4392a4c808d1c4d11e3c93beee4104,statement
8df7568ba3a04b0d99a50c38151f77d2,statement
bf2f323f536ae2767398f72810a51fa2,main_screen
68e46b3e08119fa27f00d994840047c4,main_screen
398d2b146fbac553093df6b4e2aa87b4,card_recharge
96fdf98ee9a4b1dcba5dae73ef6a3314,card_recharge
8ddc386198015c24703aeace26b9068e,credit_info
cdb5273112289bc5a5c3e24d151a7916,main_screen
b0bd847f13201baf48a1b5240edfbbeb,statement
6a9dade9d028667f9399e20eaaf52582,credit_info
d64ce730081182b477b7315e07c3e21b,credit_info
e893deb3162ee9f974553d04617477bc,main_screen
cdf876eee458fcb96d28badd3b1b2c1f,main_screen
51758c8067991edd51e4aed02da7e6d1,card_recharge
6eed892de0c134fbba8537110710ebd9,statement
6b69e379ff7e6d5c25a5f36eca81ac1d,main_screen
4bbe323105d2d70f86489198fc8b06af,main_screen
61131fac39b8f05c86a2cca26d353cce,card_recharge
2a4decd801a03399b78cfaeb7cbb7385,main_screen
83c148fcdd7e43a74af667849c3adec8,main_screen
7b8d34e3c984a3149467bbfbdd53d94e,credit_info
473781d4e45d5d974377444cbab3a795,main_screen
c6e515e51da5d4d77ace9e85cedc6d12,main_screen
ce2b743fc959b060fe37200ebedff5ef,main_screen
fe2061bf89f62cd6e211c9348fb88d7b,credit_info
64ac5cda6e9db20f7467bcfe8114660d,phone_money_transfer
1146afbc788fb8a4f466623654746a2c,main_screen
f36ec1090890395b07841580afa8a548,chat
145a51e4ac36a9e6a68451d90b0d3d4d,card_recharge
013ec098390f41bbec84f0ee624dbd6e,mobile_recharge
e879342754dbca64ead0cb73d67ecae0,main_screen
c92326fd61c03291d525ac9ce456c2fa,statement
07cd4ceb6b080788b760e380f6d74159,main_screen
c31f0fe9bb6f51de33dc1cd0f8d3066e,statement
bbaa58f80dbd8692aa37b7c64f8039e8,card2card_transfer
6f3a05158209cb29581982cce3de24f9,main_screen
6d607c24f5a161202e7bbfb14c7b3ce6,main_screen
3e12f134d16b2093e0588fa41ebea35f,card2card_transfer
28e3ab1a4d611d6d485ea3a7d89d8e99,statement
c1ca77d8fce39a38ccf0dda62b229b8b,statement
8532f62d144774cbe4fb7663922fb1ab,main_screen
37eb78540602d6ea3cd714b8b909d6da,main_screen
da8e2a276170885d85c73baa627daac1,statement
e3a03dc513d0c336b6dfde278bbdb420,credit_info
3c15317ec32137ef89e07e39ec26a344,statement
1e31029592fc2792c3151976fe0db5d8,credit_info
011e66c843f961466255527368577d74,main_screen
a2a69263c86dc3a1b3b40dc33cf4a045,chat
55586b6d152832202e7b36f31bfb3409,main_screen
7271881cefcd3077e369f86f571c8978,main_screen
30bb2ed8e12ce5976c9779c31fd12cdf,credit_info
9fb0875a9b58c49809c84fa4ed3efc4a,main_screen
89bc3864eac2f838d6ed38a29bb68c98,invest
efd32c576876ed292f32dabad50c5801,main_screen
9c370c1031dce84c9d8dc08a6e9ad374,credit_info
4e73a4a4db7bd48beb1ef549c5f9315f,main_screen
6e5420d7e1e6f41b4d37a5a3937184d4,credit_info
f3175fd61c542dbd781dbfaef1ad8b57,main_screen
501177a9cbff885903c5a01d853101fb,main_screen
91668586a4965202a9cef6016252670d,credit_info
7ce8ec7f53c6d9205500280b8b6e0c6f,main_screen
30b58ca2a4044f9691811318258f3fef,main_screen
633ae66a9804c4082a29d5157ee02138,main_screen
61064d7f009890c52ed9188f6f647cce,main_screen
336d14b51825745150fc2fceb68386a1,card_recharge
688f691485167d23a518093f1c3f0978,credit_info
a91b59480dac6c856bddebba613bb0bb,statement
ef124d098261ffc2991b2eece7f67650,chat
850189307aa229aa3547524a32fce6d2,chat
ddde528240d396b1c165329329056566,main_screen
4e02a243983800a3dd5e3537ac2f43c9,main_screen
3e3dadf470260d86f96b35460238cf0d,main_screen
128a5eb254eeda2a0b084d95cf5c7d28,main_screen
251b57f343a995a79185378e2aafbccc,main_screen
986e6ffee21a44108f18570120d046a7,main_screen
343efaaccea7f9529c885d0b2bce2a36,main_screen
d487882cf2365ff77a26c8db8dbd8b82,card_recharge
1a4689225c27309b72b4747acad7c140,main_screen
339d1f080b53cac11fd409860f53072f,main_screen
42362e88e6dd5d51f5554d18f85617e4,main_screen
ba89ef4e5105393ad39c9496ff820086,own_transfer
a006053a5788252dad4e3ed09a1cb34d,main_screen
e51ef7823a5babf0ff13a313179fb0bf,card_recharge
6a1f6e3b5a9cff207c898401dbe19bb8,main_screen
e36387be9067ccad3bd4120164d2509b,credit_info
606f1a3aa3d96d2eac4c2fdd665078f6,credit_info
1689e5dd892c2c1b2c5151b5ef76080e,card_recharge
84046c8ce52b7ec7669bae1e3b38cdda,statement
0210fa92a9c98e87bf83ab96c2600c79,main_screen
3820fb334ba8d61e71411787242af393,main_screen
99ff3336eb7a2d772d3b34a9280db6a9,main_screen
fd6d4e09dfbb41b81f29ebf552840e5f,main_screen
ef6a52037b227e043d3b2282bc07eca7,card2card_transfer
83106f97050e4092d1c7e94bf1e455c8,credit_info
75faf21a3c064e6084de7a8efc0192c4,main_screen
c2ca6c391a6b16d0704d2821cad34ed5,credit_info
c174be9ba543cc4d9d6e8c39152a21ad,main_screen
477a39659c6bd587f2b11e4228e20ec8,main_screen
04207f15d25b745e3e5a18dde7d4d808,main_screen
58f4ead85c9b4b8b9ef02b1c19134959,main_screen
36ab2d5d0f97cbac07fbd7d6e8ac1232,mobile_recharge
23c1d621ce95b1292e83ab281f5f7f80,main_screen
93c8c51122e91a463fad6424fd9b1fa6,statement
7d3fa1b5c797adbe0dd4aabc7a4ba01c,statement
95681d1655bb17015189a9962a917f29,credit_info
9dd7ac75822d7472ef94b08bf0ee1494,statement
aa2fbdf049945f56b01b675141ecb2ba,main_screen
3869f7bf295abcb4150f2ec1da249036,main_screen
d261291a9808a7d4b1f924677a17a474,main_screen
421cb842afb37ed15a3e9de03e7e9807,main_screen
38594285da44f771d6dcd4ab2f673838,main_screen
f606175d651cdaf431286771af87c25a,statement
1cc3d536b9945744e0c832803349c55e,main_screen
e6ca184be40168da9c9dc0655d9680bc,own_transfer
cb98918fa4ecbf6fc3ce640405c284ed,credit_info
8ba7223e58ca967d4bcf733a4271c1bc,main_screen
e6a06d743aa49df985bf84b82bb82305,main_screen
7738c31e3a4028ab34295579321b4986,own_transfer
b4de28a4571120d6bbd27c5fd9f9d5a1,main_screen
d78d9ae71fce750b8529c7ef31feb25f,main_screen
3759ac6bbc413a818a3c5ef190055ce6,credit_info
d73030b5d138eed4c15cf4383684668d,chat
bd18aaca4b5be48c72cf6f7328c54c0f,card_recharge
074fa9b0a30fa895f034ebe209e3981f,card_recharge
b5955fdeddddbadbd57e164a2d7d12af,main_screen
6fb3624cfa3ef5e744d1b58696502db8,credit_info
3a1b3d2b053d3f35c376c8a9538f55e9,main_screen
804baadf0c6d59b2638d13f1dfc5974d,main_screen
2de3bf72bf9483ceb4d006bef3df8479,mobile_recharge
fe65f74bec28e09dcab6982612d00a27,card2card_transfer
38ca1493c26085d7817cd184aaf62896,invest
09ea6d7ddc4a52120605428f23921b44,card2card_transfer
b6730f59deabbea39ecc7676d087100c,main_screen
de89627cf2074264787ba87f8cb05138,main_screen
cee18bd0f0e8b037e70a0511f1d16484,main_screen
5a47057d1072e039fbc151c3e631b8ed,main_screen
e2d7e7d83a1c44e66f2e94cf712540d1,main_screen
6960f74e1a1cc9e24d2812a10a62eb20,chat
fdec137c207d9614d5e75936f8d2ab4a,main_screen
835b7899f5c5a9c6be426b4338bc4f82,main_screen
a886e21ab9a8418b0aa962f88ef025cd,main_screen
f4a2c4a3d8934fe7b78ba9d1eacc380f,main_screen
96987c9d53bcd5b1ab7bb9d4002a3f56,main_screen
e0c206a756f0975f8db437de820a864b,credit_info
8daba88627c32fab325d42747455cfcc,main_screen
721cc0cb5411847bc237e1177a588a08,main_screen
4a1c415e3f769995e26d1cc64336175b,chat
9f4f7ed9606999eb9abd45b42815a0b4,main_screen
823f10dc60c8907f0360f45c48ab9573,main_screen
b603573b505fcfb72dc5518b50b28cd5,main_screen
2e2c3d0a31f4c2ea3f8afd898a11536e,statement
ff8d54ea4d9a719e8e1d279d71a92221,main_screen
c71d6323a8bbdfc1ad76d9f9fad8886b,card_recharge
11db9ef75e1842c442b910a3a65e0068,statement
c1689603544f4cf9f4975e6ef198dcd8,own_transfer
81a544aeb9756679ca96f2a8303c18ce,main_screen
b30518c2e38582f627acc3eafe4bd4d5,chat
8393332bb016164b49068186e18077ba,chat
161a40be891fa59f492d11b8e841f255,card2card_transfer
00167589687db09c2bc082dbd2a42433,main_screen
8998bb54ad37904ca2c61f433d7d3b66,main_screen
5d06f5af42b64a32c20100389116be68,chat
7c51e1913288a412e9220155590256ca,main_screen
7aa05a7d5a831d43420659710c006551,card2card_transfer
b7e2a0fedf47a05f365585b3d5977f33,main_screen
87f294ea08c5211a4167adbf92e99008,main_screen
9c6c865ed1287d3aa656971c6b3ccbc8,statement
2f21f99da6f0e9b5fc1151597783753e,main_screen
46a11cc4002061897913dd856507d6c2,credit_info
fb2ff0ff99fad4cebc411d9a56f0ee1d,chat
7885ffabb50c8bb2636e0fc7ed00250b,statement
948f7a23d6b89bfffb6ecc8f1c30cdb1,credit_info
95f46657b886abd97688f29d7fc21de4,main_screen
9c0e759e25b878a30d86cba79aa73b00,mobile_recharge
3bb198bdc94fa0ea6a77e3cd05da8ef2,own_transfer
2ccfdb448e9d760db07e4921fd5db928,main_screen
5dc86652d2ccfa1dc89f67ac57f49e9b,statement
4e127086f5b07f81b8c37f545a433159,main_screen
42302318ea1078490fbafa3ddfcc9ac8,main_screen
cfd09f9edf5352094c4c7a5fa989a981,main_screen
2ab3b97da0f1f489fcfd6b8b32799d00,credit_info
0700c180df79f1b13903881700a47a49,main_screen
4c11062649bc5489977d92d8617fcbb8,phone_money_transfer
ddcf34f30ce680eadcf5db6bd490fb19,card_recharge
a00d96f5a93adc291d84ecf07a3f8248,main_screen
e4bc38c09840106eac93a0a25c636c7d,own_transfer
7ee52d6794b69c693aee7276208be133,main_screen
9f663eecdb7337d53f5f284497a77f62,statement
6a490591b8a8d87d2615243e896433bc,mobile_recharge
16d7232e9b3c0440004b84a980bf6f23,main_screen
c2e0f0f0d257d36bc59fd196688e097a,statement
eadb5e60bf4f9c45c03542ab2b0c57f6,chat
6f0cebcacf18bdb3bf44bb5ebb63b220,credit_info
dfa3c84df5b773766769693bbffd0b20,statement
90016af03d6e44caeefa2234d73c68a1,own_transfer
c94c9114a8bfe8d896a3c1d827f0e274,main_screen
2be3cb64d4c5fe6072ece2b1c010480f,main_screen
28a2790ce22a9b8637bf007cbb2a03c4,mobile_recharge
32701ca006d90ec012b963a552545b9a,card2card_transfer
efe9b51467850940fc9a068f67410203,card_recharge
b4df08c302d392f192d1f89e7ebb4d56,own_transfer
c5f64fb71bb4fdf707a01004e13c1bd7,main_screen
84ab749fcf12a8d2b69df082814e8405,main_screen
46a5982dd4f27008ec17e92c02e2a1a4,own_transfer
26fbe1779e31bab74c4e578264acc981,main_screen
9b736bfd4bb62b6828297282b6248fb9,statement
3afc3f90e38f383e2ed5ddec40a4d69e,main_screen
f55f39ec844230e5cfc51d4e78436816,main_screen
bff342272aa50972a55b64fd9a8b8c09,main_screen
166e715f8c79bb1d7b6d0db72968ae8c,statement
50275562ece4fd733f731fbab7ab51ba,statement
e8411a113c88fcc816906862d55fd35f,main_screen
53f1a00286a3d8fac8e2db5ae19ba3ea,credit_info
ec3591d02460a1ff165f82815e885f8b,main_screen
e116217ad8688dc2a137ba891fd73c4a,phone_money_transfer
fbb42e9e9c4f17dd22eab984a59c62a4,main_screen
8d086911123713051544dad8acf88f18,credit_info
a9ae6c39fbb19456293a96cc4b174583,main_screen
ee34509cef1cfa98ae368974875c55ce,main_screen
551201430c2d548cfa84d4e41c252758,card_recharge
17b79cc5a1c738cd920d8ce47746ec6c,credit_info
f2b9f7a17ba9be918f5888ebc30966eb,invest
5ef5706a97b4bfc292dde2578be3b84a,statement
cf9bc8c2db7bef0aaaebb92a8abbaf2e,main_screen
f958cf75d0700836b3d9d1c03ce2d8d2,statement
f19e1b0a615b1b14182b0de695e960ab,main_screen
b07c814c7b52d01493f839b91b27ccbc,main_screen
bb865192a3945324e137ba7e548ba12f,phone_money_transfer
66e0976a0b269021a72b252ad06399da,own_transfer
5b05fc82cc42c0c83cd85e7dc1864dd1,chat
c29d20b0ab001ca914135b89006e17ce,chat
0300da098fe0c50231c5c3ef4a206117,statement
6f45dbdda5aaa2e3d9aedc08fd9ab3d3,main_screen
0fd168d4018fb80d652538a514ce8d3d,invest
1f501f1a677fd03ac67f9fb8f5b2d4ed,main_screen
3fb21c2f0dafd571008253acf8b961e1,statement
2e5eeea6f0574f687a8669c6d5760560,chat
ed55181f474f1580897955aeeebfb8ff,main_screen
5e055c3cb57239e020807f0dcca70481,chat
0a7558941bdd9552114a01c448423e09,statement
26d404591960d7d0b848a245dfed4f1e,credit_info
ab25389d22d6563cb0184147b5251ede,main_screen
bb3f750e9a2731e4b839f2b69e7e411d,credit_info
df9b05b81ce89936bedd3049a2f7b8b6,own_transfer
5b7a591724d0e83d682c2bfb241812c7,credit_info
acc2da85c230149edac4eb61e5f5e7d2,phone_money_transfer
220dc21298f54ca39f1af1241333ff82,mobile_recharge
ddec8d9347ac7ac5cdba067ee2e4fffa,main_screen
280a30d12dbb06ff454c42e2dd519fd3,own_transfer
dce23a638745c35773e204ca7779bd45,main_screen
1276a1af824160493448f75915906bf9,main_screen
266e6abbf6b629bb7f27335431fdcb32,statement
e9ad6efce1a31189d7e55a98e549442b,card_recharge
86cb04ded9cbca61e2159ba812b78ab6,credit_info
f9d0136f4553ae9d019bdf7a44f9d741,phone_money_transfer
eb171844a0db78155415a2c6540d1104,card2card_transfer
26c1d95afa3a9789c307df5810a3bd4e,phone_money_transfer
9926628be131dfec0bb50531830b38d9,credit_info
b30de1e464105babb3281d28ee381f3e,credit_info
5a211b6f61bc21012868b37f8c57e346,main_screen
9e8b0d0fc2823c2fb2286029a990f77d,mobile_recharge
c3ed52678da5f0e8282fbb5ff3fdfd05,card_recharge
ede507f365d63b4ec720c3ea3150a235,main_screen
0bbed6106c03cbeb646b58bfb4caaa3a,main_screen
577e410c6a756c47bb27f209b5d73bc8,phone_money_transfer
195bf37fa7999c54ae386e5a21374479,mobile_recharge
9a7eeb63b914cef443392a93849da80e,statement
4a9ecbe08e3eb06d3f802c414df37d42,credit_info
fcd18393e4360e68a9a005a4c2b052b5,statement
4e5ed469aac80fc97939ff84b66944b5,main_screen
96beb4ff4794e19b0bc2388d9f6a28ed,main_screen
c3e8a2eb29f3e5639ee30ea13e0815b7,chat
af9f63a459d5dc18f1af111d96f4527d,main_screen
c2c1c9fe56f10f1c59e758b484dea111,main_screen
c3324db562a4c83ee7e9cbe98650c825,card2card_transfer
2e1214868200697576e292705c66d51b,card_recharge
88c5f58ad56377666f5d48ddb7cddc8a,main_screen
fcc60737bbf70e4f098d06a79559dbd6,credit_info
7b3b0d5eac9dc0ccec1727c93f0881e9,main_screen
bc7cc59165252f5e78d285cf22c046a4,credit_info
8fd42593d18aa48568cdf312379b757d,statement
c3f73e41c7a7a78247c5912f8e7a7016,credit_info
6fbb7dd37976ba9a9760c138b24b7f39,card2card_transfer
0d483afc1216c7db46f54ec272639a14,credit_info
fedd0b24457fb69e7a1aa21a9f71a74b,main_screen
a61e2de6f0f05b05bca9cb805a486d1d,main_screen
07c05133bddecf972e53a87cfaabe1a9,own_transfer
1c384fe4b28f36ae93d5e29d35e6d177,main_screen
f12c279eca8714c65e084d09db9e78c3,card_recharge
7355858d4a68f2d7fdfa212ad689038e,credit_info
027daa6358806eeba97ef3ecdde5eecf,card_recharge
db76b43ebd2d86ccd51d5a61e127d11d,statement
939859ec1ab6f41f195090c5b3fa2b0b,card_recharge
571d35bcd16d88b005a22a0a92c6994a,card2card_transfer
26aa5d6c77ea5c0fba66cfc988d1009e,main_screen
3d2dcc96079d8603cc011dc8d6c7edda,main_screen
290b49fec16c3348298f861b0b16382b,main_screen
05591b96df06c0c958f30c15b50cb5ee,main_screen
9ddc64e0d962cf65cc6624991ff0f0ce,main_screen
0546667ff5bb99264393f70d0dd67cb6,main_screen
fc53e225746789292e33bdb22bea7553,own_transfer
9822974c3c14bab07fddfab8b99da13e,main_screen
f954b41e8d96855730992d7f5bd56694,main_screen
a213af5848e61d0c8c0e88adda2e5627,main_screen
301855a2ab6ccf854b187719d6b7bc8d,credit_info
b9f957a735e3ea8cce0ebc8563f0e116,main_screen
2e7d39a00091c3026140ee136c294ed1,main_screen
1b6b84d5b2f75a219d54114513a4299b,main_screen
447a76ee709fa17b85d33a9be031f27a,phone_money_transfer
4abce035936bcef98bba7892980dacb6,credit_info
7f1976af8185ef8e21c58a3a3ce39a28,credit_info
c98f8e0404baa97cbe47d08f05e9986b,main_screen
760780d3c3984247d919e16eb5fb5fec,main_screen
b2e388ae96dd0021425aa55cfaa3170d,statement
24e948e118cafb58c880b6b98b4f03b4,statement
8cd312ee78b470b7d1dcea7168da0dac,main_screen
2c4227bda7a75162ddc3e1e8e4739134,main_screen
808d3b338bc7f9d533c1b7abf367b015,main_screen
64002398a5cf58bc9d47e16ae795e242,main_screen
c9e05cf95a67cbb1a4c07a5ee7cbc03f,main_screen
fd57f87e8338a1571615a0fe493106a4,credit_info
473750a4298177e6585ad26990c262ef,phone_money_transfer
8ce4a881d3ab489106c75ee3d96c32af,phone_money_transfer
c933f3dc5bad065e007d584abfe18977,phone_money_transfer
4f9aaec6bcfd7deb54f916dc060d4af6,main_screen
889d6462d374ee3ff0ff5a4967468bc3,main_screen
679a64d05be09d781e5f943b482091eb,main_screen
7fdbc57f2b17ee90586b347d22cc815a,statement
733303b52cf7f5ea73121db02b319217,chat
3c323f9a02b5703e040dcfb5e5cb0650,main_screen
a7a069f624241b62abfddf3f76c89d4f,main_screen
3118636095ec0f881ee3e37dd81be683,mobile_recharge
15e5e09529c017db1a3c4b02d36733ff,main_screen
d3d85bed0825a99003d77e92fd27e24f,main_screen
7d5317c19467d665f9a20fa347ca1fbe,main_screen
80040ad3d1516c86f35e6d1bd985dbfb,credit_info
b8e6b0b8dcf4157db7f24df3c3bb4fb0,main_screen
047460cb0e9eda3e298626bf27743cb8,main_screen
6908f9511555b196e7c30388b72d94f1,chat
3c6c6485e1471d8a822a706aa08ad10e,main_screen
759b2af9567cea9d2aff0dc4a597ed5a,mobile_recharge
f300dc40df0ba692940561e3c074947e,main_screen
401991be7902286b918320ba65a40f48,main_screen
fef077d95134f177663d57e9bf78024a,statement
1fdbee44d79605ab23b90298673bf660,credit_info
a19eab829da5198ea0af48a926515bbe,mobile_recharge
524b34e5e4a62292b3ca066bd7e254f3,statement
60e32534728ada25c2cf8a9077075c8d,main_screen
415de231db9dd6f5af27beb17fca7e3f,card_recharge
3b7f3e8929c4c8318caf0d554249d316,statement
7d21b12e9e61bf1ee6c0fb172f146693,main_screen
c99bdb66ea5319b8cad5a42bcb855b3f,main_screen
192923e7df5fc4b5aeb324f2989a6c0e,main_screen
9ca8e4f273761d3546d2ce5409a7cdfe,card_recharge
4b93c04d05956143debbacc756f60053,main_screen
10f8d4f3682bbd862f44d9183b6eb442,main_screen
6b02ac4a8ca635067d5900263130d5dd,credit_info
19098995935b9c50800aa9d01ea885b8,credit_info
f09ade2ef8d0fedb1ca7d8ccc89d18c5,main_screen
8edf4da1d2c797641b69c9f5f8021f0d,main_screen
2b4663d9c3d87d0361fa2e90b451e684,main_screen
40703240a065800bc046d7b108f4e566,main_screen
ce5357a5856abd1b5ca3b41201e6eeb5,main_screen
f46746d866e576cdc53b920a34fbf344,main_screen
acf2dde1170ed295f9d128ed0edc5485,main_screen
92ea9dd8805a8ace6addc71ca523e944,main_screen
7e8fd1e0ebe42ca6bdb869bce18a3df1,credit_info
2052ee32ca0c4e9af8c9038d6763249a,chat
08dd1b41fe81ffd3c18c7c1e5e53485d,statement
a8209cde575e811164321c9396fc5c95,main_screen
16100c84482c98324f1cdae972617439,main_screen
d795f0a3c6aa4fb8c3d212163c6f9420,main_screen
b5562a87dcf9e76c331c2ef54a0ec7fd,statement
42d3e378584f1102e931d094f2d34e94,chat
24030c39c22acc72d61b70ba4927fbb0,main_screen
b7509e1cc3dd9dda7fb5d7ce88671ae5,main_screen
502f56bcff78998473bdc114c7757de4,card2card_transfer
b1ec258d8b27a65efb473cc4d57d0ee5,statement
b26a6cc8552f8ba87307c167e9badbe8,main_screen
f9a38dae111c23c524b597b1932b4509,main_screen
0a3041d82e20b98f724b23c31ca2cd7a,main_screen
9c31905e7724634e9243193a8b3e5947,main_screen
329cb7bcafafcd687cf40f4829d1a592,phone_money_transfer
fe4ce1246f81005f3dd40487ab419ea2,main_screen
f9f6000c2a390bfae4f5842d3bd2c2a4,chat
5390b597ed0a877ed24699c67bff4021,main_screen
4ff4c6fd259d5532c883e4cbc38eb82b,phone_money_transfer
45e37011258f6c2e16f2a34f95e78681,own_transfer
fcf574f7129e8cc6fdac3f16f66d093d,card2card_transfer
979997dedcf74126ff15956765f1e1e3,own_transfer
d5361389cf8893314eae1ab3df26c346,main_screen
58b2fc225bc3de744b069ae3da6f27b9,main_screen
5c3da2484b03c8bd95409a0f69c5ffc5,main_screen
d5a034e1fa60b14f85a114a5483afe0d,main_screen
cd171fa25db518eb640f5f7cfe6fffdc,credit_info
d2b485fd2510bab3379f5ef43a6ec01e,credit_info
e8ce0aecc1057ea0ee3636bf13b7af60,main_screen
b5f01ffc7d4297b951d0a59472db6819,statement
4e461133c2b3afadaacbf5ee75d733ed,chat
0018004a73f20bad46126201d604d3f6,own_transfer
236fb21feeb34576fcf5de4665f19c68,credit_info
e243cfa7e8aeb201a506d2a81dae0347,credit_info
df7fa8c1c580a314e0d6126eba68e9c4,main_screen
c4d7b244d165c3b1ea8ab092c370e313,statement
c60c243b59f65076385e81a6e7420359,credit_info
07981b4a63d68e9f2a0c4c02b27e1c42,main_screen
4a30c9deacbe44a7b4667f59e2b18959,main_screen
fdc2bf4ca453b65206a0c6be9ef5b405,main_screen
ee22df94445f5da38ff88daf94daca5c,own_transfer
a6f32af8f899b23825021138b3b85702,statement
43a4ac7fbd48a3858e61a4b0571c2749,main_screen
4df0ae5dea7285b3281599b8d4804558,main_screen
ddb5ed71966d67d2552e92ab7c17311c,credit_info
96701cee8c7ff0037bae0171db94c44e,main_screen
ff026129388c21f6f9a193ddf7634173,main_screen
5431ff7ce9670418ed52e7f0b29e03e7,chat
5e31c80946d4c18be0885335c8d51ddf,credit_info
ba61293823ef0fca4b563c06f234dd3a,main_screen
152fe72dfa317d2f4c875a6b671798a8,main_screen
10e0398dd78917bdfeba72f7a432f524,main_screen
ced7c9d34cbd76b160045b3a570ef290,main_screen
5e895018f0c59aa23d8460d4a352fdc9,main_screen
df493f34cdfdc0eaa49ba3301b8f269e,credit_info
5380ca6118a6bd89e22f03cdbe311f47,statement
ed5639fdf91cd9a01d432b965fb2b8b8,main_screen
e54de8f5eb3a8484fa12f804bbc5d206,main_screen
678cfcec67b06c894a8e0e823339984b,main_screen
4c6bd01f34e1667f3bdc3d4401dcdca3,statement
bb7827475beb0bb795ed3467e5f0dce9,credit_info
acc78f7cdcc51d0d7f6ef66735f0c8c2,phone_money_transfer
9cd316d218c55a5ddd59268007fe9d9f,main_screen
7b69820f95f1aa0eeb6d536c1fdc492e,main_screen
45bbffe598a51fb7c7d06c6e47b61e1f,main_screen
35cc5250f3a8029a335e4b72d535eada,main_screen
18def03243635e63d26a821f27ea668a,mobile_recharge
e06888253575bdcb8e872d2ba77db822,statement
9cba7756b085ed491bd706b2f1b991f7,card_recharge
bdbeeaf92b3c387a6d3d37598541b272,mobile_recharge
e6dc3d16177fa60cb7487e25fd2f58a3,main_screen
c0c90cf77f0a4fe9928a4f66bc3d6794,main_screen
ee7506fea64d7f9c65e30b576da8292b,main_screen
28a924c6993abca691776e6670014ebe,invest
73cc0a47cac1328d5c4323340f081d85,phone_money_transfer
c0dd55fb2161042348240dae269eaa9f,main_screen
9220c275f295cbee31e408f8ea497cc0,main_screen
79cd8e42581f4fcdfa5a24f747785055,credit_info
66cf357ca2eb9c106f3641cf9e766f3d,statement
91bdb1b93da3f3aa81e3b6c4ae7ae595,main_screen
addb962b6c5d066e441635dc968b2ad8,main_screen
2d84a4e97a5bb5fc2e2f04e447fb5e6d,card2card_transfer
f6890df0f90128726b69a5b2849db3d5,main_screen
11b3ddf1c144fb2a0b73e69c505f7514,main_screen
3bd00eb7aadb8ac71a7d2355dad07f89,chat
d511784bff4f540605a026e64861bfbf,main_screen
b0fe1459220d3f01237e8d0cdb7f20b1,main_screen
be4deffffb07d42257e5c72106412d6b,main_screen
108832776845654f093487d405114852,main_screen
b1ddff023527f9b258fcf97e5cf6e55e,main_screen
04f809690fe8017d5f92fd6bb5fa5a98,main_screen
abfb46b1d500a19586173cf026bd7177,card2card_transfer
a4d7ba82edf873efdceaec97118bf47d,main_screen
19c3291a50ca2bf25958de2be4fdb5e5,card2card_transfer
1043b49cc67eab11946a1d48d2afa501,main_screen
350c15cf5de159c3137a81c7d616418a,main_screen
dd72babe334e91344df0993ff9ef28dd,main_screen
f7d649cb2ce387d10fc6ab4658343bd8,credit_info
5959234e59de963cf5f448bdb9ade8a4,phone_money_transfer
d0e458cc597975d7142132a50274973a,main_screen
ede96db40dc0675dedfeb4ffac33f52b,chat
42088bc7e1b54ed1bb29787c4f340349,statement
63034bd28048e988644094ec012e524c,main_screen
e6c2321ff1c3e8fda7bc5676562ce5db,statement
cba1cae11ed5f7f3503bd3f5b6ec9978,main_screen
c3b1376a86f8062658e153e5e4762b83,statement
6625f0e62d06b7b8ebbc80798e33c952,phone_money_transfer
6a854bbc716c2fdd21ab5060e9becb73,main_screen
e0d79b778e8dff61fadeea11952d052c,main_screen
09f34f1fce43b6aee9d55515d06f971d,statement
b6fd09390ce3f9c5028855f0b95a459e,own_transfer
941587583604e622e17a0b61f3d60960,statement
fc4d00e227227405afba7ec8dc503569,statement
d5ba5f2d0f90c2e78b259a0805f5392a,main_screen
89818871a848049595eb1912cfe20c41,card2card_transfer
2e1a9458f01b2ef0fc2e6e794bb10a5f,main_screen
2c59f8bff68688ebb843ee2101e8533a,main_screen
cc9336e3d8a6bbdd6a3ace5db1f9beac,mobile_recharge
ae28587742728cf11fed5cc60279b78c,phone_money_transfer
fb4c4b0bf8d0412a2beab7cd498145f4,main_screen
3b0ea84b03c58d71c4b0842253b83cdb,main_screen
af7bad839c8a474d73f65e2976fcfeba,main_screen
a010d9777cc103a0ef6adc502255868f,card_recharge
8a539690911e1c08f8541286d05a00c3,main_screen
8aa84c0cf6dd8d158cd02b6de4e54faa,main_screen
3d4e9409e30bfd26066a6fe904356435,main_screen
4c06793b567f4316ee29cf121fb49d15,main_screen
d4f685e9fbbe277c2eeefdaad74f007d,main_screen
cac5092ca86a7eade0512719b5244993,own_transfer
e7e660008a2aadc803bf314ea527ac14,statement
8e9049e03f74ce2390af299bae3943d5,main_screen
6e1cd67aadc5a3b7b734014141b32520,credit_info
d9cd4b8f2648ec3a16e77a5556d941ee,main_screen
36b21746586bd5a8953d39841ac9c6a4,main_screen
f26d159d8cad398b5b4474641c906eb8,main_screen
c596b8d327d4cec6ce12d31b34b8bd2a,phone_money_transfer
a5dbfbcbc06c281773910a3b698b41bf,main_screen
a2dfca3714626741b9a7e4574adf4e6a,main_screen
ae806d14403a672a2986e7faeacc2756,card_recharge
6439c18e0419c99220526b1a4e8474c2,main_screen
8e0acc53d462e20ff4b4df9895dfbc09,main_screen
f443e233115f7d048deb7940be52f686,phone_money_transfer
26df34d491d0d9628a33e7b958aedaee,main_screen
3efd88b77087c8cee188745b8656d98e,statement
c7ae34f27b726907cbd5db9093abf229,main_screen
02d0baadc70d28a5b422e41e6745c624,main_screen
347084e42eb342710f0d1872fbf19bce,main_screen
4bbf22deb1d0eb6151705cc0ecc49f38,main_screen
8db8fc948f3a741f026ca9e42c2f6b8e,main_screen
6f83bfa6f34208b4a3a08d9c3b797e1f,main_screen
d6a749c4e8ce5b39329a8c37e3a033d0,main_screen
ce11718cdc4fa14696f769e7cc25e35d,main_screen
9b931c7c6f523eb4e1b7f4904ed8fc06,main_screen
cb3e3b49133e7831d0528785d1ee0704,main_screen
1e8f579e28cd1f12861c53b3b2fe9f38,card2card_transfer
21c4546043e300affd7fd2eba41c0484,main_screen
d8d43c3f2d068495b790466af876de0e,statement
4728d1ab14c256925100ed39e8e93abc,main_screen
e43e39165fd7ef8a6bb7f8adf57cb0f7,phone_money_transfer
e2d5cde63690307d29dbf0d8dab28f2d,main_screen
7be5a40859615506d809d97ac0d462b7,statement
4fba35d3b120349fc71d5b63f8898848,chat
0a8ca293bcca518ba43c612b262e6b85,statement
770f0bcf47896a3fbd0aecbb110a2f6f,main_screen
ae99835f26b5d9bc9f3180c89df0622f,main_screen
0891a01f78d45a15e1f6eab65d0aa413,main_screen
eab703eb5fdf1c6db62d4b807a27f34f,statement
dec8a238906c52644b2bec75a442104a,main_screen
c8eb69943904f7778038cee3941b9ff6,main_screen
48e815e19a23143e1b687777bfe19692,main_screen
556245cf015237b2a0e826a69df99c90,credit_info
8f109cf863b7ed3cded7ce4fe8593f14,main_screen
ff3d75dd5770c5d917d7bceacc428ec4,statement
00d982579ebcf4ae1854ec0cef412a72,main_screen
7181b1a3d534e5a0ad1b8c7dcc7eaec6,chat
a098928dc05674ecaa19ca7893440b6c,credit_info
9a237726db5d1d5b82594690808a5a26,statement
b50c80434e694536e387444cf3bfc6af,credit_info
62c4c28e9ac2c1d0a9d06b62619ea4a2,main_screen
5cb4fb7d4fa1a3af3b5ddd36e734fc2c,credit_info
37dee6e8543be949f9bbbdf83e8163e7,statement
e8530d12df7d10467ec86b85a1e9dbaf,main_screen
6bfab62f72fe2ee528e97145553f9b0d,statement
61a997d33dfbda7c828081e3e86f73b3,main_screen
f16524bcae1a71121f44f9ce9962a475,main_screen
5d8c539a1a887ff1fd03ed262adc5b3f,statement
95239345c7605592942d7c44fec3c188,phone_money_transfer
21eed9c3225a8714996deaf0d5e659d8,main_screen
7ffce36d2a172c922cf9f0007be4cc20,statement
6a49a7bb85e08f49986b32aa2f9fc575,chat
3a23afbc11b6dcc575accff5a1f48826,main_screen
496af625d2a114d4857de01445936d49,main_screen
668b18f757fb4046ddcdda24c00a2a4e,main_screen
bf39d10f2202cbbc9e5b8fb7e931f0fb,main_screen
8a3b204069b15e56816005c49d7df271,main_screen
7456f1c2e94435de1e94a6698d00f364,main_screen
e8676931e70e36acba33a38314615a95,main_screen
bde7a6880c0f08cefc66b2d31dcd6569,statement
8b0dc006378ae1ccaa1f0cc6e4aa73d4,card_recharge
094440ebb9bb6652ebd52cbf42d0f81d,main_screen
589ba317e356e1b86dd14200fab5e3a3,phone_money_transfer
31af7d49dde7496ca3d0e207295838ba,main_screen
005833e6af17fd4481fe3d524d4828cd,statement
aef3e68f7b73b69d27e5de28982fd33e,main_screen
34c499bfbd87c12183b6043b880a728f,main_screen
76971040bbd4e9cf1c59049f5973b305,mobile_recharge
7a9719d7f2b181cf834be0380d0343af,own_transfer
34bd83d30c9931ef1cf1f981002bfc85,main_screen
4eaba63d2b7a8ce4ea82cc00d46b704d,main_screen
13b13fb5e98676b959f2e1f9a08bea70,chat
1af6ce6ca26536aa289fced1db08539e,card2card_transfer
ed72f7a007ebf87183d46d776be8ddba,main_screen
771b594bbeeee33fdd9ae42b3d7c1eea,phone_money_transfer
75c65fb90883e0dc94fc8cbadb5dd6bc,main_screen
0c1bb126f31dc37d73f3d5d0bb7bae0c,statement
afb3d8cbdcd1c11c640ac7c3f1c4739a,credit_info
e9b36538f4566e50c15ba7b30ce34326,main_screen
3cd7af9c8a9be0e108de48fca0b318b0,main_screen
b7c7ca671885f77cb267aff2d0e03f98,statement
fcfbe588449160a0eb2d530961f86976,own_transfer
ace6d67d0bb23d265369a1a20da49eda,main_screen
74a633a9948f0a6e8763b2330b03e2e8,credit_info
fe4b0057938b06b165822f966eb85b7f,statement
2b4dc91cae55ca3d8756e8480829caa7,statement
66ef668f7cc4e261992d14f84ec9e78e,main_screen
7547f04969d77381260245d425fd2102,main_screen
c37364bd6c5b558452813a807c73ae9d,phone_money_transfer
178a51b6a4b6a37def714f59f140060b,credit_info
0480db4d4e0d8b4a530b4e66c8a6e1fe,main_screen
23a017d23e6368034a1ba36186e6fb68,statement
c4c44803da222ab27677b46f3f1064b4,credit_info
2bb2b3ad405944f8ab3bfca369dfca55,main_screen
1b82cd7746a40029b90bb4e727ec647f,own_transfer
9ad8eb4063326f183e151b07360136ee,statement
af086a34ef8579f8a7ebd8a9a8f91bdd,statement
45ab1520fba0625584d248f85e4ce77d,main_screen
a099a4b65bae11a19120275d33ce7fa1,main_screen
46420cce28877b9f08c787abc42a6530,credit_info
c75aa09009be806500c9dc39acfb56b3,chat
ed1eaddee720982aef4deeeb8ea3bab5,main_screen
066c3960b9e316f5e7cd8ca21066f643,mobile_recharge
bda3d3b2f5b2c4ae4976195a8778b6b2,main_screen
f03e59defde4489335690995bb512bdf,mobile_recharge
6afb1e0f05e4b357c6d445cc8c690139,main_screen
4856a42625bb88223c239bfd90ec0eb7,statement
b7d36374b955be9686fc06fdb6542445,main_screen
ca6bcdd8a9536c1535287de51d6aa077,main_screen
8c9f5b5840393358625832ad39dff96b,card2card_transfer
b2f6c6bd99f95abd942cd98ad83f4537,main_screen
75c03ba2e9d36a0cea52de7b8cccb907,main_screen
4947476215cc5a5d20e2639a0b95f55c,credit_info
a5952bc402e91ea881d79d4d5d5c3059,main_screen
884873c9bf839620c384e8e619259b01,invest
cb2e415408c052e6a8d57b770a77c93a,card2card_transfer
5accc02bd83aebb6c0570aea3661c569,main_screen
f4d9a0455704037b5a6872815b4c0be8,card_recharge
43985dec1f78e0c3599faab99eb1f61b,card_recharge
956cea876661d88157fabccaa80cb42d,main_screen
90c29942f3132024560b16efaa6c9f86,credit_info
a786e2528f0768d06094899195175ecc,statement
b8835a241dbd6c72d8a76d6defe16bdc,statement
e3454cc2c7a4b55cf0e47c6dfae2bb7b,main_screen
f3efeda990e0d84208bbca9918f6fdfc,statement
2291c0584721c4f75f4b0d83e76fce06,main_screen
b18ebbcf32cdbafbbfbcec5de2a0fe38,main_screen
e0df9419fa08a91457e502b1154dd3f7,main_screen
c4a4aa9542175d91593134f9f9028d7a,credit_info
111aaeadace5b6c58934ef5b23041c93,statement
4ca51622baf889085db2db0f1b68eaf8,own_transfer
f5c3490cb76b81a9bc43ee60d26e820e,credit_info
a673dfbc0afdc0c4a3a56f222d6a956a,credit_info
729d6b391ceffd5e462f39dc1d1f3eb7,phone_money_transfer
abe3f6e9702981d0df31499e2d031d53,statement
c513474452ef49b5ad8a02b859ea80cc,main_screen
74dc772d0a4942b312f1e64e975bcaa0,statement
50ff52843efac1a38f1a39f45874de9b,main_screen
5383cf5085b87050634aa4848b91e254,statement
c3d1de11e8df2267b429a58e1e92ddba,main_screen
8cd97cf2d8481f5498df91237c148b49,chat
b5e37ab6c0f5c6a9500bfbcab890691f,main_screen
d16f805e1a52257685cdaff5e4a97e84,main_screen
f5730df176776521657c30bdf9c0ee6f,main_screen
70a8a4d676f9c641930c2451e020ada6,statement
f3a49f2f701f94f52129a5efa93be261,credit_info
28d4441f4a51a435ad82ca294e9db869,main_screen
0fc2bca65126bda52be1e5462b1d62d4,card2card_transfer
f94a29c96407d1f9d3d6ce0051d46807,main_screen
aef194ca9ed3a5590c19de69db9fc041,main_screen
737117820ade63bf9bad7c382ccf9a88,main_screen
130fdc7b462fee9fd1f71ba5327cf97a,card_recharge
fde542c6e71730a383b247cc7eb181ad,main_screen
7ea035d2c6e6404535e85d491730c0cc,statement
eb6b9137b33e83537cb58ecaf7bd9c9d,credit_info
c70ef77d831c4c80e6a4fc0cf01a3dee,main_screen
d9542a56751a9d38febf6c1f10d06e1b,main_screen
c522ef0d7448144cd66cefcb63ed5524,statement
ff7e4ad3541c8abb8db5d0c6f4119cbf,main_screen
182b76f353930f1c755bece77baede0e,main_screen
cfb4bdd5d4bf22c984aa175808411e65,card_recharge
2d51b01641ab4040c1e9c8de3c74f42e,main_screen
c7d8e852249b6d9e6aac0ba1b3f24bdc,statement
7638adcbb958dded51ab18ad25281d8d,main_screen
a42ef500781d74c9663376b3c5b54a81,main_screen
0586c2ec7256187d06151743b02b0f25,chat
596fdb4a8951b90da5a40d1f31c39840,main_screen
484583ce1d28ac38aa345890b2f035d7,statement
d7d9fd5356f0989e56e2102bfbd072d8,main_screen
5f669c76203fa823d19ee232324d03f5,credit_info
34ca6bc7fce7f45b1c0eeff45e6e1298,credit_info
b5df1eb6e3e6c571959943a81f972519,main_screen
18e7710dcf9b1df6985bd7df868b8977,main_screen
408dc371e2706d9cac7376349abceb7e,own_transfer
a79c8fd2512e3cb618f7d909d1729641,main_screen
82fdc71d3c718b6a49b5c0b44f5fd5b9,statement
93d358a41cb103b6973ab1de513116a3,mobile_recharge
70ce7d80f0eaa6b60a9feb14e7182fd5,main_screen
22530a3212dac898a5647817251c6daf,card2card_transfer
ce99c502b302e4b93a6d41b6250d8748,main_screen
771791b961deba58af38d760ccf063c5,main_screen
0b9694df7c9979151d0fe72426c86251,main_screen
099b21d8baf8c67f0c49a108efe4f9f9,credit_info
10eebeb3ac1aa1b6c6baa71ed9954819,main_screen
e4a5695843b768d790671ef8a97b225f,credit_info
c2dda5755c42fdad2859b94c9fab3073,main_screen
f9578f3aadb353a5ad87bcb99190485c,credit_info
2cff85cfdd13ce84d3eb0656a289c340,credit_info
42e386499663868530c37e75593dc620,phone_money_transfer
bded6e732fb821623a9007534bd23960,statement
554797c3e775db93f4a7472a42df5cc1,statement
2e35990c700c235f44f246f5150e3add,main_screen
9a1750a9e354d3dde309ae833aa79cb3,main_screen
7384b4ec4052a3c06028c585373347cf,main_screen
65d38ccc9200c6c5620d68fdb7dd062f,chat
98737d520f01fd1a972eafe8fd4f8fd9,main_screen
652740f040edbe1d9df76d0b627643ab,main_screen
94612f1d9a91a02def68fb6ec351257f,main_screen
07f8a6e8beb2e117ca3791d99d260909,main_screen
6f560220b5f82de43491fb691e0671e1,main_screen
cffdfe103a3a77b4a891397ead5498f4,phone_money_transfer
b6ca496ca8c316f74cf7b7967698079a,main_screen
d3dc45fa0f81abb412a1f0a8d195b60d,main_screen
76f81d551e21445ffed48a8238982cf5,main_screen
7504a8e1fe1581512019a76e59f63147,main_screen
03a50bb3f6802f53303e6edc80fad211,card_recharge
7b2894b275ba3c36cfced8e57dfe9709,main_screen
3b77e753466d3712805a986189a9114b,statement
75aea66c43797a815504d3bffe9dac8a,main_screen
0050557d4e8e966bbb09c7526d8c3256,main_screen
b4443d8928d3cd53eaa831b54a43cc33,statement
0b143a078f2f5f46527355e8f78bcc72,credit_info
dc97cc07555ac4592d13642f621e993e,credit_info
5c010e336b1610c18a5d06bee95e286e,own_transfer
8e6d71a4e6e0884ba30151a74eb366d6,main_screen
ab9c16666cbd4dbb559190d1770d19de,chat
f56d8ac23d3948ca2b5da31685309bf7,main_screen
c494de5b36d4621d15fed821e3e2983d,main_screen
c618476bbd4b32f82a7f2fa242abcbca,main_screen
b01870aaec688034c6f6a3492e19dab7,main_screen
617cd3b6d39704d629161bd69d0cb47e,card_recharge
28dec109757de136eb49827513446ed5,main_screen
b138515a50b674e724c1bdcbf8349e19,main_screen
bad323c6362054580cd5e14519e754e3,chat
a20773a6a4f5cc7a436dbc0b798f0d0a,main_screen
fd647adb2ca45f10244ec94cc62207fb,main_screen
8ceb0089301804a3e012e0800c23136f,statement
6784e545ccaa4a63831f2d9a4d535467,credit_info
50e65b5fac2d3d65fdee5b8d7167e169,chat
9a839761e520f84afa5023198c43bc65,chat
f34cae724850ccfb9eaa894218811a92,statement
d773c5d8a9b72b88d2a8e0c97738caae,main_screen
6f6d025173e5dfd084a392b60cdc8d9c,main_screen
0315c31364b8b9944ea52d5c6898e373,statement
cc64513b98ee6e6ef1160d17b36410f5,main_screen
006bc5516462c177c7bbe810cf6c7160,main_screen
e08a27ffa9c077bad015114d52b68517,main_screen
f8262dd348ca38e940a2b8aca913dbf8,main_screen
9b45ac426faa97acfec5937b1e4ffa13,main_screen
e5f322e2962364fcc927f150de3e64ba,main_screen
fa988952ece53894e544d0f6abc2ce20,credit_info
0b90628c50ff1fad5c46fbf65d0f4fe9,main_screen
0064f7b6cdf467e303631deb37630e01,statement
a1a323a03423709b724595be13e9d396,main_screen
88a34ccedf9f09090354d82c2d489cc6,credit_info
032bb738fcc2938a268d5cedad8f9258,statement
0ee088ce2e6c0110a504a8b0e502f13e,own_transfer
f033f172e6da25f7b86dd1908d4f2b09,main_screen
e8959bbd7c1129b9c3ddee57312f9bc2,own_transfer
4f49d273c45c776871dc21b7c835c986,credit_info
a6a7b9fd0211a1a9522590b6715664c1,credit_info
83bc031f097627800037ef6a6c58a36b,main_screen
b5daa23bdf4eb7568c24b258972b07d4,main_screen
5ab3a0f1da8eb997997c6c5c8a219342,mobile_recharge
6e340ab852747eced30be63cf408cea3,statement
f8f3e358c6dc12f8a1329865db3af929,main_screen
71855afdd60d491f807914d492b753f6,main_screen
563aeffbd3c2411bbef5752face1d509,statement
d1953101af52c7b535b0da82caf9d31f,main_screen
a5d0697cf09d9a7654d0d39ddf21e4de,statement
6138fef3b17ec430b822213ed8309741,main_screen
2fc86bfeb23bcf1c4aea904c999fbdcb,main_screen
6e649136482f78c955e3f1ab884a2eb0,main_screen
e8b675142a233a74ee83bf45439b3e2e,main_screen
c573cd44bd409111ad6ecbe88b781c62,main_screen
8ab88f4c024bdd2bcdc45a9649ac938f,main_screen
c17ab38fe70f7f4080181eab22970520,main_screen
95d786e6dc20378b5b82ae6a31ba77e0,main_screen
0afe067bc31583c765b2b3e473bc23e9,statement
95298e9242ba3edd0b288e64e6bef3ea,main_screen
2e2a49b21144a232e8f923436778f6a4,card_recharge
d76449e7bf02fbc51011a995b71389ac,credit_info
d1349039232bde5cb72ed11da30b6b89,main_screen
20986b75fc03121bbe9dff4bfa4ab43a,main_screen
94e71f742990eafc9b1026dadc193ad6,credit_info
60cc00f018af905bccc8e6e4c46d8208,main_screen
0b20d7fc41d147e1f290eaaf5e834c95,main_screen
4a17652417475c4ef2c248959df756ac,main_screen
6436bc4ae94810fd2c1f2886bd16ece5,main_screen
4eadc2033bd1e514db4e6a21f128d16b,main_screen
7512c07ba8717a7bd238a38e336312c8,main_screen
f017e03e393ec313cc72c61fb215f3b2,card_recharge
a98cae7b4bfa877eff18f53b007fc7ca,main_screen
5bfd3d6845a06f85e4495711aa9271c4,credit_info
f80daf8b8b67f701b67d53b3f1c4d966,statement
c425fecc7ade31696f87d824f59adf60,main_screen
204e7024ff1f326583f1af2012f69146,main_screen
032db4f962b38e5abf9b0e76e062c6fb,main_screen
10704d0ef706246ca362d43c00e1b229,main_screen
855dc3dcc6b8e93db044aaf0255d8b03,main_screen
ac116596159b1c464973f3e3c9054fc8,main_screen
de2ba406c567bdaaf8bef63efe90e484,statement
7968e97cd3748e5bfa75592e93bf5ac5,statement
c0dc5af1b2dc87e3e2e669ba66c1cccd,phone_money_transfer
ba49aed1040ad0ce556af5840a2aa1b7,statement
e483301c90726877f0586fed5d49d31e,main_screen
4b9029fe401b4a07c0b4cb25f3f77174,card2card_transfer
95420f3dd3ddb782057f63cf5aedc9f5,main_screen
73e23df8f652acbcf5986799f38cf68d,credit_info
99aa461bc246c7063b688601d3fe2b61,credit_info
61ee392e2f1069346db26656ea78e912,statement
f1f7339031a9b96a9160e091c8932602,main_screen
ef8d5ffbc50fce0998b9eddb8c9cf976,main_screen
8169ac5959043510941df61c3caa463f,card2card_transfer
a240e6e8f50aa815872064125bc6d6b3,statement
0b96226e4a081c32043f0c64f252a9ee,card_recharge
892e756a5d2318436dfbb4a30a6616d1,chat
4685c4767addf8ddf39bd4092d8a1cbd,credit_info
7877798d9fc4f5a22ddf6afbc1c7ceec,main_screen
88a4404ab43c5640fab7b66ed7a4f773,main_screen
aa2b332aa00ecc1eab6b5d7528976cb6,own_transfer
3d272c6ab3ceac5284696b22c57ea0de,main_screen
01a662a47193aa5fc5ba7b443468ce1f,main_screen
a600849d711bd7b016f0f9de61630f06,credit_info
8cd493c0d5ac6aa28c891549806523cc,phone_money_transfer
c4631296916021748b4a4a8f1966009a,main_screen
16e9c1b883b5bb54ebb083f3e5edade7,main_screen
990c63646629cb45b4adde770a62ff0f,credit_info
662a03d937b48dbc50d5f5e725053dee,credit_info
15d03c516e7ca882e8a458ccb8aa1335,mobile_recharge
b3ee3f6308e6d607b68a68e3a4a1a22d,credit_info
680f7efff23262ec1a6cacba78508500,main_screen
44eca0c6cbc85649a5557f4102ac4c9d,card_recharge
3bbb6119003a579e8d65f122271cdb3e,main_screen
ab630ae0d92ea65a27cc96fdfa753170,main_screen
b693afb0ce4bc861a544e5b3366d3265,main_screen
0f2f4e225e25bdedca9d65c56a6e4102,main_screen
aab1c4206b374f470e55f7198e8a94cc,statement
16f8b7d321b8ef471e216a4754b79c4b,main_screen
f671d68a62cd7821315c9f2aba57b460,credit_info
90f1bef24eb465dad0cd2c426b315a5b,credit_info
18de90a515603d28afa30bc3d7f90ee5,main_screen
ec0170232be0de92fd726b1058a7f667,main_screen
6f98615546c65f51b6e11ea2f954051c,main_screen
dfd9f9b80186e20648b9c94c7e67b212,card2card_transfer
4fd61433d259ebe28486e88a8a7aa157,main_screen
998d31596d12dae88bc5fdaa3631163b,statement
6ca3b8f0a315f9b0d4da7fa9270696e0,card_recharge
e24640f7586319aa7df48b11b984fb37,chat
ca032128ecf3e674ecc350e21ff342f6,main_screen
7f8a69915be8f795d44c1ac64c31c807,main_screen
d45fb8278754bac71fcb270426d2a530,main_screen
37d03a10e75674bd8ec6dbacea8714f8,statement
5a2196c8daf4de8b19d878623800f213,invest
8ee7f940937ce37064953ce3f7c957fa,main_screen
ce2c341c6cc88cae21df9bb6798e8d98,main_screen
267f9edfabfef47a7d48e0419cbf69de,statement
704cc19a8344007a6ca044d208d9ed95,main_screen
58c64f0e5df2e8ce5be11b15bcb9257e,credit_info
261674c22cac02da518fe3f6bb69f397,statement
b6750201f56def403091cb3d5697bacc,card2card_transfer
0da30fb8c6e4f98c84b86fa263729331,statement
1de00ba928392d423ccc2f09306103e8,main_screen
3107c236445ca001eea95a5b85de7184,main_screen
6c419e9165dde1cb996380610263e3d4,statement
ef9bbd4411ca95757f2617fdbfda1aa1,credit_info
796640b8fb17aee9858a1f24bb75c733,main_screen
f7e15adddae038e562c69c4c19ea6acc,main_screen
33088333cb5101886ea9c3569a594c45,main_screen
b2801cea643db074d756457e09209604,main_screen
23bdba7153ee05d1b1e222340c6f9c6e,chat
7e2549004e7e94fb717783049df8bdcb,main_screen
0258ed23b8316c3f0ab22783c8690865,credit_info
56293ce5753c058a0cbe829ab660b37d,statement
37c1849f60ab2dbebe176920d81d47a0,card2card_transfer
b7a963006222cffecf9466d082892300,main_screen
b2cac94ccf0abd360b9d3a9e891d249d,main_screen
00954ed2a078c5739e892a9432b401d3,credit_info
cdc1ba7d1242bf9005518847f87bd17c,chat
36c41bc72210fad46fda87921c12959c,main_screen
f2845a05977841c0727f7d574114cbf8,statement
57eb91f76f0e626ad240410d90bb6963,main_screen
973921959051659b2c0b97111d1f399d,main_screen
94b1284be61069023f333a4f89857d32,main_screen
050a861c2c9c5343ec4f82027c6b75bf,main_screen
edba9f0b80c09d30374cbb8afa66d8bd,credit_info
036156e919b92973aee0790cfed654d0,main_screen
36b51073b363ca085e6f59292d816f07,credit_info
2ecb730476e8643fb13f8fbb09a699e1,phone_money_transfer
96f38b4b98c6f7c319b156cd87bd9adf,main_screen
8553ce3ede903d8b31420a08660727fe,phone_money_transfer
4d4e280436bea786c2704d3431612536,main_screen
6a705c6176afcdf2c25973f282c47fd4,main_screen
cc75f9a3c5bb0b503586a774ea3b8a35,phone_money_transfer
231c4a090e1cac959fc8423246dc1bf5,main_screen
de78b6b9a75f469356677a3beccc0637,statement
beafc226788f09ac135e2bda1af5e3d9,credit_info
25efd4a88ea5d916e6353f8f810155c0,main_screen
be35e7c8d777c292f5343826c0672a77,main_screen
22528e1956e6bf3cf146dfe9b594db40,phone_money_transfer
6cd8900f483de91ef515dc16a7230e53,main_screen
06eec44bfb23035b4a815e5d2e678e24,main_screen
94b57a292aca3a7392a97c6b32c591c0,credit_info
405720d6dc14d27c8cd8bfba2af7bafd,main_screen
d00ff5142f2d90aa39d61af2880b0500,main_screen
a1a352011c32daebc1cd7452b64fe7b3,statement
25789f143fccbc31f67545c89784d04e,card_recharge
eff25b3d9f096f12ce1781ba81e96aaa,main_screen
5e7314829a6ee33ae0198cd452f885a2,statement
5b43ecdfe809668651a8b640b2d20610,main_screen
203492c58b978e8d7616592d0d492108,main_screen
2845d9076946ea0ad02b5bafe53e496c,main_screen
752e60fff32c850906e9a5bba15ffb16,phone_money_transfer
425dd4351df996c253920a3a65f2ca51,main_screen
89a74d526a989ac8063d419955f50f12,credit_info
4d401cc7b823b8dc3ad83496df07377d,credit_info
3621add4ea90d45377089b773d94ac63,main_screen
f52e24ca92c9941306d3996af42ac394,statement
277c033d03c2f835d5b027228a81ec0b,statement
4b153b96c53426fd1b25da86bd7605a4,main_screen
2e327415b17e30a6ac47c311bb0f7def,credit_info
8aa506f0d4bede678e8ae0d9e4c59a0c,main_screen
9fa74315070c32ed56a24bd5de3d5bdc,main_screen
f4886329d94106ab50c98dc5ff910704,credit_info
09a68cbe129e3c850978cc6a0bb10690,main_screen
b868de0cfa2981330ae936949a57867a,main_screen
25a6ef5545dee207cb2154be29c354fa,statement
5b9fb0f73386dac14947e75452e54994,own_transfer
69541c6e009bf5ddd6e15b81ee261587,statement
c6b11b283613b6cb61407f30a735d6c6,own_transfer
0313a3d8bba6303734200424ec999e08,main_screen
77dceea6ad267f093e3c9e1dbbc54a36,main_screen
c9c13b921b87d142f38afd71dd3c0b5b,main_screen
39ed373b6c5ea4e3f36d3d4222060528,credit_info
9831cf72bc1252cde0fce0413abc2d10,main_screen
64f074aded554d2bb428c99deaec9bf0,main_screen
68288fa1b243b40339fc5c378cdde64b,main_screen
2aa3661127e9bffd60f820502f1e3761,phone_money_transfer
9b5bf9e4a9d36fe1f26eb3c3b388dc6a,main_screen
bb8ea92eb6e99d185e74e52b39a0fcb4,statement
c62438a8d9cce20fd39e6f1ad7086928,main_screen
dc9ceab032b42b4c57dec8f946ef39f7,main_screen
ac7da43c9973acb3cf477eb4a1f0de14,chat
7984b26ddb61952a72316bf0b44f991b,main_screen
0e13af639a3996634bdfd5f10b2475fa,main_screen
46004a5fa87c93de96679cde7e18160a,credit_info
c02301f1b37690809a95ef82b02326df,main_screen
8c0e4a1bad9def0e2fb3b6ef2574333d,statement
8de76b50a7b785597dc3357c5d71e7a4,main_screen
e5c993ae2de208d00bebf6f31560971e,main_screen
4c4239e18dfbd2aa151dcb8139afe835,main_screen
a8a01fd98a829808c1b393635b6ab7f7,statement
04597cd309555d58b1b4b6fccfafd482,credit_info
a5e76d3912d7022be9f4e4a00f425107,card_recharge
59f7c87207b67165e87ccce281594865,main_screen
a4ce4f9ad61274b923fc35aa233a3520,mobile_recharge
7c24341f06bad5f97974b63a26e60dc0,main_screen
418e164f0d3b6e0aa6b1bd873da2b885,main_screen
73569967fe3f7da428ffb2feaf775e2b,statement
8085ed6f93c783a61d576e1d258e3440,own_transfer
892836722e4342aed01c39410d7cd276,main_screen
0721d30b9a0a41ff49fb6131bb0d417b,own_transfer
c959db8f34e63aaf7cbca96006fad37e,credit_info
7c28519e3cc735b88691ee13fa1ddc6e,main_screen
6e56b190b1cc845fa84317bfd80d3937,statement
1bf7c7b9925b04e3ec20e795645f2c66,main_screen
c81aaa2725913b98f9807305dd861f87,main_screen
feea36419891277a7d40f0283874d0c0,main_screen
97f01775ca7a931388f63790491f5623,chat
dc2ce0479f6227446112aafd3a5a98ee,statement
372fca9658acf7728116dda3a5a20eb6,main_screen
8c06f18ea8cd46dbd3896777d35c729f,credit_info
9e95dcf6105c391ff5bd94a6b4851b13,chat
ed8b6dc3b190785005c25ba67b717e96,card_recharge
33170ea418a3b75085eebe973b2a60d3,main_screen
4ff7c255d5c480f503bf21f0f643c816,credit_info
99e459ed1412cc5690b2cf1a424f96cb,main_screen
7ba3daa39e031d0d6ea3f06ceb7082e5,statement
56b9ddadb6224bdb643444b0ab849bb3,chat
1649f453f8c11f156de29d53c1b129c0,main_screen
5b8f5b204315e55eee2432bf285cfd0f,main_screen
381fe54767ebc00f0c9070045ee39c50,main_screen
2d80256493245430d95d4a5cee138829,main_screen
1532e9520827f1c948c06f1442d58528,main_screen
0854e7c5349f1a0ecd65a27a5a7c845f,mobile_recharge
b22528501c3c2d3b25d9de807602917c,credit_info
1a1dc5c3e0a5032fb4dea9eda39a4c34,mobile_recharge
b74ed6cfacbb5bc663661f0e83a55a8d,main_screen
3ff73bd8f9ef97867de27e95c02efc6d,main_screen
7c820534b3a798e61e7f0ed4c3d15c3e,statement
affdf14d91e2fec928d5b6161cf18084,own_transfer
1a62adf624a9d8538707779b1cbfca55,main_screen
0296ac83d92d514e6d47c6dc0199c21b,chat
f001f88e6516f50ff0e31a2aa1af9232,statement
820ec05ea798d0bb8517c9df786ee104,mobile_recharge
ffeccfc4c58b6484ae00209ab10fa290,phone_money_transfer
e79c7dfe92dec7eb816f530617980d2c,card2card_transfer
8a71a28f82442d4b434ccddbf034912d,statement
1fa2c82569ea1975d33524817db9d9de,main_screen
d3d89ea441d3ac73f9449d9375cd4d46,main_screen
d11dcbeaef22e27a71f8a48ad798032a,credit_info
b3f408a6eb3c45fc2c24034643f27587,own_transfer
0b3d8194ae4f76a1665879257a5f8b90,chat
c065be3796230d1abd1ed4228c94365a,statement
a4cf6978465dba539cf5a10d44027dcd,main_screen
4521f098b81b9743e95e318bc5e6f228,mobile_recharge
91ff32508a2ac3358a6e584d9f2401a0,card2card_transfer
e5fee044310af1ba4fa8134773633a61,card2card_transfer
104888356d52a74b616d10eb80e57f42,main_screen
351fca09b98e743e8364c6df6953ef4b,statement
6a81780c1d6e4444c1cea574c90add62,card2card_transfer
52fe59be6ebdad0d9d5a911091178d5b,credit_info
f04fdf2d1252e2c548fe123deeaebed6,card2card_transfer
336e0cabcb20b8f69cfe33e3cc35ca51,phone_money_transfer
353f5626d23f6d5dbf9332aee2473742,card_recharge
3e0471eb984c631c5bdd02efc3869966,main_screen
d69fe274853fa7d026b992470b20f566,credit_info
339d984929ca9170128ec9a81eeaac92,credit_info
8cf62b2a518b18c60e31a37967a0bb17,main_screen
fedcc6784ea55d0d96b9700dcd0012c3,credit_info
2a7d64a6a3fee1e2c80fd3a35b94e1ed,main_screen
2a23d0268017287a9d222c01a522231e,statement
49fd43f52989faea9b3ccb397a5fac48,main_screen
036f02cfdc54cb7e529e2aa96bf29abb,main_screen
19124937bb372f74bb7196f67c748e03,card_recharge
f43bc9eeb7a528b38914c597c826b1f0,credit_info
89a50e51f58a221116dfb1f0bcdcf96c,main_screen
2bb5b40c4250ee75a95cc04ba2b77174,credit_info
81207840402de6b2cae1a35dfb487905,invest
dc075f965ea70720d8391c5b586ab4a4,main_screen
4cafcbb91a1f8e0f6b76f14545f9f9f1,card2card_transfer
01a942665999ba5f6ad3dce9e5acd4be,credit_info
14e686e7ea6168b5739792f65c178d2c,statement
6c5e9dda5cc13fb5afa5ce60e476de5b,statement
b9ecac28ac23c3aaed2631b442443b8a,chat
f98a23ea34d9571f82853cac71e4d685,statement
88b72f4a1d9261d1d585e0eb5311e359,main_screen
f61b58949c079d93c8fd036e8ee2d70b,chat
c8d19585b88fe952faef7a4776b6eeea,chat
9bcf6e0c1ba38cf49cbe118149f08f45,phone_money_transfer
37036128ebcabb2534bcdcf000baa0d8,main_screen
4464bbca1221b42e8328e4d132990db8,credit_info
1d8c1d27340a09b9480938987b0a41cb,card_recharge
337341262abb358b80c8726872023311,credit_info
ce34a82e802fd918ad545223838df8e8,main_screen
570778286057c7352fef48e5ba5a873c,main_screen
88cd628d33fa490f44d5dfc119bed837,statement
93587b399e36f37ff1be294da7ef4eee,main_screen
35b792ea6ef497a71cd50e06670620b9,own_transfer
f519b378b5734c03f2f15246507607c6,main_screen
ca6cd1c0efd77dfc5374aecf92b285f4,credit_info
88f28232ad54c6594120d2421148cc96,statement
6664e4b5308183be24003649213c2c89,statement
8feb241fb97bd6f34a70b3536fe362d9,credit_info
d963d958cd35c7d60c7a23a604fd49e5,main_screen
c1d3082a022ca63f59c28f74835b5b5d,credit_info
779d1bf1ca1070b2b439c26b85959ad6,main_screen
e87e90cdd01cb8f98e2e22db50f64a28,main_screen
cf8cf41b420199057362007fadaab5c9,credit_info
11aa6f159c268f9fd0156c58800b40b8,main_screen
26325465af6c16245eaa266ae772cf3f,main_screen
73c6bb18da8e74d961ffb5b8235e4c79,main_screen
2c662dcf6de4ed70f99c97a93eed32e3,main_screen
4a9e56e9d203c5a010290168ac0de460,main_screen
87d6ae42516142b40b3df32b1b96a4ec,main_screen
b1df2d32254c7db5b04664d6b32a8b47,main_screen
aa43c8cdcb617e142c21d84acac6c8b6,main_screen
cfcafb85becda3c59ce6337147884cfa,card2card_transfer
91708d2decb7ca249834bdee153d549e,main_screen
1e0e96dd9857004b5dabf2dc28ede01f,credit_info
c1a99d3d44ea059e523e33f093a861f2,main_screen
27cc17724f2695bb8b9046864892af39,main_screen
2db5d0b34b8f840af1c24f6b9cc67b7f,credit_info
15c86605200e3de3e63815e1c2eb8d19,main_screen
8ca5c46c1b4e46d3a4fe771de15d7038,statement
4810d4218913cd6fe40166c3d035a90f,main_screen
024c645410d900ced9a40282078df9e7,main_screen
95311369dd2ff785bcd569f019e0b896,phone_money_transfer
67d3113bb87a7c988a7bd7a2062d6315,credit_info
ef0fc265500884b17e0786aa5000983b,card2card_transfer
4b22a9716d884a8eac498645272cb4e3,credit_info
602698db4774e2f02b70d18f424e986b,main_screen
351febafc73f9989e7ad2c8110be2d87,main_screen
57bbbd55dcdb1a0499d281223f114a85,own_transfer
b3b438d5e9d7bb0246d3d402c568fdcf,main_screen
d3e1c5b756f058892f167b2b5b94c4b0,main_screen
c2f3f870036277677bd57936f5b07cee,credit_info
002bb69fb668006e83567e84d4d0a77f,credit_info
a89461f1db82defb5db55759786e72b6,statement
889288bcc6c23ae4c869a244382cc596,main_screen
ad59701ac4261cfe46672cfec1f27600,main_screen
0cf20291f6b31f96f00d0a454d008db9,credit_info
7e272428a6afa502fff0e06787b03cdd,main_screen
7f4c7410a36f64cda2b3d90f2ce206ff,statement
5d3c0fd34dab95221f71b1ee3fbf5387,main_screen
ce0f808606f96a309c496098987bb55e,chat
d0314fd775f228eef5e47d628352478d,own_transfer
c4f4b90ae856764d81e290dcd89312b9,main_screen
1f2e5fd95bd0481f71b3049039ec2b6f,statement
2288e4575d31b9d20f2820a1db11f1ae,main_screen
d343f0f26cd6e3284938e480bfa8cc66,card_recharge
12b5b54ee2ba47829ad6a020de19578e,main_screen
b577b8e0f333fa5f75fa701e2f2cd2cc,statement
d944e430623bff46324d45996cbeaa57,statement
c83c9b46fbc7e8ea6c6c4335863c5837,credit_info
e8d5812dbd1f80e188ba4f53c870db1d,main_screen
5c6eaf92feff450614d922aa8182e3ec,credit_info
ef603569b8f58826d8b97d21229a8e91,statement
412de17472cf33df1b51166cdfc3a2dc,statement
f3c5af8fe5dfdd81e16fe03bd38f16c9,main_screen
6f8b5d9403f39d4f742dbac8c69fde95,chat
852666f2e51e6c2355c6cb8ef6dc5d0e,credit_info
36a2842befbdf24ec9f585c69898411c,main_screen
156ef3fcb4e87e523ce17b84ce25e057,chat
c4ef6ac1c367fe353ddb18e3e7eca9a2,credit_info
9f4e4b8bb94458924b065313282555c1,statement
0493a196a73dd481392d8485595b74e5,own_transfer
7bc0c6683c64c3f88ae40df2ec212dab,main_screen
261fff71c3e2ebc134a59edee99023e1,credit_info
db2f36d9e135b22338905abda83e9cbc,credit_info
e75322abf5757e909152d98f1571151a,main_screen
9fede361867149de9f4dad7ea3ffaac1,main_screen
9eafde8f34f1bc4278ebfeb310b73637,credit_info
479355db433cf7b1756091085dab40c2,mobile_recharge
63b62ce32a34caa3edfd471430ab946c,credit_info
4faa4fddc2894634a487a1e1adcd8087,statement
914b1084181d58e17a5c747f5f424182,main_screen
692523717f4518b072c0c11955935d58,main_screen
212461d1aa9694910eea6f7eb7b5ea51,main_screen
8b82f33596cfa9d838cc3fc764d19265,main_screen
6a447c4f63048a61bff32017e24639d8,main_screen
714e52bce75e33f476c9059f461c3ddd,credit_info
bff447b31c56b9cb3bf752af657da59e,main_screen
c3c0d62f847dbb162be5899a15318364,main_screen
e7b02d5295b5d6ab0097d27274fbbdf4,main_screen
ec4eaccfe9d333aae6a1e1413ed62495,main_screen
67a1372aa43715ddfb4ad4f807e5c2fd,main_screen
2a25562dc1ed660e2c01a6320f5ee574,main_screen
2384673acfcfbb7d40fb2952f51c998e,main_screen
859b79225f033fe932c043102d1995de,chat
8014d655abe6a6a038b9b9a940c63500,statement
4af372f83221388b513ebe34d4e9121a,main_screen
a014c9e847336189b33d3cde85208064,credit_info
3f7247c9b201d08420d4f0b1567ca858,statement
2a17417defe18c43ed652b6262986b9b,phone_money_transfer
0e4f2e0d24ef483c13db049ed7ab0da2,mobile_recharge
6b5ddfebee1df6a5cc1fb866a6eb88c7,main_screen
956727e98e2fd24e0eb7919cd6d46fb9,main_screen
71aceb9b4d93c2ae0d905ea5fc3f32eb,credit_info
ffd419ebb6acaf1cfc298e31b60129c5,main_screen
e5716ad11ac3421eb5a3f157490d8402,credit_info
7d31a2f5ec0d6b0352694f6fc6a5608f,statement
14ba340f6fa48059f75fb5eacfbedf49,phone_money_transfer
bec6bb5f0ee482086f066c6176eea7ed,credit_info
3989fdefc36b807a8737d66f5d19ad43,credit_info
08328c7117f178fb483799b9e5ff34fe,chat
1014312dc90ef9dfb3d8558e8d076523,statement
e482000c8209ba78315f6f46076c2071,statement
768e3b5b97599c39ae180d17eafccf31,credit_info
4f1da727b6ccf8ff3b284edd478f6f8e,own_transfer
2c5324f87745aea538085baa84d3c6f0,statement
723aaa1402c4bee69c2fd339afe25192,main_screen
920e1f0e2040c79be32420b31cf9a4d8,credit_info
744e05ba61ad3256e23da3f64cbfc9ce,credit_info
c0307f486f50a02b676fa7e89cbcc91c,main_screen
288cde80bc45a3632d982fa2bbc936cf,main_screen
2566c127a3138baf791e6f5c4ec52093,main_screen
a94daef19da13c0de77d751883b950db,main_screen
07d8799251092c1892accce815f631fd,statement
4dc5960b41946a2df5eb7535717f9e3c,card_recharge
fbd244b722adac7608bf7f3841f9e582,credit_info
e73e892318fd96f714cfed64f8b5ed8e,card_recharge
279d7e6ca9060c8254f7a1897bea4f0c,chat
e6c15c538beb1735cb86b16b210f7eb6,statement
350b542ad93c4f4e8e4d3cad19418650,credit_info
71eb7fcbbc2c1296045db277b639d79c,main_screen
5576fbd74b3cb90c4cc641f59b392331,card2card_transfer
e7204da4146478b522eef87b92383261,statement
6d35b2638c36285f80eac64e3bcdfcd7,chat
1d017371ab08cc60ca0dcdc117fdbd38,main_screen
c12aa30a3d917516e3e3e614ef257b74,credit_info
ac44d9ba8238e7404f9fb7a298a6633a,main_screen
9965ba1fdb9b2645bf3b88d4f4b9de56,own_transfer
6b9e141c82b7572a6f3f509e9669e40b,main_screen
a35002ecdd4f938251a4e5facadb9879,main_screen
c04ac7d96144daa60cdf4c5d10d19814,statement
ed30fcdce802cc33c4262e816fc988f6,statement
457bdab0a408c85b752bac774504d29d,main_screen
07294b90a81979c4e933fea54ce76ad7,credit_info
811c4900f0ce24a5b4f8911c2172280e,statement
94b40de78b6b9a495dd959d247639f6e,statement
d62963412e223723d01682aaa9975199,chat
603fc9ad5164f9e953046ced758f3cc7,main_screen
f569cd729db908fb4b52b9f3d7bbaafe,main_screen
f0d187d3cb148d18a105fb9a19551e61,main_screen
caef0a2938756aa99e93d2c4bc70cd0a,main_screen
2c89c2d42a9590f3e397ac6e6c13477c,statement
d53dee4ecfcf26f57c46d1b7b12a618e,main_screen
36c769bdebe0ea6ba57698bd3dd0f8f0,chat
ed8de89d6ab293c124912b7e4ed46086,main_screen
2a36bd41da0f2f84ff5b0cf7801e4c35,main_screen
58f07125c5c3c4035d1f28c97c80f933,phone_money_transfer
a0a1400e1d327092309259a39eabb57c,main_screen
8834ffc43172386c832a9d7d741aed4e,main_screen
3736f56ca3e8c6ae11973fbc0ea5f007,phone_money_transfer
35a59549bce9f91191d8c11a00ed2eef,main_screen
b8c9711a971d6d059f89bcb0198c5819,credit_info
753f912cd36fc668e83a07492d7b4749,credit_info
b19c21312ddcb4bef295b3e0fc0ffca0,chat
df3b4c2808426860db6df17dc137d9a4,credit_info
14d5d0bec9f2e216cff50756a713c2c4,credit_info
44859f75a80342de9a8da16ace42e016,main_screen
87f0df0f46f5266f4a9504891c7350f9,chat
7e3828e2f359beeee449440ea41a7472,main_screen
7106e1f01f92debefcd34654244cf171,credit_info
7f9ccc464d7d834a3bf1aebcd1c50484,phone_money_transfer
639d1e44695a8ef28a2f7ecfddb68841,card_recharge
02758697372316afa2bf98a691cc426a,main_screen
0419103a57d691da7facc1a7c6a798ff,main_screen
34e2fded7b1a7a206360148742ddbcef,main_screen
d48def65b4e5e977a3aa9e5500fec900,main_screen
adea4df49cc4f9a3661627d93d215d35,card2card_transfer
d97c6afd6ed1359abd8dca53024d1d81,main_screen
3c9e426fc1cc74d0723baa8a4535dcc1,credit_info
25eb16a2635699119cf2c79b56358fbf,own_transfer
cd0873a22dddcd84307307295e6991c8,main_screen
dc298d81f564c7598160001e0ca83601,statement
606a05492cdd26a81c481da6a6cb9a19,card2card_transfer
e60ba6684be05771b1873e8bd9a87d30,main_screen
e15e9e39bb7105a3bb72e3e752bae785,main_screen
0e124c2a40dffab0188686df3f17bc76,invest
2bd1255acd6d92c49134e4b336cf640e,credit_info
8115da7582c62f1b9bb5a6f736dd4991,credit_info
f976bd80ca55f8e6cb2aa9596a0c632b,main_screen
f60e29f190c8dba51906b01773906c94,credit_info
2b493131631fa3252a6403d79d9b2397,chat
419fb30210ff0a62f6052f9737704529,main_screen
3228b720cba641870b95cfed73bf036c,credit_info
338aa88006a2c04ef58bfcf909bd839a,mobile_recharge
f02e974810267ccf2b0bab374a08f472,main_screen
e211b24cbcb3b7c19e3f23c410418c49,card_recharge
442383595586d7f088eb6ca033ecbb32,main_screen
94aa6cf1f731d31eaa1c794cdd72e0ac,main_screen
657e58043bd9d36408f70f248a5466f2,main_screen
1932c732191038a16dc25ec09ef984f2,main_screen
954492df932c561ff27e618f70f2630f,main_screen
ff4a03b01d894e5a671b2c7be3ef79dc,main_screen
a198b94e7eddff0768adfbe56450f354,main_screen
a4e50c7bd62d01a30afabcec48b96090,statement
d6ecf512543a63e836adfee5e5230025,card2card_transfer
4c01091fa2748e7a9efa9c278e783143,main_screen
e4c713ed7d8529413b529c5b77ee1085,main_screen
c5632b6cf00c2d2d25211a8da5758947,credit_info
ba3504b98f811519dc604ae80e7a6156,mobile_recharge
ceb2d17bdd4cc4f8b4c23f3bf74dd27a,main_screen
67a5b2460c89baabb7b26b881d3b05cd,credit_info
4825536bb92137973b576def6a96f267,statement
08b7b72407096c621a63ed828fbaad07,main_screen
07b08b0be22e20d488fe343583806483,main_screen
5a2eec92f570bd597f9dbaa1cdef5210,statement
5551b364078f83ba393ac48d8b1e3d42,main_screen
b61f56f467b78b79af12afb4a954da07,main_screen
7ebe74a1ea9750a7e5b6d86ec89a0fc1,statement
26c90d04de7ff89c2892bceb33232a2d,main_screen
fea05cd623d4a11f092d703bb2546c23,credit_info
57860071aa489dc6f6d41e5a1ca7056c,mobile_recharge
4a6c7cfb4ddb4dff006bc7d7a2410f1b,own_transfer
93dabe675494eb4e30982c6aad37442c,chat
87e0eec0e74772f4fc0a95a0f7225de3,main_screen
58ede805bb475d8ee9d4680c38d82651,main_screen
70258477ff97aad694ccd5020695ffc4,main_screen
7c23fc2a5383b9deb059165d7a71d0b1,credit_info
f50a40323634861df2f56994302d8b74,main_screen
83806a94eec28041d1dfdc7517595de0,main_screen
3a01262fd3d98a2e1ea0539eefd38756,chat
618e3bcf73b99aab1b1982a2ceb194c2,main_screen
9ec77d1c6cf0a93146fac7dc864a908f,main_screen
0f031bece6cfb2c405fdaa5af4b7c87e,statement
3a23243ca170e872201f23e4b68f9baf,credit_info
52cfce2d0299964a482407b2a6ae758b,main_screen
940b9709d6ddbede507aeb4c11e5cdc3,main_screen
0963533c3166f26e44f5a5273f1611f4,main_screen
dd93f4384604c65f87b1c5fbf98e619f,main_screen
7769ba916a6b7a730926389d06a69ebc,statement
37bb778592528e6f950c012259009997,main_screen
1fdbcf366921de5189611eac0528dcf2,mobile_recharge
f38c95e2c4afaaca37de79f521538dce,main_screen
72810fa8219a5e8934a9da1782757d25,card_recharge
81109c93d493095fba8aa82875555ad3,phone_money_transfer
d46564ef1f9e55e3777389de66cdd98c,invest
bc9b4caad66f35d82f37f7fc2ea7f685,statement
4ad895481c85e2a7ae307f8de9db8531,card_recharge
b1998d82d7648685547ccea06cdc600c,main_screen
44ba1e8f1bf0e4db43868648e31a1c01,statement
b89e804f1638f57868d6605223fb2f09,statement
77c2b7049bf5dcbabdecb31980787b73,main_screen
e2ee0fc3abe57dbe5d1a26d145cb5533,statement
fba83233a33cd14e01f68af9066b361b,statement
c5ff8b02544400e5578c37dfe477bf95,main_screen
9fc073951e7cc9b6a43b1be95de5576a,main_screen
38adfcf6767c0c2f542881f3da808230,credit_info
4b49c7289c5c3a5dcddf870b1132fa16,credit_info
36b26dfb107fed37c72e0759db6be21f,main_screen
5b1e14f84602c19fbafbd729ebb28085,main_screen
fab9737563ca7c0d4b445c840df8c6e0,main_screen
03ba495a57fa3e4f6a78c9ad0b3cef5a,main_screen
9d97699ea6f56286d69cd2ca13fc8ba9,main_screen
d9f52cc44989ff0727957bbbb3c546ea,card_recharge
510f01b0d4ea642e8eb2b8b9de06c04f,main_screen
b05935fbbfdd7bed8285dfabebb11762,card2card_transfer
7e26b0b179f7533a474e3083d7b675c5,credit_info
372a1c8cb881c024e7ab7276a129926c,main_screen
618767943a8cda4d3a33dcd30aa95f9f,main_screen
d797dfcd064e2418638595967769da3b,mobile_recharge
69408a23348e1fd25d27a94c02523358,statement
c28d2df0ed2e6dbe45d391b40ac65bf7,main_screen
6e139eb3bb3832d455d88ab21a91b5e1,phone_money_transfer
2bb72b0915f49c59553087ef91b234d3,main_screen
53850a39ced9ce2a84ca3e3c38154d46,main_screen
b4ab8e266715ca368170d29c353a4142,invest
affdebd97b3992f14c57612e9f5a0311,statement
995ba6eac2cc51c01bd21fc493bc22a0,card_recharge
506650de02a586d814d6145f6b61a8f6,statement
8b22fbeb014c282e820334c3d1610f8f,credit_info
e93df05183b05dbc4d6da250542e378f,main_screen
c45d2ba0089b5696cc7f80d750cdf62d,mobile_recharge
9478b1175d261c06c9d342d864a76c85,own_transfer
bfe8f79bd2666bd338de60c40a8013d1,main_screen
e8e101f0758270f48f41bb4bdd88786c,card_recharge
fed37a8d31c5f43e9e4824f00854a54f,main_screen
7182129f7219cb3eb528358ff7e5f0f5,main_screen
3ab8483c319a804688bd21628316ea81,credit_info
e9ae593528a09d0e0e3e573042f00e36,credit_info
8e1db96e43043ed636388f0f53e65188,main_screen
a567f7c9b09dd03d9e75c074f8ce9d91,phone_money_transfer
9c71386a5c3945dd5d8acaac99f0bd34,own_transfer
03602ad577ab9690d103e7d76b553dcf,credit_info
ea3baf35e374f630c45990159b96c563,main_screen
88b0b6bfe9bed3061c14c32bd3312c7b,own_transfer
85d6dee6e4dc135d67c1800219a3e709,main_screen
5433374cef611b7899e058ad454c3754,main_screen
2b24604a18e5507b56dd10e91c80a749,main_screen
8743c1ef30284c4c3951f61702c6a908,credit_info
3e9ee2e0068edc6cd4ffc617a84125a7,card2card_transfer
4fc5a458c6e40f6173440f1c40d366b1,main_screen
d445b1b9029c07d22ed9949ff54bc047,statement
99988d955217381101fad4b8a2990437,credit_info
7ceb6ae8c6dec3e106dee2df643b3168,main_screen
c8f5bf02374664a0b4410e7716e86fac,main_screen
432bd3a3a8cbf98e3cefb5ce5d604ea0,main_screen
55523b6cda78618e999c1e09181d9806,main_screen
60299d4c17642ffe9e7c68a2c2c70a66,main_screen
958dee0405a8fd101b9e9a2cb3f41b99,main_screen
a076a3e1da9613500f618efb02e952b4,main_screen
6812b55b897e4c8f4b68b7b1746a8bca,main_screen
d562a5873a5ac72291b0ad1a74feb0bc,main_screen
74adfa7ca89a49c97ff9cf3742206266,statement
2d3c07cc5a836ee6af6d30992953ade4,own_transfer
a089067ec349cddde2850fc937250575,mobile_recharge
d17c96a12a4b1f92142260bad81b610c,statement
52e8f82d0c4bd7f574defb1ac204b7e9,main_screen
e3a2f84e84b72f8b6aa466dc8f83174c,main_screen
4eeea0047ae8147cd64a3d5d2461dcb7,main_screen
68e8cdd9baba7292f449a8bf0841709c,phone_money_transfer
0943b9482eed44905a3ac4369847205c,chat
3ef3c6feaa9fb63278db85e9834170fe,mobile_recharge
11b4eb02b499547709688c11cd9bbc6c,credit_info
612f048bfbcbd598045565c1818280a9,main_screen
0e5e1c5aa5f1983e27ae40b4818bbdda,statement
b2d28b541de2301783125c72dbe6bcfa,chat
201c89fe6d9b8f47bb0e8b605fb74250,credit_info
a05827e27a3d612fc695e3d9dd614826,statement
091d23497baaf7e7b12ad66589caf9bd,main_screen
a78ac91f2faace98e8893ae22955bdea,main_screen
e848ed81a69507083b0689556585281e,main_screen
8a15333167dc34c601f25c75adb68ba6,main_screen
f5840e8d41f674b0da74d38f4691248c,mobile_recharge
9f8d46e703484efaf204e1120c9f49e9,main_screen
e960fa20f48b6c4da1caad1de96771f5,main_screen
dd6e677ae61721f4cbd0786f1957e874,main_screen
c12a9a8eb43f81428610f4b0307ef957,main_screen
16e502b5c32ad10bf223f591ff90bfe5,main_screen
a6e4765fb3cd468699ab026b3d102305,card2card_transfer
ff2602a0dfb2f6b11d79142b5739fc0f,phone_money_transfer
af8214e43709ee0db26714053f335937,main_screen
72109a17eb19dc206fc972b8ebdc062e,main_screen
c55b29792625d3c67e69a1982fef0119,credit_info
4905664c2e1c43cf9145f7dcbdfaca73,main_screen
6d0a8c501762eabf36c2f82bde70617b,main_screen
957ebf80c9cb3976b8a3419b353cf633,main_screen
d7c90bf5a694cb9b3ebc85de81173945,main_screen
a603787ce2f70c97dc7cd0256f1d432a,statement
3109b32eb1cefb7e50265955210f278a,main_screen
95c0192b69349d036a5740e167d976b8,main_screen
1688047f299b4ca2579f7dcd14005c57,main_screen
abc63243291943fd59caf5ff1d5e1aae,main_screen
5d5ff6419ce902faa94a95ae18c14baf,main_screen
2ecf6c7026157fcd692d23a56490c66d,credit_info
2a832ea3bcbcbb45553589dd2b19379b,main_screen
501199f4d5c13d7afe14e2d48883ecaf,main_screen
4bb3e599b646d1d1afaa1bafa416aa4c,main_screen
0abb5f5d67bb198ef3eeb3627bf0890c,phone_money_transfer
3c5f4a0324cfe2780428876f421ff156,chat
1e766e83bc4f90a4a092a1b5c7a9f1ea,main_screen
f95b73585915678f44547a3b16e98d17,main_screen
83ed7688115bfcf7466e86a401000ebf,credit_info
8b223f49f3e81366161a8ed0b1335e0d,card_recharge
8486e7d07d0f2e4b64995c4b18e5ca14,phone_money_transfer
1083c54d425299b58ff205f049218479,credit_info
af2232805b40997e8242b45f3ea77983,main_screen
3c07e07777fee6508db8bf52f9e3faba,statement
bcb035ac36e2d72bf725205a896327c4,credit_info
8c042a15ce819dd5e3e7c84780b138dd,credit_info
454c78fce84402a78af467e8da7e6f36,main_screen
351bb686c818ba898d6552e24cf72b13,main_screen
ed60ab6de6cdf10397417e852df31958,statement
69eb423f5c7057ff8b9731641f869938,main_screen
fc60c1604efe2f42beee76c034b52a66,main_screen
24823c6976b86f7759b0b8e624c872c8,main_screen
3e9fc1d3b0f4ee2861642464baf51b98,main_screen
07fe4ef321fdcb56c1394359ec6b291a,main_screen
c968fc1735a0f676c5f671db6f5d9a6b,main_screen
8d248f82c465a1dbf0843f93a77417be,main_screen
4e9e0ba1d748f70de4782610e329da5d,main_screen
8d6bc1b31a1ca77601eebe98c6642628,credit_info
4138edd94472386141d6d702dc67d821,main_screen
73eeb4918cac88f7d38d2fdb20866421,main_screen
9c27acc935be1b39098b6338f5b601a0,main_screen
89d434280832465fbf418a5d2a301cf9,credit_info
eca9f6fedfda606bd1954f397b6519d5,main_screen
f9eeba4d1dc2c388142e94c405ecee28,invest
2d0d88faf31bf86134c9b5c87e6d7e21,main_screen
75bae61de891b4dc27720d04ebf170b3,statement
90360345c62d7fbff736d9bfefb351ee,main_screen
4bc06791cad3d14ec64f18c3a0688dc0,chat
0427ca69bb72301b05d097c1060ccdc4,main_screen
962ed9d6f50d8581e343304f96164d17,phone_money_transfer
211f54ccb37bec6ea6b9ec8f2ba0842f,credit_info
f84c72ef254555c316a58d5f422aaec4,main_screen
effa83f5ffd6e8580c36a82fc151e9d3,main_screen
9f36f540c946417ed98621d3e64f2c0b,credit_info
07ff3f3d7922c0733f9323a29dcf1810,main_screen
f791ba1dca41a45730873af1601c016d,statement
12da209415c5ccb16110ccfcb59ec371,main_screen
b3a5c92551c34ef30b2fca26262c524e,main_screen
b032d7abce88441efd96a5eae62128b5,main_screen
8eb6ee7acdd1ec1c312313a9231801b7,statement
3c67867335535ae67a0b3561b9b1120b,main_screen
bb7890684ec3f80b73cb5662f01627c9,main_screen
6c617b6de42f7d18f2eb3955e631e58a,main_screen
4d934e0719f53251a4284f73d2bd1362,statement
f9c5ba90178af982696b04ccfd916fe8,main_screen
ba74190c774e81aa2cdcd7dea0b824e7,statement
16101bba83dd0bff692a23d8ee6346a6,credit_info
3ba34aeb28ab9268ad4c69330729ba46,main_screen
9d18968b968e02f26ba282b03bc74a2e,main_screen
b980e5ab0b556f6e1271af35050d7f03,statement
aa71116b067546cd25634a96d8af6428,credit_info
75a77070a4ff6f4a22a8c2d31976b407,credit_info
86e6379b36360a03db54ac722bc50c37,main_screen
94269ed822ca95628fd18866180a9985,credit_info
e440afaae4568bfaba277adad9d9244c,main_screen
699b23d02b3ed481fdcc4ab853c797d9,own_transfer
604f2e479e079aa5554f19817bc1b993,main_screen
8ef287a2650b5638ceb5273a5d8e879a,main_screen
bad69a37be9a64bd7432e5e3c1fdab70,main_screen
670cd3bdba6cd24cb85bd964c9c71395,own_transfer
705de60a996a9da12ef6b1f9db8e4660,main_screen
1d237d94d5e6208dc517983c1a92d9a8,chat
5015e4090802158947db153367cbc51a,main_screen
f114ab97ddf739dde8b572500f29a7aa,credit_info
00c369e35f3e990c3114f6b8c2da5481,statement
48bd8f9cd320ad5e5bf94e635c29d4b5,statement
7d9eb4f282cc7298f0f3aca9d0483006,main_screen
f0f36d874c34ce6631dbebe5b9c1387d,credit_info
92a1d1e8558ad272f103b40e971a078a,main_screen
e8a31e11561ad37c1e43fbbb71615509,main_screen
9b52412febef42dd001eb12112490773,main_screen
fe3611b9264c578c0a24b1c311b9824f,statement
ce8e2cf21605240b21dd8a83e3a510f3,main_screen
359df5eee1df4dd882479ded39e236c2,main_screen
46f94ca75e2d77f01053924cbc4a4237,main_screen
2aaa4c97b058347d7a4e9f1b744d3780,main_screen
458cb3dbd0205b63559d7752a9916e36,main_screen
025a3a0184905b3e752588bb5c7db8be,credit_info
ce62c82080a995542f6cf4f8428156dd,main_screen
7a7eefa4a0cc1c861f5275a8aa965de8,own_transfer
fc880c0febd3ab09b51e810f53222683,main_screen
889a3c503631e791ffcf64b7192e50a0,main_screen
df5adfc17243760efa697d91279138c3,main_screen
2ef0d8b839aa33f0ca5c0de8413ddb46,main_screen
58aa6a622d552667696e557188e7e52e,main_screen
00943f8286cb315e13d2a29b3849c1b1,statement
87a93c4573cc3a4d64971763103354f8,main_screen
a70ae4b98b67a9d47ab4d3f79afd2c90,statement
ad21071c2fe51eaab307dd1680fc930e,mobile_recharge
d2a740b191e21937dea4c1b6adc7147a,credit_info
e5f20410380b4d765b61f20fc4ba9b0e,main_screen
7b40c9ab3690540b08a141c1b6b9a193,main_screen
00f32716bc62e41f1c7407fd8847ced5,main_screen
b913d2336ccf8f9787dfea1a6e42c9d2,credit_info
c0df44ec8c4bfa432b7ac1cd730cd70c,main_screen
c43c022d3b8d8394db120f690dc804cf,phone_money_transfer
00e56ca37e354756fd79a2a2f96f5f78,phone_money_transfer
0b845cd61b0cd2407eb38b7a14595506,main_screen
e38bdff27dfcd253b8df80fb09ca9d89,main_screen
4da3d257d5359a941456f1a62ea6592b,main_screen
ec457b1510c7412da5c099ae18df7212,phone_money_transfer
8703625070767d2f2c0b33d3fc581ab0,main_screen
769d4e0943dd026fca429f9c373b9329,chat
ac35a235bd21e4a659206c8a24a67943,main_screen
228cec98e03f410d17cdffe86247678d,main_screen
f86e6ca914f3286df9fbbba882626513,main_screen
b33ffcdae258d5f579bae48c03f0ce9e,main_screen
0e2efdbcd249b84d6a94a8a9aeb11d5a,credit_info
6c36e937a7249782adcd72ee5f5965aa,main_screen
fa318e33368f7ec11dd8f4b6d78a982b,main_screen
7d4ce1187efc1cadf9f5a79f6bc17825,own_transfer
dc50adc09191dee213d78826e0079ef6,statement
35c3a713ebae9f0744f47746a0294757,main_screen
e3a9a3e756da69701e79a1c289d51029,main_screen
551b34d68bf081ad4ff1893906869519,statement
9b86bf0b54d005857e23f6167f3eb8d0,statement
09f64c340a012d455ce30f31a2fb2bf0,main_screen
ea7c1d5c82063fadbfb9a9b27bbeb8d7,credit_info
bbc54f744367226aa4dc1e4790fe820d,credit_info
bf2f1c46ebae037a3e12857a93b5a5de,main_screen
db026c00ebe7c29530424debbd331723,main_screen
7ef7269722eb3f40be142ca9b1ca68b1,own_transfer
bc530b49c96e5e2a7863007731ad9ca4,chat
903444483fccd51f6878ae6de26a80f3,main_screen
61d20e39c2d7e7b70b710de88ab32578,statement
2eb7034a9bd71e83705f1dcc29940474,main_screen
78f62ef3890c047d37f3c497e9da4b1c,own_transfer
60b5da90ac244a7566dd29765e212f78,main_screen
67fcbf44196b58de53427ce56f05d023,main_screen
aab4789860e7628aeef07877d8d2dc24,credit_info
6a560357da0b1873036925cce05767e2,credit_info
23f59fb8725a5d1f8b54ca8040fea6b5,main_screen
505a51370acf131354b831a8c174eea3,main_screen
5fc060994ad57215ba58773c04c869a8,main_screen
b52de0b4339616b8d86bde84986e9259,card_recharge
088ed1b568d83b54a13d5fc64219c49e,main_screen
56b07e394fb92bba6977cd6f29720c8d,chat
03202da203edce5dc5aaa9fee55007a9,credit_info
1265f9f2403e0c921b687a66d77b8c9d,statement
c27271778fb6ed5aa88586390129f29d,main_screen
527b176a0645a50b66350d261ca8b4aa,statement
713743d681ef146d9190965fe21a2d00,statement
9100d908eea1c79a58ae1b553562b26a,main_screen
64cfbaa8d0f0203a7b54e12ae835b245,main_screen
f84ee9068fbab50779af1f5731e6c1a1,statement
149fd90f576dbc3a70d0b8d0040bf331,main_screen
59bb824749807934523e0a140479249c,credit_info
84a06657851f804661fde8a26ffb8af0,credit_info
c0f686c53e9baeceba7805c15d14c6e8,card2card_transfer
af1f0c306cdce9eebb746003172a2da2,main_screen
58bbbc89991fd86765d0573bc7fdc917,chat
d6611163baf1078d04b8e74a66e1378b,credit_info
213fc6694411586d5ec641154059e745,statement
697dd6fb5e94cc2f6f5337b7cf68b841,statement
ce73e43fead0da867797ff6d336c203b,main_screen
45c0476b493f404c244c993732d2848a,main_screen
9a2c13279b7db64922b34c3bdef8b198,own_transfer
4f8cef5c5f5291b41286dee9e2180d10,main_screen
e997b25981eb48d50fd84628a02a126b,statement
003fac38255044319a3d43b9775e4090,main_screen
bf44bc022fd8019d0ed3f3acfe4a83bd,own_transfer
b9261af5213036b971400dc25e50b05f,mobile_recharge
e0023cfe3810b38211de5d74c29945c4,statement
379f6f348443c6bf9568bc85b69dcba3,credit_info
d24d3d089e352aac45993f85438026ce,statement
e4c54258bc7c3a59f279f65e83c0c126,credit_info
a44eea8f472def22b210434953ab4806,chat
ee114459987ecf41002524f9578a81f3,card2card_transfer
a5bd0e50860653551869db27d45dacb4,main_screen
6af521abd3c846736f2a341c271bbab3,credit_info
50f6c47fe7d6d3e462acee7c1041393d,main_screen
48a015e086fbc6f6a7c1b450f8b3e77a,main_screen
262510e6818f588b222d93a6d18287cf,credit_info
341ec9ef01d1a56ff9915ab2dcd13167,main_screen
cc8b81046aede4fac9732f2ac5c40234,main_screen
6427cd96f61756287e466a1ec362e033,main_screen
0c0af3b6cbe46d265e22950f5c4c58b4,phone_money_transfer
202de67d47e9f3bd800876a3abd385c9,chat
9bb864df3c1055a9ef265e964e42b257,main_screen
52737226a575049e83d55444aeb9df67,statement
b5212a2e3414e96fecdc67ea8645891c,main_screen
20bdd6d525d1fad4c16cb628584bdd20,statement
e481186bffa6fb135fd525aa19affe2e,main_screen
ca1eabce9df73ae6a083874b4a74e247,card2card_transfer
4c5844289f2114c789499f832636dc1d,statement
a21de0692ca4fc2fe61e9be384dd5261,main_screen
83b0ac3df557eff26ce1834573d0201a,credit_info
6fdfd4ac7eaefd1365b994290c5ca980,own_transfer
91e446fec1ec5ac70ef708a8cb1e22a7,main_screen
8fcff5951b5b93e10d030796aa3e4297,main_screen
252088116293358ef2f93d2a9d715eee,main_screen
23ec7b53d60b990ec08f5094f020c17f,chat
97c917875cdd19289396d4c7b2a86dca,phone_money_transfer
d83336c885680cbd07b4cd9cae5cab9e,phone_money_transfer
43d50e5562e17b53c96be93e14507ce5,own_transfer
503959bda13c105ce2b10d1d23ac5e32,main_screen
9146612caab9b5af319a27c1c5164563,invest
a7c01eb9b1195805c7f46c82067bfdc9,main_screen
f483648aa1dd82d0fd4c8126952edcc0,statement
b287afb864355ad218ab98d75bfcf11e,main_screen
342ea1a160e29e4bdddb368cf07d8e42,phone_money_transfer
bbd56ced87647d3bbf359ea6e63b6026,card_recharge
50d405c13644814b89f1f3cfd7e05ece,credit_info
f2544bada33cc8cd8135b17224c904c3,credit_info
1b54aef526eba7b321715c2e63dadbab,main_screen
3684f8a094598f14228ae9476096c9d0,statement
4ff2155705a58e5f70512a9a68c282e9,invest
440c02f46b485566c1d39249e0e126b2,main_screen
ca9ed4abebceb7fec8c2fd79576b1187,main_screen
efb3d1f5bfb635cd449f97e65fc88a75,statement
1d4e0e94710faefd487c45e2ce33ca38,credit_info
08161d19b140977d23ffd1f4d25b1745,card_recharge
87c9fc8f3cbb99d65d5adf8b176a33fd,main_screen
89fbfb849df5b82632b3b3e25f402b41,main_screen
14b7ab591f2d0237bf794755314b803a,main_screen
af6e41d6e196b494570a5f6350ab4ed6,chat
2a07f1b9b08af57be24a9556c40afc6f,main_screen
365a9d6727ae499b642d24e4c4e6fbda,statement
47ee3437e8b50571a2f80523296e3791,main_screen
d7286ae8583ddfb1d4b178a021cec8f5,main_screen
9cba8c42a8a5f94632c2704a147bbf66,main_screen
2b765ac1e5bfba1b4037303927c84d3c,main_screen
de2e85c2b2366be98f80e10714296481,statement
4553a78f0286eafb4d4ae8543c024eaf,credit_info
524be4f4a4583bc1e44ede4ecef6d073,credit_info
a6d494919324c301b4c65e5c5433332b,main_screen
676b45c2b6765a0a0c3df21ac6b5e4c6,credit_info
087c841be612642ae56ca95a72ec5e6b,main_screen
727b16bd9251cb58e1d8479d45be6a1b,main_screen
d75def24dcbb9f4f24503f3776aebf65,main_screen
e0ef795ff07e2298097bcdfb8a7c7877,main_screen
fb83d7a8499f64d85734d6129e825ddf,credit_info
1499719ba14cee481766cba658b8b3b0,main_screen
aa2905f3017cfdcfc3b9cbe75f15a6f9,card2card_transfer
e05f49bbfb48264e4d95383dcf9ef5ea,main_screen
430adf80e6330027fb63064a357f0632,main_screen
259d3db4b8c00c5a63e68f14cd121043,statement
f32f867975f31edc62a7c9edb41130f9,own_transfer
d594d61bf9cba8ff692353e997fc58b8,main_screen
1905eb5f6820f54e5b9a65ec3265a07d,main_screen
5edcb4874d5c6718182ff3c9ef965c22,chat
1b9d7c51e31456ea6b47a8a57f26786b,chat
8bd818339eacbd8243245543a6c66c40,statement
24db3629e1e311b1cc7bd2be35a8aa65,credit_info
87f68975a496595bb86f97836c92e19a,credit_info
e8278ca2127b481d5fad33e5f3cbc6a0,main_screen
623b3754a832662b744570ce64e5cf03,main_screen
924239e6279136069548c55ef3df1631,credit_info
06ede67d89845c6cfa1e19b6e734a78c,main_screen
cd2c3d2684855e60e3582337366ee9c7,credit_info
f02284a8024b9c726c173640cdc36702,main_screen
525f145b95091bfba850cb4f9c8e909d,credit_info
8c8e416ca26b42614980ee05d6e980da,main_screen
d10faf83ebce25f455a6f5c7ed240e9e,main_screen
dc6e2db358f9db69f84527f3aa893a41,main_screen
5cda3450ed917584a6f1e90857ce35ad,main_screen
6f29764b0b8f5026911b06356a4d9cc6,statement
b143fcd3e01a1d8d89daf5fdb1c3738a,main_screen
8094d57111480d9182594e85b02976a9,main_screen
9cbb6c952ed9b8a6f83751cffca2c902,main_screen
aaaf84601981dc38b923ed1ae4109378,statement
424186b163f9ca5ff44a650c67aa1743,main_screen
4a2d2738669c2fe593d7f27a63908f16,credit_info
68493ba470fc2e0ef31480feaa21ed34,credit_info
4700d5ba45cb6fcdd79b7681e7bb7272,card_recharge
3b729346524f82e17535158f2ca751a1,credit_info
eb325e0a48834c1538460b1464f042f7,credit_info
158fa208ac1c77c0de0c8c91737d0eaa,main_screen
63a9c34306bbb00d88614ba87c0354f6,credit_info
0df2c2bbb793e83c778a8991d4d1795c,statement
089b75467fab208276b1e49588b58e58,mobile_recharge
05759321580bd75f10994f3f859e947b,main_screen
c7e4dd8197fd95ed2f65f11f295ca005,statement
756009fe7c44ee7adaf5ef0186a237fe,main_screen
b867259adffe4a5b00db047f916faa31,main_screen
e2559b302742787479870a603d6388e9,main_screen
0271777724eed4d8f4a9c9d976a13156,main_screen
d19fd1bd8e641154785a8c270fccb9c1,main_screen
1e7cc199ae1967f9ed8fa6bbad2a89f2,main_screen
ad10753d3b07229e18e8de2ab1f6923c,credit_info
6f1939c541626de6b10fce9cd7093822,statement
513fc0860b77308ea37f5dc8279d6114,statement
e022f2f29daf3762644f8065385987c6,card2card_transfer
642b0b07f95d289d05a618d6a66c8146,main_screen
66b63e0bb2e9f40f54f417b9860c323b,main_screen
a2a049eef12071c9992a4824cefe06e9,main_screen
8afc034ba9333e8a43e0cf4aa7c7a87c,phone_money_transfer
99c8b2bbd8c0c92ddeaf1d6dd5376273,main_screen
1ddb24980ae629aa0e7c5384d78be351,main_screen
710a8831932ee0ce3f92565bb8cf53fd,main_screen
942d6393e95d88c68ec3092be7a2fdc6,chat
0cc6f46abb8b375decf4102bba8ef101,statement
fcfc973198f873acd290cee18f172954,statement
8c12ab4ddb7d29c2f942a140da4cd91f,credit_info
c05e4b0472160dabc25f78fb44ce34fb,main_screen
f0ad5aabe4a34f21036fb651a7376e4e,card_recharge
f2b4e8df0a0391dbf33ad7b3857ad806,main_screen
cef15ed70c184ff1cb2e2c1e48381ab2,credit_info
e687892d26609a2d6df1a871edb73477,credit_info
f9099633c820b4853d759fe3a2452775,card_recharge
a81b3c635ed581a6dd428eba2b1ae6bd,main_screen
6d25c5226a5727412afabf225e9ff16c,phone_money_transfer
96b49fee9431c34618d1c900b3891e86,main_screen
7a6848438327196cf8258687b4434f95,phone_money_transfer
ff65674dcf468834b84c200fefc03c34,credit_info
ea65764ff13a09667aa74e896c71a0ad,credit_info
164b5b4c0ffc01cc6049d9f2e0cc34d2,main_screen
cc111c63f2d7216c239944d923278a36,main_screen
bdb00d7bb0cef18d6b801210a2c35156,main_screen
8db10e0710ff4d315dcf6770e0f136a0,main_screen
d24b0e01104f841357beb1d3743c7098,credit_info
0fe16eeb6ec44c8c6634a8814e091606,main_screen
ed8987c7ede803d262d73e40fd7686e6,main_screen
3c1e2b865d57b15ad7bf8b0bdb35af12,main_screen
c01ef65d1abfb4d497501ec8ed889760,main_screen
8882d1a5557faaf6d5c165b164e6f053,main_screen
05363cc54d5e657ff4e7ca64372a4cfc,card_recharge
b587884529738ea3426162e0f7b7cb59,credit_info
3b5f2d1524e93d1d209e9131579e18e3,main_screen
0e15e60534eed122b5aeabd11dc30676,credit_info
f1431160da8c36c3cac1e1d798e92205,main_screen
d915a85820c09773d0b1a87ec51e775e,card_recharge
c9632146642c3648efc39c53140aaacc,main_screen
992d968eb9c73787cf8020540fd3de24,card2card_transfer
4772b0ec15b7c7552d991b3f7ab7d4f0,main_screen
6f5ee62ce8dafd74dd53d8f82e21bb9f,credit_info
4a944c60ba34c35163ecd24df1f73fb3,main_screen
773c88a7ca068138506a261f5b458286,credit_info
e56fdcc8977d1108e047baa6ec6ebd02,statement
8f8b0fba895b5da8a7a04e5dfd55ae07,main_screen
ad495618f1be9f6aa631d675ebc43a1e,main_screen
bd52f6c8267d65e87716a33cbfcb121b,main_screen
071408201b963bd3a5e79c8e26089afd,credit_info
12df9f2b7e330ebc79d9239306f61a54,main_screen
bf6857659d48ac079e7f2559d513d082,credit_info
6b94e04880a914e8917a51d19592ee28,main_screen
bf1700c77d675c5a048e9e81bad47139,main_screen
cdcb30a0fd851f6095a0f7420677720f,main_screen
78ac1055a4a4c324f8c307534851ca29,main_screen
d92e7c4421243f805bf13627c8c7c1f2,main_screen
f0efbaf95270077c4fe0b434872293a4,main_screen
7bdaf4f7687ac0caddc58dc0b44ea354,statement
f50b60a906d29fc5901834ccbe032371,main_screen
21b9619b9b326ee464492627a96a8685,card_recharge
2bad1e75e0afd5f7f51891f23c028f15,chat
0c1541a6793ec6d03f6dd8f0de443cd6,main_screen
49d5ee2702a871944e83a2c4353ba229,credit_info
f5a142b0316bd69b6c244d54375fc44c,statement
893c05b26c5eaca20a9eed515da02702,statement
a30d4b801267aa271197c0d29726288d,main_screen
cc79e7c6ce70c02837ae29c11e9a9b5b,chat
c5a3b411b863249811d29e499042eba1,statement
c97443db423bfaaa720d7c5860c42e21,main_screen
2bebf1168ac2a297a4dbb7b36761545c,statement
ae1140f1685c9369cc97e7a3a02ccb8a,main_screen
6c11a107ef5aee788645760c867cf80b,statement
b18ccb53a5b854dc33641af23f3df7f0,main_screen
0478d7f77091cdce537174dd167b2c2a,phone_money_transfer
e97c3e816baf22ebec2e4b961539c3ee,credit_info
2024a695e6c784ac9b18fc7f122c5439,main_screen
0fc3b4ac29895332fd55b015509e90ef,main_screen
ad911597ff8c94f2950b7794bf3d019c,main_screen
0b5862351901db85663c538aa990c173,own_transfer
da884271982e8692f3fb962abb3debeb,invest
3fa738ba19d820e78e09a5678bddc4d5,statement
395715d0c8a351ad31adaaaa3c600782,main_screen
4e96991d20a24ac5cc4b4c20991d3dba,card_recharge
0579a78158da07ab97b61638b0eeae88,main_screen
6b2091482957bdbde27d51caa0ee3b57,main_screen
b2cf1108663f8a0b3705e3c4321277e6,main_screen
003432a48440b8540136fc7353199a05,main_screen
8e6f2339ae5c0a1ddd40906067dfc2e2,main_screen
a2e5a1b321297448e97a416896639b96,card2card_transfer
7a697d7c8794e6b5e8480018886c1d64,main_screen
50c88363a5458ca4f78edb10bb949c45,main_screen
67e4aaf995f72a90ca4cbd5de7ffb8e9,card_recharge
39fb721334d89c587b1262e243ecf9ae,main_screen
ae15665e851b96ba35f8bdcc2619dbc7,main_screen
4e896c41075402c4ed591208215489ba,invest
f8dfc63f79bd0c919a14316a099d4c67,main_screen
3ecb56e838db185dcb4ad74992739be2,credit_info
97930737bc3262e6d6eeb167510e6cd7,main_screen
e740472297660a7103f7c833ab806140,main_screen
14344a80100fd17b2b90e19292d44629,main_screen
855006e2bee482afb18504be760b6c62,main_screen
ab56051d2804f5cdbd5911623752d714,main_screen
8c47a425163788998cb8a50ae77cf7fa,main_screen
ac301d351d25a54668273042a7b733eb,card_recharge
0df11200c8d2f65180ad6aa7e14da0f2,main_screen
63489e3a7bca612422677392c5258b6f,statement
326d7fab10030fb6cb8c95d358b2669e,statement
59683b14f7d399ef18491be37395eed4,credit_info
630a8f16919a539bfc49e8c38371249b,main_screen
ad7044d038e074b0638ed1b6ea85ab56,main_screen
6699c94660059d9f6a7c4de19240d5c8,statement
fb8ec68997ab25827a799ee8163b40b3,main_screen
0c99f742c89c5102f1c6d238b1918ae6,phone_money_transfer
2ef0ae154babd01ded228284f4c69f40,card2card_transfer
ea636c0a466a893ebe697aea625f9b5c,main_screen
f9b0562328e67b0ee1599a2032dcac5c,main_screen
3e41fb3ec3bf31f38cc1b8ba007c6d2a,statement
36103c869286dd67ac54bdec41a6b430,mobile_recharge
bf47ed7bccb9167800c54bdb96a2157f,main_screen
bca13047eb3ec4130e8237f2572b44e3,main_screen
3bd7ee3fc2a97d24892e13b476efec33,credit_info
6c777fc1f86ee7b5578b94f3e6b04ad4,main_screen
09888811a2d3338c512f0ac4f16ad578,credit_info
cd0bd2a7efae150b2cbb4a1e6738490c,card_recharge
c7347e85218cdef620fa69fc67d3ac43,main_screen
9da519e3e63b08d570dd9af9f0f5fcd2,main_screen
e31092363beb71e314f463ef221b55bf,main_screen
5592d9dc32d7d4ac297b7aef79400196,statement
9f5912cfb97efc5fa8e8c7bb4074b1eb,statement
1984f9bde00a232aeb4133388dc9a5ba,chat
3f1bbb2f96d10d1171baafd460922666,phone_money_transfer
ac0f0d389de846b9cde255bafcda96e6,main_screen
403781067ae00a70423c59bbe3a51a20,chat
66c5499c6594497aee5621660d6eebe0,main_screen
af5864c4818886e49d1375499c179604,card_recharge
de2c369fd9a85da51bb66976cbadafd4,main_screen
66cb8f62fe0f15471c2262b6e6516903,main_screen
9b095d25ca9162cb60abadb55ad022af,statement
61a79d951203cdb0115338ff365c9556,main_screen
17dd488998bb9a299c623d7eb822ffe9,main_screen
59702000dd2ebab01cafd0e9afc57015,main_screen
4a68a91932793d1c9e23ad42691e109d,main_screen
d46066720aab569a255e1bef017ab8a2,main_screen
bd72345c83f7d54d352c24162565df57,own_transfer
c18627e9eee70d34ce73ad7190b5a3c5,main_screen
7cd920bad7c5c1cd5248400d50dc3cc2,main_screen
01808c656f9f8e23b40ec35e3f03187d,chat
6c6eebb4f7ef2a4b55cd0c95c07db74e,main_screen
49636e3b65d9dd6fd7927952b5a30789,credit_info
ddf2aae6ff6681d8cc99158e6659efe1,main_screen
2eb765b7839e2b369d69eff4506c4f12,main_screen
79b94125d44c417db8e4ef3f71978b17,main_screen
3fe69b66f3d21c2607967ba0c6a5b598,main_screen
fcc099df0bcf6ec2ca6dff3665a913cb,credit_info
27484db7ec59753f44350ad211a81741,main_screen
771293f5975dcaf4491d4dbdac19c813,main_screen
c9ec3dc113a9218f4c3c5f932c52668b,main_screen
74fb088f1260bd90781bc3f6b369863e,main_screen
1cf869d0f5275ed5da0408c942429efc,card_recharge
143bc511579884e5cadaf13cff397679,credit_info
a0d6b61df649358f0d9dfea8e7e38971,main_screen
8c693a9f75f2c929b145be7efa4286d6,own_transfer
36007e2ef98c927e435e4ab2729162e2,main_screen
10dc5647683aa188cfd145f391fee979,statement
63fdec4a6b78c0aae6ddac6582e0e986,chat
96c89035afd5a76e3f77aceb16ca1002,main_screen
9784d662da621a89adbf478cdbd6f693,credit_info
79253622467759eb1b825610aa87030b,main_screen
d0a6b18b792d82ac476863d804e48e99,credit_info
25f0443fdfe053cf2c5098b74aec1da9,main_screen
55d36d89cea58fce9d0ce1abae4d0a35,statement
e36baf233642223ab80416e1084f2aaa,main_screen
9ce884dbed22e679717d617bc191fb7e,statement
407bd1ab686c119388694a5a1da8959a,statement
dc4ce545f52294180521b2e7e3beba2f,card_recharge
45cc1518584e27d06824ee519ee83b7c,card2card_transfer
1ae8580441f290bd7fbdcb2c3fce414a,main_screen
0d0d5cec570a1baa750114eb360a5fef,mobile_recharge
b2195cae625bf9c5a008b6747686efd2,main_screen
45d76ad2afab3b174404c91598a28559,statement
adf24f415b9f3546232ec17794ae7970,invest
f45e2964e2e76c9564a009d73706f29f,credit_info
613f7b4f1a3e46e0450766e6a0ab2849,main_screen
7062e0dd129f21c3894fe600f15e27c0,credit_info
d5d28cd6b4b273f7aab3fa91f89cd9a7,main_screen
5b573f6fef1201e8f33a68f86c14915c,statement
6895240e40ae40c827a29a2db4d34565,own_transfer
05117fd37183e30683c4b80380c93e69,main_screen
62434e9e65c9835f102259bc58c61e4a,statement
94a1a09bd111a0f223f669ee37098807,main_screen
8f27daf901034906eeaa9d1ca6d31640,phone_money_transfer
f1d4bcf878dc2468811254ccbc5f7a57,statement
804cae6a081353cba60939d18e1983d1,main_screen
27d15f3aef6c0d384db80fda36304f0e,main_screen
97f73f476bf7b297db106c1e99416f1f,card_recharge
4b7753219fa260b317c400f1d2b90b6d,main_screen
791f100f1d162b7cd65b3a06be3aeb77,phone_money_transfer
ad40e3680db9b8aab4467401e40841be,main_screen
93ff32aec9895b9e9d2d0229345847c2,chat
a4eca3e86a75f711f5f9da444eca40af,own_transfer
c11e5fcbd3edef5fadb7aeb1b1aeaa85,chat
2ec52470e94cf8b1d768f07275a63714,mobile_recharge
df40b21d39d2df3b915811a3d5ffc8d6,main_screen
e7f6f574513c527dde9dc5b50779fbdb,own_transfer
a523ade726d0f2d26b821f62bd8388d4,chat
ec36be029b017ff24de26a7008474a05,credit_info
d096da75e35e54f354facc8241e1b7d7,statement
5cff51c2071760c317c8245c765f8820,main_screen
5b3bd416e8214f122a296ca2e74fb4c2,main_screen
7d3bc2958767172276680028ca54b233,card_recharge
34cb1b64bf029d7afa9e2f5b1536ed36,credit_info
fbac6d4f90366f999164bc5d0a5509ca,main_screen
c1b7ae3b79fbdf72fcf82b0aa1461de2,main_screen
34a044d989262c54cd1539dc0475801b,statement
005fdf4afefc582439d639c657ea450d,main_screen
8fa26b2c5aec45f251ccd68b9dba4751,card2card_transfer
4b353fe68d34f9f06ddbc754298d390d,card2card_transfer
3b459c6a9c6d2f96956ec348116adb75,main_screen
0360a20fcd900ef8b176541e1ab38077,chat
598740347afff9743ac3c2954cb9b892,main_screen
c7400a16fae593798c79401c4a5bb7e8,main_screen
8efa4c1a8f61f1d867e20dbd17041dcb,phone_money_transfer
a17b8ee57bef92263368306be5d4a451,statement
f98515f2c77d74151b527de23a343806,main_screen
c8a627b31d8364b796c0a4742c55dbbd,main_screen
650cd0c5868aff8e4db573a3d0980c0c,chat
c28e0789458c848a9ed0b7ba0f17058e,main_screen
6865e87fb7c8ce59308d1ae506f5aaf8,main_screen
2a997955c06880cb982a9012330c06b3,main_screen
54ef66d35b78fc610e83e567dd7375eb,phone_money_transfer
cd679caafb433858a61e82d237069de9,statement
a327a1a4c8d3b63ddac8e3903df33e5c,invest
1fe7cdee3ce12a8dffec6aeb07410785,phone_money_transfer
240f4adfb981d1bf744c290a73bac5b3,credit_info
bc08fb7a675b610cf3d4058e46e0b53b,main_screen
e27ddc81afa57cb9beb7a9a0af3a1772,own_transfer
b813ee25123b3f13f228af0a95803c9c,card2card_transfer
0fb9694c289e5ad2d8eea899e542fa69,main_screen
0b476454810cd3457e46eef0ecb79162,main_screen
34156e7cb933b83fe740ba468b14ce97,main_screen
b9fb919fdad1b580af1c3e6b93269615,card_recharge
0cd7c61512881e3198e48a70436a6fc2,main_screen
1a4febc86f9959d24d23ff238d8478d9,credit_info
97f94dd8deb2f3e7b0ec76f715337b7e,main_screen
25bef6415415f57e231208d5112f3342,main_screen
502caa999ebe9b8bab8ceca29c323b05,statement
916a603ac573df979f5f835e7532b712,main_screen
3e3ceb4a8b780b5dab931763f6701a27,main_screen
4b83f0b77387a6265eb23c55644f7d26,main_screen
c45da6e1cacb40019c39ec63bc8d2428,main_screen
73002c7d69376e7dbe4031655c473d3e,phone_money_transfer
dbc15241898bb55344d84b88b4fed2d6,main_screen
58e39d5bea777d503ab37273f4b3ac6e,main_screen
45496710dd7eb367a522d052640caafe,main_screen
3465cceab25295a70698c6dca84be623,statement
4dbba09079c01a4fbd0fe1c3cca1e4d0,main_screen
d7759587caf4782f26461a4e9f18f2f7,credit_info
b9cf3a4df8b65f0a0f59f70feef6c7af,main_screen
6ee3766f196b60114f8e3c4ba3ac6c81,statement
c852aad9981e43f1e48962c8ed8bfae9,credit_info
397c506b8712b75ec1101e60500a08ec,card_recharge
db68bf13d300293e5c6cead76dc1e3cc,own_transfer
34fe80605d1c6c46cef07680212a2aad,main_screen
3679a61104947f2fcd7b813f5650c685,main_screen
97e601333d7b13dfbad30fec7207eb54,main_screen
fded37d66a75e518afa81f541217d5a7,credit_info
a0aae3edb31d272d14a5f03d04a86036,mobile_recharge
88e3368472cb3689a5cec9527a339c7a,chat
c179dc2477869039103ae7e576959ac2,mobile_recharge
893a78a34c8ba438478b4fe9f883595c,main_screen
9f08595405c0656db780ba6cce84cb2f,main_screen
b67f19e2a76750018239b51dc2dcbbce,main_screen
036b232947037f228455910f05a4137a,card_recharge
8a011e8d4e01111eba9454715c4eca69,card_recharge
9f7105ccc8bfaf969185ded5dc707c6c,main_screen
f0520ff29c4ea2084270edcb88eea122,main_screen
8b70a7bb115b388b92117a8ed2abe11b,card_recharge
406a493ff8bfc8a338172a28f55fd261,main_screen
ed106b8ba1adfbd0db7931f4c9faeb3a,statement
9495dc2becc8694ba63e48c7fd3cfe87,main_screen
2bcf7d0e0f3f2805cbfa25ad2ea4441d,chat
18aa21dd5704c23c3fc25c1afa300f1e,card2card_transfer
0921e69d847435093e4c860dcb8c8de0,main_screen
2e54f271323488a2a38a7c595a5c31cd,own_transfer
b4eb22ffbd4cfaea79efbd2e17e473b1,main_screen
3fcce226679971f8a46f672288697f27,statement
9c751e81800a0860ac1f6720a72f6d51,credit_info
c715a76bb41b3f07e88a1726c4d222bc,main_screen
9b4df5de1edc06e525b218c863c0cb73,statement
27b32bd12cad620dc87ad104f3eb8127,statement
b1eb4d5f76ad2a4d1bdd742c0fb6077d,main_screen
309d799c55e1b35eff09496a9e4b40dd,mobile_recharge
3ee28e74d59a3b613228deaa64432f0b,main_screen
bf1a64368381fea83574d11357b0e0b2,invest
71a0c540dc30df85bb88f09dca0e2d01,statement
53954f8463d01a9ab15a795ab31a23e8,main_screen
a82e36a8b07d1136ce76927da1f3231c,statement
f8550b7939349519fc5d578fdbf4b191,chat
d20bb5475369be6769b546dc33557775,chat
eef7ceb4d63a86e6467beef3e884a08f,credit_info
df03d35bc88a39052205d64b89ad60ba,credit_info
6463f106ba73fba9ff63537bfff58079,card_recharge
93d1e38a180c070fa06f2be322981e55,credit_info
9e1845aa1bf56ee2cf223915915dd2db,main_screen
b02a199c172985f27414f5db9c1f7de2,main_screen
e20ffb2b42219329e029f41a2865fdca,main_screen
8e6326f61ed56aeba13a1f6f0693de05,credit_info
d9c9c002bdf5d52782683fba9be43b85,main_screen
241de2e52280a5d2884b1fb33b97a53f,statement
5ed1cd295a0c6166d57b098924719650,main_screen
261d9b0dfdb78833182ca08ae42403ff,main_screen
83c4c889de289fa069c7475d30985a55,main_screen
d7b42621d2dfbd8edb5424bd947aa47b,credit_info
2d7fbc39be701f3baf16297c864bd7a9,own_transfer
fea123d30e9c56ac45b0167ef9601b49,main_screen
b29410ae9502db9ea1c9e2a43a310f0c,main_screen
551a947d459ccbc8ae3d08226788515f,statement
068b1d82b204f9fda2fe53501473dc17,main_screen
d58d06e33d6e89e00dc266957b4779f4,credit_info
ca1eae34cb76589d060fab32d2eef074,credit_info
b7c63431782262ff796799e7db6fd659,main_screen
25231feb4cbb6acb6165a0beb22230dc,own_transfer
c39690574cdd8dd53bd10c2ff3f613a2,main_screen
2ab4276d1297cc7a60fb66386e8105eb,main_screen
02e40f820f5f2ed45afc741c014deeeb,main_screen
b58caf270aaab46d0f952fe30ce33e76,main_screen
3197b98c089bf52dd978870ba5a0975d,main_screen
863578fa964062e00cb5d7ead312c527,main_screen
086942043197340c7a4648c70826b607,main_screen
018c63063dfd4656ed62fed45486585c,credit_info
64a93170a921770906baddafb12f0938,main_screen
623fc87df5b74551ccd204113845523f,phone_money_transfer
16d14c959c91264488095915c4b99f05,statement
d6dbd3c1375cf3e8afcef4a8d1a364b7,main_screen
947a64b67e0f1fe73e4f25b67456be3a,credit_info
437255130363b2dd6678f318d1ec89b4,mobile_recharge
c4d52fdf6e9c8c514c8217dd68f642cd,own_transfer
ced6a1027e98e2103392be4555beabba,main_screen
99dbe8fd224cde3fc83afb02e90c8c7c,main_screen
8b3ff3ee764a487d4fdacff98e5c1490,main_screen
6863aa215c236e5e15101e2749714b86,phone_money_transfer
85db118cdd8ac18d50fc4581ac59409c,credit_info
1066267731affccecab6ad2757ac68e8,main_screen
287fa034b25e0eced260aec15de2ab1c,credit_info
2e6860e856039cfde176adde5ab21904,credit_info
b06d687e51c81505446d2ee68c3f75d3,own_transfer
19b45ac552cfb3a61ad932f0a6926f2b,card2card_transfer
45cc0b45a6a36ed27bb69f023893e779,main_screen
c11e0fc30ec2dae2df73e6a6278fd6dc,main_screen
ffc478eb51ce05af0f266b59211c59dd,own_transfer
3d51e1f38470d40c01b80b75485fb88b,statement
4455f0c74fb877e85300594860620c27,statement
aa6dd8e70e85a7d1835b0a775bc294f8,main_screen
27b5ae1eba04b72b4f76fafdf3db8b06,credit_info
626a0f60951bd149e745c8e304114b1c,main_screen
74e81c01f5bcc9abe9ff2805e453c508,main_screen
b562de5e712bb43a138894235bee565f,main_screen
ba61751d16594f9b5e0973e8b9644d58,main_screen
531edfd0f34dde1a3f8696928e112727,main_screen
2bfefd5d70f8cc4dd41a45c0b7ebe176,main_screen
b1038c1f2837a3011bd68ec1cb32f414,main_screen
22731454fd0b0881baeecef1f94fb09e,credit_info
ab7e4de5b1c72d5f16304fa200fe662a,phone_money_transfer
95fcb21007d6cc1b5ea90bd0574ee780,credit_info
76b5905f3b77e968bc1a1d0d9316b602,main_screen
8c6a03eae117351f3329e61c26cbb103,card_recharge
df8ce474835f502b10454e0d0fb92fc4,main_screen
58367414c9dc131b5c381e191770332a,main_screen
584b8758f68b68ad965bfc4154f39538,card2card_transfer
2e16c44d693c5540cd2a86744d7278bd,phone_money_transfer
c25892cec29476b31db696ea51a4c0e4,credit_info
8985047396747653d7b266d50a8541c7,main_screen
36f6ac66fa1f526a383a8d15bd87721a,main_screen
e054af2278f0addd86587e0ef304d22c,credit_info
1cc33168923550aa5430e280e4ef0457,main_screen
084f2d2c9a56b1afe4d51622829a2d59,statement
d06ca853520a8be8326fa7e174691348,main_screen
5bc328e983758fc3593ff73a0574c380,main_screen
654fc6b8d4e9a556a35d52ca9f89c3ae,card_recharge
25a7bbc85da2f306c1fbf242c17bd154,main_screen
d15bc655b53127b23654f8a2b9bfd402,chat
a7083ea7ac6efeef734dfed1f107802c,statement
5c2483d760083dfb07d107d139e843e4,statement
4e297ed5da7c2c4dcf339c6066b3a69f,main_screen
b0d292dff6802576220a4f0ee31a600b,card_recharge
e2576a34a8d716010db8c0912bda2be6,main_screen
cea1a8152b2bf7127d91567aa3f9d120,main_screen
eaf974608b2a157b26e64179aef835a1,main_screen
c6418216aeeafb262d7632ea166c5ebd,main_screen
6052cbb4b3cb79f94e952ba93c819c66,credit_info
7da73df32b8f42aa630483f98c1045f0,chat
079569bfb4549451ac0ccfcd4e98e296,main_screen
f9964ad46c46d6fa684ecc17b7eaa00c,chat
944eac154fafccbba59f15a76c8aa55d,chat
10d507596aa85b21345ba572690c69e4,main_screen
fe568e1949237a6dab21ec5058be2a44,main_screen
1fdbed672ea5704df1c64560efc1d762,credit_info
97237a057c29f790a113d41e0ea88c08,main_screen
ace54d6b312f8d2752769b52647af54f,statement
1e24ee9a62983600da4cf9e8c5fa5482,main_screen
c3a5323c62c23f6e47ee6e7641046d4a,card_recharge
77d7571bedf68489ae7dcc858c53c031,main_screen
47cb9104f5535bc332ce1e2a48a3d1ab,main_screen
c4751b9e8226d0315d8d0f168a31821e,card_recharge
efde7c665bb90473c65566649c80e931,chat
31e1d887466d736d7e19a5fb3a62e7fe,credit_info
2caa8aa113f509fa58c0f4bd05954af6,own_transfer
1facbf1ced2c57e2a6c37a4e2d6ebf87,card2card_transfer
a8f106e68a5b38329cd7d7fdff680b94,statement
446687bb77707fa475ed868520e97c4a,main_screen
8306842bf41828ba14571840e5b4e39c,main_screen
7e56db6b140aad41941640641f1c66a8,card2card_transfer
4bd8e05c9236db6f39d7fbb83a317aef,statement
2f2d590d6c065d9867bccafa6c88454f,credit_info
4c97e065068d7438070d3f605c284174,main_screen
24f81a12c9376c710da7f10e4d3e0ead,credit_info
a1db1c844f0b428ef538e5f214dfcf71,card_recharge
89140142f2a504ce9af4798640633b43,main_screen
0b081f80b8c13a96ea964460aae80606,main_screen
b6f6355327f2bbbdf4e13fc5f35a08b7,main_screen
8dfce1f024253ae9c8ec57692d6ac392,statement
e1df79f44b38ad318a108916b3b3dabc,statement
b2c751127ee6e2fa20ae3bc49746ed8d,main_screen
493ba21bf068baca71bd50dd4d2567b3,main_screen
59317ab60eee0dd831635960d4ae6b94,own_transfer
0a7c118100d0bed3c7962e4ee1459d32,credit_info
bed132587b278a3493f05b0d42c52afa,statement
3f9a100f8b54801c94a0c20551026a6f,main_screen
8b451d91e5bbef52ee9d3344290d5385,credit_info
3ce81fd0fb202063d1f6d74c3353d414,own_transfer
b057d91f8e49b1696b937cc948e28874,statement
b4529b9eea86db302561ede905c358e5,chat
19f9a41267f52e3e9d1645c12ef70c26,main_screen
9b3bd9450dae777374821acafa013089,main_screen
3b4038eb545359d65fa8844138a06ada,statement
683455e96be794433afb0016f5d9983c,statement
589733496df58b0be7d605d6dbaed188,credit_info
1fc9ae6302fd89352d5b9742333843e1,main_screen
a3a469aa1f2172ea34d6459139153b2d,main_screen
1d82ff813bd7ddf7c6dac9673d946147,mobile_recharge
017174461e26bcae883ae91eada115a9,main_screen
4807442807de986cf116a50946f38e23,main_screen
2c72f2335f7738cc27b58a24dc01d0b1,main_screen
81cd9577e49896e46851fbe55dead3c5,main_screen
c49951f0ce286a7b7dc18331ef465ab7,own_transfer
98641c506f97768b0d382bbedd245a6e,credit_info
0dbee3cc071eb787b2c84e101ff2a0e4,card_recharge
1dad67a793ea4fa0026c3f756f44f136,main_screen
8bb52ec8d206498afa19408d52e05caa,main_screen
bf122ffeb53528c320a32aff69ac050b,main_screen
c87843fa7bbe0b239e1dc36389f0cdbb,statement
2de48d5dadca6910d6758d00cec61637,chat
e0523e260dc6534037489dd8f9b91dbd,card_recharge
c95dedfc67a25c7cdb82f776f79be161,main_screen
792f7ab407e1b409f0b1bf22e841b5d7,statement
812ff6cacdb56e3b9e315c2d05cb5a78,main_screen
2c39958f2526bb848d4f459eb1cdf0ac,chat
7841844b81026da3c5ea237d22da79ce,phone_money_transfer
7a29f1d11240f3343d42940274c88d12,own_transfer
7708a33f17b8dac984998eff14099289,main_screen
774ee94a04d2d5d934c5326eceff6f36,main_screen
f9b413ce886306319b1c80129b137ecd,card_recharge
aa48665dea3f447f9cf84dfc4b1c77ce,chat
baad0f24856c92205f24c9f7c8c74e0a,statement
bc8eaeb096f609aa3bdf544ed8b6e94a,statement
bf59b8655d86712aa6e006a6e6922c1c,chat
6b6c3fc621546a74f5920dadeab69960,phone_money_transfer
c518080c4959babfd007bb40e2f7e07e,main_screen
7914c76dc6eb173a1b6f814127dd6220,chat
d4024770b2b5226f99007947aa8449e2,card_recharge
1104073971c25bacc70b52a157f20511,statement
c73348c726c3aa85ee4221e65a0dd6cb,credit_info
b8376922e48cc9239247ae2666b1aec0,main_screen
e9e66554b39fd533b83fdd3c268346d2,main_screen
9f3e310998d8b34dfabae3ca38e40fc4,main_screen
53b91161c0b53d8822980ae6631c3828,own_transfer
2756b30cd9ee63dd2db7547a3a181dd5,main_screen
616219967f27508f85b30f2ceacd4cb7,card2card_transfer
5576177a793b9276248fbc2c862eac60,main_screen
52e555b5f35d61f1b2d70b4115ed3d70,main_screen
e17a4c5778370920096e705e32111c0f,main_screen
6b38f81310955a4ba03736cc740c4045,phone_money_transfer
509f4dc134e56d78e9be8718d9f72379,credit_info
19f967ae6f3b96be1690c9da9dc12900,main_screen
919dd6a2d233de52238e48c10878b560,main_screen
8b7d826d561f1817510d7a9375226739,own_transfer
a5c4d6cb74cbe8591cdf9713f69fa357,main_screen
f25fb826f1f26e2d8dc55163dc00b63b,statement
f16b748b75bc0af3c292df52bda9b50d,main_screen
7655c63c1c56a3a5d920c869d36e747a,statement
75df482d15e6501e970b6a36bc6ac9c0,main_screen
37b29ccc3c863037a1a33eedb596d6e5,statement
5e1f87b2363047ed00538936d5c91375,statement
12757277d172ad69ff7bdc0ec042e435,main_screen
d8b593ab5c3e09367591a47e5ca8413e,main_screen
21225cf5a5a85aae65c56a032bc40663,chat
3dcf8abc2b01839cf7fdd5a91b6bb0ea,main_screen
15175797f4f3086bc8be75b2dd214476,statement
8f35c6b42b101d567460057b4325ebfb,credit_info
e0a23693ac19d2f205823175538967d1,own_transfer
a191576f1cf9c6c1e3b38b4e5aa2b79b,credit_info
afd0f8222f33b9a79d62d965dffb7f42,main_screen
82b07ae85bddae7bde0f757800254e78,credit_info
e78a14b36445e81760d9c0b18d8414a0,mobile_recharge
8ed1940f022249933db1ac9c0e5f96f6,main_screen
a5cbd6f44184070ddbe97cffe6a27910,main_screen
17ab4bc19f41805cb79c8fd0b685af44,main_screen
b277f3b68c26813dab0117dd412b8307,credit_info
a052ef9851637353b257ee27705db90e,credit_info
0b64f5c5766c6ce4cf9303f66a036c54,main_screen
916324926c3baebbe6d1628031da0c22,card_recharge
d259b38b38ce36d4817dedf33ff9dbd5,statement
920e31e014fc5775dc79fb65eec74755,own_transfer
dcb0a4bfb24e1ae8a5ab5b5f37b89815,card_recharge
65fb69eb12b0df36b40e1f5ae7b4f6fa,main_screen
48afa0d47de42679fea0ffd1f6284b4a,main_screen
9328220205e0359d4725a44b5e9829fc,main_screen
d75966205837a22ec6bcb5678e9b2c39,credit_info
01a453b356edf1bf752d4d6c25b0a2a4,main_screen
4751160fdce614cab23846f734148b5e,card2card_transfer
2d4a188c5810feedc429525263e28efa,credit_info
0611e9ef4ca2a6d39dd87b9c7db1f2bb,chat
27a885b2b601ab9ede6bce1dabb2f25d,own_transfer
96f21dd20bec9cdcd01d0920e75afd9f,main_screen
85c4ed17f0ba81f336921dd1c0107e3b,main_screen
05266ccde64110a980ee3bba681acb0a,card_recharge
20686892475bb86143ade5ee47af3f8b,card_recharge
85b960835207265a66c002d39b59a573,main_screen
b760b13fb678544c013843d4af8a5006,main_screen
d44b257b1bf5b8a6e94e1fb6a50f045e,own_transfer
85eca797e7ba0489dde1aa4d962d7357,card_recharge
96f43cdf67bc3f4ece31c33d4765bd5e,main_screen
4f902c6f1d1e0d42d66899aa99cb0330,main_screen
00b89b5f09bb558e642f0c1e665723d6,main_screen
94dbe5cf8dca972a4ae08c2099943b73,phone_money_transfer
e7304d53e4ef1266e26c939de6a94b24,mobile_recharge
bdcea038a473233592ecfa880474c3e1,main_screen
3007516985dbc5a1d4ebf9efc27205ba,main_screen
fc9f7be84c426bcd595dcf2e21e033a7,main_screen
cb7860ccf16317bd3183e9f61b13ed08,statement
249ba497caa02ab0da271375dbe8c1d4,phone_money_transfer
14f6b916fd31afe57bb7f5104d49ee98,credit_info
bdc2a14b335324afe8e70f4df3cd518c,main_screen
45a34ed2bc6f4e3cd8297c7758a3b8fd,own_transfer
5653e0c0f3cee9d138f3fab48874270e,main_screen
b99b23d87039e3d10fd6c9245f542055,own_transfer
a0ce95655234c4e7fc08e514f530b0e5,statement
936703dba4724c5e0cddfea01072735d,main_screen
6654f5fe04fed99305f17ea94e3be043,main_screen
e881f2da3f194af424bc99654a93640f,main_screen
4b9f8ee7a98b4793927d87069dac841c,main_screen
6a7087e423e7aa96a26d8a4837001bec,main_screen
d3c3d21e3f3e65db9fab3910f0940c49,main_screen
c63ccd0a9c9d5930710e3f9c15f6883b,own_transfer
00df989438a47993518fa677bcbfb85b,card_recharge
39337ef900209a480268de4d100b8910,main_screen
bd881ed06d4161d533c86ed43e1ad58d,main_screen
9e304790f3b4c75f218dc4e97bb82f47,card2card_transfer
ba68e295eebe8bc5e08f158f7edcee46,main_screen
a3f05de704d92ea7ef56bcf0a54658ad,own_transfer
a62eea99bf1cb35311f677ff19ca77d0,card_recharge
cb766b06b88ae28c14567cb53731d00e,main_screen
04dc7a6af5b25ceb6ef09841c1a61c37,main_screen
7049dd158ca0d0a509090a7570da26dc,main_screen
eddc2f02ade409db7fcece5de612c1c6,card2card_transfer
f4b361e21fa183f46b9dab4b81ebc9f1,statement
7e7cb9bdd16983e86e3e2a819df609a8,main_screen
318a8aab7cc4e6b0d2ec5d5479180ab7,main_screen
0510da7f40df0eba87fb5ecd73bf337e,main_screen
3449d44e63ece3e028fcab1815c372a0,mobile_recharge
0d33643170617f07a952b1b7044d224c,main_screen
90c2db87fd56ab3f7ac588f3d85cbf3e,own_transfer
9e47409cab4fe10ec994903814e73567,main_screen
13daa7ee4720f3a6604132f903f5f7c1,phone_money_transfer
03edf05fa998acd7ad0a57f619ea9f70,main_screen
bf1840fb97669e21e303d7afb88b9b12,credit_info
9283caea211b10d54a13327f017b9675,credit_info
ad23f2baed13f859255052092d32b2de,chat
3f21afbb0cfda09c834ce67267539dc5,phone_money_transfer
ffc4038c550f13b93215d382811ea669,credit_info
501980df2d23d2fa3d87beb784c3f42f,main_screen
75c24d02271100d8cd343c19b4e2bdb4,main_screen
20360d1193123e5ece449e484ad8273f,main_screen
578c953ba37d68395982d878e9aba519,main_screen
47c4e937ec74c2445951c4d4fe87e212,invest
5d54622f64c9c62320fccbbb5c122a00,main_screen
09980421b5db3fcb7532b615f16f543b,statement
5d4b13aefc3bd51d9de8bdccaf2e8181,statement
5c14568a3581bfbe6df1c39068cd94c9,main_screen
cb894b7cfb8911b429269107198f8492,chat
4b9c6b7ac322a21795e766def9bf2de0,main_screen
c7347f7e4dbd81cf407abbabc1c861ba,main_screen
5ac79fcb4a31b77fe91e92f079fa474f,credit_info
0c47e5b8333c2208bcd74fa3a10dd416,mobile_recharge
cf8b8b38e5d7e1c38793ab1920b550a7,main_screen
3faed360a7d5ff9a0091c7c8eca1ef40,main_screen
f83284b7f989c12a9c3361dd0aa515bb,card_recharge
98cb0574d9d843c4edcb9bfb961c2961,statement
ccb2624ea5fb6507b0187405b5ad2543,own_transfer
5e9c8ee3938bf5b54f03bdedc0ee3028,statement
56a870d4414c2b5ff8d27704118b4a5e,main_screen
b55c71a128fcb91cda8eadd24558b077,statement
469a084b7a3dea03ecfb61de7b158c94,statement
68472a4f58e5957191b335ae338b3d4a,credit_info
a30e47d4dfb6a97d4b4aa420d7adc28c,credit_info
e4e4b5e3849bdf68e0d065b8576c269b,credit_info
00482e5614042823db42f9940d6f4e7e,main_screen
4a6b39c4316b3c9c9af25e309c96397a,main_screen
2e6810d27124c58ba9aa63a27dbb7134,credit_info
9fe132062901e08acd5a5756ac829559,statement
24ebc2e450edf83237e005aea156340e,own_transfer
4f94cac68bd0b424fd675d64f275e468,own_transfer
5797ac749a828a5dfcb515cc1ee39ce6,statement
734e95c56ce36f44ccb023d0e4804331,main_screen
fd983efe1be1a480254cf347cdc46c51,statement
659735ceabe28608af3eed1d0f13ac9b,main_screen
e5d3fb45c62b83171bbc01212555aca5,main_screen
490e74ad0142051cd5fdaeefe1d3acad,main_screen
9644dcd230f187751013017aeb479f4b,statement
70f1ef05afb97f3d6f4f9be0e785a3f1,main_screen
e165063bc185fd0cba203579a8cb84b0,chat
f6b462d7e3f5b0fe5980676119801980,credit_info
d14563bab7cd5fb06599eacc5508738f,main_screen
5ac7435cf56249f38a6169ac44705d29,own_transfer
501526d7988cd65a94fb92bddd748847,main_screen
6881bc990c9cd5a3653317d313a8398c,main_screen
a9d2a0c8c7765a9606f9ad8c01d6980c,statement
d1fea4fa2d336abf26053526e4b5d96c,credit_info
81ee84dcf81c5e8ec5a73dd2d34a575c,main_screen
9f8d1eb9b284eedfe6dbccda8c880fe7,phone_money_transfer
e2dcf4a257e61e00775263bc5062ce1b,mobile_recharge
b16f0c7f958b7ead940a378d1d1a72ab,phone_money_transfer
b19805b82f29c6f414af2e7bcda4f410,statement
8bd908694934683f800b71ef6f2857c7,card2card_transfer
52a4525be948df4837c5b1595abc7ef4,statement
956575e9382c827ecaef1b1ecf04146e,main_screen
c882ff4cc6cc2900dac0633bf2fb2521,chat
292fe7c5262d179d0ac1c66292a2f9ca,main_screen
9c499c2895b9b80e4de87d5e1625e730,own_transfer
da9de89ef65e69f5e7954f9574f48e5a,card2card_transfer
ec199cc862acbdbde9f47e95980c2d71,chat
34d0abe0e61eac6a3d6ce4cf423b3caf,main_screen
9a0d4e35b17a5d08aab7eb52bb3077a9,main_screen
29ce8d2514a649ed46e3d97aebdea59d,main_screen
937e669fa3681ec4851e0d5868be76f7,credit_info
ec702cfc6704813f176f5ab1f607dfa2,main_screen
77b53255a9f80ab68fd36fdd550301bd,credit_info
ccfc0f772210957ef2afd45cf41827ad,credit_info
0adaf2ec0a855a7845d4213fba4c12d9,main_screen
92a38e685e6dd1fd29fce6b44341a971,card2card_transfer
e16add1c8a15bb26ec7c2ffe0821d76a,main_screen
8482be57c2a2e0b15d0b0593a1ca1ed8,main_screen
c62e348755e358c4a1ee50bf28e9f7c5,main_screen
8d9cfefca123ada54cfe60c20395e8da,mobile_recharge
ace9eb941b95450fbd1deef1d1461ca2,own_transfer
f3fc23a59101adffb05f74cd2d5bc8b4,statement
7405e5a8cf14d8ffd861d302772773b8,main_screen
f3892fe12776edc06ddcbd0d5570878d,main_screen
980b546f280ad28d2ca922fb8d566331,main_screen
311276255064a5de9aacc40469bd695e,card2card_transfer
4c241a881c81a347c7ba9bc8c1751bab,own_transfer
c217b5809aefee333033ccf9cd77593b,card2card_transfer
2b4fb4feb39b421394be09f61ac69782,main_screen
1372472c319852c7fc010d96469e5629,mobile_recharge
56ab52b02de632e73ede014b5e315c30,main_screen
198772d11a5636991e2cc7e3d8146014,main_screen
40edac78349a6fe914f7975839334150,main_screen
ed11fe89cb7ba11e72354b1a122ce685,card2card_transfer
96f3b3b077c1996cfa7492307b808ddd,mobile_recharge
7c961c855e9dc81642fb0fe7f58b94d0,credit_info
fbb47eb4ea5ff5417370d1b85038f9cf,statement
dd5fd89b1c6c8a4e079f87da431ba891,own_transfer
798b1f58a4488012f7ca0cd2c1e8b459,statement
f1cd7db395868389929e7d626bea5913,main_screen
216c85e6effc873b22c507737360783b,credit_info
b0d8d7fa1d99a2a71a2ad6f297889f62,main_screen
07d80343873d2fb64c31dc7857aa18c7,main_screen
69642f6faa12c6106ef142beb75e6928,main_screen
b104dd9e9bea128b092dee8b3f52e557,main_screen
6e56d0a41efa402c7abb8a87e4a9333e,main_screen
26de813e43631997b897dd514f1209da,main_screen
1191b3513cee03cc97cd58a1de1c899d,main_screen
eb193a843434659f275612e96f6ff68a,statement
b760491e54049ac21363c97907664e06,main_screen
3e28226a899e55de2c6eeffd4d24e59d,credit_info
b32c488298885f4e21fa1ab3f4075b48,main_screen
12cd99ad90ece7c0277eddf4bb04b0bb,main_screen
6ced7915b3ca9034e86171404c5bdb2d,statement
bb00c059d67ba9ca1d51084c6fb964d9,credit_info
822d468f58d05d1a660a824e0176dc95,main_screen
b3d0c6f32e4a2e1190c12371e94e4306,statement
49ffe8702c2a612f2637530e2619e600,statement
3df83b6f272ec2b29303f2193feaf3b7,statement
b3dd39451ab810689ac7fbad87a751a0,main_screen
2cc6a456c9e5557df49fed22bcf044cc,chat
a0507add32cc33a3e53ad09515512c1e,statement
0aa8d7c5cc0a464091fbbb42181db7e7,statement
93f40b7ba26f3e340aeeed0d1cc7cee7,main_screen
a8361eb9c7c1525b76a405a6bcd1dfc1,main_screen
3f18e87545fa3aa13896e1add4897338,main_screen
02a0f31dd588aaeb1271079dd99aafa6,phone_money_transfer
55e8fa6b2a2d26a31c8112c77d7f4a72,credit_info
20e59b4e650fed7f5c2e1b908198a142,chat
05eba9775425321c07a7a38e3482ff17,credit_info
86270443751f59baecd90596c869030a,statement
522d53d1f968270c01cc2a768b74c25f,main_screen
64ba2e52d27bac85cfb6e3d0676ef566,statement
4d0b05223e5275e99a14271b9cc0259b,credit_info
f4455ab9cb7716abc72260bedb9e231d,main_screen
7f6c15980fbab4ce21cb19a3456018ee,own_transfer
c9c9c521d05e1085124c8e5c0a8e3982,card2card_transfer
59e65b43d529a9cdb7f1063cf777070f,chat
af445c26f8ef185ef49c931a4cb3f567,credit_info
ad005ff74e789334bc7725b6c30f11b3,chat
18a5efa8b9c753c186bf17f7ccc0ae09,main_screen
b63ea02de6e193f6c4eebd3f78d7c840,statement
d5568a0cb8569a7f7b1a1439d8e124c5,main_screen
c2da7b6f6fa9d923d45955fef4b4a9dc,statement
1b17d5478145feff0ca1ed138e57faf5,card_recharge
547227ce1dea350fa186f5c94888aeba,main_screen
8cc3e65d82a46a115e9ee36a2d07944e,statement
f9dba8954960c44274fbec41fe8759be,credit_info
e116301b1ac0d66b1a932eaf2cb5b0f4,main_screen
a91322669d4c70c68ae0f444fca72e21,mobile_recharge
c52a21821c3cb2dc9c8fc0e49a333497,statement
82737442ff4befb3bfabc3f261b9b051,statement
adcf359b331806ecca191a7b65d8add1,main_screen
06da62548d0de94fdd7c120b5e73be2a,credit_info
df65f6d85bdf84d29a5fc5d0ca7806b8,main_screen
90a23fa3b24d6dbbefb463bc0e9e89c2,card_recharge
fcff1b783336d4f9d4b44f3558b98d49,main_screen
edfa9e06edfc84ac11963d50585df209,statement
c9d6bedf3008a0c713fe7b43cf11cd86,main_screen
2861559357fde03ae47e662ec0aa41d2,statement
712d44b2bf3527f09159e0b888f2b187,mobile_recharge
00934ece3fdbf9adcf511f05e052c225,statement
c8fd85428421a8446831239a2d1f85f3,main_screen
6a40c810ba17cf005cf007735a157106,chat
7ae730e24e9a584b47c521460a151064,credit_info
47637f56ec7650859e78e4db630161d2,main_screen
8297c25b46aa0163a0b36fad58bb65c2,statement
35182e88cdef5d5174a00711e1110f33,statement
e776ad4b044e997a666de14ce6fc08bf,main_screen
50d4517cb2a3add559974a25f6eb8733,main_screen
334f4cfc808e7e8461bafe74ceb8e20b,phone_money_transfer
d3e5db90c542683431e313135cdbd8cc,main_screen
00ce0986768b18f70f0672c919f45a26,mobile_recharge
51a2cec54309a8547edc6e3888a64e11,statement
a4a48ebb49487f27e19acdc27c23ab52,main_screen
a690d4518fa52ab2bc72a920e74d5a8a,mobile_recharge
9398a1fad1c2da04d3e686fae07b2738,own_transfer
c1eb81fb76c66dbbd79da4e42f736841,main_screen
5573c2742bcb6a6668792d448d6e1dc3,main_screen
3540acc30c5a22a9bcf69eaa4a589256,own_transfer
2bdbcd573e1a7402cc7b3f6ec41ef30e,credit_info
c2cd3179542f7ee78b2ed3df8f73c5f1,own_transfer
d944b9040512d7ceb65e3c090dc5b1da,mobile_recharge
2bafaac02c676213134e76604c44822e,main_screen
5748f1676c68130be6c3331ba0c3bbc8,main_screen
a6afd0a47f1c42881c1ff811a86d1ac4,main_screen
3cb64d556c6750895398d57547b5cbcd,main_screen
a7c63e1eac1b52335c431815df77185c,credit_info
f1badcdbf01d88bab04011508db649d6,main_screen
cf97859a9a2edb43bcde5a18951ccb0f,credit_info
6365098bdaa86a0dc3cf1f32f999c031,credit_info
4281dce596759dcb53ce8466b5295467,phone_money_transfer
6314177f58594ba3d25a050b18f2b6f9,card2card_transfer
dd747953ad8cd18b2aa3929d1fb621c7,own_transfer
cf239d91d10b68166e67164b1676887b,main_screen
e0639a1ffe45ec79d0318819fd28d9c1,main_screen
0a2fd76b7707044b5c3a45d59e5f9df8,statement
45d88bb49ec6e0e27eba61e7957f12de,statement
f9b7ea0b9ee5a4d8ce2f113d70d804d1,credit_info
cb526eededdb51361f0613bc55797b0d,statement
7346fb18569fa5c197eccc8b8b3510cc,credit_info
cc4852d2157e9e1e3816e7a3152bda29,main_screen
fb540a8279b977c2e7f119c48b209503,statement
1060c6b2440bf49ceca1201c8f58eb47,credit_info
31ae18349a3cfef5ca8fb8885b9d0957,credit_info
375e225ea6a6d5acb4df0692e43447fa,own_transfer
5bdc7f8a85d7ff79487762041b6ec69f,invest
f9e98ce3e9e0767cdf9797d84d735568,card2card_transfer
d6644c16f81180cf6f5cf5ac43abb419,credit_info
47b4d956644f76e256a9f0066f2878eb,main_screen
d3dcb7db1312762e11aeef8de150f21c,statement
1d573f7297c45c6dd1a6ce5f9705a6a6,main_screen
eb78734a8e037d2684c5339a67978ba2,main_screen
c8c9afe6aac5a41a7882e86732202f9b,credit_info
d90c1d9eeda5310c1e4b252373a2f701,credit_info
4409505e0584e3b3c62996b4106b0be1,main_screen
af4fdd432ebf04fc36b4288f9c8a5349,main_screen
863f59f98160dffb2e2035e7cbab1030,credit_info
ef668b48d778bf295f324d4490e6309c,chat
9803f797dc568d89345993091a3ca04f,phone_money_transfer
cb4497aa27df2de7e6068f5272bb930c,main_screen
73f8dec1ce4b833deb7b98a28abdfc9b,main_screen
c08115f92e23554512b672cc2b25f38c,main_screen
14641bedf0be109d65728d850b4eadb1,statement
b08022fc504c20edbc84f3e9cb5d625d,main_screen
c025c59d809b267954caced6b7392b9e,statement
374b4db2aa8b204b0f5f5a15343de9cc,own_transfer
53a06e0d3df5f41fadd2f1f77021d0a7,main_screen
e8d010bd3c91310927a85158ae467552,credit_info
177218f0f981f4bd8aad380616df41d6,main_screen
3a07c6c8137a6cf016c77063427e41a6,main_screen
6541b3b6bb70a880574d61a176bbd22e,main_screen
dd32ede17b02773fe5931df438085869,credit_info
0f27c9118207ddd9c6c5352db91b119a,credit_info
2f7bac9babf391bc8e591868c9dfe819,credit_info
261e567c1809f5ddb3f89958815eb43e,main_screen
65ee720f6bc2aa9aef587e59db6fca2c,main_screen
f073874aa5b07fcf71a7e937a8f5fcdb,main_screen
d51c3556254787461bcb8d9cb13355e7,card2card_transfer
1f2b4099d31701c8328f882292340a5c,main_screen
88602f56086d4c0bfad4b6a6b9a1ebf5,main_screen
b79654df9a7d2d03da3727c67c1fcdd1,main_screen
989934e527b2db545182f54e688e4db0,main_screen
50680d5e88cae8118b7758e10bae961e,statement
4a5ea0fcd6e06a258b949925484439b5,statement
55da16b0f3afc9a3c2274827c6c57567,statement
76ec1f148e4301605cf7c5f225f9092c,own_transfer
733357607477a2c2c8222b98b33acceb,statement
0280e920e5b63305f6dd3ad9225f138b,statement
06546475ce0f395ca30097a5973a424c,credit_info
28a744d9da7c82d9f397af14670521f5,credit_info
f5d937db2db5019a8b64a18a2dabb832,phone_money_transfer
c92b54ac02fedf889edf210e1cccac40,credit_info
d08c994443a52e9f7745838dd57da66a,statement
22c0805403ab6117faf257b6cffb7831,main_screen
7ceea9161f3b78697ec43f79fddec5db,main_screen
7debb7e20a562c2b0345875171730e9a,statement
f886203fde7750478965ccd31a21ab2c,main_screen
3e81157d73389fc7c1b5b1b07481e987,statement
6b490c8b0589db453553395db5dd38a7,own_transfer
a9c7e1f2b1d18b0069f6f32fa5b55031,main_screen
1b09b0fc51f527b3aaa6702be051b17c,credit_info
583a0dc2556bb0d2a220da2aa2af043a,main_screen
ca07b3a5a41ab73ddadd17a1bd815693,statement
4fa25e33af3f755be62c2a485a4181ba,credit_info
f2a1d463197774e35cdd7c5c68c49d15,chat
e9fe5aebd33c0f9c0a8fc370aad254e3,credit_info
babf1f348eadafca4aa0fa813dadea1a,card_recharge
996e92ac412b0b8e01af2f775aabc301,main_screen
55297c14b9bbc98db08c6a6ade6c590a,mobile_recharge
867209053f8f1a280d6d3570fe4a7539,credit_info
d9cbc7cd1581616d061b029bed39b0e1,credit_info
25df8f18949fa0b622ce00976d0f2f34,main_screen
5b0b28c39e9b7bcc905dbc1bc2e4fb8d,main_screen
90cca20a33755630f1ed4ce76b2381a2,credit_info
fe162d07e523e7475a9ea2b5c045e3ad,credit_info
e12b08b969083f5b3e481be3fc340293,credit_info
d5b9b991d57eed9c2d387243ab90dc54,main_screen
86ce380891b2b94bee36bda64554eba2,main_screen
4b2b4e17c5e3fc2376c0e536fbb38685,card2card_transfer
4fd362dc56063ddd959d8c8d6ee41a14,main_screen
717fa47192de7a161f6ea91f4910474f,credit_info
796f6921bdfe70487836603efbecd7c6,credit_info
201771159667a5ccbd0ea813afacc1cc,statement
a124d00b7745f6e66fb578e015061426,credit_info
a5dd4744e5b32ee9ed39d9e018e847f7,credit_info
58bbd4fbeb85bcfd0a452dacdea42500,main_screen
237f94d0e7276b3946a3aa4d19553d00,main_screen
5e80e15880933143159d5be266b8230f,main_screen
b8b3160696cfead4650f4889ba2ea25b,mobile_recharge
827d7392f0c8bb1a83ade3c6498ecafa,credit_info
8a75ff5d51e8a42ab93aaae754eeaedb,main_screen
35affc878425e8f43336485d7ecff8f0,main_screen
a2f7766bcd6f04eb2699bc54fa7c1ea1,statement
363ae2c8343ae8a5ae64ce422a8b24ef,statement
ddfbd0fd48bafd7e8605a8b5cebd4489,main_screen
87a9984cf07705a8223744dbf6135d67,main_screen
254f25034abb4c3b2a2f7de2c3bf2da6,main_screen
69526b1cea608c7579b95b9019bebe50,main_screen
a8852e0455f7191aa280b3e35124b6ea,mobile_recharge
f6a4e8c29f758578f6bdd40dda08dfb8,main_screen
6d1bcdbc94882506025e27cdd5a54183,credit_info
7517dfe4df03306f4e7a4c388c5948c5,main_screen
7364016648b2e5e78bc5fcc5c4de7c82,invest
64abdb8519ab8af3ae92b55f7b4b9d62,main_screen
6955f0cd6bb4ae496bcaa5d131f1ab1b,main_screen
461be8edf9d98cf0ad0107b6911ba5f3,mobile_recharge
9016d56b2f1302189a9e7463e93a5b40,main_screen
d6ca454bbc4fb13f05049a0b9b2fd6f6,main_screen
df116bfe76e6010ad0c2cb6639a4fe57,main_screen
06355323bcc06e12c1c300b6bcb566b3,chat
91aaeda5a124a2f116cf2acb782ef902,card2card_transfer
9c6820c75aec98e07f531fab1311a7e8,main_screen
559fc0a9dc3e74d3de9035af4e04fc3c,statement
3b6926725e3605105be793e7edf51e75,statement
50741aaafc2c743c86d6f81817e029eb,phone_money_transfer
d48690ad2d6fd57f0d0e97ef2377168a,main_screen
9033dd07fbb5df62ce899c8f90166979,statement
55c8bb76f9de21481d06cc571487a59a,main_screen
d13a00e74355be4f956d12b912801035,main_screen
d3534e6ed404eadc9c7b04fda7420867,main_screen
19283cf832c40f6490da37a0430d4166,statement
37fde485077999ab32d04f8349cb0e97,statement
a9a649ab52d925e2d048bec19c81f3fe,chat
4d5adc2367564986a6047d95223e068a,main_screen
c86c02ff1e495bab1bd73d8bf5daaebb,chat
2f8be637b6e46ee7a6f373dd1a19ce9b,credit_info
10a60cd14f4d1ade52dcb11b99b59e59,main_screen
c8a07bb505f6b62f75694812855c6da1,statement
2d6dec53dba758b2ed9761f685bfb15a,main_screen
e9390bb92645a767be41d4c74340470e,main_screen
112f87fc2d2849123be0d909f4ba565e,mobile_recharge
19d893c6c52c601cc33e912a07f0de95,credit_info
c9615d45ffd2d6c8cce29a1000d26520,main_screen
c57d563ad25fdf5cbab7495fa2fd4df4,main_screen
494eeb6c4deaa2b737f596ee960223c9,main_screen
004a2eb174395a2af0fa20b1ed420d3f,credit_info
693b85985080202c0f4a56afa6c84bd6,main_screen
6eea20bac678a5d8a9207fb371c9ccd0,main_screen
a0ddc4ac2ce21a29e53abad2a81f1a2d,phone_money_transfer
ec0514be0535072ec1d86e5f4560fc2a,mobile_recharge
3a6fbb2f451c31b63d2f963eb6c4994a,card2card_transfer
04919fde1bcdadc9d8455816a30b34e1,mobile_recharge
d6b0817b243ae32b8f567486cd55fee7,main_screen
68be581247a0b52dd413057e17435ee7,card_recharge
4dac7ad45f17b447d007dcbeb08d5477,main_screen
85ab33ed7fa81b8693683b8ffa270eb7,credit_info
c7fc191275217c0cba65c58cf1499c11,main_screen
9a4c6d3143c65cdbd71c6416ff021a63,credit_info
ae3f76c99ff684ec9714328edbd15834,statement
d31a604956ce9e59bf352029157e68dd,credit_info
73571b1c7fb3432d823ef930054f0e61,own_transfer
4984c727c9b1ebd625e68d75ebd47c15,credit_info
45b308c265b583234731b6a92a4aefa1,main_screen
669f532fd563fabe818dfd60ade100ef,main_screen
6211356a781ce337c2dfb77b904a9ab8,card2card_transfer
7e87654a185955d0902f84d80c2399be,statement
0fb635b007cebee0fdd595d36c3cbe78,main_screen
abdbcf8bb2e3e59b5a86964bf93bc58f,main_screen
7e002c86e0689fa2c8d9939a40779ad2,main_screen
d415919526a194aab22d8968c0e86bff,mobile_recharge
b0f436e8e8e90196e73a8c256ad54a82,credit_info
b56e11ea2656e127b5602ec76a8ebf8d,main_screen
721b05c261dd25bc94676728af988510,credit_info
84efaca53b6aca1d11f4b365ce114359,main_screen
2159aed7847cd40fb2e3d75a4417ff36,main_screen
1b02ca91aaf9c657e6fb953871e088d4,own_transfer
b4289079ae39ae5629d143be9966c488,main_screen
a3aa8c9cd5bf2e739c59dabd474e5538,main_screen
4ef2db5e4e6acd81635759728659c2d0,main_screen
c62456938a287fe32aeff317d608f729,main_screen
bd35657ac0e700345223065cb3c1b2ce,credit_info
69fd02acebf5eaf083b66eb5a9e5b40c,statement
69e8be1c8536070fc50787b8469ecbea,credit_info
268833d1ff2d0fb97afc851dab653667,mobile_recharge
c79d12121a24ae5f9e89944665111501,statement
c8dffad3d7ab5a6bb6607a177da78d7e,card2card_transfer
8c84d5375245417ef8a73929d6d6de73,main_screen
46f0d68c54ff61586b1f879dc7147ade,card2card_transfer
fbe15a0ea25877b8435f284c1e11bd59,card_recharge
d603542b2f0d42a8078b638f3ea3dfef,main_screen
f87e95cd1ac4d13966d251ce2bb2cafd,main_screen
226cf6c29f13f4de37d44700832f261d,main_screen
286de84d1477058bd5d9f9a1a83745da,credit_info
035a14d56407abfa16bb3bcb3a12005a,main_screen
b8458f9743307dd94281328d4180b1a9,credit_info
2f6b17a04d7b10d7f3dc1583600f5a52,main_screen
c51a95a5814b1b9dd07217ee118e1d01,main_screen
8ab3cd88b28afebc2d2e956e63581aea,phone_money_transfer
b2505fcc4da7f779c7fa92ba60fa85f9,main_screen
80dac11b2956833345b02e7d0cc465a6,main_screen
f6d77bf74a6d8b530cb41c372aa758e9,credit_info
65c3fb573b95af6f67a3f0d789e68fcb,main_screen
159a7b67a0ce307423b35fd403388263,credit_info
bbf60f673cadec99fd509dbdbca29897,main_screen
c37006ab2a3662dac2f3069b507da025,main_screen
b922f7796239eb982492143b48c0299f,main_screen
37f72a81cf9824fd9f620e2dad56c347,main_screen
6a1c92f0cdc7919ffbc4c4aa76001f35,main_screen
9836bd6ddd457bb5544150273272b51a,credit_info
34cbd2a30e662745cf65fe54ec4ce20c,credit_info
332f147f59ceb3602a70a04c33ff8029,mobile_recharge
2c949a7b99aa5d67f7722a6d5c169930,main_screen
81681953673b1b0df87108ac98f0e48d,main_screen
f982e01c2dcc3417b2e30d8e3e4f9661,mobile_recharge
d14814700894387d3c80d97d03851e7b,main_screen
f877d131a55b34087ed2691ff0369b03,mobile_recharge
c5130a8134cd7f0926138f4d603b17c8,main_screen
6ab23f37e0f479640326a34c392601e3,statement
d96298f8eec8fb15ca31e6cef2d9b5cb,main_screen
ffb3f06454278d5cb90c51415f32bb84,main_screen
c930081c59da532b95d2e59f61af8c97,credit_info
6ae61bdb038dad6752e1ff97c7efe265,main_screen
db4fb00b7780000fd369ab506b705802,chat
b330b6be9b39d16361a6ed2a852de81e,main_screen
2c3bd6caf2c3c9625095188e5b1e198b,main_screen
755c6530a3133fedf25598acadc11213,main_screen
531bff2fc995350ee52825a80d577ac8,phone_money_transfer
af0087fe157db4680c38e6e9a1cb99dd,credit_info
9dc3d187903a959cd1a10f5f667b1d97,credit_info
7df082aa9348aac9fe5a03b5ff04a080,main_screen
c849996e4b8cda7d85266a2846e6a314,main_screen
bf35b53089b638a3677d72203b35cf32,statement
6503aea17f48d0c63f708ec843e9fce8,card_recharge
169ffb9151625ac7be531629f323f794,own_transfer
86ecf62a27c617b2759046f33b5dbb47,card_recharge
41e28c9797d9d6e9a47d0a69797408c7,main_screen
378a16aaea4d9ffde2ff95c1f48ebed9,own_transfer
f715e4feeff1c0c5d589fdd612e6d2bc,main_screen
a2b59f1bd8076033db960a1ca4fc3fdb,main_screen
19753b3fda8b458068526b3e33b7889f,main_screen
f6111fa7af5ba2505973b0fd59186a08,main_screen
311d20a529c196a14f2420221e7f0f04,statement
c164e4bfd5a6f1e81a2ea0c10cc542a5,main_screen
08c23cd4a31516ca35c4fc6f1e612201,main_screen
4924f918f9d9117b88aedac3216cce80,main_screen
d668c64c6f7a5c2399e9d5f1b9059835,statement
123ce1d7625f2962909421f6292cafd0,chat
f1b6961f8d709911efde12094f2d13aa,main_screen
66893168449b15344b47a2bfb35fe649,main_screen
f7f30ba3021edf8de41d37912a3e2133,main_screen
a9044908b41b52ba8551eea5b07efad2,card_recharge
7442920522e03142a7fcf2df5d5ac2ef,own_transfer
6fbd9b210f84169ba9fc7b84b0198034,main_screen
b9531d0daede2fe3d54d2a12ee819a5d,mobile_recharge
47dd65b281961b0a72cbb70563df7183,main_screen
d7256af69b7f04fcfa8abff664629c7b,main_screen
da231de928ffbaa541639832bfc3fbc1,main_screen
72fe298a872508cb107cda451eae8e41,credit_info
448d2c7d5ddfd2924cc32effa008c794,main_screen
c0ad866978de4ce91bec155481e42406,main_screen
7a3598bbe7e945a3572cf3aaddad196e,main_screen
53228c6eef1e868a215c850ab55a7f99,invest
a2de0e738fcb800bfc7e3c9b6caaafef,statement
a533cd9a9a694d06bb1682a96a978599,credit_info
ccf605ea2d7093e3af4c9c6212f9f235,phone_money_transfer
127dcc34863964dca00aa9ab20922727,main_screen
9e754124f22b981de8cda7a3fa4b6bdc,main_screen
4142da81dec0799dd2143749f1338874,main_screen
0b5fba14dae7084f18f25994cebf3cd3,main_screen
ce5a3624bb33097ca72e77d131aa1db3,main_screen
5fec606ff386bd11240a57e480c870a7,main_screen
ac6758399226e79a6355da2a32cf5f5b,own_transfer
56d2e6b3260cc2fa843c87224cc5a448,main_screen
0316cae83a01e006d2d92360a66a220a,main_screen
996e7723062b457d152af6b05f9fb63b,credit_info
f4be583efb18b5acf660666c571e50d0,card_recharge
335aadda895928f961c609adfe125225,main_screen
89b3cc9ef372146cb7d0431281df5eca,main_screen
32b5820fd53a6e1785190df1320e8f80,main_screen
4e3cb058efc2b493725a5d0a2c472c3d,statement
286ce909e2254a00c9d281155d1147cc,main_screen
28ae684c8d5f28c14554a2b18a027b71,card_recharge
09f1dd0cafe6de3aee8526e0b5e313e5,main_screen
f2c9ee5425395f65b746e8609692b5c5,main_screen
92e7632067e461a36927f852129be0f6,statement
b5b4dfdb20bf192a5d7fad45471766f8,main_screen
bb54e9850766dd0a55a49ae2881622f5,main_screen
97e0a238708e4566ef2ecd75103bfb45,main_screen
95a7c3463a6ed2b88f583482b1c077a6,mobile_recharge
c7d0d75edd15067f3028f7db2dadc77e,credit_info
39edad46ee9fed9a7877496277fa066a,credit_info
bd4971118a58ff03842621bd95c74f1c,main_screen
310bb5f056ccee485b3fe8a73614f229,card_recharge
f44bf8db720621f574970477e65df808,chat
08b9d6ff75d1c5a6116e385abd3b2d24,credit_info
58e8994ac1377e39cab1e09a127e2405,main_screen
2a849b39d39d3c2d62f5a6325a2eb71d,mobile_recharge
55d9b8dc1a15162ed3d9af0e4c413e2b,main_screen
d76a4a0c8f062607044642bc3cfd7cea,mobile_recharge
f31595ed95c9701a8f8dffd270aeb2b5,main_screen
240c1942fbbe6f99dda4d7331cb02cb0,card_recharge
2f126948072576fb905e27a552295469,own_transfer
e16bc2c6d1ed1eabc5da75ff36482c5b,own_transfer
b432e410f41d4a99a2dcd893bde14c98,main_screen
cdbdc0b6c47ec66185475d7d2a0a170b,card2card_transfer
9a3c1baa7e20933f0dd374236a8a5ddb,main_screen
a399398f735b6ed9ec5c6ecc6f000c65,main_screen
0ec042dcb8e3b689b2e5f0a1313ddd44,statement
41e278c62339e79bd8428be4e5923640,main_screen
b0f303a6268502cfe27eb7cef6852584,card2card_transfer
6d4eb5e1d807ecccd6d75befdf6fd1b1,main_screen
9c6baaf56d92b362eaaa8977e7f722d8,main_screen
38ad632b0b7a7ad291db5feb4e6201ba,own_transfer
04a108ba17518356f91fac8c40dae887,credit_info
3d1cbbd6675135a4be60ff56590e9d71,main_screen
00f6f3bc9f59b8fcdc215dce099349a9,main_screen
0410b340ef79ae6e357c53b6dda03335,credit_info
6ae58855fa15ea71526cf0579660598b,credit_info
288ca835ea386406907fb82eedaa1da2,statement
028af387814f53cb8b5d57293c889d6a,mobile_recharge
06edf61be805012e3abfa020311bfa82,main_screen
a6557f91307a9c7d8ecf3e094663c55d,main_screen
2a0272078a31a2b352d3eead1a5638e4,main_screen
8e4d9b541995f065c09afb7e9ddb8f76,main_screen
e9af4c08902253bec10d00115f48af23,mobile_recharge
48f32f6be15eb902ff18a4fbd5b98d22,chat
d6deb0040c394b5d80f24fc17b99a813,mobile_recharge
a2d685cf94ce3f58fcfc30fe1a33987f,card2card_transfer
f2f121609a481054afe68d31488e38d1,main_screen
32963c7d53524558ca35c6a56cd8b7c6,phone_money_transfer
678fc1b79a93b5d8f1074d674ae017a3,main_screen
26604ad0691c7337671fbe924bc8e499,main_screen
d8b93b64dbf80f39d23f48c1a7ed7ee1,credit_info
48f70ee6d56e8cbb122ddd95505ff854,card2card_transfer
05d8be030fc5c88109c03fa9e08c4c6a,chat
70887fca718de94832615934fd432d2f,main_screen
29c89b97dd628d1ad2cff43d5aef7572,main_screen
8fd588469269941541a682fd1faeeb36,card2card_transfer
112bf9bc945cebfb50f14700c01843d1,main_screen
6a80eeeda4e5289dce9b8424187d9481,card2card_transfer
7ee208d52f86d3b2d6d8bd7fef640d8d,card_recharge
2787a7b4ab4764eb3e9841eb6562a14a,mobile_recharge
ff7d2810ee3b1778fa00a62499c89b58,main_screen
7e709973eb1e7cb5c525d402a6f32c1c,main_screen
dcee13415d93c88c127197b44a3e1998,statement
8bf231b92dc63380f81cc54733d4931d,main_screen
fa824dfef2934cc4e073f0e318abc9ac,chat
093c606601edc11544bb0105df4cfe77,chat
617fb7c95e99f4844d0059da4b69212d,main_screen
d45874401fc96cd92801fafc9dcba082,main_screen
7e0742caf04d235d2204402c94d64364,main_screen
ef06465ac847cceb5d605f77e1289ece,main_screen
059fc470000923ed3ed94ff15fcade8d,main_screen
e95bf4c8fbf703f086d518294d749a7e,statement
99f7aca238e279314cca854cc7b572f6,main_screen
605b3ff8cb35aae871fdb85b76759ebf,main_screen
e429fc829dd7f48a7444b54b3658785d,main_screen
0824fc62abb113e640ef6502d12910db,main_screen
d2642c617b95da8cfac6a820dc442ee5,main_screen
765380a035aa33eb35c35d1178e8adf0,main_screen
4915aefff7336699f3de3f13dc0f1efd,main_screen
90a068016d38a1e9f08090937c7ff37c,credit_info
1bc9f1babea95e76dfa5a5315f31c251,card_recharge
08e2ef5ae52fe8fa284a77d8616885f2,main_screen
ba3b0fc34d48f8e255544822d7ac8624,statement
5c813fbfb56b6becbb466a73c21e952e,chat
abd7294049d0208d2c6a7c042780820f,main_screen
c803c05f0382662bf057b70921f23bee,mobile_recharge
25aa6b6e2d3b11c7fca0e9579984eeb2,main_screen
ff8932d4ca3c31945ee46ff0c4c073fc,main_screen
b97a439ab0d0dd489f4a0c5c036097f3,main_screen
b6b3813f123448ef42b7edb93ab5bf28,main_screen
4183735ff1679432afba3dd2f36cec0a,main_screen
c276b46d34c7a6e6e5d3efc00d4b7238,invest
5bc5513b6e936c56549ad1e415f657d6,phone_money_transfer
1efeb64876b4b19906184bc2f527f6e5,main_screen
72295e14e45b18a00fd33ddee9fd6ef6,main_screen
9b359526803ffa8ab60930b377de82ce,main_screen
9d44887c2b41a590326204f17a401f21,credit_info
218c84e26ab123e6b7571cefafa0aab1,statement
645d03ad1a584f1da81a9bfa3c45371e,main_screen
d659a612098a83ef8ab2e008d3488566,main_screen
63d38d1c76e4407a4ebba2568fb1f801,main_screen
0c8bc5976defcc22cdd9fd58c8e230bf,main_screen
006eddac050c73cbc913fb801a2a0c87,main_screen
51fee3e972422b78b1001fe1a2c7726b,main_screen
991fd9b89b91d4be5582c53255e7b7dd,main_screen
982fbb633c4c3a9907609d97b6c98b62,main_screen
92b0fe5a8f36a24c747c7e6b55bb1386,card_recharge
0a28dead42d9461eb193601c603ce238,credit_info
553ea95849413c53f1fc6805e98bf1e0,mobile_recharge
ad2e2a83c328458a1fb1d242316656e5,statement
4d7ea1fc9dd4a4b7457cefe8ec688d63,main_screen
82aa1440a8aae2d73a68b2114461a15d,main_screen
81c401010d6ef2338e07e85fa233bc6a,main_screen
2a91b7de3590828d27a0d915a4ced5a6,credit_info
7b768b0bfce64399f330410b0921bafe,credit_info
c832a2cb5f5daa590a81a722007c8c34,main_screen
64cd63f08a92fd2db0b2ae27e80d0650,main_screen
8daace86bb36a7e76fdd8c1cede66049,main_screen
6ec38b2a4ae0a8e6111b4f9ca0caab2e,main_screen
d586403b91ba0c6cbc67ba645b1bf439,main_screen
65c13964bbf3d167ec56e65e3b49f69d,statement
f126cf7120788da283b91fe749cf11b5,main_screen
f718eda962c7e908ffd8a660ebd1b07d,main_screen
d391e8b06c41cbe5d60ebf5bc8e9d313,own_transfer
91de902fd5feba3f63f59f05eceb0df8,main_screen
61574b8ed4282f609c04ac845d382abb,chat
9ff5a7dfe6fbe842114a5f02bef771fd,chat
45c8156713fe4bc3251b0d1c3bfa181a,chat
190d278f5d40eda86440fe91eb434557,chat
3be6c4a0ae2d576ae98749a49c69a559,main_screen
de6e2fef8f19ae2e65a34bbdbe1af135,main_screen
c056c1b15f149acb88cc2b2cb30a9fe5,statement
e15f5a3ba98d4187361314f6b6e10615,credit_info
995157fbe7b81044210d47db2ccb8ae5,main_screen
3b3c957fa5905e756d462d30631ca28d,main_screen
5e0a2147ee461fe9d32b45323170bc96,main_screen
328886016677284f5f11845dddaf1cc6,main_screen
eebfb03023f0a6fac304e74cd50caf02,statement
8bf3f7b79931fbe1aefffd18b02bc1dd,main_screen
0e50fb84483c10d4d4bd81591a9a50e0,main_screen
1721bf9ce965ffd17405eb500397c2b2,main_screen
424e695acf3f3686c93b34c7ac1c8828,credit_info
492f105958c1aabeeef4702760c647d7,main_screen
6ba6249d31c43c506e7e0f0c5afbe8d8,main_screen
4770c470e147b68e477d2e1c4a84b98b,main_screen
18eba03fbc00ba5a62c71abe513d0e81,own_transfer
79a68a6e551d116b3b51de612048de36,card_recharge
e8a7b79fc98c1a88db3989a5c1b86a23,mobile_recharge
0a45e3ffb1436cac35b7d6806d433da5,card_recharge
d1da3623b9287bb3b86e270230df4bf6,main_screen
05288db573a309f91a3250c10389121c,phone_money_transfer
7ae5313e14efc6c74312b36319f640a1,main_screen
4f78b55a29d94604f42f2073a7943125,mobile_recharge
e181e31ca9210809dd139c1e1548a05c,credit_info
3bcb44a9493319c0ba19a3d0656f976e,main_screen
06f773da4053cf1f52b4a8e52afa4263,card2card_transfer
a306e057ee38f65d9ad247744a1da8d4,main_screen
718f80fceadfb9d1539bfefd6a595a92,statement
7965d3f2c30a182f8c79e2e3f10a52fb,statement
a1eec819925785efb8c40048e5135770,main_screen
86ebbad881af972705d20d7b1c0995c4,card_recharge
5df3631780020ff981a8669815493989,mobile_recharge
5bf47d3caa3725b2c69d431b84c27556,main_screen
20df32f11a71353b2cfa27cfd257d85d,own_transfer
b9a9b6b5100f1e9a4acd1852d553bfd2,main_screen
8ebb4231d881066ed1d45fad35ccd126,mobile_recharge
a43b509b7c57f294daffff1b0ae1d347,statement
5ba099979d0da770da173faba4946267,credit_info
297986d0e4913e59146168d313a089c5,statement
f07c3dadeba732b44ae44e4a1c28347f,statement
af6b7a96b04c838bb9fbf4105ad18bae,main_screen
2103a13a5cc439b8bf39bb85ddf08245,main_screen
4e0032c8f4b237e14027320fe70fdb6d,mobile_recharge
c4e398a8e469fd2737ecb69c694b10c5,own_transfer
377da051f4de868f09c43c4e6a3d759c,main_screen
aeceaa00568808cff0bca3c4a1c379f9,credit_info
5c0e97ea7757fafccf1fb469d3cd0953,main_screen
cf3cefcc1a1db5394c6b36e49aea7455,chat
dd18cd8a00fe11189ef7629ede9b1254,main_screen
9f19c131ea87985fe860ab29c5afbda7,invest
762bdfa7351fcf313e255ef5318a8fcb,own_transfer
a2d4acc457605c3d4641dce99808702d,statement
0ccf6872c86a1b6dbf5eae071ccb7a81,main_screen
1449cdf6fb46731df9f80bacbfcb112e,statement
eb36a4412a46c3007cbe6d5bb100a8e1,main_screen
ada816d98c9216a41d3cb2c66cb886df,main_screen
fa7490f28f02a8bb972f9aa71e382cdc,main_screen
2e567ab2f1ef65bafc947fa21d7fb93c,main_screen
d3869a8acebee2eb0513164619fc50a1,main_screen
02e9025c26ad3b03288631ef9ed4ee63,main_screen
0f2c11b1611fbeadea620b555e1fa7d6,main_screen
4eb8f3da91e7c1537651264a4a34644f,main_screen
a0a47fd43ece1b540daeb10de5504452,main_screen
ee44902b3ab4d08ea772b6f27f910ecb,main_screen
aba7c17d4003f321617391673b42da02,credit_info
ebac6eeffb1585c1ba3b04cda22be4e5,main_screen
7dde95635706a29b54ee9f99a2109318,main_screen
4c3dc5b9572e05071962c1ad9279cdcb,credit_info
4028562733fd45455e1fbfa7d753f0ba,main_screen
517af2303fe1251742eb46dc6a7cfc72,statement
d65f05a7e2f7330c2d7e860443c5f498,main_screen
f33720737ba57f2fe47e937eb6aadc09,main_screen
a81fdd2852d95415af81c766350eedab,main_screen
6bb6cb10416b00b730be2e2324c5aa7e,main_screen
355cf8c0d6c79bd36b64a267099bc705,statement
ebf53e83e696ee8707e110bd1e069edf,own_transfer
1ac23bd3aa3ac54a3239398cad2961b5,statement
9f428ba4bb706262304ed11a014dfaa8,main_screen
9bcae99f0fb8bbd6a19c0fbb7a45e632,chat
f934e53b32ead8f55772ef84c48bde19,credit_info
0ddb0a8b20b4ef4a1612400c974eeaf7,main_screen
72ae8eaa75520f3344e0a0b66da09eb9,statement
9329e0b03314eb6eb9369024e89a3854,card2card_transfer
8542869d62c667b0ae6127ca34b5cafb,credit_info
6e4d2a88a9e6a993b01dcc74641ee4b3,main_screen
afc13907344fbbe4b895e629ca7e408d,main_screen
57511759e01b3fbc6cfc3cd2b5e6b3cc,mobile_recharge
cf220059dab18ed919f375020f136494,main_screen
79e95b876de00721dc7e91a0ed89ce48,main_screen
5bdab3f482ea1dedcd1bff9ccb10aef9,main_screen
49deddb05acf82b8fab88c6eeba2bf49,credit_info
3c65bc08a4616fd8b6cc3213bac69985,main_screen
09c8cc115dad83b7db8b2ac754dd8e8f,statement
5585181f2c768d36a506c2438e39594e,statement
a4317c53f7768090a7e3b391d29e476b,chat
f47225b810d734fcff29d652cc7fd791,main_screen
4bf5a74e37ad62b0e65a8f1c416b4855,card_recharge
39494768a9689f9d21d216ef2af785aa,statement
56400ce5dcc56b7561c0138dc25f04e9,main_screen
1d0cdbdfe37adeb12853c287880eef8b,credit_info
a0f100d19b754cba624e35ce06489262,credit_info
f20174753e19d6ee3df37ee6208c0828,main_screen
71aadba91bb52a3e5c763b1078906128,statement
868cfc946a88da029bc6ef84d2ce110e,credit_info
eff367825c60213d84c4c6564a06e62c,own_transfer
b3fde01beabc3dca951137d5b487dfe9,own_transfer
d60a9c24390da4c681c3de0a7e7a239e,phone_money_transfer
fc4390c557ef7450ee612c958a66ac10,statement
9e770a1b40c808ba5ec37f206fcd9d20,main_screen
d05801ffb536a0da4f0d3fcf16d061e7,main_screen
9229d21859ba97680006046b9d48d23c,main_screen
88f3aeb0f928e1eae2942680cbb12f47,main_screen
2fd21ccabc267d28f872c6aa23d09b90,statement
677677bd4607ca6c6f571e05ca081364,main_screen
2954887c3e182555a44c631d284a99d6,statement
59bfe10b05d3d2470f9eb780251b2188,main_screen
9bc2a369ee108cd5cb62159aec6adcda,card2card_transfer
20f37aa598b18163a5d8aa66c276148d,phone_money_transfer
59cb6a9e822fcbc3dc23749ee9185e51,card_recharge
d3ec8d807a28b978b75a23769a60c5d8,main_screen
c916c1398d9d4aabd6d6cb64397fa9dd,main_screen
b5547bf70c935459d6e55d7504955f0f,statement
98c6725a9d002ff4aa606b1c3a3aca2e,main_screen
0abd71bf6f9ec3d8f0a9ebf2ec534ced,card_recharge
4ce09c8a95eeaab5a11c05b9497076e1,main_screen
bc39a681cb1ecaf2ef80795411e6dfa1,main_screen
3c11a0ec193667940b3ddc682e754a2e,main_screen
8bd96e7b26730693b15ad6e6bfede099,main_screen
506f977c9dac9a5c6ac5af1d5adb3763,invest
e8fbf59ca662bafc495468265db62cad,own_transfer
5f30955b9c299b2644c57ec04ea3fca4,main_screen
8823c1d45292aa5ff3ad842a4162cea7,main_screen
1d34ccdb49fea6e85ef1a7d0ba22e03e,main_screen
8d8d278e2099009d1cf9723bd38f66c3,invest
641af0c16279830a95a0860fff97491e,main_screen
57b91322cfb1e221f83fe609370d4142,credit_info
d1a89aec5ae8fada5c1ab28ffe635d6f,chat
f1910bfdda5980fa892a3db733c271f1,main_screen
6fceb5a1641c771db751f0e47351c522,main_screen
ff9301724b4e66a8e2297a8794081514,main_screen
1b3de06db9af7932aeda1633c7dd1bd0,credit_info
3310c56ba96d5560d6cd0f06d8b6b944,chat
8892472fae149ee4a4739d5a96f98846,statement
add4a08f80e518efd05a5375113b0061,main_screen
d7661d700f94736ef1ff57bf0fb1049f,phone_money_transfer
a3a352c8b5e4444803c560b1376401f2,statement
f0c030d12238d6325b8235ddecda0787,main_screen
a90788d7d18fb2f8946e121f3d98f48a,main_screen
7f736e8926ed7a8da9c49335b0429417,mobile_recharge
db6a901ba50cabfbf90aa27273f639e3,main_screen
5eea69916a1392f594e733f84761971e,main_screen
f6090d3945f780dffa17914e490784d9,mobile_recharge
2a16a4f1831ae242b2292065a5c083ce,card_recharge
fb1db5b2b7fba3e0c6ed1053ff82e43f,mobile_recharge
895977c10b29dd7239df09b24fcb8f72,statement
d650188d38bf64e0003200f59c489016,main_screen
361b506bc72fea4819a83e521a72975f,credit_info
1b20e6860ef616e68579139ec000812a,statement
560cf2caac46bb2c863e4af6666a9ac1,main_screen
e927e305a09024d7bbe609971010f142,main_screen
9bf0c852d678ea3b376fe9d3eeccff16,statement
c2ab9c5a510b97c29d466ddcb8cc6d37,main_screen
6aadea857571a62ed58ca123f66dd77a,main_screen
4df66e2efba2aa9d6921cc306d5c048a,main_screen
a61964be5bba9a686a568166bfdd8617,main_screen
10378b4d008385a66d050cc3aefce3c7,credit_info
b43a39500ab3b7313a926a6ff73267de,main_screen
af2683bf98411385c2424cda512f4f9d,chat
2063d4571a892d5f6bbf0b13c4e5610f,credit_info
d51e5606c69f8dadacc6e7b079be54e1,credit_info
685ea567783de78244a8bf6824b2e3d0,main_screen
8da1f150317d8afe552b3a03c83c00ac,statement
16b5595a7163fe1a8afcaf465c699aba,main_screen
68938598bada9335812b010be29b5090,main_screen
28fdec6c13e8ccaf8381f0ed90925dc8,main_screen
cde386fbf6642e2ff427b03929409ccb,own_transfer
b8537313bb70d886a412dcc698dc40d2,main_screen
fb47a3f427c9b4f9c2850d4955054548,main_screen
3eb62ae22cb5e2505459c6c837a5fc51,mobile_recharge
047bf95f37e246e7a06cf28efe35f050,main_screen
43a8e12c3330b40c61578448dd459a55,main_screen
82210f0bc139eed6b6ce480aa905e364,main_screen
0e0ca68ba4d02ae60fa9d8da1793cba7,main_screen
070b1272ee1f08daef20e535d6c6fa5a,mobile_recharge
31d09e8339c1d945d282bd0e5749bffb,statement
6d6fee62b64f473a9f8979e9fbad3999,card_recharge
c86b0e52f434b523782fef2d0e8787d7,main_screen
33a5f6c0dd41cdba204f1af589476d37,main_screen
44344d796913cec2f453689b6b8cf722,own_transfer
964d1e120b7b49bca2541c4dc9306b02,credit_info
2aafd75d8720d8d9426df660b896cb47,statement
3c70d96fa16a19113e0c001211e06352,statement
a2c2ea1b9b7947d816713bd4c8ab1c65,mobile_recharge
ec12c8d1cd52e1aa9fac831072cfb219,main_screen
47f5bd4f87a5addc63c7daef72d2c04b,main_screen
dc259b646e0e5626c2f68046ecdab377,card_recharge
600be9e29c1e9025bbf754f71aee45ac,mobile_recharge
11f917ab9b23189d68e34835c0e21bcd,main_screen
298ed0f9db25b80b149593a229201b84,phone_money_transfer
30e2db5b8168aa93d603262d76874a6c,main_screen
b16c423f33f392e03ec64584f6272929,main_screen
d5a511d17b7bf3415e09bc45a3d08b46,credit_info
6eda87d8a084eac4bc401fdc9d9b14b6,main_screen
10ed303142d64e27df341d2f60664efe,main_screen
0c55ef1b03a6d70fb8c994e8544331b3,main_screen
d1969e9aa81f3e921ad277e03ff8bf6f,mobile_recharge
0fdc4dc88f05fad76ace865c605efb2a,statement
fe08665ff2402790a2964506376f393c,main_screen
e755aa00d0525b4dcfdeed2f52acbfdc,main_screen
7f6b56ad9ffefaa232981b7d624c5492,invest
570563cf3355b0fe0d921aa6807ea5cd,statement
f8d5d694748ca4143dc03384b336b3b5,main_screen
845d2d8341f723e958421351597d4d34,statement
6cedb8fadbf0f0ccb12e92b11e77470a,main_screen
87e24079792250da3d1d5d0d38cd5794,main_screen
78702e09ca8de0556f4e078756fc6473,statement
265a71fafb6a6a725302ff0721548633,credit_info
d39d8b7ce067412b9a593cb66d960fb2,credit_info
e4ac8c979179740f0efbad8d3762c7d8,card_recharge
8dea02c2d1ec50d921c372546abd833a,card_recharge
7cc8d4fc17f0a69a436651efde979078,statement
b7c5623f97969bb317436389980ae5ce,chat
3f3c7ade64962d2fe586365cdea61d75,main_screen
51ed339e482398dd3baab1bcbcde5a6e,main_screen
38a19cbe63b56ae89c90588e356be931,main_screen
36e779ab8484843dc33acd0d5d44d5bd,main_screen
8d6b8b5b55411792f96aaf51dced547d,main_screen
c156e880c724f51dd832af886a9ec9d1,main_screen
fe978a060912412c5dd0e2a3bf4c6ce8,main_screen
bde137393376483712fbfe0ae45556f9,statement
3b5f7a332e6489305d2786128b7cf6ad,statement
a9487ddcb2216b478055f28e61dfcf69,card_recharge
58ec0364f3306bc57a675dc968e66176,credit_info
f3b0485e5b2c760afb8159c66d06d999,card2card_transfer
286e8a02f4816fc9dc91fd0563316838,main_screen
9deb81b66dafde843995eb4cbee921f8,main_screen
c5ded304bc27b365ede8c49ae1589f19,credit_info
672c41eb037c8049faead4842088a4c5,statement
313d2937f55da012f1cdb5087389a8d1,card_recharge
8d775f8fc9eaec160c189bf3a30b5872,credit_info
4746dbd472ddabc0c6630469dbb5d06e,main_screen
fa0187d61c666721b1b55dce30113d8f,main_screen
ab629e7cec69df1130240fac68896b23,main_screen
77523be0c592f7eef571553b97130066,credit_info
e573be8e48033ab7977a622a628ac5be,main_screen
cbbf1aac522587399682735b3269ebf3,card_recharge
515cf57c9cad1419049d45a9bc43299c,statement
fa194c7c5cb7da45f97a2c6a8e45afae,mobile_recharge
079975d5a268648e3e274db94b06ba61,main_screen
ff2012ae46319103ae0c2376308daabf,card_recharge
80628c46a90bca4333cf5e4703bebb64,mobile_recharge
0e874ec7316b8762f24f46e475f8a48b,credit_info
423e42a50e8e8b3d3d9dea1ae18ccd93,main_screen
443e811b0a2d5fa1bbc82a0b403cbc9c,main_screen
fdc18091b783eb4260cf53856652ee91,main_screen
3bef40245ec6b22856358c8aec107b36,card_recharge
ba1077a132d393625d04daea18011e51,main_screen
e85afeb5c045fab84df97291e5b44df8,main_screen
8dd1877d93073331e07f868ea42f38d2,statement
aa738b3285635f587193598c48d17c54,main_screen
4c34580750565879bdedb143ea8e9c5d,main_screen
bad2cc4cf8c5e02f6579e51019fc3689,credit_info
d3ac8c8236ab5691b5a206bbe78533da,mobile_recharge
74748a42b71d6319f32c7914205c0915,main_screen
11ae921a12fa794346cda5bf6125166f,main_screen
455b223897a0be409518557f4873dcf2,main_screen
61b2eef7fa14d07fe255414620a86e44,chat
5c550fe515b46227203210c5a18868f4,chat
e0f1f0edcd504b5da2acd099d103cf13,main_screen
ec023513af6e3531c478216306685a8e,card2card_transfer
cd0752f92ac74ac8ef6476c50ca1b251,main_screen
557f0266346a50212af1f7409b741bf5,main_screen
47c3731f9a728ee56799db917e0628a6,credit_info
3aac5b462eb6a4bb9265d4233f7e3d87,chat
4772305474fe9c21c76c554f3e52a8c2,main_screen
9ad5bc0b388bb04f82c892c066bad05f,card_recharge
6f283e8abfe14ec1300fa3efe9b73fef,phone_money_transfer
e02ef45ce36839bda6417aa6f652b3bf,main_screen
81e2ac756d1ca54d8b4a654bfabdf4a9,main_screen
2a9a768c2091e72e8534c6db0ffb7920,main_screen
3746cf0e755935ba3b23de9659e4988e,main_screen
5934fb8d7ba5d1b11e637fa89e385a1a,statement
0815d59179166142d971b422b2981f95,main_screen
c9e8f5f4693debae9641605d7d1fedcf,card2card_transfer
96c4c828de0ec4740d89ea762d79f7c4,chat
8efc18505a8dd0967e2a16a789ff9ca9,statement
d129b5e883859fb59d7bfd2d79ca36f4,statement
ccba20dea69e9bcc568279ee8ecbb7d0,statement
9b14e9264b03d033947ed38312a38ed8,main_screen
602d8db5e168d9b1e425e3153011892e,card2card_transfer
c92e78af6a75ca9c436d4cbc15c5ffc7,main_screen
7c78abb6bd5cc70998ee4a3598086ac0,credit_info
9ee8fca7fe25f06b3a0df7b5b9363c79,statement
e356a0044e61192ecf5bcf27ec16747a,chat
e20436a997cbab744b84a2f3ed1f055c,credit_info
419c46625d7d609cd03b2684eb06e674,statement
bfa33502398b3244086f00bed82df9cd,main_screen
9e54da765bb44ada3561a895e1417710,main_screen
f7ffbde23de82575cb16ba4fa2ec81a0,main_screen
6c871d4f6a17c99ead85e1920b7ff7cd,main_screen
dcd5fec6f4e417148288f7fd34ac27e5,card_recharge
426d400efe1e1d821355d30612eb1287,statement
491ea577e99af3e4b65cde47bb367793,credit_info
ef20d147ac0727f4d50775c6b9350a7c,main_screen
b34abf889058679cd6b9a7e93fc587ae,main_screen
7e83656f37f72c5db9337ad763f2098b,main_screen
bee2dbf8447628ae53cb2ae897379508,statement
ea69870d7df77892c9ae86d226e4ce79,credit_info
a7e340cea6bf7c0217198da16370839f,credit_info
49319b1ec8501b8f323c59602dd7edba,main_screen
1b2b2c723dfe66dee6326deba5f3b1d4,main_screen
56b314a23c7f22e4e7869938c2f89800,main_screen
d18b37e1cb1e7185d28828f6e51140e6,main_screen
4fbf7f2bbd9a0a432ec573d113e4891a,main_screen
f0e21bf3b95bcc953f834bd0d81f08b7,statement
548fdc76029d6fab197638d7bd271d0d,credit_info
88e58e94143a84d10bc93d0a39b9f1d2,main_screen
7e15eb44cbb60e5fe6933cf1ad05a397,main_screen
eba749a9b005bd85c5a67517fa123e4b,main_screen
a73f6d2efc5fae292d13a04abf27edc0,main_screen
54fd8fcf6b64e6d8fca6023085926079,statement
3be1414da83e67e4b2a8bf8df5cc9be4,card_recharge
140199d349b59f46e21f7e4321813408,chat
0b71fea3b0fd191fc23eecdfc3610b6f,main_screen
957ac78088d7f06823f32e92dcea7696,credit_info
3904c384a981a1a879918d7b9e5fcb02,credit_info
7e342c0af40f9746091511737ddc49d7,credit_info
d9c34091027e8f98c9199a6d51dcf9e8,main_screen
8c695fc032e49b786a80430bddaeb7bf,main_screen
4f2636b5aed96a05f97ac12e48a7a93c,card_recharge
348c984669516a6e23f984c7c2efbaa8,own_transfer
b940ed54f5a125d115c17028c4c90df8,credit_info
7492a20826cbc106fb76120bb2036177,card_recharge
dcd4366268c0f33383bcf190e05855f4,main_screen
7a0b75a184af9000981dcf88f9118e99,main_screen
baa6465b608dd5a7f5ec4aa34e3bd7e0,card_recharge
e763a2a2516fa2251158506b2c8fccc3,main_screen
974192ca4bfd63925d483fbbb2b8add6,card_recharge
912c48f7b12d4b2c263db3b77a2ce3cf,card2card_transfer
d8dd0b373e1e2644318dc028a37e5db7,main_screen
fe84cda09ad7a358938bb3c814775309,main_screen
5c48080e658e29f11a3e6ce4d23de097,main_screen
c7dfd93804242ffd30502219ea83f5c2,phone_money_transfer
406400429e518ad0a845720f4d20bb87,credit_info
4672e601aa8bf86d4da08906f1c461fc,card_recharge
73e389c943f4adfd1ab273ce7ba4c22c,card2card_transfer
a48196c75e5a2004ae26d0268a4f3f04,main_screen
269a846a88ce6c2739c31b8e454bf694,statement
c3f56a1d0878a907c5909d6e5fa63a98,credit_info
df62b7eca540edbc76a82d577b68d529,main_screen
28bfd7ca81746f3f62f9d1516c36e5db,own_transfer
27b00b11d9f12e4a30732ae21aa08c4b,card_recharge
a025a18f03035bfe8e0edc88ec7f9da9,main_screen
ff83929d97a304a0058112eec7a5eba9,own_transfer
1b5f72becfd326a9da7653704e890280,own_transfer
37aaaac15ef90c58ba903bb54c1b9a41,own_transfer
3c9f811877a5979288b8d327a41e26db,statement
7ae5f1f846a7490da330b4f48c8e421a,main_screen
5422f0cac9b2e4358076870371b9ea26,main_screen
5df19562063d4eaae7507a83c55f90e1,main_screen
2a492e716963f5dcfd54f344044fed2c,own_transfer
0f64da78e5ec5ad086c36ea97cb35523,main_screen
fdb852da0b00fd4b21d906e4b8993546,own_transfer
52dce45ac2cedeb5f571a438a8cfe8a8,statement
6a7baa88b1e783502117c1001da4369d,main_screen
4011011450a2bffc27abf89938a3b8fd,main_screen
eccc14fedb2639fe90b6f598653dd864,main_screen
6f5ee0afbc9b512afd3f55fd14b15f19,main_screen
496a03ae7c1d91e86d71f1e3a23a77b3,main_screen
6fed2b8b9dfdb70c85e00b82e1a75c2c,statement
cd2419d9a046d082737cb0bfb7ac86cf,main_screen
2a9eef2ce508e170aed92d03f7dbcb50,card_recharge
6aa3142f58a785b5d302a480eccb88be,credit_info
7dd74a6a442d46da9c3ef7351247f27f,card_recharge
9eae1d6c023aa9502a4699671498f294,statement
0b442a95ff95d58d4a54cfeaf36be9a0,card_recharge
1602fa7ba5f26ee686cdac6d903fb394,main_screen
5f1f4cfc018adc4aca78bff0cbd45a4e,main_screen
a2610ef91080217f76fa9f4a145b9879,own_transfer
1f35e18b269885e822f6ed563d37f991,own_transfer
72f075afcef803ce876bc1dc3d3e46d6,main_screen
c7c4adcde9a0594226f554c584f3d485,own_transfer
4f7e52fd62e57a914ea5d08518b5d91f,main_screen
c42cf568df188757c33f35342bba3325,main_screen
c949c3b3ccbbd52ff09002767b4f442c,statement
9dc7c8d864ae148c3546058256811ea6,main_screen
5ea6ea77c9ed6a993369dac3b3bd51f2,statement
847368d0bc7305624ec36f91e2bbcefc,statement
d2f83a3260bd2fa1f900fcea68375bcc,main_screen
a77f455c0cce4f40029dd52f0ad1017c,own_transfer
32a8676cf9e837fa7ca510f4fa343c59,main_screen
00d0a77842c583dd510b0b25bb5a8aae,credit_info
bfad0efc2b998c0c388d5387f4ddae39,main_screen
cbe10bac44a1324e8ae2adb793e11d13,credit_info
e576e5a199726ef10449a0ecb2263af0,statement
4a81e03b13e299c94e3f2ffebf70699a,main_screen
4d38e1eb2f1b31c77e54eb343fbefa10,main_screen
d859e16dc27840ab372ee1ec9affc429,main_screen
32d0c564df16051401e7d9402cb035b5,statement
2f72ae11020121a9e5d924f79093973b,main_screen
2381540b238deebb6fa333ef169b6cdb,main_screen
d932bd4e9504c02bcc494bcaa661cd34,credit_info
cfb9628f565748c7c981cfe56ba66965,card_recharge
ff1a9b14d024802a26073d24e6350dea,chat
be058fafb3c9e4c3d3ba4ab7d1d6b93d,main_screen
cc10189a7ace3d6854b55cefdc5cffa8,credit_info
472baa69ac3f91c81617224834076837,credit_info
6495a4a8211638d686d44c6cea3ce96c,credit_info
e0b783ea70ea30f2d1c0a1e5458f5f11,mobile_recharge
1b6dd7bfa15306c5a90287880d9135cb,card_recharge
bc872a4bb932c752020f9207591a1a91,statement
08d67a70365d17c569af088129227a80,main_screen
a777ad6ad6df44f6704045acac4ba031,statement
42955196198ca6745da59be8c4afd895,credit_info
05e9a06f27fabea4cc8473667e024cf9,statement
5bcb0f2b3e5b16d740cd588c926b8735,credit_info
bef71e0886f11bfcbf8f5e00c22f1b99,main_screen
43bce942cd0aa7d2a7e702063a0cdfa4,main_screen
505136c515dfeef226ff534408a65132,main_screen
cedaaa1bb2796e05fea46a058c275293,main_screen
fbb7604585212bb3225ddb8864c04333,main_screen
5e302bb34501c2a8474915a04d720671,main_screen
cb70f9ccedc8f48d1731f78741749f88,own_transfer
680fff5b383b800e5199b0dde4585c6d,statement
02b17e1f1055c37227727355569cc7a7,own_transfer
27656988d4b4ac217ab58fce77b15be1,main_screen
14aec4770e984fc6f98fe45710e310ae,main_screen
73d1f0d94549b8d8cd46f1bca831e55d,main_screen
22974735edefc3e6b2fe9f3affe19bca,main_screen
a6e0e353ef91cce022de0a8052c007d7,main_screen
767e7ad2bf109fd2245417d8bd64dd39,main_screen
23fabd7f72837c67b7868fabe63b7723,statement
6cfc9b078edf57a8a9af02f869a4ff20,statement
83eae652d8e7760abaaa460e4b8fbde0,main_screen
005dac189da806938f92dfafda0d5f2a,main_screen
d467abef768b481610732c9bc4639aec,main_screen
79480f52464a37e4b9baf61ad63a948f,main_screen
2f8fd581a13e4f6788e5ca76df5e0716,own_transfer
aa76a02267cd2bfbc5391be55746969d,card2card_transfer
4cfc448eda0734433627046bfd7b45c6,chat
1867641350fff7d07deca15bae16edae,statement
890814e7b3c143f3fcaf5a34f031772f,chat
7d6888925bcf714417b286f0f7ae1002,chat
af999dafb0ebeccd4d479f00b4e10e2c,credit_info
bd4bcbae898e6d61563fa7575a21f0ea,mobile_recharge
970925b4a8838e3427b2a933a5f0f6ca,main_screen
a5c988e9f69256a56146ce787f912f0e,main_screen
7545f54d505ed205e5523dfba303decf,main_screen
88b9f854a55a07e954ee485f9c301693,own_transfer
b4a187aaff3193f23e15c5702e8db9d0,main_screen
a1952da464d01b076cb643e60c49099c,credit_info
ee395053f00153bb537451dde0e6bde3,statement
d8b2faa49fafb21ed3ea975024fdd686,main_screen
921979b561dda95762c8cc4d0c5df020,main_screen
fc32f6d56ac3b18f119d65508c513e42,main_screen
aee8444cf07c758f78bd7e4760513ec4,statement
4c5ac244cd11b1b574af3831c2f87b5c,main_screen
a6ab44b0b879312e41ce423da58af22d,credit_info
b2b98bc8526599a551eb818d82079b8f,main_screen
641fc51344abc93869e8d151117e6f42,card2card_transfer
8a084ce2f197f6389c615f46d5e70519,card2card_transfer
68eb7ab73065f60e09ba7fd202e42f06,credit_info
a8ae75d17dbf5ad77340a5543c36d80a,main_screen
3dd871c97b3a7f9fb46d9b7d0bed3989,card_recharge
bdbeae49a0e3bd791e10304f7cf8e234,statement
bdd6b3365317b13a67c9c89d21b5e79b,main_screen
fac7aa69e88537d7e0eb28e60f13c33f,credit_info
932403d09ea1ba1fe29e8f9f5d06c410,main_screen
9dae4b3f895a62ca19ec2028e81e47fe,own_transfer
85c11e36918ae5d7ea63893a1a789378,statement
44257ab312ecd6d1d00c9e387aa92fd8,main_screen
e17be40a44413d8836669ac4fb379cf7,chat
9fdf59e475637591db3a17d5d7848f03,own_transfer
0e020bc7481aefb5fff278443c582ae8,main_screen
259c6e32d9bdb9e8bc8cf0a3b261a02e,statement
bfd07b09ae2be56b07dcb459178649c1,statement
61a2dc96ce531c6196338d94e477391f,main_screen
ff4ef828144a27282ba06ea89cf41bd8,card2card_transfer
7603ca833d466185b07fca7fa51e8cea,main_screen
a99bf8ba8ab867eec45fdc878a48ab44,main_screen
63d1ea56a11ddd1531fb5b0a51dbecf3,card_recharge
08959bce5f0d6ee34a54827f40ceccc2,statement
d8905e466075d81ddbdd0278c717aa39,credit_info
fcc852875ecf5a63ab68a198d48a9969,statement
e01fecc1e77403ff375fbbeeb566a6bc,main_screen
faa9040e6f5d5c0005e83722334c203f,main_screen
515323874c343bf184dc5b905131359f,main_screen
6ff46205d6d4327996267059e425fdfd,card_recharge
6aa49ba593acc88a1023f5b586b0bb67,credit_info
87d8dbf5583d68ea1489f3f80acdb82b,chat
9ee0a72fb345985e4a6c1abaa5a1e4b3,main_screen
adc53c5500c3e4b83ad13fe83b130427,main_screen
950f36449be9d7618b800a8e98a1e75d,main_screen
3bb6d9492855efc8fdeafa49ca54075a,main_screen
8632f63dafd3c6ccc8133a4b57a146c2,statement
ce2e229501003e134e8d83b8e29c153f,main_screen
0853f9660df0a4699639647c420e403e,statement
5c825ee439d22deab12c73222dd14940,statement
d340416dbb56a13d67acbc30f0b7e5ac,main_screen
da80ad9c03ba753ae7d5d35e2f3bde16,main_screen
e3454950b3f84180486b1dbc19a6dafb,statement
5a829e07f606b3bf4dc988b4e0da3ef7,main_screen
c988300cd943a5a8c5d006f41004ae1a,card2card_transfer
9327f2b6b3d85d22bad1a45b97f2e866,main_screen
fad4913b8b271712bcb5beef731b7e36,statement
23711b17f52f3f727045e155a3eb7856,main_screen
08df57d9200b8eaeb90d42052c9ee937,credit_info
0d06f807805ed48ecad0627dd09990ff,chat
5704dc20f9c9d3fa85ec2fe1aad7cd44,main_screen
30b08ff8f12b76ac20c0b12f3fc5ec03,main_screen
aa9124655581d452551d241d879f68f5,main_screen
6e856c533d4d80d04d3ea1845099e0c3,credit_info
71e84f54d55efd51cf337fd83f1ab385,credit_info
b7f1ed38995fe061f4df81d7b63fcd5a,card_recharge
ea869272afb20e51d013ef63b2904051,card_recharge
7bf72534d9f353c4133954cd60940a20,main_screen
27ef485db385a411489e6eb5e423beab,card2card_transfer
a0c0348dc6633f3a34b73bf195b03116,main_screen
8d8e37d8f02fb1835d462e1a2e0fe923,credit_info
b203911c8ab32d522e7cf1b71d42b2e9,main_screen
09e2b2b04c2946d969bc5061d938b934,card2card_transfer
32510851cb6cee045da69b825961b4d0,main_screen
5f1059c8b867f2226f637ddf032ea919,main_screen
df71209d543b77e26c60d5e04fb7f249,card2card_transfer
b25e92c3807272256095a21eadf90684,main_screen
0a546c07b57a860a70f504fb681a5946,main_screen
31667f9b305a143a29c9c954dcc586fc,credit_info
802d19dc5302c4e9f0b75313fd966fdc,credit_info
ca08be1860105ef698ca386328af41c7,main_screen
1bece040d9b7609302c69c8c1f0bd312,credit_info
7a119209f5db316f3c3ee15754ddf1f1,credit_info
4deb6608972d2a032966b7c698509996,main_screen
06f1c50fc5378cc062c02d130a86d70e,card2card_transfer
f8a40e96b431c4613d262330a0e6488b,phone_money_transfer
6485748f448ce121cb913be249aeb8c7,main_screen
47af9e8797919c04f2ea20657bb3e2c7,main_screen
f020b08764cada321df7dbdbc47fc6ae,statement
5b813ffc2ae51a0b494dd56b3c0c2b80,main_screen
0be9faf70b36288ba5f32b49aece3d1c,credit_info
f8c5b6717c3dbb5d218a6fcc562db7d4,mobile_recharge
cfb197be32c30463353926af9ccbb3e9,card2card_transfer
b4f30cddc008a6430f4cc99ea28a10fa,mobile_recharge
60de12aa8637d2846c300cec66d1c54b,card2card_transfer
559032425bd72eeb49e7850cb2f3757f,statement
324f5b01b3609d7f91a6199464cdd6e9,main_screen
7a0c1fa5a75a4ce43ea98467d9e1fabd,own_transfer
450630298570b7cb2455e860b219a083,chat
8554316e7150204912d4156c3ba32c6e,main_screen
14d9a7ec42be4c57f80b42940bb25cc9,main_screen
07b86b223b2e9471c3f90a89a8c9f186,main_screen
cfaceb7a00baa62d21a1a5122f9abde5,statement
c36de54792580e19450eb22729b6331a,credit_info
b0ff4016b34ad1b4ceb4ca15710c3ed8,main_screen
a7118e2277888bea7dcebad8c7596233,statement
46057046525fdaf6be3d4b5d9fb17b5d,main_screen
fe9f216f6e6ea1ab443d580a5b809b21,credit_info
6a6001ba6e57fd53a294dc5476e9784f,card2card_transfer
9f1a14cadffd76f636654827a7ef09e8,credit_info
4d3254ec7fe070c9953d8eb358549d8a,main_screen
1db6f348872a472980da7bfe67ba81b9,main_screen
c3ca1285de3bb086330580339ab3e82d,credit_info
7f60c1ec855ee5a50285c0ccb677a53c,main_screen
9620ca4257231525f27db3478d69e0c9,main_screen
05e3fafdefd0fce675728461255ed595,main_screen
39c7dd1b18ed22d4ccf2008639c58bf8,mobile_recharge
6bf9dc1e92864cfaebc7c9f7eeae4335,main_screen
31acda7df48d2354924473ed65a41048,statement
0d10880c072736e276d3c7a2dc8a8f61,main_screen
71bce4da3e3f19da97de243c98591d89,main_screen
a4f9bd7911e187be7acd10d31a156139,mobile_recharge
b52d3eecbef0678f4d93e348f8104012,main_screen
59461f240af33db5c64913af558ac51e,main_screen
e8623424715c78aeff4887861888f7a8,main_screen
a02e8029f1f5737a25b62ff117c17842,main_screen
e546dc9a6952a2184df3e25855ff3dc9,chat
e631712753908bfae0eaa4b405d5388f,statement
910ccca05ffe42b335763b21149f7138,main_screen
b5fdb03b709dbbbf5fd146cb7253fdfd,main_screen
7d06ec65fcee854dcfe9f1f47a43cf39,main_screen
57ecb01dc4a7a82250fedd1ac968ada0,main_screen
2cc3b671219de5aa489b4df054391bb4,chat
420e4c1084f000cafa28ac52e3b73228,chat
decad406f329c114ab3b1e47e2783502,statement
e6046a1cb7aff2417bc590a54663eba8,main_screen
79f36e3666db671245b5292062b44f71,main_screen
efec256747d2c29736ffb5150bd31ba7,credit_info
cb614581874eec5eb1834980b00abd70,statement
528514143cca90a97d3c6d02b28ca43a,phone_money_transfer
dca7d15432c79f774cae926ca1b72074,phone_money_transfer
6ee11c97abfebe30ad5d7eb54bdab4e0,main_screen
363b4e98bb84577d370fab33401cef98,own_transfer
13d1af2a27ef09e8d82e9c68f6332984,chat
f6d1567f193b5e2ed402791a64e895cb,statement
6878858e71919b0452ab5d64ff16ee9f,statement
c3a2ef29ab30a89281af4c893afe29c1,main_screen
e99fb38b6ef3eb624337911225f4624e,main_screen
a27bdf85354cacf778ec36a71a6e4363,credit_info
7f05ba68824da82c7789bfced5f6e255,main_screen
40db1626e415d0c5c19049e46274cfc9,statement
e49e13c44a1c3c1634bf82b2d85380be,chat
1a8652b33af6c962c076772afc1c3d25,main_screen
913cd1f3bd71cae5ec2a7723f78446f3,main_screen
cc3e9785a37631f72f533144d8e43670,main_screen
b2c829f3d03f6625360d11321fea2312,credit_info
c958e3955d8fe35f5d663775f28fab98,main_screen
f54aa4182b46ace2baa9b085282af0b6,card_recharge
cdbe843ea00fa8c8fc22efa565718fa2,main_screen
7c59d53413d7c8afcef6ae6e8d5e1025,main_screen
5b46786dc6155cdd0f91c8e5fd7a9eb6,main_screen
595e941fb2e554afd0efd7f2630f7f11,main_screen
df2456f07669cb529d9bfe4ed45f2261,statement
a6a75e41fb6e25cf3258a3a8330828d4,own_transfer
2b5de4e8656e8211e03b43748018630f,main_screen
96c2b69644a318dab6b43626189178ec,own_transfer
d6b0de62b918d5b15f46f501f4ed8f78,main_screen
7ec6899a4d80f9de245fc719db38b013,main_screen
40252867946d221275d04dbcc4734cdc,main_screen
fb66544a98fde2ef8949c85a26d1c604,chat
06b44da2fcd1dfede4acbb35fdfe5065,main_screen
af213f6c8c53200f13bb86ddf946c489,main_screen
25448dc0cd79af6052a86c048789c209,main_screen
a3a8c536da393a8805941cf65ba3596f,mobile_recharge
d536eafb0f36c45e6328af13a8d61f59,main_screen
5650ceedf56bb0e32c09a89060adebb8,main_screen
0e15eec6e4b80b000d8775e9c493179d,own_transfer
a2e596f7bef0631ec4984f4c6f74796a,main_screen
ae825bbdc731e5a67cad97698403fb02,main_screen
04b505fd1922793fdfcacaf492d64ada,main_screen
f0961a71ec26d90012d376ba778df895,phone_money_transfer
820ca24cdd2ab816fd4dd7a99cdcacc0,statement
c01d15050a33eb5d1b0c5a12a3d5d718,main_screen
3d4d4887abcc6337d47745cafec1509e,main_screen
6466d2673ce9b94bb3981de1af31eb4f,phone_money_transfer
b51a7ebe694ff17fec3a2634fbebec8a,main_screen
4dcaa261682f1d8c31b1f0a8437e44a4,credit_info
0adcaf82330f0815d86e7e3ed9e6768f,mobile_recharge
df1e7f4f576688cf5deca7996880e1b1,main_screen
c2300d0797dacfb4cd1abe9b86af10b3,credit_info
cf80f13ce50fb2d54354008158c52142,main_screen
60605861868afc9db5f6e9d65cab60de,credit_info
9ce464d01b41cff55b9f028669b7d76c,credit_info
05a9e5a7dd21afbe96e0df83a3842a62,statement
4b7f49e53b4e4b68976f4d4df42d44b3,card2card_transfer
66c4ab6ffc2c137ec87bf5d88417bae0,credit_info
a6e82b478b08f1249718ba71b3b2cb64,own_transfer
40647fd7312acb3bfdf556b51554c465,credit_info
fc15a8ea2420cbdbbce69529f4cc0462,main_screen
0a3292df0fdc85428610d226f08f6456,main_screen
291aae426c340ef6155d49af2f08a21b,main_screen
6154166bf97af7aef6905ef1a300321f,statement
d76c3a0b1303d32fe4de884b7c193667,main_screen
4145fcca0333f6cc4c585e9551fb2fbb,main_screen
c1b342ce4162627a8ba353e4dfe9cf9a,chat
1adef8fdf55e069bc9ca9f9483b5295a,statement
121b92265bb6e77f30b2d7eb5d04b6a2,phone_money_transfer
7bbc7afd91dc2eb18f90c9c3110167ec,main_screen
541cb6eaed6a688bb65b439b6bb878aa,statement
46baee30eaf5800337dcd721ea1dc5c2,main_screen
1e05a7513d87d50b0a77ae4bf6fac5cb,main_screen
b8116ab39d7103df617804b60fc1fecc,main_screen
3eb0285b1bbd8f6d9ebfc726e0d22e65,main_screen
29243edbc4975579446e36d855cd5232,own_transfer
f52eb970ece262bebe0a0627ad826c34,statement
cdaca1854f664abfd9eae4c2f57835d7,main_screen
2595d67bb7044f13b1efb3e6e1a76981,main_screen
c2a7f213064b35aca105b4bdb3b2b1a4,chat
7e73e3e2934791cb2a7fbf984353b2fd,chat
6c9fba244ded3fa1da36d6150c7d623c,main_screen
1c846fb6d2510aaacb9189a8e3c50f97,statement
ed601c93c804376b7ba97d7238b53ab1,card_recharge
35a4dafba9dbb50e43145e399884da20,statement
3826763c0805cd4dee48f1fefac09d73,main_screen
31fbc574376b97c5f12f40431d10265d,chat
82f3579d7f591569bb7e8361f5a408e7,main_screen
a74f08b92c5770d6bfbbc4082d59f71a,main_screen
cc671f15db0d82ff4837bd0e12a00f22,main_screen
3060954239d9521ca4aa269a4a9c46bd,main_screen
05e2c1181f25f3bde08fd52a55ecd4a5,main_screen
7ec3af8dde6a5ab1f64b4b1b98c6410d,main_screen
85f66abb8ccd0e742459c1494e3da90f,main_screen
f55674940f2406e271c5549749a10cf9,main_screen
bf638577e504fda0aba86af17c22455c,main_screen
d4e6342cb56b7afd5e6c3ba9de8cf0e3,card_recharge
c66d24c5341495045a8959a91cd0235b,main_screen
db6ed59c235d84051db83126f5a32d15,credit_info
ad58ec26d6e88cedccea3f391859e88d,statement
e90c5fdd04391da932579cfe19c36f90,main_screen
809f47de68bf8948a4a1c3f5edf7d53c,phone_money_transfer
9f537a83d002ad5e9c1963cb97a01c75,credit_info
12dab0cea04b64a619c339b3278bc95d,chat
22d283d903dc8ff8f8869ed969aa031c,statement
1de72db9cf9c9eca350403b53dbd2163,card_recharge
47413e6ffd55d33e6c8836093f8801cb,credit_info
c1366908027d569d64850e3fe1ea3655,main_screen
15ef6cca164ac6b964efb3e7215555dd,credit_info
04fffa8ce848328c45bd05bc2196515d,main_screen
9636934a91ad9485c24d02a0e73a68b6,phone_money_transfer
b594c80c18a3440168a68e0912c6bfa5,chat
632e86dbe6433444e8c0bd82c93432c5,main_screen
ec3bc9aa46870f5ec8c7f1a4d6d167d3,statement
019ad8eb83bded282c9f8a20fd124bae,main_screen
2c62335ef6e896098b0cd69ebb884b4d,mobile_recharge
ea1a5a62a62372db114afec551c3e709,main_screen
a6a0d412ed12f14c7f236b4a34080236,main_screen
e522bcecdd0369e3716dca1f90fc1541,main_screen
b64ac0d02bf523f0241c16da48576d16,own_transfer
af30cf65df0867eefb23fba5dcde5548,main_screen
4565f0375d1eaf12a1565879bd17fe21,own_transfer
87b8070ba4c9eab99795ac074b18a8e4,main_screen
a902a4468556fd90fbdd6638033a74eb,main_screen
305ae0b672687207cb7a56dbf400a7de,main_screen
cc2c4f00ee2548fcf3f3aa88580a4390,main_screen
17e48b3d64e2e2b1f32644f8f9b50773,card_recharge
a60c5ad8f6713900501e334f885a8608,invest
e57131a0866174a9cde8fddf2bcb9837,main_screen
99074dda536c7708fff2c43268d876c9,main_screen
b1246c200f8bfb2e1723b9a5e25e3fec,main_screen
bf787a956a06a520c0ec0011e95f4e91,main_screen
49c3f33e1cd4f2f99dca9f94f0fb7d14,main_screen
1906a07a80b70526d802d032f0a1db39,card2card_transfer
b2ecdb3700e861c8282edd832cafb34a,mobile_recharge
45183d5725430fbce699f0f9b2e2b583,credit_info
50a7c58b13ead54ec6315eba798de1bf,invest
c5bf9ee054fb342fe2194b29ea8dddb9,credit_info
0757fcb9688d74eed0e948b68fb3a47b,main_screen
c3dfeed2ccd8ef0c56f39c7f874b0da2,mobile_recharge
1482a3d2a593b60b47d083e4c22247e8,main_screen
90bf6eb804386c11baf28608f551c3c5,main_screen
9efef63b55957c351f05fd867f79dcb4,statement
6ee169b735ac0f9dc31985a245b34e5b,main_screen
ed64bd0147a3c1ea3ca620647b91c199,main_screen
22f8e8cf49313fe5106b379087a28fb6,card_recharge
aca66ae09c0f5bcdb13115e2d1b0a304,credit_info
ebd56b5878d75ac3f76555e1bd7f1de7,main_screen
ebd48e32c6143fe33f96058bd74db525,main_screen
ce80a9e94a6c7925b629d05071c3019b,main_screen
6c4f0c28f6f25c1143686c3cb748a302,main_screen
f890aa7a931a9bb36058ad9f521f6786,main_screen
7c17d2e15cffe51ac5cff12f781ea755,main_screen
e9e60d82dbf98394c6307440c5bc3e71,statement
6730203ba2d729d8c8711e7c07dd7d13,chat
e286ca0d2e4fff11614475f981d9d135,main_screen
45e96b3d48ceed7292a9d75a61697ff3,main_screen
9a7e48abb00dbcdd447594d1337ef5ff,credit_info
71ea6eceacd593564cbc8ffb27a17a03,main_screen
d057ba343e9fb11f64269cb88e0812a1,mobile_recharge
2461fb9cdbd1d5153877624a8c29506b,card_recharge
e0c73d2e8ac329a626200ef4bbb7ede5,credit_info
3907990054e0729bb44189a4c8495b0e,main_screen
0fefd6b38bb54b522d539fcc3a9cdf8a,main_screen
950d91697e55a6c108b58eda25d752f0,main_screen
4c370780db6c8ab180af4cc6fadd6f7d,credit_info
0afebec32047b928491a12a30895f39c,statement
8874b488fa84d1827e743497bc0a1a2d,chat
d0ec4060cc68de50cf8a27d81af58dc8,main_screen
8285de0c5201fc436635a66b9d5d1848,credit_info
eb1e1deaef13535f39ead6e1e36e29e3,statement
4b9e9f62ce57be7f7df0b4f5b6c1f8d6,credit_info
031b28739668651ed7416c07f36ffb11,credit_info
4b7f409dc634cb5b570652c356d2a7ea,main_screen
8140e91df2ede7d044371f3b9aae7275,main_screen
61e86da23dbd857ce0687f0b43d74e67,main_screen
d2359fd9b971424acb25b9995e1063d2,main_screen
8cd11411894eded599b30f1f269a4055,main_screen
0fc38c770ebcb757d6556446ae39e46b,card_recharge
b0a2c78dcbce6183f35b08696306339a,statement
8e7febdb716763f4d8bfd2378ecd52f8,main_screen
efa376b1137a2aa1f8191eb21677ffbb,own_transfer
d5bcfd892467111d319fb03f3934b874,mobile_recharge
65e747fdd5735a0037da12f31172c2f0,main_screen
f6136de1f35490cedf1fe6670e2e0a3c,credit_info
189cc7fc469395520bc411692d003999,main_screen
57320059d1b0bd458abfd160662d3ec0,main_screen
7663ab441bd55c91fbb8ecc0c3096612,main_screen
a36f11a93eaf9cf099ac05739d93f9bf,main_screen
42148ae2299a9ab39fa84ced96205562,credit_info
39c61a3577cb23a7e811732dd4c3f197,main_screen
222cbce9390e4c1d8eb3241e2332d090,main_screen
df51822ce6d5eef3af7a7c8dcc531090,main_screen
06d6403b226265282762ba277ef64c02,main_screen
dba2e6b0b5926480d6318f2ba244899b,mobile_recharge
fb620c368474e5ed7b40d78fe0c06735,credit_info
87d8b0b2bc914b2a7eb7f2917c452d52,main_screen
a0e2be01bd4cf103ef7497ec84c6a06b,credit_info
9f20f233a8fc028faf22e26ee8012889,mobile_recharge
388dc12eab0add9e1173d531215651df,main_screen
3d83c2546482eebebd046131632807a1,main_screen
5a49c786e61b140e9d84f864bb9b0927,card_recharge
3978dc9041433063351b2a52730bb51e,credit_info
188b2166f620658cd097a640110d143a,main_screen
70ce9adf955e049bd5014d2f26759e93,main_screen
8b115b8c441a41235a990be4384d968b,mobile_recharge
6c208629b55df0beb18a79e380968fd8,card2card_transfer
e3307778d3abf3367139d5e22771dcff,credit_info
67ad36952844e8ef3cb70acf5c2420bc,credit_info
acd29c162702d8069a4682489980de63,main_screen
4bd9a60f8eb433fccca87e188ad1a6f5,credit_info
5baa6fbbb5e2c83b8d2687b21f48a18e,main_screen
b82799c708d3819dd3b4aead5715e27b,statement
6ed1173c36f8956cd0a699c4c476bc50,main_screen
554cd56463243a7a9d0cea2f30b0fca9,credit_info
5b823b9b35721f1988af247c8569ac32,main_screen
139bcedc0ace601cb836b634a9383bbf,main_screen
a51891ec12bd52ceb8100474fcae9a70,phone_money_transfer
d8b2e1916b024ebb145ef94cd6ba02f3,main_screen
8676e7ae43eff944786f41b9261e8ece,statement
c47468c3ce7e343ff6a6533f6817353d,main_screen
2ea170083c4f69d019e3adb8c87926dc,main_screen
bca9752e20cb111ced2be22c07e94376,mobile_recharge
aefc737d3f4e800cda6958e521b83f2c,statement
abd157c94acd75bcd3778735b08835d9,statement
5c0250df3758ebd5f7de74db70687903,card_recharge
d01b1f2be5640971ea98a16ebd510a41,main_screen
d59cc133c3b9c383ce57909e87c42c42,credit_info
16fdb8c095462fecaa2bbfa66a9487c9,credit_info
7d6ea2f7aa7e72ef8e452e83a31046de,phone_money_transfer
fd67649f9355ff8b28bd71b0173be305,main_screen
299bd4f40575ec4f2bf76f903978b624,credit_info
b0aed09b0f530473d94b678aeda8d00c,main_screen
819e5e4cf2f90ba177f85f16f6b346f6,main_screen
5e170eee082277fed2950e313a916628,invest
601b898608b9875c169a3325344eb8e3,main_screen
41f7d5ecf0d3690827b8233b960e505f,phone_money_transfer
4c38002709beda0597a3eec7e8ab7a63,main_screen
31c8db13ec354f56fa9f99b277598766,main_screen
a92b862cd3baa506ca25dbb75223a4fc,card_recharge
9b76f0c224c1ac1e88c131b5d04e2427,main_screen
d7ccffdaabf4f7c73146deba41ce0162,phone_money_transfer
280e894743ebffb7ecda10b3c53daa9e,main_screen
349504c9dc206d066603d1611038d9e7,credit_info
0ff6ae263142ded6f42c6307ea8b279f,statement
643b4e8c5a14688827cbbf3660c6ee6b,main_screen
162027daf207e1e20a0c8859ab9288ab,chat
613cf300e55724abde99a947d09d2060,main_screen
bdd283197c25bafa164e103311be228a,main_screen
1459b31f7cfe272baf98b44bbb0d3248,main_screen
544fb0ee53a0a506b9e7914446c97757,main_screen
1f38781071f08093df9912a00bf79c57,main_screen
ad5041c671d7f6a78ed8b6391a4c7d51,main_screen
58948bf8c33aecc46a5f1ddd830ff20d,main_screen
ddfd44009ecd3bd80c46cb3d7d077e2e,own_transfer
235d187e91e9e09ead3d229ad1cc2e89,main_screen
3759ec4fa697648c6df1299dfc569e53,credit_info
e0c74311b9944b2a21f7996dfe58dad5,main_screen
cf22d203281dfe02976d2b5cee458bcf,credit_info
fab70f19e67ba7f4501e393d478fbe72,chat
2d97d053b5d9f864d9b5b3db80e3eaa1,statement
d8870363b7b9959aa1b956aa14986ed4,main_screen
667f8864db0fa92cc39af425cab1aff5,main_screen
0f7f7c1bae3504af7f0880a108402ab1,own_transfer
3d086a24601bdb4d4ac569fc173dff4f,main_screen
8ab001d539f6f7a4975415598c9b6c6c,card_recharge
ef6401edcbb8bae3f04c38fe9af7f290,mobile_recharge
d07ba0aca7587261ab9c3b334d47e742,phone_money_transfer
34eabdb9aa9616ab3db75bd5a6aaaf13,card_recharge
d76e418faadd8bb2a2e386843f4f9caa,main_screen
0a2f622ed3b9eb85f548fddcbd3d232c,own_transfer
0c0d7e1ecfd8dec322e3f25798faea8c,main_screen
cf1ee283b05540adc9c5cb2ba4653f7a,main_screen
9c07ac3c3be095c22819b509b0ba22a3,credit_info
e045f2e6811b0a2ea24646443c972ada,main_screen
68e5039a82266c513364a4a1c94dd769,mobile_recharge
cb6bb52b0894c51d374299e21837b6b0,card_recharge
e0014234471378e246e26932d4478cb6,statement
c97ef40240e7a2851697a97689a97621,main_screen
1b8bc006bd0f7aaf1241ede8fc1ae24f,own_transfer
83295b2e2f358ccfd11da9bf494c49c5,card2card_transfer
a7fd0570b43ab0d949ac9e01fb6b17fe,main_screen
f91a26e10e76da2cc938b7497c1aaaba,main_screen
9fde7fa1575ef91fec609f501b088322,main_screen
a9272270835796933c840c3552a6013b,credit_info
455651c9b384b9459e8098a675f45c57,mobile_recharge
868284e8f19b0b3246c977dd9147f0ff,credit_info
bebc4ba7d1442594d1ecb9357ce745cb,main_screen
1a99fef1ba0459efd2f80053443806ea,main_screen
863e18de8f680d935f998f53c8a9540a,main_screen
d0efd8e663c52b449bd11ee1156347d5,statement
30bc3d39e9e6a4d49692eae0f08871de,main_screen
66317a920444b04aef9988e881e56488,main_screen
553c9bad93fab498eec92b93e480ecd9,main_screen
e2ab11b6ce20228c6617cb0bd34fd707,main_screen
01e5de7d8188114ecd3949c68889086c,credit_info
dba06216117ebe3f4753394c8d192cfc,statement
5db9b2a19cbe5202450e8f6047d300ef,main_screen
7c9a7a5f1d002f8fce253271fb63726c,credit_info
3c41b7d12dc65b06a1926b8d12f82197,main_screen
5cf60f517f4b0a486c91a31ae8de83ae,main_screen
1606a606c1aeaf21714caa43bf691d21,mobile_recharge
b718e058ad70fae68abacd824038e106,main_screen
669ea7a00970e0a6ead3b693dd1e575a,main_screen
0b20a83aa914e2be240c8bc450e55635,main_screen
87deb84a125b3e0233efc71f6a279c97,main_screen
a889f48094560b6001d1e0198af672c6,main_screen
08566b383e057105ee28921e14930134,statement
615cc688bb12a5d37e009774fd844c33,credit_info
80391a1caad5067ece842adc91a8ade7,credit_info
186b48dcd78d78e93fff07b34116a58b,main_screen
1a97bab012fbae4ace58aeed2b38fc73,statement
07f4c5997e6d6d40713605fcea474c71,main_screen
003631c1d7c9a144952b0ca48ca522f1,statement
881638357e5d89f820bc522a3aef0994,main_screen
f0d62cfe177b4df834ef62a4f8098153,statement
8de9c0bafa4de3b6d64bf6576d256ac4,mobile_recharge
be4855162f50becd606130dff75dba70,main_screen
17c15fdfa2b935813f665362e779abc6,main_screen
9a1b274f41997fc3e33db88b92275885,main_screen
49d7a7ec89a3848dead3635ba015dd63,main_screen
be17d391f6bf333f5187cd762cd77dec,main_screen
c9786a14d95ea8fc3435162b5c5a437e,main_screen
651697e9d0fb2bdb70d7902d4835026d,main_screen
57cef2e3d397986a3603f7d28dd70739,credit_info
c66b3020aae14bcda45d47d6d379caa7,statement
97fb7247683d1ed2a2f6eac3062d3abf,credit_info
81b6627f2717843c0b1cc524dd4376a8,card2card_transfer
ce45c9604c8d64507a0be84e1cb74b7d,statement
b4cde3e3e77466985dc13fd3b3364b7c,statement
b36718a31ddce0a5269b5077f439702b,credit_info
3c1d76edf8019a6ddaa65679089f2144,main_screen
1e3f03827e676d268be6d23433cc2ddc,main_screen
fd168473ec4f3178d4114381e3ab7ab6,card2card_transfer
c376f0dd550c4d6e0e3bec37b86e031b,chat
4eaf81eccabdc3b838d0f178e5e92f01,main_screen
988989152e414bafb78c0d5464ba96d1,statement
0bc58dd7296bd36b095c95b4e01dcb38,main_screen
96fa574947647b39ee4000e8d279ad9a,chat
db52394fe95876244587f0db3e65108a,main_screen
8a5c020211f55b9f497b582266a3d126,main_screen
525a3807788c470c5d09f292a0f65ced,statement
0e4560d0292039c5cd051c9b8e1fc3dc,credit_info
89cc68bc2a7bd5170ab20fe149dd08e4,own_transfer
5825300bb5ad6d5553d031f397b44edc,chat
90379819275530b01fb93393e6dae2b9,main_screen
e70547be3269fc0e7e48cc6ee75edc2f,phone_money_transfer
5054e65af52982488f60b43d28ace1ee,statement
af0613dd904e9449a4705e3e89bc988e,card_recharge
3add1e5e602b421634b7cc29072fecfa,invest
1cab6e0c6f3171b987556169df020d42,chat
ce099656f5941c210fca05ea2b2183c7,own_transfer
45639d473a2aef2b2407c2f6fd58d8e7,phone_money_transfer
e8fbef4dc35e29ef30b0538ddbe8e9cf,main_screen
3418cd2da48bb4e810550439f172247b,main_screen
ffb4d37cec2e265629c5559800a502b0,chat
383a700da2a1d3a61c21496833521002,main_screen
06c30136ba6b36e7dc827e0d02083483,main_screen
cbfa18e9f0061ceb2df28e14219ee19c,main_screen
65ec1aa1d18438dbb9db276222e55e37,main_screen
4f7b15ae2f90746af878bdcaa1495aaa,statement
e73d16b72fad63f3db5b4a179308a2b6,statement
27e94556ac3cfedac62c13d2f2cf0b15,statement
cf9458f76115877b1ed3afd4c65b803f,card2card_transfer
58c7db52f1532f430b5c6669223d1b52,card2card_transfer
a25083c0c5b53c7392564b3aa4c00aff,chat
dbe87782975a85d6e573504da855a3c3,own_transfer
cb6b0bf9b19d2664a278168dd6a21b0e,credit_info
bde9805cc1a36f6d1584bd17ee7a4b3b,main_screen
9e5bb627eeb9a2a0974ad7bf93952776,main_screen
30fca1b8c387c819cad4107521b624f8,main_screen
1d9ae8be28c25181c7ea3312bc9bb9fa,credit_info
bea6a761975f6e0a350bf0564d8c89a8,statement
b7d216703385c426ae06bfdb8e68e46b,own_transfer
ed98ad3d2dc2d5a93afda8a77a5542ac,statement
2ecaf0572baf7281d73b3cb05911199e,card2card_transfer
312b8e6389d3870771f885501f974473,statement
50f8ab7df00c3784e3ead9bf62428bf4,main_screen
1c0ab343a54cb6973c9ac37899200050,main_screen
9ca48e50ddd2fe5e59eace4802c171f0,credit_info
b6f9a6639dbc7a90e3295d23b95dabbc,card2card_transfer
d3316c60ac10556405a3589a3c3962af,credit_info
ba5af1cfd57225254d6275bf8de3a0cf,phone_money_transfer
803ffc71d8f258d141f44e4c8a8dec21,main_screen
3133cb6af37a43cd290a5b5216703df1,main_screen
a6c3ef451bb4534f598460ef8f240847,own_transfer
83ef8814e68d5e9d19811b75d6e45dd2,statement
353ac62e9fafdc3737670b417ecf5c8b,credit_info
716a313a98f095870d669c88f3d0eeeb,main_screen
cc397e61da21f6923e1693915e03bf10,main_screen
f7b182ec8daba50d6d12ceac9a20e0c9,main_screen
752ffb37010be4d4b0c031a53366b0f2,statement
deb1d57605924a51b53b45b73ebd84a4,main_screen
3e6454e423cec95132b1a28d70ac104c,main_screen
ff908f0720bf22060753cbe197ecfdf7,statement
02dd71491008c490d252b72d41fae175,main_screen
b1a1081a4876ef2f6a3f0383a89a9275,main_screen
7d24f5cdbc5d2665c0c6276c7cdaffc7,main_screen
cc3d9d827432efe9b329537f1e42c81e,main_screen
c375cba09706be0903f5e11079f6a789,credit_info
ede0e86fb3e96c35ee3317f0490dc7c3,main_screen
11d22946f04ea84d6ff6d60785e9bf7a,main_screen
ccd22d1590ffbf052dc57c2dcde48095,credit_info
02ead8b5a4b8a9d7fe82186b28d743ae,main_screen
31e8d91b46e5210d63cf5fa0d6ba0f18,phone_money_transfer
addd7af9b7969c8ff103123e56334961,main_screen
eb49c9e555e1ab2e0ff31ea0e508fa00,phone_money_transfer
38723106fa3617b6ded05b8253c63a0d,main_screen
6ae455b748c434ee83be5b4ddd87036f,main_screen
510cf6f5976b35491d323c2f1a06972c,main_screen
9b6641ea4fd3c305312f8ec1c87fbedb,main_screen
3ac1c04fcf53046345a6d0d1157bfaf1,main_screen
04220b3f82b14777d0d54ef311300547,own_transfer
c91447c1a13420b4171ce0de0dab8a15,main_screen
24d2c283e04a35a1b338ef102102a474,statement
52fc6eca3dfaab2a4471d58631601e9b,own_transfer
7462dae7e1950fe8cfcfaa1be1965113,main_screen
0e982a3fc0de1a40d005711cb480e349,main_screen
e2bcac0c9729a6c53252b0f137836330,statement
14c3961ca27961779129d236b1b80fde,credit_info
68d7043ec6971846f0765dd68bae6c5e,main_screen
3dbe48cde25a2d8324f4e2a21f4897b5,mobile_recharge
ef6ef300ce9b1c53c8c20b01283a2b3b,main_screen
457930a68bea4db79f328f1ff89139be,main_screen
0dbd7c7a1e7569d35445f30c3c21883f,credit_info
db2716b36320bd9fcd7465714afc3cfa,credit_info
932063cd94fe0d8407d518369ab74273,credit_info
512355f17e9c2931a5c583e7f31b239c,main_screen
4980b0e029eaa6806a5acd3d933ab5bf,credit_info
bd2b883e009f836d0fa3f52a5f9922b5,main_screen
7e480121b1759202bf06b3a1414c8b05,main_screen
dbfb1603bf97849eb362e19a8ea4f765,mobile_recharge
57a3066731eeae97da5d4d2ce61d2630,main_screen
dabb74253e95bc25d92e478e0bed208b,chat
2eaee8a42cecc9cc8c71c62568413ab6,statement
4ae5af52a29f7170c37741b12d572f97,chat
7b72525d816838c6aaf1f7e74e91a586,main_screen
e616047f1ab50123b82ecf1f62d60c8c,card_recharge
c113a59969d0d6adbf8511a24cfa09fb,main_screen
547d0864ba91c10dd574cab8871abaad,chat
301391e2d0cfb2cff4cfd57e8cbe339b,main_screen
78c905019050384f2e06441d45779590,card2card_transfer
fd06da8cfcc12ad94be249ae3cd3f98d,statement
a395b011c7009f1e2a38520a8c4f8c82,main_screen
3c5dcbc845ef09fd1a0955930de277fb,phone_money_transfer
45573c0885f4c545cbf428d1f90af01a,main_screen
f1654c39f85fcf64bb702e33c3f347dc,main_screen
f60551da1ec4cfaab56444d1ce5c195f,main_screen
8197c1fe7f2218e55bd60610194cb0bd,mobile_recharge
9290ecd187d2cd88f3b37dab0fe2a469,statement
c1f74a798f74b1ed12e54f3663b31609,main_screen
e44aa8cbb6aba6c5b3d71d14c66b2570,own_transfer
c37d04ebfc7149fb54ca5336342cd4e2,statement
533cf9ae49eff3599db604d9231f7ee5,credit_info
c79c6c89e2d1a613f1b92bfcd8b4e888,chat
3988423e0b5e4f4182bbaed7fb63aeae,credit_info
3e3e62769824c45c121960f9cbbd76dc,main_screen
29edb65fb4fcf1a48256e29a2e2482fe,main_screen
e2b2cbd8772d403ddf9204a37c8f7e2d,main_screen
3609ed11716fbcc1587986abc8f6290e,main_screen
8491d988a30259708e6ad9222166b69d,statement
943f9ddbb5f05fa08a3d5fc6f25b8209,main_screen
5a01f8905097f70aeb77987545630213,main_screen
d82faa3166b18556be4d694d67ac98a0,main_screen
827fe7852530e5d83b6d5632f746d2df,main_screen
fab36e5ac50f626901dc46828859bb47,main_screen
fcd7ada414f717cfb5813f74991efc94,main_screen
74d4f620cd9b8eab8dab055dbb17b93c,main_screen
06b1acfef762a037402e0e91fc66aace,main_screen
2fbded6400270eee2f652ef6ccbad3ae,main_screen
3e6f0527c5d2b2d57b0a1cd112308e43,statement
7a3261d3cdde0cf06e284990881899e9,card2card_transfer
ee16c610540b507950428ccb12b9df0f,mobile_recharge
c14af0aa973e2e04f4f9c5046a5855d5,phone_money_transfer
bf4ff23c605bbed484ec3d36b51d2604,main_screen
8ecff4372bd8842a5bf2ba3c6bad72aa,own_transfer
53c6ac98860b19150c304aecf1a93124,own_transfer
c7b1cd3e0560f880772c35eed86440a1,statement
c8515d4c0fcc0270567bf326ff329fb2,phone_money_transfer
31f809581ef16de2c7d4cd7c838ebbbc,own_transfer
e90207fdf31c9c307aa6fe3825de8208,statement
090c6d72c9e2ea3e3bac910311328798,main_screen
17dcf2013af24cbf55fdc64e3ca789d0,main_screen
dbce94ea13dab4873a430dd12579bbe0,main_screen
74309999e06a5b2f3ac0d9d3f646558d,main_screen
d607b07242003eb7208586fbf2f352d4,statement
78232096730fbe1ea3c11bf6ad97df7d,credit_info
9aa1af59a65778cc6242a1f4a8313bf7,card2card_transfer
a740e8868998697c7d540bfbc6a33248,mobile_recharge
2d2cf8a35565e43a49d3d16356a67d55,main_screen
4c6e0c6a6c5b0034538afcb250c87e43,credit_info
870c5e207839fd67941b59ef3139d65b,own_transfer
e274cf7394baada1b4b4bfa3b83bc78a,credit_info
1833ee5a5e053f779fd35f0e2a921ae0,card2card_transfer
4ccc432e5b7524bab268cb72a1a8c115,main_screen
c925084078f223c78f6a3bc3c0f9529c,main_screen
e40b8861acfa7d280588598540a9bf83,statement
38b0cb1fe8c34c8417828c1764d5274d,statement
8638e058c5d6e4c2b1e8dd693c20f367,main_screen
14f73086f3ab67ff882514052383ce1d,main_screen
359b51a039ef743b6ce172cf6e1d6a5a,main_screen
435ec4c4098bb72c4efd23e398b898fd,main_screen
2ad364d8cc38ff04c4e279cd89b8267f,main_screen
7bc0fbc30b91009c2908365536129d97,main_screen
a51628b08183cce4d193e30508df621d,own_transfer
1e4e11e5f3c830470ccc6dc87e52798f,mobile_recharge
3a78cc639d98aa9291a51dab69875a1a,main_screen
bd9e0acc972049c399c257bf15c10e9f,main_screen
2c351fae13f1664f3538f9072a08822f,card_recharge
5c2ac02818af50e38f7ae7be09d3d2f2,main_screen
cf0dbca023d7d4fb3ac054172fe85c4c,main_screen
86224abaecd664c2335e57a1640ce46b,own_transfer
7b572cb97a3f1483ff5ec8603d9361f2,statement
c2448d5c3c70ffb9ac49644d85cfcca9,main_screen
70eae75cec75f381b68e07e05fd48973,main_screen
c82dc551c646be6198acce9c0f75977f,main_screen
70fe421f0fec6e782eebea046fde9118,mobile_recharge
fc9805093ade006948e1c191950b8532,mobile_recharge
6fa97bc5a5ac4b88274e07a61988a4f8,main_screen
94024237a0476ad51312675b1a38225a,main_screen
28adab27259e810e68759ef49f828c3f,statement
ca8919030c84c2c08c7d4930121ff5e4,credit_info
cb72626a05f6a062c04126e3500458ee,chat
06a2621cd1e2840742463f50f21a3d7a,card_recharge
7c7c00eccd1b0bc7cf504d742d672473,main_screen
957e4c7944e512bd58cd87adedcde008,main_screen
5ded9747777b695b3cb39155ac8e761e,invest
e508377bd0450a35b609be2f2d738883,main_screen
38db80edbcd506946882aa879267cff4,phone_money_transfer
95d1952bd325187f618b09b7516503a2,card_recharge
f4ac97ca8cd96107541d4c47add3114b,statement
77602194264c0f782f05c1d60001bd09,main_screen
0f7238feb8ee438c01acee048a098cfc,card_recharge
ac2d1640fb5d1438ccdd371c955a1b5d,credit_info
bf7eb959ba28f07f815032750e72ff2f,chat
5d2c05709cb174f1f37e5bc09343f5ab,main_screen
0cb7460caf44caf55479dcbdb8715993,phone_money_transfer
5b9b421584d2602b3488b21f7d5f0944,main_screen
5ce2a8c14377eb0e8cbf386a71cf8895,main_screen
bc4fa2751c33b1accba565ee64361d10,main_screen
45e3c06c3f546740e20fd283d589c0de,main_screen
c5a58c1f9d496bfeb898c14e28fbd5b3,main_screen
98d1334c293161de7ec3438eaea70a49,main_screen
b36f748a9ed1dcb4e41042e1f84dda51,statement
9ad6c834786d0d1340691f1803ebdc97,phone_money_transfer
ba2c0d9f70fe77f9383aef1e6d88946a,main_screen
d094ef78d64404d95920036e6ab8eb4c,main_screen
aecc5333a7d49f6fa3d2190ee69b5950,main_screen
4f79c8e50aab0eff878ae056cb19aa65,main_screen
372507d2efe8f57706c4411c15af9f52,main_screen
4c8e7df8c9dc62e4a79f8bd06ce64b01,main_screen
aeb293606b27dfcd8814233c7efa60db,statement
e2f84fe8b0f46e38a8613b11fccc0468,main_screen
b649208d85ffae600f146ac148777ac8,credit_info
8f6a05f39ce54d4b442d390db540189d,own_transfer
71122c315c72de19bcab25431fd9e2a0,statement
343b98b1f7c494084cd04df84a8d9f3d,main_screen
238afc7f2de29645df31b31fe86a3649,main_screen
c6e8f28537c8f5f903dda845ecbe199c,credit_info
d01180e85487af3959d8969da32312a2,statement
f1cd67cb089d7f9662570b3229cf73e9,main_screen
f7af2ca25d07cff57be83af05f8ac892,main_screen
e646c10fa4f3f2e41eb15791a719ec34,main_screen
702f1b17281391f958d5e9a607523269,own_transfer
70c862cc477afa6604827a9b91c10d31,main_screen
30e13f33b9386353d48a6678c8ed0d58,statement
10f2dfdc95e03e048bde0dc9ce6deb83,main_screen
3aa2aab5a15a752fffa0f1f19db3cb77,credit_info
7f6e807c6785b4fb67a42571309569df,main_screen
d00fc7342f949e47333fbb21b336c52d,main_screen
d6ec7d726fa18ba8e2209e5eb48afd52,main_screen
dc4a305e6bc98423fecbb04c07b437d5,main_screen
2e577c435ead854d975b01c8b3313328,main_screen
149ae87f46ce16c4646f9b57638660e4,chat
e2aa0b97814e2015b6602b356450ed80,main_screen
35f7af161cb03f4b65b56a26295b0693,statement
057dac576d26954d8ed5319a6a927169,main_screen
c434494014781e793ad32bfc9130ff4e,phone_money_transfer
ed14ce300560cdac3a1b8c81436fa6ee,card2card_transfer
74444666ee135511b93c17da6eed455d,main_screen
55fa3e9c738b9e482342b57d17a47916,main_screen
9a78dadbf5c6c2763c4acef2ea508fc3,credit_info
58ee29831a12503dd63ef3e3cd8e2edd,credit_info
8ca72f3b5b69578ea08fa48e0dd666a8,main_screen
bfaddbb4c259fa47812cfcb21c06f655,phone_money_transfer
8a812cace2c423142cae7893a73e1cbc,main_screen
59ad36500831180e90a0084104b1e7bb,chat
bd1d5c891217e59edacf036716a40fcc,statement
c4e2c73a1ab772a632854f048efd054c,main_screen
388ca70504fa959bb09f43128344b2a9,main_screen
cc92f9de43d34b6043e2f59c6de9d1d5,main_screen
56f20c641e60489e215307a5d0621145,main_screen
1493deb3351991d2009caf83802d69a7,card_recharge
03424369d2bfd749a5a5ea6fe10fbfd1,main_screen
30aaa21603e820e66845768da44c078c,credit_info
6df6efee64178eba6d42e0ea21e047e4,main_screen
87aabc26d0aafbdd56c5d65c18d85fb0,main_screen
bc430e8edc7a6f70c8ffcaf3b91ea349,statement
a863540ec255a18d47c8bcbbbdd80e87,credit_info
40c5e278f7c9ef7b39a8a400d7302ff6,mobile_recharge
bea29c9883d6b37b824fe77666d34b90,main_screen
da5508a0e4b0a4900f44ad39594c4508,statement
ebcaa98ad4e0c3a6c3541618a321056c,main_screen
ab27ac4e929ec7432e2fa8e0b34cfa36,main_screen
c827d859f3991682af141eb4ac2e1794,card2card_transfer
934a8b411346ea17c72922f41e7d4e88,main_screen
054b8cfe4b1622917d76ad11b51048ff,card2card_transfer
115e591cdbba29859ed59bf61f3d53c9,main_screen
7deb1ba43df638807bd21d0c951a8cac,main_screen
af473ad5360264be25a007414a2c55e7,mobile_recharge
8544849ea59150df49b9215e7ba25c98,credit_info
9cae6b5206567545acdade8c10510337,main_screen
abb5d1f56195525cd038e43d7b460767,main_screen
4628de74700846f8220846127fa235a8,statement
5deb48064e07b71e925c3563b84da5b9,main_screen
bf570375c9e659028d48a2f1b2456c6e,main_screen
48cfb189b781be91a521c1a47af7fcdc,main_screen
aeba0a1bef52feffbcacaecaa89f8ece,main_screen
8d5a8a1de4d78bf7a42d07b543774f39,card_recharge
cd7b9474e739e9d5ba3c579f07568ebc,main_screen
afc652e5edb21703bf76c3cca56b3ced,main_screen
84e0b1eac8b297a25436fbf8f375ecb3,main_screen
7fb15c40a33a8ea54ece2de1ed918bd6,chat
abbe5b8989f13f57e12193a0e7b3a475,card2card_transfer
980157b558a1bda54a141dc196a4b8ac,statement
991c957e096e92a28aaadbaab24eb836,mobile_recharge
817d3eb81fcba1dd829d828face04ddc,credit_info
ec74bee21c9fe79c3dcb10a2a3ce247f,main_screen
22f67dcb7c1c5a1225d9ab0f8333b08a,main_screen
7ed0f5efc4ecb9eee5b3677c8989a393,main_screen
bdc9327677cc129a7e3eff045aed1fd8,main_screen
122bbe73b735ec79013e5ea441a3f564,main_screen
e024337f5128996a848ce39f81653d03,main_screen
3383ca21e2dd62c711bfe1e9388cee0c,mobile_recharge
20386d474a1efd5b9b811aaf57937bc3,phone_money_transfer
f5612a70594b5429ffbb80124d5745f0,main_screen
5718ab6c4240a14951e9f46ce55be349,main_screen
691a6ff11f77daa22a8e2fd7210066b5,main_screen
8241d186665aaf00ca7548b59b7fb89d,main_screen
eb28839295088745a64802eba4ce6685,statement
88839aa649d71c8a1a1d2a02e5b8fe10,main_screen
161a47128169d4a973fba5b35b5c4bb4,main_screen
5edb900daf295099c1b07e4b36488916,mobile_recharge
d447d559a7eb198fa1b902a212931623,main_screen
a6b31d0140206f981ca197a3f8dcacda,statement
6876f3720f168f56a9a72e8bf994b0c2,main_screen
3553a9d5373c57e1cd2f13c9eb442b24,main_screen
9445283ae45f9e2aebff00da767f6eae,mobile_recharge
826d1bc6b7826a490d2f16929710da78,chat
f0c911d21c461758bc767d010c24a7f1,phone_money_transfer
4dd8191c6c7dd03f2d6f5d8bdff81c64,main_screen
21dfc3bab3641360e3d901a582e49f72,credit_info
cf4326cc267b6cdaea7746c318a1fcf1,main_screen
1d93db445a4b61b3768a77b49f8c7c94,main_screen
c465b1cb624cc46084b14594040bb9ee,main_screen
42b7bfc4bf9eba3b5d44003e32624843,main_screen
b591ea5127a164d7a23d089788c3be43,statement
0d100aa304fd1d80653a4e4793c41309,chat
e1af6a262ee6c3b764670b4c773c3427,main_screen
428b3f88673a595103b22a04f7ec75fa,chat
412b30db57418ba57826a1b239f78dd3,main_screen
96250fc07a863125baf1529e55fa3712,card_recharge
63a66ae64888bb5f74205d12dd96e998,main_screen
b5a18a6e7b2999aae3e5a250b83aef7b,chat
87c46a8b823d6eeff09064af574571ed,main_screen
0230fbe9539d006799d20f850fbd3f62,main_screen
bc3c6805f104a4811e81343d675085d5,statement
6a07f837fb91e42b90b55cfdb9d8988d,own_transfer
38de58aea7e6449767ade60adc014910,main_screen
90c2984a1dbdefe7f27997916d3eec06,main_screen
41997c0f1a278b93185092d51fb9c43e,card_recharge
17c0be1c3c875cce2c8c5fe8c49636db,mobile_recharge
c9daf31c551984b1518db81b5732e78b,main_screen
aa3553cbcfafb7c010228fd68cddec73,phone_money_transfer
89529384e35869e4c133650dfa5137d1,main_screen
d452e2ec692c7d4bacc4afa331f226e7,main_screen
0756206b779923eb424f819f33ad28c5,main_screen
61e4c6e3aeee9f7a91617b0e2ff53330,main_screen
7d3cb7155f6461d6d4df1f545926a6e6,own_transfer
4d3ad8cdcdfa794f8b309369830f737c,statement
9ad66de790f1753ae4d92a73d5008c75,main_screen
aa222a88050c7150b53c290096a08154,card_recharge
de07ed5e4bcc7dfcc7a08bf45ed2e5d1,own_transfer
64826601255a0f85e14dacfcfb01a536,phone_money_transfer
f9a61d174b155819ecf87a6ecd9b4180,credit_info
d6ea6a7a6bb78d80b5f0ec0e611ed75b,credit_info
9f5585e48c170ce9edb72aa7e8907c96,own_transfer
a579f3b3664bcea5cf79b39439910052,own_transfer
b9b71e08be53f5de861d7f6f5a044167,main_screen
5f53f66b1d4b866ee8722453beb67761,credit_info
549d1b2254a353f1acd99dba9f2cd49f,statement
498482a6f75c1863510710079f67aad9,main_screen
42ba0a1800befc77730829b7350c1f4a,main_screen
80907037a2d1092ee08d2d9516d88cfd,main_screen
619cb040820f6198042cbd3727ee055e,statement
71a2bf35b5cda6ae5d76f2b6c39f1279,card2card_transfer
86af2aa8b5a4bcdf2de524e73502d579,credit_info
40478f6811ae067f467bcec410eb27fa,main_screen
657afcfc54391f32464d1d204b824e96,credit_info
347d0b22f067dce543d32e54d5b561b3,chat
15de4d5111ec313e0eb796a3fa98de86,credit_info
54e81640db657b315b69663fbb0f6a5b,main_screen
67828f06e7812eb9711f45ba8655929b,credit_info
4c5331ac7831762fff2b7246f66798be,card2card_transfer
c5069a26f32a4e159b96cf2dc664fc0e,main_screen
4674fa4c042f52918711c78cafa36d4e,chat
594c0b9bb0af57e20971fa1dd3c67861,card_recharge
248694fdd35a9576090308298b941eb2,own_transfer
06cb1111e674cd40229f426c6d90b4ae,credit_info
319e03d219076074c5961a011b568656,statement
7e57cbbf64f16731f0807381ec315349,card_recharge
4231531f3e652bd986c6cb53feebfcdf,main_screen
e963e82cef8a1ddfe4b7102352334924,own_transfer
3a9cf65407432b91319de4fde51bfefb,chat
5bc8e6d7608a3fa7c87f67a95141885d,main_screen
9a5aaa341c8ca007635f252468c998ea,own_transfer
32d6134a6a5af4f1d25baec40d116160,chat
d77317180e3e8cfb4f3fb8581fded765,main_screen
0264ed227711cce509463a70b3dbbfab,card2card_transfer
8c76f7cc34b1d6b36e95b7f5d586998b,main_screen
3454790ce21e133a82d7d5d6ff98733c,credit_info
b79ab67916f587c362c417c6f0e1361e,main_screen
fab319ede486f12f03af7b29e68f66c8,statement
fafda9a16f3e7f83069ff92fbc39e557,chat
9f28a7c3b2c33577d394bd39e81504bf,main_screen
7f28602a32ab6d64f191f5dd108692ba,statement
3e5c2bbc148f2f23c2fd4bb59df233ae,statement
79b2bb8a88a78920d215f4e7e891f273,main_screen
bfd02ec2229c709e586647f5e84cf673,card_recharge
62662f21b2b6e84462d11398911cad06,main_screen
affa332203edde6f8cd0342321649aef,statement
d113cf03692cb51da57c9d7eb5be0538,statement
c0f1ac4af2a73127ff9965439f8e7054,main_screen
4d7d4da9a869c9aa1981eb7f6d8b38b3,statement
721503f20995e0e044d3970dc97501b8,main_screen
c3f04dc011a566b25bdaf0fda1e05ba6,main_screen
4312623662eeddd8d60660c53ce4c7e0,chat
46588e9b216e71310f6d298414e21d37,statement
d825cd9749ac79e9c862dc5b5bce87f4,main_screen
44553339c0a705ec9c400e21ccbe4ae8,statement
abe27b5b8c32ae18d999bfa8bf52ed77,phone_money_transfer
2489e9ce481d3b869ab9ad3054197fca,main_screen
067d04f2bda92e2cd63e7e2d771b1b7f,statement
2c202c8945626469c4f8d1bc27b632d2,own_transfer
98785489947c75a17b31a0345f71fefe,credit_info
85cbe8fd192c9fb93e03eba61a238705,credit_info
3a39b282bab92b86fe985483e2775a05,main_screen
1ec437f826adfc2c57bdae57e9e411b5,main_screen
cb27cb1fb5aa52599157c285fae6fd54,credit_info
700ca449669cd1e649bdb70a020b0639,main_screen
8df2a69a5e7bff60c08bfa0209403194,mobile_recharge
01d6e482b01fb2eae2f5dac982fcdaf8,main_screen
3107304c63e80cae9e6dbb2b2b22a2d6,main_screen
74a2de728fee882adbe0cc8980241ccc,main_screen
31d6d6507547326f5f214f840990919c,main_screen
f27b5f574fbdf0f9628a08ce7af88cfa,credit_info
fdd28f6ccc689322eb0a66d9ef6d14db,main_screen
c91f682f7f53934989c16aa4b13a2458,statement
4a88d87ff4320750032a3f8990ad4252,credit_info
77ae397884c01b618c6dd16c0163583e,main_screen
6f71fdf0cfa6ca948390b493351351e8,main_screen
f734af497adf2761c0c59a46947759ef,main_screen
40cb215e37a0f652fef42ca3da8f637a,main_screen
1f0ad642b079046422eb4a9fbb61ceac,chat
cb9b9bd5c4a9fba15bb3cb0ec7214b70,main_screen
d894e02fe79ff3a93f0ba698ff5f7e64,main_screen
c836f09552ce1a12035ed996c24d813a,statement
219a8cab3b611f1ec0f86504f01413e0,main_screen
2ff0fe7ac9c3c9852e489fe59716a1d7,main_screen
58a3c6b00f6baf37e4c22d240096c6dc,main_screen
80bde2bf69d9bf311866c6641e8c75e4,main_screen
4adfd01441dee2cc0049a802dcbfadeb,main_screen
6f86a82c3814463ec2df9293522e732e,main_screen
02971450509de7a98477fe1866ca0b9a,main_screen
624fce17a6de06960dc97ed38dcc4828,main_screen
ec8fa7f7ff0abc9729ec92eedc00035b,main_screen
a9023025435a7a6142c2d9721d8af571,main_screen
6037ee37f575c82d1ed29aacfbb0d365,main_screen
81da8bc03ec21e45fc52d854bb145f2f,main_screen
cc6a05fe876edcd60ab9ad8e591e86a7,statement
5a7ecc73bf103f4b8c8bb55128d565cf,own_transfer
84b788ff629a2910eec432a7a09ddaf5,chat
949e37751016b6cbd66d803016939542,main_screen
2b456571d374bad513865a4b19da7a5e,main_screen
1e4cd5a232c758a3f263f496cb7a45a4,main_screen
400ff92c89f2a302ed42fb213403f030,main_screen
c318feb229496447c1c9863b84ddb802,statement
19ff1609c836c38845d2c9ab72cb18a8,main_screen
b578280d4a363180856ad5b1a63ac0a5,main_screen
a496b83901f6cd2f793b66fb298a4b6b,credit_info
8cbb28d8932b96e5b8e21a237a61f668,main_screen
f9826dd8bea8f9b51c03cfeb24a8da33,mobile_recharge
8eba09d8b69b15b9cbc4712321d5797f,main_screen
bdd9eade43145f3ad088053333feb3b2,card_recharge
21bdc8ed7524b37b5db2665d7cfa4732,statement
3edf2ce330f4341bd0483b503bc460da,main_screen
c287c23294c853e46436dd63cd09f2b3,credit_info
826c7b2cc727bb2ebf21a51c27f60414,credit_info
1fc8b1f7a764605b112f3efa049ca49f,main_screen
f222f4d22f45248ed92ed4056dd7faf1,main_screen
f89207e8a996d6ce2010ac2e4e06df16,statement
fccfb3710909ddcbfa6f6d971498bb17,credit_info
6e481832b30a6a399a9a3143617b121a,main_screen
c66ba8c85874972771f1146925c74a0a,chat
46728549e82354ad34edaff3755d83ba,main_screen
de252efe0e0a546b005b7265cc90759e,statement
c83e6a96fab63e5c8b1c0f6199cfda81,credit_info
77a203623fdc35ba649e2ad9e848bc6d,mobile_recharge
9d043c28a7887f33298820668fe96e66,main_screen
c978b9afbb2b1ab9db269d306e112e2b,main_screen
45ef5f392cff085e1e8487707422a808,main_screen
08a7b2cc9c9b4735a055326b38059673,main_screen
1c3e6ee77260871d3593e89c9ee58c95,main_screen
4a91d423302ef70ac6b947db8191f57b,main_screen
fe1ac42421020d6d820a280024fc338b,main_screen
36b6a4ec0822c8bcf9855a659906755d,credit_info
b02d4ca73cb070f405cd56a2377e5e1a,main_screen
a795afee8444b8e66c758e8cce29cfe3,main_screen
5eb6aa83c5a1ba4abc11d065fcd32296,main_screen
734c89e41e39dbabfe181a4b104b48d4,main_screen
291ebe79b943b66a2a92c1c6de820c58,statement
f6575fac13ec34b9c47d305283385488,own_transfer
f10645a464ad616ecef76ffa7f736f71,card2card_transfer
6f8d719de402e1d07d548688e8731164,statement
c107798530b954a7b086be7c4da39d9a,credit_info
e75fa77070ba85774fd799d452b66942,main_screen
1957dc2c4249d4ac9684dd0007933946,card_recharge
0a2afe333a3f8f2a5b03b35161c9732e,main_screen
379a5e730b61295502a6735425180411,card_recharge
652dfd732891d926a0794e0cb87206bd,card_recharge
de0223b0bb877c9d3fda073fdfd4e534,credit_info
43e7888697245add655925021e605ed6,statement
0d31076eda3090c6b50913a664e1a5d6,statement
ee15252537c3bead4bfe8673037ee404,statement
0c23fa8cbbcad3583598ffe84b8616d5,card_recharge
cf4326fed1c384268ea51a2db2a55faf,credit_info
ddb508312b30494379d619a697e56653,main_screen
5aa197df8057448b62827c2a218bb8ad,main_screen
b897584ab090601bd03100cd64032162,main_screen
1d7f5ed6b1e75acc2cd6e984514f1d83,mobile_recharge
2789b2b1073e49bffd11cd662b07e303,main_screen
f209a71a7d695650c9172323129a5880,statement
2a048a3954ecfd30582dd1c9e20b2416,main_screen
b6a42549726fe7fcfbbae528906ce415,main_screen
719d584835acf68dfcb5b5f965b46c95,main_screen
c4f00b2d6d53797e774b475cf17f8188,main_screen
892ff37d1d9b5ca17e13d87da8b4586f,main_screen
41240c18acbed1664a89149f871644ce,chat
902c14232e634c463fb6f1e909d176ca,own_transfer
8d98dd466280e35b0c69b601b4dde637,mobile_recharge
21b8695cd03ab9f683a0d15a18d5491c,main_screen
e9126be30486a9442432d68c3c554726,main_screen
d35c86e1cfae09c1b98dc4b65fde27d8,main_screen
70d44df13ea0cadf680d947eb9a181c8,main_screen
6c732b5deb809f0008789be50936a89e,mobile_recharge
9716dbc3ec94db1d1612d053a4d40461,main_screen
bba993dd67e55ee763862540af4fa964,statement
c0943c2b2b610890057e10e93d07066b,main_screen
5f91e81b2fa97e3cf501a053a6e99df2,main_screen
5bb0f1f06a9b23762b33ff542ae187b4,main_screen
fb32aa2d3aafd561443e40c232cdd1bd,credit_info
754096e3a51dc371ad8b5b9c7a501f67,main_screen
6d0c8ba8e2abc5d88c9a0676f271a6e1,main_screen
2505a120da69c07a6625a84a484e095f,main_screen
9ede3c6ff6d86e4b74261bf359744151,main_screen
99e3504045fe71684cf0441dd3402ffe,mobile_recharge
2e703cd32f6dea669a865e3880c49bb7,credit_info
fbe99fdd7526008b4707526399433bea,statement
d8688bd56891276b3f9806bec41e3e24,main_screen
5df99aeea80c44d86055031fb4d39c02,main_screen
33abb15d502eaa6b0dd9712cb80af6a5,credit_info
b63f97d566cd84fcbfdd571ac43d36aa,statement
97b14a04e20cf3dfc06fca57ee0d9221,main_screen
5fd634170f3567d78affb0e359574406,chat
f4d10ab20b58e34867b0748f1dd0b514,credit_info
248008bccffe41559cbfd2dbd885bdb3,statement
9501ca11f3740754a953f8afd799a37f,main_screen
e6cf96db588efbe1da4a6fa4590a481a,main_screen
4d455cb20ed4c4f499970e56278e43e9,card_recharge
73da29bf97ffa4a90f79851c7536f2ba,main_screen
5f8af643fb9f272a34e3d335109faa7a,main_screen
813aa88b48510dc4259a113b63cc952e,main_screen
320543c4df4de15b7f20048df66910fd,phone_money_transfer
d72b903d9ca5e42ea9e8bc6252cd4ffa,credit_info
2b09f5efe609bd1a92c5590d93863589,main_screen
38dd702492aeff57fb349ae58a4c0541,main_screen
02fb8c2b48dc9047562d20b254ef9313,main_screen
ec9c2f7ad9c6aa21375be3b5a36de585,phone_money_transfer
d34586b7a02753f343b6922887c52971,main_screen
8ec5e7e328500b13964ae2de9ec43446,main_screen
51409b63d034575f5092e9deb2df5675,card2card_transfer
0184a8b739c3cd96d309503ee94a9228,main_screen
634c6996f0888c75cf93ceb439c2b8a1,credit_info
6b8616bc54d74cc2d7a9e8fbd702d914,main_screen
f7b4d931e14098ca31d86db41a052d29,main_screen
f8c617d2690df195cd258f26b6911603,credit_info
405996f347c455e675fcb79010b73b61,main_screen
94f7a014ed3d18d605ef2aa9319fe3dc,statement
fc5ca72a74872dfe317e89b8f5f14fc8,main_screen
ebd58613aa2b3377313a2062a9959970,credit_info
cd3860d383e62f11208dd9f338683207,credit_info
486650ae81a8435a5302a57a7467ec8f,main_screen
fd32dd1b19b5dc18bf98efd08357ebb1,mobile_recharge
9d112c621424b3e07c309a3a83c2d688,main_screen
848a0e9c8955c98857d862362db5ac7a,main_screen
0417945b712399762b4468da0d8e5d3c,main_screen
e82ac724c9b3a1955a3cca81dfeb2b53,main_screen
8bab557164279634bf1d1d9e21c2f783,card_recharge
7c23a6077ba252edac5c2391624c18bc,card2card_transfer
22fb92468d65806cfcf0a26fa8ad17f2,main_screen
a56750caaf468ef867131042082a5f4b,credit_info
12d3515ee3ece2b8af34f15cde177ce3,main_screen
aef4e9bf5a19819899d4ecf72043e3ea,mobile_recharge
79d9fddd6d806e8d58bfabb9572560de,card_recharge
dbdef5e7375ed407b03651161fdf915e,main_screen
4d0331310e26ba1e8a12cce221a7da88,main_screen
17ad9acb96df948d52cc98f867a39af9,main_screen
f4400e53a70f2f21830c156b1354a1c2,main_screen
93c793fc66df0a17bd8bae18842e7044,main_screen
0274893d8180fe926939c1fd8ed64af1,card_recharge
fe1848b6a7c51fea9033fce614540406,mobile_recharge
e0765b219ff0d5ee31a01c3473862aa7,card2card_transfer
f082dd82c8b757b9c9bee1116ebcaa3a,main_screen
330bef7daafc0503aee98d8e5cb07e2c,main_screen
a9e3bc5f0030561feea8cabda1f300dd,card_recharge
b4f6d758bfdf3ae46ec55e6451a8c08a,statement
6793b1248e19af4c171cf2e6d77a83c6,statement
58a0d0d91752f5d8645839450669b5fc,statement
de540af22a0b8b3cfd91f9c3e04996a0,main_screen
ab00656b96d1fd183c1539f4200e1081,credit_info
12e568d517a40185de14312daa05fe6e,main_screen
781f8eb0217a69d7c15428336df56d89,main_screen
0030a14cc48cfbed8159295c68b4a945,main_screen
1c666a34dc6e335ae6611729c48133d4,statement
87a6289d4b3ccef598a668c09cd035e0,main_screen
e017e93a5860745cd616d43be644c34a,credit_info
0f3ac04aafa9b3b443562bdec16ba8e7,statement
6fc578c5f5d1438b83392fe403f0c96b,main_screen
db60023f2cc56d989472abe9ad9bd96a,statement
8f8b0ebe851e522a6c78126c89ccada1,main_screen
86447f78db4117fb6c293dc52841f6ea,phone_money_transfer
36a6d93d5a9f0453e89af03072a5a59b,main_screen
cca049e46a423a0463b1c02000a172bf,statement
2887932dbd0eef181db5ace181c63646,main_screen
6204263d3cfb30ec2b4b2a23bacbcab8,credit_info
0fa709954b684a916b2b7f3221eb23ed,main_screen
04433c1e8bbddaf368c9f845990eab68,own_transfer
1ac6453579ed30247f5b5639345edc35,main_screen
778a460b3ce40d5a9f6df4e535113f58,main_screen
d97abc2f5150e13d963ad38350c99134,main_screen
f53a838b113ff74e3fe4cc7b15227130,card_recharge
dee66e2e2bb1b1e1c6d391f9446ee217,main_screen
208a11e5ccc26c8147af5eb14e73cf68,main_screen
4b1fbc1d70684c127aa43bd58935b154,main_screen
10a917356a4bf27a3b72deab4acffc3e,main_screen
fa95e94ceba897f4a0cdbd88c85b0a94,credit_info
53806633f2e7b36bb05fd6065b7b00ef,main_screen
f8683bb2d8b47e19fa4bb3abd7a6e7e8,statement
33abe602b28dce3eb31938c2c0598bc7,main_screen
4e5c7814a94826b3b3817e71c581dff6,main_screen
4c04c3db6e09bfda0e5b6e974760b2d4,main_screen
1da034c64fce247ce8accd9816c802f4,statement
ee8f7a698af54cdbaf7f0eb634b26b3e,main_screen
8f3d34d166c1ad0fc9ddf52bdcee74d5,card2card_transfer
d073a6a6b72fd8bc225e3bb53a1f8477,credit_info
811df72e8bf1a8e3ce1a976f11c3140b,main_screen
1d6709c8961671bec1435fc66eeba5a5,main_screen
245c645400d56dc44c41e71f6bec9916,invest
f6f43c8a1584dc9c89cc804cfb37c861,credit_info
f1c20473b2f137d6f17fdf6719efd765,own_transfer
a2bef06b17551d7ef6f5ddebe95ee8af,main_screen
072b91d721671b5b64a4cfaf284dcb64,main_screen
8dc3cae7e99905ca2014845d3489f7f2,credit_info
be18d6558cbc70eb43dc8b1a6a8f846c,main_screen
8e1f75ef296902eebbff57ca0632a17e,main_screen
36d89fd68aa34df6154c4dae3c1493dd,main_screen
794eb9e14de001a93d4b95bceed6150f,credit_info
342ff5f7d4e2eb291d5452468fa145c3,main_screen
f8c1bac5b90ce26a69419d209f349fcd,card_recharge
c830abd33a5ebba3fbc38c55174aa430,credit_info
f06dc97416fb42d889bc8d0621a9b6fb,main_screen
a2512cf9bc1100edbc2281b05137e7e0,main_screen
b0b13830391348ba09eb4dc5c9bdc824,phone_money_transfer
4069c679644837d3db7ed2b98b719a50,main_screen
0582ce285101ce3f8c0d31cddd186b72,main_screen
86be2a57373e3eab10e3528c73734ce4,statement
8f8fc7c2775f482a5232ad42fe107be0,credit_info
c4b9e3bd4cb1b11e75be26c1cfc77f70,own_transfer
1f4f3178046b89030950cd30db27674c,main_screen
2f9d899518f83874af3ac35443fa5502,credit_info
e2923b1ef8e1b7110b0bf19e380c67ac,main_screen
9e76393ec3c734119d6e63bd9cf3e073,statement
dbcc673c86a03a78783bcbc877ecbe46,main_screen
0c6f78a941c20d510dbcbe7e9047584c,main_screen
b0dde58bdf3d91386f5d04de3b1b5546,main_screen
060d13c2d97c2d553f20827c12683d98,main_screen
b323880e5dc67830e7791dd39fd1ca0f,main_screen
f1089d3d2560dc1f4790d92711602e48,main_screen
47d32af22fbd2fb12bc586601fd7927b,chat
69b23419190e3000f9f249e008f829d3,main_screen
1712e0ec36bca1d8d1c25d527e434a07,main_screen
9ba8af80df94c8a49b1571312bb57aba,main_screen
9a49246db95c55e6dc741c8bca119886,statement
4d40da0cd771d2e590483c696bf5250f,main_screen
1a33379a7a4ad09ed9e741f4b08a796d,main_screen
f8db66516e98c146dee9ac82bea4b03b,mobile_recharge
ce9e7ed6559cb5e7a27e61676fefb186,statement
634ff5203d0b45d2910b624c352ab068,mobile_recharge
516bdf5992c9e12d659f4f9933069a56,card_recharge
29983c28809d98b932130fa0c38b3fd7,main_screen
d9150381d86425e1699bddacec417c47,credit_info
f55818071bb754169076b4a1da27a57c,main_screen
6460354b5e1cf2b1720bae3098d68f95,main_screen
977f11db3a87390e93f3d02c4986e35b,chat
0469d940aae7b12579cfb48dcaa7938a,main_screen
29c0004a69bf9194fb2dce508babcd2a,credit_info
e9ddfe0dfa9cfe06410841cc512eb744,main_screen
91cd5bb81c3bedbea5e58d4ce9069bf8,main_screen
f574ee286f6d5e18e3fc52d1db215956,main_screen
74bc32b8830cfb2fd1a5aa336520386b,main_screen
13e7a0ddc02ab39ec9215dc382a91e68,phone_money_transfer
4d5a49edecd9dbe2dc3b86173c54b73b,statement
74b13c310bdd3a06b5fe20faf62c7ff3,main_screen
9ff32cccdd1013753092e04eefe12572,credit_info
2d480664fa67b4e470069d73be9891b6,main_screen
43c0b7e6043beb76dcf3ca045d99529d,invest
a30375c433b781052beb4825bad5a1b6,main_screen
e8b5ee1d1ba39d72add6ccc516b588c3,main_screen
bf4e3eb983dbfa137b9fb0b78b86d92c,credit_info
3c79473d731140ac4facfd61c28d62c9,main_screen
9f28c473880da729f0cd6d81764a2fc1,main_screen
0edddc98d441382bc990bd86dace72b9,mobile_recharge
bcf2fa0ed41cf0ab6cd7caa725c6ed09,credit_info
1bb8bb77bf19b35702a011e0012c276d,main_screen
b0e9d65fd6719caad90b3b9f331e4f5f,main_screen
7ea99db5206a8c4282be980e413600f0,main_screen
f912dd003428b36a5d321976a48632ca,main_screen
668f368646e788f17232e97bf9f08fc7,main_screen
3cc772c32567a2d58e3e189123f8d3f5,main_screen
315502397e0730e8c00302046a1f7297,credit_info
300d8703ddc118f27bd5b74ed085e70e,credit_info
01c089ab62d6daffe421a009bfb6e0ff,chat
75fd0bd407ad1eebb4693ba21672990b,main_screen
0757385aad1182d77c3cc9ecaf769610,phone_money_transfer
6e0f003eafbf3712476998c3abd6c245,main_screen
5a98334e71783305727636db1fab6148,credit_info
5125d7bcfee8b2f0fbb6ae7e467676e8,credit_info
6adecba311660ad529438ce8dbedd629,main_screen
a9ac116360e687c782dfcb19251d4250,card2card_transfer
55f6bbdf2bdab30a4737f05d5500954c,credit_info
1fb3f76ed2148c2ee94c728efaf163f6,invest
0a544cd104b6f7b670b237a0c974575f,card2card_transfer
f001312922235f55d9359ca52b2ab66a,main_screen
24249f20401adc017d1ede617e6a7b54,credit_info
1fd6fc8e14ddb24cc808b30e5557cc94,statement
485eb8a0807c0dbf1dbe1a999f144951,statement
793b2b8334cb2fb2e4cad0c25d273bb6,main_screen
33708e0af0cfa8d3033132f6c94283c9,main_screen
068f08868350cfd5a683cc2e240504e1,main_screen
911fd88daab0b46801d87ad91150422e,statement
7a400da93a0b9ba8c3509579f2654f62,main_screen
dac56895901438b915710285ea81ab25,main_screen
16c9f1bd893849129b0d11280cad698a,main_screen
45542cf80fe8829be7458f4c7d94cd9c,main_screen
e51062794217b41e7c34d5f84a9a2c23,main_screen
1be76a917e4812ba09581e44bb201afc,credit_info
bb5bd0c757ce5f0a0464ac6e2b81befe,main_screen
204d300cf8a5169d32b7e1357bd38570,credit_info
60184d585d2528c2270996f0e78a4732,main_screen
26f105622d24fad4759c85ec0fe01133,mobile_recharge
5e1e5564759481ce7ddbf41479ae40f1,own_transfer
26995c77e0f193475d27950ac10bda6e,main_screen
165b1238996b2a5efab68ef38c974825,statement
c8693d6f00fe7d54110670286e403ebc,credit_info
84ab3c27d4cb168da7d7b62b68f17ebe,main_screen
bf2d3256961e5a1bd2371d66ec44ae15,main_screen
093e5a3b241389b049a9ccdfd1d00e5a,main_screen
1fa49474419ae0890844519d7a4fe21c,main_screen
b3a2e5af87453c2c22771f563bc183d2,main_screen
a546bfaafd084802f825ad93536c8abb,credit_info
a9ded5737a0f52ae8da50f3c52ced536,credit_info
e4d906dcae3d0aa87adbf194ad78337c,credit_info
7d3d2cd560e62c86bc126a3a234a82df,main_screen
90ef8f2e5723561e05593119ed9a6ab8,main_screen
068181fdeae610bc2aa41b44332ff511,main_screen
7cd8e181c0f622525e0ebc78e7769665,card2card_transfer
7be419f723c45cb5ea68ce308342da09,main_screen
a4e103f8e0a90026d8bbb48939f8e588,credit_info
a3ab1d50b09b3db55f6ce66813959234,main_screen
4c0095c24890e92281780ad2a630278f,main_screen
bdb41229d457fc56d975a6d7f65d9b93,statement
fc276067f494b3d97a646dea10e9ce1d,main_screen
c49ababf15823f7991b58b26887a6a95,main_screen
3d9e1d8033b1c4e86b3ffc64e60a317d,credit_info
6c30a2323a8f882d8eb9a00b53b955cc,credit_info
ae404a011ed038cfb11381d305777ef4,statement
7e53063095045ee41ff5cb232ce5348c,main_screen
d60b6c77b7bffe85c67aac7a7f597577,mobile_recharge
c4a28052a266e38e2d06cff431264ac1,main_screen
1068562744dbff9749c53c7e4b519e1d,credit_info
39a13bd23564e4a9ec151ec35c04f96b,main_screen
fbeb96f2d6a76a5824da69e069bee1a6,credit_info
c311356f29b2af0186994a87b6675d46,main_screen
edaaea26c6b74c2379ea2862d0c11a3f,mobile_recharge
cdf0fd84a0e3e511ede7f4a5f9477b97,main_screen
8919f8512437224c6fec567dddb51d04,main_screen
8e1be66d02137b23bcca3b60b238f668,mobile_recharge
a449a92dd863835d5a6be6bd1904fe8c,main_screen
cefef11864f9423968022457fcf1ffa0,main_screen
d68cf875b0a5145300ebe0e5abbbf8ea,main_screen
3705f991bce274078c0ab72b0175b5f1,main_screen
f7a36b3460b2781f920fe9036b8d9090,invest
bb8cfe58d3cc945a47be0b92bc614f21,credit_info
92773a34bd5f5304edc2b753c8096b1c,main_screen
41901086e28df2c1713bb2809d83ff47,statement
bf81e85742e6d2e85095c48ec9863b84,main_screen
490401299a75fe0291f6ead184607e29,main_screen
14e8898b92b5791c884296f0455f379c,main_screen
400d02503055f377ed8758e0a4989a29,statement
bffdec150a7306694719f8203c00e3dd,statement
c1b10ad12e21f332a09cee6254abf3bd,credit_info
318112e69006441e61b85124875969a4,card2card_transfer
849f4a844000936d6c10b0f6a1ed8d6d,statement
e6546ab4539ad65f3fda40c23de3e2df,main_screen
f6fcb382bbb4486d8498ef3c7d382044,main_screen
123fda12add45c5a74633e603ec24390,credit_info
db8ee429558ae6f56ce5b5d97ae2ce56,main_screen
61bccd2b21ea7b18869aa3b38fc2bccd,mobile_recharge
05d3b7daad5fe8cd1e2bfa65b75b21bc,credit_info
4249bc6a509ead7a2d0a8c9074b77930,main_screen
c60dcfc5a33c4621f9d99779879c105f,main_screen
f1922099c55d9139994fed0977a6d082,statement
6dce56d25723707ae4d630a5ec0df546,main_screen
db6df5fcbc1b063f6bdb69ee3820df5b,credit_info
ce992f435cea1295760b51381d9f72dd,main_screen
6cedefdedf99535faa0c2e7ae2fdfad5,card_recharge
63880a7b1dd8499e9c9a724cce227fd9,main_screen
a1bbdb21f4b135fe6e179eb9abc087e4,statement
3eee33f24fbe54da6a6e97d4dbb5d8b8,statement
10586c37ccef313a0caba7eae7906d0b,credit_info
ac67e44e5d998de42dc1b51479712d6c,chat
a042b45a7f3b34378d70a433dc63dfb6,main_screen
2801d00dfe895ec2ce1454a535c5ac4a,main_screen
39e4173e33bd7f0c9f37543c311b5dfc,phone_money_transfer
b000e2eba12b418dc98b29a69edbaa65,main_screen
bd49954d359866c3499b8ea5f0109f4b,main_screen
8ffe48ddcf854d157dc73107a563c85d,credit_info
2d76b78c93fe7c48c7e3e63eed2933cd,credit_info
5a095cb3b973c154e5492a1a4333c4ec,main_screen
273fb90296b10c413d3dca9baa0787f2,own_transfer
7126398222ef43150febf151fdf1ffcc,invest
dbe25fb4f973b1603a598b79806fdd05,mobile_recharge
01e2731b25dc8ebbdc9af669326cbcb4,credit_info
302a3304f996c0bbd388f1c31e66d6b5,card_recharge
89f540ac447e096c004dc17bfefa2507,statement
1e1e870ee15f08a65e502e459b8bfe8e,main_screen
3eb0f526db46d6674616f7dac1cab908,card2card_transfer
00b9c1142ea647abdc484ff837d0ebec,own_transfer
a979c7427280a091e30ff7ecb9ac7fea,main_screen
fa2f9f48e7521dbcca996dda90d6ce65,main_screen
865fa292d8f193b44ad102d12271533b,main_screen
ca58c0e0bc834f34a73c126b09f92f36,main_screen
8332f3bf3f7e121c7ebd13cc49deb2de,main_screen
827018c1292bd4a5607685d84e26b6d2,main_screen
c94cf9b1f579367e39d26f22209c4007,main_screen
a6efe7dc784243dcad66504434fccbbc,main_screen
e83af130a065e33ef7d4eb7956eab5c8,main_screen
f70b273df68a301ea51f9ba99468e7a3,main_screen
57263059c4eb30e69845a73fd5f3804d,mobile_recharge
69909d259989666a1f7cc98fd7059538,main_screen
3633299e8f522b37f4f7a8fc1968402b,main_screen
19bc780f454e68bcc40bf1b96e380c3f,credit_info
2314626b2f29ae46b115b673a4928f07,main_screen
fc05521a9946cf1a95116ce148e9c814,statement
33087243056d83997be2f049bfc11abf,main_screen
c660e15a19f6f6dacd452f6f6289ce9b,statement
9ab18582a499a0aac1e574c5d82607b7,main_screen
937f4463c385bdb9c12970ea3c8d5d2a,main_screen
7ef17695f52a7f84c0b76a849a61afc1,main_screen
4aca474678b7cf83bfd1ead77b956fdb,statement
201110557c86cfdaddfe5a720bc6f0c7,statement
301acf8d648dba6adc29c4f426430d93,statement
6443186fea25e14483de4172ab4149ab,credit_info
c72e66a28b171d74a65c19f4e436e814,main_screen
0519625cd76175676afb6e59f54b0bcd,main_screen
1be6d85c00e967a9142efad83ef60afa,main_screen
5775f05da516b86a3b0b06d3b55e35b0,credit_info
fc47aa65df6dd355ba8a6e3eaa01ac92,main_screen
23f45f071bd0bf5e2a6f348df9450f00,credit_info
bab35daf6482bee72c538891d6393568,main_screen
cabfe17fd6ea66ea1339525a28d71795,card_recharge
cac60c69041c48a3c80a32d111250e0b,main_screen
8fb787a22836118719f40e34df01ec51,statement
7cd54d15add3adf609e7655d866f5848,own_transfer
8141cc3684bc63ac588ef6bb2aedb5cd,mobile_recharge
2198fef3734251175bc052b41d98b776,card_recharge
b7383c249de7e4554ccc0ed9c17327f3,main_screen
86668c3f7c89a22c4a6ae0ed1e314746,main_screen
94dc05857aac9045d8931778e495dc67,main_screen
1ad64c3ca3aa40a5166f1427b4d01793,main_screen
4f38762e02f131508161365abcbff378,statement
c9ba0c61326276ae1a6d986da2ff170f,credit_info
c8c70b41f116876dedb07b9859ae5f20,main_screen
d61cdb185f35e88a9c4af0082de91b84,statement
6e1f40019a2c4df4d923b4e109c22d21,mobile_recharge
86ef096d564e801e76583e78fc0da1d8,main_screen
757dadbe695c0f551c7d4d4e6bf1aeba,statement
8cfa504f7e5748850b4ef01ef7eedcb4,main_screen
681b7989ec5264ca6edc62879c64aad0,mobile_recharge
bfcb4854206238b2439acb83630f9630,main_screen
c1cb4fa3c56d1d244c02bee059e7123d,main_screen
c7e4265b078a3f7091270f27ae5e42f7,main_screen
5d0ddb4d8d81e1c082e2fa088a5fc1c3,main_screen
057eaa48539eecfe6e7d99da0d170d63,chat
df314a6285d41a3aab6e0f008124df77,statement
7c6ad01a028bd4aa2e077834d4a7399d,mobile_recharge
c2ae3b91fbcd2d063d2ec07596de563d,chat
e9f3722127a09b15fc2e501cb2469979,main_screen
f460f62741346bbe1d6f96b36fa4691d,statement
8adbd2385dd62c305afa1f99fb0885a8,main_screen
83af3b0f1cc0552ce404db7bb62e1620,main_screen
282f344c9f2cd4a20b927a409d653cd0,own_transfer
aa28eeed2bc292db91190d654287da8f,credit_info
303527fd320c481aa0832a410a2384bb,main_screen
bc22af6254e14c234db30092bbdfef51,credit_info
a4fd60dd82f5df1c37e6326bb86d6775,card_recharge
e84a300644371eab2598dd6578b2c843,main_screen
46466dc4b172d0441b4cd3083a656bcc,phone_money_transfer
f9a9e130da10a1646de6457d15bf3a54,statement
ab43b9185eead99f9033501eec3be13d,main_screen
8efaa4a1773f07b9070a8454dc0cf367,main_screen
1fc3cee1761f1c9f20351ff222fc91d6,card_recharge
f54821eda8e0d3aa70502dcb9b01986e,main_screen
b279e477e903b595941da6caf4ebd686,main_screen
28dfe9c9af130054da3ee2beb8d3d0b3,credit_info
e3871a42484ee8f54fe1885c27a5c9e9,main_screen
d0851866764008d61c2eafe8a7f0a619,main_screen
bbfc52da52d59d0003092e4a8cb50540,statement
171f0d02d7d8eb11677c4a1b8c0f62e5,credit_info
bb7a9483467e7130c4eb07c132b4d02f,main_screen
aea5d8a48cc1a997d93568dec3ad16db,main_screen
876dd31107f066988764336ec7d34132,main_screen
d98d4e163795831e59fa4a27427f7a98,main_screen
a30c24629d3a9836c3b2e4101b96782f,main_screen
6c45a466b89237c1f59fde769d9c2e5c,main_screen
18e10923a6e2fa1eb97de8237f97c08f,main_screen
12c907c958cbaf433c2cf03a18cb7ce1,statement
ed53f7ea9c0a31e97af211df5e01eb41,statement
1f7dbe55889513c7b2f61c9a10f86545,main_screen
270d51f812813ab653e140ec4ce9b160,credit_info
27d9652a109932ae0272ffa307198cf0,main_screen
c392edf6818248820e5e5f4fdce4c22e,statement
af3a6b88dc5d87b3604e83861b0e54c1,statement
af539e688ad6b752de63d4ec01e2c242,statement
82cd1501ac4485408b237ddff51029c5,main_screen
bdcc91ad0b3778f9c34ea5c0edab39c7,chat
08860f242d4148d9d33558cc36c46794,statement
322f86a9dd2d9b62c77bac8d1fcd663e,statement
22940a16b81a15d8d800d9968f96dc2e,chat
b57f20370b6622e4aa5b5793a2453cd8,statement
c5d21e717b49cf2015fe19f3a0dd5828,statement
c5de426c236b1bfbaffb8f942a8f0ace,mobile_recharge
7d0b70f5550003389b042e44c4fef98a,main_screen
4c555ea605f7f43add062742407b887f,phone_money_transfer
e05bb986fca572408f570a992050343e,main_screen
32c38a9aa4bfe63ed6b851adf3c94d73,credit_info
9b6e6e516fc388498a12c0fb8493650a,phone_money_transfer
8593ab680e3f96ae08c7f8abcb706b4b,main_screen
d5f7c80f14d5174d87a6ff3c660964f1,card2card_transfer
d5976b04b57c4de8bc986ab0dc61383a,main_screen
223f907fcb1be4ead78619660bcfbfd0,credit_info
81a1119bc27d3c38b435c7e1df82a8e6,chat
7e214e323bf7d44fa2c44f627c6d6da3,main_screen
8bdf76e5bb1f2798ccfc164d0ce3d937,own_transfer
f6c14ddce582f9f226c0c9e88d1cbef6,credit_info
d663fab542bb9249e4452d7ba8a77eda,mobile_recharge
32ddf90e20ea2e8d05c9d746c57b2ed8,own_transfer
105e8edf8e6c46f7bcc7e65a8125e14f,main_screen
355fc5a49ece4f4e63856d3cd5a8e27a,main_screen
e58147c9e5d1dbea8feaeb4e6ce78cf2,main_screen
070b315ae0a4a968481f7a4047dd4c58,main_screen
52623c328830beab929c00a672554c5d,statement
173842f0406ef7f9e7f532ff5104d099,main_screen
3241663567035a5706c7b8df48b2c931,own_transfer
602b6797399680a4c1dd4b09857a4961,main_screen
13dfcfd3a54c04b337828339d85c52f8,main_screen
a18f56b8b7f483345b57970fa8444609,main_screen
fd433c26b1ae0a100b72a39c35162952,credit_info
aa88a9b6b38852f619231087f9e73973,main_screen
eca8d13e5f6e38927a5f8ff5b9638eea,main_screen
4dd1bd52891558fb6519b0c33701fc8c,main_screen
d584ec7af0ee27e02fb3d700622ae8af,credit_info
a9e985995adc4a9528d8ee6c800142ec,main_screen
bcca40279525b047c0dfe59ff0b99098,main_screen
0926461f55c6df429e16d7e4b2e6d19d,mobile_recharge
e1b9612efd6468438bd353d1f48de2bc,credit_info
eb8071cee94f8cfc59db681e2c34e768,credit_info
bfb8b82436f241069de3244dfe67bb1f,credit_info
7c3d5783fd903904b149d45c177eabff,main_screen
e0d5410dc564ddec3f2750a6a01d05ca,credit_info
4d520db464741dc24d3793e89d76d1d6,main_screen
61a9e75094a349f6dc5ee271b590336a,main_screen
469f6e4603a435fcb703acd0245e2a1f,card_recharge
298268ff89a4b2baebab7a12cdc3aa81,main_screen
811170ac039a4c6632d07682f5b634c3,phone_money_transfer
d866a9379b4838839a5dbd2225520b80,main_screen
ec4e03c6653e7ed6665b62e500446257,credit_info
88033ac9a2c35c0a63ccbf076e250490,main_screen
bd6992d7210a000fce4c9565b6bdf471,main_screen
eba6b705371678ca9d87d38146235c86,card_recharge
7751f0e2df4a8e68809f7ff3c72a7437,main_screen
16f07c471a9c6ee279038147d0318d9c,statement
375cb94dc06bef333a65d0b0ff1027f2,credit_info
2b12938283c2dbaa577affcff74a9e87,main_screen
bb8e11dea17d00e03a3171e68016b343,invest
a1f99b32b975ef08303e56a196134334,main_screen
1ce65e99b85a328d7988047dc73929f2,statement
9fd4bf926d97d6d4a510c8725a6f7764,main_screen
a176278d75394a88111b8227f2b92cde,main_screen
4c673835270b8e1a1b835d2a52c5f308,main_screen
19d77a118c4d9dd0010d650e7ef7dd9f,main_screen
898aedc931c21ba792aabba4b00d080d,main_screen
10734e9860ffc2c82c459796a163bd30,statement
77b1eb5e73db35c11be695d2e33e5e3c,main_screen
428b81d3f2455140b6247f274a8f6615,main_screen
744358281347fc91a7c5bf9901a3100a,phone_money_transfer
ad384c3ebb40e3f42656fb8a3cfe0afb,card2card_transfer
d1aa7a2f0dce197b9eefee532d4287c0,main_screen
d03255a85bec88f864b835b8b5a43c12,statement
f66039f0d8f4f41cebfe735046a82e02,main_screen
5b0e2dd20b78e1e0c1771aa0f9e0e2aa,chat
c17a03415b05750407ab53a814d1354b,own_transfer
18db48cb44d69aaf92780bcdc032af7c,credit_info
9a9e9915c1c6441feb0540e23dc90175,main_screen
5a9776c185b671b9d90a491cee8f5bfa,credit_info
4940ec1e29000ecdb59cb159d307a19c,chat
3cf0f61549ba5eccf56c4e9cce0bf511,main_screen
ef0d660dea613245e421637e9875a04c,chat
d6a4af19f07c79701c899deba696e63a,main_screen
85c777d619ac16ad070955b6d7485797,chat
375d7985b69885ea08cdc41645cc58c0,chat
34f516b34344b2c31752098e527db369,own_transfer
4011919223374a9bdf3860efdc1cd08b,credit_info
3ed458a06a20deda370fcd021edce345,main_screen
1384901384ef4bdb407f3d166385f973,main_screen
b80836ad7b04854b33ef85d72d144e8b,main_screen
3331e943b78be9be3a3ac7ef4c83bf74,main_screen
64173d36249233b8d5f51bca0110b135,main_screen
f177099128261deb755986472ef5ea96,statement
620b40f7b583d86c8b3f1d4018ab9feb,main_screen
36e1ae4ef84813333ffaa80a440768e4,main_screen
6f7413dda39bd010542e679425abc992,statement
eb06559f850297c16e13a4b5d488158c,statement
86ef2049ed1a82e9364abf587a16c394,main_screen
9647b80aefeb24f1bafaeb9071cae3dc,main_screen
7ede176f75401598b25b1c9f9171797e,main_screen
f83924ff1a75bf71e8aa7b41ef309839,statement
01567e71b16c9567f12e61d2aa76fb40,credit_info
c22e099ef334a68ca92172be4e1e1873,main_screen
4bde62cb085fac3c3e9434d5d9724182,card_recharge
c335e882317e31d06821c9826d78c76a,main_screen
3b3097d29eb4d5664bcd75ca2b2b6600,mobile_recharge
a1387de21dd167c28821db3f1a2134c6,statement
623bab067a58fdb408431bd3c788a792,main_screen
6749d666d9685a141742b9f80788ff77,chat
202548a02b81c8eb11bba44cf41bd5c3,main_screen
1e27f101e2a74310fdc037c52ab7e801,credit_info
1c9c3e584bae1f4e6f925cd4b5bba9cf,main_screen
eff0230bfeec8c8b6aca24e6998187b9,main_screen
0668b424c8344cead6910e23865bbb79,credit_info
c195b74ecb2509f7e46ff1811c1a92da,main_screen
39f50723aa38547e91ccdd100d7ed6b3,main_screen
4ddef6a45a21edb8d5c75897cfda9d78,phone_money_transfer
8963e46dce9b1ba8aded310dec46c2bd,main_screen
33d8f424812bae88de0ed4f1b7f063fd,main_screen
9c2961198e85b7f966c7d0537fb835de,card_recharge
eea861d4358d03ec97a9b6ece16093ea,main_screen
1ac04df9a155ab3ad38bd865e1f331c5,main_screen
b463ce4a7e3c1d2f85fdd2e1077c17e0,own_transfer
18987e9fdee3f961ce6b20b67cb50861,main_screen
933fb5bc1f1b6601dae344bdf8fdc30e,main_screen
0aa6e381aa97c67ca53693ed0a22bd13,main_screen
1d961dc01887b718841520f4f8aa4453,credit_info
cb666b105e4ca23df1e28b4fe5297e2f,statement
b61f5c17f28280d4bae9f83618d6d6b2,main_screen
533860c818e007ea5ad1cae0285a2c8e,chat
cf4c01f8f64d6eb3de60c8ed0f8df7c8,statement
96e3f5b827cf5953bcd044de0d3a5322,credit_info
f3f0d1a246fd0ee4fc3c26107abd65ff,main_screen
13f4c70eb989c64e9790b12b4afbd814,statement
a976aa45bde24edc22f5c62d88b469bf,own_transfer
2adef1c69b44372e66e8ac50f4a560e6,statement
9b81ef89640e60291738186f3de93130,main_screen
2c56f1d68fe5fcc14f9282034412f19d,statement
0593ffb0e1f11b2e3f5952bc2fc26034,main_screen
badc7039a52f9f3097de8eb19a85c38c,own_transfer
745a4c72b2332828d55a426049d603d1,main_screen
084839dd23262b37cac9d8fcf1293258,main_screen
90dcb8c769bd61612abacd3a82e44933,credit_info
27e938602c810c8d46ef26266638d492,credit_info
150d6af3056aad21688065ebfeaff1fd,credit_info
d458c8686979b2dfe060268ab0f9df12,main_screen
d4a71f4e5e9d38cb1d20c790795452f1,main_screen
c4d300215eb96a550f37cc3119b4a3ab,main_screen
16cebb4e2ac1575b7b9c159af3997013,phone_money_transfer
b2559021e5b3a343432b8fdc30344abd,main_screen
0c32c3f3787f9b224943317fd9d4d211,main_screen
8207c7c25e16fccbb85a378d27d588d9,card_recharge
4823ea69acc0ceb2c6f3dcac0b5aad46,main_screen
1ee08908c020bb19d6e30bc06a86821f,main_screen
26ecadbfc44bf3fe95de36e8c2cf0110,credit_info
4a3da41ead7290dc5238fcc52f6b65fa,main_screen
145df3366350eefb5222214da30820ff,main_screen
1dd5d1515783c4c4ed61ee7043432d55,main_screen
2fc3dabfe6c4fc7086eb36fde7315029,main_screen
d7c2992385f64ab7198f2159c34a31bd,card_recharge
9bf4a16d957a4dfe6fc4b25623277837,credit_info
7be96ac51b5249bf4e77b6a16585a6de,main_screen
0d7ffd39c1fa8df2990ddc4a80f9fb7d,main_screen
d2d622d75b0917fe1d7d405e6253cf35,main_screen
5a7da082b9863be364e260af16e4e62e,main_screen
1cd48b03e08587f392ec50af7a85743c,card2card_transfer
70af2f706be0485351ec5cc7422b8d84,own_transfer
8931023fe78ceaebfbf15383a9a8df03,phone_money_transfer
ac469f7c53864b843c39a29b9cac8cb3,statement
012f5384e452a695de425ce4503edfb8,main_screen
ff27e8a24e6526859c6e9c7ffd40ba5c,card2card_transfer
36373cdd637ebebf66ea0be595283829,main_screen
35b03fc28691548c2b43813fc0560c4d,main_screen
87d24dba22385c9e711f012f90d82d08,main_screen
047c2e12c733f77e1a7c834de1dc8410,chat
2d76a3f9bcfb53225aad56791bf84334,phone_money_transfer
2bdceef726580e788daba55d0c3dceb5,main_screen
8c5c9361575c66cfe256198b9470cb6b,statement
d8cee932cc371d43f0694409a656445e,main_screen
c4f643a641e5a09fca906232b7fa3a61,invest
d5ea0a5af4e5c82fb6422aecaaa5a703,main_screen
e511ea03640a5be93736b34a9e26449e,main_screen
3e0d8b397712429c4f2a7f2ca5921ffe,card_recharge
7925ae26b2d5661483bb91d0fb716ca5,credit_info
5f49a9fa6aa848739ef348168ab972bf,main_screen
9053238ce9b1be6767ed50d4bed44ee8,mobile_recharge
f08dc16f84bf0d3531cc8592811dfd91,main_screen
09f779cc34d664a2763c3fd51d833b7b,main_screen
603f527958e69d16a06e17935af2960c,mobile_recharge
4bc0f986aea76eebf63c5f1d3738f683,main_screen
db1d7e7eeb7a99c721d18d05d935e64d,main_screen
94cb7ef47b23516c423d7b3ec9625199,card2card_transfer
61912f408dc354b84405c27d16cc7aff,main_screen
9e7a8c6f9703240b21441162de7239bf,credit_info
df64cb756c230bb2f3f1534c565fa72f,main_screen
9e7e04b62346d2dc8ee899394c1ee48a,mobile_recharge
0e2f8694804a9b931504d39adf55575d,main_screen
86982d76bf192692a493f836e60c4d20,phone_money_transfer
604c29e532053a3b95f75d93799fed89,main_screen
0cc0c102d60e1b50e6fc9a4a97ef6724,main_screen
7e8e32d15d2a2cb0870c11a8235d0710,main_screen
d38b00b4364d11a7fd5831f9e22a8b6a,main_screen
4139214fa422bcd992d04d246365dab3,main_screen
f6a8a5d6f591a7552a5ac9a427e92c14,credit_info
07373fe2541eee84135f5bc68a754940,main_screen
f3c6e7822b0434f4abaf1b343eeba61c,phone_money_transfer
cb145fdd82eeb55e3a8f09f97696a692,main_screen
90d38ee165a6adc6d2c4e01a95438247,main_screen
1f1cc3357f7bca0eb52ed1bb34cf9e9d,phone_money_transfer
8b7b4d02eb11965e3d086a3d3cf47bc5,main_screen
daaa0472024138c5e145d72a57a2db27,main_screen
258eb52f3c21948dc2fcf81f8ff125dd,credit_info
85dd12490a36016a9f5f1c1012e1bf4d,main_screen
984616c8ae3c109b2147110901112bda,main_screen
26fc479e260fee5a7ca32558013439c9,main_screen
f42bb156bc492460dcc5e6ed4ed8d148,chat
f159b3b993bf7c1454e457011c793523,statement
b6e5b17f38a5be5f5ff99bcb88e1bfa2,credit_info
6e238e6217aceca87a475b13be437ff3,statement
f188bcfad143ce41d3699eaac602c4b4,main_screen
3e37fa17945da16712bb6189ecedd2db,credit_info
9f03e579036f33401f667e8cd928c8cc,credit_info
342aa253e13cef132e1852c80a12c973,main_screen
f668450aadbfd8e60395fed9c7abfbf3,main_screen
53315130c5bdccd80ccb18ab60f3ae42,main_screen
62d25e540293310206af7080789a0e97,phone_money_transfer
95c933b02f0d018212a260cca7bbcf0e,statement
1cf95b5276a1cb82d6f5fbac28c2f298,main_screen
13654e48b93045cf4c7687b39d87ba96,invest
4814e26471ac37ae808cf655cb7da591,main_screen
8f76fa839dd74de3447a3afac0f2956c,main_screen
6ed6a51317829b809fdefd83264b63e0,main_screen
db6fb4c0ad4ed7b2be13087a144bfc80,credit_info
b149ff27aac8d057e5a375b110d9de7a,main_screen
9c1b2963faf6d7630c4e766fd4e13d8e,main_screen
91232aa951a3271165832123de6fc801,credit_info
fd84f7cc48d6b20bcc7c90ce53f6f44a,credit_info
53cf03113ab4f641aa9b6aa09311e18c,card_recharge
ae81136bb557fadf0d0dc4861efcaeb6,main_screen
ec644410c7e18fe08a1502b429134959,credit_info
8c490709a1fe49a9f7cd4f509d5709b2,main_screen
9aab7bf3083a9f5a6cd8684b645a250f,statement
efd413d44c04e90e3a24fc3af00276e3,credit_info
8745e85836d2bbeef2b6e92f3d6b5388,main_screen
302c831c20eb050bf9b77bd4d85e89f8,statement
fe6eebb2c3edae3ab9296e9c34a16866,statement
d851b46043b0d4e1dfb0e76b800b16c6,main_screen
30973200a25314bd33c436548a5dd2ee,main_screen
8c840ad99bb86752988717f8cc4b631c,chat
a43e6d0a30f44744d15045b5cdaafaf0,main_screen
77486625462a72e0c9274b79217b2db2,statement
bbcc217d2e9880ed1c27a4c590e766fa,main_screen
4f7a83ce66eee57a0525e16bf3fc6f6a,statement
43a50f64100bb5e89eae698a6c83b8a8,own_transfer
6bd8f67542df543a67a50712b138989f,credit_info
ee00bdacfd8f80b21f1d5839a18e9813,main_screen
7802b5f06237ac3b32637172364ee4d9,main_screen
19827a61b3c2cca7afbd030798a9198c,main_screen
22aecbbecee2dcca7357244588ac2da4,credit_info
97c5d25ad5157e18aeef1a5e2b1c0d18,main_screen
76260444cd63fefa1e2ae7bda7a0dee2,main_screen
b07ba955ee2f98f17f0e4ea480825de5,main_screen
ba698a575ff1b1ef70d5a0041977940f,chat
46c02584d5452af5dc0ef685c6b1790e,credit_info
6cb914aac54d06eb6d59d55cfcaa1047,main_screen
d02bb7b1524564e129952e1a4ff9b8f6,mobile_recharge
3c824199f7d51e2b3db1ddecc3b0ba0a,card2card_transfer
bddf220c3c25ad194f0abd82219cc638,credit_info
d8f48b1dae43af0dc6e82792b0ef0fa5,main_screen
c6b5c006c6479450ef945a7f9d1dbe67,mobile_recharge
c77d5e0ef7d5f7b0dcbb97eca6599ce1,main_screen
1bc1773826d0cfe07f07688fbfa1dc51,main_screen
a4f8362331acfc37410f97163b6ae253,phone_money_transfer
b702f445693ed6208f938af6bce16d45,main_screen
3ed2c2dce6740980c85fd04fb977e288,main_screen
354ec1b6572019e4e20bf6a0cf23b3e3,main_screen
1a4927813908a7694c6cc64e8d82df27,main_screen
2cdce0074950be7af48853fab9cf8004,main_screen
60d2cc8bbccd107e7b1e02321e2bc75a,statement
f4ecbacd3a37c41e455dd8a43585d5e1,phone_money_transfer
deabc947354aa57f35f42199ac1dc6f9,credit_info
89561eba77923d843ed58727b9fc24b5,main_screen
33db169c490bb9b74f8a8e98a6dde5e1,credit_info
f9a2bf3de792d12bf2c4f7fdc1a5ef12,main_screen
3aa71b567225bd25607c5cb49c726317,credit_info
25d2b78726fe3853cf1cf5970b0bc728,main_screen
d5abd2c8991828f6f445f62f9400bb8d,card_recharge
233efccce3b1133f3d89f31d0578d891,credit_info
83aecdf80892fb962dd7d78877da4fce,statement
29c9abf8796db998180e8972b40c3678,credit_info
e28a61eae12659415a8a268024b965be,statement
f51dd189825090c938531fcb82804bd2,credit_info
883311b33ddf0ff0482ae9d2b1aff673,own_transfer
25bae38a4ef37e024b5b81b0fc5c10b4,main_screen
bd95c896245ac417f6d29ed23a052023,main_screen
88e047f9a1abc24a02058f6f8c54549d,phone_money_transfer
81852a849ae9539bc16e29f60c2bcc0b,credit_info
829c984566a52b3cf815981f4ae2bbaf,main_screen
8c6f64529fad2366b50a2972202f68c2,main_screen
18713aa41dc445965ed814a9c5c57a17,main_screen
d8620ab9676a574d064c963c8bcb66bf,main_screen
aa4bec77f0d2c65c220764905ea26a43,credit_info
eaacf81e22cafaed3226ceb948e9649c,mobile_recharge
014214ed3924b5deaa5ddf57a39e824b,credit_info
3f1943f544478520034906234feb6ed0,credit_info
89a87ecaedd18219944405b4723dcc70,main_screen
d483ce1868d15b258e7491c39dbbe838,credit_info
2c3b160e53266c1dc8c587cad2cf06be,main_screen
c605204d5d92ae34c3b00884e89181f8,card_recharge
dba06ee35b7010906a73d898121332ec,credit_info
b361aebb0984556410a05fde7481dd54,statement
0bdd8347a4bd3abb824e61a6d15e4cc9,statement
52fa61608732c3d3f826ca6d8a38423a,main_screen
deb48acca3c7a1214155e9a79337c060,main_screen
938ee3bc9b3975ef8c6b8e8bf08b823d,statement
ea584da564ee1d486bbd20d17e1faf20,own_transfer
bef1e3a80d2aefef3e1742298c3018c5,main_screen
d319bbaf96b2ba3a5d266fd042f7c21e,credit_info
abce37171041f8bc264f511a0f3e40f0,credit_info
d0e0b2456d102796bf708b4ec2402230,main_screen
c03b534262f85a0862bd14ae50b0bc7e,main_screen
58b39ec0368b5aa390c5b79c8dad79ae,own_transfer
52fbd6ee0bbdf530213888be9c6ee7dd,main_screen
b0398eb4ff3eac0e6ad240a954f2fae7,main_screen
c667bec3691d02da6b5d0698a12e60a8,credit_info
f166fff077b6d5decdac60066658445e,statement
cc07198db40e9dd812f46e99cd2f5216,main_screen
b4100b6430d53da81bb66c3d16aa5c43,main_screen
309544cffc3631a3ff542f92aadae79a,credit_info
deb0ebfb0d401734fe914bdf59a49410,statement
788ef5e0288431168f06c1aefd78c62d,own_transfer
0ac5d19322fbc36abc5eb44fb575a256,main_screen
80e6a5aadc52559b6c116e7add412527,main_screen
108894045026e8928b1a4817dc8c7a29,credit_info
80e15c10bd7792cc5ba12c45921228f5,statement
1bad7c060c622151056441761eb18114,mobile_recharge
981bb8a8457bf364c64ea1842be92d24,statement
248edfbe3f28334a5c1627b814dabd21,main_screen
c60a0fe7401fa2cf91e0078d4e78421c,main_screen
3e70975b4ae1ea48e274fe9a231dbe05,mobile_recharge
b944ea4cc0ff96024cc35f4a932594f1,own_transfer
5f460a43120afb3f32bb88887c028ce0,main_screen
48168d60c69f5fc06cb399567a9ee914,main_screen
e3eda1dbe858414d5131133fb4795439,main_screen
2c66ddf2862f39ade5c1e9284cbd637b,phone_money_transfer
674f6ce02efd172a19566510e2ef94c4,main_screen
9f05ceb36ee3bcd4d82e5da7bf61018c,statement
3dabc847db0a1944b0b89bd7e9fce055,main_screen
3bb2d2e72d51d555afc656f1e6a8feae,credit_info
001e1ba52a6b268bf7e03c4503c2912b,statement
dc04b7537fa5768063b8e963878b94ea,credit_info
a9c9fae70b05d251debb330b43d62f5a,mobile_recharge
374c6c799ec471779188205dcca3795d,credit_info
029b0d1874934248ad3696878b63a892,mobile_recharge
bbad5e6d124d8337818825ebbfee07ab,main_screen
dfd8cc0b3eaaeaa838a3a7898628ea0a,card_recharge
894e59faac26244dcbd64e6d38e269cb,chat
bf0c7e3e974c03937fbfe7cf519b281f,main_screen
6708a40481034a729743e0833fd4598f,statement
56b082586c7638c9aa7ce79abfb956a0,credit_info
d1be4554702953fc83a9480d04abea55,main_screen
15537eaad794e2e43b7e19c7ed02ce94,main_screen
faa0973479aa1e577a5dca75c0d33ac3,main_screen
87648b16fd31786d77c840c907e6a596,credit_info
8d2a692b885dfbab0ac42f1216440761,phone_money_transfer
d64b12362c537e24d94a9814f52bfb64,statement
286c8b93a8542d8b3b1c3b0cc6bd3999,main_screen
f4ab6d30a4f7c91b8231073766ef5670,chat
53cba829af659a892cd873cfb3e21cc0,main_screen
c67db721532d0dfaca3588a01cb8b9af,invest
073e2263c837449649627f8588f0ff27,credit_info
2156aaa898addcd438623a3a7f9045cd,credit_info
a10634e3d788af56318bba4fcad1bced,main_screen
63f6c20084e442f66400a59e7c5413d2,credit_info
d8cf71bfe7178f6bb1fd577fe1533a99,chat
a71e2cde04b3d060ce8242981d0f1864,own_transfer
c340dbd559b5fad9afc270d1381b46b1,own_transfer
4af2fddb7d4b7382935a91d010d31051,main_screen
b986abe19f8105ee12cadf42592761a2,main_screen
0f24365e01df54703eba1ee619f768f0,main_screen
1eec454f3e49b79917b29052ddc93038,statement
a0e35a0d983d77a5fa35b565a555b47d,main_screen
6e09a6560d801a1e8d40d1b202b5fd9c,main_screen
8417bf87c6dee01359ed3f04949538f1,main_screen
bbb2abd7241e382e3ed71a2633cc6f97,phone_money_transfer
6f1253b5a96e976c795cfc7268b3937d,main_screen
5b0a8b1483d391bc04520d304f2c2a76,main_screen
38e96dad309cef4515049f28621ee3e8,mobile_recharge
abb1e101c55bc5be648f8a5cd6217dfd,statement
710c86518d2e72b9a824df193085f4a8,card2card_transfer
bf65d7d7406e897fdc163334f9913c61,statement
2c65d99bd0ea94a9351a2d3c65bb1943,statement
eadaa90431a5dfddf2085ecf6d2a509a,main_screen
4432157b654b11f4eb2fac2542a07a87,statement
d48d2f5b9cbcaa41293a0326b30c1c3a,card2card_transfer
301e3c85fb4b719e87f32ed30dde02d6,main_screen
2053dd253be2fc8959c17d12c988ad0e,statement
b58401624ed5c963256fe98143e1fef0,main_screen
808924d3a988572c678128d73a085ee0,main_screen
0b93c53b11012ae8c188c50af7717840,credit_info
1619eba1b6f8229e2df7b68c43423e72,credit_info
f589b3b4b321136817c56d647ecfead6,phone_money_transfer
9840dbc854b8d8edae038296478ffaa6,main_screen
d4a525c5c0997a6305978966b86f7a98,chat
6c15cbffa64f9e1f461a0971cd678585,statement
474bedc424ff91b2222c0bc9382d8897,statement
c09a2915e51d9caf842c16baf5295959,invest
b03d97129abd4ded239ad4326ae11cf0,mobile_recharge
428014344b1a0aa2ca4072adca9103ec,main_screen
b6e687c98d7c05476127b2805a3c6453,main_screen
694c662b3226c00139d60b511fa368b8,card2card_transfer
b087463ae1b2d439e655b7eabc32b9d3,own_transfer
012d7ddec3597ef9b1f38773d8e90bff,main_screen
8634e6c0e5e81bdd71511d17aeb9ada6,statement
d33cd87811ecd5c1c7f2346965fb7b50,main_screen
81e48eff2c062256399723b3a5ce17ab,own_transfer
3fe0d40c37ce61316f1fcaee8eb33c93,mobile_recharge
9bed11db8831ea780fb8b48e1f500237,main_screen
ddf8028246baac657e3bf52cb4c82361,main_screen
4c7b44d0deda49aa712ab771d1910f77,credit_info
8b794da61020a3a1f3b8155a45dbb767,main_screen
aa6ecd3e36de50ae20c6def362a52651,main_screen
4a503cabba5089038f1125fc0887a4d2,mobile_recharge
63960f4ae4f4369793b887fab2085676,statement
fd9729ed57c25fd663790ce958b666a1,main_screen
2fa909e681f80f0cac3e772b554bd401,own_transfer
c631339c76f45628b6126c62b21cd59c,main_screen
4f00fdd190c432ab7258bc2f1b2cadf2,main_screen
ff3e7c770df87c144221374dc9eeb112,main_screen
ecef44dc7b9813b6b295acfe5cbce495,main_screen
626e06a38baca1fca6123c80097ab49a,card_recharge
8a1a8950e363b5498876505c8ad277e7,statement
712496c88161688ff667df805357c9de,main_screen
0d0864ed8f351c095a3ea5077afe8980,main_screen
2899bf5f9ac06d9ce1a6c0f9f7a76fac,mobile_recharge
286bafead4871b7769291b75faa0b073,chat
525449b306cd15e2a03b6845c1be0911,main_screen
676c93b0a4994c6e1ed4ea100127f089,main_screen
587c9c03b0d9b52b7d341f294166334a,mobile_recharge
d2b28d9a8781db68c2f3f103b172229e,statement
2fc58dee039695e2aac420e5889c7578,credit_info
1e8efd67533b5ea214dbeb4bd4181761,own_transfer
be2080e9bab0e0c0b102e388ea7ac6ce,statement
c20e879634c75a0f4b6d1b981d30be43,main_screen
35a5f9d32f5e4725f10dd2070059ddb0,statement
70642c343bb671c8b9a438a43c5c9894,credit_info
df4169597396e65ca43b99e7f3de2ef3,main_screen
b5680471f1484f558bc23a1c9154d740,mobile_recharge
4e1ecf8b518876c5ff1da0ea1ab6c264,statement
64c85de09c4a77a1145289f8c00879c1,main_screen
bff04c2e80df10f54a320e8c392ca07b,main_screen
09079e258c4a2fd2d5efb4d18580909f,main_screen
2345eec0d9704f00ccf93c6615621604,statement
d44476784fa067a04cf61d05b22bd0c9,credit_info
a82712044a0ecebd8c88f2135ddf5692,credit_info
cba762eae3a689407a3b5088ddc0dce8,statement
e2cf3f3fa504debe8d0599b0931bffbb,credit_info
225416bd48a83b1152582eb060956250,main_screen
44c24db9221b2cc9d9e2497b154c4793,statement
6be5e92ed7daad708608852df6455c81,statement
9fe54e775a4a5b86f5be4d683718bb4d,main_screen
9406ccf6465771f3c1b2dc0e089b2b20,main_screen
9a33baa398e859a12fb019c8e38d0ac9,credit_info
e39160eed35c365dc700ffa3be8e80ff,main_screen
4fe03d8c45328ea189732f07f1cc09e3,main_screen
d0273a0f8e4809ae4f3a26d7658616a7,own_transfer
e736f3d47dcc13edd14298fcc868f45c,main_screen
276962d261790c7dbea16b28c9a3f59a,main_screen
c5c8e6073d568eb897a5a174c38e742d,card2card_transfer
5eb78202b9a953acb380b0525a4b3a7d,statement
2fc6cfa5cd1bbe474af2bc32f02d2d1c,chat
c1aa6c2cac806e140ff1e8a8ae0f50b6,main_screen
4ea00145296a011759e179b7dd719803,card_recharge
fc600e2a18a79331e120dcf7d0f594fd,credit_info
992b24917f75b44505ace465801b873a,credit_info
b90afc6c8ed743461ae33e4066cccafc,statement
774e14dcff898b443e555afdfb688061,mobile_recharge
50145df867d4aebefa5cd183b81a83a5,own_transfer
254182c3a6d56a342f41ef9c3239be7f,main_screen
f80b53c213cc1d42805355f5eb3a6e5a,main_screen
f5aa945c325674d3df6b51368f405833,phone_money_transfer
5cbaa90aeeac0a2f10cf9bc93e8565ac,statement
57ec42891a44a18586646cd18a8bcb38,statement
349902f43fcf834368383ef09272dd41,mobile_recharge
a9e7e6d9f83fef896380745146e7225e,card2card_transfer
d72d2b31bcddba952bc687a7c834da47,statement
b60b143d4ecf31aa20597b30386580f6,card_recharge
9a6034600827b5a30e94b83ef0bf3932,main_screen
2d5625c7f05c579dd96b626864dfa53d,main_screen
cd88eacdcace04c2d071ad6c4910ec8c,main_screen
5d7fd164877039a5dde39b739d1fcae1,chat
77bbb2e5130f983141f6b095390e3f56,phone_money_transfer
155a1dc7e2128c9672f155b4f70a6bca,credit_info
bca9661d186abf9431e6d4ace496f29b,credit_info
2676333be7269b7bffa2f1974dfe823d,main_screen
fe6a4c6a99cda713f1ffb07800429fdf,invest
e98c2013a428e41d0abe8c6095b5ecf9,credit_info
78530556f38bb84c6e10326a151355ca,main_screen
d814119b030bbd91634eb4e8aeebba8d,main_screen
8c390020ca7f0433fa74920ebaff35bc,main_screen
b45ba593c3bc42a1b45b5e6ea9ecce59,credit_info
e56ceecc9bb23e9ca20a3706455ce373,main_screen
75497de89345776cb007eac510e9d21f,main_screen
ae203bc6c3e49bf36fb1bf8bfb150963,main_screen
e5ff714bdb6ed440de38f48e5132ad8f,credit_info
ebd3ba548e5ecd54c79405f057b2b148,statement
f70aff8e170344b13b4878a90859b8c9,main_screen
3f3093ab937c82db6c698e3e3e7f156b,main_screen
1b0eb5f657aa92d2abb7d3f831eccfd7,main_screen
16834831891c3760abb62e61f344ae64,main_screen
1bae53f34145639701deb325b4dde61c,main_screen
1e3b8fea75dd5a2881acea2492c861cb,main_screen
a26e80a9b47f90045933f2973ead5036,mobile_recharge
82a0734012393e41341b222b7a036ba5,main_screen
dfce149b2a1c2de940c2479c1f69c2f0,card_recharge
e1d7ba3c849108a8bcba05c27835930b,own_transfer
e6ac635c117b45bd62c9efc50d52f488,own_transfer
0831aed636ac58c89d8de439a4afa936,statement
192680711c98b598446ec3c0e123eae1,main_screen
11e80e520112f572ad09dcc78117faa4,main_screen
c6f61973d27f741123ba2501231f94a9,main_screen
bb7f7894f0c89f5f191a0a0937e0e908,statement
8c8edc69396f256ccd211863bb4dc42a,main_screen
55627954d43ec3f73c6495f9c1246a86,statement
56306f4c0ad965656b7723c19b210425,credit_info
b21068007d5add92a5900d0b8de9c425,statement
3946e2df04c09022e47641656f1a9f85,main_screen
e0798d59961374046e98d82cc755dce4,main_screen
5c77552cfaa6f3e4249ce5c3f928bc04,chat
6937b3274da2eaf80b0e55c207d505ff,main_screen
e9f387b81062c6d86206ce9bbc2a362a,statement
0b92ff116f9704e71d31e16d1dca1d66,main_screen
22887bf1833ed938fef33aae1b2d7e51,statement
d7e0823eacb14245cc9d48b25b4b25f1,own_transfer
37fd532e25dd6e2c6994efc516b8bc16,main_screen
c1e35c4ccb0cd2d8659dc09715ebc37f,main_screen
04f8be33a83dbdb8540fee467a1a9d2f,main_screen
23c704c8b1c7d9004b2939e214c7e6a8,main_screen
ea49bd46edb95ffcf022d44e2f87929f,statement
cd1ede9ac6bdb1807e86d8727d758ace,chat
f691e4cf9e305edf6472e84af839570a,main_screen
48aecfa2f625ca663d288f6a509df9a3,main_screen
3abcd015e9af77affa97dafbe3fbf735,phone_money_transfer
3f9b2b7fc1ab914774ea230f815f09ef,chat
c59c27dc500ab61e92c2300ee9e40be5,statement
6c87ab32e9b1ec26964cba06464eb352,main_screen
ccbb2b3e03d40159cc2155d1ba9bd75c,statement
eeda1a4ecc5bc2cb9ad0b6d5760db3c1,credit_info
4bb0158db12a7381eef7d0869c348ea4,credit_info
cd23ef4e5ee18bedab6aa4ecf1e712a1,main_screen
113ef090c02ab6df444b3a45c6c3710b,main_screen
3cbe6ca29debcdd73fc9a1c1b46a0a50,card_recharge
7ded239d188ecb0440201e2d030f8df8,main_screen
da29b5a72a12c5c4787b1999d74c8cca,statement
0475b32afdbe2075b4739515f6cf3364,main_screen
74fe86d4e2c8c76f9cfab843a3536034,main_screen
ad854d0cf72798e5c8e2d7862a562c1d,main_screen
9e620c437633a98bb79bf0f99a3bab63,card_recharge
a6780b3c1911df44686d3f0aed1e6e49,main_screen
62e867a3c21c9f9cd7108af99089ba14,main_screen
41be6a97771d0389b177b4a16ddabcfd,main_screen
1455dc1298bdf7dde3d2f2a0463abf83,statement
935621d1814452062e7bb74d0e571267,invest
7309883815332d2ecc45e0a9f6786d96,credit_info
70e2f7dfe3f4fc7e39a2fc916ff362e9,credit_info
6b2c968e9c9e828bf3e5be898a22f913,main_screen
a03cbc496714f6ac8a3e05e462d42e8d,main_screen
2fb59ae7d1be4e5f7e40d9fdca8e738c,main_screen
86c9f5b8f07d922804d2f9b05051b7d9,statement
ded14c088a9e5e1bca5a9e0ebd863713,phone_money_transfer
8e512088b7c41f6fecc78a3ad2e76857,mobile_recharge
8f7fe4b9aa636da601fe16924e62ee52,main_screen
c8406573075498f50ae41ff4dbc93933,main_screen
b672a671918220eed8605c8452f723c7,statement
d1b224a5ef311d2df83d234f0fc3ba66,main_screen
7a27bd4566bf7269a85dcf0935abe722,statement
57c89a162101494948354c7631ad9569,own_transfer
dbef2a12c76a0f4aa7d6754f99815870,card2card_transfer
a025ff547fa3c7fb91f9527c7e09ce86,statement
e66db7891e48d8557be6cecb2d737ecf,own_transfer
3bad610b7780077b3222895a2fbd4c0d,statement
32af9f939578f36aa6f09e3f8d3134c1,main_screen
d07e3e2a191d1b277156688c12d31889,main_screen
793acda7c395c2c010eaf8775e5baac5,own_transfer
32a5407fc2bf1fe6a847bdd1cdd289d0,main_screen
a44074ccbfef0202ef120ca8c02c00c3,statement
fafdc2c9b2d07a6c8c5fdda9019c62e0,credit_info
33d0f5d83966e119f3caadcc53be7196,main_screen
a54735774d4487346ad86fa8cb1122e7,credit_info
f47ad5e8fadf3c557b37baaa6740f7ef,main_screen
d779b8a78ba63db5afef1f3a6602ad33,phone_money_transfer
26d845437478e3bb102a8a138d7f6a86,main_screen
2eb70a51ba34759e98ab533f762ed4b0,card_recharge
4cf2732f63e65b133f2c609157404d82,credit_info
c5d52fdfeb0684078bb7014eaf2839ca,own_transfer
1d8d83c0d92bf0e4bd5d15e64fba01a6,main_screen
89029c65a33db988e5c34683e1fc0694,credit_info
ffd5062b732459f8fc936cfb3f700fcd,main_screen
7ad4e904e36cfd3c081632b032735f4a,main_screen
0feac08cee6926343d4b869c96864232,main_screen
d911452908803910bf42808a8326c77f,main_screen
f1dc58f87c07252d17cd13da3e70315e,chat
f36b4a398eccc486980db81eb8d89e62,card_recharge
926d973788720beed8490c8a17f49a2d,main_screen
928ce39e6100a33814868dff905e6af2,credit_info
a40ccd07d64d23c628a17a6cb137cc74,own_transfer
ea9b0b2fc315222d3b8d0e5d069933ab,main_screen
02c7cd037019b76afb6b38f236613564,card_recharge
29fa0fc00f0a31dfa209ff128e895206,main_screen
449976fbb5c86bd270d305b3f3a943f3,main_screen
b9603cc760996d3295bd6ea390626820,card2card_transfer
5beaa8c41e5026c41aa1d1c07ee37097,chat
15b468b7b741b1d1e2a07f49d56e6433,credit_info
3f0e56935c3097bb773c069d5fa0eeab,main_screen
c10f79677a7926686a3fca8e5346da49,credit_info
265121e57ca04e8e91c40a709a0abf98,main_screen
a7340c76dd836987f1d8ed465523f5ed,phone_money_transfer
3b0ad6e4c731908672c1c6caa13e22b7,invest
de3779f09994dfbc2b7ad466cde27a64,chat
8b43520e9809b6abf4286cb54c11cc58,statement
7cb9db8da4b62aad06de918b05a705cc,main_screen
006131198c81736c2e02dc2bb3e0f0f4,main_screen
e926f10ff3669179d921f8d85d344465,credit_info
8cbb8e8d16d92b34be5c70d8c6a21da3,main_screen
29547f6c9d0ee81ba1f89e1800d61ed4,card2card_transfer
48f800c223e2fe423fe5fe5c49dc22ff,credit_info
11ca0f7bcaa6523d2c565b4caa8b74bf,main_screen
ca5a8bca99780eb6778d9835e81d50b9,main_screen
96e75f898de031f10e3c8b15541c03ed,mobile_recharge
6de63eb1698d38b1857e71c4fc015f9b,main_screen
c2c3b438c2ac8daf1eaac8eb73ff5bcc,main_screen
2999590e7b1fc5b9e5ae26d7e97cb3c5,main_screen
c14a741fb416030ce917349bad280df7,main_screen
ae27a8eda9af48f80484858e2ba02f72,statement
b53dc5fb40eeb1354640176411960e4e,own_transfer
c8286100e6d62d6646580f1ea2848a6b,main_screen
bb649a0c031e669b158ccb7574dc4a72,statement
658320f229a8e139d0b79811ecc0a12f,statement
7f3962f3085419bb3ce10b9d3fd752ef,statement
af75bf7a466ee42216a1eb4324f816b4,card_recharge
e8553fea0ecb428cb8e3a800593662d1,main_screen
2649586893be9d0dfa64dafe171ab826,main_screen
771589aff17e19f438ba5a30dd7dab8c,main_screen
5aab30a5760bac38ae650f137d5841ca,mobile_recharge
4316cf1722440d8c2825bc0c3f1f3a2e,phone_money_transfer
01d92f8dce4304f8c10c821a0697e1e4,chat
06a9931b2c9e883252a2b19383055584,main_screen
5ded220221139181e2bf84dad8a8d479,statement
a704a7a0b23e86aae90cbb87049fa6e9,statement
875dba1ae300e410b62d791057779db7,main_screen
e47e12027ce328517a70ddc9bacaa44c,main_screen
0ed992536def6de5ba4179e7b7e55ff8,card2card_transfer
fdd70d24423471acd593e939dc4e28eb,main_screen
3cce9c36038373ef7af0ddd3c3e53e7f,phone_money_transfer
474131354e4a0f8cec7018ce504f7616,main_screen
594d78883080243f81464b17c94cdc63,card2card_transfer
7048443c3dc5228505906e47483972c0,main_screen
645e792cdaa228d659e70b0e7ccd0d43,statement
bfe8ef1fa9e3e50fc34dbc7292f69cc8,main_screen
c2aab1496c96b20a7b6d45421acc96ee,main_screen
ab7a8786905b79a5b02366b63ba24d30,main_screen
7380de6a661273cd17fa3f4856ae0a73,main_screen
34544499afde50bc1666d01c02c0660d,mobile_recharge
e3e81777965ca3f47ef68b46048dae71,credit_info
27ec252ebdd1b175f3530dae656aefd0,main_screen
a0d8f7be7fb94886ecb29be56c025999,main_screen
747878c8137c4718cd1dbcfde715dd14,card_recharge
e96b47f6437feef1120b1220d3c15538,statement
cb595e91d35db527ebb756158800c4d3,main_screen
abcfe9ada480c6191074ac1f5a0f39d4,main_screen
a631218c501d558d31596529b95344fb,mobile_recharge
a06de29d7604b25a073ad74ae3c48546,main_screen
cbbaea7cfc6a2ce820055ee2352e1ba7,main_screen
d424370f72d5084f8148c72d000d8d94,main_screen
0ade84013011605e3134ea12620b098d,own_transfer
73480a36985710d03b927d60f239bd5b,own_transfer
a446d9388cdbab559b080af27137509a,main_screen
65020df5554667e38e82c2aa6e983d52,main_screen
17f3acc1abd0d9382fc61e7730625be3,credit_info
cffd2c6b3cccf0eb8cf25acbcf13772c,phone_money_transfer
a5bbbb79354cc174b7a45b7e2a78dd5c,main_screen
869b06ef7de9580b339177012fe9411f,statement
c5a73245f3e22941922831a1b190b6f6,phone_money_transfer
16e1154cb7438276202c0caebb22b96f,credit_info
40b300b7a297e3916f07bb070b9c1dc2,chat
e65e6ab1f40d43801a93b72e1dc62d02,statement
2f9648bc77c201a614cd56bcd53ba16b,own_transfer
1aaee8672db7434550cb80dd20abd360,main_screen
4e35a53a73274153f9ff281b042fdeb4,main_screen
00c0108b1d6fe1a3b7a5b4585fdb88b9,main_screen
b3b9c76fe53e39e51310c9a53293fb37,main_screen
9c7c1a9413437a548665fae152686500,main_screen
e064ffb17f0179515e510d129052b0ee,main_screen
d36c628004e83393f316051075858dad,main_screen
02df6c8398fd2e4fd931031f166c0c3f,main_screen
9d316a4397d9502a5840206f32493588,main_screen
e1a3343459aa3ad709e2fa90fcde5474,main_screen
e843eb49cf8f454e1885fb124a296bfa,credit_info
2b5c4e499410f9e338164fcbf86f8f28,main_screen
362f0a6c697f8b702dad5e51f3252a1f,statement
28592938d4e3be9cf3deb55b09dd9b79,main_screen
18dcc29ca007fa20a135b25346c22644,chat
a0193376ddce0d818b0ab8e5f719cb0c,main_screen
584df8d392d3b16781b25f3d0b54b5db,phone_money_transfer
439bbf2ed8971f0d4aac45ba8624a412,credit_info
061c356dbf8b4c8a2d1b07c8845c97ac,card2card_transfer
5916233d8f859504afd53e9eb8b23880,statement
53014ef102223fc20fcbafc764633de2,main_screen
7eb695cb08afba1aad43e77475497fa2,statement
8f1f6c85cc8f7879c25887ae2e1d9fb8,statement
c75d9c1d77067b9cbc863233beab75e1,main_screen
ae2e072031c8aff03faae84f31cc78bd,credit_info
7fea4b0544dbca4a335518879b5c7ad2,main_screen
f8d245553f388f1108d0ba43f3a9a5f7,card_recharge
68c18f1fc61f4efc59a0c87342942f2a,main_screen
71ab5c0fae9709b5d4453c7ea1f2e3b0,main_screen
c131a795a9d69cf91a5d25102e3531ed,credit_info
efb8722df9aa268817635b52d4b66ed7,statement
a22835d94d799679f2a3d569153d166e,main_screen
d4869a9f6f8ad3047e1cab670b346005,credit_info
9b6198067ccbd9a9e05401619194cac9,main_screen
143ffc272f66e158b03ce35ab23d20e1,statement
8f72555f19f9c878d82198ad07e0de71,main_screen
12871158eeba4225eab83a802a2c281c,main_screen
10d205b599f1b08ffad679c0722aec0f,card_recharge
3f1d577f5e43fb0bb72a937791d171bd,chat
2967f70ac25c6ef06d51ac72a32536bb,main_screen
07d86e2e8d8b1885900cfb960101e80c,main_screen
5ae85dca6fabfe958f504aff339c5196,main_screen
69ad9da246caf746fe4bc6ac5a333ef7,main_screen
1c2d28dfd38929a8b0bcc9c542e0b1c8,main_screen
8b8c37770317d4df7ada2f6d82df749a,phone_money_transfer
75e87ba46c88aa6526aae34b45514386,mobile_recharge
e6454fa9eb3d903fc96c35df66e662ad,main_screen
501345dab3a0d4a933266bf8e8a35e9c,main_screen
9f2806a6a2a0dc010901d0f411510ec2,main_screen
22d22c038c5c8c8301dcff96fef82ccd,own_transfer
c365187fe64d125d9052065c221e5c86,statement
688bebff57cc07eea10a499a98dd1f93,main_screen
dea108366feb95666d169d973d89d874,own_transfer
896418ca305fbf27b25506d7cc132830,own_transfer
0bf32a50c4f5a7ebbfd90e009e6082fd,main_screen
9c3765144fdc540f9bf28e5929e903b5,card_recharge
ed11fed3df7dbefa802e96abfb980ae1,main_screen
54aed9bc6cc31ec0da29d2ed4bacc3de,credit_info
a0be25bc310d8b9d210a18e8a65b4d67,credit_info
a9b525c0f959e5aeac238f6acf244650,main_screen
9bbce6643079c83519f1e5078519a07b,credit_info
4cb9476603143d54a6e06ee16a85fa30,statement
a9b98383c590ffbfbabbc59e0247e25c,main_screen
4ec342641e7e93d488d67c0f1be21251,main_screen
ce5bc6594c2587607207d0951fd880b3,main_screen
da579b0103f490abd7dbc0cb52d12cd7,main_screen
2e493ced278b40316da1eda1298e0097,card_recharge
e109c53b836e577d85a0d741c6ba8f01,main_screen
724f77b1b4fb28d18077c7779d32ac1f,credit_info
f2d44e699054fc7b26247f92c05a9cf5,credit_info
d879fa1384bc530f869efcb6a7351d2d,main_screen
b0c85c5c88636421975117f6a3942208,own_transfer
8261a54c1630b3f471b72c83858834ff,own_transfer
1933621b009d166781a74e6e50e9e738,main_screen
553f3b0eb68f963ddf0fc21ba80d1a28,credit_info
5937e0805931fb791b4cb088421d6d22,main_screen
4174566d48cdd07ce9de4393ff834cff,chat
6b57e33e3f5f3cda00ab24e718303ebd,statement
a10eb8512e7a73e1612ec5877b4b7c9d,main_screen
6e0ab95abb8fff57afeaaab0c375195e,own_transfer
e7bfced8df4cca5a58702e19fb6370a4,phone_money_transfer
3c16387f8515b2e5da00b2c8b7c7ab84,main_screen
08e9cd05f1b1d0d534e9ffd648619bc9,mobile_recharge
aec2af49691ea2396a5edf2e922f0dac,main_screen
6f494cbba3fe80638b256ec825ee3d6c,main_screen
eac436f246c0a573737b6261b31d3417,card_recharge
493448c02025c2bc1e01105a511d18d6,main_screen
8383b13c643ebd4d8a7c7529da88e8f8,main_screen
4714c0fc3dbdf6add866d09e3239e5aa,mobile_recharge
ada31c2acdaa1910032a3a48d7e23b14,main_screen
ecd869fbd237cd334317e042985ba11c,card_recharge
c2cf1e437e82cd4a4b870c657235a85d,chat
d7bffc7a34f025e418f8def40946da5c,credit_info
b5dfc10ceb839b1b8f0f1a341a85fa74,statement
317c52833242965b6406d491089606d4,main_screen
0dc52dd4e57a9517c6bead97f7e25c8b,main_screen
d2ed835d087c4c6791f2a4550da49c27,statement
093a746ee326fc2cc274b0acead019d2,main_screen
d447a9798e8da07076ce1c46942ae211,chat
a22c336e818c29c512cb2908086451c9,own_transfer
1a31f2bdaa4d5f13c0de346ab9e58a75,chat
178f4ea10e33b172ba9df453a3f0901f,main_screen
e0cce6d503e009d13e9c70ecb033ae04,main_screen
e9dfc02357a188397921c5a3ad6320ca,main_screen
c593d4a857114773b272ffa64a035e10,main_screen
68cc84a5d8e7f236e7e5695e7a01cb5d,statement
21aef1e9fd715ad4b13ec6b2eececb26,main_screen
89e08086f99501a56ded27d9fd102046,credit_info
8a18b7642bf921a60dbf1921e2d57521,main_screen
73b428f095875a3e837f6e4698d9b7e3,main_screen
9aa56b0eadbcf5e0a3dda1819f8f8d38,main_screen
b2dbc593ed4592370dbe5727c6ae8780,main_screen
3da8e444edea815b6c82491e9cb983d2,credit_info
78a0275a26cfc10bc9c817a78862facc,main_screen
17aad7da9ca116a1165c61694ded3dce,main_screen
0ce234babffc5ba2e417fd83feb25470,main_screen
a263dbe281dcac88bb9990b10aec6eab,main_screen
481179efc1c3bf293f3785b5f6b1e818,card_recharge
5396b22086062f9d039cc576cd03bd5f,main_screen
5203bc3b9d053b9dddd7654e0bd9479e,phone_money_transfer
906b0e4143866c7ece051dbf2dea55e2,credit_info
f7cd0ed66ef5159d927c854fc7534803,credit_info
6b4c5c62ca3eb7c9996a74f9a0cc9543,statement
f32fc03c9be40e6ad440ac67f9b94ee6,main_screen
c90fddc6be55de7826b198e3c6bc77d1,main_screen
2a112597bc79c502b926e273fd53f9e7,phone_money_transfer
308299fa9d09f8c4becd7734026422c1,main_screen
23afb938c757e7a692326afb3a17c935,statement
8e7fddcac3b528e34c7f4e7a556f310c,own_transfer
2e07900465afab3837b4a3c0180b63b3,main_screen
3786de1bef65e360c3ab758f3250d217,main_screen
803e9717e0c76afe6a2c37896998f3e0,mobile_recharge
22bd6226b5b963ec6277ad95446991c1,main_screen
bda82a0d681cf109c96935f36a27a91f,main_screen
e82a6b5e488c442d504e6507269a388b,card2card_transfer
6917835faaf8a09fe43e7a665bc10882,main_screen
97b03dabf1c4ac09fba3588901123fb2,main_screen
fd243492a139a57c69fb6f399dc55f29,statement
ec58b33b00e3268d543896a3c1eb7eaf,main_screen
b9547fbe912c6a9cb0602c10fc96a986,phone_money_transfer
cdb99b31aa8e4e767d16061e99b863f4,statement
547d4a3f6b98e46fbd23a892fccc3020,statement
ef934024231df840d7c49019dcbcbfff,main_screen
ed53da6961d3a7526575f317ca7dafc1,main_screen
d5bee57c022cbba31098e8587581b07a,chat
bc5fb2347182502759be50487a7309ab,main_screen
b944ee3ed5e2bfbd11dea291d48eeb21,main_screen
d8cc4bf9f18adb208c9202f1916cb14e,statement
da0caba2990a5030258117294581c057,mobile_recharge
eed381283b36dc9186c181918d1ecb60,main_screen
368734ed3e9020148c2006fb17507a9a,main_screen
0f707aecf800e526a8ab8917b3e0d4d4,main_screen
9a621528c9ef4e730ac00250f748b8f7,statement
70fd0876b91d1c372f72737268b4a44a,own_transfer
21a2b49a5bca25b5dba3050e103a4721,main_screen
85f70648d842200e3aa76463f8447087,credit_info
45d487a5884acf33ac586b136e107f5f,main_screen
4b78bc43884b37884c620586551affd7,main_screen
04a72995f09655f2b1de36a657c2e83f,main_screen
df0cb6b2dfe587e85c6dddae9c2e91ed,main_screen
ea651d8b6b910f8a024b5511dfca5d04,main_screen
817ccaeb49644b2d6c058d72df7af0d3,chat
59c3bbf24c5229ee39d461c9862edd8a,main_screen
6bd58f734befeef464abe29eb50cdf6c,statement
a5fdd149f6283ae44ea1c2862ecfe9c6,main_screen
d43b7129e54b9eed67fd186fa372140a,statement
0db43b3d6b6c5d128491fb1d52c36b9f,main_screen
75fb9c5aceff05b556c4591f13c5d65e,card_recharge
69cd13eb28a4a5d91a5226520b008ee8,main_screen
c0dec2c575b91dc89e64f2dd24118cb6,statement
2d980189c9729f1a3c216afd1283d690,main_screen
dbdfe69ee513a126a05cba402ce01aea,main_screen
0e3c893abdaa7b428a0f8d38d55f5731,statement
c005a783edf4b052b0b35e6883a18355,main_screen
fa5364d9fa7c76b4cb80b1937efb3209,chat
f802c90b955b6d21d6eeddeecf109962,main_screen
57020877cbe33deec16ce862507231a0,main_screen
4bc484691e0eb4d4af3cf30a109e572b,credit_info
a8539e30ae48a664ba8c4bbf2074d251,card_recharge
bd306bcdc4aeb8ba01a5a145864bad81,main_screen
2b48cb8ec3d9ccf8ea82d707cc72c73b,card_recharge
fbbdc3ce89b505189f20d1867cd2a8e1,main_screen
76982f4c3b39a31257d8e753b586307d,main_screen
f7d8c26394a818ddfdc6693302136d44,statement
5ca32fffa3654ebd61f3eb20d0249fa2,main_screen
9be6ada67aea38a5b0f5cdfe74c318bf,credit_info
8f27a10b0e845e80f43deaad5f2914e4,main_screen
7184b18543a0cfd3600283a41aac7638,main_screen
602c6dbf5c2ea0d907736e15cf6c9f2d,own_transfer
790031140596ddc47533ba5b1a5a7d0b,own_transfer
3a9d8615134cab6c9e63f4db4c42864b,main_screen
78017f146ca0decc6a59fe168215b065,main_screen
9a03a0f20ebd7e61ce4dff6a598709db,main_screen
e65f37abb55dcb64a34eec83e6737b8a,statement
e7e0c0aea526ca3fc11138385a49d385,statement
7a7e5436efdcd58642b3cb2611f4f95b,statement
b2ae4e624446c5b13a57d9b0926f2f76,statement
a17049f27bdcc1947a0d1834f996fe94,main_screen
6dc1a10a891a1480ac3afe05b325d9c5,main_screen
293a48bc4f17a9814d33fdf70bbcb30e,main_screen
07a1ae7afb59a3b01784529127dc38f1,statement
2d784e47b72deece36312710f48b30a9,own_transfer
153fea17a23b34271d013571ceb972e3,main_screen
4822bad19f94eb4799a5f476ff8c2325,main_screen
71d4123c9474785c360ab3c4093e0a4d,main_screen
aee2b6a0b98e27bf2f3db83efc2dfc1d,statement
69a4bd4e7c52b06e777abe992df45757,statement
1902586821db98284780a0b00cc37a28,main_screen
1735cbe8ee020ab4d4244ba49706374e,credit_info
ad8aa046552b9377fff3e6753c8b7602,main_screen
1809cbb3d7a0f507d90734a6f43759a5,own_transfer
550e878ca096e8d24ac7b36433ee6bf5,main_screen
9c5ffe3489aad5e08c2b02db83cf7d24,phone_money_transfer
2b70044022225e834085c8d75c0853a3,mobile_recharge
916b7308744e466aaec59d6dc98549df,credit_info
5a9d6ef3a1000542e52ac2f41182a16b,statement
e95d7e2aa94e85e4f4791fe8bb9b3bca,main_screen
7deea5ccd51a5bf7fc3b3d810b4e0e7e,card_recharge
a61d37fe133761ec95468ab77a9c2717,main_screen
32ddb8ae7a2af7d05bc5519f14dfeea4,main_screen
9bd9b76b605c28c3cae25fccb7c65140,phone_money_transfer
7f0844a10caedd4f8ef54eb92dccaa99,credit_info
7b6db2c3d1cf276da2adfd0ba3aeb0c1,main_screen
fefb14d13412d0d14609a912627a4e65,mobile_recharge
e34f41ba29dffcce0a7aac8c658a2589,chat
5999e0cbc4b0ff17dee7a82ecc16464c,main_screen
aee48d1e9905eae2334fca7fd0438110,main_screen
d757dcb7be0da0ad03af4739db5cc22c,main_screen
7ea0cd54cc213fdf41ce0b8c7281b993,chat
65c74bfab90b76e4db6c4f3b8a3cd061,main_screen
8fe307a2ee850d6be3712a7924c7a140,card_recharge
ad1228d0031ba084eea4f0ea3d76735e,statement
8b041151d373b0f384ffda4d12fb35d3,main_screen
ec37b30c81eee5654da4740cfca02d6e,main_screen
fae740453b48771f2e719c9393e36eef,statement
59f816e8e50f5b33ef13259571377b87,credit_info
d5dd607ef52ee0e174280194d1dcd0ee,credit_info
94f073b52e604f9e2d3a3c6b35700fbc,main_screen
7608f03ccaad72a08f850acbe78ee7ff,main_screen
dfdc963606b4439ade69ef610bb99741,main_screen
82b395f7615904c815148db341b4e1a6,statement
56789ae0c9b69c7cecbca4ed5148fe91,main_screen
16e785038c0eb9d7999f9b1e3b3bdad1,main_screen
3e09146a260076aac25fcf2212f46cd4,credit_info
24d9e38a363110593bf9055e8f5521df,main_screen
62be03ab7beacecd3e2845860db88e74,main_screen
313b7290cd497f57fa93bd5048a6358d,chat
0f4429b47f93958ce13f3b9f5b561fac,credit_info
d0d20291fd583c5fb134c84b6e95c941,main_screen
3474419de40bee1509c7cf26f17d365b,main_screen
3d66b4911a21aa0b1ce49b027d350cd5,main_screen
a5a219dadc76eeaec5853092d9a10599,statement
30bfcaf417f6d759ac8fc75c58560659,credit_info
8003089323781f3e2d3a6ad646c02959,main_screen
9f76002e63533f61be9c7210d9819e88,main_screen
ad2380976364d5b212c8f05e5ec0b164,credit_info
49cf22098ceb1fce03ee5d55b3d8b903,statement
872bb2eb95994daa5c8983bea7336de3,statement
175fc792a09222e545fed8ca593cab8f,statement
292c1c1db3319aa60e23028f93b5572a,main_screen
c753b860d41bad76bd7b765ae6e96ab7,statement
695d62fd477fc67b97430bfa9bf572a2,statement
fa46e348dead6bbed2fe05686bf52b78,main_screen
714aca63f8bb3f961ae8d0fe3c411407,main_screen
c6e9e0bc33a1aa18877db2fe9f868866,card_recharge
e42c5a76b32110141221533bf900e447,statement
9c3841e2c561c345aa002b2e7f8f4e75,main_screen
83a8c7d73a4991a820b6973d78858188,statement
58b46b4a251ff57494a5bb3f0af89ac4,main_screen
af306def3d77028a88c05dababea6f9d,main_screen
a9a356d2577e8c608ea30614bc384177,main_screen
d1092926c96b7bdb4697bc3a77916061,credit_info
7ba8b97e08a80caf69760cf351053b03,statement
210ca12caaf4bdaa2d10a455d9324e3c,main_screen
b886e4fc66ea440660bfa7ca3bce679f,main_screen
2e327154621fb4bf6cb54faa3f143cab,credit_info
cec9e53da352b7634d91c5ae8e1f224e,main_screen
aef2a03c55cb82f25426ef96d3fd5174,statement
14ef316a273c825d3ccada7b293909d7,card_recharge
7c385573eaebde5471ec49710db41653,statement
af19d3add8246380e3993759297e8d21,main_screen
29701a85f3392ed005c6aab499613b24,credit_info
cf237f1942865d3bd6409201bc26a113,statement
574aa5f2e774eb82700ebcbfa90705ec,main_screen
6b4d9ebac042ff6b43c22cdaa6f02339,main_screen
5897dbcf254861234fefa32186154739,phone_money_transfer
b5bf705525c4e31a76c84401720bbd27,statement
266025a2ff6336796913cb70866d1cac,main_screen
694d26a4ccdb98afe1670bbcf3f8bb16,own_transfer
18967992750aca89847cff80bbb03e56,main_screen
10fd5a1fdfaf414a5be24ac491005306,statement
09dcc9b44fe158e267b71c51e3a1ba0b,main_screen
19f7d50f84c5cddd368a7f0ee4097565,main_screen
8705007236c117447c13b497f0f93f72,chat
50db89b625767a8ab1d5d71202ec3bff,own_transfer
b412b0b267a002687aee5f5b0fdfb70c,main_screen
534409319088a9aa6508029134cc4627,main_screen
ebfd588505832fff01b7a5e04e5c0fa0,statement
663834f106b73dc2ad7a1367a43379eb,main_screen
9104cfe154beccd860a4c2d669edad9c,credit_info
ede0804a3f6a570f5e7cb43b18a86bb7,main_screen
4da8c235d20894c4a81448ab659f028a,statement
a206430c0834b1a16d7e8825b3a664cd,main_screen
e79a6055926aa3654fbb7d027857e4f9,chat
25fed96486448ffb4758c731af15a628,main_screen
ab903bc3ea03d6236cea87678d588b14,main_screen
37057b546488a9a14d5b153429d86449,card2card_transfer
59e0b17ac64028523951e3cd277324e0,card_recharge
ab7a0565bc1cc000ccf296dd70c13d9b,card_recharge
fe35e4f8cc1a9439f2dfba4d18e51de0,credit_info
ca8640ae57c03e3bda3c8c36c7d85e7f,main_screen
1a3302c8627aa51be3c320f316aada45,card_recharge
e58f1aa2c67e7313aa8e76af634835ec,own_transfer
9b13284909f4ea926a29a05cddf0715d,main_screen
f1017b7ec7eeee99f66dbb7bad45e6e0,statement
c964bb7c851def8c3b8dbd0c9b47e6eb,statement
49749793712f3b7c69d4219545e20ff4,credit_info
22fe109420bfe6b2b5a5d6b9ba99ccef,phone_money_transfer
17f00b4562e311f24c42c78e811b6704,phone_money_transfer
aa0ca6ec8b52aace20aaa7cf48eb1cc9,main_screen
127d1ae41f8dff367d193ebce8d2d47b,statement
211e68fbd2e37def49b97cd4ed829064,statement
41d649f8133f5ee791f7cbcbb513b31c,credit_info
0d5177dfb4221e6bd718deeb2097ca13,statement
52e901f531f343a4c31b88ae949480e5,main_screen
9c0d566ad51c0a4f9f39e1186439928d,main_screen
c0b7a089d26797b506830f4f62cc9f04,main_screen
11896b2ca2c0c314753c434ae1a54b73,main_screen
6cebe319557be4600b0363d7b521944a,statement
d0417ea20c9555a99ac6aff2ffb5d6c9,main_screen
35202384f073a9031775a15ce712fd6b,main_screen
2173246a5607c2de823a82c28df952c2,statement
dd7a8f510231b4ee080e27aead4443d1,statement
2a5381c9e7119a3298eba31becff539f,main_screen
dc50fb61dc65c614e2d3d7b1f85a1e80,statement
e0980680e7f12c1bd4ca706dec2130ee,main_screen
2675ddd3832099d7e45808b4fde668b6,credit_info
3f94ac6c7f9feb9f168026633ef259f5,main_screen
0a710db78cd31be6a4960fed2a8b8f17,own_transfer
df22a851d3aad91ecd78620c2fcf797d,main_screen
b878ad589f443a7c4fae6351b03baa2a,main_screen
3893f2ebb9d2dd154fb7c24dff31c753,statement
c4de3765a953fe4f2b9a7911520b110b,credit_info
5fef0a6ab15cb53aeed6e9bae7e20fce,credit_info
e26fa1823b96a05162c04037ae527a24,main_screen
851eda7cebe5a5740d4f4aa541a5d90c,main_screen
6348cbbd5cd31895ad8765a2becfd87d,mobile_recharge
a809e0ad3b041ebfa23fa587e1e0a4bd,main_screen
f8331864e927defb2555433330cb7297,main_screen
98e66fc43f4283fd21d622dffd94a600,statement
90f641690d50832274404c4b1f92f405,main_screen
fb16f3fdc473fdb2698c938534e039a9,main_screen
3b58f7927a628633a050e47d39431ae0,main_screen
6bad3f4c9bbaec2768308fdb1890021f,main_screen
d0ef650c448f2f46c7e976dbec59ca10,statement
a097f416d178407f76909435462bcaa1,card_recharge
6bd2db83e71c20accc8088063975deff,main_screen
71ad4f7a11f74174b34b23fb0d3826d1,main_screen
f2aaad0ecb3c2d2206ad09d8ec1433ef,main_screen
b6000cc184ff5240421121125ccf0348,credit_info
99445f3f227b5b34f527aa8643a639a0,main_screen
31529803ff04227f4e94bd2e9d45dea0,main_screen
2cbe469b21a4739cae2821d5fc7245d5,main_screen
0738350dfdd613d77bb16a05eb4b3be8,own_transfer
bea092b80131bb9e457b3d3fc4932183,statement
4f4262503838597dab988a47ae097119,main_screen
8071cb3152df99651576e0bd4705d3ee,credit_info
12a86e40243edb307a7a0d352408640b,credit_info
aa144f76a38db6871272b0ab0907abd4,main_screen
2984692645315eca4c842aad7b83eb35,main_screen
66d07d2683385c45abb247548f99a0a6,credit_info
4953231eb4ba99abe0630be079e7405f,own_transfer
27fe5ffe80c37ba047f61873d396a8eb,credit_info
276bdd8e5f032f4f259633cc24aaf68f,main_screen
81c68677d6cf9eec69c39196f7b96cc5,main_screen
ecdc114b2f184d880830aef459f2d678,main_screen
8d5d88f38f63a0d51e3547cb6af92825,statement
cfe9605ea6d91fd9a549455edb953a79,main_screen
3c64827ce0e5e3d4afefbc9423234c8f,main_screen
8a956fa7d4dc6e12ee30428f5f1ae72a,statement
1aa6d6bd42b80d42a7b55f9cb302cfec,main_screen
8ded36612d1932f6da722f0dbb7b90e4,main_screen
a46624db60405335a41cbe67bc7e85d9,own_transfer
ddf1eb1b8bfc2f2afc0dbc1a69c21bfc,main_screen
5b994d95ae5b59461695ce10eea266d5,invest
a0210d709e61f3f525b683d17fa7a383,phone_money_transfer
da1fa79228ab6b58a26ced33130ad724,mobile_recharge
1f458940682f5720c2593605a52643a9,main_screen
238e0d659ca56a4c54f364aa3bc37621,main_screen
3d397dbe43d555ccc85eec6f72b8aadc,main_screen
fb909a92d85367a35a72230985a3655a,statement
a88997bc19a5124c6763564c53c408a1,main_screen
84908da49d12be036263522d418ff0f0,main_screen
f9dc0400822505e60a5af7f65ad2b9cd,main_screen
31192597c56bae22c933e5e3dcce07d7,main_screen
277a5fb6d49ec08edb1c132620cc724b,credit_info
7659bf3167ee25953742076f0131f56b,card_recharge
8535a6aeffe7f940aefe26052dd8cdab,main_screen
e59a3b895e4103226485d5e8e7114323,main_screen
51221895d58480abc57cc0097755f52f,main_screen
feb853a74e675453a2546bb1e0ff6e1f,main_screen
bdbbcd2fad4473b5142b86073fc83504,main_screen
8057d487a1fa43f5ebe7a86aa3523cc1,statement
3425cb48506ce18fd105e38d0108c095,main_screen
d7e907fad5065885b7ced213b75e61f2,credit_info
36664aa65038bb37f2940fd6efc6a81d,main_screen
db3409dd45f0d53bce88152c0c9b6885,phone_money_transfer
706097b62b4fd2ff2ccf639220fe424c,chat
817c4f10d2353bd0203222253c7302b6,main_screen
540da9f6f9dd0531b6e0b0267b304f49,mobile_recharge
df124932a1f237628ca8e948d55e7a74,main_screen
5ee392fcc47bb123760ae3ca5cc1951e,main_screen
6962da8b3145abc2bd82f7191a623cff,credit_info
0c8f40190d7f6785c3895c02bcdadbd3,main_screen
250f3db618d8dd18aab93cc0fe0d9336,main_screen
a6e71c045eac848062b63f8e68020036,statement
741a7d8c521663d360d9b2551187759f,phone_money_transfer
fe2214705f2f17b6518c13e7e47168ae,main_screen
1c1aa8d3955fde4c553218fb023f30cf,main_screen
c67016c5636b6178377a0b115b32260a,main_screen
67a643b1d0f62c97d2a765587ad4d513,main_screen
7f4a0dbb098bd81340872719dff6fcd6,statement
05f2494321c04cd7211907248d461edd,main_screen
3433967554ca8267f3583abf37e2d2a2,statement
aa040d592ce6b01ee11b700e8da5151c,main_screen
80c52d9f210d187cef3ccce0eee376aa,main_screen
0d3276742975b2c1ed18135301fa85e2,main_screen
b136ae93ff42b1d7c5cf8804f599284f,credit_info
b66937f1760ce9e602175e1815c66be2,statement
5eb1fd2a2517726129472d2fc7e92e12,mobile_recharge
67aeb20a5f87adeebc89501a54f78fcb,phone_money_transfer
503864007d8e4c6bdb47a305f549772c,main_screen
54ed935981550635b2d5a02fbccb3ddc,main_screen
e6188e7d009e68e0d9ee24d610c57b8a,card2card_transfer
6bb7b774ce178232d723986be0cd54c5,main_screen
2a0ec231c565a0a9a7cfe5f04ffadd54,statement
d785227b3aa9c8820e3d815fb1002042,main_screen
6726bcd73d78e2760e1b366a1276ab45,main_screen
e737a0d84a7d6cd37f90a4630b33a0f6,main_screen
a215d6e4d28aab01f5df02a7aee1aed8,main_screen
f6262859ae406bdd85d2fbce70c86f5e,statement
857e8615efd0576d4386d089f8f604af,main_screen
17ba6e7ec12fa02f80060b9a86105a6f,main_screen
4704a8e2a24516bc64a96b0286d7c89d,credit_info
127c3fcb7f6743c40aa2e69ba64e4ce9,main_screen
3fe4acb8ff0c19bce4fa71df4128cb48,main_screen
5231a50f544bc7c754a086b14b17822a,main_screen
24c8135ebb4d376e97fcec38a60567f5,statement
8961882ab48c3a61552e79236634e806,statement
795d17751609f1b035b03f4ee1e02d44,credit_info
dd4117d302e46564afd1940b32b3026b,credit_info
c91fd3109ab3f223032102c98c72b7cd,main_screen
db62ba58cdce44f2066d3af8e649ac3c,main_screen
f3377f942eaedde2e874e26bc42c4774,main_screen
ca59f73e6e503861556ee1fb42e60ab3,main_screen
3edc86d501c897d7b5c5d3831357c5b2,main_screen
0f2d35240b679f9fe2d5c624a11ccef4,statement
026da677c9007b21d380670ad42c176e,main_screen
d23d1b465c7f7848c0966854cf233456,main_screen
bbfa3aba5a3a059c7ea24bd2bad9e3f9,main_screen
40f3d166f2684c450ee3032255977803,main_screen
3cb0d4f0936dd63bdb97c89a3784a6ba,statement
25119af115d8136aeb4382029335fcd9,main_screen
1107f89d82fe9b395b6235a960064e23,statement
e0d0f4264d7f9120a584046a1247b692,main_screen
7db278c5e3db16b262c31ac2298f302c,main_screen
8ee5fedef45ef97e3d58702f24cb2b46,main_screen
1337ac64cd9233703c84345fe8e96681,mobile_recharge
ad6aa4052673f4f466bbcb7cbcf047aa,own_transfer
f01c5f1c4e6bd2213c85e70f4c874940,main_screen
fce7ab4df67f8d3d88c5e43a3fe5ae6b,card_recharge
90a0050a76604af26dc94c12e1ade207,main_screen
a96066a0eb3ae33f013d5dfae192f71d,credit_info
be19cf1c29cb3ee1bf780fa03fcdf17b,main_screen
84fc0200ef8ef657fa6ea37c40d4513e,main_screen
da29e4e381e01370b7b9c3140367635d,statement
371ed1504324f78724a4344e13173e19,main_screen
282ca6dfeec88f0e505de13ca4711e6a,credit_info
75d59d1c576e479e2c266ccb2ea39a6b,credit_info
95ffe189ed77db3ba0fc8dd8047eaf42,chat
829fed14fe009e042125d72dc989ac83,main_screen
69423e94a53d329fc1d697f2158c760d,card_recharge
af9dc9a406bf496d97e395a53df785c9,statement
43b1e45d562e3ce701e4f8f153abb840,main_screen
b37c8e918b87b9f1c26770bbaae344f1,main_screen
2f237336cd3885b1ef9c8b392ad6656d,card_recharge
227bbfdd9381108549b95c4003c2f50a,main_screen
aa716d98c98ad5c31ef09d0fcc46b26e,phone_money_transfer
1e619d861f66beb934d0190243dd5c65,credit_info
40995038a2687f14547b3f01fbe7d4aa,main_screen
9ac81f28e8c6cf4c06506bfed8b202cc,statement
0c8ff3c5b85760d564c6725e78719ffe,main_screen
db59e2890ffc05fc9ed35dd63b4734ad,main_screen
5e5446b875ee0950f147d5e784ff2ac7,main_screen
d59b26695d15b8640c24c523b5b3b79a,card_recharge
84a0c27404a38876b26fd523cf703330,main_screen
602b8c65d1f0ac3fdd56e2aad1d43abd,card_recharge
9720b2d475eb5ecf9b69348808bff35b,main_screen
4f143090c26b12c4ba345abfef72e32b,main_screen
7ea9cc494af7d3d9cb1826d67d298699,main_screen
2bb2ac77ac5f3fcf5c420e2be99b1161,statement
64ff4b945d942e1f99e7381b4219825c,statement
63bbaffdb47f370d363217d07835d769,main_screen
f33fa0cb28bd5946219d73f9c68ef1a0,main_screen
861b32d85fd1af5753258367ed58ba63,statement
9ad36f6478fbf04660321f529288147c,credit_info
ac4b70288f1fc4e8085ce53686496e46,main_screen
283a1e3ddf2b585e2a84cc89354be588,main_screen
f4fd3da0544172d2d1e2c73b37f4e089,main_screen
2b02fd7556d1406bca7ba7c91fa0a952,statement
4eae441f955b11e0c94538199545e3ca,mobile_recharge
2f1f40ce070730f12bd7d083217e3184,credit_info
9cc55e17eacac999043da6748ecfb79e,main_screen
f5e8f6a6b80fb343d0f0e146c0e98ba4,main_screen
8cc952b4ee46fcdbf1f6944c85726571,credit_info
401e54b41a7c10ad1abe22819716d0de,main_screen
c9e00f791b83aa80cf2b52ff3ade6cdc,main_screen
0b9351bbb37de37aa83c5914e9c1d55e,statement
9458b8c57961fc62c5e659e7fe2725b3,phone_money_transfer
4bfe297a28ead5493f46d72dae19609f,main_screen
7fe32a5700e117d8c6c704aaae7793f5,main_screen
36db1288f9b568655e2b57c88143e7cb,statement
6d5114f91ba2e8a79c91f1083b5e606c,statement
685b96e2c7f4d8a40407e5588554f9ef,main_screen
e9eacf8cd04f1076fbe3fb1aeeb3e8e1,credit_info
e025576a157b711776ea6c05abdea622,credit_info
c36d9dcfa2cb1288698fafd1f7ecdd6b,main_screen
b32930da9e3b16fdb262fd3fb44af715,own_transfer
1e1841ec440a6d7d95311449c8a8d0e8,statement
db7ccf507a36d4f56fedcab42ad1ec93,own_transfer
8864e6967616a4d49a3412bf0abfabe5,credit_info
b7fb10dbac1f00b304f2645006ec06ee,main_screen
51f65d2b08b94391bdd6c484fa0a62b5,statement
7faa45d9f9c274129fcbfad2e87897d2,card2card_transfer
f72ed588f911322ea0cc1650f1e1d840,main_screen
91457cb2de39aa9a2dae2f1098dbff5d,main_screen
b3371c845f22918027a1a368fac1b1c4,mobile_recharge
5170a0fc70a6091e5230bcd5f5b7855d,statement
4b2838d54257c13e3724e0a77996614b,main_screen
92a0dff384fe95f2d4dbbc08fcc89775,statement
8b75a64a93b3ba07dd65fa911df8b6dc,card2card_transfer
8443f289e2a0edd5eed253462a9603c5,statement
ea9633deecf7971d561b8fb06ca07c45,credit_info
f4ae27c9e950265d6db4f806b289190c,phone_money_transfer
e681975113f015d4d75c5b052f5ea2f1,main_screen
2bf596b9f0a2dc3a10a38713c8af0d44,main_screen
f1c887385058d468fe24a4978291f09d,mobile_recharge
9b1d9963b69d1ff21ae255985e3e89a9,statement
a1a947e86f264f66ae753b5d5f9de791,main_screen
2f038faec52864a789c3b3b146d4f488,card2card_transfer
49f537481d9f5a87e12b1af0f1be3513,chat
aa57c27eeb9801da19c9ed9d83a4f2fb,chat
c029c4372a3bdab3353d02a56f8f8394,main_screen
c733243db7a7554e3d1f66a142a16f68,credit_info
3621a611fd78d1fb5cf4ddd4cf87bb55,main_screen
cef7ea299b71ec75954412ffe5cade9e,main_screen
12bdca33ff8f7628462c5917a1b812e1,main_screen
9f906222fc023cd88949bdc04e9ecb2a,main_screen
d2f9893eb2b5b268c3713cdb6ddb10ad,phone_money_transfer
6dd33acde8fd286b16f56b375f2eb80c,phone_money_transfer
56feafa29e9b4a876fc5f25b8e4a3281,phone_money_transfer
b9a4560822e64eeaa08f997684059f71,main_screen
5dcb5bde2315c52b4ea7c259db0b753b,main_screen
58ad3fdf3dcfc8d4e12d3e417cb09c28,chat
163bbb23738ce83799f568389a8867e0,statement
4f952181f051300c504dea1480f6e2a7,chat
9fa9e1ca50931aa706637d9ab33e8e2f,statement
405f0674b21bca18d78b48b06e52d088,main_screen
f8f449d2adeca7d31f8184062ca040b3,credit_info
4b7247244bcef7837f4948d8b15613c0,main_screen
beffd758294617d5053ba9fe5b8db227,main_screen
669af47b9e2a9089a470d9cb42ee3fad,main_screen
45c78b3e36e4646582ad3c5ca35e2dc4,statement
fc2acaba5f7e65da83a127c63af35356,card_recharge
317debf509fb1201cbbe5a1e6a65c382,main_screen
5374254de1ae14b3e9988e2cb3f28da6,main_screen
bd2858e17bd0bf776f72387fbef62e34,chat
ebc295c5c0eac57efa92b13fe78af44d,main_screen
8a0564a80a9993af0e2b9c1374f21d8d,credit_info
dcf3054569eb3aec07937332aa0f8e0d,credit_info
114a05f93a02880208ef5d3f78b10c46,main_screen
3fd4d3bd83e9b88ad5122c930ac7c3f8,mobile_recharge
1e190a101a4d5f8e691ab4425d21b4ca,main_screen
b0c905981a1d6d1a63cc6cfe32532161,main_screen
24d9e44b6c5cdd0eb1eb12edb447ae56,chat
981b74450dddee572996a345a7a9aa79,own_transfer
476e21fba486a350ca546098d42f2f8a,statement
23bc623f7dc696f1526460e33e61576c,credit_info
2e9ab26efc5ec4488abbd1cdd889514e,statement
4011e5c986c4b5b06fe3daca99f4cb80,credit_info
1043ece829bce466af2621d62a9e2f0c,main_screen
3c4cf46f5e956d4a0ad80fd0dee3ceea,main_screen
b4905ed338f2f4cc3e2a593b5b2c2134,main_screen
687718db3dec4cc9aee0d20871978678,credit_info
62d5e5b5909338b54b161a7e91335f91,main_screen
842168e35de166f77ebc52354764e5dd,statement
5c944ddd86e88c13e0ae765a9b230137,main_screen
be5442556ad6a4132765d2b723d2acb5,credit_info
1fd743f05178ce864e310cf73149c7b4,statement
e7c6dd756663310c101dc0177f34027f,statement
9af035753addadaa8d4c4244e196103d,main_screen
a8ecc313a4fe43812e2b381b4542eba3,statement
bea609c410b23b2af47ffa75ae6b78b1,main_screen
5de3f354233515675c02248689228633,mobile_recharge
b56e28c73f567dea1e3fa4eb9855d1a3,main_screen
35d7eaf47a302bf66c7fc89068796cc3,main_screen
921e4322ab64abe1a5275b43501a1512,own_transfer
1d50f37ab314aaa448c024cd623e57e8,main_screen
cf6ba19d8905c04993149e4946f13b10,main_screen
0b09cdcddd4fc8299f514f19f01c815c,statement
9856bfd1d4a5675903c832200c82eb88,main_screen
58126e074a5a703b8eb114c3e4b4836f,card_recharge
ffe65c77703b5a1925dfd97a324d8a08,main_screen
a48656b9d50564951952bdf31626329e,main_screen
ca68efffc38a1b563a057b209c9ee994,main_screen
8f6ca5b2642a6041a2bb008166af73d4,own_transfer
5056987f254bd0c50995cc0b6c641165,credit_info
453025a12b09794d5f4c749635c5e9fa,statement
57ac14f608f5333390ff409db45a41f4,main_screen
e73ac984acad344e2f7c62bbadd9d0e8,card_recharge
5f5321cd677561d26aafdb011c13bb1d,main_screen
421ee5be2d2a58668ea6f729d635e9bb,main_screen
8a8077bb0a99660cf7f56132892ef7d8,main_screen
fab32f6cc3df40e06df69093213c80ef,main_screen
fb2809b80dfe5f8cc049681a6b7d2b30,credit_info
41327b836adc0ba7e8850010c1c2f27b,main_screen
a93fe2542d9b385259d2109af9aee3b1,main_screen
ae5381287e97937a62a84d50cf418e54,card_recharge
4b2b4ff210a72c8fabbec8f27ce02a45,main_screen
a15b715c2f83f7702b15d069412d76b7,main_screen
7b1373694eb07c2df2f74ed948cad1c4,main_screen
4930bab32a23be6d545fd1577758a377,main_screen
f4d273cff70cab2b18c7cb6effc66cbe,main_screen
3f2252078681cdebb987970f90d780e9,credit_info
77ec31dbb7091d2d0189768b4bb5696d,own_transfer
18b8274fbdc902cb7286a24845a82a67,main_screen
e8a0b26326e94f21cd2e2280505468a1,statement
9594d3883c43d94bf94bcf90d6653b72,main_screen
19cf4ac6da36bfd16e4ff8677c074924,statement
83ea1ace1b609f04d2f66cef687bcd17,statement
b95a92e4cd55f0bbb65b01197dfbf314,chat
f83f41355466068f30172fa82a1690b5,credit_info
7c1fe9d7d5c90f32414777cb40ec4fe5,main_screen
26ef45545db838e9a47fd910cc4b6264,main_screen
69f48419ac52a6c4eda2228535351c87,own_transfer
07172642a02d8a5ea5b569e4e2a14a2b,main_screen
77d21c10a0a89a14117512498398a854,main_screen
495426a5f3bc0b783d2789c22c376b51,main_screen
6e4bba100ceb733c507618e681a9cb42,chat
7092d741d3df43ee263c7a001dca6b78,main_screen
16e0c0128d9f985f30b81f5ad1a1b332,main_screen
3c610e8fd713e66310b86aeb4f6abe2b,main_screen
747308324cb5b8f3c2963b7573c406ad,main_screen
f4c8eba0512e4b422f4912bceb23a0fe,statement
5dd70eeeb9c8c8a975d1b7ee30b9579d,main_screen
609d970ef59c8966bba7e2e204763772,statement
369c194ca18f9b4a91a533ee20a3f9c1,main_screen
1916cb386dba9099cd70ea9a46da444c,main_screen
077a37ce754e0c23543156b26bf4c5bf,own_transfer
3fd8b52e896d24a4dc584a23de83fb48,main_screen
475c57c2251cd36594f09824a2f5dc95,main_screen
e0aa3e1bf20f6710342503aa67509b1d,main_screen
13a70fd27696c11a082122f30a9afa66,statement
d872f2cc9cb14ccf8624642312e87d20,statement
c93ce95488cb553e5726ab26e6618c46,main_screen
13242c44bc2634057d62db3569d50c14,statement
e6e4ecfd2bda3956d7d33c7909fd4ae2,main_screen
d765e2adc8435dc673e03f5e35a07177,main_screen
17308b5cb0e91c803beacd6e027f2394,statement
71cc60fa04dae15fbfeae5d16392c14b,credit_info
6e47e86b33dd66f92c2ebe2124cdcb7e,statement
f4a10ef465fa140b1216ad0b44916cf4,main_screen
ff1c0b4611d93cdb8e398748a57dbf4b,main_screen
8a4d78dd0c3b18c21f6a6ce120a8df29,chat
22c101fb9f95dd367bf65ee14e47549f,main_screen
4e676a03c3da8e81225af41cf206ffe4,main_screen
3264086c7e1d260f1866fa4182c02d05,main_screen
23252ef3a623c3dcd87972989d11fc22,credit_info
787ef678ea800b17e04ab5f2846cf4ba,main_screen
0974749ec725ba96566f6b4dbd4a4c3f,chat
dbc58d4a37f252f974356af5cfa10e5b,main_screen
36b72472f0232cdc7c864727aa4e0d4b,mobile_recharge
c8bd6729d4fad8a0e9de4dcfce007917,mobile_recharge
ffc7cf9867439d0d9928eb2224379a48,card_recharge
97dbab3cad2e1cae7718d0f4d9eae332,main_screen
113f9dd76e92fffd922d391aa511dc17,main_screen
fcf1bf9b3de5775b84a3e8ce1173bfac,statement
cc422e6cc26a257f334f5a915233edb6,statement
e71f8a130adfa87f5a6200ff27d57a64,chat
23a16a619727f5e3a71e4187b0a0c482,credit_info
4490bd0bafb5b925adc9ae574f8dd511,main_screen
3cdff3ee70c7c6dbdf991867f470ff52,main_screen
3449e9c1750acbaf8aa34e771b8db2cb,main_screen
7ab2fb59cd6d53140391bbc2729c9604,statement
104c793a438b19b2d8b3dbd4eafd41df,main_screen
8296cc32befec2c2532cf22fbf9a033c,statement
757313353ca26e6deaededfc70ff492a,main_screen
54f7b79a3d67814690ad5bdee79369d0,card2card_transfer
785ae953ea612b66e00c701d31a75658,credit_info
c118496e930ec029a7ce121d9159cb79,main_screen
045c813dd8152d7ea3c5baff77f01125,main_screen
7567a7fb208e37fae1be2b51a96703f2,credit_info
5f2442524c7273cd1c38c42efc97a758,main_screen
722f5d10da9bc13694c8e18d8b794712,main_screen
048c5beaec92bef095bdfdae3e4b57e3,credit_info
54b42c306abd0f463f93f8b8d5085f25,main_screen
8af1275814bd957c7c50d452716a924b,main_screen
9704c60b10bea2497be495c4e3d65ebc,main_screen
e389b263a9a6091d9190d94d83babc90,main_screen
29f6121e5bad419c53db99fd266a4bb8,chat
1fa64638507de023ca13814dfb841fea,card2card_transfer
614056f3840803bbb97182660fa4c3b7,credit_info
f2ea0c65b82ca00952425d30a41d6d0c,phone_money_transfer
eff3181e3457ae080c602aac77374597,statement
e90fd60af86fdbc87b1cfeee6cd7560b,main_screen
5b35159246856788da74bfd423220ddc,credit_info
aac837037ff448095424d2e6b62dc836,card_recharge
37768d46302411d494c7d280baff1f0c,statement
b8c0c260864c409c36e6e7e472473c6c,statement
506b057db6ae2fa78f43ce7a57d58f1d,credit_info
2102397cbb779761fc438a14e4b9da59,own_transfer
8f6610ba726aeddeca9aa97b1556008e,main_screen
a7e1f8d16b16f0c5ee3a5f8ee5adbf3d,main_screen
36ce9aef356760d548e082805753cbc9,statement
2ec6956f07b67cbe61555140de0c7627,card_recharge
3a82d50187061c08ee134a4f3fe6fa3a,main_screen
7c7cffbad071d9b59dccb18f42abbb31,statement
2e089b0101676d4eb573a429c412ec65,main_screen
cf974a08c8ba4329488d42f71ed2aa72,main_screen
5c875edc14da1daf3e1ac2e8f6a871cf,credit_info
63b16f0477d6bf5e9870a027045731c5,main_screen
53bb4af8ecfeefcc839b68be5f7425b9,credit_info
3dcc352e17e64419669e807562bf3a95,main_screen
957c87e1e90dd14cd2960cbbdbfa121e,main_screen
754e2d879e834b94f0458a09b581086e,main_screen
74f86bd02f528504c2b73e5cb05442ef,main_screen
35d6212e39946ee8d5e09ad62cc51d97,credit_info
6531515529138e905ca5df63df6bb5de,credit_info
46c36134a92c46cfdfa0db40d0fca131,main_screen
23378fafa5e2618675d66036dd6506ec,main_screen
72f6661e05cec51be3b6c8b4e450cb53,main_screen
4afe528f1c2350587c9b8edb0728203e,credit_info
8655c8cda3d7ef8f1f5c7f26e7449a13,credit_info
cc41be48f28cbcd3a53eeb328336576c,main_screen
5250aae2dd132c399a6b02d59299d633,own_transfer
a528491b6b9279c767ba0826f80c5285,main_screen
ecf3865206d3f3f4d696cd1d2232516e,credit_info
e4be40d86070c85e9f48a89efeb3de2b,credit_info
a8b3d746eba24a416f9f4b2cead3b298,statement
0e7ed064f33ac94e38d7a1136a67716b,statement
25e619a3ac7a0947d57bb3186b6ea1ae,card2card_transfer
15d0c9234baed33f81494de2e6abdab0,card2card_transfer
f025d65de2a44c30093ac61933e9eb20,chat
734b726f400b26755392378508a815be,main_screen
af80bb3a8be1a736bce1abb2e0c88d9a,credit_info
d759444b0687afa52804e5877077f73a,card_recharge
bf0229280c7b8c7be3cfbbfb694a29ec,statement
08a17dabbf260d4b0465823164d0407e,credit_info
d55fb948341b9dac11023fb5ede3c15e,card2card_transfer
a00945976289b93d121d2a9f370c6260,main_screen
5991140b34242df888b3c1e8ce12b9bf,credit_info
c80e2d98394846097548d141f84ee061,main_screen
925486a823b28ea8f96301790509b0ca,main_screen
57d1e6d5f63193a6be2e4c6c47647f89,main_screen
15df75b54d9d65b271b1fe323ac04615,credit_info
f2a54ed8757dc057ecabf408a1d5ab5a,statement
069ca05c05bf64ebb04e43a85a29be86,main_screen
7245569820c6ace08b7f1641c3d80f17,credit_info
5366952900a501b942ccd901c341389a,main_screen
7faaa4e78ca58c13d3b5f836fd98175c,main_screen
1fd927066b3bccb2256080224821693d,main_screen
265dd002f4e4dc0581dc2dd4612a37c6,statement
b2f28d1e10e3a4192a98c2a8581dd6a1,main_screen
19b0361588a83c3f31dc2dbc96d62714,main_screen
16085095a3e4312f2ce0d0f05786abea,main_screen
5a0f9465cc0a10976fd3f872d1c93a1a,main_screen
539ee6e9f07331bd8955513503ed09f7,main_screen
ad528637dda25c8c843a0637f3a3ea25,main_screen
82c05f602d455e801525095769f79931,main_screen
14b1b3e3123acbe3fc341bb5bcfc7ecc,main_screen
dfe9909d490da441025ffa8844b7addd,statement
657a069a3d0f21015a88178b6e88919a,main_screen
d3c77792a8e06bb45caf891276f78b3a,invest
ae8ddb806c1554ff604f55961821e32a,credit_info
d2da54e35486faad16dec71f25417ad0,main_screen
01b448e842780bbb6e800712e60e8df7,main_screen
1fc9d3e62d0bef82e05bba94256ceaf9,credit_info
2d37ea2383e19be6258a135249d380ea,main_screen
f23d6b9ebb05f4a6f02af71e87ce109b,mobile_recharge
9e8916c82f5e50d3d739821ee3975958,card2card_transfer
c3b6c06fd15678bde4a869f1c8d3ef67,main_screen
c60456595d14521fc9d05aae1f7f8789,main_screen
1413de6eb80afb8bf761cb942b9d7426,main_screen
669862944ac05aa1b5a5a93df7ba0358,main_screen
b9a515336c123b6ad611a3482a84206d,card2card_transfer
22a7e1ad7a5975694721a838dca68965,main_screen
f02bd134f7e7c59344696da732d1fa01,main_screen
c7bc74bb4b996198cc49dd5a5e150724,main_screen
d9e7c6da930aaa0de3f74d3e37b07b8f,main_screen
23927e3c5218407b70f422abb5100086,main_screen
7072d4bb9828c708735d736505252085,credit_info
375ea3f1104ff105bc5c38e788b24aee,main_screen
97ccc35f4c49a16824a3a6cb10f49354,phone_money_transfer
bd4872c25c8e6b2825fd2a0d1d05323d,main_screen
f1d99dbde38f9f9c29fb394d0a97f52f,main_screen
7dd7999eda8c59378088088c987e9a5e,statement
e42ad875dcb375c4e594095b22ad88d7,own_transfer
8cadfc30fe5c218e1b62b9da30f2befa,credit_info
dfd551e6352a167ffd2836cd8ee17db4,card_recharge
e3b872c5df8c1ee3b1ccd50eb8b3b295,main_screen
5cc169dd882881aeeec7dc92f5ab3a8e,main_screen
3b60e3cd7e3075544b6d7fc77d0b7ad6,own_transfer
7152d8ddf39c0c8b9c3b18fb8dc2d9dd,main_screen
ffb4f3843059804321ec2510d2d23956,main_screen
3963fa6d3625e6c8b3edd78b3f96a1d3,main_screen
340e2b184c2b287efb5caa036ffad110,mobile_recharge
7526c7608fc10a5de9a516b6e0fd9155,main_screen
872bcd5e90aad3a5ab41944da06f3e29,main_screen
0a21a5a0f720eb42413f472509a84b1b,main_screen
e36d78c30f0331b9547eda4ca75fb624,card2card_transfer
e9a457bbaf960dc362efd20a207097a7,statement
87bfd30126cffceb22f77d2bf10547a8,main_screen
a6b7ca8c0bb140c498167b2784a2203b,credit_info
9d9caf235cd65f4911abfe1d3a53b846,main_screen
ca69d1cc065dbfe40b5e72f7b58b6c75,chat
dbbfab3341d0a61191011b43818663e2,credit_info
2fea88e690c7844a8054ce3bba9d14c6,main_screen
4c4f3ddce3adeed98a901aa07b40aa04,main_screen
29d86823baf8e3d5ab0bb991c1454744,main_screen
c20d9424ea86daa78d9f83ead9544fb1,main_screen
15feef396f5313e0060974aa94ae455d,card_recharge
99509c877b5d6579424e692d851ac9f0,card_recharge
12b56a1d2fd4c752a22abbc913015c22,main_screen
b73c99117ed0e03ffe38946be52c5cad,main_screen
43b6aacd428c4d702fa947d7f2ba901e,main_screen
935a78e4c855375ed81a09902d2698d4,credit_info
305bd0a5ad9722c8c81593aff2067cb8,main_screen
1bcbe57499e2c9eb476cc21e32ee2bd5,main_screen
55ca1bb9932ff69d102a1d0c25733e51,main_screen
74e67503f2e6d5d497c339e4854f24bd,statement
e18b9ec126890b4b678188eb7e1ef1fa,chat
4a5d1da481dc4987228fadddb74b0d00,main_screen
b54586cf3cda673cb172b4f3d0a5dc53,main_screen
4cca9cdc6e5c35822cda4b382d001311,chat
d7e398c6969e630dab9fb5721b672bf0,main_screen
16d679293031a5cc4e83dd3067a93c8c,main_screen
f72f837f6dfa19a7293e25eb0824b34b,chat
c0c3e6bd49df574392bccc6b5e09575e,card_recharge
b991690e2fd5c77a542d495831a53243,credit_info
7d9cb8b657aeb103cada7a50dafe4f3b,statement
cb28504bbcff5ff158646ccef552c56b,main_screen
e30efbc3c851f56e43df5640cbaebdfb,main_screen
8a54f1ddab5fdefcdd2565c4d441d09e,main_screen
975a2842952941e432c9cf9b2ce42ac4,main_screen
f80d7984f95bcc638043c065fa28bc50,main_screen
5221773e32e72e81f26da599c41d03d4,main_screen
62e850bd4c5a03a2266b537736bea777,statement
000e54f2f0f6b7c4fb6b09c6ecf960da,main_screen
65a2927b1228e460ece472f05f93062a,main_screen
ed18b19502c7be215e91861182d0c038,card_recharge
247da15b069e58b112ff83e85e1d25a6,main_screen
65287bd3c54b584357ab89712fad6f6c,phone_money_transfer
0b3486a7e6f82f2cf467f991b419089a,main_screen
f227169c0ad49e12018e9ba7a7dcb77a,statement
52627104b3e409c817508b6477889c9f,chat
928f55cd2cee186b3fe0f5db8ee0b8de,main_screen
e3336f81da9979be6b07a2dd04c37e6f,statement
2ec465b725c17e2bda8c8b47a509c64f,main_screen
a8a5a43c935981586eaf51c398111f27,credit_info
46813cd0e613e349277f2a5b74ebc558,credit_info
4d65cd15398c0816876dd8e46fcc43c7,phone_money_transfer
900ac4fb664d0aa5bd663d20cb6c2b00,main_screen
2d08915a17d469b85666ce7e1faac110,main_screen
737a43fd1ad7c73096c037acda6c2dd4,credit_info
c88194f450b93aa182bd168c77016d24,main_screen
77c90ff37dde879eaa935e512ea59e1e,statement
3ce8a6a1c74d57dd30264b6a338092d5,statement
3532f97e4a8ebc1ea9c945efe7e6de8b,main_screen
460d657d2f81ab2e89e5e3e84e8466ff,credit_info
45c7ebf4bb20103d2bd7ae43b5847527,statement
e7673e35d666fe679a00e21fd0dc4558,main_screen
0d1ca5d7ee41118310d71bf8bfb6616d,main_screen
d2f56cefd3db3242616ed68764b110f1,main_screen
3eb86818e01d348fd1940ca9cc1812b5,invest
318c54c08f55eb357906d1ea25d00106,main_screen
085e088c8e21bbc194430ae35e6314df,main_screen
e191b2e14d0a7050b6dfad3225d4fa31,main_screen
815bcbd0ce9a3365613628d9a63421dc,credit_info
8c0e7b52114f4ed5b5eb3d79875142cd,main_screen
a084d859cc39b37ebee4d1ab9c487ff7,credit_info
46670b6ee3975c196332087ce5ae1cc0,main_screen
0779250a6e15c9ffc7bd6aec72265754,statement
40ca941ff3c457107d227bd0b2ccf8dd,main_screen
ce3c83434b35568a4ae5150698cc5f74,statement
b497fa374049d3ebf687261230ee861d,own_transfer
13c006fd1642496ed51d10cf3938e8d9,credit_info
43e520065d354393b98bdadf40d6d86a,main_screen
1ac9aa855e22137fb74ef4f251fea704,statement
e861e5e1c919f18d52de9bda66124ee1,card_recharge
b224279c66f9ff15204df29548b7cce1,main_screen
b9d56ef92102c3aed69d7404ecfbc51e,card_recharge
3e8709eb2fe0d006aa6ef8a8779c3bf4,credit_info
70467b8b38818efd4db2409a31ff4456,main_screen
611a2aba45919bb62fbf1da0a0d4a83e,main_screen
0bfc65a7448f0082f082ab89bd45f065,main_screen
69787f2a7f9428f335617d1604318e38,statement
27734eaeadcba334c40dcab7f1a33376,card2card_transfer
48ea41adaed4d9d21e2dfea1e7b9eadb,statement
3e3c93e6cf2ce1c6bfa56c6c97c537d6,statement
ff130f8a6ecbe654affcdf91e88e0536,main_screen
70d35c9fe72750491770b2dcd46fb751,main_screen
285651d6d9a830541d86436c556ba186,main_screen
731937a99eaa9d4f9dae3f42c98c5b2f,main_screen
931bedf0b058c6628f0ff61d476fe220,main_screen
0012313ade8f295769c2b9281edfed73,mobile_recharge
3e37709c6676836646dcd664f70830ed,main_screen
9e9969a632793de21917eb2bbd3e1c65,credit_info
41714a2d5e89dba0260b1cf0d592d403,statement
5a7fdbbc034c0021c559c08984a9da6c,main_screen
542ef8b11c92517f638940093bc5bef4,credit_info
32dea4cd790c35f61f5410e32c257602,statement
e34d5391710e87cd68a1a2f01b69ad96,main_screen
29a481a011b803b288ee5cb98a76a0f4,main_screen
cedb4aaa50b40252e5b1feebd6b567aa,credit_info
461949c55f9d873e07cd14d9c71b152e,invest
87f87244f5656e432f4dc1854439e7b8,statement
e1d2ce9f5d4ac0a4549ac6284fdc10fa,main_screen
4da9efce0471a9f026575f0242f5c4ab,mobile_recharge
2845ede2e95e5cb48aa4db6e04932368,chat
072e96d64531a28ab695f88820124a10,statement
fd119e209e2318f6360e9635c4fa5c57,chat
7ed8aae5313b6a79029642b780725658,statement
97abfb74604743dff8ba138d4e49397b,main_screen
0e1673df52765518f09346227d19f0bd,credit_info
fec32353a209612e350b4a5b3aa9c838,main_screen
3320b1b5c0a8f761ffa513a88e25b591,credit_info
bf8d50c5ad42c8e9082ed310a2e0f738,main_screen
d660673d3608e6d21ef32e481247a012,credit_info
ef8654bcf65da0ee27b3767047bf2bea,main_screen
f120c3c36d84e40ba676639a7968ceec,card_recharge
332750e23e294558fc1e936639bf826c,main_screen
9afe611b7c2f7d227582741e6f9f1754,main_screen
eb380f94b68a50e1ed66f008d02a194a,card2card_transfer
69b30eed414b2d8e7591e2583ac01051,main_screen
d09144a3861715a4953371418ccfc2d7,main_screen
4a954c3533fb5b0cc6bc9cec84ac6f9f,main_screen
06248874b131616cf228fb6bd218a9d6,statement
40d63f8b507430a1fb6734cdf32c08e0,credit_info
16214d07c70d80fd2817c4a1a7b0a0ec,credit_info
22e67f82c7aeba67707d66efe6114102,main_screen
25c90bc58ce9510c57f1c49649218102,main_screen
497d36c5041a05411bcefecf3d369286,statement
c832cab850490489c9c2dfc578236b88,main_screen
c415dbc7d384471e551bb1579299b99d,main_screen
8d980ac8943d68cc68569e664c2eb878,statement
085260af45e54b1960eb00e651facd22,card2card_transfer
b5c3c15072ed1df636d1360060303f6b,main_screen
7c51c2e74a3bc6743a81a2c4cdc33df4,statement
20d87ad68307e0508fedda1158ce6568,phone_money_transfer
05bca209c99a4032084e649531b35d43,statement
e92dec7244bcb00fc0cec6a35496bcb7,own_transfer
e53827b926dc2a0a29495fe5527bb46b,mobile_recharge
d226b0b44a1aac2cb380184de8425ee3,main_screen
ab6ff680800cb22c08c073aa4405bf44,statement
5370f80ca2371d481cf95cc7bf57a695,statement
82dde36264e8b8a8164670fca1e000a8,main_screen
357038283a2ea3b70d82f4103bae7606,statement
e4550125cc70bbc271bf3be917285f60,mobile_recharge
1370afce6fc8aef303ed8008095a8416,main_screen
f59f8460b572876173bee2bb6cad88eb,statement
e6a23570ce4008eabbb60b6cde0621ff,main_screen
0f1789ceff15a456c27620fdfaadcafa,phone_money_transfer
c44c8e30a4429805cb0e6d18d94980d2,main_screen
28960bdda85d6461f1e3e709ee36a705,main_screen
8993936559837f2d9f24f0d82f348c84,statement
8c3a2c3ea13ebfff1c2f8387d396d21c,main_screen
750cccd068479640b6627e369ba2901e,main_screen
85bd59046e30c7e99c78dd7222eb40c2,main_screen
4854a0d48770b8b6d4d6fabd801b6661,main_screen
e0eec1ccaa4a56fa01a17b960036e514,credit_info
df456037487cc82ab9733221664866ef,credit_info
426fc8f4d8ca0b2f68482cb9e8efabcb,main_screen
deaea6fb787b61e3d2cc50d47e2919fd,main_screen
64e8e8cd101a3dd64c57010b7ff7f6bd,statement
64eac912b6b6d582c2e2c53f9df5af3e,statement
0069ad169efd5567ef726c1345c0d612,card2card_transfer
080728f97fc6ca0c17633267e23c3637,card2card_transfer
df5b1f793cc4cafd02f70f89f19d759c,credit_info
5e3989aad7abf333dbcefe337abf09ab,main_screen
83ffb1e7708f2d3c7419d120a8130e87,credit_info
46ee0613ec9ccb44ebd4fa328a8c32b9,main_screen
e1af68dae3da8107f0cd1a737206e674,main_screen
dedc684d49e2fc0f924317f962d5433a,card_recharge
e6bdf729ab52125ccc6bb65354d488b0,main_screen
838877098a04a8ab82650620b03bf649,main_screen
f1eb7eb97129883e21727c5461780e2c,credit_info
45a87a1687305dc2683b6719faa884bc,chat
237e726cb342d909f5935e576077ab95,main_screen
4e8cb49ca0f25cf58aab8221bac53097,main_screen
9e34b00cc91cc1521deae083292a105a,main_screen
059869c7ec0f55954ac700d6e94f42b3,credit_info
06f7fadd76d45fc237da52075d3a462a,main_screen
cc29484497a47422e0fde29ad1dbc3d1,main_screen
91be9ef270dc2cf5e98ba6b68fb0ee1b,invest
d96ffda43f702b3336448351e55f8cb3,card2card_transfer
6750b8809559d825df2d11ea051a0f52,main_screen
beec05bb67f369b8b083be2595bbe95c,own_transfer
f5908b6a30faf1edbb7f4d9b9ec6b115,main_screen
6164276457f60e6b6d4841bbc0d4bc41,main_screen
cf64193b93422081b53927c4ffda673d,main_screen
dc59d89617af8af7fc8d9215db1b1867,main_screen
2fb68c66fdd194265165861006bc4be1,main_screen
f2fb6b44c52b4ba4680ee98e74feafb1,invest
cc202d00190a464c5d65c55e2123734d,statement
01cbd9a3de95e5453a7bf26767413603,chat
0d5495e964e281caa85de70d41baabca,credit_info
ba77e7f0d56fe433324341d22e2ec5f5,main_screen
21b4d953a1b4105d9ba6cb36ed7fb2aa,statement
d79ed835c23b6d20b273ba2ca162eef8,card2card_transfer
40d3657de8ec0dcd9f35fdebd8dc6f6c,main_screen
7d25e379d8f1516817b841657de9941d,main_screen
c44b1eb57697346528b75dc0d970b9c0,main_screen
78c3947c8428f2645cea20a65515b9f3,credit_info
a68ab929d38469d2fc09737ae94e11d4,main_screen
90afbde554c54685d5166ab02c6e264b,main_screen
5860f23f5b5324b76ca32837fef2970c,invest
fd5158da453de82973993127aabe04b5,main_screen
df9aeb7fb7754a62a266150244952537,own_transfer
70eb427af64244a80e8ab88cfed85e03,chat
1356859d0f0656088df349a4a759e8ca,main_screen
34967936b96ab4b843831597a38e545c,main_screen
609496ea613b1673b534267da3a24c8f,main_screen
5e66c6d7e5acdc8e14c954aa35d6d3a3,statement
4879656197ed431b0ba5d188845047d6,main_screen
8085398a11c41f1f9c7ae092c710eebb,main_screen
baa64cce39f8ad58919d4cdf12b65d7b,main_screen
53fb827ff7a4f382292c2257ea8e7833,credit_info
3dfc69929b72c8ebeeda6bac42e8d396,main_screen
857795c43810833b63428ba569d933db,main_screen
7184072f46f8b52736a42abc88d641a4,main_screen
61f6f8caa0367a149d9e6af2567e09fc,main_screen
2a7a277e19cc298b399c13b8dea86dc4,statement
9dc76ce3a1d41958f9ee7ef274b29d05,main_screen
f92817a7ecc4a6fa6b2ab5c55e743d7b,main_screen
3f74d98ad29c695afa2fd82f4dedc03a,main_screen
6734f762459d799886f9874baa0aed4c,main_screen
d1cdf3ff1ba26226860d1abd71782ca3,credit_info
46e30eb163ab7cf2c3346406558524e5,credit_info
a3a86bdecc3e7db40822a61be258dcb8,statement
3b1e7b09ed4ea05a68c287d3dfaa573e,invest
c242fe533e28433849f87ed084679d2b,main_screen
44b74c31bf1bb2170e874ef6864bfc73,card_recharge
ad61b75e6ef5091933eacb90f836b4ce,main_screen
22c6cdf820c2cc0320a7a3dcdb8e64e7,card2card_transfer
c772aa4f4526681aaa21752e3983934b,statement
4db4355f6047d0f8761643b19751297b,main_screen
ae3a9956bd1ea360c069ee4d15a995dc,main_screen
6c3b4f2008ba7b48c125437bd758eaea,credit_info
dd99eecfe13dbc80465693069b9e4832,main_screen
15b00ba56135ef54446a33465f7e9417,phone_money_transfer
d3eafb0c231449df5fbde4929cf3c548,main_screen
0bbe04dd6a169d67b5d2f9be5b3d85bd,main_screen
9ac1b333649788a9daa8592cefcf31cd,main_screen
d5d6a122c985164087e673821f921486,credit_info
3e44fb5a06045d54eb5d4ca6d7d7d2d4,main_screen
64a87ca53dbcac547a6762f67f2b41d2,main_screen
032b5fc7d848df383d5e5f87a7934fe7,main_screen
967dac370ec3de3d030b69dabceb782b,main_screen
afcafa1b53181ac859e60c0d8b68a0d2,statement
21b90798940be9a9f10a635ea93f8e99,phone_money_transfer
85ddeeb6e64627b15a1b65258de44749,main_screen
d29b2391c82aa384467cc1fb8e05a9da,main_screen
9ca9b73af3440c5f41850dcff8b60df1,main_screen
a1a6645289453fe2e7a625dffef6bef0,main_screen
516ab893920b31d3407fd29834cf7dfd,main_screen
c74f82bf3f65096d6925c5b23ec5025f,main_screen
904847fd0549c23f9bcce68284cbf46a,card2card_transfer
2e990b6fdad38bc5b0da6d638e763d16,main_screen
c8908b3e5f4fb37605d1a2aa8ce10cd7,main_screen
fe1be0d059ebd97b045136fc01aad247,main_screen
d999b3aa419e2f9bc654fe3fc5a26e2f,main_screen
e112787836a79985a280e74ec7fe2ef1,chat
5c02f3d1a304f902334fc3cf56da6c58,phone_money_transfer
567e020a0c0ece69dd1fa1eecbc8d375,credit_info
5a6606aea656b106b21f24b4bbf07c4b,credit_info
2cddfdddf375dcc623df265cf92fcecb,mobile_recharge
7f7c666af5e4e455095ff30d093586fa,main_screen
23ccaeec212336720ee68c8f75ac08a3,main_screen
b7e034644bb688aaf757fee027ed52c6,main_screen
e56a61471b94133a8d9073609cbe7f96,credit_info
0727790a491ac8ed1b8cf851b1b99d20,statement
4a9e5d9db0c6bb16c9fc7aeb5f7fe415,credit_info
cbd07911c83904edaf90d4fc56044b0f,main_screen
5812a2a2c8a9e879eab4cddd100a492a,credit_info
b2437a9bb9e909750f1d7e2859d54969,main_screen
b11350f011fbcdb0e8d3678ad3560904,main_screen
2a9a1e0a3c8f91d87e294b72f39cdd02,main_screen
eb3126720a7ec6d3c200cd6ad9c9d6e4,main_screen
7300034803607e5c84bb59df55b800f3,main_screen
389eec79385ebe7d7091f8db15366e5b,statement
4d3315b577ac48d08cd69be6bdecb0d1,mobile_recharge
61c4165439cb1930b976b8be2ce40c1d,credit_info
cfde31b38f05efc5631e2346dc671322,credit_info
f06b863e535b5dc6e4b848bfe33b7876,main_screen
0df500d06700c7223fe49818e93d1da7,credit_info
64c40bf9135334d1ce10f627caebcf73,mobile_recharge
a5cf799f9fa921631ae03363354d0623,main_screen
0fbad35ad6504d864d8a7512e0a60484,main_screen
0f1e56f382131332d0d42ba76fe360d6,main_screen
e6582fe7930bbb56d273298ab06052e5,statement
397d07ac366da3a2eb4d976aea06fb1b,statement
104ae4c48262fa36fd06a0cd224b74c0,phone_money_transfer
54abec96f7a89ce4bba348bae9c132bb,main_screen
676879bc5309c49a05f72421a228d00d,main_screen
98d9912442a738f3cd34fe0ad9cca062,credit_info
9da835e69ac7ef05c10f52bca2437249,statement
c9a2dec8490c7d3ece9f569840138bdd,main_screen
a3e3b710b1167dc1bba55cabba6aba0c,main_screen
c2cccf96e37390d8f9708e7c8912559c,statement
3b661dae938c2dd15d3adb62ce675e54,main_screen
1ef92f8ce893f5ceade27d5c4b52c9c3,credit_info
111d530113b52939bcde48a95ac1e539,main_screen
11ce53856a521ecd988d3b3466df964a,main_screen
db0781adb63a7ba3530d021a257b9f8f,credit_info
595b470a474d12c2e0168171742049e4,own_transfer
875e8e35844fd01de15f0cc8412054d4,main_screen
1344451dc5bdf90a08778182bbfe97bc,chat
f6ee0b14c537ca7fe2c600a52021ac00,statement
a46350f766e57103a887ca477d557c8d,card_recharge
540533005e4ee59bd5dbbe285a8e4fb8,credit_info
ac6164dcdc01ae0d27f7f3e50a16a4d8,main_screen
acfb7be2837ae50c38f9a0836e217fdb,main_screen
0def0e12225fda521ee472204a816d99,statement
3050ff1b612a8fe16b93e5130a535685,main_screen
9fd16b6faa7f1d0656546c3819c4c579,chat
731a279930b2c8f78c8305b08e458e2e,main_screen
e9e5250c5c5818d6c1ba8ad4b9289e33,card_recharge
3f09c64832c3b2fb9ac34445c50f4b27,chat
dcb85ba2894ac16a1871d3ecb300c5ca,main_screen
6000132aa1cdde9abf6fe3bc8b7168ad,main_screen
2e4167f9a84855a3c31edaabb36e380a,main_screen
358a7e4e71ce8ffe02f33925f67ccae3,credit_info
a209354787667ae5b016ad84aeb7c14e,card2card_transfer
b200f49a7a09e2c9ec68be457e3e6cf1,main_screen
9b7eb1e947e3d74d6ed2769c9f82a41e,mobile_recharge
28590e13d8a7432377f9ec222e9d85cc,main_screen
bbfa8f198f59c248a2e79c1b2474af59,main_screen
36307b5dd425cffaa3f9d89b14d64af0,statement
34dd9ea05454ca8032f9678ae4085c17,main_screen
0f98301a421982bb8e231cecfcda0315,main_screen
f03338f4d36d35ed181684b369a86801,main_screen
8813f607f144ecd0d128d279fdcf4971,main_screen
1931f3fe7dec838491dc4d267a47fab8,main_screen
38879dfb3b36eb89e5b6ab5637def82d,main_screen
8f0a04e8e9ec56e1294ff2e6dc79def8,main_screen
c740b956b5d902825445bca1f554d383,main_screen
a85feb2fa78070fed877b60760d16726,main_screen
895510bd006da65fd13b04b70a33e7dd,statement
b5bafb31c9ec4843ad2ef4a92f7d274d,phone_money_transfer
4a7c06e1bbc16dd474a98693b2164399,main_screen
14c07e99c9ccefcbd3b1caedbd5a23ec,main_screen
c6313ae3d2366d08dda4d6d6a29b66f3,own_transfer
ece1f863733206c775d826402d21e119,mobile_recharge
ac8fbb38b114555d9550add6c5095b29,credit_info
5cfed03bdb6579f582c9d2e62fedb693,credit_info
72c2b3ef91a2eff90482ee663ed879b4,main_screen
586e6a325574061b8197977b95469463,main_screen
e21e71facdd215307bc6f66ec4365d66,card2card_transfer
d1df0904d7bb3ccaac3904b36ba7b2a9,card_recharge
e96e1f169afdfe7e5bf014a396369e41,mobile_recharge
ceb9894e7a15fc8213ba10332aed3490,main_screen
9c26adc0951adb0c7c381b31a475f2e5,main_screen
77f6f24b8bd0441e1e63c6807d17f09a,main_screen
c5fd0c068b4cc8fb53aefcdd18df42cf,main_screen
e904fc130ce96654900536d51560f5b0,statement
9b9c7215c62a521175aae2f19484a017,main_screen
35d1f3f0b203b59739bc49b7635f0661,own_transfer
d42d512637e8a5cd858effde39626d25,credit_info
54966cc8a61fe738e6d628f51963fac6,credit_info
cc38b7695efbd77224d3a8805ee65415,main_screen
850d93a3aa5f9e4663ff523e2c69c77a,credit_info
0d061f9dbb78f011be813f28c777f419,statement
79a78ed5b08d0ea92d954e99d2e3b123,main_screen
00f9ac59d02809d8eb69208086faada3,main_screen
cfe542cf07b3db363d0333397ee961a2,main_screen
2ec6a3adcd1763863d2d649987d9ce8e,main_screen
c7338d5f62e35f9a2c1266631f81b6e6,main_screen
e525c01695e0adab33908e482fd8d156,credit_info
e6614b1ed1d5e94f991f9e449d8ba919,credit_info
b31cd8fb275d992b4a877c4844c00c00,credit_info
07328c6f54f31d1bf79700317152b992,credit_info
8c38c9583b9030828b9d2e1f36fd4de2,credit_info
53a6c09fb9353cdf2fced87e3d3e0d91,credit_info
b5db685df897e709e04f650562e921b0,main_screen
f7c470e7a511c62dda752497c0b38b18,credit_info
05e7b48c58fadb3505aad2a0cc76f0f4,chat
13afd2bb2ff8c3f0112f745639bc3893,phone_money_transfer
70718c5174b03d20b0e538a4ceb2d414,main_screen
4034561ffb80348d5c2fdbcda2949ab8,main_screen
83c01ae143cd578706551a29e968a100,mobile_recharge
a6db1dc4ebd1452a6c5f4719b7a4a3f2,main_screen
d13dd05b5ac88219150162454826db89,credit_info
0a9c0ec90ed98bf05ed7d06df8ac0a91,credit_info
4b2e053462178d162a3032a611e70c99,main_screen
3dca0cc80111885b5734d0e1c6b187f5,card_recharge
1b0b9c875cf5d8d913f1624a8e296a35,credit_info
3c831e96a8ef1bba5b83fa419db292ae,main_screen
a0dcac991a5c9ef09d7a009457143163,main_screen
ec8126724e0ac26901942f8155e9b25d,main_screen
b6169a4ea7704218e8e8fc5166a4b5d5,credit_info
8e80a7ae9c1684c615296f35613a70ce,main_screen
2110ec97b5f375905aebeea29c4e2ce2,statement
d8d0ff5196875937371305a6b8f42e52,mobile_recharge
ea2c39e68bb221b46b9ebebe182427a6,statement
bc779048b6e613d4dee67eeacf12b8d9,credit_info
aef74f4ee13290df14bac50e0566c2fd,credit_info
4246a506c75d4e56af9529cee75b6197,phone_money_transfer
3c25e4a11a21d48e77dbe7c949ac38fd,main_screen
64bfb53c35dc1e05a46f32fe9f1f32bf,credit_info
58064d171f838f2212545ac7f3a53858,statement
d0e24e677668f3191a54754ac0eb658f,main_screen
28c48529e3be8a8a401b0106418b8175,own_transfer
9ef1214b726969019a29f3f009d21073,statement
496679cb9984954b3aa8fc97958ce52f,main_screen
aebdc8cdc15d986e38046b673532bff8,main_screen
7447ea60c1a9f655d532f87ad4a4bd50,credit_info
f95074c0aba418d1c1d4ff47f0242fb2,credit_info
d2fa1acd3b4e5e6c7c2924d8ddb9ef46,statement
83bd6ca486c760f027ac47f9a61d09fc,statement
e7c270621406db8a44d66dc49d05a6e5,statement
b7c34de6bcc9112ea9b0eaa9211cce58,statement
78868d9b0ebd0cbe559d18bcc4bb6571,phone_money_transfer
f8caafe0c33ac70acaa81990f5a45822,main_screen
ee140affcc61ad5557eadee1f80e0693,main_screen
c74a0213df5f16f42425e4e39088603a,main_screen
3806c869ed9c13cec65e0400e9c72554,statement
3eef2f769f29ff09c6246491040d5b9f,main_screen
96087efd4b9dfd1671a1bd8532f5d27a,statement
f4346393c98c302a4d09b194f6c05dcb,main_screen
ecaa38566025d4ec1e47ec56bb993f47,main_screen
843270910ac41d3bec6ab51b431a48ee,main_screen
ea198d52dd3abb15916c6b5ae3071a95,credit_info
25fee69ea428e38184241e20402d0368,credit_info
5afe8753f56223d7dac6751bf868ad85,main_screen
a90c6a6ed15cdb831dd305e98fbb6672,main_screen
de71379594e271bb36ac4ab588778ca7,main_screen
bae2c265044deae5872a157d8aa690bb,statement
45a57f64b5e9b672337f2b0f3c17a4c8,main_screen
a984146ce2daf129bec93243d94c7fe1,phone_money_transfer
2c4c39ca49d1716259a9abbf1649741c,chat
3607a1ffd4dd23283327bb0b239c5940,credit_info
85e70ba066301bf88ab8fc8afed455f9,chat
449bd53b1309b1e11b5e1dd8b792a5a9,statement
b156e4b5171c72ae15fb174aa5342a7b,card_recharge
80505d810871c255aa50320c764885c8,main_screen
043ca6784fc220373e0c4a9cc3a0d010,credit_info
0333aec1b86bb9b0d06a9b6b75e729f4,statement
f606efa1c11c86d004905925d9bd1893,main_screen
2554002676bc99c6287f9993191ed27e,main_screen
9133a6bf2377cebcf3381d6bf76c952e,credit_info
b8b42faeec7bec025fb750efd1179195,chat
6fe4e9edd2a00fe446623a04b00ab8b2,card_recharge
138b04011dac13ff344c8524c8af9808,main_screen
61f4c29c73f76706c783be95a5a3f8c0,statement
d58f9c8347d7158401588e43612b4f52,main_screen
c60aa22a59869fa4be783d1c5ed4101b,statement
6523b9421674362e8ce0e9b46b617d5c,statement
ea232f29a7c9698b5e19663e1072f582,credit_info
cec765b71a0bbf4d60f3d8da7b8f6a81,main_screen
58cbbf10da5e8ce99173d1dc385d0057,phone_money_transfer
59561b126b8344d4e0646c2921cdd548,main_screen
848dac5668b4f72b9e6991edb6533fb2,main_screen
0859a7b1e9ba1259bed61fd35a21cb4c,mobile_recharge
64a8b3f7784ac903d527830bec4799df,credit_info
a9707c2d97f4f528332085becf700e40,card2card_transfer
cad4ffd906bed704601aa65ac544324f,main_screen
f0746de0d6c622569b4dc7faecb08ffc,main_screen
90002eaf9dd2cc59c8da0bf969ee086e,main_screen
a00f3d4671237015f0d34e802ae024a2,credit_info
d987e914d9f292c98287552b163f8217,main_screen
6ee307b0af5cfaa152726e487c803c70,credit_info
ffb17f56800b655820ec51116883cb0f,card_recharge
ae04459c85d817c7fc8333b7913d56c8,main_screen
2b519c650f0bc7919822a9b8aa12d53f,statement
19fcc57edee56cfb38372db2d61f7fcb,chat
497abd4060142ecb67144f13573c2d11,main_screen
8c7d81e21aab648825c4d704383d28b4,main_screen
fa70486c20ebc30e67f9bdc193ba5a47,main_screen
52d453a834da7c2a6148c3ee15a664e9,main_screen
e84ed07704071089ff3b61fc984f7185,statement
7796cb7e1534f08569427c91594a6dde,main_screen
2912ec8535a7bdd0d39ffe9e6f0358e2,main_screen
08c2c9da7b34a122813a747a30bab744,main_screen
cd61f7d378b62ca387107857f40b20c7,main_screen
b50f896b6be1e28a35737921f48adb67,phone_money_transfer
724eb69e85119e809e88ef8f10b668c1,main_screen
cbc1d23eb3f90782ecbe3e941c3258f5,main_screen
05dc42b3ed7258cc4430399294ac2cd5,main_screen
c3d34fbfa18f65922408260030e4ce9b,phone_money_transfer
39146175ac2b4789ddd4aa8a98d7b814,credit_info
d5d18236386adabf9a9fd08d4811ced8,chat
56912dbf199c062d47a0b954efd7a343,main_screen
fb950cd4236ce32d5a6f32be8c9efe1f,phone_money_transfer
fb5ac37c82a75c5f551faaf99372f740,mobile_recharge
e25f93a36f0f0066b1c06de3c18613c9,main_screen
b133419e87711d44d672d5a8dc81d72c,card_recharge
06988d4892e1db3e59647ae57a51313e,main_screen
a2dd3ab1b39dfb7ae2b6ae94fb794449,main_screen
ad328cebb866f622b3a67641c6b99de5,main_screen
ac70b9c86c4e6b3f265a33b0184c1760,statement
e2f6a791db2b2b006f1c0a475fd63452,statement
731b782d82d54571bbbe15fd801d07ca,statement
8cc2df96b4adf9578ff476e789ca8047,credit_info
830c349193b645bcc5b0f81cc30f9de4,own_transfer
d64e365700dae8059d9d9e5b0fcff038,main_screen
75c788c67294c656d5458e857444ce2c,credit_info
48ab437a9e88caba1e92b2d5ddaf3fd8,main_screen
6535a66ff7a465e568f195c49100a25a,main_screen
dde829dd291fb6f47637220a54cbe2ee,main_screen
137c7ee36af0622514b1d0d83287c62d,main_screen
7cc730eaa02a6430e8809e52cd370740,own_transfer
381a2b8092facee90a75c0415955cd75,main_screen
82ba7fed9e1735d38ef63e0c97dba1a3,card_recharge
d16987cc2a54dc0b6203e17d71df03de,statement
7259168dc8837cfb4a61f8bb3683e41a,chat
fe6bffdb982c802355e56127a28c37c7,card_recharge
eb7bf35c6508256c5ba3fc5bba7bfd8c,main_screen
b24f0ee1fbe3796c1db8955bd7760772,main_screen
35bc8c6c716c810e0d8d51851c7cc947,credit_info
34e78de413295b7daa4a4b6d23e497b6,main_screen
04d2e6a7fc69a7ccaadcc038bb6328f6,statement
38174782aebd286767810598d3acbd2c,chat
753e92496b0ff2a7b65b8bde502f8f2b,main_screen
dea72a2a00cb7db446d050f01603550c,statement
10ea3828e3f69d0487c0338c40dece9c,main_screen
e3dac37feb39019428b9f55492f3f966,statement
7d6138f9e755bc906819bcf0ae8b7d19,main_screen
c413a481872d40c68d0d17a6af964322,main_screen
0b319500aeeaf7cd68e8cecc13a66dc1,credit_info
860c487ca380087694cd1a159258563c,credit_info
2dd2c7c1698c82e0ea7e5d50d49f3f2f,card_recharge
dd939bec98aab2757cd2d8a933f36cf3,main_screen
194af86df2ddf0e8acada9b33c1be834,credit_info
9c8ecd66c1bec67866c22f58cc000093,main_screen
baae80db3b4429f8d0003062aeb84e9e,card_recharge
8539e8839e4678754726b4692bf97d8a,main_screen
7edfa512b0d6d887d80c77ac183b0219,main_screen
48303e1891d9fddebe7e48ab36760e3b,statement
0acb1b99dd4897f58e34484e3915a4ba,main_screen
d9aa79c51c35b54706fbc0fb8aa0490e,card_recharge
ff9d6f00446a22c1c710930e30c8cded,main_screen
757bb1c6bb1c3001f7907d66b6caf8de,main_screen
010dc6fc18e915271a0db463daed9cb7,main_screen
bf4c0ef9028920525ecb77f7b0e9e923,main_screen
1c585506ce2311e1e37a016d820f967f,credit_info
36ac0bc2cc3dcb40ef2fd97241081e83,statement
b808989d7c5e142ea98475d85b979834,main_screen
4a2348af5e9bce56a56cbbf9da2b7c0e,main_screen
d95f5e6cb15239693d77178e026d3049,main_screen
53640f6dc1da15db44f05973f9bfc39e,chat
eba05ef78b7397b2fa962b06e44ceb0e,chat
86b54387bf0757c805e3abb94f77ce75,chat
90ee54e9d46db3e295cd85698037bc59,credit_info
f88871573f33aa8d81ce8a34f69dee7f,credit_info
12ddd0aee8e5a7c51fc3b8a76426170e,mobile_recharge
07348e724996471b9b79ef242e102f61,main_screen
f141502d1d3edc42976936064df2f1fe,main_screen
c776014d0d9817aeec0f277984459da3,chat
1df5556cbb0287843f8d407fdcfe1a90,main_screen
e50a799a86b0f1f9bd2038df1bc36cca,credit_info
60d246bc4e617b44de14eb15f4c161b8,own_transfer
e487c2ecc9350968d0710e8d9296ffcd,credit_info
01c84bcc77d1b97444c8a65b415deafb,own_transfer
b1ccf9cc73f97d08d8cb6568e678762e,main_screen
4a24225c0c1d611856d1d29fe7d08991,main_screen
d2a6207bfcf03d93e1a44dd04ba49085,statement
7144360e980c7359245174393cc0c88a,mobile_recharge
b339013475b71fdbade29e3d835e5ab3,main_screen
3efe1af61ca5b6289fbed71c99b1c66e,main_screen
21dcae3bc14122557282dc7d4d804797,main_screen
e55799b8f697a70607c3ee4882bb8bc8,credit_info
501bde223b698fa210d67b6067fcc837,main_screen
e4821c39bee60ef51fd01c73c5028f0a,main_screen
8150353f64a77696724bce50b065b92c,main_screen
4d13f4a573638fb1ae29c1aeb0d85ef1,main_screen
86cd4b0e43d77fc2f121184ee36571f4,main_screen
a77636a390ba0f03f021a63133d9cf84,mobile_recharge
ecf89236dcc0afd648acccfa5fcc9ce8,mobile_recharge
68cfb6cb2e8bba8b7285b00b6cdc2a4b,main_screen
93efb8b9f1c30ddd5b5c72e102a12a8a,main_screen
78f7b8e9d3916f30bf6cce8662f91ff9,chat
bf2a1c4135d48cbb52f8ab833700c8e1,credit_info
3b0b083eb4febe51f055a777f9218b27,statement
163c71c82f74b6c4589f4b97c31d6025,main_screen
a241cd4894018a1c7db897ccb2ebbeaa,phone_money_transfer
0deaca9f11c823cb3eecd658ee89af8b,credit_info
67c397cf61ed8f864ee0f060b95f2d26,own_transfer
5ee4fe21e64e7e0d43b0ff01be78c031,main_screen
56319a3ec094b6184247083d68db5ccb,credit_info
895a127153b5063ba97ba4b9a13ef528,chat
cbd850ad54a35f6c328894ba352bf839,main_screen
b3d3a3ae13e4978349f57bf9cf459eca,main_screen
88bd185a8954f3ab29d2284247b6abeb,statement
36946b291e9ebf3f587e9879b55474e0,main_screen
414aa3dbb9891d76310a2331e23aa487,main_screen
6e3f156745ab94da355aed579580aa1b,main_screen
5ed8be058338fb65a33330e980c2951f,main_screen
fb61ee046a93c179fc9b49432df3d09f,credit_info
80a951074f3e3bfc8cd62c36ccfe7669,main_screen
1feb77fc0e8eda1f50a481141d491629,credit_info
51e558141fe8720d9262e9fffda9d825,phone_money_transfer
9c0923bdfce9c12dd4548d0b2a8364c5,main_screen
1352de7fd71c72c0d3ac20abe42510eb,main_screen
afc63a58c4ad795f0b64c2f971611d38,main_screen
1cdf8433f1f657e3c4eea43291a0a6f3,credit_info
560bede387b2d142da3f334a2f781aaa,mobile_recharge
94fc20a3de0f06bff17166fdba80bbc3,main_screen
d420bb1f70b454e24de7faba11d622cf,main_screen
9c290505594bd33cde89da208f36b83a,credit_info
65a18b489c44679f7988bb7b6437fbfa,own_transfer
f6a0573e364a0d15ffd1dc24fa94ce75,chat
97fdd9257c7eefc785d86ef7ddf525e5,credit_info
3799379d900585c8ea22ff944573f445,main_screen
7ced776f1bf76058e8c73f44bde09422,main_screen
8d8855827d67a9ce8858bd387bf6a8a3,statement
1a7a0fe7ac8122bc156ba3ef37122bb9,chat
5e5d51e08699cb5209a97fbf7faee041,chat
adb11d8a21542597c5cd83a08755f50c,own_transfer
9feba9e94e8b80ca29b7de75a9268809,main_screen
906706404d4def7fb2d6d86166b83a64,chat
88a7ed06b3dae7090cca7d9818c0bb51,main_screen
34f7f957c13072aeeb2be6b6bd0b21e3,credit_info
741bc3d5d384e4d1aa2adaec2bf26408,main_screen
7953cbdf2b27cafe524f4e45dc0c5e8e,main_screen
13d0ba705706ad5133b3151909c69d9d,statement
5711a1104da155fb61d8221b3371054d,main_screen
5880a1d57d17ec1c87e04e5f75ab5054,credit_info
bbb320bc5f337e1aa9803219246d942f,card_recharge
c946d46e6f3d0451a547bf483b157ff9,main_screen
91997c42b72330180c08683ae90a94d5,statement
1593bb99c2ffad9bdeb98517f6b0c48b,credit_info
9fe91d1528cc4b75ef4b0655bce9e279,credit_info
98d5c269f945b28c1e11d5bce172997e,main_screen
b0aa04ceb799bda416a4ceac8f14e696,main_screen
706ffa77ae319b1ba0222a1f5c4a9200,main_screen
e75111f86dcbfeabe77f1d11722cdfc4,main_screen
69ed38d9d93b9c575795c20e08f881de,main_screen
e3bf120607a7c19d30018a5c1130d55b,main_screen
86003fe654798dc235f0321e015116c0,credit_info
692a7b87c5baf625b1b726778a619854,main_screen
1c16fb15b6a15a8f238a44e1a801decd,phone_money_transfer
cf63d09b6799cc160a635471d71f46d4,mobile_recharge
520e14b3551ab29745d71a3463496c45,own_transfer
b327ee0169f46ee2bb9634639e091874,main_screen
72783a478178dd9e929fca565c992703,chat
b4205e0c39949eb2e49ef367b29a2ed9,statement
8b0f23adda6a0e163529e3188adff172,statement
f68c58fedbdf7a266d33b6caccd3a5e5,own_transfer
26f1835d2380ea1624c9eb3280eff85d,mobile_recharge
d598ad4c7e837533e0acdc002335aacd,chat
9559644570d30673cd5edcbd809eb289,credit_info
add0a983be81cb4282911a1b839784b3,main_screen
845f7ce6dc2946ae07297276384b2e4d,credit_info
01082ad03670a64d4e2cd7d1b073ec4d,main_screen
905a4985df230fb6a9a5a7d0a0ceb3ae,main_screen
6de6500dea22f0802d634329153f6813,mobile_recharge
eb7afc7f661052f56952c42b1aa2a000,credit_info
cf999cf0f46c13a4721fa156fa377a91,main_screen
42b3d3bd8d7dc3f236ac2492d4d5f3b1,main_screen
c38a800ba8dcdd70ae5bd87ebf1782b2,main_screen
25d3b35ccae01d5ceb7888bbf57da432,statement
0c4fde9e6e67256998904a4d531d49ef,credit_info
5bb33072a89b30306143191fd57813e9,main_screen
9a2e037129f4d0de51eadee9274a398a,main_screen
8587dfc17b2b52453e8b17143ec67e2c,main_screen
6a486fc55dbdb4270f9cd718f3ebee56,main_screen
e56793f400a97e98abeb68fb20884a6c,main_screen
08bdedc7d9095afc902c22b7dbb1cdc0,main_screen
89f9ba7412b1d8e1dc182cfe4ba5756a,statement
9789edd664ba041f297a04ff7ecfe5fd,main_screen
195ca7d6d017a9b59e1eb28499edd1c2,main_screen
7dd236abc809cc2120aedf5412aef58c,credit_info
ba0629de51d8c205a0b52b77f4935050,statement
7699d99173bb5b9f830539c28aaa3a83,main_screen
e74a9e70f8de4f0806b7c52964b83aaa,main_screen
1a4f395a5f2dbd41be4ed22d6140251e,main_screen
99d6bd5659a170f21c48ac1df2493ce0,chat
3cf9ba91af90da60524890b34c6faa6a,main_screen
47e48e96e0b8b87a1cba29287df18271,main_screen
36c7e76273c79189368352dd0d5c4c54,main_screen
14e479f2ac0c00e3376285a6c8fd693a,statement
63077b3d2b8b3ab504c5ade526730856,main_screen
07385e4afa5398ff848b95a6b9f6725b,statement
ad61b30bce2c16e155572a6544b6f6fb,main_screen
39177c1ca15288c264c3006fee0b6ebd,statement
e7e8c05e625a1b10f5685715017d3982,chat
f0647370723bbb0a736b515af9aa93a2,card_recharge
caec94ca6949e26018b01b824a284e0c,card2card_transfer
d8588911c5c0839eab57ee785cb3118d,main_screen
5e1580df620a837f4deb6ac3ea65a617,main_screen
ee013268d325cd2bf4c12f394b3e78ec,chat
ad1b657ce9bf5350f27ecd11c9c233c6,chat
9fcd93a0f51beebc2bfaaff1995ff36f,main_screen
6567d8b22c34c8de83a211c55fb2f6c9,main_screen
0d6bcdbb1e414eeeb499e6e1962c4e61,own_transfer
06e222fad7b08cb7c4725ceb4b0a5b11,main_screen
398b8068a417154fdba37d98d791acdf,main_screen
59e485fe45962e607be438cf8003b804,main_screen
96f84f1cce52a2af7ad346a0a4bbe00d,mobile_recharge
899b4434315b023d24062298d5cf2e9e,main_screen
c2f8ea96bda4be8e7b18187ce14d7934,chat
1ef69205d2bf9db819b57c114559cc63,main_screen
b3af4a773851ee3000207e192dbc5afb,credit_info
d34cd90ad55dc44dde92278498282514,statement
6712e6489fc71c339c553d319a664614,credit_info
38aae124ac09d080fccf707673a3a37d,statement
78601b722a5f5bfb2d8b0e4b00fa2fc5,card2card_transfer
3999416415e04316c0ce4957e75f1105,card_recharge
6467956d41ec70497ef1095b2ce500b7,main_screen
72ba52e38beb34099f3034601f543fa9,chat
16dcea34d4428212395b767b59736491,credit_info
93b6b1234ac51069d3959d05385f58b9,main_screen
e6f77609ea2b7677c5a0340db0557f7d,main_screen
fcb8d9f049e75c225a36d1aecf46260d,chat
055c7f887851c53f7f7c545b7779e433,main_screen
9226c507d2fdbb99a88c1b472464d4f3,main_screen
2397780224e2ef4bf737e5b71f2bed23,main_screen
ff86259386e5db1bfc32d624091f0677,card2card_transfer
f714b592158e8b9203a9b69dd03484d2,main_screen
bc81f89abac043e24d04a0f1181a448c,main_screen
4e86a2e811f56a2c32ebd9b722c1996b,main_screen
d82db8555caf0a3678c7039b65a7db64,main_screen
261d15adb6fb45a2b5b04f843abf183a,main_screen
eebe0a8790a47fcd2ceae31e3970f68f,credit_info
e94006743d8fccc52dea6f94fb46a353,statement
a2cb9c9e9189d65b781adae7483bd6d3,main_screen
e63766bb15327cfdf1719aedd56db2fa,statement
318558fb351043bb9147dcf2cbfc7898,mobile_recharge
d95a70ff9e4ce851d409cd9b9b1ae59b,credit_info
316f722a2166971398d840c453e3b3a4,main_screen
5aa9deb35ac66b21f6fcffd3a40ca714,statement
9655ecd54e8790844bfc9e2982fd3455,chat
c135f3acc1326386895861d38190e707,main_screen
478dec72debcbf6e992f0e6a3cabca40,main_screen
4f43cae65a5fb7977b209672b075ab51,card_recharge
16ee36571acbf622bd005b51d9f06928,main_screen
b0cf7e5a3fd45236e122c2e00cae79eb,credit_info
0b91dbed0283b360d6b2a8502b135a24,card2card_transfer
ea1b19d3e8b18d7084c18e7fee1398a5,main_screen
594beb3ed1ada63071752d35eb8cb0e2,main_screen
7a40941624012aaa19c3e7813289ee8e,main_screen
3cb3529170df1e2e46edccceadd5ea40,statement
f6710780dc22236d2e85a8b38c72a45c,credit_info
b958a62cfd779e42e6720e7aad041b8b,statement
da2227c8f2f3d61e4744701069ff4741,mobile_recharge
4bf273464a9fe4ae8d14fa8085ecbb6c,credit_info
f4f1e90e5bb918d00de13d1e445801bd,mobile_recharge
7c6e1f9a7cb153b98d832dca84127773,main_screen
a3b98bcc93cd9e51a6e53767b1e50566,main_screen
ec3a1b2975875ab5f22ff3ff66c497f3,main_screen
8c12f4d6b52b582fe8fd103133c51ce7,main_screen
646546a95813a098891bb189de83b159,main_screen
b01def5b4ed103c8657a2251ceb114db,main_screen
405e20b7bb4d9bc281da9ae6220953b4,chat
2b68152526a7310cc21dbae534e632be,main_screen
2f2e4184a6391c16331371e7d88b0aca,credit_info
0f3da37d442ac39fca62bd4d84dd9b45,main_screen
d2d290c3b002cfc5e593e59db3d529f6,main_screen
009e8132fee11503e1fd953064054d9c,chat
e9d73a7d4913a34002e77b199779ac63,credit_info
55ec9b300cb65347c812f6d38e47fb72,statement
7cdc3417f4a09ae5019a429f7f1be6b1,main_screen
53f08f2117db5c787628fff844cba147,credit_info
11fd3dc046b382513c5890f944809b75,main_screen
204b519d2dde5993dfba77ff041e290f,statement
ee858ca61e7673e1fd61ca54c10d0e03,main_screen
e4d10feb06b30e40ef6d8c15ea1b36c0,main_screen
7a031676c1ab7528c138e93ff5dcc03e,statement
5cc5bf08e5b387d849479224f7542ec7,credit_info
376293324d929cb8758d4208e7e3bd0c,main_screen
630acd2f295f9ad5f44cf8ef3aa5fc3f,statement
1446ec6c508fd271d41cb5fd92ea0c17,main_screen
dc129ab9bc6b9b87b30bbaed5381ab66,statement
7f754f2e3efc37447390ca61e350bd70,statement
b0899a64c60bbb09b83be9ae1a2a7132,own_transfer
0ae6ab9a2d358a9dab2f7fee85c8ff84,credit_info
9928973415879e913095c5aa30e710f3,card2card_transfer
2e71967593e6e1c414c428a27843a5ef,main_screen
dbfc85c030d0964dd91da6220800b06e,card_recharge
3f1a35584eb782af08f33db707a0e8d4,statement
57f10fe349cba1894b12ddeca065becc,main_screen
deb19b4758733ff8ee4f4fd81389c07f,main_screen
7c424d6821dda75832e84c009619f4c4,main_screen
c1600b7c2d6101628495d21c49bce05c,chat
5f9f4d87e114e77ba7aad1b5f4f54120,credit_info
29d5b99ce6f0ee4ff7130e1ffb9799f8,main_screen
f732838aa0779808ae23c563dc9ff5db,chat
3884e1bea58465cb3c3ed24e87c15356,credit_info
fd571b510eb8446ea1c8bcbced76348c,main_screen
43281d66ce9d4d2eb3d3317b754743bf,credit_info
f04a86fe0453f6a47d824324cf737301,main_screen
f4a0668ba4cc9ed875ba3e1b8625b102,credit_info
ff3a756cb2ded4590fd7916740a39c6e,main_screen
55587fe449200c1fe4a6c4c1851d2dc3,card2card_transfer
f5a2cdb78b95a40fc040987eff1a16af,main_screen
54e311dd2bccf0743848df1b5a43e797,statement
e8ce765db7f615e128e2eda311b9d27c,main_screen
52d6bf2dbcb427fb558be9f636ffffc2,main_screen
b2bc0400cd93d5f0d327cc615d2debc2,mobile_recharge
cc09cd3197158b8efab2af6a3d390027,main_screen
c1de3b788fe2e3ef699ae1915d47f4b0,chat
290b1a281048c35d23333c2319a7a30a,main_screen
a28561178076c064c287d3413c2ccd55,main_screen
a27e873fad257da6f528e4ad1e930968,main_screen
83c36d37fff9ce99671b2d0bc9bbba96,main_screen
fe40ca74ad103286656f1aa124abc77a,card2card_transfer
bdd2a6e1597feb9329c68338f37043ef,main_screen
4d0c65828ebac7a206925cb8889552c1,chat
c6485a9ff7d8cf6625e3be2c9b98bf63,credit_info
4d95a0fd9bde9068c97912ea54e1565d,statement
dceec9ea8813cefc953f48ea04846ecb,main_screen
5c6139286f8255cfa5db69f5c9a37a83,credit_info
b937c819653229404a408d536f633913,statement
473791ae2722207cd39cf06da1819d3b,credit_info
2652b5bdb33f29203e475a624617a161,chat
26fa3986d380939ae8fca75e217e946f,credit_info
75b1182876343fe464cf1d8fccfab38c,main_screen
814e2306dba579c9c360899c0ecf1abd,main_screen
58f0f75c2ebd8cc96b3ac367e4682aa2,chat
4c9bad754252b974490793700e81a8dd,main_screen
90ab438b0098740b38814e7293758f28,main_screen
3a172ebdcda0761b2041c376180b5267,credit_info
60b400c027f335ac2191f352afdc0287,credit_info
53eceffe9d6063ec04f51bbcfff595d9,main_screen
b8a5d39cd2d1e3660963c8fbdc4c75f2,statement
76617e5ad94dc95657602ba922525f0b,chat
2391ec7958a5f72456eb3bce731a7911,card2card_transfer
467ff82d77351cb24c9dde61c1905d80,statement
3cb14ad7ee300285fc1b0b70b025bd74,mobile_recharge
4596528b21a2e11405eaaefb46621f9c,phone_money_transfer
86b93ef8fec2a88b2cffe2b59b4c4eaf,chat
416d90ce28147cfddb2fe88bc15c5ca6,statement
630bbc5d49c9403db5eeeef4f7ea2766,statement
5aacc4cdfb12db8336550e599fbd543c,statement
c5280ee29fe1f550c51a6006459ebc1d,main_screen
058cb9ddac64b63e359866b70e970938,main_screen
9a53fa7ad9caad34b3b64ce45de4deee,main_screen
541d89ec721ce46fd14f32b239dae6d3,main_screen
bbe8cf9719d77878f65f131aaf90858b,main_screen
c8741ca4fbf4476785762cedc2275812,card_recharge
2e331723e7c841f2ef78a280150c852d,main_screen
5401e95a942f28281c487f18f58856b9,statement
77e4445f28f5d1c8c85f654b437c1d19,main_screen
d92d8b977617e6c9a2cc212f83840d57,credit_info
ee973a735e635f96d1ceb02b2bd30aff,credit_info
926aea968c658c0ba3924dd278586fa4,main_screen
64a70e3ff4fe1503a8a264df08fc9b0b,main_screen
2efb98b7711e3a7a3f60a5c1a052faa9,credit_info
1782a3f2ce7e90d99c5552a8a49c3488,credit_info
59b99a3265eac6880fe28c0c43ad4100,statement
6779d836c11b1a758971052492f0b9e9,credit_info
4992140729b808841ee2e00d3cf8f2c9,credit_info
2ac7f65a5ad26f4a0b7961ff88664c88,main_screen
4a926fb2c23b264c2d8261fa1d2b0cfd,mobile_recharge
84fd236a1d4deba5effff4d32f02e0cb,statement
067397c42b2a889d18f3e8bab1cb5462,main_screen
92850fe46294e08882ca70b953bb0b2f,main_screen
cf64248a36e9cd89e76adf3b072074fc,card_recharge
d36f4c236ef93bb9b70bdf9b3d261e71,main_screen
5fbf5f0c436137cd49c7f2899b5b4421,main_screen
00e1d74ecbdd25f396e95ef3bbee7823,card_recharge
0d7f86e77b6470330339b6b007446d8c,main_screen
ea11f95654be1358505008def0c69d6d,statement
feb5b0d4ac1d9d2a945cb8159196003d,phone_money_transfer
2ba482cd35a27a991d55a229f910df55,main_screen
030b226252b6a9715ec1994c172eed82,credit_info
dcdb3ec989a1f6b74b6f6fda424e8f73,statement
143c13dc6e046ed2a9ae0d7a9968b4fd,credit_info
fb47448a49af8a254129d6e9883aa2fa,credit_info
bb5e4b007134c064643d53a1952adea2,statement
82d6babb87ef1f2467591c1b85abf379,main_screen
279c003e37d9578e8e3c64331dc7b2f8,main_screen
2c1ed776d0343507859b6b0cbc270a9c,card_recharge
3ce4b8e55a3ddf3c1f291d7cd1e0cadb,own_transfer
fbb79417cc435f434194dfbf689f1cee,card2card_transfer
6085a4863dc6ec3878787550e7041327,chat
9adf967b488b63d80e2bd8491db1f489,main_screen
1b7c0d5ece6ecb8af8bf6271ff907f94,main_screen
774700bd128f2d73645a4c7ea3f3b5b7,invest
1ac9917c8922f63ce1656d044064eea3,main_screen
f8000e801d1fdb8bbb0e0a8a63099f03,card_recharge
f8e400b0a9ebaefa542e421eced56fc5,statement
7ca69241f627bbfec8f58b6912ac2e3e,statement
b25c6e34d849e5a37400d6809c4fc185,main_screen
0037746be130396fcdfff85b83b9e057,card_recharge
bc0924d6ac68f2cb00315697c42c61c7,main_screen
9d69d6de236774a50f8e758a3be961dd,credit_info
1997bcd7ade806cf30947e5d70116a81,main_screen
42e6797246b163969024e9f018de6487,mobile_recharge
10898363d46f3b28c4f74456095f604d,credit_info
176dcf988abd4938ff3f312a4475de29,main_screen
27e6437591554baf950daf3f79ec7fbc,invest
11bfc0af2eb69d1cec007063ed1ffb4b,statement
907492058b66ea6642e8b84d5d60dab4,statement
616cb51b5b1b988422f9ccf1c22cc843,main_screen
ab1d36ef01836565140bd2906a6b56f0,main_screen
78de3ffd755956cb4187194f2429cd34,main_screen
e004cf6d5c55608dc624a4fae5e33afa,card2card_transfer
ec10ffe3fbae4bfbf0fbf2f9fb1b38a4,statement
527cc187883868ba226ed19d660c3833,phone_money_transfer
eabbb51d491a07abddf00bb3671c9d1a,main_screen
6d443d6b11e9419e55453c156c152ff3,main_screen
6a141c0a4b5b849ce634529ff2933400,main_screen
d1e27fd2e59d649c760534e5c934950b,main_screen
25e703b1936d1a9e69519e6ace6f1d41,credit_info
d415a6036a2662ad221dd5a0d9ec0a0c,main_screen
8df829e30a996544e131478da743a935,chat
de9a43b5ccfe4be1614725c41d6c28ef,card2card_transfer
10d5841789fe9128fb28e63d463b3b91,statement
b29bf4527663d7e009c4e1f2894375a5,main_screen
2703ba156e1979d2549bb6b5b1b2e26f,main_screen
578ae7ebe8cda8babb4ab272f2ec1c8c,own_transfer
72ae4a8e7988130738f4fa34df2a6296,main_screen
093bb293c4cd4684bf91e3eb932de500,main_screen
ea4787dfd5934b621ac14a42eb008a94,credit_info
e912b35aacfacf9d3bb2d0d6d9e72f4b,card2card_transfer
989d07cfa22d6b80fe9b40c1ffecec1e,chat
61336216800dc5331cd934e214c8ce9a,card_recharge
6b5c298c72892463a2617c28184b4d2d,statement
79f3a033bc39e3fa6b88ba4d6f2cd909,card2card_transfer
c8439e5fd5a4f0f97f7d974dcba810da,invest
8aa3842f0445f739fa996fdeb84175c9,phone_money_transfer
774aba183bb74253f571e8c380d96206,card2card_transfer
c5693a517937211b47adb69f3739e801,main_screen
6853e07cca27da9a9c75c9bbfc9faad8,chat
a59900864bb0691976d4d0165fed79ce,chat
e9fd13ee8adadce956537c9a16a3074a,statement
309244cdad5471b905e705772e1248ad,main_screen
670055107ed87f9651bbddf6b6cf8801,invest
435814a922ae878b82bda1e167d51186,main_screen
57e911f0b3cf2b870190de4622deaee2,credit_info
c16059a65101be907f6b68ae4235a80a,main_screen
e1f0bea253f4a628ce714b95e4045665,main_screen
a88b72600741dd4708aca96b461b1491,own_transfer
93fa2183ec11880ea83efc6e64b0ce86,card2card_transfer
d11e17346aa91cf39bc6b5a5184a55c5,statement
64cd29a263382d1edddfcbb5801bf778,card_recharge
102cf241d830bc242c58220bbbfb8766,card_recharge
9a3f24966c3846cdd92c55bc02fffc9a,mobile_recharge
125f2cd13fbd2127558b80d6e78be313,main_screen
fb6cb756eeff51b4a97e3a3c56c41b9c,main_screen
f18c40db8cb7301de67eba83a1869b11,statement
3d931ed6a2f12971ea29d4a0f084e617,mobile_recharge
d5921e20aaead119b4ee90fca9074530,main_screen
16b4ea30e93157af3d4832177a1739b9,main_screen
ef3e8b579fba20e27a67ff0767f78780,main_screen
28405cf74b17abb80325c2e500476bb0,main_screen
27340b8d0bab62575e04d44b06db0762,main_screen
0618661337037df18d9d1493dc425a14,main_screen
b0085992fbfcaea35a3ee3260e645d8b,chat
8c89c283f232c0936075694bc69c2c32,main_screen
fd7dbc2eeb3310c771766508bf68c6c0,statement
042aff10015c4538549f88c6df200fa3,card_recharge
847c73916d6b796928a0e32a112fbf08,statement
fda3a673a35af4b3a851c4b4d9f5f41a,statement
19537c93aaea8a01c024e3ee4920c055,main_screen
be22abd42502564727b7d35081736456,main_screen
6f56738884be1192cb46fdfd1cf6fdce,main_screen
6cc127228531d42b06e42f3af1d80ae7,main_screen
735152da29f27f2769d6e90c2030e90c,own_transfer
f86631be4a26e2459e708d80ad48c179,card2card_transfer
61dfae28c5c336b2fbb0bf21d46e4ef1,main_screen
656fa71f4d23eabf8badf8199df682d7,main_screen
dbfe08f706b2a8c02b3f4352a078853d,statement
bb3f51213eefd2bf7c0f37b66769ac57,credit_info
4601218e0f52c298d76d2b176aea7b10,credit_info
942d25ecbc038ed9fcbe304b3d49bf1e,credit_info
7afef18d40e9da8cb675f59efbfb3e7a,main_screen
2a9b661a93f167a12c7631bc7543bd2a,credit_info
d322074b1601c804f6b294fa713cf790,main_screen
8152118c984d452ddd83140d53ea9cdb,credit_info
4e2cb79ff0f6153253cd74b4f5e17e20,main_screen
01346649cd20f707aa8e4cc5e269e5ef,main_screen
a9a1f36e11569bce53d3476d4e1b4e1f,main_screen
13101c1768e4c55e1f6cb14f9849167d,main_screen
18103c24f5c38ad331f420506d5931f7,chat
6c0da3afd4fe798db8eed70f010dd788,main_screen
b773ee5d521cf25562089a99e549fb07,main_screen
f0017a47ec47d2b49593be7d7cb2c847,main_screen
0a1ce90dedd26efbd9686e8d6dbbf374,main_screen
ae5bae9c98d4347127f9171b4a27f743,credit_info
ae6574f95e30ab99d8c8788e4452c10c,statement
bc39cc28da1756ca488b01eb4306e6f5,statement
5caa4480fde7cdeb5abeaa6a1a291d90,main_screen
6571f2169e91bc3405f1324a4e123b7b,chat
653e47fe5131eae9712150231c0c4ac4,main_screen
44090b55c44fe5c8591d040199afa6a1,main_screen
2786ebe2494f5a23691ed874cecd19a2,card_recharge
36879b7e357e71d518d986fced9f59ab,main_screen
348bced9d348f66261d00b41a1613c23,main_screen
1465fe703d4716b4682650650ea537b6,main_screen
7c28ea6a36a378023addefa35393a6f9,main_screen
e6b7dd8614be0b8ba9d40968c88b4a09,statement
4ed7e4b6d79db1c28fa0a9769c16fe22,phone_money_transfer
719656d422c147d3f335c2386c0e772e,main_screen
727668f12b8bbe7b8db7778cd2d5f1f1,credit_info
617d4816f97835ed11bf49e95dbb20a3,card2card_transfer
2cca61311bc7a4947594982062f6fca4,main_screen
a1c6573c4aa8d7dd363d2e3a60a6772b,chat
751cc92ae6847684085ec5e629550bdf,credit_info
a92ba7763d8c62734610f73ac394c5ff,own_transfer
c345a1dbbda3320914bdba77e76a5c55,own_transfer
81d8d748cc7eeb5c011770eab70cae22,credit_info
3b69b94fc34480a538c9e4587618e426,main_screen
25bf8bb8cdcf2f857c53c2cb7dde3c1c,main_screen
765d5c6b9a0cd1aa7b2ac338698384e7,main_screen
ad52a05a71b3c1be79b77cc51c358cea,phone_money_transfer
4c216c745cd4b709b303f1949d9562ca,main_screen
0a32cebbfe3e1b0de5a09cf6c23d027f,main_screen
e9f2bcae28424cfd10b4b2fbfe20327d,main_screen
daf9cbcf9c4762827e71ebcdc7885456,main_screen
b9f67a59a7c913852818b2fe0a3ca25f,credit_info
7ea5c34f65320fbb222fb7ade22364b2,main_screen
57cc346594b2770da2aee9e01adc795f,credit_info
116a6cbab9904ee6c40ae481704f1bf8,card2card_transfer
496e17f5a0707685c4fb50d719f5217d,main_screen
7fc297cee254042e4ac468a4d2350a0a,chat
0951ed0d9d9d0c518824f1ed0f3a685b,credit_info
7119ba64a50f0e195ede6824ae3c8198,main_screen
082d3933b37bf16f238057a04957a68f,statement
da00c5f1a674189d2cfd8289b37bf090,phone_money_transfer
d4bc937171ca80dc38656e0c07793db3,main_screen
f77ba23ba18b78c50d6d6e698bd067b9,credit_info
71f200e938ebd85aaeb65d84d85141fd,statement
ccea359010a70447a5ef8ed86ef1d78d,statement
dc867b4b5aae289874b85c19182b62a4,main_screen
6e602e5178f29eea6ff2f804a0b4b209,main_screen
6768bc8f54f67b697d6e85e94fe3c573,main_screen
94cb45730e05150734b776d69a31d287,credit_info
07301eefb7d5ac58d433311bc9961c25,statement
78335b8a8a21b93c6fdbf2a9626addb5,main_screen
f28e9b2402a1287cf72961b41f4abda7,main_screen
cef3b25fc93c7d39ceda1e629ebb6600,main_screen
90536b354944fc8791af47231ddd7381,main_screen
9e35306a545a321aef407dbfdaef003d,statement
65262653208f2f3ad226845ff0bad7d9,credit_info
dc9cfefb8434297f762a1ae17c432a8c,statement
3cceb50037a7cc5d91887609da839362,main_screen
522d3ad71a0fade304cb685ecc259a9b,main_screen
47dea9f59c221aedc7cf12ee25d6b1c0,credit_info
b269326389ec258c14b456c4ecbeb43c,main_screen
b57e086963ce80844d51c4285b78a5e3,credit_info
84aff17b05a8e0fe32559b91337409e1,credit_info
b464276be08b14b6eba720399cd4db9d,main_screen
a44de756bcf80be292f5f053c8830a5a,statement
eb7650e92012b0a2e3d5aae63ecbd92c,invest
561738e39d4baab67fe0082256ed7404,main_screen
4bfb45ea9fbc6a8d38874224746f0508,main_screen
54d29dee767d755c797560b4522912cf,mobile_recharge
71afe4f5a75c6626232698c5f3bcf9c7,main_screen
deb89c72b5c19a0bdca476b4120c8a1f,main_screen
035c360fec59550f17ad179ac217137d,phone_money_transfer
c332f79e435e6de5f398ce2f345c9b23,main_screen
1a48739117f39d7020e32f91b204a534,main_screen
89dc111aecdc98c10fa45eb5f2a0c58e,main_screen
c3217600bd53feb9043aebe44bcb5d11,statement
68e52737c1421b85c9108b3f74a09982,invest
d6a58579e4bfa44ead0dc75c7122b21a,main_screen
5040ca59e6c17323b703688e77756ada,main_screen
571d2e660cfbf3726b4c77aa1ab86ba8,credit_info
67012b152e1156501e4e79c3820ba007,main_screen
fa82f2acf499788ee2b3ad2973f87c38,statement
995cd73180ace9479d889dcb60ab2fa5,main_screen
1db4a6c7e9278d9c103a2b8edb99ad6c,main_screen
213e86b407d914a9ddb11c58dc28bde8,statement
6fc09271709040980337a3ff02474efd,main_screen
df5797d8a6e0ef82cad20ed9b9999aa0,card_recharge
0e6383259f93132cad47f3ef77c64f0a,main_screen
0be3a83d305ed297f651bc81fd5d4ab5,main_screen
474ac41b8f7dc2b141c3c78cbd33f8bf,statement
8667af817dcf21b77b95de826048afa1,own_transfer
928b8dbaba80fd9e8273195494ec4024,card_recharge
aafacdfdc7b8cfb2d50c5f906affcb46,card_recharge
72d857c7d1a235450f9412d2918b3904,main_screen
3b4ff911c8e5f3d57dd8706a7948564f,main_screen
be6d3fe2993276f602ff3d7682b7c4f4,phone_money_transfer
fbfc7444bc2d2d522bc10b0d1f5739b7,card2card_transfer
604c9ed23b75ad977a8bfac6ef591cd3,statement
4d1b7ad4561c875c67c461edbb4c9962,main_screen
e9523302bb795b0af3343caae4e7c374,chat
313a39811bf84457df281ce67c3878f4,main_screen
5167eea6c6f3cb2bba6210f805d7134c,statement
bdfa9a62ef28862f455eaef0887e4840,credit_info
18d5201e7e6c94c6f4240eab7136bf1c,main_screen
4e1642ebd4769d0aea13a4fe96161a73,statement
11d6c8e26e12b89e4fea7e55358ff744,main_screen
0118190ae3b09c3d127117d1715bca32,card2card_transfer
3035002fe39c3dfecc54fbddebfb8362,statement
f88a00c39d0592bb249ec182f8dade15,chat
0375daadce497cf0fd328f5447510c62,credit_info
33e74a688736b1377be7f60b2fa692fb,main_screen
6447c6896ac0a6c91d37bf11f0eb1ed8,statement
a8360213e2c00355fde0185b04b73531,main_screen
a453d4040ad9f802ed53030f2c2d59b4,own_transfer
cf1a1fe9341b51085dd5a9880233bd3d,main_screen
55fc88ad65a102b190f3ad4e6b342c61,main_screen
9f5edeceb3f00a5a4500e4d4b3f03b89,statement
361ad4ddb4496a3a4d348644cdb4483e,main_screen
7cc4d58c3e31618ce57a5008fd361517,phone_money_transfer
0ceb419930a0457cf9b1028aa832ae16,credit_info
08a427894a452f48f5b52a5e1d47d8c8,statement
1bcda1c11422587e0ccbd0e9aa4d4c11,main_screen
0daf40cc0594fbb648ee2db1cc9f7b65,main_screen
580792efbe07dcf1e4c709a337632437,main_screen
473382ac619c3640545266065000484e,main_screen
eee91a26b1fccebfb54566b5d3e2c4bc,main_screen
455f8606440863eb90cb2028430095aa,main_screen
84bc51c18f358f54cceb2b418c8bb978,main_screen
2509ae123ef12c56ebedd09a979e7cbe,main_screen
f931b868e6332ccb061a82492ecc143e,card_recharge
e614e714c475a39b0d5ba50daed80705,main_screen
dd9ea7eaf72d5887f3729b7dd13d0199,statement
5abc919dc60d039f3fddd8a3d64ad046,main_screen
0dafdfd28c0fcdecb67a943908a79c04,main_screen
4512686e025fb122acae43bbc274acfd,card2card_transfer
2b69e777c54d9b4dd5e515dd81058b43,phone_money_transfer
3769957486e98eb8cf34853f6ea1c7ea,main_screen
60fda4eedcfac0a161e1532aa2555b77,credit_info
3a2b2049df4d38f2b0abbe452acf3248,main_screen
777fd60c8b2e0d77a8082ea61fdf1a9d,main_screen
8278298a288e31b8450fee51e2d02da4,main_screen
d8cb5d629b7f8c11cde04c78c568ea79,credit_info
9b7f374a99c75d453bb40947e174aabf,main_screen
f5d982721acffe05892648047dedfc09,main_screen
5acfb15ecd8863a37259325fcb196fa7,main_screen
2308a13a353ed0e159fe515131c3b6a5,mobile_recharge
7e656d0708f10c83b1ac8e5329770fb2,phone_money_transfer
389c1b8b272e34bf50bf1dd2d630aa28,main_screen
d0455a1d28d947f782d9c1b0ce123103,card_recharge
4da578d27ffb73386559295914def074,main_screen
5b03cd4b1354c647221f630f5fb87dbc,main_screen
244e29f8c7362588636c17c4b185f0f2,main_screen
10919a143c7b56e2a569135bf9c3f700,main_screen
735e7d293b8b8260fdb066b67f669040,main_screen
1389d1be2bfa0bb7c56af6d3087e4235,main_screen
2b19c5f184ca6a50746566fe40482f5a,main_screen
13ad8cc1c62e4988c760a9d66bd695c2,credit_info
0b155d6954f843f26f5763d826f6f40d,credit_info
339bea8d02dba2447070ba165876439d,main_screen
1aebac232affb77f267ba136a6e4b346,main_screen
b0e5ab8989069ebe8eeee72820be743f,credit_info
08f833c6d337698214f86496cf1796dd,main_screen
f9044f20582d54dbcb7a138bca86ccbb,main_screen
fdcfc4536b74fa4d3825c3a16c1b901a,main_screen
470f7d63f8d14157c71849d1bdc8b1b4,statement
29147b731aa1e194ae3ea30b9e512d6b,main_screen
ba5d0ebf4855ad6e72a7e3df3b425656,phone_money_transfer
7a37a1efc16fe393519feb98d5c85d05,main_screen
c15d596d2474bd85cd7b32e81f40085a,main_screen
f037a44450222beaa9ef0b2882673bcd,main_screen
dad9a6dc99a1ce691a4b8f756c139d22,statement
247a61877a9b92635f1c468169a65d17,main_screen
3d27041c0877e055ba2b9d7792217e79,mobile_recharge
ea501a9db2461444992948cd9fc9721b,card2card_transfer
763f3800aae48deecd1ca4cf2dfda8ab,main_screen
12dbfdf0eaf38eaf85c8a01d57994e1f,credit_info
8753e39c451b498711695a05c5eab160,main_screen
ab56795207d44f91137eace92f2cc503,main_screen
2e3390340e4181fc2bfc6c3d6198d581,main_screen
3929804ae11738d3f8737b2e3585cea4,main_screen
f0b1929a0f2629b876f4c8e56549a1e6,credit_info
838765b38d9a14ff61787d46f6b70810,main_screen
36936da9672f59af9788fc35980eeb30,credit_info
32436d93fdc94cb2c6cf608355afada8,main_screen
2a23742c397b1e0173b60c7ac3ac1bcf,chat
56b1beec4d7da01b68704969c426624e,main_screen
853e5ccb9a1ac3334bb1bcb23869b9d8,main_screen
31ba4e067e5f5cb0b98993a81b8f1d53,main_screen
9c7dec00b21753288ba334f055605e3a,main_screen
876e6d61643cf52f45d5cb4a0eb4129a,statement
9e6aa4e43c13e463afcb2ab5416537e6,main_screen
b9c4efbb0f39a3742779c5c08efb9ba6,main_screen
d5a41ec63fc96802b140e3980e724eae,card2card_transfer
7176f248305afb5e91cc35df666652d6,main_screen
1aaecd88f6d413ae000ef63a3d737eb3,main_screen
3b8f4de95694cf1a880d896ea8021974,mobile_recharge
8837c6834724ab36776193f97024e505,main_screen
2194b6e2c249e22122ec7de418a0749e,main_screen
6c7400a9920a3b2cdd68b3ebfb2e014e,statement
4d351485343996f1abe263045268a2ad,statement
1cfe5086fadf9ead566127c1413cb960,main_screen
94672876eaca86b528c700f1410b47ad,main_screen
ed88f512c11f9b8f2649897b7ff308a5,main_screen
e7f63d44349b573e85c0fac3ed64f52c,main_screen
07615b3533b8fe75213613b9e4883b28,statement
07236f7e34b3e5efc566ec13bad6ec3f,main_screen
e6b5b755de0184171e954a6112906797,main_screen
00101d5642ba2b20eb160e942fafc753,main_screen
8ec00b4faef7b1bcd9af313fc93226ac,main_screen
f975729c5a87e107199449ea12cc949b,main_screen
103942bbe532d8043b783a3391c10a04,main_screen
f2a6411dd9d47de5c3f0bbbcf00fd16d,main_screen
d4d668d5686721d489f1c659047d8883,main_screen
d9524fb2f7bf9ed3c41892185a23f037,main_screen
79ba816c3b6e50fa8d812a8f7b2c0ec3,main_screen
debe75e674e2c12e603ecb64dcfaddfc,credit_info
52bd229e2ac20951c0e1456d3d59be10,main_screen
c00f12df2d41cec9d6a2a0c6f5bb254d,credit_info
c6cd53c8afed6e00ca13d26bea4bdf04,main_screen
4a99b61c62425876803a08eb4fc2ce37,statement
e3a422ad760e0dd64c8a911822d750b0,statement
a59d1bd2b9be55d7beef015dd92f03f5,statement
120e5e845a6083339d5d5cea6b1b0a4c,main_screen
fb04ca834a392fc382cca7bcf5cb4cfe,main_screen
ffa252728e8af79503fdebf61b948afa,main_screen
258dc855f6a5e7a5c2dbec206eba8018,main_screen
8ca197b765b651e0f2839c846bef39c7,main_screen
822ddd3b6ca7537fe8d44a275d48ff2a,chat
699f037ab03bf57f3fbf001c94abfac3,main_screen
318677ab131152c915fcab8e4a3f4d32,credit_info
328c68dd9db80a514389a204881e4b9d,main_screen
589f7ab126b64593af503393e512fc46,main_screen
d2f25063359634c2256cae0bbfb36d61,main_screen
4535be980b3a1cfb16e94044e40cb286,main_screen
b92c1d20eac9282a2b3803a0be260a3f,main_screen
062d2986ef76d1c4ff1d03617f1ccaa3,credit_info
c870dc7deccb6924446eeb38ffdec0b7,statement
aca8484fb9f0fb703a7bfb5a4eafcd25,main_screen
85c55de822af26ba710aabe67914a7ca,statement
01623a2bf44db3acb99c7c5a67a40660,main_screen
d1f40164bfd17a0c2b77f368baefba75,main_screen
54a2632119958983b285aeb37064a61d,main_screen
6746ed23df7474daa8d15661b2291a96,statement
b1a2871078e6654f78496f8dd3498463,chat
a46f534b38d6b9df5eb5a7a49bd6f784,main_screen
46f9b312a34908540652a32486a06697,credit_info
aa49de91c51f76d46150c4898359c9c4,statement
1aa7e2bd29ad667ef359b29836a755e1,main_screen
a9e0bc2b88f72950a71a0d37313a58a8,credit_info
b6afca88bc99ced2cfe6ea4e794b916c,statement
e88db3e0c9c4b60d321a8d8a03ef554d,chat
aa3433a3461ae8a3d28a79509d7b1d89,main_screen
cf675694e2e6d8bcebe6a34fa72001b1,main_screen
ca9913597051b1df529b29d82beb4c74,main_screen
90b71aee57f4f8ab8faec088afb96fc2,main_screen
c33371a6f9817e71a6d24404cb482b17,credit_info
a1521a912d85734e38c79e4640e55f37,main_screen
2fd05a75dc60d1381a8a5cbe893b9512,main_screen
a654c29eb05cf28627abc49053746781,statement
211a49c0b3be2221a33c02cbdcb631f3,credit_info
a6a899b673eaa045ef9296e32a035bdf,statement
328d2a0412270b47662b465663767867,main_screen
dabe1e59f79cc439f900145f453d24d7,main_screen
7455fd0321d7053653ebef7c28ef6fc2,main_screen
518b8def8e1bb0d450aad4f15977dabe,credit_info
bb8010facd859c0660bb3900444d7584,credit_info
80ec8794f2dd491802f1ae2542e65605,statement
ba6c957dc2ec3e14de2136f5bcc72561,main_screen
137cd821773303a3e67fed6a807d8e3e,statement
d8c987529f023e1b680e1466afa6ff91,main_screen
edf907128025d546251a353317776b62,main_screen
44cdaea91d98c951629b63818858aba6,card_recharge
b3b9a1decb09cff75664a93a86e1ebbb,main_screen
ceb1310d42eecb62cb072691b3f044b5,main_screen
f7fddde5023f0361487bbfa5db4c7b02,main_screen
dafa9274d906fb36a154fd4bd9dfd578,main_screen
934b102a0d2e25a59632b4cc01691827,statement
ca66ebe6b49535d0458d4e6149bf7da0,statement
ea5f4dca18b51fccae975c5557d0c977,main_screen
ec8b004b88ecc1f4622ea09c262ce409,main_screen
f155b8a0b8813d96f6323030598baf0a,statement
3184fa7529bf02040f098435faa44737,credit_info
faefc45b213bf708310ac24008c95db8,chat
8c2c5551f9354ff0089c74e8ccce409a,chat
c305150bdb76dbf9a8d3c3cb4a77bc35,main_screen
9130c2510e321f5e6fcae59c389889b4,main_screen
5d350262309a2002d4208764d5e94371,main_screen
426c874fac1839933c00c0fc51ab36ec,own_transfer
81ba797b0ed2bc21c23853cee9fd0215,main_screen
ad540f089a3bbcfe1a5ec035bccb41fb,credit_info
0bc7349e510437897b4ab86fc98649b5,statement
9c2d994e366adeb2669e6b54fd38c34c,main_screen
619159647d3fa3a98040966e2d71452a,credit_info
1ee0c11e684387a39030b3abe86bc22d,credit_info
4203cbadcd7b6289c2603959ba6e839c,credit_info
6644a868976a7123ec1dfe9057be9a79,mobile_recharge
71bed664179a399e210365571450e909,main_screen
5eda53ce4c24653b88b3ae883b5b553b,statement
7890439c3c5d838eb16a1c0f620f8235,card_recharge
5d412528ab59e7044f354643d30185a7,statement
13c24c341e34f9b0d80322973fe7bec3,main_screen
3dc49d1a962ebb5411ee304a3ebe3f2e,statement
a2d5d931b6a1e7e5e49cd65ed6758e73,mobile_recharge
e7db1d1c6013e815a666af2fa303f2dd,main_screen
f3368677953f891c2102c9e509479cfd,statement
322aff365caea25baa3d09d71032b140,statement
6d9423e6850bbe9e032d1d417aea3e1b,credit_info
c0c3f670ea424602e99abfa908b34626,main_screen
d7ae2f2a2a9d0ad55e374b2e7bb8eaf5,statement
4bba58d3b958a9e2f3dfb38ed4bafb93,main_screen
0cc10a867e7df91260d8085c343f7870,own_transfer
5757e5d1b89b00af2ce18be15d13bb63,statement
f58c0efaee74b5f3f56670bd917a434e,main_screen
443e80531b520c07ee9b53b4a7433d66,card_recharge
9ed5bc4c62f8e6b12d5f911aa84c230c,main_screen
7f738cd17ba7402619ec11fca8a6ea32,main_screen
6e9196b0b7388a09fbcf99ffd5c6091a,main_screen
3ecad8335406b4eb2276641b9b4d9aa0,main_screen
a911a1746cfe36b04781aa2967ac402b,mobile_recharge
a4d7becf544c4db5b47f9dd05bfa927b,main_screen
ae1979942ca386a4c1ff7dc237691581,statement
dcef20dd26c351c064cc0257a2477c60,phone_money_transfer
be8c0fa1fb183d1e6f930ad681642bc8,card2card_transfer
a5b40bf4f61a0fa6ce9a895c4dd42f08,main_screen
b0a4b2665d6a3b1b203a5f88e3cd19c1,credit_info
8271844e43dd30207b6b0443229cdce1,main_screen
11daa64c26b645afb611bf1a7d73aa3f,statement
f8fe7d1b52619c72436520f43deae759,statement
a80b17c3115bbccf6e3fa344e0a0bd28,main_screen
4a303c2b4c9f1589f2d615426a0aa751,credit_info
d9380b33bdddfef810fd06f603bac5ed,own_transfer
cc1edd02d01214a3b0449ce7632559b0,statement
b72387eb6074adbdcc5985602bcd014f,main_screen
f7e8925738877f4209dd1927efe1645d,main_screen
bcc9cf1519e12d0bad8607427404f1a1,main_screen
c9a13b1397f11f605cdcd37063d744cb,credit_info
9f128dfde55f94cbb168fe521d004b87,chat
4fd5f123b2303ad7898cf1019545ebcf,main_screen
954e2b31d17a33829200d1d9ca49d11c,main_screen
7627bebefa6ec1ddee980bf86e3418a2,main_screen
4b555cf8fdb44c84fa1e2bd63a2377b1,statement
0cb76679740112935bd6064496b7b9ca,main_screen
53091a2b278270abba409ecf9c1f7c45,main_screen
7ebe89e036558ed5229c6d2f5d9ba595,credit_info
415df7e3ac5a6b8712ede09445106cd3,main_screen
4b2dd82e40760225ac0be9521f5b34d6,statement
8d7e9f79aae4195f7fcb459fc4635aac,credit_info
9adee1963c990197a1087032dde2fa89,phone_money_transfer
cc5cd143aa16edee59b54896eeebd821,main_screen
3425dbf2a918d028ec331174693f3a1d,main_screen
75697288f4ce1d5c2a91f52aeb9316a5,card_recharge
20c51c854c58189e4652870e5e1bda94,main_screen
8129d0073515d17f7c28ed5bf65108b6,main_screen
35be86caec206c87ff58f71ab662ba70,phone_money_transfer
93b0baed610e14607ef5b7bdaac04c30,main_screen
137116cdd997090c1ab8dd3d3be4f8ea,credit_info
7f2d922c384df2443d5feb5accd21152,phone_money_transfer
60d8a38b8ca394502ef4ae461c5acbff,main_screen
0c27696a7930999bf129b07422b41149,own_transfer
b14aa0cc8cb5a604c4fd157558a43df9,main_screen
be578a807d92239a273877f86f738574,main_screen
971aff2cae595030b891b5f8112e3271,main_screen
b097bd9e468d12e1c76108d5c864cef5,card2card_transfer
b0a6bf3321073bca293fa480a49e5db7,own_transfer
a93f23f38d38f163aaf347e55662400d,card_recharge
db6fd48064996e13b226a0f37834ae1a,credit_info
afaf495c14e9e73c2354dd5f2572a562,chat
25c59d51098f64d1c032744a0f1522bd,credit_info
dc0db40180ae4d0e8cc84156f61d2312,main_screen
01bdce843f33907124cd2ba0d4166ec5,main_screen
7a93f9a4d0c4d8299200ac8fd35ba7fc,main_screen
7f446643d34240c5096eaf049e875421,credit_info
1f2968867d54c492f93ec56e098e8b9b,main_screen
3309e247190836c38afe38606a5a1ea3,main_screen
e04ab39ad2492f1c70d9a8a4a50303df,credit_info
bd9289d4b3dbdce992ed9fbf0e26a167,card_recharge
2264ec8adedbc2ae4aad003f632aeba4,main_screen
5a2cf610bd3d5b0b038a514dba887a85,main_screen
a47b6d6157440b1a8d13926733923406,main_screen
d9d96474befc7f72d4bdee10a71accdb,credit_info
45edce14c7ce3a937e96d925c461d07b,own_transfer
aaaedecee28fec4dcb1603bb4db99afd,phone_money_transfer
539dfc6c2de5210ad570dc42cd4e6f71,main_screen
26d6719ded0720bc6c717984a5345adb,statement
996d41f6ed24f13bda5a09ae63c12133,main_screen
e92697f9cdc8b9cbafa37e4d003c68b8,main_screen
7598df211d71ec686c29cf97127ecb8c,statement
b88034404f970feb069bb4600ddfde8c,main_screen
fb001e2565df5992496f0c919f108b92,main_screen
07d4510abcc9c7a24244f08dc2d78ca9,credit_info
8f773165bfcc2b5697d827e51317f991,credit_info
caa8c2f9fc16880d2e022de6a87013b4,main_screen
1242defd3f306a41d9a98bddc8fade92,credit_info
baeb43a7110d863bfb518224de6c3d4a,statement
3d02bc6eb7a5533becb3a040b3676ff2,chat
5bd66fd524ade1c3c19a91f6b9fcdaf7,credit_info
b09ec2385cd591c1a6e08fdf8b83d42f,chat
93fe890ae80bd36394e43de03c35ac86,card2card_transfer
db63aad4b8f8a86c548e31ce150c2f8f,main_screen
d32654358a44eba6fabca3fd5f5600f4,card2card_transfer
b2b49ada77734f6e93f2568d356ed7fc,main_screen
18e6a512be0ad79e1eda97932438e025,statement
43e4a24c63731a9b2e62bc4f99f41661,main_screen
86c1e51a82d1c9611d33de4f729269e4,main_screen
5eb9774558d6692326f0ad676b1ea23e,main_screen
2d21ed9836d80f4131e0b5a79a215055,credit_info
affb4d048b087c8e40f73e089df23d9e,main_screen
afda6879e40df8bb6fe25054451e571b,credit_info
8c2692201f2f783e1c45e77960ea4e17,statement
a6d2e9702582262ebc8f591aadecdb34,main_screen
1c959b1f225bbebf5bfc529450c76a4f,statement
56f3f5d67908e300dfbf0df20a786dc7,main_screen
76f43f7ead6ceda90adfd4e3d1d04fc5,own_transfer
0ecfadcf906d70ac0dd5efb274a205e3,main_screen
98436b2a6ca82971c4bc69ede0c9d70c,main_screen
454aa052a41fb01d3093e8f6fb9d08a6,credit_info
783f21f0cbb9110e590c757fa8e1a2c9,card_recharge
f9ddb453d0fd84f8736d4f17d7a02f93,main_screen
f7f18cc2b8ff552c6ee05cb63aa7b6e0,statement
2b84af45c4c961cfbb48e1945aebacfb,own_transfer
65111abf06b5e7d9d793ddc8acf6e8c7,phone_money_transfer
7e73b18bc641f85528ae16c3f5590d19,main_screen
52aac9d364b9d64f1d6bbef0cd71c0f5,main_screen
a00ea5c2359ec0ec138d935c46dd100d,main_screen
a4f20c45d90bfefbeee7f6d664cddcc8,statement
598a1cf6e4e1a565a3b0b2d47887d82e,main_screen
4bf62c02f329a13628633210ded6a7a9,main_screen
9ec24c8b768580564e2e7f21988de6ea,main_screen
5aed8b99dd30823f9c6c3780112552c5,statement
985679318454f1b30610765c783aaadc,credit_info
a18d269988c10a9217a1fd7efac2d51f,main_screen
ae1ec2cd4235cbd852e6258be49c5116,main_screen
39de5f8f0dc5200901a8c1b7f435f34e,main_screen
2b7a34400682818da8dbba9c64bffc34,main_screen
55bcdf884c4cb6ea558e83b20c6af04a,credit_info
3dc0f14f62790ef15cdba8971236de27,card2card_transfer
5a8c088c6066d9442b05d580a9d7207c,card_recharge
c3514c36cdc3446fd9c21aada3b7436b,mobile_recharge
3844d059b94439ca33d287d35323cc21,statement
81d91afaee0a272ddfa8a1e871403715,main_screen
88817edffd9f7748ae8422e7186c3676,main_screen
d3c14d4738229590eb50804320076826,own_transfer
4f219db44e7aee6f115b056e3172e20c,statement
58ffbee926e769e7d120833e8bf57282,main_screen
510d1c44cf0d20e967e3732e3fc38f08,main_screen
c56b13e7283d60cf3844d925fe05bac1,main_screen
84fe57367e3409adb5401d4b4e915380,credit_info
df36b770ff07dec2fcc76fcfb66fad0c,statement
1dac5a56b6cd5099e5c58d4bb1450752,main_screen
7bee928c5c379506c811b8ca19f942ea,statement
8b966803a05bd16fe46ac0b4abb27100,card_recharge
efc45331017494341d655c3d3518a5cb,credit_info
9d414962fa19546de89489d3c11315e6,chat
e90fa14cf7d75419bcae15cd59c8e1b4,main_screen
a7a5537487d87f14085cf66116840fe8,main_screen
ee2efcd72fcd5f995bf861b4c491ba8b,main_screen
b6efb04b0c0bb97563ee007556f92a26,card2card_transfer
4d86250f6af4c2b0fb0043e0a81abce3,main_screen
07a4a43dd9746828973b9fe721a53553,main_screen
756c414f9f6aeb22a258e5ae5ed38bdc,phone_money_transfer
14a12899a6fb6c593f7628532f5c48fd,main_screen
8b09d26b0918eb6b99498ef2c41584a2,credit_info
e0faf99e322ef9174825be417e6fe065,main_screen
f94a1a0e9c34138b195af3be8c09d555,statement
8799f878903095227139d1018e720e40,main_screen
77a8ac5dfbe0517b01ba97fa4524162f,main_screen
47570141c989fb65bb59dc24a6fee489,main_screen
cdf6a1316588477657243efab470b76f,card_recharge
0f33b96c6448d353d8288ebedc46baa4,main_screen
176d9b3a44abe18051493a9e758a08c1,credit_info
4a2e5b446f77a7eded470fcba522feb2,statement
581f961f4468532c45c8c0c3d522e4cf,chat
80f3434ed6e169f3a5cb9c7fc4c43997,statement
6b8e59c719e47bad25bcef982f6d5d23,main_screen
709ec776f73d233aa06b5c47bcf685fe,statement
8323691a021e7cdd94fa51c042da8fa4,credit_info
61e71221724c26cc73958c02ae249f1e,own_transfer
9617912552d479e7b3fe57efe4b69a21,credit_info
4fbc39e7791ede6bc3f9b5f3f14dac50,chat
a0ceaf9cf326378690a490fb9db1db50,main_screen
c4d8ac44f6f1e4396c2a1cfccec8a2d1,main_screen
9af192ff26bfe7bcf8d3a7e72f1449c3,main_screen
2610798af9d5236cea550e24ccf8f807,phone_money_transfer
efd1de3dbc18a9779ca22f286baedfd7,credit_info
4172375105eb4c7c681c6ad9f037145d,main_screen
b765d618184dfe1015f06e47d676d8cb,main_screen
25f088dbc80f1aa0031c624d44736734,statement
5f9b61f31c246716d81f80b598872808,credit_info
95d53fca0e23c45f3af1537e9f1fa173,card2card_transfer
16d71e4b9a5039e79f41e589b7df733d,main_screen
dbc4fc86757015b1674fca0e789ff2d0,main_screen
865990cb270eeb1a49104d7548fba2bb,own_transfer
f9cdb1ccfbf732298ed794a9e9d5df76,statement
7b0c8e16c1775d83fc007b4e61801aad,card2card_transfer
eac42e7e03ea355ae179a47392fbce07,main_screen
76cf83f79326c22bf99459c84c0a083d,credit_info
743c23e7f082354b992d14861b3bf72a,main_screen
a6d66bfe4df5d892b6a734141b703c92,statement
130c4e9f350c91c1a4933f0ae97a4fe0,credit_info
5670a51074acce266d607a553e198531,statement
51ee504c20a63920f2521160cebf2860,card2card_transfer
370910d5ac7edf7bd5385b06ec7ff0c0,main_screen
5307d2ae9c089182cec8698a842b7298,statement
f77ec01b43dd1df44303749edbc5a048,chat
5354b1727586654ea618f4a4eb2df287,card_recharge
2aeae4ae27824028788b93c7a4724788,credit_info
f4657bd9b956becc62505165512fad5b,statement
863d1752b4b2ac4c4737544c21b6a0f2,statement
f69eac112f78cb0f01758ab8b5a588be,card_recharge
03e64a802a3b2c95dc2ff424827b2e89,main_screen
a8ed6f8225345f22ed63e8b794676470,card2card_transfer
d4a7fec3157056b232420efb2b6788ea,card_recharge
2927eb2be624e0df36bd9fcc0b3c3cbc,main_screen
7ce771b568deb6a1c9b67a7c8b4a462f,statement
af9532b037625f035d49709bdb6deb23,main_screen
30726ad127b0d615fdcc6ff42335cb44,main_screen
3d41d18f15fd69e4b09f97f5883e2597,main_screen
6b9de99d0e57ebe9ff49f1e600920334,main_screen
f3b779fa63b35b81ea0d9c86753dffa0,main_screen
97220e311181e75910d00e0ff4aa5adc,main_screen
9d25751595256dc28f1abc3530298c74,own_transfer
5ac8feeade091c2077e564ff13d14f1b,main_screen
c8e75992c6d0a7fea0eda85859cc52b9,chat
89266736977bacf905b79dc8cb921709,main_screen
1ac26bbb065bb300169a85330790117e,main_screen
b26037b608e66f55f958fe0fe58f9fd9,main_screen
f884df0c21d67d0eedd1045bfa109387,main_screen
58e176300d28ce57d7ac9ce0ad417355,card2card_transfer
1e660f118b9a2108f09cc66631dcf012,statement
edc43a5586eb78fcea2744f95e30eea9,main_screen
bfd5b14d9a8430e80b7d293dd64cf638,statement
abc7084437e63e34e771d7bc86c9412b,credit_info
26f0f000be29513e584f5589d04905ec,invest
aa869fa1cfbdd88e822984e13a038e15,main_screen
de43796150812e0831b909385300c196,statement
420c2a03b9789c726f8f5224b04a1d47,chat
5cdc3556a82fd7f5d803feca37def2e5,statement
d38decfa9e52fd7301c750beeafdfb53,credit_info
8bb109a7562b3216c8c196df6330fa09,main_screen
4813e9a935c79f1d862a780c291f26ff,chat
adae9602b45838e70b4fccc3c487dee2,main_screen
3415c7b6ce87503438a653f09307989c,main_screen
ab933ad9175fb733af99ea34fd1bcf99,main_screen
883e17594f75022c01fe72f353c5a92c,credit_info
94b5133262ee389ed316e71e56482798,credit_info
30a03367117bb050df670519c51c1c9f,statement
ee0c1a52c49b609d39f689b8c5b28de7,credit_info
43680c6c91d6283e1a7cfed3cdea916f,main_screen
4abd7ed62b2d68256a44188b7ed51ffa,credit_info
96092c1c2d68d9bf53ebafe5d695e011,credit_info
25a53eb0824349de697f0413b0c9c32b,main_screen
cdb8a46ce254f16c1f2c89d1173abaff,card2card_transfer
1cb6376c5e29c8d21ae54f33e83777c3,mobile_recharge
f98be26b8bdd3baf03de1db44157b8c7,statement
de62a5e6110c37e83d98dce64185f422,main_screen
a479232c26d2a392fc3a25fd52a58f0d,statement
eec4d3320d243e8aff160d2a60cff348,main_screen
e2771df048fdf1ffae35aa85eebbc3a2,main_screen
4ac89f4d5299c7f2aa42a656ed94f449,chat
413b9f7fc2595d23db20d64017fa5e14,main_screen
40e5c4127d9cc65604e518581c73dbbc,main_screen
3c449fb4d5fce2f657c32ad5a569981f,main_screen
49da885a1a06a2987bf9fa77fd786fa1,main_screen
a15214b1f59fdf6cb90f13d68bda658b,main_screen
d3c96def999aedb49ba2fbb2e8d4a161,statement
b67b19fac646fa2bd4f878b19e089277,own_transfer
299e37a3f735de661b7f5f240fa223f7,credit_info
c2df100e2855ec475f99bf2d7d029a13,statement
363d589c201988a533d7a9bb800d4d39,main_screen
383eb9113bec8e34c3278d2d663b30cf,statement
4aeafee2d674f7b1f7d534a205e1080e,card_recharge
b6893ea2bc1d6280379f74bfa6dc5d7a,main_screen
9e8c69fa1b67455888ca5c083dce0ea5,statement
427487fafa49a7be9bf8b0effc6cdba9,statement
2db4c5798c5335523dbabbada524dc7d,chat
5cec979f665e9bd9ffe0040e57b3a595,main_screen
20b87859f418530155555de484d966cf,main_screen
ab232b496f01c773afb819c1c5f2e649,main_screen
f76c42c5ba046b0e207db555afcc6e27,statement
fafb031f5e2c812aadb59bec8432722b,statement
63e8a87649792e3d918beba0d0ff4b58,card2card_transfer
68eb823cf7f2ede714d19b1771237e1f,card_recharge
2ee6470a5884d7738f740f9c6d785baa,main_screen
74f25004e5d0d5f4313971a87fac93b3,main_screen
6047196ee8b98822f5a0a81600905568,main_screen
f1d5d536b10674f692bdcf1620bd0def,chat
50c3b91618d0f979a12748cf1344ad02,main_screen
ef009cecf24a4350486e41b151230223,main_screen
0a3052d4db4ace4725ec090d67e35389,chat
cd653986fa91988bbc4ffcc55cc890c0,main_screen
706c46c2b7fb45cc32cab81f6c311aed,main_screen
0af8b1e767638ba29a2d409075beec97,main_screen
305ec1e2c78978b3adb56c93aab13a09,main_screen
af1841a1f7d56f26bed5bf5f7f9f9e16,main_screen
608e094617408477421f197643aaf976,main_screen
128128b818dd947d1269a4541d9e0f8e,main_screen
e76cffc991a8ed3faeb32f497d4399de,chat
1bba2921de4501e0da9ad11aa1ed67db,main_screen
414dea4af1de7207fef52fba427eba08,main_screen
76b188d1090e3de4a4a327bf665b882e,chat
d2d82c206fc52ec60aa376adf769a185,main_screen
64e4e5e45ed3bb118c1b43f0549d10e9,chat
3e1734639e7f16745da10fd8b6a2701e,main_screen
6afcb08e50fb0b16397a617e00d43b54,main_screen
7051a53155719381bf64380cd110112b,main_screen
f1f7e5ec54580e22740510b1ae92c490,credit_info
f2ac82922ffcc6df45df4f2bbbe36866,main_screen
0c5fa9d0d9d1976d4a6258fd0a049769,card_recharge
8386aadead330b1e6080a44cb39e9c49,chat
269b34164b40454b8ae1014213da1b71,statement
b5f2d36962922d7bdb52e6d9230a38e5,credit_info
a256e862ac52993873eeaa9b7b12a491,main_screen
50a41ab00c818c330ab7a22ce079d13f,main_screen
120587bf66626ed19ad2e4257a66e237,main_screen
aa6ddc9ba2c0ed54624f10f76a5c7664,statement
56d78e7cd1c03183ace99a2a399a4c41,main_screen
21ff678cc6f9adefdaa084953d38d970,main_screen
81c4a569c3634a5538bbff9b592c5197,main_screen
5b8fc12dd9578fff4d049dc3765329dd,main_screen
e2281914f2be0b39b945b49756086fc1,statement
c76cd8b93ba0c49fe203fe661b1b1907,statement
81c145e1520f10721654c1a717a10390,main_screen
9d6201d203406abdf470383012a0b011,main_screen
5e8d408f737383e90aa8e2e3d5e54a1d,phone_money_transfer
0423440317e467601645e38491c79e8b,main_screen
aa3f5ce24fb40caa810fd96b93174db3,credit_info
4159c9e4d9cd8d6f92f9c164cf32401a,main_screen
2c3fb470e59b38074fef4380dbc95809,statement
4a36c6791a08c5955b8e3a90f577357c,credit_info
796a95fb8a2259b39e9d780fd813c1d1,credit_info
7d93952ad55597f66cb410410fde76f3,credit_info
dbdbf40e19d1128753afcf9ea8c41848,statement
34d4819873a701857ef6a13665a30b67,main_screen
1db55dfe54bedd76938bd151b53056eb,card2card_transfer
38406396d49a0e253e15220114ff04fa,card_recharge
0c454b40aa4852a08a8b3c1e1d15ab00,main_screen
f3def03b06afea4ff3b5fcd5177b0ea5,statement
7d1574ab7bc3c30a2dfc86348182ddc4,credit_info
8ac42d68cbcee8d5be30e522b0d21955,statement
1b453240d63e7f302cae00be5a04fcc9,statement
c682890c4a9eabb2b1876fa77acabd12,statement
74fc0239d2a45d2daf093b399781a66e,phone_money_transfer
ae22ef5900f3acefa045799cedf68f44,main_screen
51c30ec1b5be3eb8398c73dd6d4478b4,main_screen
c83dd50532526d48198e0c4b2ee7b5df,main_screen
3447be7320dc6bd90ad40c558318734f,credit_info
17242d5352441ff5bed1df30aa54d777,own_transfer
3c53b522e0016235858c59a93d532f95,main_screen
84a6c1b9e5e25fb1d49ff2f7d2cb0a64,statement
712e1709f4a348143779715316f8eb1d,credit_info
b3cb497892d11c69d7411c990cca9944,main_screen
fa9a7ad0ac0d91f6af6e8bcc70700af0,main_screen
792a6812d624e3115e27d0a729437121,statement
c5f938e3aef29e2a287f35518300dbdb,main_screen
a199e1ef8526dbc7acd85b790a3d6c0a,credit_info
d31c3bd82ff8f71cdd1307d523b5edad,main_screen
1479e7354f9719cea43c87f6bf99de6e,main_screen
a008058f5904d3ada38318d8194975bc,main_screen
fb95da5a4945ab335f9208feed69c9b5,statement
5c33c106de6822a3088ec78fe893bedb,main_screen
d1f72877b190d5d1528d10759b29f6f2,main_screen
5b20f9437386d0e16ef538d35486b1cb,main_screen
7f068670543b2b6ec3de3435d2785c51,main_screen
1c4cb131f8100b56b0aaa16f872123c8,main_screen
5b22b48958a8776d7c1d65668e8bbdb2,statement
82b20dddd6da54f2206566bb6870e8b9,card_recharge
4968814e12fbf45dae53de2587c00742,card2card_transfer
c419980ecd1609da1d3987e13987b50a,main_screen
7e37a76990f6cba73e9bb1b271ccac95,main_screen
11353cb5341509e90c527f9908e090c8,main_screen
345c7c17e5e733adc4b03b63f0a9db27,statement
edf2361cdc621f59d0d6929f99c68f80,main_screen
459f587ff5e8d74f6563db97486a0284,chat
99f0ed4d26f035720e50cf531ee03ba4,main_screen
b7feb8323d1a214c61233ebbae9cd223,main_screen
cdd0f4b4e77bc0252688f7df9ffe7b22,credit_info
531f293db7d590f50e1643a8c7b68e2d,credit_info
9d6c3cebf3595b10902dbc6641112fd0,main_screen
f5921cd44a08b15d42d1d2e9791cc840,main_screen
d5e1688431765fc3539c46ffbae8f714,mobile_recharge
f8ada4631270206f8044affa759cb7af,main_screen
da17085684c3e2c03cb73f8bd9e2eb4d,main_screen
f43b7991439b7114c5228d521d05daf2,main_screen
aeb8b905d8a9c4cccf5cc786f369a748,main_screen
4cdcbc533bd971a16653227b7e6662b7,statement
b104d6049603ddba1febdd2d27c40f5b,credit_info
0ea8b2b96631623a1432fd2b38f64af5,credit_info
ea3a412dbfde600f006a9e335be6ea6a,main_screen
6117a67d805c4b9dfc079d3d03807928,credit_info
41f3a6c3e4ef8d4af56603d3532d7b74,statement
eea1fb44857e3fcfed5c2822143464ee,main_screen
5604a31a441c92de3b72e1ac97c79215,statement
250013a8ec608ab2fb5f54a7a42910ba,credit_info
78b67034d8a9cb8c0292f82cf138e5e5,main_screen
103b146ab26b54646a90da4ed7327043,statement
40d324dc2fe543f639cf9684ff65face,chat
0e3ada09a12b7d8596de01a0b51cc418,statement
9cec4fdd441a3568fff087424f7c6f0a,main_screen
0f70319b24c1e5837b17a44f848b7b74,statement
6e5f423dbe46d4a0396ac78af4fa41d3,main_screen
56ae68696bd7a7c9fc9b5f13d8dbdb3f,statement
968e6b184a00fe0cd8d5723322715c2a,credit_info
7c19c89d4e8a81222c1de125b910b520,main_screen
4cfacaa25961cca3116d1076dbcc8590,main_screen
3ecc9ebe30f22b9565867e388845a821,statement
fc77913ca88589e5910434cc943e0fee,main_screen
093d747fc54d910a8566c683a0b8b5ee,credit_info
34f4e8d69227e5f4e83a5f4b82d69064,statement
7418c9afcae44d40b4c4e99fab37fc15,credit_info
4efe6fd04f2f3121cd46bb9f72365761,statement
b7dad252841bbd4d285abc9f684bab0b,main_screen
f1f77052af2cea70288854d52c74b5d4,credit_info
1eaaede781a0ff95d062c6fa9009480d,main_screen
2c9fcdfa4d1bff90d7200e0bb225b248,main_screen
e88eeda597f5eeb404d82945bacbd0c6,main_screen
7fe84690bac44606e0fe08ef8cd8b611,statement
8728db25b5d980776191260f8d57d9d3,own_transfer
4a3534da9eda5169e0615d0028975694,chat
94b9d8c538520c369c2fc1ac78657b28,card2card_transfer
42f92e3d828738edc51749a8c28027af,main_screen
88f6ebfe7366b1497fd75e536994fe72,phone_money_transfer
f7635f0ac1a9f270cb292765f232bfdc,main_screen
e275d1c7311e7d1781f2b8c958d849e1,credit_info
21ae08a0e98336f4496ecb207ce5152e,main_screen
9a090d11e95a5c5e5fddbea8a3f21012,own_transfer
34bb88ca97da006d3066a954331a3562,main_screen
f96373c9853592c8b88be60166ab2697,main_screen
3c95bbcd14d2026c314455a693f54b82,main_screen
531f9b931177a3b2310790087f6aecd3,main_screen
9eb4fe42fc80c7f92ae1f3c14abfc3ff,main_screen
5d9298b0190b141130c340b7aa895b60,main_screen
e8c016e530d7b4e9ff41ef4a340e4e9e,card_recharge
0c84a3ae1ffef9f410df5b6685da55a7,invest
51da15b1e8e61ee9cf4fcc609291a403,mobile_recharge
3b7868e6d7ec3b6bf22c0ebf47a2d59b,statement
3b2f67ecf37b3c0acd16cc3415da11e1,own_transfer
f10d68067b1c24f72709abb264c33274,main_screen
a316f117afc3ab6e0340c09f1913c465,main_screen
043735e6135c2ea12d2f2e6bc478708d,card_recharge
1aa001f2eff408905cf48180d4cc1fce,credit_info
dac8cd80c9cb7bb79b0ec889d666e8d6,statement
d425aef2459a3bacc3298165b5a7069f,card2card_transfer
801cc32a9457d45f555fdb62e056da13,main_screen
17bb0d04a869745c8aa0709c6297fe44,card_recharge
79979a3fffca16f56c6f27639d057797,invest
b932de3f9b5224ed696905d9c639750e,statement
8af124f9ca99b6ab98d912a61bd5e8d0,main_screen
ee5baa66490be4d904f71711a4fceb9a,main_screen
6ff7a572c872a85ad623681535800dfb,credit_info
03f015f549eaeab2241fac38ebf73981,credit_info
8afd7be9a8eceeec75555dae212538bb,main_screen
6de01abbef23900a50e735c37f0de1b5,main_screen
d0f999f05c2cec784458acbc5a32ead7,chat
be8b0ced706535d4bc41898d7c090607,main_screen
eb247241ce3b9ff2e6b16160dde58e8e,main_screen
e4346b55d197c9f640405e94eea4aaac,card2card_transfer
277215b80a084eb66f3ea5e3ddf263c5,main_screen
bc9aaadbab4eb731d8d187f551d00a87,main_screen
033ee90b9131cd11245487e188b0b8bc,main_screen
0362bc611af7d49d1e48684231a3a484,card_recharge
5310c83837589c691a34f33c5d64af79,credit_info
5adb51ead9f21c51828febfc65e99eef,main_screen
c9cc96aa15302cc07eb007f40c89eb92,main_screen
e4d4c0e5df0ad627802c1669db18b582,statement
06ab964e2ac1b7d4b123c82992fcc98c,chat
ffafc9688f4bb95bdef3d5577cbedcf4,statement
589c7de1fa30d22672e508bbe98f188f,main_screen
a115f3243330ce3231a1e3ea496e91bf,statement
6773002dcbfb44959a9adef985596446,main_screen
32426ec03f54773b7db9e255ccbc2b27,main_screen
af4b627dc5c95122cea95538c90e03bc,main_screen
d74ec9357ce03c6e584b8c0c3bf87736,credit_info
ae0edc86eb122cca80130544a96ce720,main_screen
70f70154e6d97be999a6e673aa572db1,main_screen
b0b465de13bfacdaab3d34d46514699b,chat
5c3a4457a1c7dde60405a1882f5d24af,main_screen
720b3b03d65791b6637aa4b53c219ad8,credit_info
8ddb67f0144aefa30bfb3f12101c19ed,credit_info
8e08d5acd65baa0b0a3a100b5c808e96,statement
063c7694bf98ec096a228949a4d2aaaf,chat
96427c4bf627e90d6bff4b5f0af2c809,statement
c9edf8d5a2379363eba495230ea92d98,main_screen
9f0111be21bdd1360e60558d7c118f48,credit_info
7564d18f32d59952465bb036d38108c1,main_screen
36b11235f43982c9668e793c40e47c21,main_screen
224786e24b40545a2c2cd5d3694959d7,own_transfer
ad3aff3e136c71084ff2a0c3d51d4873,main_screen
1bdec82fe1bc08f170351b09cc1f0072,statement
1c582e81db83cd36ae2a087627c35d0b,chat
7b2a827da16d3d18a8931f40cb2c5637,credit_info
c3b4b0a1c685accd5526b60624f1765c,main_screen
0fb29c7e519b965f9e6445e8cb45697d,main_screen
e505de1a36b3101cbd8db7002fb92047,statement
542fdc2164657a8e7fbbf9d27a46c0c2,phone_money_transfer
614732aaa0e7fbc129ba5cdba42208be,mobile_recharge
2d7b582ef396ceb9dda240ed5192a4d3,main_screen
c90a5e30236c29b4142c77e31159be93,statement
a3bab5fd44307b6f5356029079614a9f,main_screen
0c1fd33bb3c05e280120edc5255d82ad,main_screen
8631766b84240fe2c12331bf591e231e,main_screen
cd9a0e75d9e6d6232785fe6000716997,main_screen
4b0bf6538e3f6498500255f8f0154535,main_screen
df2569730c479dbe286cdec57c767e0a,credit_info
7eaa0a5dd6d52c50fd8133550f6a463a,main_screen
23bc9c4622fc37fa5fcd8816567ca64a,own_transfer
2fc7e1e262dbbba9a66ac2240f4f9570,credit_info
dd66f83d176328180e7166d8afd66b8a,card_recharge
b8ac6db55898cbf3b85a662d0621e4a0,main_screen
38b0592c8bc7f17d06e1458e219b0190,credit_info
650212162538ee88dec8f3035aa59982,statement
294d038aef9ad4825a701e5337b2e32d,main_screen
4839ac385f928be25e4fd34119de5e5b,main_screen
bbad4a4fc7173375d5ff01849742785b,main_screen
50573ab657ade7801ddc6ab1b9aa0c25,statement
bcc076f659c67686ce360bcd45f84f31,card_recharge
78414569e90c64fbb469547565fd39b8,main_screen
74948f6edabccc060dd0b4ffb00f0f9c,statement
4b657113ac2b2804e1b17e5fbe16d39f,mobile_recharge
652a95d628d6dc67f3a0ec0affbf3ec4,own_transfer
ced5aa78008928c5ded8f32811b9c975,card_recharge
2b9ce92e5e7682e384165fa7b865c25e,credit_info
7f00929b881bf9148b9aacbb61a768ab,credit_info
2b617afd9c0960dc231ab291ece9f056,statement
4b59c5327408381ee0f268a0c94b1934,main_screen
47a80f3ae51d2ade03902dc2c71f76fa,main_screen
54072f875701e489f60d16185592b630,credit_info
ab81117f2a499ce5df8549b73b360564,credit_info
e554aec52824f0acc7dd8c7862c4fef1,main_screen
caa85539f10d7438cf0f379f17927fca,credit_info
7b663490a7cc0d603938f9de8b1b0324,main_screen
01c5eb4a7600e8841cd8d6d29020d8fe,main_screen
3b5f0449ce0b781db0a3fd672691156b,main_screen
5b58b6a806721e07411104d6ba71b8f7,own_transfer
a25060ba25c5bae37669f8dbeab3b86a,main_screen
4454d65933d1984d12ab4ee76bbcfc5f,main_screen
3b8e568988d96837697d6ef46b426cbc,mobile_recharge
60570b04d30ac47147b13528741e385e,own_transfer
74c66d983a4fdc28f96808108fd70173,main_screen
f127dac07be4882d68e2830267c5c102,main_screen
773997c669ceeb7f279854c387b94051,main_screen
ff5af433b2617966b8388043bd925c5b,chat
8de27765233336856820c6792eb6d736,statement
541eb3be9d4112d1df6552d9cf925510,own_transfer
0d1fa664ab24c86377272e09f0837e1e,main_screen
4f8456f9a91be68554f81aac485e6b17,phone_money_transfer
f46d6921b6b33e770b630171ef846547,main_screen
8fe29eacd12ca1a33c003786542308d9,phone_money_transfer
c2bcb685e2a7d44eb2008178510b2f15,chat
1eb09636c07ea29d8a89e1b1000246e2,main_screen
aa8ec91d0ff5974407dfcc0cd48d392e,credit_info
c2a17ffdd709c09e8a7a4f468029fe74,main_screen
da9a5e86f027015e3161b504ae5652ba,main_screen
ea5120e12b7ddd0e384ee2cd431a527d,main_screen
46c73116060406d727ba4ae8c2350d31,mobile_recharge
9e84b570e656a1c1fb0daf3df8d6b3f5,main_screen
cb7d520ea6200a5de653e4318012599b,statement
10318da2c95f3d6c73e11eec82a37b32,main_screen
ab36654fd97837f2c78cbfa4272e8eec,credit_info
722184f6e846232494b097ba8c99868c,main_screen
40d068334ccdbb8d63c0fd3a8cad1b93,chat
e45a4e165e75358d1b04a41694888ad5,main_screen
db8a43d01683165df37449a74be93dac,credit_info
88d46ab6ebeb5514ce81ec17fd121a23,main_screen
dee0c2039ed8a68d3e24b05d4e62a802,own_transfer
fc26766b015ed7b7e01911c1569d6932,main_screen
d6a2de2b3a7a76684825f3b040686249,main_screen
32f97932289967c877ed2eea6e2d41dd,main_screen
670fe970dbb8a80fc87581e78b4753ef,main_screen
6eea25ebe8bb8cb9b03ac043113d8cba,main_screen
ffdfd1ba29c95a3b542f37e5a776f656,card_recharge
d140ebf39bfea391e310e5eb5c521245,main_screen
4cd02a0b43888d56e867c266149d6637,mobile_recharge
dfdfc9d072d67ef7a9b90c05d9cb6ceb,card_recharge
2e2e056e118784cb0a4fc66e36429403,credit_info
f67dab90aea652d3be91d4580a703b84,credit_info
704191999fce562824522e4aba55512c,card_recharge
89519ff0e9c34c67dee7731a711ae66b,main_screen
79c6af92c6e5271c4bdaf1692fef25d8,main_screen
1cdc961b3a7c7bbe5129df3c1d1c8eba,credit_info
e8c9dcdaf4a9e853a72a89d5f5ec3b02,main_screen
9020204d4358fd1832fc61e09dde3c2c,main_screen
9ae44ed16e0864e2185da69d34a18a28,credit_info
bdf11d4dfe15632e4eae24a24631d27a,main_screen
6e8c7566b2816e6a649d1572096a132f,main_screen
5886d4013e85b00c872962395f8efea0,invest
f3c94953a082cafc7393d942e8ec0672,main_screen
88921820f9115fd374ff3b72e90aa5d8,main_screen
fd9107cdf1636eeff867d37de535f8b9,credit_info
2c60c2a5daaa9b692bb8946e61b9822a,main_screen
500c09e4f85e2c6b5c8698b35381f01c,main_screen
d332df251c7c95a2472e3307657ca981,main_screen
480606b795adfd615f7f255d25ea88ed,credit_info
7f328da7abfc35a4854657e3ba3357b0,main_screen
6492e9716145755b241f6ae0f05daea1,credit_info
090b4abe0d3a3c5b6ebce023bb00e628,main_screen
74c44c0a7a0cb0a0236b677c5ee36d29,main_screen
a645ac9341f446ff106b42b0fc5af915,own_transfer
1c09116a8bcdd8fca72fb3deb1028431,credit_info
782d01489d90184adc0304cb2ad4c55d,main_screen
d73db8086e016e39a54d8228902f2c2a,main_screen
6ba43e9ed3851d9d81840d4ea8095885,statement
985b7af4436ece07263aa2cde2c8f11d,main_screen
7ecf56024b27b1ad2b4a33ea2c7dfb90,main_screen
3340fbf8e1b52f72655da5e63e6261b2,main_screen
e256e1450c42993d271b3662e814338b,main_screen
62199e14e58d8e68f59915ce94dc26d7,credit_info
b5686b5cdc11da6309ac661789455845,main_screen
5553766cb8f7c39cc33f1e31dbd15779,phone_money_transfer
9da35c5ea86e0d7ca387461a25f67dec,chat
2ee87e01c128e5fc6295143ca42c3cc1,main_screen
7fb80df3000adfd9ab24d5aeafd6de29,main_screen
845b3d09dc1347d989756d8642e7a9e2,own_transfer
8fcc76b8262b7991c1729c5b5ad3d0b4,card_recharge
bd99edb64ef0ea8e39cd65dd2c96d61c,statement
49dac3f5b36ed0cd1e139fb9308cfda0,statement
59da0ace8bc63b45dad0dc54d160c48c,main_screen
a0494045ecd4e5e9de6099751e2700f9,phone_money_transfer
4b28a4d607c97a3d4bd4fe12893ab319,credit_info
27f2a415b58d79f3c1f373b2e58e74be,main_screen
e61f04b4b56d544c82212eff9daaa539,main_screen
04cec18e17f846f7e9c5acaef70d5418,main_screen
2753a0c3c3df61085beeeb23dd775447,main_screen
3da08779a3364dd64b775a97d1fae11b,chat
1a5efee040eb7f07f361603302077f8d,credit_info
a1e1d474ff76748af10d7c6133886455,credit_info
315fb2166539e26f5181fd9c52ecc8e4,main_screen
d3e6bbbe82b0741427f62ca957a9660f,statement
dcb7fc42c99b7705e68d02a1ebb7fb08,mobile_recharge
e39822cbf0d634b52b450c2e003a1c9b,mobile_recharge
0a3fabdc42edbfc4bb93c40f3fc812a2,chat
16f6b1a568895600e1150f48a834d1e1,main_screen
3ca8081feb87529e6ea7281e2f00c7b4,card2card_transfer
5ea31b2cc7c2477d73695918766f8feb,own_transfer
6c35e0f6dfdc3061c50ec29e163df5b7,statement
4ec759e59b3bf0459ea8b10b76d00e7d,main_screen
b50c9ac218b1488b4f8a95dc52dbd279,credit_info
14e67d563fac23aaa370d8b58d9a554e,card_recharge
4a4c4baed75acd9b03365d72897a35c2,statement
fe9528c4af8e2e5693e89818957633cd,statement
ee766e6d3dc5593a3632e1fb452d1adf,main_screen
81bc691e71742cd794d1a5e2eae4f561,main_screen
b4b0c701ba2a7d12dbe79403b29e2c0b,statement
ee38316d07721e7b31f8663ee3c22d81,credit_info
c7b2b96fc9844b74008d9223adc027de,main_screen
2ff7a1ecb7c9c6d08f8e4aad4a44033f,main_screen
59be20a587f51a583ca3fa9487af485c,phone_money_transfer
b78c024afbcf47135033401e4927ae5e,main_screen
88316d3ea6e24c0497560ce4437c54d2,main_screen
1357435b52670c1660e1834ee6c58b55,statement
18c92d7c7e3f51d4fa13c4f86970e3d4,own_transfer
15f150cf6660ae923f7b4c3d2a68a107,card2card_transfer
b573c94f05ec298c0ce83c805691109a,main_screen
c6770d4f75ed2daf3638c4bd5f30d072,main_screen
05d68d64c5f6005498b7afcbaea3cd0e,main_screen
d22fbb1649bb2b82f5972cbb26fe60a9,card2card_transfer
c8cfc087b47d0dfd8432c64e9037738e,main_screen
93eb1e8ce7c106fc8823594bc9fc9024,own_transfer
3a8f13079124f0c8ec66f180fa7664c0,main_screen
221a1568c3d12ab5102181aa299700b0,own_transfer
c334660dbd808098e6f6c4aa529e5893,main_screen
9b488e95ea7109118d294f03095b2f96,main_screen
a02dd513754a2c2393a278d8b7d74398,main_screen
5b387a7777ac37d39b26f7c0071a2ce5,main_screen
e7556f09c26771763b099af596ba703d,statement
cdc82c4a3caa36af7a454f5bd8d4e427,main_screen
0b2d537fbe4f6b8f823e72444757a0bf,main_screen
9b190f1735cdc2b40116bc75b3024fc4,chat
6e2e3e89058f1a9b4483d9b5f606dcaa,main_screen
13306549fe41978658f87ec14166822a,main_screen
ed84f15756fc421e81b9bb38794fc744,main_screen
c850279f05de3c65b223b440bd6218b4,main_screen
3b3a6fd0bbd2fb6aeb5443cd12fd6425,credit_info
4e53c48ffdd888c1c6bb203630457edb,credit_info
38208e54712eddd1a911556a2080add3,main_screen
5f56825ae0b9d4fd485a6f8a572ba8e1,main_screen
8f3369a16f01468efa54d33482801788,main_screen
b4fd5d6a9be0dc6b529d321acfbb661f,credit_info
b8a09ca2ab0e98879951fe3d09f0edf3,main_screen
d47c62bb0eb50a28e1466f7c6acf7af0,main_screen
8233f49805aca7a47738dfb5c98a05b0,statement
113ae8555f2a34f765d85f964ac5a332,main_screen
32b6c4c0d094a5ba49912b87fbdf3d5e,main_screen
f3fc9eb7a19132af06c4f6a2653b7dda,main_screen
304a8b6c84553dba525e9e3905ee2bb2,main_screen
fec1aba09ee85f9db422a6897027de1d,statement
d562459e9bbcbf61c03b7a3d9b8a981d,main_screen
f4110e813fad0844c3527a08cc13ac67,main_screen
a4cd5d8ea798a3364898d548b8c5e515,statement
4fc206e6ae0cfad623de11da005dd102,main_screen
fceb7f3b64bc1f2fd9955525b0fa3e10,chat
bf6e17640eaba7975aeeba6b7e8bb869,main_screen
06de63e17812e7b8b59bb132fb3d4696,chat
60acfb56709f270b0c54dc11ac07ed4c,statement
bf4dcfe95a75ede78c509f7a2d49b559,own_transfer
166b3767f50304927ab21685a11942fe,main_screen
367652ce181badfe33bb015f2bd36e50,main_screen
5887425640971f74f71cc3855a9fd9cc,statement
af87034a8dd221a53d0b2e96801d3237,statement
e8c482910a481ef32a7c648f6e614eca,main_screen
ffe0e2e28cfc2f55f4d85fd40e09368c,statement
e2759da2259e002d6ef0d49655b29506,own_transfer
0b72bdd90875ec632633ef761af23a75,main_screen
d128fd9d672674aed295c500ac5dfd1f,main_screen
bd9870b212f59fa951dd849609f9860a,main_screen
42c20436bda2524fdaa90dc8a2a9e636,main_screen
03f8f164923f896f9618225d9c15f17b,main_screen
77fcc077da1a5a4921f05924dfe0c8b6,statement
09d3eca14a0839e581a05ece54748e64,credit_info
49866b7103737a189fff6ca799cb7b64,chat
fa6efff8afbf430aa24e9c34df85664b,own_transfer
a2b637465bb4afea28a2cafec5a944e9,own_transfer
84fdaf49b761c5a3e6ac76ae105e61c6,main_screen
7a013baf69376bd02123ef6111a3dfc3,invest
8c2069d6af070887bcfb238c8b955913,main_screen
7890ac8502ee46f7c2299d9907847d78,main_screen
0ed8c07cd4466d2edaa3d6b5c322e7c8,card_recharge
5555d1a52e0cad3dcae5fab2794d8b2b,statement
e5066d9aec8e4024a3db60af0be0775b,statement
8436b43d700bbdb1b338bfc093f77d05,credit_info
c53abb92df565a65f59293002cdd1287,main_screen
f47958593540d196d8648e10bf17505c,main_screen
9968a0349efbc17010f012af168492e7,card_recharge
e7a48fab95156498dd3351f2c9a8645f,statement
3395383c662b6712554c138c84c2aeb1,main_screen
c82842ab9238b6ed9bead0a3bae9a79f,statement
e99e88803c4d65fab11a0e33e7a973c5,card_recharge
4fe565975fab969ae8e63d80d80a9882,phone_money_transfer
f68ef99a960a7051078ca6265aebab31,main_screen
b0e464ea4810cf7d7c82445dfca6944a,statement
b3f9da7ba7412911a3c19a70dd8d3646,main_screen
1ce0c7de94d7b78a1845b851a8ce89b1,statement
4d51cd34a659bd75d09e722d77b6d1c5,credit_info
ef2c466795e01b60826e76eb1c893a0b,main_screen
478ae0fd982eb6fa72140c78a7e8a44e,main_screen
2840df144cf9a09c0d19eec9e26bcdd7,credit_info
72f1591dbdc3cfa8f5859a349c9ad781,main_screen
ffa081f223a65d284054ab1eb753c2fd,statement
6cce03d06f9889f83e663fb5262aac0b,main_screen
2949132bf4a7067c92843c910f778f50,main_screen
7d4486072b1628e94ab86c2867e19998,credit_info
a7e9a591c47635017430005c3e9fb323,chat
b02f63743df6c336c2716009a698c859,main_screen
8d6861de087835aafc33935821dd1122,main_screen
2b61d77885f6f0e0273fa73ffca24b11,card_recharge
a814c0333228d7a213abd522e09d6b23,statement
d4340c6e608ae547b46e02809619af9c,main_screen
ed38eb3e3298ed23b4b5d11b2f8c8916,card_recharge
2f2bb9a97bcd1cee9572ac7922c9d032,statement
332e84d61c7dd96d7e54c2cd488caa4e,statement
cc33f1027e8eebb946c6018293974b27,main_screen
292ff5d0aa2d0c2827438cf3891dab01,main_screen
20af7559373730e0a46faba973baca82,main_screen
81b680bd22d81de5d95d11c1c69abeb8,statement
7483f7192a50391e943936b75350a7d6,main_screen
71cad06b54d1bd3dfdba751df7b74c26,card_recharge
8f48f8e6253e167bbec88a1a972d77cd,own_transfer
349bad772501f655339fbf7ab0720ed0,credit_info
bc2d326d3d333f2dc7b2176b0ac41d59,card_recharge
7c07b27b78fe9d417c72b9940721626e,statement
5649d84575b794619c09f2555bb9f914,phone_money_transfer
82113edc77de287866e7eb06a8215102,main_screen
21c022d92613a100b61ab617a6fcf78e,mobile_recharge
df9021bf72486591e92c2e3890d29309,main_screen
8c1ad34021748788213ab76d4488af11,main_screen
1e1af9977b1df63c0118319efd4dc741,main_screen
8813729f1cfaa06fdb9846d8d59357b1,statement
95527e3562ccab70b6f32ef6ef0e90c9,chat
43654bda4327bccadc1ede238a96c8f8,credit_info
1f5e54e71c33e65a9cb4d2d310f74e7a,card_recharge
362ddcaa9120513d8ca9d9b7caf86f60,own_transfer
3ea32722414f520207ab3178eb99a119,main_screen
028b58d4e64f8bba24f00391574a9e0d,main_screen
3a87cf096051d6f8c506acf19ace0ce4,main_screen
f660c6d3669efd88064aa37908cd69ee,main_screen
4a4d22fe7ddfd039364b450b9b13f10c,own_transfer
1c40135a9499f604e0d66301544054c0,main_screen
0dbc46251ff11b8669f6ca0c4f139682,credit_info
cbcca778a205235ef9efc64e3d5c2400,main_screen
b2ab15e1e6467b5e978133a67383c3ea,main_screen
e368103405810a1a43de42e99b2f3f5d,credit_info
e425ac1c801d68e5941de4a421a68046,invest
4a1751b7542c3fe912fea91561189d16,card2card_transfer
bd291d61d9490efdeb1a9d5b356e9866,main_screen
2925c3c02dfd5dfae4ff1d0a992c549f,main_screen
90cae4b0ab649e9f44c5f194a4e08d7f,main_screen
5920b5bec4585a142f4dbc3810faf5a5,credit_info
a9054818d6addf8436cfa70e114957c8,credit_info
28e2742cd62bd262440878a1c4c63117,main_screen
7b811108b1a0e15e3bf554933347ab48,main_screen
875ec02324bffefecee5b6f08d0ff6f5,credit_info
af5057a2a3fe02e6c2df379ffe6c47c5,chat
399aaf8081b34ac0a17b760d1c4b893e,mobile_recharge
f3c911b3b5c8fad3e418a75b40f3553a,card_recharge
588a17136e5413b74d923103129c77e3,main_screen
c418b5a1a005ab7d8f4a4a9f9c0123cd,card_recharge
3aa07907682d47a1b44325cdefc18bb1,statement
12fbba797c255e360552196ee49e47f9,credit_info
756553dca712f64ca714f293f7ebbf16,main_screen
cb7b72b347ee78a7e9384ec9ab061e67,statement
ee0316545a31d3fd941034ed67e961d8,credit_info
c1a7cdba855437d0fcf806df4bad63de,main_screen
232d83f47f7fd737d563048c4afdec16,phone_money_transfer
f4b21229baf69448baeacbd65a6cdb42,main_screen
0476ce01bd7340e92eee1da9d543307b,statement
20a8fbaa322939c234bec609d45d2de3,credit_info
4a606cd63a68ce22b53e30d0fc16fb56,main_screen
b5d9697d2f18b0a3965234ff06d18705,own_transfer
a81db1ef59ed2afaee7ba7b5667b2d0b,credit_info
983743d574c5c2a2663d30f82220e3f0,main_screen
b24f0aa26ecee5e186db41098c294c77,main_screen
880a9573fdbb221cd672af5a32e269cc,main_screen
b9caff703113a417f3149a0b24fbd9af,statement
7dfb9d8c0af94d2b1f2a29f4c59f8c70,main_screen
b89732ff32778eeeca7886bf91f7b735,main_screen
a76ddb57b449366d98dd216c8a49616c,credit_info
d7c382481adb92b75d4a129e0b4c16ec,main_screen
a2536d40a53235e0fa03ad0363e0963d,statement
66a5d96d76e7837b2cb4bbb364352f7f,main_screen
b2174bd57cc8b57c2fc92d2f7bf95f0e,chat
a10bace14491617a61990f84aa562715,statement
610d4a7c2ee719081431ef416e6e0902,credit_info
ca5bc2a5cea0105968f026f2fd672707,main_screen
543e5f1f92245ff1dbd02ff251aeecad,statement
0e5de5ce77ce25eb3a08719bc7a5807d,main_screen
5db0bd84304aa11c7ef934c4e520b194,main_screen
164f94f903602ef7ddfa66c4d7f5403b,statement
426f58a0509cd566370bce917a1599b0,statement
38bbbec3c524d6abca92f84906750e3b,credit_info
d7d4a654bbd313320feea6b127c938c3,main_screen
684b88d2bd3e5fdf5b4b6c8558046931,credit_info
f1a8109288a5eab407aceb24cec1181a,own_transfer
069166639b8750740a3196a8719ae83d,mobile_recharge
c095f8e998e886da5ad3743dcc5c306a,statement
e67b0a1e9f38fc51696c60f6a25d8df1,main_screen
b295b41d1e9a7dda05c4d179ae803d2c,main_screen
b3758c31c05885084d229528e15d7f3f,phone_money_transfer
f78ed1b23a75850f2ab79dfb5fb1506b,main_screen
8ecee29477932a3442272572844eb28c,main_screen
05916e59fb14a1a73df2b4663a4ca5df,main_screen
7289b30ce3ebf02e9b8bec0d4f1afb91,main_screen
4ebcd417248da574a1b0fdd2b051bba7,main_screen
d5c8621eec488451fdc684dfdd5a85de,main_screen
d339ed1abbf46ee8999aa9841d559dca,credit_info
88369acf9b67c29204255a3aef873b08,main_screen
60e57a257c10ae07340fd187c29df88b,main_screen
c13c255648cdfaefd611fef65f1180f7,main_screen
0aac11ab2bad5c12eb0fd1a61f893233,credit_info
f6404f8ddfc843ac36fcc2613da28c55,credit_info
d82c52f5c2b3cffebd943ffc7617b172,main_screen
34a4ccdc3be4cec9230b4a888c3df565,main_screen
d0b1bacdfd2ca7f9ae625d4e0c31c886,main_screen
f6a6555872bb47867f69ab2cd0666de6,credit_info
f3303db04ebd7ac784b5d461c0e6a8d8,main_screen
e85bc311c72e36a1d74a14e7ebe0d3e0,main_screen
7f0f1d887f63d3132d9e27cc70370221,statement
c15337826465a68c3c7506088f5167ba,main_screen
09ab798b849c05ea7158dd00bf506440,credit_info
2e5756f6712c1ae414bef29c853224e0,main_screen
7779eff83cea1fce9eebabaa4bcaabe9,statement
9f41a8e6d74f4189b7c3cfae272b4351,chat
348456e2454989578c1bce5aa12ccbe3,main_screen
cd1094a30110a8d88d05a9d43da1d080,mobile_recharge
900b25f940bd943f69d8e40e2660d835,statement
1076c6f07929455deadbf5cdc45151db,main_screen
c9a3154f752a57445450ef97a8decb61,statement
33d039bb1b2ec9d685a3fd649d751710,main_screen
ee2b0e56428021563038764bd4090710,main_screen
582c19ae78564a627ad786c8b4eeff7c,mobile_recharge
c6c24ef98b1d4e18b21420c9cbc4fa35,main_screen
3f8333db42131c60e5badd91a5225d62,mobile_recharge
7249f42c6e6b065db73775a5e9b694ee,statement
1a1a308558fb9aa7f8979ba57e9b4e2a,credit_info
f0f34db8f50008a6ac16bf7b3c2553cf,main_screen
c330b68c003c500ba083bfabbb82cf1f,credit_info
47ae455bb55e24745c167c310f77a9df,credit_info
7b34ed9e1e6b8e9d8ace71eb3dd309bf,statement
4879675b42e622e563809220d9d234d7,main_screen
d0712c42ea38496ecc6cc5c710753133,statement
4f128111187a28791d832c1e93aea0c7,main_screen
61d06babd04de930a072ad8daafc6e6c,credit_info
80f4c133371b3e6d8e7ffae09eb6b6e3,card_recharge
5e9815a674c6b9d18b1ec35a8f5d4b93,main_screen
0683d1c713e57232280a77a83b9237f2,statement
d11cfd5fb116499c620f6181752aec05,main_screen
a0f5b50ed2d14f8618d5c3aca2ebc6b5,credit_info
74a7bab586aa1d18d073c071af544c83,own_transfer
5fe70b2e80982da8272ecd9e5799ae70,mobile_recharge
08f206fd17db75588a4d14d3b53bb00e,credit_info
df74b9d156c583b5fff17dbb05811881,credit_info
df2a8ac4f754a3299dd2023b751865fc,credit_info
d479570a86ec6de3bc21e74ed90f8f60,credit_info
e57c95aa588cf478b82d92d49374f26b,main_screen
88fb915658f4a421b9cd4d1d4bd601cc,credit_info
8a68b87aa9b68ed28b10fccf08d51786,mobile_recharge
221f5f26edd03f60099f3474100744d4,main_screen
e1e3ec653897b26f3c0f04049b4e38d8,main_screen
5cccf7ec44370a4090c275e597b54779,main_screen
6ed388215aaee190c0067dce03e125ca,main_screen
cb86a64e1d4ae179777f07cf2b1e3967,credit_info
d0b897cfd4f0c6a1458e7538e7182e0a,main_screen
22e0eafabf0bb9760d25deb67d959e88,main_screen
65229c8b75048fbf96bd70bf7fda938f,mobile_recharge
613b14dc0c216e2108099bcc4cdc4e1e,statement
2480bac56a8e3cab861aaba1ecc851e8,main_screen
b9d2d65f64120b6efa0b7854d78a8f52,card_recharge
bd764c58138e8e01fd6dca9babdb11a3,main_screen
7ac98ebb872c4bedf472c4998e83878c,statement
fdbd2f6258489c97c6059bc74ff9f7a4,own_transfer
099d17c2355fb69323bb0abd18405602,credit_info
9cace044142a01bb2813eec145ee204e,statement
b4b73edd22f0f6b10d3ffd0992978b64,statement
3ad0040be2778dd92a6cb5a41f05a057,mobile_recharge
195e884998bdc24ba80b683851607162,main_screen
399fee10919979b703e8c2947de1374c,main_screen
bd00a0e3ae68bc0c60c39e5f013e8340,main_screen
18deb780817e0196dccb28754a3f232e,main_screen
237138c87630f3ba948d111f688cdc5c,card_recharge
0b2a243d369655e78511e5e594b527be,own_transfer
a3203aa31c1f3520ecd83625b8284aab,mobile_recharge
3d7d82053d9acfb7e556262748dadd96,own_transfer
feda0d3557038992f82a80ab3ee30dca,main_screen
2df32d804e06097ccd92d9d0dd465dac,credit_info
ed463cff3c94e064d66e293bc1dd6d2d,statement
cbb792c7bb802f03c9820c0f9418161d,main_screen
38b07944b16d45ab43db03e286e3db4e,main_screen
f639a4afef8522149eae556c4db75e3d,main_screen
a310a42ca40b0b4cfcc23321d5d52b67,main_screen
17b9b2c90cf6fd28e7925e9f349c0719,main_screen
b8d8ecee06543e1e9fb70047887f97d1,main_screen
1a9216770279b58a269c874c3a7b3f85,phone_money_transfer
45e5de842561680caee491eb1556a995,own_transfer
09202156ec7ffa3e09a0f6980bd7b029,card2card_transfer
8208c5eb639c724cba4a0814099dfa70,chat
a69ca3669eaefdb756b219220614ed98,main_screen
c13f1a25cb6b1a3e1580609744912ab6,main_screen
bacf17e3bf9c024c1330c85525526553,phone_money_transfer
aa26893537cec068f391d1f32419aea0,phone_money_transfer
f50b2eb5e68e6e7da050cbc63e56dc1d,main_screen
63ac56f58879b204723e7375be275e09,chat
dc0d648e2fc314c81349ff4588aa66da,card_recharge
66433ba53a5b00c9ef2e4ef363010e07,statement
f85f130bb442fd6362d4e65fa75f66b7,chat
5865da571b975d2d603ad3c98ca0c246,main_screen
daf7e2c28aaaa73e2b84fa3542c788b6,chat
0c9a90d1320f16a906c8e4528119bdc4,phone_money_transfer
a47fd4a9a16640a44763b42c79517a27,credit_info
1944540d8c8d2c8675ce50086a010f71,main_screen
e39ed343b007879a8f0a20fdd895ee4a,statement
66390fd481945767bd27b5d51ac68acf,mobile_recharge
c476a4a848cfadaba8ead315525501cc,main_screen
43d49b5aef5a4fb910f07ac56b2bafff,credit_info
29a159283dbb740176c77ebc9494a8b3,chat
8282d8d23063d1237c4ee6e5832582d3,card_recharge
339de39a64b4ebf5cbc0148a0d420e30,main_screen
d644477e33aefbdaa6ae918e0d7cd5d1,main_screen
8f0a91d41456c170b7df4e5fd6affe6d,main_screen
ed97bf2b97d47e8ccf7ef031e794fe30,statement
f77c917ef6de387c35cdc13fc2b3a87a,statement
cc82a7e0592c3676c2b90828e55c3714,main_screen
db96d0988cbbe2341823baf65600c0d1,own_transfer
d43ae5003da5f10ba1701cff1e649067,own_transfer
595164da07ddcff0723f3222ce71c97d,statement
9dd1cad8bc247960884de0822750b223,card_recharge
e98291d288d1efbb9c2755809e001a50,main_screen
7b283f2838706e6e478602e947b2f4f8,main_screen
d58d0681eb74b3142de79f6b79c92710,credit_info
9cff25e3c7691c80744a106aff59a53d,main_screen
a280ec43a1d6b1a00ee610a1e4d8a731,main_screen
54b53fb03ed0a7003bcdee83f8f5c309,credit_info
d6f3de0054bf5f48d29ed542ef4d48a7,main_screen
b08ef3a46654b9ed56b9d40b57daf302,chat
611eac7e8e804060ac1c48905024a870,main_screen
27f87548f71b289b7f734f37c2efcec8,main_screen
4ac48502deb7aa5b3fa0a0aa988819f1,main_screen
fa3d5df8bacd59a8d7673dabf80b55a9,main_screen
ebde15d51d422028f801fa0528716595,credit_info
be710cdc193203a8d318171ac5abfcab,statement
99a3e1af990cc0656a1ce50d8c46ffd6,main_screen
78c50a67b460f52b20f2caba5dfb9698,main_screen
28fdd8bb2f2c013c6b183f5c9bbfa782,phone_money_transfer
16ef688161f3606d3340a804d8086376,main_screen
fd8afe6ed3690778a055f734a2252563,credit_info
f857b2c279f861a5e7bc17e604a9c548,main_screen
5ac5e892f79e59156866ef27baa8aa79,main_screen
1c44b516a7a307a974cee6162df515c0,credit_info
4aedcd2924862a4685da497edf6fb753,main_screen
33bc11318c33d104f6bbf3e36d61df20,main_screen
d24d73069855a5fbf6ca66c6c3c1564f,statement
a464481fd0cedc2f53e696efb488b4b9,main_screen
8125a4d5628d39be4bdb77b52f4c90a1,own_transfer
8d24ec28a98ee96b483c5a13e36b83c2,phone_money_transfer
d5a4b968bd895c2a504d67f851e789ab,main_screen
23c483e82e9e0bdd2d21b8637142a67b,card2card_transfer
9d07bd078c27be22e271f1fdbe04b53a,main_screen
f9cfda4f752c120438cc8295267cd8a8,main_screen
ce7a183c17568c408aef929f84de16dc,statement
b0dd8543cbf85a71c6b788ea5481e9c2,statement
11dba73e8457015fbbb334e3f227da59,credit_info
4e8bf4396981e5fbb75488745362557c,main_screen
38424c68e94fcc38b85baf73ecbec44e,main_screen
9c808a6e5689410bec3a1641ec31f152,phone_money_transfer
5568d52ffb5bf4f267eae3020b1c4e55,chat
1328cac36d7c43c73634c9cf23aeaf33,main_screen
2076afc5e046838698025e639fc52ca4,main_screen
cfc973bdda7538e21b669a9145cacd7c,main_screen
f8856c24646451bd77da77bd5e67eae2,chat
e4f0a49b53c67adb557bcbe7d9ca0d80,main_screen
db350dd03a243576938bda0a1c866881,statement
9560ba686b9cd71ae73cd256b89915b4,chat
faa08ffc499fb381e9ae7138d48799b0,card_recharge
0f617aac78d7fc55f567115d7207c27f,statement
b86aa30cfea78f7562287996530853db,phone_money_transfer
9a4130d2deac8a6f93d6b717f7dd7a77,main_screen
04470d1e45fcd799f46b80494ef0150e,credit_info
23c22283a9482155554bcbb58ca26702,main_screen
6fc022be54d181ac66b50866fbfe1b5a,own_transfer
d3587c12f5fd6e20ddbcc3b423e8a07f,main_screen
c1d266d7d7824e3826d1cf2c689dceb0,main_screen
374471301faad67c4964d49dbc83ed60,statement
346ba8011af792094fe085c965de9822,main_screen
074fccd2dbe9b01175062cd58ddfdd09,main_screen
84da94359d158d3228dfcd8d5320b1f2,credit_info
95b47ded9d254294f69107c909e481bb,statement
e99604c6cfabb6f2d9f0c1f69724961b,main_screen
ba0d4e0c9a3491c081cfd139651f4bfc,main_screen
e9bc510eaf737ac7379ee71e52f1a03a,statement
73190d0b790a9fba6bb34089d51644dc,main_screen
1a76aa8a76aadc0deb96f588eb7d3903,statement
b1a78a82b4894639cf123065b7fe1378,chat
ca317508553ca10e4f9c2563690bef44,main_screen
d2ad5cf59e16b512695ca2d615be3957,credit_info
69dd713d815a6c0159d505f3715ba81f,main_screen
145411635f8a7fdfd229b4b84f91deff,phone_money_transfer
1fa5a63f308f67bb516e19c9d5167ea4,chat
3441a5c2c007fc554d4d700907b5e054,main_screen
6e7720c700f46c8bf020a793674abfa3,main_screen
3d6bf65cfb52fed69388d6e8d868c285,mobile_recharge
44bcab092996d2307f6adc869a658976,main_screen
9cd57f04f7ff9f2d294867e1bc3c81c9,own_transfer
d62cf06209982acbe6c77ea9d9d3331d,main_screen
3a29c3c97ba14879b4b97dfb1594e81a,main_screen
3d1c4763359a65b4a94f9fbffeab96d4,main_screen
03c78df2b59c6a84ebca740c02d1099d,main_screen
fbf42747d10a15b6a7ec2892b3c13b24,main_screen
f74e66d9c2c9b75e6695c688b3bfaa09,main_screen
2ce6e1c18fde6ee9fad9d4c886e72229,chat
a6e3dd527f41e2ed783f398361f8e8b6,phone_money_transfer
0234ceef9da554e8ae8b56f5d7fba3b5,phone_money_transfer
1300696b0e62b56d3356cd311ead0bb7,main_screen
96bbecbd98b6fa5642a5cdb4204417de,main_screen
ac1b642b6c78af1bf0588a4762ecdd60,main_screen
8a146ae7bc21d8a9e51c955f99335fa9,main_screen
1d34bb63604f5c63d4f6e419b51b8b81,credit_info
f6efef93a9d2e9d386ddbaa5a360cdf5,invest
2faba8286d87385eee22bd8f091257a3,credit_info
aa124b76818ed43adec3ff8669b22037,main_screen
e1b6b357018f4d42151e2172968fc461,main_screen
2bc26c1f78e93f4a501a458a95f12a4c,main_screen
3231b42d42afa01c3adf5204bb02d949,statement
c24ceb31d05d2b28a127e65a0745e5b3,main_screen
1bbbbfaa38524fbf70b30dd686ae450b,main_screen
53788b4b5ac37675bcfa4e446347ba26,main_screen
8507a204b57332621155d909d98cad61,card_recharge
e03e82978ae0f3be7014be14c6094ca3,main_screen
b6a7933d92577591cbf0eed119a1531f,main_screen
3699335279b760d55cb739cc7dd01f95,main_screen
8580d8e2c4bd5de51575130f42a4e4e2,main_screen
4965bbe676b4a012837f359e311fc832,statement
f23c1cabca171019b8933201b3859882,main_screen
46c3f3df4b5ee9e4593bb1bdd4f99c45,mobile_recharge
07e68a0d25510677d748887e0e1b4763,phone_money_transfer
ca906a0184215a58445e7d4fc615590d,main_screen
48885de0bec4c7ec51c7da39c11c6b0c,own_transfer
b84f66dc9636bb32168cf8b9e5b34a3c,mobile_recharge
32000a9336b54bb7fe954e80fbbddaf2,statement
2fe3d3a793a8369489363f6fb082e805,main_screen
1694388d69c3b8dba5887acb873fbc7a,statement
c64f7b527ff81c24c0af545a5ecdbfa3,mobile_recharge
8d607052b99a648996fe799b746a2818,statement
632d18202cbb5c84ca0d92be88ee4c7f,main_screen
7ab601beaa0edc9f1539dab247c26c6d,chat
dc36952c314a6a76a042750d7322f607,own_transfer
f9193e9e29c354b0f1e5f97d455b80c9,credit_info
eacf45e4d3aac9b64690ee6f862aba85,credit_info
a316004850f5c79de30e2596c0b33d99,credit_info
e11e372ba1e35725959cd655cd2bbab6,card2card_transfer
e26d1b2a3a3cef15ffd9d2b46a6ef61f,statement
210acfe62e5a20d681fd8cdfc8640c5e,main_screen
9824ee132c31fdbed054eb8ec0612053,chat
baeace0f63dba970efaac57fa74f4069,main_screen
488088a06df4123a64c12155d7da915e,statement
273839e6582d0b7fcd6fe9fb394841b9,main_screen
97e815b06f56e64daa1c33e1a81d3b38,main_screen
bc23f0a334b138faba6eef56a8274bbc,main_screen
3d251d6193b011decbd207bf2e546f17,own_transfer
caa0d1a276b0405320d0efeec377d1f2,main_screen
53899f80e0bfb3452c12f579b88408e9,chat
ce53d3fe4149cb820af387b96153f82f,card2card_transfer
e615cbc0eeca594b14c1546dd7b9590c,statement
505d468cc920a00d20b5611b014ea716,card_recharge
be996964c0995c4ef9231dd87eb32cf6,main_screen
0566316bb83f29ff9241d7a272721ea3,credit_info
643a17ebc6d3294cd2d16edc050b937a,main_screen
14909e3244ecd63e0b01b89eb9a8d9ba,main_screen
493b7203b7c8e37d9acaece2a6e64fc5,credit_info
7c38141b0d9129864f2b787ef3157b1d,own_transfer
0f023d04c276bc0dff6c54f277db55b0,own_transfer
dd6b3e2b2ad78710a2cf550d6dc64362,main_screen
55ad2305d9638a7e52caff5074d0b765,main_screen
982fb5680e298190f04d7b82bca5a226,card_recharge
8e78243bd04a768b924b5c24b7154856,statement
9e3d8396da3bc9afcb661d4319e42c3c,main_screen
ed120186806e083fb61778c6ec5287a9,main_screen
4348ffa56fdffc02c7c7ac734fd11a41,own_transfer
3114d75c1413d2ba7bedcf8d39392d5f,phone_money_transfer
16af3b88a0973bb6f7be549de5e8da38,main_screen
bc0ca04cf256a123774baf94336e0ac1,statement
a060c0c26ffbb5d9349bf55e4dce93f6,card2card_transfer
249b7131227bd38c53e723d56e09f32f,main_screen
be6b458fc07ad21b6ad52c72fd5d5ffa,main_screen
f5c42ac5d01e7218ef6a22e29878e901,mobile_recharge
a507ef846c3c496c9c1030819f02a57e,main_screen
27ec2044746b2621b52d60ab93b8fc94,main_screen
500c80aea2ead9d40978256f8cd829e1,main_screen
20aac21134e8d2887f9c9acbe7257efd,main_screen
845fba6d492296b2a9c13b1f7d907f5d,main_screen
be312d4f15524cf02316a0196403eccd,credit_info
e17221fcf533ed283686c3ccb9b2b3fa,chat
594cd5452476b672083e4584565c9003,main_screen
1c18acf7631f6681980d2e57a00cac16,card_recharge
c98349718ca53f926b281af0b680d849,main_screen
4433e353501682052dce09eca5a6994c,main_screen
874c9135825347afe86f451e7c48d273,main_screen
e9d7c164467055927b930ac32ac36f3a,main_screen
3ef2db7d36fdc5390a65b40c54de8d29,main_screen
7bbd5124ba4dee7e6838dd52f7150f7e,main_screen
ee829c9e5ab6718c1fc88e33022a05b9,statement
75b3988e349e7b11a22ce590caf8403b,own_transfer
2cf6b3bbdcb8fa9c8e3448f955cba26d,card2card_transfer
f2ff660d726cbb560910203df8c81e2d,main_screen
9c94953b7af2a6dc0258ca958a1264c6,main_screen
0f171edf2d5c47d1c78d24b18b4a3423,main_screen
53713fb16b94e02b40875a3dc3835524,main_screen
eba407e78b9b123a9c1e1a5c57b85af3,main_screen
3136a592fdeeed42baafc66710f94259,main_screen
9eaeb3e788fa317229f655b91c013ef3,chat
18765bd1452c1675a421f6d4befe3f67,statement
6bc09c94c484fb827e4f55a2c5478208,main_screen
581a51dde1109629396cd6e8443b44b0,credit_info
2b9d791745879ce432a957adf282b425,card2card_transfer
87857dbdf41a8d3a7841b781416e104d,card2card_transfer
012567d0cfb94f4a3ff62f6043970e4d,main_screen
07a95e64893833f8f2bc073c34747934,credit_info
2275997883f913645c4eda21c335b30e,card2card_transfer
4112f3ffb6c722bd01a2188a86a1495f,credit_info
64675ca3b6228fa624425da064ed8115,main_screen
fc06231e61caff58f51372d4d2ede51d,main_screen
204b8dd751dd7e87a8ac204f270371e1,main_screen
8cc0adeaf69c9e4efe66e78fdb8d965a,chat
6e26cdb284d62f3a7d686fa446c09fa5,statement
250a3771032c088dfb5a5e78c8119cbf,credit_info
1abcb7d30d52db13cb05d67211d37f2d,main_screen
dd7fb844dfeb5dbe70607d71b974da14,credit_info
b28718c7315b0835c14d002977ce55f1,own_transfer
5307d50431a741ad4e1fc9940a4e91d9,main_screen
95b2df0141476d30d7b8df06282215fe,statement
6b39d4b96a5b982a757ff940777df83e,card_recharge
e89fd2c43d2d521933ec9fef32df08de,statement
410697a872cdc2e646b18fd6d7e3284f,main_screen
243ef359323e9153031ad6f5e0b7bc85,statement
1e3ab2e937e0050b0ec1cd816cc7b71b,statement
9bb1d142ffc46b10e440428486eddc5f,main_screen
863bb88fd4dea966898d1e38b12f5efd,main_screen
ffa3aae540cc9703fdfd5e360fd5639c,main_screen
37ba4daa2c2d54a341bd8e97176234a4,invest
d119eae201c3f0ee6b0af10fb7ed9d0f,own_transfer
1522e016430a1b7d4875a584b9c41d0e,card2card_transfer
74c3136430da229fe2704139b47e05ab,main_screen
fbd07163f340fb30a0662965b33766cb,credit_info
cf270834af9b959486d31a0db7033ef8,main_screen
f0d035305714545c38f238fb60df15ad,credit_info
f8143356c13e67dc9facf7613b029c8c,credit_info
ad602c67993f5054a7a090389764442a,main_screen
c823fe6295b82abc846808daab3857cb,credit_info
06754bd9b965eb31f2ca594fd7c8259e,main_screen
6ff7205113c205d2475282068586f338,statement
2a30319f2964f6f762b02b5e3853ac56,main_screen
334a5b3d00d609ef7b587fb543726652,main_screen
37da9032c81f0f58aea291eda377e483,main_screen
a4f63e687618aaa3407a5c14103aabda,main_screen
c875c5b3a41512e42de7421f2f51e433,main_screen
8c0303cac19d1c000061cb4e078704b0,credit_info
b3497fc87ea92a7e862e2b10d27ea97d,chat
8c9ba5a196ca4295358ecbeee687bf97,main_screen
0e6bf96a479acc176b36bbde676ab0b3,card_recharge
2ec2d8d0c7eeb6e85b386dcf246997fd,statement
97a03f8c5169b354480cc6b5dbf8a9ec,main_screen
4015761701a8ce64153469ea53fb1e88,statement
d7038fa21ec6b7b87b45b71610926564,main_screen
8a98fe80dc34f446f6dac81b1cafef34,main_screen
4f1c9857b3f09e3daab4fa27aee337d0,card2card_transfer
ac3aa4ab723bfd3cb81b2861671138bb,main_screen
275d471a95a0370afad8cc34766a75d1,credit_info
53a5393a3590ad209e06b9729ddf74c1,main_screen
8d8678008e3c2b358c937e45ae26ad8b,card2card_transfer
91a17cd8172100f950c0e296b2bc5834,own_transfer
c895aad28fb79406965ba21d25d699a9,main_screen
21a0a10c3e001a7ded4285d0a3ec6c8b,main_screen
f5109da57bb8905d0e1eedf3b886a2ee,main_screen
3d8dc6c50486137d38e755e9b4e279b0,statement
64af4ca29abe41ce2eaed206b6361f02,main_screen
92fbe311638712f3410fb500a56a4113,main_screen
f305ff3e6406a61128ece9803f6f727c,main_screen
23047f1e935f084b0e621835dd1fc58c,main_screen
0fc69ec2bdac5a2f46aaabaefcf0115e,main_screen
9bb578dc497fcbde21c3164ac248a473,chat
3ca52a670d6f3935bcf2cd5d8cc304d3,own_transfer
4c16bb1edf41c5ad5f2809d777324bca,credit_info
893381d1ca289d5f05e5fd6845b71b0e,credit_info
04fd298a06830abab9f7e7ebd7b43cfc,mobile_recharge
dbee19e6b7f295d61fc4d8fa53e8b594,main_screen
e77214ee784e428012f9ec4df6deb1c1,main_screen
dc135f600f16cb3dd4faa240adedf541,main_screen
9998df5fee23077ece5d72322f0eb788,statement
f55c2d07c486063b0192b56363f9157f,main_screen
dfba99eeb941713a85caa54d87a876b7,main_screen
1155f0ec5d1c683d1212a1e51022d7c6,chat
01802a81ab2e662bd8dd1c684497370b,chat
a807ae4decc72a3ab0f2454911e8ea9d,main_screen
5cbf4bb34b4705d3a1f49b8000c68ba6,main_screen
8fef7144271b2c973d720ee93951bfde,card_recharge
425f91c962f330fbe2fbd494272045ac,credit_info
fda7ca939b119e8d0349f43dd39ef34e,statement
06acbe202464c98a1c8f4272e6742e46,main_screen
b307abdf1a4134fd04b5305c4ab04162,credit_info
17d1236b4476004af9a4594fec224328,main_screen
924a935c67a8af6552e43234bb7332b2,credit_info
8d28bec68bf477070777b241a1a76886,main_screen
943665229fc4e6b23c0238e7484b39dc,main_screen
972018f9fc30c4ef71fd5dcf00b6eae8,credit_info
b3ff56a6949c13853aa934ea95b04dbe,main_screen
a9e4dccba8b41c07fc5413af5d339a11,main_screen
876948898ef6ebefd43c1493bf92b90a,chat
2a9c173cb3bdbcdb75b097b7d704f9ca,own_transfer
d40ea4d288bfa28db1709e23ee2cc3e6,own_transfer
a34dbabf89a98a3f56e598b8843f2250,main_screen
612213df71902eb3543331fa3a372fc4,main_screen
56841d7cc44a842cbf27bfc2648bc845,main_screen
d25cfb12098511ce3317f6a645b8c4c2,chat
7614e13ceb2983b75a096bf695dffad5,main_screen
b752df10eb52fd51447bb7ebb8c0a170,statement
34ffc3570066cff3304a40458f0d78ec,main_screen
938218392290eeb9dbf70cfdfce9f8a7,own_transfer
92c76d7030a6543849a4f7aa94855fef,credit_info
4eb678b821ba1770a1d12e886e2081bf,card_recharge
f24d56079d0c67ed5eb26db3604c0cab,main_screen
365b3f4edf0da32137ad359ca9944cac,main_screen
a19b4c00895f1deffdfea5dbd73f6763,card_recharge
ebd37037fe11836e4f949192fd999f12,main_screen
e90d03ee9e09768e6a00fef0f84578a3,statement
8a66bd8b2072a037352ccbe30054d5b6,chat
eb4991b0fe2b77afa4201ee7917f8478,main_screen
6c12b6708c0d4f538c64292c37c73525,main_screen
409af57b6902f705865bcbb707343057,main_screen
5f6c9baa3031e07460ecdf635a38d035,main_screen
5f7d699380b2680c99cfac61c9893017,main_screen
ee27f1612aaa2846a34242146afb5644,main_screen
40ca17bfc221f8a4dce072021897ede3,card_recharge
e991b5d1aaf3e957557455da51871c41,statement
1eb2d478bedeb21b0806a1b6d3738bc0,statement
28074275fd0cb662e2df2b39aaf23e3b,main_screen
f23657ca5120e39782571314ec954543,main_screen
c901c1fcdabbbea787c198f588be00f3,main_screen
e27e42e2c7ac4a5569136b6e02efb8af,card2card_transfer
bda33f25840d9bbe60c692ddfb72aff5,own_transfer
a0c014cfcc9190505e660f35730fdc6a,main_screen
e4162171381d8d0b8ce7b49c79c760ac,mobile_recharge
d36f9d632efb5fcb3612d55c2840caa2,card_recharge
55c70db88b6c520e35932918be42b7d2,main_screen
71f2f35fdba1d671bb2170c50e2fc97c,main_screen
7ebe913d2a7dae38e46f153a74b0eb7c,own_transfer
3b00bf7f5f889233dcaf7ab566d58b0e,phone_money_transfer
728fbed08a18f55bcbaa6f6f10b05492,main_screen
662b1f4b034afb270d9401b3a3161288,phone_money_transfer
445c5038bab62cb39742c5b2828e3de5,own_transfer
a59f788f5c622b22052632b28392b00c,main_screen
4409a76578d3b7b651bc1fbb93938f73,card2card_transfer
d1c8e638ff1d1e7c90e6e2b2aa57b264,main_screen
d46c021a9004e796fc637453f3f10bc0,main_screen
eb224f61413bafc26cc23b500ea628e9,own_transfer
11f9c03c481b388ad54f8f2ba936186c,main_screen
41ce3a87a4bf97d86b936d486ffbe455,main_screen
0a048c30cf19d975567c8fa114ed9f73,statement
609b0ba343caa24b9cb0f0fc584b1585,card_recharge
95727452a3e78323d53498701796b296,statement
1f53a55eee23530cb1a5f16c80b9f4de,card_recharge
7cbed563026637881044cf54368863ba,main_screen
a169002558ed3d171e91d7f966a3359e,main_screen
d2bb8cfbb2ca5423f46108f1cd1cf4cd,main_screen
6c6f25a7ea228717b0ff8802c417c381,main_screen
56c4c96252765c4f13e99f1f9eb54bd2,credit_info
117ad62cab9648c62d45e179bbe543a8,statement
8a5e0641d9051702d028e7f30fc0c475,main_screen
da68ea24ebafe55bc859aa5871eb0c0e,card_recharge
e26ad6cd09e5dc209eb7c87306c69040,credit_info
50af33ff2e0add66cc6efc3c4318c759,main_screen
f2feae76a014c7302e81e3ae6d44cf8f,main_screen
507afe9558ce5b761ebd68f66cd681a5,main_screen
d7eee87e99521fb42818756f1e55fcc5,main_screen
316b34ea70e95425eb5caa948d7fb18e,statement
91572f9626c9afdb5bae604989834eee,main_screen
41a272cd1e474acbdfd259fd5fb60024,main_screen
e270e0e9578cd7ccae17c4b71778f99f,phone_money_transfer
8ee646460e48d98906f586ae5bf3a189,invest
a5e3930c9c40856552686994b043ea10,main_screen
4a0470f8e82dc23a9bc5d4c41d441299,main_screen
0cb6cdac676afe906f62c34f84aa9d7a,credit_info
e72cb3894cbb8c390d3b6635e1ebe159,statement
c4e2571c334bdcfce3307ecdc46f1b5c,phone_money_transfer
4207112a377d801bfa6a612e9aaac722,main_screen
a7d58c7d9200fd5ef7b69d716ad5ed6f,main_screen
270567253ce5c3a5987e633970a7cefe,main_screen
a41ec5e32be3cd32aa018aa0a8c6adf6,credit_info
4a6588d69aeaddf0b7edf27edceba971,main_screen
1cec5ddb835146cdba6b2d4078931821,statement
76f3fc3b10dddf32769c9acc9b5f16bc,main_screen
c03c26e8afddefd86b5d15fd077ecd9a,credit_info
fe142eb8ac8bd60f08d10ad67e441cec,statement
02caa65afe6032c753adca62f0b22ba5,mobile_recharge
09dd0b9cfa85008d9d4ebb8e5d2c7301,main_screen
a0bf0fc617df8bc12b6643c270f3b087,main_screen
a5d97e372fb6fc232145ee8431ab6922,main_screen
0cfab2a37ccb8fa2c2d10d6a6f52c108,main_screen
199971cd29bca2ac719d7d79f236300b,statement
ae6a995f7022228bf3bf6bb99a8bf7ac,main_screen
3deb5dfada3b88553cd4c2f38cfee29b,main_screen
b1f82e7e233e67e60154db2d488247a9,main_screen
e9f35872918ecf044f2036f189655ce5,chat
b60f976df8999cda90b2b7d723b6e516,main_screen
da6d73103f40f4bf6cb6fd359ad59280,main_screen
ac84b2bca9116232c0e13af90abf47db,main_screen
9c736820d63bd94e50f6ac88f3ae8a42,card_recharge
c9ebd40d5d55221276caa06f9dea779d,statement
2fd25484bdb15c7fb2e5dd9b43ff368d,main_screen
a4a87d5e1460391c2ef9515f1915317f,own_transfer
525730d06c8e0fb099be99fe4cb0b0ea,card_recharge
ab708be79ed8ec806257b458464bf47c,credit_info
5bb7444b4089206e37a269a24f927bd7,credit_info
9bde0bbed26d1e40f52b367ef4a073d2,card_recharge
aab33dbb3f01d6f50e33c577db3936bb,credit_info
c1dadb492a9e61363405414b487931f2,main_screen
102548de83d6472b6b2ae5baab106c86,main_screen
34967aba739b4f7f298ea7b77e041562,mobile_recharge
a5be5c7a87e8e27183fad1cff4f10daa,statement
c1d7249608ae6c92c1f534775488982b,credit_info
9a3190b8ee0fc59f1924e36d9ffa6c02,credit_info
ed835b7a10588c0c948330731304cada,main_screen
ff175330dc48cdef5799eea7d99c2f7b,chat
ce628e5ea816fee6d9c2bf651afb407e,card2card_transfer
616c064cf9a677621beaf26bcf2fe1d4,main_screen
ef51a225fa235242e0a4417e7f5692ea,main_screen
fe3baa3ef66df5ac8b350d463364764b,statement
8030f79f3ec2388234d1c54ae0394a20,card2card_transfer
211710352fcf7d9a38b40b11fc2fd5ae,main_screen
155158a0efd747d9f471da4037c49058,main_screen
f225cb0e72d0e581f7ef1d086daf10f2,card2card_transfer
4f0aba84b9f057fa86c3bc6ad3e9b120,main_screen
99d73dbbe10f1350712fe7587c1c8acf,main_screen
01c569c77afec245908b8d6442c5ace5,main_screen
36b9324bac82ce92afe41c542d8a7eae,statement
dcf85d08bd9c088b7961e8313f5ca2db,main_screen
22c33f076e1cb893d2a5f57e705b0879,main_screen
d38e7c044035df3579c733d8a85210c7,chat
3bf7c89cd7209c5971bd2f15a73588b9,main_screen
257ef6cd7ec7deb4b76d9719a05364e4,main_screen
02d335f77c76bac7295a49e020ce367d,main_screen
5fa85ee25efe8b0065350a1df227316f,credit_info
fe139a7324f6d00b817775e6192e4649,own_transfer
c009772fb70faa767948b2b228766b52,main_screen
42153829ac63da07888ba8881dbfffc2,statement
47c33214a767ba70b4ce5c91273d3b85,main_screen
b51241f43da81cb436268d94c015ad8c,main_screen
3ef92204fe0d8a0b4defa2d0bec7efa7,main_screen
45cbac09bbdc287c251b5689fa5ba216,own_transfer
cd16098c5918fae86c10f494339582f9,main_screen
04a556285575d7ec4ff8cfa25376196d,main_screen
faadfd6e9cc8b240288ba7d17a19e4a4,statement
4eafe7ef4ff0afa6a663a05b74b17d1b,card2card_transfer
aa56ff8225a4ed407b5983f688402fdd,statement
38ddd8c8f2716b7b7dba598b6473cbc2,credit_info
40751b1193fb0646b3cfdb7edf1c425f,mobile_recharge
0661625ae4f24dfb9af9de41bbe5319b,main_screen
835f35fad04a606bd6c1f78a5fcb5d46,main_screen
fcb63fcda5469b4c9dfa7e59b034c78c,chat
bf13246ab839f1251e69b3d30fe18837,statement
b737032956c976646787560c95640d82,credit_info
0fb0cb4f2148b4d46ecdd50f59828d4b,card_recharge
ef4c4ab3a856e2fc0bb2f5dfa2f4e21c,chat
b70a400d876cf956229f662e36926e87,main_screen
e5f60e73bc4f649d90eaa8a56f8ec8ce,chat
9490b67e97e4d8586b890b29749cf061,card2card_transfer
59ea35dfa1b48b94a7354996851d0652,chat
73c12811821011fbeb029027d3686fe7,main_screen
d2bf9e760479c47e5a3bc3f78db29455,main_screen
941f1c3903ec6b1d8ed695798748bafc,statement
21a12d42b2062a5096cdd85b425075da,chat
e73eee778820cc2c73ad33164ff164f1,main_screen
d0157b3fe6296f19e5a5cc9e8f15b789,main_screen
58fa6395f88538f8b7097d793398d71f,phone_money_transfer
18936781b4dcd3f72a5d59da001e0209,main_screen
053917a1d3ed7520513bfd0ef773785e,main_screen
c501644942fbcae1be5704b0975abcc2,statement
479c90d458bfd114cfff254e2bd50476,main_screen
aa21ac4d33b1bd913f2993946ed07c49,main_screen
7d3b9aa0367f8fc40dd6f22e5faddcb9,card_recharge
0522e774d72f63c9de423306cfd2068d,statement
68555b22b2437d818fecb15f04c4f269,credit_info
b3c6bb92940df5d01210bb5c511bd65f,credit_info
a8c2d1fe8f38ebdcea6bb4b16865bd5f,main_screen
b89901a53f7f9ab551a3d7ef2b97bcfa,main_screen
ed03b6b319dc90ce320bd3973ccf152f,main_screen
52d303cfd84ef9889e2d32ec380f7b18,main_screen
69ac23a4f9bd715861fe9042b67401f9,main_screen
453d75c5051ddd1400059bf7db9ca748,credit_info
c4aa2a79c1ac3537fb5b045c038bc321,credit_info
fb20b79056d4bb13caa5805d3e9c4cac,main_screen
d5276d71769ed5dfb664c85f14e8ba6b,main_screen
dc33e5c0cfa24aca300a862cec274936,phone_money_transfer
44ca1f80cd597c2cbff53171dfb90a3d,main_screen
d354ea0e0b5e538bbb314e666262d113,main_screen
39d513e0f6129bfca40fb48b53a1b093,main_screen
df1c6c8574ed575dae997cf44432ace2,credit_info
13e815c839696c377a99e10b6754b363,statement
1e10a410e6e052914a13ae4ef515aa8a,statement
4ab02b209b8501036f3458a335b82e56,main_screen
10c6be026bb3c0410de5bc59d6320943,main_screen
1548bd0fcaf80f487de0a2da35b00e10,statement
1752754872a7fd746c84c9e962947b16,statement
c4c6207cd1579fc01a5e40d529a5ac8d,main_screen
dfe143785ef5ebd54ebae8b28e4cfafa,main_screen
0d55a07670409bac773b5109bec4d5b0,main_screen
bd91a526e095b4308da7ca9a0df2ef9d,main_screen
b274d5d9536e8be3a9b0716d84a4d586,phone_money_transfer
db87961fcdf251dd623f3081792f0ff0,main_screen
d6fb5f60f86ce5fce20d261c8e429757,statement
687158357d88d8c45ac63d0e89e09eac,main_screen
1dccc3c54a5eefdc639a35e91b0b9848,mobile_recharge
56c0abe99e49ef2328fccf3c94911334,credit_info
df1d25d8f90c3c91fbc8788612006fd0,statement
989c193535d329a90db8d2ba44532f40,statement
06b07fc8eae45cacbea21b5ed3bb7d8b,chat
1a484c6c567e8f5e5ebabf048160c6c5,main_screen
72d6e27a38268ac61ad725047d5063de,main_screen
eff5f78118d4efb771b4e010b0556959,mobile_recharge
d87178bd0acda62941c04f933fad8be9,credit_info
1e0ef327a5714b4e248057922f150965,main_screen
0f0ec61390e5412bdd3e5f36b6b77274,main_screen
84479c90cba4021bdfdbe60650fe9ba0,mobile_recharge
a233f31dbb673577edd036471535d120,main_screen
44de1c31ae0c8b47f49d174fee192020,main_screen
d71e5a1b23f91d9f70981828645e8cdd,main_screen
6098bcb493606e052700d00f0e5e8abe,main_screen
28cf204cc1b349cdf47ebbb35dc6755b,main_screen
5838f1f206cd0f9ccd340d11404a4a54,statement
b64175716fd81a1e9381b704911a0abb,card_recharge
4a9765410f7314dd97d22beec4ce0aab,main_screen
1e9d46967761ed78636de0d2fb82c151,main_screen
d5d5439e033a5b3f68868761876da2b2,main_screen
75d82a9d216da803a31c82d2c27aead4,credit_info
5a9a844bc3265b83d1d07dc4088e2e1f,main_screen
46688a18fd5622a509953710c147a86d,statement
be95c31b9a22a952ad5f63746040391e,main_screen
917fcaba7a5f4ffa915edb19597fad74,main_screen
2d016519d85bfc73578a6c7eb369f17e,main_screen
05bc675c784349f0c0734bb026b7b675,credit_info
14d877dacee7220f9fb746e2fa190b0e,main_screen
4cee4955d256e728fca46a44e6e984e0,credit_info
ada8c48d0697d39ac3a7fddf9435bd0f,main_screen
a2c1c599551ec4398a28a6d203a8200d,chat
58e6b87dfe3998e0ae5e52f18e666c59,card_recharge
19c41a0924d18bad74947619dab2f289,main_screen
9515991688e35bdcabfbf52e1cafeeba,credit_info
79e90b9df3f780af1efe17033b70d730,main_screen
d7e5312383aba852d26ced460a0e4580,credit_info
b09f9a5e3526d966bab45b4b4d4a7331,credit_info
210ece8e2e86ff48f1c94dc9563d31ee,statement
571a015936d6a439c47e4415aef9cbe0,statement
6f6726c1be2ca03eef3e80b9f99261f4,main_screen
9429c6755746007b755dac0be363e5a2,main_screen
372df42f773077c76829318213b3b5f9,main_screen
fae497ed2ebf5e852ec4c0ecf5a88945,statement
4930362a314341b8554da8b9b0c14075,main_screen
68cdae143d890559ec35c3c0139983b7,own_transfer
07cebdf65cee508bf211d296bd5be2de,main_screen
7b58209a7f9fff61c61c6398c60779d9,main_screen
3dc5b4fbd51990dd680192431a33921a,card_recharge
d321c43464c0f06ff560de843a25202e,main_screen
70575f4fb158bb16e755ab2fc375d5b8,main_screen
93ac3562782b5cff4b19a4afd9d3e3a1,main_screen
92141570696ac6dde3f54b5c916a0e50,main_screen
21730a14e54926979842522f3f54f242,main_screen
e30a4315c44450c1b707bd1e666ac013,main_screen
da913dcf26679bc0a9d911cf4dc0c7f8,main_screen
fbea03f69b008de519a14add8e5d04fa,card2card_transfer
8c7db82d3e206facb6357fb8c022f8ca,main_screen
8aac8646acd996d39927269705c77f29,main_screen
a437676804db51335bfc3ca90ab349bd,statement
6f108405cd4611291d4a50cd12b93a61,main_screen
718c40d94aefd2924e18c44bb3c75cda,statement
2f4153a8993a12d373eb92151c1c909c,statement
3813a67984afd018261dc68606dc78cc,statement
5f60e55ea56955b0d98b6aeefd3f35af,main_screen
b3abc8cbc9d78ef702ad180a290a5c53,main_screen
116b6191f6292ba9cc8c25bb2bda72ad,statement
0af1856a6622691a31fd35a8c900f89f,statement
3d2cdfc5ab7f063c64b26c6dcffcc1ce,main_screen
6cffdcd880af7a43d8efd85e23402686,main_screen
86da763579aa8f54255b58e148eb0f4f,main_screen
5ae06a20832c000a31b68fb1d49e7d38,own_transfer
691a94b49262f6b589bc5bbffe394f7d,main_screen
bdb2192526187d34c6c921618690a2a9,main_screen
835ffc3384beb51cfda34683cf41aef4,invest
857ed222c98e09206a716569c261d94c,credit_info
13386038c03c2105919fb07db2be16b7,main_screen
0af30c080b4b194132cf5216d2e3ffb8,main_screen
6806f5414dbed6ba7225dcbe5e4dab39,card2card_transfer
e3d78f7ac3b28570a80e34b9eb99c4d4,main_screen
a794004062a80cc2d2cd54b13849e33f,main_screen
112235498f26c58b2d0c68956d4ead7c,main_screen
e76cecd28853f64c6a38f9106d07e7ba,card_recharge
aac54eb827c724506c28915e22bf8b24,mobile_recharge
802decfffd4e7df36932582634cf2a26,credit_info
3f34d2caade5f0da6a630668abf22afb,main_screen
0fe3dcfff6da26f85ead7a695c42de3e,statement
b825591de7223efba10e243f05a8aa18,statement
35d3637067d82f7a69fecdb124c6adbd,main_screen
fc35383d8c1584ab24670b4b5499806e,main_screen
90b8bd19024b168b5acf7a50671e681a,credit_info
f32179ebc3083c309780a775507d37f1,main_screen
a1ac8c108094f794ab27e997886b9af3,main_screen
53361bb4d41a46fe8c5eea65e7a79d7d,card2card_transfer
e20230f3293f97a1ba50244760627f76,credit_info
a03a246a55184dcae5323986b5c9cede,main_screen
d42d1b9ea9f9b8658780936d26c4400d,credit_info
0e1eba57792c492a72d1419a4196d16f,main_screen
abfc4a63d2aa25a6d38ba233d96630fc,phone_money_transfer
5427e7e9deb32569b8f3594a9a19bf23,statement
fa8411e031eaf9b7301974c03e6636c6,main_screen
e2830f0b913b1a35da13fee73c3f7fff,main_screen
ce16d36cba8b531009247956e2933a3e,main_screen
a593341552e5960afd46f2bd2c1ec012,statement
f8289541f48bf94a923c9198df7e1e14,invest
0b8bdbc892bdb1a66d3580078fc53894,phone_money_transfer
bff435c52533f2da1f9d4d1e88121f4d,main_screen
d9a645f6ed5053b1c04b74387ef08383,main_screen
e455f54f5b403fad75bf6dd2f11af2aa,main_screen
cbc31de9778714baaacfcc45af08b674,invest
dff66b926f8fbd5129bcdca50eb53aa4,main_screen
d2d78d3098ef44ac5d29a9e4356636b4,credit_info
6a1de9f670141d20512e881fe46f578c,main_screen
0023abf1472192daa6c92d03c5543fb2,statement
1af490fceb9516c4ff78a1c0821e1134,main_screen
d49ca572683f9ccba5cf710cce6959e6,main_screen
f41735b6a7ef24f9de03e3c7ad044bfc,main_screen
43f298da39a68d205445a66328854e97,chat
95eecbd39f46fc2bb3ed498f3dd48e06,main_screen
05707e05084994ec7ec5829bcc948ff8,own_transfer
997c3c6482246aa6838264f7a0d05e92,main_screen
406dc7ad7f1ab54edc28bb113286fdb9,chat
3c9ac47d8dec8dbffe25d87298d5f2f6,credit_info
b9cb2fab4f990b97432bea1316821f44,statement
0aebc59ac235e0cee91bc0018dc69a12,own_transfer
839bbe02c3f9cf290d613eceaeec8788,card2card_transfer
9fbb775292e1858f5d4da5dfa5db2ef2,main_screen
d6b1bc9785ddd3675f1c7c2e875c220a,credit_info
e4c221eb8ac54565b49e931a53d51825,main_screen
5e374e8e18f5c0ff399b3a3dd06f843d,credit_info
2ca3565a77e0b15023ac717ea8add068,own_transfer
cfa516b88b85bd3b40a1353874fddc13,main_screen
95a480d35de317585a15ab9779cbf54a,credit_info
f2b907e061e44617d4aff9526afadfd6,card2card_transfer
69d616e8239a12a93fa2aa0e3043b347,credit_info
5914ff563f66b4d0f793903198bb8839,card_recharge
099269ddde633555775111cb506da0af,mobile_recharge
18661b6a76a6a15505c34457269d3261,main_screen
4ed4c63d2adf0a22fd7991a7bc15dc21,statement
04400c1f120dae85e56fbdf306d5da3f,main_screen
fb4616368566519388e12b7d88012395,statement
68fdae581aa1d029f559d8f0dfc76c87,statement
3ea66dc87e049ba248794740575477d1,statement
25fdbd2974802edb817179c911072ca3,main_screen
0ef099a6ecbed46a3d6eb9f1a3e49233,main_screen
db1e75e59e1e7fad445ff52646b48eb7,main_screen
bb077d8e7351aa1d3cde7c0251c11446,chat
fd641a41d27d822d78d18e88e3b7a615,main_screen
f44737c90e1176b79139afa8d3a8c344,main_screen
bd8fc2d189ad4c8ca171ddb6c0e2d0dc,main_screen
308359a13f82db1a76613f67a62f8719,main_screen
01653ab4a540b35fb514e833f52d5208,main_screen
643a86d5c47c6e2e47119d27e0174ef9,credit_info
9c63d8541db8d480bf712060002413bf,statement
2d1789bdcb273a1b0e19c75457f5f5dc,statement
511155811710415aaaa0ac6c4eca1cf2,statement
ff05b058a4e91a4fc05e67149b98e36c,card_recharge
cba08273ecf00f7b7f6f36c7f10d6380,main_screen
da28a74d7ec08cc5e818249c8893d165,main_screen
7ec93d4f61b5feebdf5f1f6bd49ff8cb,main_screen
4ab5468760b8802236f7f69074513d98,main_screen
8cc6bf34f8a0fba1830807bcf0f6c10c,main_screen
5cdb451bd483438f9ec670c322344034,statement
8ce5052bae6d5ad32907dec28ee8ab00,main_screen
6a95a479b965e4d8b0ff13b97d380a5a,main_screen
77bc2a4ab0b74d2e6f5150890a67339e,main_screen
2d0c5bcb2174584601269bd0fe34170b,main_screen
01b62586bfd4ff1f2751c28141a44936,statement
fa79fc50916d128afbf84204275e4d2d,main_screen
c4d06d91f2b6f88a6776ea498c9c1cbf,main_screen
d578229ee2897bda177c99c1a8514506,main_screen
8b2a525aaaa5c67fcdc7b5cade1d0511,main_screen
a3e8d4b93a2e45c12e8f0bf410c8e2ab,main_screen
70e4dc14416f268195fbdb6ce17e5c3b,main_screen
1559a295b7db98740adf3e891f9bbcf7,main_screen
bcf9650fe173ee9056f012aa534633e3,credit_info
5b3746975608eebc44139886d08d711f,main_screen
f65bdba8fdf532d1c0dccbc70d7c7250,mobile_recharge
22eb6d09acad7df0e865772e223e95a0,main_screen
5d658ef208bb61540b263cde72e74506,main_screen
f340080f5ffa0cb4dc3b0de40871964a,statement
d1fd07499b04412f2dd45ddb74349aff,credit_info
322cb9cbe2a874e49a0d020ecbd9d79a,card_recharge
7580fb51fa645ed3099d76d3c2f1eb33,credit_info
c13ca07a2b593570dd12a1bea4b5f46b,credit_info
35bc8112348e8dd8f5bb0dce363cc765,main_screen
60569c42fdc0e477f7fced3889befa4b,main_screen
7ce5fe99ec8fdb2913d9d0d055904373,statement
ba3eb6baa7012b959ad0e45a3f875cab,main_screen
785a6455e1d168d846c67b46dfdecf5d,credit_info
005f2695f38e135fd77fa91b9960fad6,main_screen
fda05cdf59006d1aa1f0f97246cefed0,main_screen
a63130e724edbd55c37a34a5d48fe437,card_recharge
136dfc19a9f507c30a105bea8f759665,credit_info
054a369e57436a59cf21a61c1caa40b4,main_screen
34f8a1f7532813f5e59732f068c1903e,main_screen
9e0f50a85fe6057ee6943f8bae54a48f,card_recharge
804123eb03cf348853a272bf0166abb5,main_screen
5377ae369861fd3a2b260307ef89e6bc,main_screen
895f4d912c0e967c794fc15f73e178c5,statement
bc4d0f639bf4859a326b7333ca196dd9,card2card_transfer
ec12592de5f92ba727363e336eb35299,main_screen
7db8da5280394391378ece99edc6d13e,main_screen
ff9f075d6b04e962fab193c48f1884c5,main_screen
9cbac031564f6643363d577b48b0a7ec,main_screen
9d00f466adeebf12bee216549dfc3243,phone_money_transfer
bbecc4f249653d5b3c617ab2d8939f07,main_screen
4ed16dd52ca9b3999a4b35f52ce12047,main_screen
b9dc99efcb3e72bae15500b66907dc5d,chat
e692f2fc81b3530e6d637b9b76bdae38,main_screen
26d9c5a34901bd64dc2cd530a5c596b1,credit_info
25f3dcad993eee3219cd02530a4d42c1,chat
ff92492d992172cb9f7d8876904476c8,main_screen
6727afd35a96afc611168a918881f2af,own_transfer
e02971f854c931c2c2cdb502036e80bf,main_screen
bf56878a6b7b20cce3d3bffd099b9a70,chat
540873fe67b376b80d7696e06cd7d7b5,main_screen
3bf394f5df5bb251ea6fdfeae07f37fd,main_screen
0984f6f09586ed46f52558794964582a,main_screen
266e12fe9f7a6c77917227d4aa909bc3,main_screen
0377c218d9e7f8ee31eeb93ca6520b0d,card_recharge
bf758d41bd2ce2d65445ac589fb81904,own_transfer
45af61c6d7adc30f4e6bdcd46eb430aa,statement
a6a23ad392d446e01e0a301704ea9567,statement
80a819da570cf985a9669e781859564b,own_transfer
2591786d19055cc5571298fc4af6e70d,main_screen
da9d6af37a8c1b0b3531718b0d7d5c1a,main_screen
e2fe4568c364d6452c721a35cd81b3fd,main_screen
ebbfa8ae2de9f5c7c54fede0e7231eea,statement
31f4ee6fc20c1fed807fe8609b6e997e,main_screen
7514f2a6ee2519dc0947d24f7d6df100,main_screen
94964ca7b2507bf59d7cafb29c2123c9,statement
984fb1f1200f61939ffa31bd19f128d0,statement
dd33a26bd71a914ebdf131d16e6df083,statement
1e2a023d3cb0c3d397023a20e087de8a,main_screen
ace999ec9f331ec0b08ac0cdeefc90ad,main_screen
74422a3cd29b66688c2c8e20708f3dc9,statement
e27e3975d048d11dc3d5a5b6738f30dc,statement
624ce05495c709148ceabba162ca9219,main_screen
d64ed7679140cc8f3436c7267b7dcb3b,main_screen
df35a71e47a7576d3c8638203edc9980,credit_info
618c9277334e8486f265690cd6ce5c47,credit_info
4f6e7cfae4d13190da215f7a49134316,credit_info
82f692424599f38b91882564bff9c29e,main_screen
9cc297d5278e8aba17550824b9624d66,card_recharge
d9377735229d4e60573e58cf0586789e,main_screen
d3c97c17cf554614740367320a57cb6b,main_screen
d1d4acc438bb7ba2eff00630187e54e6,main_screen
64b94a6376d7f915918a83fa94ef9c59,statement
251381bd8da7d63a5dc6087f251b552a,main_screen
f3fadea8e57ee87c35a222c60de09bbd,main_screen
c479edb2c22dd0c3e8449d11a34dbe54,main_screen
b65ba30b4ed6ce03580e324ced5bb2b3,statement
7c2aa25f79a7cd7ddb0f796d88712c0f,main_screen
abc5d2de96efc0245d53f07c2e9b9434,statement
e071a73c0279c55a2b9b52f6fb0a0054,main_screen
567f199fab7cc79a578dcf7e9e403cd9,main_screen
00c9a8413f7748d0047cb91e92da40b2,main_screen
53b63621144f5a79a81f6a4008c2502d,own_transfer
cec6d2563a025f2c9f3ccb8e43646e23,card2card_transfer
0eb23222940159af7eb01790cda76f0c,credit_info
93baaaa32e6e9b8bab37b3900b3b9611,card_recharge
56e62a79f83d9552dfd5c777c2b1aa48,main_screen
048a274229125771b28f32663ac3621e,statement
8d3b6021eac0c4d90a37126167f4adef,main_screen
0ff1571bb31d4f6a704e5abd1524b64b,statement
279c1517451081161ae28bb6acdf559a,main_screen
67d1f0a509e6b42770538475824e6f06,main_screen
b335909508c76b1c4a7a6d14d74f9bc3,main_screen
b663f1f1d425af95eed0a006cad309b8,mobile_recharge
2b08d6ee08e457091ecd391f8e9c23f1,statement
131e38efc6099302786026aa978daa6a,main_screen
e15f7fc885d849cc4dfcdc902fe77a4b,main_screen
31f2536c26c7617f9cbdba8fce92fa6b,main_screen
83f035248c99a8462bbf6093bb1b9a72,credit_info
6dc4b44383d8708a4c744aa44559ab16,card_recharge
c4fe9c6161f746c149fa34b13df306a8,main_screen
7b55f684a4840cb9b41abf0c711877fb,main_screen
0a91313d795122acd99d19a88916e932,main_screen
b314c95124fde99fd4c5eabcb950b0c5,card_recharge
e9c0168377c41ab3a20a88add1389962,main_screen
caaa48a626f176375023e12f96dee3f9,main_screen
47f07f8791611123ab24acd39f81856a,phone_money_transfer
5e669d2d317676d1c60267e03c91224a,main_screen
05b716d9829c32c6a1a79f94cd50717d,main_screen
cb927cf0b3f21e1a3055b8813582ec6c,main_screen
604ae114ae19910d2a856e846266b89d,main_screen
dd50a00f50f2fc4d808c27c978aeadf9,statement
b0f31c739be29dafbd3cd5c2d1106040,main_screen
ac4f54dd7890ba7148b65d9bbeebb951,credit_info
6740d2c60b975a625328342b6636e12f,credit_info
1b7ea78014b2107caf8fd058cdfa228c,main_screen
0a3c2ccb95f5e2b3944a2b7da272ea78,main_screen
f8f12e9a26831fc1de12be6efc50c87e,phone_money_transfer
550f2f1111557c86618dc1cb05044bc2,main_screen
6eb4f3017dff6e28d2dd09a3be338ceb,credit_info
0d323eaac7b633c354b919288e4e07b0,main_screen
8f4c7a3eb9f307440b6c14874320c3eb,main_screen
0e7e1870aa3912657d4fa41f996be6a3,main_screen
9e7b00379ec4e89d7d5f4cf4d9f00851,card_recharge
38ccaf3663de81a91fb013b1d6df69ae,mobile_recharge
eeeb0f7820ff66a0bd6d05f9f9554b9e,credit_info
0a3d565832f6c1c07e2c357bdaae5ee3,chat
6e4c2fc940159c42eb2c5d3cd10e7718,statement
1627b2893994b20d2690371adf151974,main_screen
caa76d2b57965562172b824bee8f3545,credit_info
98413214b6cf610cafb7870187fb0eb1,statement
d918e3e16b081d6b003c82945b4b05e7,chat
c0929fefb01dfbcdb374a52f0119ac19,main_screen
b9a881d4bd871b11d4c5cc424cb04636,main_screen
625e7191693d2701e2e2ec443e5b0edb,credit_info
5112b06596b39cb72eaba4200e960109,statement
146f6942a553c3d149f349b6b0209372,phone_money_transfer
2acb6925950c7b7a676a0ad8bcb9b370,card_recharge
b1007f7c46820b3d72491c1659d360f2,credit_info
a2aa1a6bf1a980acb5ec6468e41939d7,credit_info
66e6968930de036e1557e96dae3b192f,card_recharge
a5a4952963a0bc7c3344ec1f5b06c5ed,phone_money_transfer
d3999de67e35ff2cf0e6e8613b82abe2,main_screen
d2b3770cec763639bf4b2c10d7c8d8b4,statement
eff00b2ca65746003138c7d5bbd768aa,own_transfer
4a4148e522cc7121755a74be3b87d2ca,main_screen
8bf64963e8156e4f9d8a8bd99f94792e,main_screen
dfa18585c87450919f050053bddd800d,statement
5db03159d7e69b914c17d110f68628d1,main_screen
2e860425b6a45e6d4c76b645b7a27ed8,main_screen
d9d793a1d5a71e709719c01b3b471888,credit_info
7298ee07041a98d7a8c6a420a7234a08,main_screen
d1fb3ea1866821089277a9ed1775bf9f,credit_info
93a120c51f79fa0c7aecffcbe048a5e1,phone_money_transfer
99c4692a835b9e174de3a3b8828408ec,main_screen
57784df4fb9248e8ff039646fc776a19,statement
b24e082d337d5a71cfefeec4958efad2,mobile_recharge
271cd4043dfd9066e791f69c21ccc529,statement
3577c63f649ab0828dd21438093e7456,mobile_recharge
9d9c64aa35b17866c0404e5c3d51bd37,main_screen
903cb7c1d75f1c72a396c3748409644f,chat
1b0e2bf179294a38ebef7a8567eb0e86,main_screen
8c686c4dd147b52e3c4fbb162f40055f,main_screen
ea53926c79641d8f4cdbef86b166fb66,main_screen
60c0c2353ca78a3cfb6a13a99116f918,main_screen
22a3d3d9923135c1e8c28369553b153a,main_screen
7aaa561e4c37f16fa759aae6dc8eea20,main_screen
d9f9cf294242f8b5a4458292c917464a,main_screen
3c1882c9b88a3794ba8ed55f03f53903,main_screen
f160ad5b5d22b2e96235a17be50a4710,main_screen
d003d05a0b71b54d286545c03e97abbc,statement
a95c46cdab264f3433a0776ee0834bb6,main_screen
07d6d354bb9457a9a1030f040fd7a988,credit_info
654e70a85603740667177ff230c8aa18,statement
f231b2363d5304f1892e37679eca8a1c,main_screen
bf2bfe98e95b005606cd73d7dd86e7bf,statement
ef55a1f204827c25a184bdd38daed122,phone_money_transfer
ea883843728a2bb54a748a4a73f76951,main_screen
994c5020071ae767974d62e01ade326f,statement
bb79f6fc1d605cc78c5234d08fa43912,statement
bbd225fffdb6fcd40e238b984b7e55e8,card_recharge
98d51c6eddaa500dd2a578b8992691f9,phone_money_transfer
23c1bbe4750d5fdaa71b2d573486d28f,main_screen
4308ef0590bbed7bfd434d53835cf65e,own_transfer
a63bf002bb01d56997b4983a216fc2b2,card_recharge
71770a49a58b9c7bd5cb15bcc1cf65d7,main_screen
fcef6861f896bdda33a4d5b16e2046d7,main_screen
6e58467236748fc6375b2499b1ea7a62,credit_info
c3cd01c40295ddd95078e202e2153c59,credit_info
c4912a7ff80ecef4df50a910235d99d2,main_screen
fae1f52e18767abdf5000ba97f76ad59,main_screen
14f8b95b855df110334fcc86ae01e943,credit_info
c9cad02adfbd9a290f9ed5c13614c900,card_recharge
cdf2dda3e6bde09f311fe268691c6e6b,card_recharge
478d4a639e48ab48aa7c702b0270462d,card_recharge
68f1cf83bf465aed765a65b5f3ad0b75,main_screen
6d70b40f4f7e7174da2e6d55607e8a3a,card_recharge
f5e75e5345649f9d513d93c59c42e31e,main_screen
0f6d8f1681ba30b45b655341f99bbf53,main_screen
b111b6594881935f80f23fed079f2198,main_screen
21e03140f8cbf35cf0381bda8059e9bb,main_screen
75d6039566f13c95c6638e612c7afd57,credit_info
5eeb237f31a474aaead7b0b12b33a127,statement
d32a927dea850f71dc8bb9f84d4d96fc,statement
f1aa0f3a691b927bc582cc9da3e34a95,main_screen
c7f292e5093be0bae9706da1bd0c6529,main_screen
002f4de4ccba696382a2c045942adba5,main_screen
bc715cb5d8f6f17d9032a58647ca436d,statement
a2d6946c24aaf9cef07082d1a8a83970,chat
7629b27a659c8a1680eb1442a8f393e5,card_recharge
e748d896508546a05cdb04ac69ec1e5c,credit_info
3cf1742fcb0a438d8ad1b646bc6a36fe,card_recharge
999abd005a272abde3a909cf73200112,main_screen
4b3c3d703f3439cb1856f440776f8247,statement
7df511def4ccfbba665cbdb6e843562b,main_screen
52829816671fee0a47834132deb33cd9,phone_money_transfer
87b8dd8445f2d39d6017086c4c34cebd,card_recharge
9e6de789c2d5951c49dd1a75df72d5cf,mobile_recharge
f1692fc7ef0343897c4c205f9d0714ff,main_screen
11c061015eb8c854ed35d96b2f6cd0c2,statement
88d67934ba9e02f3e80924a2e0701b79,statement
96f3c709207ab0a740bb16a020d8c8a9,main_screen
f7bd93e873e05a6a8aceddaf54472ba6,main_screen
fecc10cbc4839d72566d16af15f33466,chat
3cbf93ad2ddfa54c7c7aed33d8e0bba9,main_screen
59bf51982e775862b952112dfed829f2,credit_info
a3c5563856aff7c2ebbce4c837ec067d,statement
dbd14ba6e46849814bce31079eda6f7c,main_screen
5894c2186165a7e94534edf5627b5514,main_screen
6a2f719898b6b165d791f3a225a80ef0,card_recharge
74ac1285b39b85a23a34089301a4fb24,chat
9aef2086b7df186f0799694de0cf69a5,card_recharge
910ea58f58f138f794fed78ce423fde8,main_screen
467a01c15345957ae19078de9b7bd417,statement
aca1bc42fda0e4a2551dd352447c91a8,main_screen
363e07ad4235184901e0ff671478c969,card_recharge
38c65ab6bf16d12bc17d0ec332e29197,main_screen
81a9711de219d2d5ba8e9ffd9da99ac6,own_transfer
328478e996b1f8a00419f1ae51f1f586,main_screen
c2b06a488bbcc6b946a0c4bad52aca13,main_screen
0a88bba9db374f85fe4b6d4f9b859111,statement
8546ce5898d306ba5dd5f375bc5953be,invest
9c3c50051b70b306c9a2297592dfcc0b,main_screen
c70887c55e3477c0283d6ccea4801bcb,main_screen
3c67ec0daa659add1adfa672c45f0878,main_screen
e59a11f30276e3d7816dca37429c375b,statement
6d18ec91238397d91558bf1ae7112503,card_recharge
6b7fcfd997659108434f9ebcb467a670,credit_info
88abddcaff3c210a3f1e8814a87acb2e,card_recharge
591f1111805e99ebc549b68e7a01f012,card2card_transfer
48da702641464c47cf9714111c6aa952,statement
2f76999ba733ac4df810d870907bb4fd,statement
a9f89a085e568530430c629dcf429749,card_recharge
cb06f34b9b518b456b442cb7c0cb7aa0,statement
935a6a172216bff294110549858ff00c,credit_info
a9beda6714ea9625be1ebe53abc95a0f,main_screen
2756f2301e6b9f25d69d68eb4f3cd96c,credit_info
220d37ffed41ea40f19dfcd79e790495,card_recharge
83c647800b503b2c4717e9b016e3d9eb,main_screen
9aadc32385d1af9ddc31b19fde1f1c67,credit_info
9ca3d0bb7a3573634252785d4860c6cb,statement
f28702264a85ecbd9c668e2ffe941554,main_screen
02e9a1e79247699d7c7b954ede8ea98e,mobile_recharge
fd8f343b4f55b1d83df2638288af3c72,main_screen
b2e2ac9ce952a3918181dffa83916dbe,main_screen
324e8fee3e95194e7d88cb7abf582724,main_screen
25566b4dbc081a91f27e613a8588b147,statement
4705fe0b7b1a960bbe0b6a2f375e9f9c,main_screen
56f5d0da3c774494eedeef1676afd639,chat
129463d7e45420e0d10cb9282fabcd02,main_screen
675e62440a76a6c60e983c2114aef8f7,main_screen
d4c4a18d4eed0e848a798c9413abd997,phone_money_transfer
cf5d6d334c3be5b8972088056c6524f7,main_screen
fec5afc8b406aaf1821e2e0061e7b52e,main_screen
3908eb46254b978ed2df3a3239f9ef37,statement
99dc5ab64a335c8130dbd4580ed5c0dd,main_screen
38c7cd7b9d4baa029318cce040556b37,main_screen
ad783a6902c1884433360f373f57eb38,main_screen
1cdf075f90bd9ef276327d01dafc3033,statement
f8722c207251faa3887ca453c1cb72f8,statement
7c44f9c247b15aa7f40e60eb4dea3895,credit_info
5c230abdce312f2ea742da2128c173fa,main_screen
8d78ff3a052781dc844ea109c122910d,card2card_transfer
1fa5670ccebff277e978a718421253bc,statement
d8168e2da263600674840d16e7c5661c,main_screen
a07fa27e0763ac1222334312d68d048f,credit_info
1ed6884b7edf3dc3cf9247c1a3333941,main_screen
3295228eda4b8ebb123a0483ff79b764,main_screen
87b3f600a7d98c1fd5ff421fa914d675,main_screen
fd2ac39ccded6b95687f336b6c3e665e,main_screen
b876716c5ec0d3919db7bd5071489d11,main_screen
8afb9f9d503bf3e253963f1324e475dc,main_screen
2226dadc5e96869f38530111762f372e,main_screen
ba28563dfdaac2fd6b098d9e5ba5a82b,credit_info
1f9d638c11dbb7f621e4a8bfd8a32a2e,credit_info
e30d8c3ee62d5937f9c697ec3e76db1a,main_screen
9638c2e05d0f49f474741ec5d56ea372,main_screen
37ccc9a52c7cee3e8463772968ddb05a,credit_info
19bb7ebc763d009429194be13f84ac55,main_screen
cff5b6869eb15239485298e6cd9d741f,mobile_recharge
70613fd81f39e3a02abcd5bbdf86154b,chat
4161603146a180dbcadbb59ac009c0a0,credit_info
c404321ba0250e82cecb65d88beffffb,statement
26132cf5f449c659a634a20e63002f00,main_screen
1bc8ee845fb2a23693ef2be95f233864,statement
c48be8586789ea6cd36aff9dcf3d53b0,main_screen
5a0ec3ee782f4f9681e5cb4dee274000,main_screen
04fd43ca26d753c64a5ee8a3a9e0678c,main_screen
e9e08dfddfdd764eb98c8aea6819396b,mobile_recharge
c05d4b07fc7720ff0cc7f63104c66baa,statement
f77af611effb0e64de54c325bfdd3ad9,statement
b1ad8689c157ee6ca595ac5a92f47580,main_screen
585b558fb4771020406d65066835dcd4,main_screen
326986f1d419b9886b56c466ca6d25c4,main_screen
bc0c0392c975f56191b1280385995eb0,statement
0ac67bd7dac461ccd2894c9595dfb5e3,credit_info
820fddf0d6f69b14febee5282e844bb8,credit_info
3361859831fe069f03fb9a48eb4bc5da,main_screen
0f21dd05a3c19d979841a48da6760ce5,main_screen
d8602a899ccee2d0f0822eeaa4e68cbe,credit_info
497a50a4a21c7440bdb31ce3ce83d070,main_screen
98b4ed30b35334f891dea9fbf9b2f570,statement
d145957013af1ded42569ee236f972e5,main_screen
50acf51deacfad722652bc5f827d67fa,chat
4214d8a74f9eb9589f52b3f4dfdc4e10,main_screen
655c45ee4198202c01b29cea36342d39,chat
8330caa56ab1c2f043a54abeb8d4544d,mobile_recharge
361e63248aa442e1fd34a7b110cf599f,main_screen
876854db9d3ffe164af9fceea80b28d1,credit_info
cfefc9ec951e65f4b996643561993c20,main_screen
cfcd11d5b44b2b2c2efc2eeb93ca8b79,statement
31defc7c56f334ae7e6e464bf0def68d,statement
0f8cc9592b6d31f658239968d8c503c9,statement
df1b46bc803c905fd8c41db03467c749,credit_info
427ce2d2f56d64ff4397c3406c56a3de,main_screen
29cba8457d4806b702d68ad97997dcbb,chat
5ac2a6e909f5f5591b6a7141f19d57f6,main_screen
88023c3bddca17af6d1da5d9c3539b09,main_screen
a078ce028f4e0b7fa3f8da579229ef86,main_screen
e893ec35c4f6559f7ab2e0263c1c60ae,statement
89ef860d29dd29267e85261b3097ae13,main_screen
23c40cc23eb912333bec2f38ce5b9caa,credit_info
1b6c68911e89f76b79fd41a8c6a846d3,credit_info
7d1a1a39d6a5cf99afbe7331490a36d3,credit_info
aa801b27f66860f9c0f7df3fe67747aa,credit_info
1789383788a3a5313e85bcd6201eef84,main_screen
dbf1db52ff71a0f81ab7656ed7779247,credit_info
75fe83842e963c28252afd3cbbed3ce7,chat
40655b5d22a5af7738bbd6f7a73973c1,chat
3494ff54681005c0955eae72a10dc8cd,main_screen
079056a99e334588d634c0eb44e0c454,main_screen
ce76b936005cf8d8ad5c5caabd1466f7,card_recharge
bf1a42af7e255ca20dc6833c5072f7ae,main_screen
094ad64638e9a7e962376dda4a92cd48,main_screen
1ccebde57e38c711ee5f4e4487ac045c,invest
7fee505918125b1bca81ff196258e813,phone_money_transfer
7fe14675158099249ce21ad1d58633df,chat
936134f0eb7b34a5627838f5dc1e87d9,main_screen
f6da4d35499b1463ae456439605fc34e,main_screen
cad96d9416d68f966fddbca6afeb4179,main_screen
8a4e4129b6cd5b84ef9188ef4928df3d,main_screen
9a32b91a9b96bc44a498b2b872942490,chat
57ea1398cb92b56b074f62fafe1fa780,main_screen
e4a9810fb6be6c099c2b196652a5f645,main_screen
ac2390d2cf98508c466ca3cdc738b7d0,credit_info
d0218f205593148a0526e4b31f588371,credit_info
ba4b722497fa96215adb54c8be053f30,main_screen
2167b66961b3f4fbd6dbbc08a9b32269,card_recharge
67aaa29d8b35da31f6ae2080c2e94f8e,credit_info
9de0a2c99e4a5472ea9d645127024e24,credit_info
2f23452b0380ac91917e438ef67f5469,main_screen
313ea3c1c6d68523c73a3b56ab715b44,main_screen
dcaea48930c9189e527f223ad3ef8d13,credit_info
dbb6e35afbd8dd41f132505ff443f657,main_screen
ce287f801b930611c2b33ff7e5290f02,main_screen
8213cb5e4a57e44f9745d14eff145a79,main_screen
fbfe95a613afef344863259343be1a3a,statement
8a14112d6fce8bea588af66e7c96082c,main_screen
15f9690a0d05720e77114aff1b521f3a,main_screen
d2d6faaa2e881f167354e3aac7bb83cc,main_screen
602a6f40d882e20371accd5b7b867ae0,main_screen
3a085326cdeed0155b818dc39680aa19,main_screen
ede86dcd9605d74cd142c36d400cfcca,main_screen
e81d5ebd6bf0d2429e22665afdefc066,statement
3badbd36ef94167dffb52d6210d85db0,main_screen
6a05ebaba8272c5047de0ca41c2c61da,credit_info
d3fd3eb259606bb4cf6d5e6f0f1f5f35,statement
3478d8655331a5570913a0dbba9191a3,main_screen
8a77395f1614b578593f055659b54045,credit_info
0e1810c4e35d6e9444d74a98b233ede6,statement
d627ae76572daf10696a4fc83d3e460f,main_screen
5ffde4cad006ac88dadddb460eec95ac,main_screen
633e79994bd6611f28bf16412ceb7da2,main_screen
80522f0eb4c66d79419f7eb8efe928f3,statement
f5156ac45528ace1e2a977881ea2179f,main_screen
7596e62462cdc89e56079175cf2bb78a,main_screen
66cc36c9bf97b46c6fd2b46c2c99c6a1,main_screen
dbd8eacd67550e01b874bc720736e3d4,main_screen
4b4f6f5d05bcd8e1d262e25cb0ccf688,main_screen
822f67a8c8bb14c1b497c104f696e8dc,chat
6b8427723237e0a8d7035cc86273902b,main_screen
92ea715b104da10e10f9ec7f75558c42,main_screen
33e551f6ecb469e26c660efdc3b1329b,mobile_recharge
29f913f78086d8e2b071a4a2d263eaf0,main_screen
d7820835a2143b76db184f62334358d7,main_screen
eeab6ffe671c4fb6b9f8c2738ed22bd4,main_screen
ca9799cb413a6a2f91e5d31a3d76ebed,main_screen
7c2e0212a42bf7a11186928a831347ef,main_screen
052c6768c06bb32ca0ededeb527bd6bf,statement
0f7a8b53a5a749dc468b6a0f0e3037d0,main_screen
ef5110515158b059b06159af07c078ce,invest
1034d9bf9970856d3a4d7668159a0297,chat
428d445e8352ee425fff5f9eadbca8ab,chat
0ab5752fcbfb9919e723daec57d1df33,main_screen
1ff1e3ab0bfc1e13b2c70d41d142a7d0,main_screen
a2e5004a6749d19529af475dead8fa57,statement
8dd43d68d92066930fa556a047e87c96,statement
c3214cfe2cc0961855cdbf244d20e955,main_screen
e0e9f479d2b0699a5a2322e0b67032e2,credit_info
e17659887aaa7555f980eb81d42eb74e,chat
eadf6d1e9199871f3bf61b290f15f04f,own_transfer
12fd312dad3400248df8dfb3df4dcdea,mobile_recharge
d41d6cf4400e3a59cf7e6f6767ea6d27,credit_info
ad6ed0012254642f2a53a01b8cdb79d8,statement
b4e46c56898068342c425af874468a6a,main_screen
cafb51ac297fa322828dfcdf195181c8,mobile_recharge
08817c72c19e87aee735866eaae50dcd,main_screen
31a1c2327f220689cd19b136a8a7a531,own_transfer
55d7938d04f9fc641e35ece31100a1b7,main_screen
b806768eb284cf9d4da9cf882cd4a4ae,card_recharge
38622b5613b8e2eb2511911f984318d0,main_screen
c928cbc76dc62625011d63e8ec2a8e63,main_screen
60561ea4fcaa130a13032669e1203e78,card_recharge
66f2d0777f9561cf2010e668aebd50d8,main_screen
49f5dc79ca502f26d8256ddbf91e8f51,main_screen
afba0884d95b747db8e3fbca67a80534,credit_info
5f758f5273cacdb17db16369afa40e46,main_screen
541bffc79753639d5315562e5e710f36,credit_info
aa1fe418c5e092a02481c3070a197b34,main_screen
94f4fbbb5540086bc9cad19ecdb821e4,statement
4197bb5f7fb86ca64ef44dbcafc8586d,credit_info
7feffdc7c776921c68784aaf64282ea8,main_screen
ba9d6e6950de2ef5691e161ba7891097,statement
73c1d7ecf61916dba260c29843b33386,main_screen
22f689dfb800b042f8ed41fa8e18e20a,main_screen
f646aa0f77125a91159df43582911e42,statement
afc2255f4191cfa3b0d3f1811a75ae72,own_transfer
ea62c7f9e1feccd857dd4c0895c8771a,main_screen
8bb2fc867ddbbfe6adabf0c9ea86bd4a,main_screen
872e22d3464145840ffd297df182b192,main_screen
1efdd38a0634ea5c17ea2018415c7940,credit_info
3faca96e66785de32947cbd6e609bdc6,credit_info
a57e83b8fc67111af199350752cb477d,main_screen
ee994fac5c4ace16b6e2c0a91dac9e5d,card2card_transfer
4313262f03e17a7eea6fc3c6d2a83f26,main_screen
3ea5b39f7214db09d0a58f402350bb1b,main_screen
bf14e25fb432a329d125e00f47934d45,main_screen
627096fc46b9342748b5f956337d9646,card_recharge
4422fe29acc7f89bb3fa0488c68dbec3,main_screen
5e53bc48471284f06a01ba287cf89871,card_recharge
3875f246baf8f10291c26cbce6f455e2,chat
b1ec9bde3b7bb1642181436445f1f89d,main_screen
20ad7dcb5540dbea68c71683c8ef91fb,credit_info
07645f27f16090bc7ea0b1c80537bfda,main_screen
0b2924687fc1040d727f35667f9b5f61,main_screen
62932bbdcb13ee4562d37d8e310acdc7,main_screen
a9b554d7d44e61d0c31bc778345cb7bf,credit_info
cafa6a5fcff66037fba695c55b5083e2,main_screen
fe5491a5d47ea7e0536c76306457de81,statement
90d0a08667c987d9285d9e96951a9d39,card_recharge
ad5f9cab17df246c2d2374ba22804c9d,own_transfer
15b00d121f5334d42a766f7625c3ca16,credit_info
78a1ba50cec8a59ec67f1650957297da,main_screen
1e33e6a5a7ca109eff4417817d354b16,card2card_transfer
d4fde1b30d9f16ba4606814a9864fce1,main_screen
22513d0ea0aa8ffbbd969c06338c257c,statement
2a864bd368c3bfc062d4fd14b88f2267,statement
f09f9eefa4e11f5d387547a7f162a3cc,own_transfer
bdd3390fe877dc326ab383c831061b6f,main_screen
6367490d333786b8459353de13140e23,main_screen
4bd774e0aa6b277435837097e675b594,main_screen
232a3522e7299c96d635d74e6de9cf80,statement
8a9d0e1e2e535c9183207e6e8996119f,credit_info
db4deac0e665291fe2435826cd7f994d,credit_info
7ff3b9aebd334eeba822e4b3e8e6b686,phone_money_transfer
a97066d5fbbdbacbc8c8a0ca48a5f125,card2card_transfer
1592f6ea9dbe8a0810ea039b7c9ebb41,statement
bbc69e5aefd39f65abcd35eb179702f9,statement
bbc25de7a828c277a2cbd2434881c8be,statement
b61cc190beb11067a8f6c2ae18797e66,invest
29faaea906a24e9b0ce31bad321aae66,main_screen
ef8ca9d7e07c3d1f953dc0083eba9c56,main_screen
b42ddb2d7d7003c6d22f1f4806ddd61d,credit_info
8fa2f490717f8b0084b861f9c33841a7,credit_info
556eab31d8caf91f3c4f7bf535d0bd9c,main_screen
d1a3cdac95319aa2997e4837ecfaa12b,main_screen
76ff6d247fc6a3be2a44a9c574b19b2c,main_screen
aae9ff2cecd27fadb1730954cb906015,statement
92f7a5ccd8deea2de8dc5743fd34a36f,chat
347387020f9dc1dab8f3dbb5a6515196,main_screen
134cd0f6193f2b6a2d4b73abb443fee6,statement
19fecddcc75a2cdbcb5ddfe3be272057,main_screen
4658ea82525c1e3847f4d8176489952d,phone_money_transfer
6c2579ae6e5046d0c269e1b0080b6c13,statement
85dec9d17c15f9abd2fdf1786a091d80,main_screen
4284bfd92c3464c296f6063a1873697d,credit_info
27bc9ffb8a64d8debe54a21122143b87,main_screen
0a7b48b0ec52d6fd83afe3f1caf219b3,main_screen
3db441a34c0a03260c8844f74581b077,invest
42dc488953c776b9bdf233b4d11f4733,main_screen
bb729eb2ac7480665492b0b738f44b25,phone_money_transfer
e337b822cc5553fc4460e661bcd0e6d4,credit_info
0e76852d572c72d39a00e07b47025172,main_screen
5041ea32e382e5ec9bd50ad89d24bc90,main_screen
6baf9ba20f5f1d5d23831a0f45375db4,own_transfer
9bb140099bb6986f57d64617ee336c4d,statement
0a233f45747d6ab8a3ee7ede2edbc79b,card2card_transfer
50054c72467329b36c6f66b9ce77674d,statement
9911cbfe667b87fcdf8fe67ab3e2a900,statement
8870b5bb82b1260cf1d6bf487b9e59cd,credit_info
330346ea9d69f8b3a6b9d0c1b6c28dbd,statement
233f8c19d4b6f61865cf0ab59de66ca1,chat
9fd2f029848ff4cd7a574e17edb0586b,credit_info
ce250acbe219b851ed3b3bc34aa7ef26,statement
a2649c95d168ce52c05bf0fa4b67b0a7,statement
ee784e491efd7678f914f2108f8bf31e,credit_info
47117bfd7bb5e03fa74dcfcaa58c3d43,main_screen
94a44130abfdd02340fe15592f79dc6f,main_screen
6a36929f4490a9860fac42912051a95c,chat
b15c8213a8ab8b40e750fd713d286f3c,phone_money_transfer
423a3ff06f031b24c261936d05d6f9c1,card_recharge
bb35c866b6a6d2f5113a94a2c3940aaa,main_screen
bab9712147ad54562a63d6d0d2eb99a7,credit_info
99f5b067625b1348bd30eeecb47a946e,main_screen
a2bb9ac1c7db355929c6bfc83f24be73,mobile_recharge
b7d9f31578cd79d28f9e040a572d8d03,statement
9188a28a8d4c97aa5713f56a3e8bff97,statement
f93ca7c16fa80a740865948d0631ed4a,main_screen
87d5385c1139aee38c3240f100406eee,credit_info
e71785500b9a3d6a34fd4155cbc33dcc,main_screen
c42b4aa76de813810e40b01f178a5c60,statement
56b4b577ac5b4946ca9516dd5a5c8cd9,phone_money_transfer
bfa68feef056c5933a35792ad332d1a0,statement
a070ad7f4cb912c0edddc15eb9b739ea,statement
5840acc987d589be331e63cc5e67b1c1,main_screen
218779e4fc6b3d8bfca234199433b4be,chat
36bb0b1f5c9e422192598d9dae5fcdd2,statement
93ba8e59a72d314b7dab8ca670ef2bf7,main_screen
12bd34d6c62810db238ec7bfbf5e6f76,statement
fe586168c03adfa917a00a61478b42ce,credit_info
f16842dfca997f7dbe2c1ff0d54f1b76,main_screen
787df525f1b8e5e48b8722f5163a25d2,credit_info
b01d520d4540cc03848b7abc6e62a8e7,statement
f1a140ff91fc5dbc49e4a2acb61fb2da,credit_info
6efae827aec5cfc61c36c4f5bd93d392,chat
80749b873386d300704a29397e01a724,main_screen
906940317471f1ee855a5bcd9846781e,card2card_transfer
a21f674d98bd02e6b24adc0d25b27b17,mobile_recharge
0b59354e62f198a743b78c2b124bea7a,mobile_recharge
9d3d2207c5eda5d05fc71809e50523be,credit_info
a9f0d106176223db9cd371e6b602cede,chat
7cacffef60a5294afc780d4d4f46a0f3,main_screen
ffaa5c348644990ec2aaf63684293007,chat
1cf94bbbbd3c84c3cad3297404e48444,chat
af7773d2617b4721bd4f4be8fbdcb3c1,main_screen
679030d597dc023f462a19b499aac6b7,statement
c11492c92c4a73f24879d55f1e622cf1,main_screen
78995d90de3582c7019dc2a9b640f315,card2card_transfer
f10801085b93f9dd908727154d7008e8,main_screen
b8f139dbb5ba2045e744b2df22b18e14,credit_info
551e3554cefef32c12894cb783dfc777,main_screen
d598267e4a87417a4d619c873f6e3cf3,statement
1d06c30ad1e755a75d10baed6f6ae429,statement
2f52f18a09de85e8f508716fe6443c44,main_screen
5b7adc498d60d9ab07a67ae2c6c17bf5,credit_info
b37f67048b7a1f047dc692693bc1c224,main_screen
eb542d3e8fdc3be66808d320ba39647e,main_screen
fff4689503352a39d715325adf3cd8a5,main_screen
8df37cb7d2c93510a9dab2837893a196,credit_info
38d206baf2c8460530a3459ea619e07b,main_screen
e7a7f8f7a6947269f48f3364a3080494,main_screen
bff13bd696f73b0ec97fc32f4f35b31f,invest
093df2d29a36a856f90f27527993086b,phone_money_transfer
207f0bd092dfeb320d3b2ea2d36a0970,mobile_recharge
36053d128a0ae9ed7c4b4644307144c1,mobile_recharge
83ee5ca99a81b1ee5cd017659016ba38,card_recharge
9d7ffa533aac5302bcecc42c75d2b57e,credit_info
ae218090a4a48c82b99eff74c78ff20f,credit_info
408847772617d843c40c6f361741f4ee,main_screen
10d09e99147008c16d765368d6270df0,main_screen
30d220e3dee56a99ecc13eef160a6ecc,main_screen
979c3b33140f0803626bef76e4e4b691,credit_info
f60f81797fae5c599925f204f37fb289,main_screen
e9f6e777cc8cc7fe21e0bae2656b7aa5,credit_info
f03b91f65412614650da776714a651a3,main_screen
b7d1ceb4ff6a18669df39c956e20dfb2,credit_info
f2c9d6e4726c82d3a6256af5322f9474,main_screen
7f54354e5d52cc9c3b085997195e210a,phone_money_transfer
c18f3082ad9598cffc128e3f54cdcde1,main_screen
df4fc495661e8dc3c0ba58faf7fb7d64,main_screen
0c9bca914ce75e740300b6c1f0781f33,main_screen
cb2d9c187e2cf93f6b538ec23560ca2a,main_screen
b08867f6fae59c69c58636d570b2c751,statement
6f88e50a32c32b427dac97045e6a8570,credit_info
a7ce09dfc4bcf64d27353b10c7613331,main_screen
e69412f0a32a752f237549aed0290da0,main_screen
26f0e599a8ad98a255691a80c297329f,main_screen
04e15304a84f774a27bc9a2563f7fe8a,mobile_recharge
a5e0b3fe95e63bb2150dbe48b48301b2,credit_info
e132dbbcaeee53c9905f19c3c95a0f26,statement
7654202c8f908cd6edb1e9993dc8dc29,main_screen
46480728aef95762c706c162e425b981,statement
f501120aee53e502711531bb3d06b599,chat
2bc93d20f3b33fa300ff43615fc31504,chat
2483830965cc0f797fa0465c15f2e732,main_screen
1b48504f4f6740705daea3187093a7a9,main_screen
d4329497e3342ffea8b647495e7e44f2,main_screen
2f4a24954a659992a5869e111bc4307e,statement
b4a695d012e31c0e9a0ec5ea9fdbc0ee,mobile_recharge
f96d57632f5f30c41d9133cb091eb521,credit_info
5de9035ba900ec72b9bffa17ead8741d,phone_money_transfer
63329141ac616eb5302f812d6c1da52b,main_screen
8e32dd1009ce33abd1f787848be23f2f,main_screen
777a824863dd8e37cf65858c23799689,main_screen
649f55c43015585327cfcd48d13b97a7,statement
7d937f31fb77044208b984f2d456d142,phone_money_transfer
a2392a0416c172e5b63e5ccbaff73f2e,main_screen
e20fd8c6f9eb20a6747296cb59e46666,main_screen
c2f360ba5383d31d80f54c6173ffd266,statement
66d0509af4e64c8716c3360a0f6043b1,credit_info
9961b3ebf8fc9c90baf41c8d46afb9b3,main_screen
196dbef13c2395f317d1dd7b202c84ff,credit_info
17e3c46d27dbcdb6661b0cae00502beb,main_screen
7b4d65c97603db90124059aaec8d541a,main_screen
cd21da3f3dfb802ad69be2db4577f7af,main_screen
031261504308f220b0e35005ceb91c7a,main_screen
8bab3d03b9869acbfc386aa122db166c,main_screen
8b8bfd1a1b821d817855a91d60f82f1f,own_transfer
fae6b38abe71c159f82e8b513ebcc838,credit_info
14b1aa2e9ca7d39c783e1b086c3d3222,main_screen
b2f5488efe36dd1223734a01c2e45941,main_screen
def1395a69b3aaeaeeefc2c2f10509f5,main_screen
1de9fd8361f0b660e1372b5089928359,phone_money_transfer
ae32984cc31a0c6b93fafefe5b22a616,main_screen
3fd796ca5a5b1f77eab2b46563297167,statement
ed07bcb904ae01ceaf432b1621c221e8,own_transfer
cd8ca5dcc63f5c0231010b1e8aeeefed,main_screen
bcf2e6f9ba7b12b49cf2334dadbb01a9,invest
4c455960efe3876c615f3bd8f1fa6d3c,main_screen
59e5c9e9a16abcb3fad3df6d703958c4,credit_info
1854a68d01016fbfbed1d7ad1789ca12,main_screen
6b2ac82f1ec452f3ff303e1441d6dcc9,main_screen
2445c15c716dff4337a0bbd232621d86,main_screen
2a32c6fe3175b0c7324c738b59e46162,statement
4189242f85a9a327caa31c07548e5106,credit_info
5827c4097c4ff508693571c96a18e951,main_screen
b6a5a32d4e38eaa5266933244863852a,credit_info
726c4ae0e7c3fa9d86aa7c38551f4fd6,statement
cc5515ac9f92aa962a0c1278db26b47c,main_screen
11bca7d23a2b52770220c64393d1708b,main_screen
842c7d653359a44e5748e312ba75d362,card2card_transfer
650167dcd3d5e27b4e09b471773c6b6f,main_screen
1a498b67f0eaf54cb505d54733064196,main_screen
d0f716509c00827c05769bad35a49fe6,main_screen
c90a3b03a1dc14394fbd4ab5c5716f70,card_recharge
b2dc7a7ecf346015e44bae4b08b4b993,credit_info
8e27bff79f31a77ae4c47800b0e266e3,main_screen
893b5f08fb0a89520fa546e7426a2f29,main_screen
fda4e96ce9897d7717257484298109c2,main_screen
853aaefe51817ba24eddf57f3cdfbc77,statement
a38bbd71d756078fc7179af9f34a338e,main_screen
dc11d30539d5ec948b1cb00e05fc9f3f,main_screen
783a92f1c7f0f8c5b6e3334e7e14fb81,main_screen
bd7a599327e9f0340497b1e8d16c70ac,main_screen
325239853cffd4fa6dd9714dc1c02289,main_screen
c630c74459e60ff615abbfb038819766,statement
27f6e9de1469bfdf84f6b401534baa4e,card_recharge
6b65841ae04ddb452e79bd4f57e122bc,statement
83f2a4de6f0c43cf028e86d398baf740,main_screen
9a69ad9d71548ff385bc6c28819dca1d,main_screen
7abbc58ca4f7fe1fc2d77dd394b71b98,main_screen
9de6bc812113d81228132e65f68322ae,mobile_recharge
e59359785bf7f7993098706a75f73aa9,main_screen
76f9cb806e65853edb612ab4ffcc8086,chat
cc27f51471f29d613aaa20f3977826c1,mobile_recharge
c0f90c5b71c2a12f11a1069af390e375,credit_info
7d0df707292c6a6123da75ba0a84b43c,main_screen
41995dc8fab358f3e4042445482765b2,main_screen
bf1ad0add2b388d1e8cd9420d0e0cf6e,statement
9debface2b52fc5daf0ff83072a482e6,card2card_transfer
61ab2d6beac8d695a95c2cab5fbb6400,mobile_recharge
f996d69a634a1501eaa0053a12fa3369,main_screen
fc0329675359122e120f5844efe637dc,main_screen
5690d6bdf9f767962422c5ba351c5780,chat
dac67d807d1eeddb714373734d350fad,statement
82cc08a3d5ed653364b18889386b28d7,statement
b897d3c6f80133d238f84868d1bcbba0,main_screen
c0a00c64205cb557ff78091adb3d761a,credit_info
0d910337a5beb876bb47d43b4e5489c5,mobile_recharge
a3568be2bbf3c19984a0fd0499fa87fb,phone_money_transfer
6756a2bab39efd0e945ea9441ed017bf,credit_info
067dd145ac41d57df56aaf6d181e6dcf,main_screen
94fd9878c38cbcb54e9f241dccc17c44,credit_info
44a8af3fecdf13a10fc0f9ccdb6c3251,main_screen
3332baf3aa5dddebcf45854118dfd50a,statement
8b173aa363627b7cde8fa1e6c2a12019,credit_info
b8e1fda7c68dca9a313f74f238a0fb81,own_transfer
8939f1a3a743e56b82fbd892410cf84e,main_screen
5b2211fff91917b8f6adc58b6876e6bb,main_screen
cb5859598370ae5b2cc70fff793e94d8,statement
156706e779fd3a6962a7370aa8f345dc,statement
7bfef35f305cfe9092ff20f8e6f2df2b,main_screen
95d739632c5fb8a44ef21d4f29b2c044,main_screen
48eb6d77005e09da8c70fb15f9322efc,own_transfer
424ee1508b1c5b38a36e27f9bc1d83b4,statement
b924f9276564f274d6ad5d947ae1df76,main_screen
34dd09c5d41e579b91a7777e1abeeb29,main_screen
ddb1c28d7cc2250a7b7a768bc8ef72fe,main_screen
32bb50c14770d41f50758158579b7258,statement
2975886cff1b49d9976dc57fe1284201,chat
399396d09706d78acbfa0d0d1abeb840,main_screen
d146aef52b453fc3d81d6ace9a471504,main_screen
741627b5eb0601acf9c1b0609ee1f41f,chat
afd85b56f5b9b3114d24add1a804a7ee,main_screen
373d9bbb15da4e6640f1a9d0e06f59e4,main_screen
073a190f5e2ee0a5c3e21dd698eee6ba,phone_money_transfer
9bc7ce747257c18af3b1099fd71d1b25,statement
03108a8d7cac3c3a24a8b09645f104bd,statement
3a9502169d6f167257e7dacf89746cc4,phone_money_transfer
c894db63854566c02fbe814538adcd47,statement
6437f6b14fb4b48ab92e3a9f2b502f0a,statement
2bcbf3c6f3efe20006ee1d0735d44cbb,statement
5fdc727185121f8079ab42f4c1309e28,card2card_transfer
6a406df09a4f578de277f4cd546b2232,main_screen
64c75089eb686a5207097005de14c54e,main_screen
ea80d6cdbf0c4e24af8542faa9c3b79a,main_screen
2d77a823760a00551093a5385c757638,statement
a687a4edf01390ec2c63f58bfa2d252f,card_recharge
74b7af00c87c19abbc3473fe38edd3e7,main_screen
db8613f59fea89a5435af8969140bf84,statement
6e11ade1646856d72777500420c0b195,credit_info
d15ff214e92fc1d3b53a11e88881986c,credit_info
4944263ccf968b08439cee15af31182c,main_screen
d359952be876b078e0f4d27fc1843fe4,statement
4b49131500095c17ceada07ead9858ca,statement
48fb97232d57ed2a99878ab316f2e7bc,chat
551e72216c1cad727a8fc889c11cfe53,credit_info
39c9632577f8138c7b8239f76e742c55,main_screen
68264a39739af47c1f7c9e8d11624d9b,phone_money_transfer
218c42d0e3456aa7384cd7d77d9aaa6e,main_screen
ba0bd39ed95c51583c2607fcb593c1f4,main_screen
e0974c65824f6e757a7aadb3ef4bf8df,main_screen
d79b08f5d52e3a42c53fe49dffbcc8a6,statement
507d80f733aed55bc92a98d18e926ce7,main_screen
015b312dacf64710f280c83362ac031c,main_screen
c63aa1e9fb690813dff1d68243fa2b23,main_screen
ab24627050e7db0749d1747369dced57,main_screen
4ac537b11b185191d2d95b08896e7d8e,main_screen
bc1127049a38d80c2d5a9201846a8308,statement
549bc68819f0afcf7272e0590582396d,main_screen
31cc1380e5c540c9cfe1310a2ee4e885,main_screen
008f9ffd1a58b0ccf5ec20f7525c910a,statement
8d9a9d459ca144481313e2ac5db6fe55,credit_info
6c044034cc1fcbc56ff1cf675fdbd07b,main_screen
9c611a40574e935a5980961c8475734c,credit_info
06f17f2b8b4cac014120b44e8f600941,main_screen
f56605bcb44782f056a383194fe62a42,main_screen
99ca6a6ab775a21a8d02b24cbde82e6f,card_recharge
f6f9b91f19fe5c063b67daf4e9c4f223,statement
db1ec2b05d9528adeb323e574737266b,main_screen
04facce137e165798cd444b67d70528b,credit_info
02939bbe736ea4e296117efa67db9b24,main_screen
f7f1f63fe359b34d3a9b6571182c651f,credit_info
c1a0dc6fe949af061d9499710dd984e6,card_recharge
d6c5d933eff8228e5a354b5f6e730944,main_screen
3d7d4d326440e473f2352585aa719582,credit_info
a86040ba86610076534bc38d680d2569,main_screen
05a5f56d72a391770d274ad747d16797,main_screen
8b94a0b2400ac948aa8cc35c74d9a2e1,main_screen
001fc6c9cba6b6efdc47326c2d3abccb,card2card_transfer
d343826bc85bf2dd8a0b1a3425b998b3,credit_info
ac4e5780b01ed4d852afba107762d8ae,statement
f1a7dd0ad747b21e21322826bf471652,main_screen
2b4c1dedac3d9b331d72d1b6af7a7209,main_screen
c084c35c735c6e90b6fa10111557085e,main_screen
2ff3a0c94f86eaf847f9135c707e2fc8,credit_info
374bca899b8402d487d9ff6db0c42d10,main_screen
7376ec42855067581a818f76616dab08,main_screen
c92198409c0262b31772c793bb16064b,card_recharge
f947c50fc73aed2722ccf48152939341,main_screen
123fd7607c8b59b719dcba172f312eda,main_screen
3e51cc2e573be4eb49982f7d1c41cf5c,main_screen
adbd95702bb0e41b92bfb5188c52d93a,main_screen
d23127b7d58e45656e0bc03406ed3bda,phone_money_transfer
32700212cd3b22d8e503472ec20da807,card_recharge
983b07da4ae7ae818691e41841337e7c,main_screen
e8120fe92b17e9a06bc530391339362f,main_screen
93b612ca83cce4e687b825b833f18595,credit_info
186fd6cb3229ca7f0671c4150f2e7be8,mobile_recharge
4c1a624b690f96ecc6cd0a9dde321b2a,statement
49aea6eca3ec84bfb044864f4a8a8872,credit_info
69f54924f3264f6934bb18a3173ec4c0,phone_money_transfer
34618a686728bf3feebb4fe7ec43420b,statement
37602effee553d6be6c67c69e540da51,card_recharge
532cb5f5e2f86e136cefaad476423153,card_recharge
ab4f5d4eae88c6b400fc2df5d8cb0528,credit_info
92c577f17ed3347e7985a1259a16f9f4,main_screen
83053c7fdb6bc122f839098a4183d458,main_screen
aeb61cd54d2c8ac00b163eb1464447e7,main_screen
272a4f832341f753b4c4718f7e010768,main_screen
332e854d0303a87953f41c1abab73bed,card2card_transfer
09e19f55f95186e94bc819ab40a0e0d0,credit_info
9df256c4bdd906ddf82831b40feca708,main_screen
94420730acbd6499c466a5e81d8b1ce9,card_recharge
1b3ddeda454b61d8d9c1decc1435a63c,main_screen
2caad952490d8b1e1419bcbd4fe142e2,credit_info
da62228526ffeb13d6addd30987a48bd,credit_info
4f789d4d7494a569533ffa5832ca1b97,main_screen
77d1a34f98ecd6e63cadce51eab2bd05,main_screen
7685b836de558e355fff2000c7dad0f4,main_screen
53f233e5e37f1630469621da7bafc38c,card2card_transfer
74824d429f3fd6d88a8e1fd2225b88b7,main_screen
3b833669d331022ca24e44d69af67bd8,main_screen
240715cc19a7de17751b553cacc3bc1e,main_screen
b1f02040048c8715bcf6f711f937e50e,main_screen
97a98d00bd98ba4906d96ec37103f2fb,chat
afc058b3c1b1ecdae606ab6d77bbe61b,statement
7a60fcadb7eeab56b5fb5132509f321e,chat
f5fd532460b525703e5d0258ba0ef2d1,statement
46ec1f754a1f299207fd0c76d59b1278,main_screen
e35eea51b45e4875b07fa6551efdcc08,main_screen
4bca032da27c8dc86ca9d1650fcc6a59,chat
f224363d07586bcc4f2780ebb0bc5b1c,main_screen
e6e4b0cff0bce04fc4cc424abca6b004,main_screen
3c44220acb1be8fcdc2597b4b2fb8c99,own_transfer
e58bf4bdf5d20aa4b363e401fab01c2a,statement
d01faa11498dca7732b5f15dd47b1142,own_transfer
58f6bf0b8f065b5addacf05c5768875b,statement
d8345ae30bd11286590fdaaad0058f50,main_screen
aafb013fe6109eae2b877f420b968e39,card_recharge
05cd5bd48deef49f7274e8a884f837af,main_screen
9d88aedbf4a8dffca67ba9a126ea07d3,main_screen
f2d225530f6703bc1a1e5c58f893c5cc,main_screen
38ac9b084b50f0295a64d2f13a0126db,statement
4878c37624dcc53d2aa476dad2ea5d3e,main_screen
6a5fec968ed8dfacd143357a941451ef,statement
da5ef8251660746e9dc82836c3b2d6e1,statement
b0d011ac7795c3c80c89e5ce1fadb896,statement
239eb72074bd5f95b6d6b278384abc7c,main_screen
8b910e6dd9e0f95c4c4ddbec7fd68c15,main_screen
57a375c46bf4900383cc65619be9d6d6,credit_info
ccd633dcb2194258c1133d649b11ab66,main_screen
151d885e0c57e9e62c56fb1dbfd16398,statement
279ad0245a7da90db2f2e0f5da547891,main_screen
fd6224f024f41ad6041019f9ff1f47dd,main_screen
6e4b7870551d378affe85f73f80652a7,card2card_transfer
a730914d65ce1beb6a3428168dc890e7,main_screen
a82dd23fe696bd7339acae49f4778e9f,credit_info
c0f37dadd0bb21271985e26a92b4d258,statement
0b5fe227af5c0fdb635129118c449202,main_screen
0ea13e7e49babff765a004d5ec7f4bb4,main_screen
112ee8179534ecaae0eb393864dcd6ec,main_screen
15a5ff8953b60e377697283bd8e0c274,main_screen
ba16ad81b52b726cbde9e8f36cc50edb,main_screen
7ae5313f144cf3bcf4d82d3f3e6ab2f4,statement
7e8b191d117919bd93a78a8a24a09e46,credit_info
703a7af7749af07128b0190e03644c24,statement
1f0ba04a124c58a063e8eb1b93f31a27,main_screen
281ffccdc8d277592015f687d5ca5c84,credit_info
d648d9a1df1a6b38fc52c85c3b0a7d45,main_screen
26c23a418ede3ce44b0664d59a71f554,main_screen
34bb341e02b5cc974befff3df0210076,main_screen
ec717d740b5c76a99a9dda7d96382491,main_screen
f40a39d3c5b2b30936c589e1acf4a622,card_recharge
f64e7071ed155e8947ede0d413218232,credit_info
4b52f459cb3946dfc5978f5674561db0,main_screen
27ee7ca39858f126624bb30ff5166782,main_screen
b7e95a56a6e3a5ebcce18f5bf0c37e15,main_screen
4fffdc220152353671c67490d463b6ab,main_screen
337304dcb6f098f8678cee9419af13ea,main_screen
7ff2a41e8f0e071e4cc4f0a87b01dd7b,main_screen
7cf4164811202e7ca8cb699ff829e322,statement
8a04dd0a7247e4888755b1c3ac69e2c8,credit_info
d9d325b0e447124bddaf8443573f8f28,main_screen
ca40c38eb7b050020bd6743311327ceb,credit_info
b8aec1b6a83c5e8b9f5f412fa1f2c5a6,main_screen
8ce695fca2ffa0daa1fb683cb25bfa4f,own_transfer
01663c5bbc68c6633da016b1a4a196ba,chat
cd378b2c5d3ab954dacbc0050cf72ed9,own_transfer
1a402b5059744d89760f8bcbbac3c642,main_screen
ae623474e53dc1c01e30c831234ee21f,main_screen
191817794d5450ad2bc7fbd917d68289,invest
d2d095e38aaa2d8386a50287588eec96,mobile_recharge
0eae0927220714eb65081d1f61d7aec0,credit_info
f949f47b81e1ba4488a28d0389e3fe4f,own_transfer
3be5ae37b1dbb1faca80234adf69ece1,statement
3020f1df7c78ec1fbe8f25e42e2ecc81,main_screen
9ebfd460dd3e64782ef97bfd350905f2,main_screen
495a69e7ef1e8c14d2aa0d5847ff4572,main_screen
9f49c6a6cb5da523ad52ba9665254ead,main_screen
c8d6b5e21cd0cbfcf508f20b59cf9a12,phone_money_transfer
7d5216ed6cfb6e53c1fb77a1471eefc7,main_screen
ddd04e5b9648ce60a8c8e9e877008e19,main_screen
709aaef8ae21aee1d5a1e084f71fc98f,main_screen
27ed4505dd96f71888a15cfcd5ba880f,credit_info
73230783c566572e9723848be8919dde,statement
6cfe2806cf969680084dc7f4039b81ff,main_screen
9cf3708fccb09c503b5d73da9e68566a,main_screen
2db7c2d9838f6bf3042b894ef3ff3197,own_transfer
7a217d6aa227762af79f83092a322c89,main_screen
41fbc22e63822114bf2ab369b189c357,card2card_transfer
e9f5882774efe7bac614021344b0a84a,main_screen
c614f8d902dcc69b046dd2f3584d05be,main_screen
b4222e6d2c31d7356b61ae60baa0a4c1,main_screen
9bad727bedcfbf5d3372e33566072ade,statement
c2f1db1ab9f70b6a120ffb4f7cf6d145,main_screen
29486b835041f66e0d012cc53949c9ae,statement
f8027b02433323072c692b10095a2e40,main_screen
658a011f924ca0496e8997443f8d7f41,card2card_transfer
4ac7edce90920a707a6d324a77e173f1,main_screen
d66cf7d63e0b7461dccbfbf914d383ee,credit_info
204d4544a5f10259cb1b3f0ff2c593ca,main_screen
b7a39c4deaf7d95f109808a7616f9530,chat
80616accdc0f9c9050422cc55672f3a2,main_screen
0849a5733e9c4102b4f0086f531f8fa4,mobile_recharge
5e3f20557fa0eb3d335138dc4dc40bf2,main_screen
6a48413f05f5f535a29e7029fe65b7cd,chat
c91056b708256b218635cf9a7abf3fdf,main_screen
f05b7697988e72f59e1ae6059cd6e882,credit_info
a1408a86867f72a62f34a7c3cbaeecb0,main_screen
6c67f111f9eec57c38e3d66459f2bbd0,main_screen
57f6c010af4ff43459c5b05bb6128e3e,credit_info
a88e38049d4906da24cd8269be342cfc,credit_info
831a59e733f6ce1e45042170b02a3783,main_screen
0be6e99821b99aa7a9c7ac9b6ed6b9bf,phone_money_transfer
eb0e88fecb7d169ad29bb22ace53afb3,mobile_recharge
a068ea22729beb504c32689eccc62c4a,main_screen
c717e0a6f827e3e316139ae6f41b8ae5,main_screen
98102b4e2860a18c9e8af4612654164c,main_screen
29967f5659bde7dd3d09807213f0ec99,statement
4201a48264ff29e4c11196bcda26c899,main_screen
0e3e2346638f70855f88e97e17f61c23,statement
527c30b0bfbd22686adc3ccbc7a5fefc,statement
9bf1c7d9a6b5a7563936afe403dddf21,main_screen
74f93db782e381b76fdb37b7f0d9b24a,statement
491554249189a4e22a7973f7ab5c1c9b,main_screen
e04cb069dc68a00312d6dbac1b1b5d4c,chat
0244e924ad1088215d401ababd00e486,main_screen
6515a5953d93fa3e7f0679940b2d3d73,chat
b4415b8a316a06e5b3381e63195f7c10,main_screen
dd6ab04f24bad32546b3c64cb8b0fa0b,mobile_recharge
eaffdd8f1830d9f6e895ca2f1ed92bd5,main_screen
9544826c53fafc1eed5ec89b58665919,main_screen
9b702710a3c4ce292223f286d581cd9d,main_screen
09686628f39ce582f00c89865e98b7a8,statement
872e7e6b2470c30ad06c9dee7ea6769b,main_screen
e8077d271cf4445cf6af4720e832fa11,main_screen
c40d07c819cf22820a23111ec8ee7d1d,phone_money_transfer
859d78f9359b9ba78c1620e0a7ed0f0a,mobile_recharge
986ed4da1b0e8cf83ca88f1e6b176825,statement
49440544766a0b794ab6f3fa7e59bb41,main_screen
87448e0ac003c57e3d0aeac36324ffa6,main_screen
73c14704468de30052457258fd133577,statement
aa8461391b11c7af5b2505d5493054c6,phone_money_transfer
be8d759162efd6aa521b10362253db36,credit_info
a442ab4355dbcfc886746a50a3142c98,main_screen
fba2d3dc49ff2fc0213b74458efac4ef,main_screen
3141209780c83d233fd3bd89e44f5bd0,credit_info
186bb5910295cb66910c7c4a16d679b2,main_screen
7dfc5597fd2de6e10b96a92b499983a2,statement
5eebc0ecb8d0cd2d011a4049330dc0a5,chat
fb55662b4f03273d8397257c3b6dd80b,statement
491688db3b73f619bd8abef6e46218be,card_recharge
6837829b782e15c1c70deb638d698347,main_screen
acfa167b61f2431329dea768b61557d0,phone_money_transfer
abe8fe026846c2bb31bf2df3356681a3,mobile_recharge
4db2520083b08dcec48a3928bdc3fcfd,statement
47aaac5b042c9a641d7b60dee66b6b70,main_screen
2e7dfd0115ce4e47ad8d8991f424ad03,main_screen
b43f7cead30e77ab3f8bafbc6a92eb20,main_screen
2628d4d8a1608e38658a9d23b34d118f,main_screen
c47f4745d1663fe86f5188961ad8586c,phone_money_transfer
c530353fc6db052efc91999a853b7e5e,phone_money_transfer
724052f6959ae786c5ed18d3f0a71d5f,main_screen
c8c99809b5e18f777fca784d58d5b903,main_screen
26cb900f2bbfda52ab1a8ff11207217f,main_screen
2e97af5458fbb0560bdc663da8fb5485,credit_info
248d55cde2f2723202f0a07cc27136f6,statement
04e8f632b8325eee36a9261bbf1516e8,statement
943a77480d3e24a13e6aa8412ef92caf,main_screen
2e2ec0ad2a4ff527ce1da2f2898fd54a,main_screen
3f9457c61996f5b0effd4ffe341247cc,statement
4194ef2c8f573931efaafc6f8b6eb9a9,main_screen
c3682b595e881f8e00d2da49e088e2e8,main_screen
957e93df5751409ffb48ed20dcd216c6,main_screen
ed39eb8d4202d79f8543b421fd2944e8,main_screen
3ab91705385b49280478bfdcde4201d5,phone_money_transfer
682066cf9af67c5070737c594fc34996,main_screen
16caab3fff0a8fec85caf15a49562362,main_screen
ab736a45e70e98bcf44ff98abff8c216,main_screen
41dd655424c293468cf35496f046e3d0,main_screen
2d9e37f27d2810b650d483b4ca9b8b44,statement
db13993789f790d8a6940cbdcfd28a98,card_recharge
7434a32ebd7ba7734d76f24d9a97c70c,mobile_recharge
f051a6f4d44ec11bdab19b07d7bdaa58,main_screen
e30d25686ed6b502003d96d3fadc2996,main_screen
3195ad257dadb1540ee4ad4054b8dedb,main_screen
5ad1178ac6ab31a7e7e56835b89db67d,credit_info
2649bb78883139eb7676bd09cfec51be,card2card_transfer
b93df91990f5aa421de94295e040eab6,mobile_recharge
3b33fd259f78f90e8ef5b08f3a8e8814,main_screen
42e2ab326f5e143078b040458f2303d9,main_screen
6d3cc137a9ef9f35636a3b57dfdda029,main_screen
d86e256491233100dc753b351487f1ec,main_screen
e83df7ba48f5156815d19cb0fdb31c94,card_recharge
29989b32af17d5a7535c40c26d350bf3,statement
e7a68c2c6cbf31cd792c7202d3cb1829,main_screen
6f71a2fb1838277d2f2c44d79a5afab0,main_screen
8e5f3f9149a82d5b4c8d8f4c5decda3e,own_transfer
f6587adddd284e9ebe16c8981b5cf668,main_screen
874bc1c0e5ed3b27d3e4acf79a9bf7bf,credit_info
6ddd830b9b09aa9f95136e39b500dc07,statement
65ceba79e8e9e9c0c7755ea0c9837e8b,card2card_transfer
028d9511ee97c8c45241cd1cabc6e386,main_screen
5c68c0294e51aae4a0c8585e5f2e3207,main_screen
31b29b36b586372b1515c0ca3d71a40b,statement
4e5d146332c04e5048d582f3fe2654a0,main_screen
5b845bcc4f1f273455eb7bc54a2ee0c0,phone_money_transfer
fe3816e58f6ca4a7bd2b802bb6ed34c5,credit_info
46aadb601f7c1754dc1eb3a5c7f5f694,credit_info
3f73053c0b3b842d13c9e52ec0f9bbae,phone_money_transfer
659baa25de7da3b0602c64858bcee83e,main_screen
049d053308b4eff7b97e51cc42062606,credit_info
562dba46818aa72bb93e73e5472adff1,card_recharge
e61f6bf1354a1ccaa298b171bb6a8626,statement
3fe7c49c166ea8c6d3e001027780e2e5,credit_info
0a21802a46e9a5b6cf81d81148c9a916,invest
f54f36d430922865a08b3a95fbb34b30,statement
67ee4ec5cad485131a76bf43364f017b,chat
5938e9698953ab1c2212828791086a3f,main_screen
38d6fac164e1ae2a9b123c987605f7d1,card2card_transfer
d40564d4c817aedc57fe69f5174dfb92,own_transfer
a396dfdb246d17fa0c749eac4ee23867,main_screen
f1b3d011cc03924ba1ce725082c45f51,credit_info
5d054a05bf1c6e598d6e11cc66c83d54,main_screen
8b97e449cb3e996ee0363083bbb351e6,own_transfer
9dcd14f12426efafa95c2dda1295af0a,mobile_recharge
57b575ac468b5f3d58997f347cd8d1c6,statement
710cd680d8fba0a9f2749cbf1ba0f68f,main_screen
316fa1666a3c0db0a9bdce0d051b2469,main_screen
d7462bfbac8d12eec2301a60d6dfeede,main_screen
3bd6986a1ce7c956e70aeac295cea4b8,main_screen
34064a1e2d935b1390cd3d50dc59a487,credit_info
4abad51f88fc412aef529a7d84a91ea2,main_screen
cfebe8b5c3010b92ec35e918d0e722bc,main_screen
d5131d5229f788a2da4071a9b5cc097d,main_screen
9e9edd2171d7c5bfd60a24c5639ff461,main_screen
8d8a55f4e261c8ea4f022e866186d722,phone_money_transfer
cd9c6c7751c6a022bfc0f3a2f35db934,main_screen
b6a82886249f35142aec927656fea0d6,main_screen
0c8fc51ea40f6c327af5f02aa02e4b9a,main_screen
8b50baea5d71e7a9b85fbd304e84e0dd,statement
921361dcb20a65615dd94e10040194d5,phone_money_transfer
aa71ffd94dc60c8d4d6add1b566627c3,mobile_recharge
37cb4aa44022e247206fff87bfa5abfa,main_screen
b2c39a820a3cbe654643be5352d72374,main_screen
5ae4ba9c274367dea6980a778516583c,main_screen
e0e47414f456382da76626c3352a773a,credit_info
c7397525559f96c6bb2aac3b4ae31c65,main_screen
508fa5c219ff5353d9621eed3257d96a,main_screen
eb8b20aa377783071cc07250644f81a7,main_screen
eb7bd8b11de73dc77153ed560c152bda,statement
f34bf25a78576524332e28769b67e0d4,main_screen
e82896b6bfbb46f69485e5ccf3cb577c,main_screen
0e31e4f0d59163428a2ffaf9eac852fa,main_screen
9cee21a31b2564ea2352f8480ecee118,statement
e1be8f8de8f6671edf24191e4b69bca2,main_screen
65f718dc8fde775c3ff96aef098a1ef2,statement
7a40aee81763d6fdd88b79300ad04aa2,chat
e54f79abe078bfcc6bc42bfff47a52ff,main_screen
d15c3cfb415ad7a498bf961b6a00a073,main_screen
7bf75cd15606392d397ec35fe1c227b9,credit_info
34772ebba37cd03e9568bd56e0cd6692,credit_info
2c4166d1677dd15ffdab65c7323f0f22,chat
a9ad4dad2de0ed1e9ed082d40df223b0,credit_info
93370e78f5cfeaac836aa821d09a2df3,chat
48adaa7ce5723bc7f20cfda1e2ebd15f,main_screen
886965b6a436af394ac96cf012e3957e,main_screen
611c84591d35b68fac6d61290df2798e,card_recharge
aa1a1b8f659fa029d1d59e843f16b92d,main_screen
0221b239f6adc1adeef8ff68fe8c1c50,main_screen
1fddbd1d8cd7bfff2fbad5b917f6a212,main_screen
f342024ba4db94bef5135f21b38d187c,main_screen
68605992d262c21f047ff25b7913ea80,main_screen
c589f13dbbd1c3853ac131d5a900eaac,statement
f9dd1e4bec244251fa271fdbcede1fe8,main_screen
ca40f86893e0f59d86ce9a362d2fb303,card_recharge
86f14885749cf4eed44c2c84735af929,credit_info
f4a7df4133c98961df4f6d750c7a6a4a,main_screen
ef0c2f384d8b324f09ff0c7e8ba59408,card_recharge
ec18ef0fe3944583cc5dcef61e1fa893,statement
59b8e36534cae9e77321c4eef670f27c,main_screen
6fd601dad53ef9595d33bdb792e6ffad,statement
885edc142be7d2a94ae68fb409c6a1c2,main_screen
2e82e0a9b5d23ff8cb070909c449dd93,main_screen
5c5d91b65d607c45ed99203a54227119,credit_info
36ead359ac3ba30282d44df07b5c1d43,main_screen
44d227a54b3c30ec47c21063719ce44c,statement
4aa12b21d9732034597987c7318863fa,main_screen
91665cf165392105b578a44bb98c9883,credit_info
bde0e1e22643329aaf86d7a1cb1485cb,main_screen
4e16bee2314ad3e4bda25105c633e1ab,statement
1f3fa09b3aeebaa14868e1a89416ed1c,statement
efe72bc7bcd9ad85cde6c5e758033eda,main_screen
9b76aa9506f157b7ed1648d39b2467a9,phone_money_transfer
a302bea0dbc736b16d1891c348b13e28,credit_info
135573adf9d2a5b9ef81d149a1887e9f,main_screen
c8325cbc0d6bea322f494a02e27dded7,main_screen
882ef1bca43179482dc5ef2de454a942,main_screen
ac492b78281844f2285428c3400bc372,main_screen
5b59fe833dc2728462c677ea1f84919b,credit_info
ba90e76fade36ba3ba5097298740b8d9,main_screen
947e5930c2b9fd409ce3952473f3703e,main_screen
3fbf31058b346486f34565262940e602,phone_money_transfer
2ce783026de23dba69f1e3520fe5df54,own_transfer
e3deb2e42ca02d5eb8905df7c818d707,chat
43cabe08d40d4b7f21d1c4f1d52f7676,statement
912e480e4b9ce46a0feead1ca30cb019,credit_info
ba60b65d1e3757c4785db600e2e06513,chat
373a3420584237b4dc1c28dc4d5a2a2a,statement
87f7e2b543424fd8d82f71b7dd767252,main_screen
a98afb532ecefe70bf4cf3305e5b8b47,main_screen
f91c75e9d45d7987cc46b203621a78b4,credit_info
9b6d4361b7c44c8d498b8a9c766ac05a,own_transfer
4ca31355e9f42a755d11f5d7663ca8db,statement
6aeffa9907e0a65cbc2f0c10445bd946,statement
db19510632c308822def7b54bb8c0543,statement
863bf4d1f604e2eba910fb5a2afb2a91,credit_info
c5a1fd65ed7c07099a5493454ec029d4,credit_info
62d9fdd1e3cf70e852bfe42805ea32f9,statement
4cef221c438a940cd0e0d5cdcb3f712b,main_screen
df524508eb7d4cdaa9164302c89448d7,statement
59c8688f11ab9dd3d95d0afcc9020e50,main_screen
210f00e3af04db68b2d2c2d28057624b,main_screen
4977ac08b9e4f3d3f85687be66af9169,main_screen
5063257412a141bb3361ab77f84875f2,main_screen
ab01d71127b85bedc924d99bd996b712,main_screen
167b083efae2d43f0f0ac4b47112f574,main_screen
ce8eb29df813f9b046a72ae6f6b10e8e,chat
a543f1ea7eb2e82104fc72de604b79b0,main_screen
32f65cd20535aa3a2cf4049433e1cb94,statement
2561909bdd1d06f8dcddf05f6adb2cb1,main_screen
ca20c19a8b4dc01796d6459e90559df1,main_screen
e124f7541ac6577ebb9853f7fd20252b,chat
952c6420cf34f7dd13408c5170d5da25,main_screen
0a5f8f94c0ce375deae0272e566761a1,main_screen
54b1151949dccd8573eb55b8f2ebf935,main_screen
048dfea788a051f19bbecaf9b4025637,credit_info
6256ff5c6f3676764d83d49a255c5cdc,statement
ffa968a9e43eeca305296c1c5b404c2a,main_screen
4326bc32d9cf9263d7bb4f82540b436b,main_screen
937a3bd5dffa132d5b5d95bcaa7ebf5e,main_screen
f4ee5dd0949f7a13898e9c833743cad3,main_screen
779c77dc5e6e80378ae6b57bc9a88101,main_screen
b1301baafda8744a0ce2ca1ac63fb792,statement
240715809223fc2f138b18bffafe6ab0,credit_info
8fee126d5b70ecc99562864c550957d9,own_transfer
e336aacec29fe6b27dc1ddf55bbac433,statement
df21695dc8c10b3ac5acfd2f28389118,statement
96d28d169cf89efdc54c72b72783288c,main_screen
5d82e8d7bd77769f4aa8420fc3a2e836,chat
e27b6ccf14078dd27bffeb419f72d784,main_screen
28d90f8e7e5daa1b80bd6f9551a6ef4e,main_screen
0e977f55f7cc916e32ac1ffca3f3b397,credit_info
53143aab0ff668eb6cc9a97ef4ecba18,main_screen
dab539301fa34b2b800f2ec772b23e22,credit_info
5d1ac1e9328d7517d9e74ba0a0fb92f3,main_screen
303a139078a837db9de945100bca2225,credit_info
ada8df6d6ece887db5d17ef343f429fc,credit_info
395a1017949516896e581822726f7506,own_transfer
3fe5a7c635fc4bf12483a6e72a530689,main_screen
935e1bb414b18af6c838b40a2f9befff,main_screen
66b6485149d2a6752884435304d8d0bd,main_screen
99d0e01cddfc11e98bb586b3fc029eee,credit_info
7364f8bb90544c2661c02c4a4f37e4a5,credit_info
7a0af431fdafa0641e18207f10134c00,main_screen
ce00512fa6d73d43b641eec34f46286f,main_screen
adb3f2680bbe3b320860adb96d43618a,main_screen
6aade9fe1534b67e2fa0b66b276ca34b,main_screen
8a2170a9c3940d193dfdd0b0a7cfb3bc,main_screen
6bcecd58b8ef2bd1b6e8c2e3356af9a9,main_screen
1b60324e9c0f4ffb2137b1bfa2eeca0d,statement
2a8ae8ea995efbc910e0eb8b204de8ec,main_screen
1ad64e9168439a885df0351f5c4b5b42,main_screen
59636a2c138f5e2931f91ab6315cabff,main_screen
47ca9fd8702cf971ebe58a27e5d38665,own_transfer
580223ef3fdd752d61986fa26b3de363,card2card_transfer
70f8e3557edf7bfd263964e05d72cf0e,statement
d1b4ce2f44923ffa98c32f22b92e9ac9,main_screen
56191605a11cbe5084faf97434330be6,phone_money_transfer
3216c5f8f8245b7573cc7828797a2c6c,mobile_recharge
d41e14b741c333b0d5af33b461f9f958,statement
97a2cb2e9bd7536f133cc2371e9a660e,chat
cacbe13832ee0e3f5aa4fab0a3f8e05c,chat
ef89b6bdc3da5a7401b1962d501a02be,card2card_transfer
3e5071ea220220339c0d380bc031503a,credit_info
b6a259536ea7b3595bc5169b992fb2d7,main_screen
08fa8b35d30b37fefaf6043b422134dc,chat
7ddccffadcf86ff8c6eddd99aa530bca,main_screen
e8573e9ec377013ab2d6ab1f414dc576,main_screen
cdd490314ff097839bbbbe2a08b34bc2,statement
aedaf6a896fec7b6c833c94a736cd8f8,credit_info
13e6dd211fd8516a4687ab0d4798b76b,main_screen
646cdf66328a707d90f9c5490ea62c31,chat
2fb070abd6e973f79522d0c879ca7078,statement
13ed406aeca54a6170e8a70c015335fc,credit_info
597ddcdce7a3db28010c92b58754aa28,main_screen
814e0ca21530716fd347ca17766248ae,main_screen
88497f0474605f3e14a1ac84f19ca8bb,main_screen
238fcb5ad67cef18af27508757135162,main_screen
9b3a10c0924d7645a344c49020c2fb7d,main_screen
e17747d8728ed55f887870c5104de00d,own_transfer
8d3330f6a92071c591a6d4acd3e84fe6,main_screen
4c733c6ca2836c007f7239f80271eb5b,card2card_transfer
7be3c136658cf99500a83bf84428bb29,main_screen
c13da0ab86e77b0bc313740dc0164dd7,statement
55bba20f075c3a3997a2a0b43fc6bdab,main_screen
fd6a12f74d52ab311cbcd292f1f4a327,main_screen
68eca578a36566e866ba25d93084854d,chat
80a6d45bf66dcfaa933f95106eb60c1a,main_screen
d02eff22bad1484de16d3077cd350570,own_transfer
d2a11400274df3112e06ec3881ef4f1f,main_screen
0dedb348cccef9725a9a4336152d7f3e,main_screen
fa1038bbb2a542ac10e6209f073c19ab,own_transfer
077352d90bd7b3199679c4a60600d4e2,main_screen
0b59abe0d300327b9c19c900034b436c,statement
0c76fa0f5cf6cca86310ef7b5678152e,main_screen
2669a1f26fe2134707523891be2cc712,statement
c13cdcdd32714fceb81ca3f7262368df,own_transfer
62b880935377ed5438a39296b0561436,main_screen
74b2bab1c3721c44326b5eb20a1062bc,main_screen
4e7849ac9476acabc2b23536b175abaa,main_screen
3820f7ff9cee2c26a988ec0bd603056c,main_screen
870d567aca33ddb913ce717a663d7b0d,main_screen
1d09c0553d61d4b672cb92fec7a72d69,statement
1d7f0b8aa3de4a2c9f1be8b52faab208,main_screen
ea1144293b06f90ea02d67a1de908502,main_screen
d7896af3bfd514a35489267edf8d0050,statement
1e668413437c95781c96007939888c9d,credit_info
d0583f201176e71ee2c9e74ef453d374,main_screen
59412fccaacebd4b09288f9583b69266,main_screen
17c324b0268b104739f6e62beeb436e0,chat
aa2f1e5fd5d89c02298468ebcc02dd04,own_transfer
9724b4cd0f829d9af7b0045138bf00ac,main_screen
bd16ddd9be2931605e63ddeb64ff5229,main_screen
80eb1f1d71422a71f36257e76d768f6e,own_transfer
b3c880c102342fc0ef9179123aebaa7d,credit_info
e74b78da3503b6673431fe4f3d326939,main_screen
1d24b7bceaaef76c1c92cfba07022a72,main_screen
f87806f8d25f13fafa3bddc3b42e7603,statement
3b53438f77ddf29305bf9749652691bf,card_recharge
44dca3bf2b8ff7e410900a3c22c8ded2,main_screen
c41fcdcdf0a42a75b13ea794c5be34c6,main_screen
623c9ddd06db1404123414cb53b9139f,statement
03fee7d387a226e32f08f711e3b294c2,phone_money_transfer
34ac357fc3f92362adb6a3a0735d5671,main_screen
f3a9e24ced720f3f63f8361b12a0e36d,main_screen
d48cd344381287062fe2b9d466ff5260,invest
fd21c58dda452fdf24b485e95099a633,credit_info
0fdcafcb0b575e01db7c980cc9621267,main_screen
ef411a265aff41c44aeb79c80a29b729,main_screen
8ea26eb41a4636774250e36a4443828a,main_screen
84f8d0235187414692d6cce4319d9d71,main_screen
0a2dfcc6f7f893979049135a4f4ffa2e,main_screen
5b45af20b2cbf0056212826ec0606079,main_screen
28ba72302e418deb884d0f5fc52f4cbc,own_transfer
85db41457e655313451f0411e222e6cb,main_screen
b9e4441770a00513857e4c2469f55b88,credit_info
025d6fe1a265565b0ed301a1cdaea876,main_screen
0193ef1d2a7910eb7dc5e6526fc899b1,mobile_recharge
cdd2a6f01d16da54bbabd67444161053,main_screen
16e0b6e86eae7d812459d8ac7ef3838d,main_screen
8e554e4c01eddaf2610ef2d90c08a748,card_recharge
703fdc1d6c9b224b28d48025cd00c60b,credit_info
7f1db12cc3098b0e493698428803e8a2,main_screen
3b6d0ff9f634d4b3fe199fd771e34a42,statement
c096ba0650f163a2701ea15ad056e230,main_screen
2d20461376c4ca5e3f5c4f19da74c6b7,chat
d7daee89c8964f28b6f60f6b070b5e8c,main_screen
34f74867b2541a58c1ef234327e36e12,main_screen
27f2aca053d0850dfbdb0f201efeff62,main_screen
173d191bccc283b77ba8c5d1c83f5fe2,card_recharge
1e0da5be9aff46f31fa687ac4ba25c04,own_transfer
1d4eb9454086d76790f53ef2aea5cc9f,card2card_transfer
602d7ea2f6ff339bbd5945565dd85d05,main_screen
87f2d3e6a626dbfc015e32ccec097ac9,statement
3f0dd2978974b7c5819421d44497db76,main_screen
6510b15161d39d4fb84e116fce0c659c,credit_info
768002b618d6ca51fa4b7028eeb2b833,main_screen
9db6035cecdc65709e0e565a56982a9c,credit_info
7e6fade45e998c0ee78dbe7917631af7,main_screen
72dfe998bbe0a96d91e72a12f1aa0c1f,credit_info
757d07e4257ce9da3be426da71e68968,main_screen
798f805ea53d6ad6ecc174adb2827ac3,statement
4c65dd96e144ab02f3c1d96407db159b,main_screen
1d87e81a219f1ad49b010160a7496d4f,credit_info
0cbbac53dae22d128e6cff4a609fdb68,main_screen
76ebd3da8111b0a44a8b8550640e59d8,credit_info
92feebea45d1fa78e8f19fa5d7a89de6,card2card_transfer
80e837b790212cd81dc462dbed3eea53,credit_info
6c1be52144d5deefc6fa37a1e9b5197f,credit_info
efa45bb35f66cb5f79b0ecf584592420,main_screen
44f6a034c4c5946354aa28f742da2d5f,main_screen
86d541e6dc359783b5efc87405253b50,main_screen
efd46fa8620cd5ec936302c745ed43ff,main_screen
ff15bac013e78b55892ee3fc449ab051,credit_info
cf923e7cc7a612a199926f90812aa662,statement
5d0b8ef9dd21c0ac7be0b24497ddebd0,main_screen
b6ed00422e6993a041f465de6ba50986,main_screen
05868473918e1e0b1beaccb56dd274ab,main_screen
f53b188f9a6b90ce80f8aa08699c494d,main_screen
1fc4a7ffd5d8797d05fcc7e400ffe68e,credit_info
bccb75866de1c5a3321213b3846acd81,statement
99af32bd2b7bab132f1c4acc22060006,main_screen
efee3c572d03310095c8a13af19dbdab,statement
ea08910c2ee317476c5f04200e8483ba,main_screen
3ea7207dc62acede6ed4aab420d4752e,credit_info
6425e96d2f1a767293d322b0a07cbd66,chat
f18acd0b0643f1123e9d0d079c75aa20,phone_money_transfer
32afa63ba4e03c7d140e407f99cfac53,statement
4196edef480e0a931303dbbc35ffc007,credit_info
cd6e8c661885397fc9823d06c1ed91af,main_screen
ae4338753dae5f63c0d2136fb62c44dc,main_screen
4ec80002de072d15d014cf2fa8dd12db,credit_info
a8c02bb8182ab6107794ac082a2ab2ea,main_screen
ddd072c6c0b457643676e22bdee27b32,statement
61d51d5ada150edbfa78818eba5afca5,main_screen
9f917b5d9a506500db563025f92c3a13,main_screen
42069b05f6b8d68f4d2de981ff5dbb33,credit_info
9e18511dc36d90a1a9bb6026fa88ec2c,main_screen
755fac09949af6319c3125afafc75586,credit_info
f45e91df105567b72a60c3d621560850,mobile_recharge
d9198fe89474ba00a6633ac61ec459a7,chat
09646032674143f6d4711c654abf4c29,credit_info
4458ab47609d56be8129825710be2ef5,main_screen
6a8e2b5fb9947d81e214345fbd8869be,phone_money_transfer
16522a71b4d82c471cf02b2aa2e65b67,main_screen
dfea75171adff9e68ce36ad749e1cb57,chat
fe8d40ebc7bdef45ecc70901cd2a61ad,chat
5fd5c387a9d5a7af77a36fb27b772a80,statement
3c421c58b62c37dcf4db2cbb42037de6,main_screen
8b378d250c4269dd4b9e64aab210aa76,main_screen
1900a581ea465028e565757578bfafb8,main_screen
ab603cf6a6808aecf23cce18feb56b7e,statement
63484d7a78603606cede6df900c829cb,main_screen
037fd385e7ecd5339b95830d2908ea5a,main_screen
e40dcd1921daf874c35d2478fe2bcbbf,card_recharge
40edacf799068d3481cd5e36aa3e8faa,main_screen
8569ef1426ded5126b6a132e95df55ab,main_screen
c71bc2a4c98a7acaea3ce3e1d844897e,main_screen
20313a5005a4f80a8324e90060b57883,main_screen
4e35ffed0baf77ac0d732f2a0d93f72a,statement
7e989165f01501574fb6cdb39336d474,main_screen
5248d93260cd90de06bbc5ea2469c46a,chat
086040b32042929372d02fbe5b7b45f3,statement
b93116dd184374fcd76d77cc674ff8a9,statement
853d18d1ab82674261e40f123e001b25,main_screen
1298cdcbda269ad684241ac22c6e232e,credit_info
bd7752957e38b5ee33353d6e93109165,main_screen
71104268ec0ea68924ab66891a98883b,chat
17f7846e00b49992f5da937159c10284,main_screen
883aceee47eb41e190366199a5c569f8,credit_info
068d5badeb6687c9b45c0bfdf9eddd89,card2card_transfer
5e7f3dfe9df28538481f0e32c76d2a50,statement
9cfe3af9930fbcc79dcdd1395d1c4c1b,credit_info
9d521a0b041db97c6802c1850e5b2f71,own_transfer
9b7d6ceb2f09b337fd1e915b5a232e96,main_screen
986220f2cfaf37274b5ef57d892d0c35,main_screen
dcbae6f7cdbebe9e2d081c8608793c7c,main_screen
ca159c624e56fa67a1ee66f4d2d903d5,main_screen
fbfeb3bfd33a898c416013a36913bc00,main_screen
c10fc2d2959654b1c66cb42151dd8e0e,main_screen
32f965fd716741672b74a63f23ec9f3f,main_screen
0ec4e8a0b6aa9c50e71c62fba4486139,main_screen
adabbf90417bb0b5c1051bb721138fcd,chat
8aeff17fadcdb3e0af8e98e4004c7077,statement
17b16d3d6a60dc4485398be07f0f011c,main_screen
a78cb7ea68223ef7db97eb50dda6f1a5,main_screen
399944409c8976ece61b8dccba4a4804,phone_money_transfer
2db3d45b88435b03dd622bd17030e2bc,credit_info
44df800e05309b4496822de469b5fe2f,credit_info
62ce12224523c45921e1b763a6264ce3,credit_info
47a179cc6f9668c370c0a02ab7d32f3f,main_screen
da5661d8acd40f457309294f7d291ffb,main_screen
ab904fa2aa0f6bc46c65b1a73a851691,statement
aa1922f9659db93e4af06742e6663eb9,main_screen
b852817217bfaa8d69f7df61d5426274,statement
a388fd60b41b4f37f7b0669506eb3fad,phone_money_transfer
c7d93f18edf61735286188a5ec4c4d0a,card_recharge
718f40d21bf806d4b7f57e38c79b7ae7,main_screen
0b5a96e642758fdc9d7e952aaef15ce7,credit_info
26b468b93cddf6ccf94f5b5a611cf39a,card_recharge
0bbd3d0d0cb20479c9a03c10ebaf6e88,statement
c74c1268cad7a67ca6805adfbfa17419,main_screen
bc8298fc89fde5d5086616f0126f4d1b,main_screen
e155879cd785dccb8d44842f813c0767,credit_info
cdd24fa09033822de782c7e4708e1807,phone_money_transfer
22420e9e6c85c82fd70c9c2b606c11ec,card2card_transfer
fc3174c3184892ced681bc3b462807bd,main_screen
f784d3819ce03590c1ffaf3cad32bbab,main_screen
def53d3489a0c1572f29b5560aa73e52,card_recharge
017316b69d836b766aa2166525327e23,mobile_recharge
fbcd1c3b38b38bad2a21b617256da20f,main_screen
1d327607354bf1525f1f1eccb71b948a,credit_info
0d616aa66d81c14adae3dbfa63a12456,card_recharge
9a1c3068d567485cc51e4dff732cd5b7,main_screen
08866879bb6b2cf3324abe488fd17643,main_screen
6871d088cf5f706d598a048aed587924,invest
3260353528bde78166578a4b95841e88,statement
4b2b9efcd42b73d8296f2b1886402bcf,chat
e1b0ae9d8b6cd13cc94069f7fddc9c5a,main_screen
f94d24b104c370610ad3847b89f61086,statement
8be141fc91e47b7d408c368418c81440,statement
962078c75b041c99f568f3f44326f115,main_screen
6a16cd878ca54cd2bbd1fa9f18627578,credit_info
b3b6011e3dfdaa99b845f365dbe5d134,main_screen
86a2f79dba09cc709f5f84ebcd402ce5,credit_info
a182a362be43b91b3814c01f1d63dc60,card2card_transfer
a2c42b7046ff654b5d3dcf3b2ac38864,statement
c1cb4b2ecd2cf33f1a6db292b1062bd8,main_screen
573b74d677ca3a6fedc1d1ba8a01cf53,main_screen
a4ed9d0e569e3eefc57e661793c41078,mobile_recharge
0b0d33b601d3391348fadb6375f8ca84,main_screen
ef39f3b9082bf232684334bba7a5abb8,main_screen
b585d49519bb14ccac4857201460864f,main_screen
590909d7a3520f4b4fc27d226b936141,main_screen
bdfa36ccb72a0b4b34e65812595af72d,main_screen
b70963a299bdfc739ca4d7aaebc9b180,main_screen
64a90020448aeb442f24aac4e2964283,statement
fb17fb397de0d9f800f717a80ea8ecae,main_screen
01f035259d0f14191b555f10e0b95108,statement
2d5f1e5029b329b24dcc57c0959d1725,phone_money_transfer
0f2884c6806ee9d05f7ec27dc6d10632,card2card_transfer
c14249a81b0eb8cde3cfb240982f90ea,statement
dca3b5bb204bf1686c8a93a153798e97,main_screen
d245d365328a937b94c22e106a6be077,main_screen
6575c23b85a046afb4be4cca21b4e704,card2card_transfer
53d2d21f6191ff474609a74f691d5d33,statement
d78ad1a6ad4b1feee8a0f5e267398b76,statement
3b3418a2d9f4f04dda83ac356ebc016c,main_screen
14a27cc6c9c97f80a4b46885a2bf10ce,own_transfer
8170ef0e8a6b5ed43edff20e28a78d3f,main_screen
721bd991dfec0bf97610ac5fe4d34449,credit_info
b63fd4245200f35cffb2db22c64b5a5f,main_screen
e4a9dd9ece232daceead6deff2835d15,credit_info
cd4efbb30e488e5675654c717d9d5a4f,own_transfer
76e64d78d0ae56827751d0b516588821,statement
c3dfb8f10d18e1fdcbfb728497e4f92d,credit_info
f0cfbe759f676700917f1e4e15765580,statement
1f2349d1e5a8f4e944168f8ead9dfa5f,main_screen
ee7d723ab0f82a8c42b769e31f244b20,phone_money_transfer
d9f9b4c1838edaf4b56da24005f1adff,main_screen
1dbae41056f289466efcd0cad58af62e,credit_info
33e03291a3f643adc2f29ed8521d1b4a,phone_money_transfer
07e7c7d09145bb1b780fb0db044d2a33,main_screen
759844348a4f9586a9678ed5ac4675bb,chat
123b17700ed689059e7b3e26f1b2f29f,main_screen
feacb11f423482badda636d9a24eb977,statement
e48e04a433aeb8222e60b2fb2ccbadaf,phone_money_transfer
07209a3a1bd7a2fdd3c5cc552819e843,credit_info
edaccd2f2d5729f4a32c3a3fa5f58325,main_screen
1c273fc54d5e2868b36242ac302d80e3,main_screen
99a8356e46a24107fc74e56b46e5e425,main_screen
680ce7d86634744324164421be05d4be,main_screen
22f2faaff630dd0af3a73cbc0c4b8e85,main_screen
c44e04c74d4c200da7b65f9ea86a35f6,main_screen
51873548716f74c21991e7b08d2ebd0b,chat
fa7305a9904a3aef245e665d4c530738,main_screen
6eaee9e8a9049e762df536b7975736f5,main_screen
414f50ce03b4b59df72c04797c387e26,main_screen
82ff735e6df2dd12e40057af9980c0ef,statement
09aa5653dc1dc155083a9281bbaf105d,card_recharge
70d9ef542352e229f376466e1f779e8d,credit_info
f59c162fcbaf7ef7ba33da27c64d7edd,credit_info
0ad1fe8d65fa5020546ade99b20f734e,card_recharge
4cce80f3030273330c83ad70a9190f79,own_transfer
8cf69742d20aad89bcea7e64b77dcc03,main_screen
d9bfb80a05c21b84e53b1b8408dd1d18,main_screen
7199875fba3fa31a55923d05cebe6959,card_recharge
f55cd9a5bf639314859226ce25ec7b86,main_screen
367aa463aee152c77ec101e55b074077,statement
858f811af97c096e68318d242440e347,credit_info
35ddc5ceec5d9957487a7e6cab3972c4,chat
43d7b54302d31005e0bc41a6c92a0430,main_screen
ab3a6cd6517ee396ebae648445e34dc6,main_screen
fd870d954d99fffe2f6d6fa31f6b18d0,chat
dfed2c4bbd39f3e4770ed1cb11be656a,main_screen
ab76117cdbe7240af489d868ecba2583,main_screen
e212e33961ec2235bafdc2515751e891,card_recharge
f176668118e859b4dbab08365dca45fa,main_screen
88463583562ddcf3d68aad19ee213f15,card2card_transfer
6b66deeb4b8214a015109f4200d9d4b9,main_screen
654f1de4731ea501cd046896373a367c,main_screen
ec0199ab15f8bfc9a04ae4ef56f0bb4f,statement
f1edfef0ea9e6136672a7e722e4557c9,main_screen
5e3ae6fb7b037d06dc920851ecfcdff1,main_screen
623126c42fc09afd39f626b3662bc14b,main_screen
80b33809b3e8bd0c2fd91a8ec85037e4,main_screen
aa5c3c38098631c3e8c9609232f47dbc,main_screen
8d523a48b8d7e806119bc291dd81755f,card_recharge
547e0776c33875733d4c941699edcc95,credit_info
e5ef95838151ef6dac0dd89335d7509b,mobile_recharge
1adf578dcf473fee97ecae8437dd73f9,main_screen
fd6e58f91a3f9a085d2a6c7d47fe21e1,chat
c9159f717eb6ba5398e3d47449e30e8e,main_screen
92b19cac2490d13baa211e308d0f1507,chat
f457d3716994d1e10c2dedffd8faf0b0,main_screen
af28bec6f1300adb9a7257ca37d3f8aa,main_screen
96393ec3ad62c93dc8ea22edbdca4fee,statement
fc4f8d161472b96d580d789af15aa3fc,main_screen
7dedc8aae04b3ff5b0f7a9eba887dcfe,main_screen
ee4bf10016a05543dd0669054e4e58d1,own_transfer
b664f2600f5a2c335d1b55fbf8f0d250,main_screen
a4252a568063108d5c01e92bcafdd8b6,statement
2828af84641d886dc11aef4bff415501,main_screen
509733a9c80b14f7951d3df9dd5c6ebd,card_recharge
69a5f4f0020aad72193346dc55b3246f,main_screen
221090302a9fd06866db4351e7090aff,main_screen
13c4910417158121c7f332c5dd7fed2e,main_screen
44bfcac082db1cefa2b447e89cb58108,main_screen
40f945f02a04327d2273733e7e70d1df,credit_info
b203bd5efc8af28ebb043966d65376c9,main_screen
fde6af0cd51c49fe9e75402d1b71f7a5,chat
8701561fb895bc46b5fe3c31a3b06422,main_screen
de695294b316c2741ef531396bd360e4,mobile_recharge
de607f9da2ee90e764a7d0c989c9e06b,credit_info
eaae951bf892a094d36fa23d5fd2beb0,phone_money_transfer
84e65674c9e574e7f231545a684fc839,invest
2abe0d99b38e83fc9d6281f1ad65ea09,main_screen
9d9452ec8b1b298f90f18c6cd454557e,statement
66359ee65d8579e242faf30f64625903,main_screen
082cfa0a82ac163d66c0a6b73b58bbe4,statement
a5434cbd6063bd88ee58322b3c28a861,statement
c0de67d97b94d7c90fcf57ff03af9236,card2card_transfer
808c4aabc6fc92eb8e1e0643d8a362ac,main_screen
ecc4f949314bc548acd7019bcd63b6b3,main_screen
e91041d9cf35a1369c7d87451670c839,main_screen
bff3e4ce44091de607fca3302429f192,main_screen
172730e67c4ac5e2f4ed13f61e981156,statement
0b9954b4afff8d5d9f245ee4c4763df0,main_screen
eb7e890350351e429987ef4c1129b2ae,main_screen
d99c574e389a11e35d9b57b236a3dfee,statement
14e94a6c0184a35597b1cd8f5ead848e,own_transfer
562bc490bb727212fdeffa393ea57353,main_screen
eec08d70e1c43af6316b60f05d1837fa,main_screen
18aed55b35c64bc6b47ef9e166bd447b,credit_info
2c57447fdeec7352f92726d24f49e1b3,statement
07c3cc7e27d4bb7a56a438ab0eb2de1f,phone_money_transfer
7c69019286138c572dcd7dcef881a34d,main_screen
18d31ee6bdb59c780c2bb59d67dc889b,statement
a92ca49c9fda6d003d3ca9bcb178a5ea,main_screen
8f6cecdb098be27d00ec2c2fffbb8a09,chat
f7c61272959baad02d27888744468cb8,main_screen
6881d09365f652f47d214e691f5b3a47,credit_info
ca47006214d5afa60d1ade151b1f5a49,credit_info
d1d5a0b1ef1226af67df28d6c13dc19f,main_screen
46cfd97411f8a38913e4ac354eccb856,statement
14676a3f9127252375b4bcb23e901f9f,statement
7ba37ec80a1ea9489857a8448900042d,chat
6b78823691ba137613d85a2b67010e5d,mobile_recharge
1b33550d40ac6c577b890e78603e457f,main_screen
9715416f75a53f257ab8d1fa22d7f153,main_screen
82534be39e1b792584a5f3e117ca7ac6,own_transfer
afbd8e078cb1a4a296ccbcbfeae22a29,credit_info
575b8a97ed0b15343e050f74d9a5a5a7,main_screen
588c8c2b81a33b203a39348cd0fd1e5c,credit_info
bd9878f19f075d941618ca2023f8d271,main_screen
aa18d8efe5e9893acb31c4efc710b219,mobile_recharge
8c0987a2a4498ff3ddca61eb1b1e4e15,main_screen
f361cdc945a714cbd6e0bc2da328fb26,credit_info
0dc2fade4e034a6fcdeba289a233ca73,credit_info
ed1a6e1191284bd515312a1ed7df4bff,main_screen
f1941d231f7ed77350a9c9ec42fa7d0b,main_screen
756a6c31e18c35382e6e547373fec5f2,credit_info
095aaab82871a9b9147783bc5a9cb949,card_recharge
e7034a02ebc2d2f3b8d9b1d1e680e9a6,main_screen
3b75892b63cd0230e013559bac997a7d,phone_money_transfer
bb70e29883e509604142312d24cee840,credit_info
8b4a4d0242aba69cb5d419269903579f,statement
0925228a732ce104651b79c9bc212c92,main_screen
ddd330ef37f1f4243f3935ad6ae02cfb,main_screen
3ec0d4ae08449e2f564da87cb14fb819,main_screen
fd1ae26ac5fbac6fe85d3870e5c42b8a,main_screen
1320ef2f353dcdf1245ad7aaee732fca,statement
e201f2da79adf3d848660afc8c0ecf45,main_screen
6e8fc6e5e8892e172820053d804f74a2,main_screen
a83fadada358c50145c59931d3879665,main_screen
b60cbc3495ed2de57e0cfd1ce0d32e88,invest
f0a2b9cba291b691d265b8cc573c86f9,mobile_recharge
0d7b4340df813ec92ca336f233734564,credit_info
19ae9cf5d9e8726f93d69f01b6687336,main_screen
a229923228b5893e3f06e044514cc7d1,own_transfer
0075fdb02f56c44b6b3dce7cc5f81fc6,main_screen
b1b46bf7cd7aa0925e50a2b0a24d961a,invest
b64eb8faafa07030a475dcd22bc7dee7,main_screen
e70433e2e4c58419a3b8978aff158f30,main_screen
aae6d2991b981a42b6227a8fcf6334fa,main_screen
64df0a94c7fa1863160980a48c7537f3,credit_info
8a93d14bfb97803ec46c08e362e67fe9,main_screen
fe89e02c13d37ef23ef5cb26c3846e0a,card2card_transfer
5604ca65330240ac54d8951a1443b4f8,credit_info
7cc449a770053c07da75e6b861db04bc,credit_info
e1866048c9ff1f144927d4cd69eac908,chat
38940629901c23e3b720da662ac6c6dd,main_screen
4786d05ea398c26672d09a47531d70a4,main_screen
1696b77b88f0a95f90c8f19092c5d9af,main_screen
cc7a85f323653103a5fbe5cec97afaec,credit_info
a17cbaa8993da414907b77d1be6b6b20,main_screen
52f7f9e4cf171534c645dbc1f59b9de2,card2card_transfer
56a9f819a43f075aa49cb0d2055589cf,main_screen
04f248e125c26b77c8211670c7da13dd,own_transfer
8810f455c89160012b2d13b5399d1f50,credit_info
49e8d4893d3d430a7208e566b593a366,main_screen
4e0b3a58b3df128c4d0d32d9c0a9dbf0,main_screen
ec0274fa5f96868077978a00988ec330,phone_money_transfer
8af93962049f0ab6e08b503c85ebada0,credit_info
9567ab0a48e91c5235f93b3e9b41704a,statement
73fc52d8751b67820851f7490dc39c10,invest
56eae1dccd3be41f33641e82e3dfa81c,own_transfer
055b7eb9e923e937aa2d58f8018a618d,chat
3866de7961a4b41d913360a8744ed27c,chat
f7652cc457c601f13684815358e1fab6,credit_info
befb45fbd2bf05ca7025b7e54e984384,mobile_recharge
10c9c8d9789490fda91ba818d281ca84,credit_info
30eda580693bfa6894323857239a8f48,card_recharge
8bcdd20d12aba7f773818125e5eba00d,credit_info
e190defa64b471b5ffab0ae1e1b027c7,main_screen
4929bba5b79480279bedf6de08158f17,chat
3ee44e8dc049e8dc93d02c648980f06c,statement
7de788f60a9de7a4755e5af4a8fc9e3d,main_screen
a1c97d38089bb85bbde4f6e57fcdd6e4,credit_info
a64b930904924dacad5d2300c7133e92,chat
0f1f6f5478813475d16bf51b79bfca39,main_screen
aa67962158a3681f584281472f0c0c46,statement
b06a223b98e2ab7a9de45e709ee3031b,main_screen
1ae9df9247ae379d1aa2bb15984ada2a,credit_info
f9198c69df748f7b91de804ac401e002,statement
24c3f96321252628de5eb4adb5a36a3e,main_screen
59962cc6c636e7cbfaa3c8dce42d93ee,statement
1bccd7820b160df6e9fd730caeda07df,main_screen
f51ea546d166515ef9a09e7bb5d9379a,main_screen
be88a2ef826600fad581b56557ce3d9d,statement
de68985e8e5e895b7a48ec538d127e16,statement
b8128da1a10b04f6c4b1c833973d3128,main_screen
138aedc780fd245b6807db580497edb2,main_screen
c2736f7280ee5be0f02bd1419293d2cc,card_recharge
40f77b4f50e1b151796d52034f60ed64,main_screen
dc528baf0ed01cc809b5e35eb4ad6532,main_screen
bfd0428df4bda2c06dd587f8d59f70eb,statement
3cb613bbeebadfdadce36c23cb437b44,chat
dd10d93501b091957644caef78dc9388,main_screen
c7e862dc2ec4936dd7499064052d966c,phone_money_transfer
2641cb8c15f913c9f05e8883d79e7ad3,card_recharge
1815660b81d5d4ed74c4b544dbd6c12e,main_screen
f3600600cb75c1f673ff725e8e5b2b39,chat
ef8753143f400b4beaef63bdcc8f11db,main_screen
23cdbb4fe58672a9c9146696678ed229,main_screen
260e97c6c8d8c7c5e764c7b93142c812,main_screen
b6cfb0cca91f470e46504889db04f4c9,main_screen
d2c2791d12227e194d2a18a506239d51,statement
119ca1b8fd93ba7f488adad25fe9cc3c,main_screen
714bd8cab10e933717185c4d45ffa656,main_screen
6202ef6beba85c30de0487ac14330735,main_screen
7a77b32de72f24f05f4e4c3c3d59ce6e,card_recharge
6a0b2ad4e104faa1512edf96eb886950,main_screen
c3ff8027122d0d6e54e61855055789ed,statement
e963de365eda617e4f3914850c4b793f,main_screen
2d2cc1b10c6ba19b6924638a076108ed,mobile_recharge
ca6c8d278347ee03478a657c30d62778,card_recharge
af4aaf3d27f40aa8b90a19ebe67df327,mobile_recharge
1d71169cc04dffaf53c526b2bc469337,statement
bed86272ff4914bdfb1a3ec067bfeeee,statement
e9197ec2e77b5519d3b8f015041caa25,card_recharge
bafa701a692395b448cb94da15926826,main_screen
b0abd2726eca4bfce927ea2bcd42a21d,credit_info
88fc0a75ffa963a945c5dcb83b85240b,credit_info
b92f85f4178e81780c876f8cbc756c84,main_screen
cbdcf52b1b2cf117d62835e2cd536143,main_screen
757411239dceca6fa3b7a9c1f3b4f740,credit_info
6165b522566be0bad20c3c28190791e4,card_recharge
c0be2e5937290d5e6bacc9ec7ec2ecc9,statement
b030878dd8322b40a88011779d2cfc14,main_screen
196f17d825c1ac67f9f4613c9c631088,statement
9d47ee4a63cf1aaa171d1ef6d2da8f3c,statement
aa62eddeb46016ed6c98f40e6313c4cb,statement
40ac3f8eee13be2682afb7140b1bac84,main_screen
844a2b93648f92b4788375fe2130c6eb,main_screen
beff438ef8f9627999b5f92b8ecc2627,main_screen
dc58eac0e6d6ff9d67c42d77061b8a36,card_recharge
630bea0d242204da6d3ef777fae403b9,main_screen
8fda38673f6bf6a6dc999f1d65088a1b,mobile_recharge
fd4be24651d0bfb26cdf6eced6217b75,chat
e83640ac37334e34a2097ef85c1ef3a7,main_screen
c4df8541f7f4e53580220de5c42bd850,credit_info
548b48cb5694335899a37077efc9d753,card_recharge
253e716788ae479a047753e85f970675,own_transfer
3d482e5fbd8ea7ed451fa7b5146d223d,phone_money_transfer
0de21c2874fb7da1981397800a065f6d,main_screen
88127e4120afd5022a6ae34544d59b30,credit_info
f428c2665e1f0d0451348a90d8206aca,card_recharge
7936d92a516a5533524e276357989b39,main_screen
3bf3c76eb959940fd506908d3d535971,main_screen
37c83695f2b3658c1fc25cb33a444bef,chat
d2f0784f8f2022ab1f97fbc6ec642971,invest
25b3893a69c975d018560333766d4338,main_screen
b0be94a7e0c896d3846e3fc4320d1927,statement
816d4f145b76e5082b995c4d2d96e8ef,main_screen
a962e34b857adb98d0974ad9f1953543,main_screen
533878c767a221f4c717b6328f44080f,credit_info
e682cfea3b2a91952f42c8bd66733369,invest
1828d7fe6717b4b10ffbb0f1f4b148de,main_screen
7ef8b5d586a65cf146fa2c2b56924062,credit_info
133d7fed955ae5883eaeacbbc50faebc,main_screen
11e134ad25b11fb1628e18855fd34725,credit_info
37ba147b2446ea66ab4258eeebc05332,main_screen
33f1a0d884f3092c3b7ac5fc3e6dd145,credit_info
2f5cd92fd5f710d26cd6b61b5b31ea80,credit_info
823b0b0c19e52a18272a50cb5502908a,credit_info
e2da77eca4907f6445ff1ee210bf77e9,main_screen
7689ed85b4589b61584787eebfa1ba2d,main_screen
797bdd77fe11e412058eeb5a72de989b,main_screen
994aee2c29ff91686b9431c71c24f675,credit_info
90776a365f5fd3b96268599c32805986,own_transfer
2d15a633533670dae8039111994e2fc0,main_screen
48f43e4e5187dc518121eb3768696661,main_screen
2b1905eb4b30186e0555cd916f9fe701,credit_info
324fb3972fc798ca5016a34739bdb3a3,main_screen
137d8088e604e5f2cf600503aabfbcbd,credit_info
3c32b31db2d6ae62bf3e4c76612ab7dd,main_screen
b0e5b2ff7b4cdc2e83dff45e603a2bac,credit_info
1e56fbd3c9e2995289501ec469dc76a3,invest
2f3d8630b8b40fbf2994a9cde65458ef,main_screen
75235610f6ed44f69b4790d253508053,main_screen
4825c26c1316a214da6137da79922f94,main_screen
186c4b5de97c513beaf580ab9671101a,statement
d2764d6ca70b644270514bb8093e5336,statement
7159cfffe0b57acf07b7ff7b35e6d0e9,statement
b5d434a4c3cc7bbb85c0d710c2e808c7,credit_info
4f10379676966fd3ae9622b15a4dda4a,main_screen
5f5da9fc3cef675caa334223f60837b1,main_screen
f5b030eb8829d26478c5db2d7d8dbff8,own_transfer
952184f009ea2fadcb3d0c90f60e28a3,credit_info
e4ca8e7678ab1b8a1bf9f00c8b61b2a5,credit_info
8b68a26c4ff79ef6f517bf7f2a7cccfd,main_screen
f2f1d448aa638024a3c0b901f6a88f58,statement
61b70020558684dd50b06c39135374f2,main_screen
2cfb98f7b80a3057464298848835cdec,statement
c162385514171fef4732a81a5839cacf,main_screen
0ace2594b34164e1744f43baaa333658,credit_info
33dcc3ce2d0208e50529d22d3b6632d3,phone_money_transfer
7e543fc70808ac1412f4f96f783e8890,credit_info
84f56e41dcae18000e915ae0f7901c42,card_recharge
5c23162969fa59175ea53382855357c8,card_recharge
187fd9f3bbbbd59739e4741cae194c1b,statement
24d95d3a71cb758356a380f08b7f7f7f,credit_info
1f4aba8571247a7b2914f5f84ee63ec9,credit_info
c195e87dc01e0d7348a4d470f539e32e,main_screen
c7d7d0d694911498f0b6214e844596f7,statement
8ef3f59647aa8b6cd7de3229eef32c88,mobile_recharge
b04156689a033e83a3dc4899522f3ea9,main_screen
98053249d300ffaff36ca4fa6eb1e234,main_screen
43c8c9a2b3050c8085cbd716ad07bee0,main_screen
07e4d53ef9f211df28c99052eb817056,main_screen
65ad6edf0dfc3d9187bc31a6885b1185,credit_info
8ea2b2426db802902c311e490f19c3c8,main_screen
b0f9a9adc8d2d46d08b2eced12bcfc78,credit_info
634b7a5d04467e9b1203d4eb50997661,main_screen
796f5a71e4b87490ef164089dfda6e49,main_screen
8ab4c0e439f2ce955baa05365bf53db8,credit_info
86eb16178a1d1c4350b7cfa8339c87e3,main_screen
7e7cddeea90373d62863b747528708fa,mobile_recharge
1eb6e7a42e088a4c08f56f07e77bf114,main_screen
330672d771c5da53543da4be26fe4ced,phone_money_transfer
ae074ea959f65f3af4a2fe8edf723b4b,main_screen
5cdeb7200a3b5cabb70d757aa505f64e,main_screen
235ca1f209dcfa09eb57c4dc52adc2c2,main_screen
a2068dc4ab90e3e32401e8ba5fca6c86,mobile_recharge
e5cfaa98694e25b5f774c63304f9483d,main_screen
81e7f2c82181e08bfe74a5a2c901264b,card2card_transfer
f0d388d8b71da3857227b91d1c0c4973,chat
b30d0452a68c281b58a76b2e3a22fac7,main_screen
93e764167dad2c849c5e25da1ac1fae0,main_screen
52ace81e414a7f4a1a6d8b2eee084414,main_screen
a3ba92ffc15d90f15916d4dc6f33b7cd,card2card_transfer
05e6b4b7e5bc1213d77a540ec6043764,card2card_transfer
8809ccdabae451fe494f61f5e6b66bbf,main_screen
52b2f596774ecbe99e0f2f3db242d761,main_screen
d251ba5ed2e2a884e39b8cad9aa003d6,main_screen
a05b9eb1e4cc5fa1b707d2a16c74879e,invest
eb2cedb2db870c3fdf62ea40912e9e65,main_screen
281105eff306fb37b529c0c2e2369b33,main_screen
6775ddfff65af0e5b34f4a34c06ae886,main_screen
47bc9498ac114112d6ad966a299114e0,mobile_recharge
a93566cea80825c8aadc9ac2951b5bb4,main_screen
2d901bd4ba1b6a26fba9db553c7bc7aa,statement
b9b4af6fc7f006c63690b52168351030,card_recharge
bee1475a664c7f50a7e4721745d1455d,credit_info
78acedb9885502f71a80710568123b52,main_screen
4ce78a7d54e96d2f75bb6a4efec6e72a,credit_info
c9c06cbfc81aa028ec4e08e0488cd9da,credit_info
6f3b79d16322a2d91185cdb53a562e97,main_screen
9a665a34e5d80b98c85c3609e2fdaa7d,main_screen
1fc857b1ecc3692254632975eb0b20fd,invest
5ceced4d13045bc4b312a78efeca8b5d,own_transfer
8b28d988e3ac7cfd19fb9664f70141b1,credit_info
446229bd8de73a87d501904ccf949fd4,statement
5c910035b359b02abc00fe11b1de80d9,main_screen
dd5f8f11d19b91f637a39979533592c7,main_screen
ac7df2ce5c07916552ab7a687c624d71,chat
30bcfb4f4a3c35d3500ebad8c38f6bec,statement
b857dbe52d28dcbd2506e1c88f05dd3b,main_screen
1e1e0475e77773e8f668e1b009c83340,credit_info
d8250d00fee558398f106ff9e2947c39,credit_info
b9e21d655841d943fd83764d11e634f8,statement
c366689f8a06130ae69ff57b53b42bcd,main_screen
f44a61e67a6e2d25ee8abe79010c6c6c,main_screen
332f02c38dcebe28f5e69c24f71aa832,statement
59b1f2504150a4d577de9398981e21ad,main_screen
b83a1dd7bd710aa6ca8ad8374b08f0e1,main_screen
6c5c5e0fc8fe3ae47c4bf1b344419083,chat
1ec5f210e64e8c4a4845602d3f9cee81,main_screen
7898bf36d7106f1b89e977b27b439d6e,main_screen
08d492edf1a42333bddbbc18760840d5,main_screen
4262f12f3eca163707fe9f41402a3cbc,main_screen
4525fcfd04d10a00c216f706479996fc,statement
989c6d487694a27deb307163f5dc3edf,main_screen
de28a6209bee472c2c35361d1b08489f,statement
0b58601e44c99bc44330a45b980a9f26,main_screen
e7978d2fe642e7d347228e6e486e57ac,main_screen
ecb9389042e1046c6cf4d9f67a7d9536,credit_info
d7f1b9a011fa209a425405ae6dc7dcc5,main_screen
eddbf406630bb5ef95c46d767e3003b2,main_screen
56f06f35d0d6fe1cd69b5085c06951e4,phone_money_transfer
6d0e1edd962d43d91d416fb2b338972b,main_screen
8e454655667b47ea9b75e79c0ec8776b,card2card_transfer
241619e822163b184175bf136d220839,main_screen
3660d9bca760c9d91be76c11efe06b48,main_screen
fd357dba616087fc5130b43703ce9df0,credit_info
a8e589545d74566e9df7765e82f050de,main_screen
9ac1aeefcf2b53b3f6f680c5310ff0ab,main_screen
68f9d9f9d1d0ef98f93629ba4126a80d,main_screen
1dc305d6505ecf8834a6d8c911a4fe5b,statement
95c85bd0903176e9aa5cd7e90a11adaa,main_screen
87d67bda91be2984f39a73222d15a94e,card2card_transfer
c297179d59fe3af6a504536abf887056,main_screen
842ef463dfd65d228151ae12c4d42047,statement
0b6349f512ba883bbbd89027cd534920,phone_money_transfer
43e27767acc9a3db9bb25bb975808a6c,phone_money_transfer
377e15b297c4b3452eab4a21e00088be,main_screen
2521ee80faa27f6e1e6849ff30b6e0e7,card_recharge
1d8a486e97c8368c5a71e98a8ca7db08,main_screen
fb2da617f7103a62547c3afd6e3add4b,chat
26c0d3ab0efde4e00465adbce7d9168d,main_screen
b60a11763cac5c68397212e88e0c37d0,main_screen
44d61c7e6b33bd491f8b3ccc470a4ec7,main_screen
323a568a0719a1eab2ac1249711953e2,main_screen
f1630d990afc77b4e4df2a9e0aa4c906,phone_money_transfer
db53e953b8752441c2b040b4fcc6cc0f,statement
9ced157d110d7b3a8d07acf8c8356dd6,statement
f7e9777fd91916b2739d29f6e53637da,statement
bdbb4eed9f34debd395b5eb3bcc60385,credit_info
ce7f2fbd03eafcbb6061d80c6e476886,main_screen
86f66b11ca063ddf13cf203e88c2e0eb,main_screen
7829564e1178d8ded7d973003f72f91b,own_transfer
ae0ba994a8587104c4e8d906b8508b15,main_screen
807a4c9a481b68a6e49e750391bd7fc6,statement
138c23d804837eab41c0959123977f94,main_screen
9c391b737eaffacc87b24b86b5916dc6,main_screen
d7fd6bf320cbc38282ccb2bd562c9614,main_screen
9efa0d9745cd3eb9895ac6b4a98713d4,card2card_transfer
d5ef03c8f60d3960609f811d7ea10c42,main_screen
9fc2ec995c319fb5239c7b93c328741a,main_screen
2e0dd2a11bd5144f649fd762571e03fd,statement
15fbe62b8288f1ccff69aa8fb66e9d75,statement
15e1e319af26ed9004c1e5c1e4b0fc2e,main_screen
6ce6da17dadc162bf68b345b7869148c,credit_info
043bae7a7a26eb1132a9d34396e313e6,main_screen
335ccd852f6fff7287ad01cc71e78afe,statement
fb0ec8a99e6bf341e56afc87586cf096,main_screen
1745db61fe11cef3861d85a0349ba764,card2card_transfer
37295a45feda7d2eb3a3142bc2493f33,credit_info
444be6a70d4fbbe4af70e7df8dec8d1d,credit_info
e39ab978244e18b82c7dac9f2f566568,statement
41c7620f765b26444b035d32962e0618,main_screen
2612461de4aa3200b0f18c9a6b466528,main_screen
258472fa16be4aecac01e35ac3b38a25,own_transfer
8978a849f258170e16b07054264045bf,main_screen
8dd1d3330fe53adab5a3a094233ec5a3,credit_info
76671138b2d51cecc85261df7335dde0,main_screen
ec28065459d856fdda87f74912748419,main_screen
80113aabdbe99fb64ff141cfda708664,main_screen
1a2b53dc8dc9089340bd3d5405bb9fe6,main_screen
6eb7ca0363ee2eb04f18006c5f784222,credit_info
289e5372ead6d5412711c17970d71899,main_screen
9165c611f981ed81591ed1a121042d4b,main_screen
00611147f56831ece0a5d7c0f585bb3b,main_screen
f3c81b6f5a865ca3927983bdfa329d5b,main_screen
7c96ba40dadccaa0aff0c147eb0f6633,own_transfer
5d169e4fae9d208671bacbb7389caab4,credit_info
a89caeb9c7b35c49ef6393e950ca2050,statement
e1f50bcd75218688b39b13f564ac82c0,own_transfer
b959cc410ab7d6875f7d6560e6a2bf49,statement
878aa6f4b25a671d7ad9883e46377f4d,credit_info
4a93e9f6c767645ab1b21ecbdf28985a,chat
4ecc86399067bc2acc2f146e030f84fa,main_screen
b57672e1aff83b270543c44d614a08c4,main_screen
dc9c03bcfd0770654fc4b5b71e1448e9,card2card_transfer
69f08a8790f705bcb6fc0a7abdb761c5,own_transfer
de4b45d6f0d5332ea7fcf47e189d6361,main_screen
1228aaf19d98d2782e9ade245a1805eb,own_transfer
5fbb110d5a756338ef31b1c7aea8f13c,main_screen
425516ce12177a06f5ab7df60e54a3de,main_screen
443a127399044a90ecb3f4e8c27f4368,statement
65aff8e608298ca010fcb4b6d980f0ff,card_recharge
fd49db7105be9d4a198be0351e2f70ee,main_screen
f494c29a7f77e6b74e35c90570900556,card2card_transfer
406a2e0d0b62ff3aef59ea8ce8f892ca,phone_money_transfer
8fd3b992a0e1b25e141667de992dfe8e,main_screen
963d08525c50855ce71d34d0a318f06e,chat
6a54ddf4ba1c93a447fb51d55dfb9c48,main_screen
64dc19b5601596f2f24ac0a24a23a500,statement
06c1dbd731ef63e785881246e2366c85,main_screen
3e3793b16e6b88a3d78b9dabb24ccbbb,statement
6709285fcc7fc05203ab6a8d793aa1f0,statement
be2d54df397e05954a4381e940d060f9,chat
7d17de9c2ef340a85b9b95309b434e3c,main_screen
5433c1c2ed41412c770b68e1a8e457ce,main_screen
01564892ed40bcdb65f50c20603801fe,main_screen
9ce5d3ca54f22e1153da0050f4c38d6c,main_screen
0e485c7dcd157e68fe25127abd868e2d,main_screen
782569863d970373e4bac4ea89ec3a90,phone_money_transfer
102e960c035f25864216354c76e2de82,card2card_transfer
0ed23240e1eb1f8822ea69149440a3a7,main_screen
8858ff70dd33a75afee8b76cabdba733,main_screen
9a0d4069dd3d89859c64d07b2fe581fd,credit_info
89134e317d1c129036eb6f9e979923b4,credit_info
93845eb50c3c90d10edd61e17dde3a23,credit_info
48b20cfd90f4f66a6ced4cd2dd8eada3,phone_money_transfer
50b5ba4bd147ca918149b5283148041a,main_screen
ceb2f5bb4c32535c5162c6c3c62543dd,main_screen
25fa077b858144c5b07a648e257d8a58,phone_money_transfer
92f8dc79dfed3b296cce7202c944b06f,main_screen
d9860eae28796bc4da3ae7a67a531d65,chat
d78923ffdd59fa5fbd8758f4b872a8ab,own_transfer
3131ab2bac06a9c4614d4165cef67406,main_screen
da9d1d232e675000545f41b8c062533d,credit_info
0bd0515c6dfb5803a84f5d97af2b7cee,main_screen
a0af57ed7bc5700e77dee1882c702091,credit_info
5a63aeea8c38f78dd84199bbadf4bc8a,main_screen
63de59399375f313949029448325e288,main_screen
3aec2f1cf2431a6f58ece0b3102903e3,chat
4a03e09b80c58ba8c95a35bde4952a8b,main_screen
a84b61a42fe483177621d934a497e770,statement
8e21cb605522b53b53da847e832e9f29,card_recharge
a4c149ad966be233b54642d76e671470,own_transfer
a8636d06fbf08b913a1f37d3145b4cff,main_screen
0733dc12cf4aed957d3edf1d2e3db189,card2card_transfer
48cd1913b29f7ee24b70dc32ba22abd4,main_screen
66caac998413b05f6457de577ec7ace2,main_screen
a359d96d709302750aeb7d4a8932cf4a,own_transfer
27ee6c3c45094b87fe7f9a728b7a14e5,statement
6a8c7cf7cabe048f4248cf735ac41d03,chat
fbcd9cda21bd0e585e53d250e588252a,main_screen
3f8278746799f480c9ee73b80436ca38,main_screen
219b791a2694c232eda9afdcef65ab11,card2card_transfer
e67c5fa33ed200c0ed2f682b834302ab,chat
3cf7de3f750d6b573cd4609a188214e1,main_screen
e8648968942b271ac3f55dcc276c0043,credit_info
f71f0d51caf6f0582d295ed4efc8a16f,main_screen
04513eed02219d39dc43979f89e8ea09,main_screen
e460ea966811e3b79ff48c76a46bebbb,credit_info
8489f230abdf109e17ed2a670095f011,main_screen
8960fde9c4b44e0f9c9f981cf7dbefe9,statement
2b630ab020141b354818677bb48ac694,main_screen
68d84e3497435fb64e98eefc13fefd48,main_screen
5a4c72a247072b12df71493638801add,own_transfer
47b68be327c66dc0bddd065bdcd85727,main_screen
08fb04ac0a5f45d1da17033b77e5f104,credit_info
dbd0667efc9a8c5f9a51f39f478e95a8,main_screen
92dc593f68219ee7644399e772d94fca,chat
7a39c8a4e8b0dff1385794857511f3c2,main_screen
887c387ad14e4f13a4e05dffd8670f7c,statement
14d033f0011984ba1a57eac0593bec8f,main_screen
ba9142e2ba77921f1bcabcd86ef1e9e0,main_screen
13912bdd7ac5302194c21830d1f58a2e,main_screen
9ac14df79e0252a16ee1091c1851105d,main_screen
4055d8fa6e12641f76f16422febc8a0e,own_transfer
41beb92fbfb7840957d6264185295ab7,main_screen
e92e8c4d813dfddf0414f805570ef3a0,mobile_recharge
45a8b9ce04b47de40db02f0a934e564a,main_screen
4ea890276b475ed9f16a4ba4811759c3,main_screen
ee8ada8d6940874417431c3b74b3ef9e,main_screen
6d941a34b2d268a757e21c7043a20611,credit_info
0ba7d2756018d4c96a5b9737f435f09d,chat
762ac8aca3ac7b228b386aafb8a3a10b,statement
73896aa850351d5bf3af08ca89b8f7e2,main_screen
4b2d9b79994f6afdff0682ff244571d1,card_recharge
f1519aa08228ae01823fa0f160b88525,main_screen
ae71e9c3faf389326aeda2cca8fa5926,mobile_recharge
2c151bccedf84710332b9ea372998215,main_screen
9d1e8fe95d08e369d355d0ecf2ab149b,own_transfer
28d547eb9782c8d5dfd45d29b016585d,main_screen
5bbcc3022f375cb18d65ca6fb145e3c8,credit_info
f7d73a0736ed37852e8d27f02cfc7000,card2card_transfer
680736fa015633fe67a8efaa5944114e,main_screen
ac5f3074b4a156bbdb980b0f8b0ab93c,main_screen
a13b18089af5fee4e548f242192f0ac3,credit_info
125e394fe6e22e6e7957b45852c6dec8,main_screen
852d1f595eac2ea70bf1af9295888fb6,statement
4943d98a6ea61c6b1f1611dcbcd27cb2,main_screen
ec6ec6f890aabecad7fbda99789fc1d0,main_screen
68865ac53341fb762c9b94834410e1e6,statement
6c2df7c27cc0d78f0aceed671e8cf181,phone_money_transfer
fa948a8bbf0b846061b8c52ddc85b004,credit_info
bf895c60f5662e037a3fadd4348b1d33,main_screen
68a57d85c9fe77d730483a67a9d3322c,card_recharge
d38706893cec6f9a89d4be4c904ad816,credit_info
64c8961cd1b2aaa18cccec3ed9fe2ec5,main_screen
7129f44850e7f1534ddde03dcfe32e0d,invest
5649ea1f8d3a8485c0608038ee5faf7d,statement
88ecd7cab94d7dab4e8d0e1f887e52a6,card2card_transfer
10eb3b1df9c180212029c6ef11e16424,credit_info
19d9529f013545fa5b3c9d07caf33f24,main_screen
de7201193b120d6c6f5426fbb4e127cf,main_screen
2e3cbe7f874d54a5886d93257f1d2b2e,credit_info
1ffe72c734fa17916684ceba39c7cb17,main_screen
91f55a33d7502c1a1fa5da7ff2f7b648,statement
9ae6051527d7c8228f6f8019220dfc58,statement
62ce0ec9153fc638d8c853cdc8e6f544,credit_info
ed3d92b6687d6effabc56b07ea51964e,main_screen
fe5d6bccc3c38c178dffde7b2853d5cc,main_screen
5f72a4c56e4bb06618fc5dcb4b0a2088,statement
8cb749cb9ef5c19a73c9ce8cd36cf7ac,statement
bedfc7cf1d4b07edeea1a566cc552c0c,statement
31760b1064a2601f8c0841bcb6e7a304,main_screen
6fbf9fde40c07953502efec8f21d8008,main_screen
669b47df743fadf87b390bc803000bda,own_transfer
674a9de935de58651e246d8c11f6d710,credit_info
127e7c34dd283a7dc90073079d088b31,statement
8fbf87f20c50ceeb8bd258373034278c,main_screen
686dd1e1b2cce8d92a47445344b54571,main_screen
1806d4d0b8080c47b5611475c3354115,statement
19f833deb8c5de8e41637fa2913e95b2,credit_info
0227da27df26ef683ad315a7944214b8,main_screen
96b78e22c19a4705d11fc4b1e06c15ae,main_screen
092ae325d22ead1c31805730be4a67d8,main_screen
77ce04006f53a232102697f6c6a47fc9,credit_info
88664cee9def18f384d6d59a26c04b4d,main_screen
0c0d22dee1fdead65d8dc8f5eb99ba78,credit_info
cb1d116d1cebec9c62e05c69af77f342,main_screen
460f2a4dd4a256aedadad3b0b61a5d64,statement
cc35df4ce374e39b29c2dfe36a3b8463,statement
b98ef39636aca6621feae1585219ec00,main_screen
55e6936d1e315eef20b0849bf3d85269,credit_info
faf76425b8ac6f4a76f9c820d60c2739,main_screen
70131478a5123fb7dc407793af7f25bb,credit_info
96d04ff8a490653f5368c436a0d74ec9,main_screen
b1650d7a2ed61e54cb06532ef516698a,main_screen
0e0f0b82066f189086eae98a577aceb7,main_screen
576f451b8507a42f596341ba66a0f944,main_screen
093ad583fe9607c5e86422deb5081044,credit_info
2e493f2ee11628e5cc386d41588932bf,chat
8bd41471b4baa27309c2345f928e4941,main_screen
d99f1e2df673bdead028dc9b0b5f95f7,credit_info
d30f701ad37b5475839c294c78b2d00f,own_transfer
3a23e5f92d44f73784df9b8238754710,main_screen
2fe81359325b1873d3d5f83803677d70,statement
297d613f36151f64e891ba0f581b568e,main_screen
871cb3fd83a022c00efd0e26a6a2988b,main_screen
72d8a65869482d69d3fdbe880acd0333,card2card_transfer
5f3a78585629993d06cc492d66f1f594,mobile_recharge
3679f673cb977984afb8e672bc5dee1d,main_screen
37510b6c3bafdfc9a55d074f3c0bda2c,main_screen
532f3728491d27603af60c90ff8f9a85,phone_money_transfer
02eff982815ee50b486d0b8a980aceb4,main_screen
86a718369ad8f59c99318ede233a808d,own_transfer
315f54473f4cae4395f8a18b99628c39,statement
da2cc5a2c3c6bd465c3a9db2e9300e0d,main_screen
9df76ca5290ed1cdfd3a7667971a360e,credit_info
d5903914e085f2df8718edfa160f3f20,statement
26ab5eac8a4adc1ab0a6b74f27640d90,statement
a4122e34c1284b3c3e4ce9dbf1b97331,main_screen
7c8265a5f2d8910cf307ff047cd9eb0b,main_screen
3b4058da105d2ee3692bc1d7d23368e4,main_screen
3ef09e37f4d592de4582e9e6b8e5672b,phone_money_transfer
0e72ccbc07a05ab47d9819ebcdcd0602,statement
37d1e47b931762ddd88574609f6ef395,main_screen
b892bd6051256803f0a9dacdaac7de40,card2card_transfer
70b236ab33df9da98ee4204803252faf,card_recharge
6ccfbb53c9ee14e1df768a2d06122897,main_screen
9351e5ef05c012f6e670001e80b8596d,main_screen
a2462b3a6590b26a22590a8e610e2a25,credit_info
6b91657c40fdd235df189f4b3b3f2070,statement
5645d7dc25093e68c5a72daa42cacb6e,main_screen
e65ab4be73c5122b86101e0a00f82493,main_screen
6f722e565bdab3f7eb8ac1ed9eeab04a,main_screen
23c1196d0ac17dac5b6a9a88d45a5328,main_screen
d5b7d8d4ac284d56c54679d894e57345,main_screen
491dfa3e5c8452074d582e2122b84486,main_screen
c051a5d85d9c948b0928a35ce50168b3,main_screen
9fa43884f961ec129e411fe90ebaf6a7,statement
87dec4dc9aac910fb82dfc31c63e1010,statement
bdde132e8632fa8d550e5fd22c68b729,phone_money_transfer
31ee343522b6e6bdd28ac48bc8a9ec31,main_screen
f1932dcf54fcfe1da996bdc76c04d20e,credit_info
7a6f4a7e1425a52ea9334cf251b2392d,statement
7507899418a0f09c0c46aee6a908326b,main_screen
d5879d8739309adc7281e5a0e474aea2,main_screen
6ab0564c821a38479c8a0c582db844d3,main_screen
4aebc2301d97aadcfd016005a0839247,main_screen
947531d267d8f88d28319602ef01782e,statement
94df4685a1fbcbbf68bddb6f1401b57b,main_screen
d74a3e66fee60136ceb9999e27015379,main_screen
81b9e7bda06222af13dfa2a1a169da00,main_screen
7d9d8b6893aa7ba6257e5c17b9a88e90,main_screen
1d12b89e189f032815375a15c3bd9e38,statement
68a1563782b631f2bc25efef21068b10,credit_info
1989be9f868065382006ec548c0fc830,statement
05237385a7526b07d49ec2dc2194593b,main_screen
6147924df785d3523622919313427b8d,main_screen
06229f40928ecf86e0bf3f58ffbc8592,credit_info
3e3cbf57d4bd357addf504d64d23536b,statement
f62149085df0d51ed7491b85f7027f64,main_screen
204cd674b59f6ce6622750d232d25d97,statement
e1d80266cd633634945075ea34e63b4f,main_screen
7e0a96beed70c944658b0288e33d269c,main_screen
2bba3cff50b86c3b2d3afd2d97f20b58,main_screen
9f6bab07fae2584577db1023f0237445,chat
8c094da54b25430dd7aa4dbce14ea97d,own_transfer
1bf0886c42712355c1fac3219f7140ed,main_screen
c263922ffe0181b425b75d1e1a5abd71,main_screen
f9797e8c8ed4bd0910582f20f590e890,main_screen
c52aef621fc0b7224ee54e88f8e6049c,main_screen
053a4d82ffb09f80cbe649ad3edf7e0d,statement
ce76b65d37ecf0871ea9332ea5faba3f,main_screen
53fe40b567409e445691a090a1e7f4e8,main_screen
69ca1fb86cc97493578c50847cb08618,card_recharge
27dfa037c3f75ec5e969c6e178bc0a36,credit_info
e39bbe7a5953b31891ad18c024b16cd3,mobile_recharge
31b088bbe2e9d036a7d5f5b42895d13d,card2card_transfer
f34db712269a9ec3b71c8f274543adb7,card_recharge
455f45510699aeb8bb5e597c603ce113,phone_money_transfer
6228917dcc7c58b11607ef0757bf0f65,main_screen
4cc9d6eb041f36e2a5f2f164572d68e0,main_screen
cfdd94945844cd98fac9f36da6680d8f,main_screen
d8d5a764f000994af72e3fcc6003e2a2,main_screen
176d7b82bfbda457d75be42c41a58d18,card_recharge
71af4f2c45f6f638f68ae75a9a51f9a4,main_screen
ddf526919513ed768af46ce55ed9f537,main_screen
acc8c4648f4c2b6fd3111264f697ae64,main_screen
8f7c4b363fbc234ebb6906432ce07536,statement
e51ab3b91ec42d0e333fb0df793a4680,statement
fae292b17249d2df254bd651978d975f,card2card_transfer
133526e5a11c190c32995d3fa0c51739,statement
c05ac46c4dcbe6c520172e1f49361c9b,main_screen
c1129e3d5cf930ede8baf26ac839bbcf,credit_info
2ba09a9c2cedbcb10cd4b9bfa2cc0848,own_transfer
815b6d4f989409258985daf7b2e0573e,main_screen
08a927e28787f1609003823f6a59f867,statement
edaed68300bd3d28b4fbabf02be5036c,phone_money_transfer
5b563c8666e7213a9f7a6abdb91367c6,card_recharge
b9149be444df9b7c27333b77e00175ed,main_screen
06a1ef586ccba99723b2b0ec612012a3,main_screen
26893ade91af3a9051c0683cdb7b291d,own_transfer
7518829f70a5aad44ae6d2aad80cb6b9,main_screen
116debf2691a83696575917fef3d1fc9,phone_money_transfer
6aa72c6edfc1549f8a178b54f0e6dbc0,main_screen
6c4c9017d879d38c160efab344e03797,main_screen
94af20596c4652b1cdb2654b14111850,own_transfer
74c84fd4467f8a3dd9480b808a8cec29,main_screen
17b6ebe7c35280a1407b767f315f23ac,statement
3fc65e64f2417ed3d393feabd340d3c4,card2card_transfer
c81a7b11df8f295ece98db183f4ef7de,main_screen
7a73d199c148a4da9fcaaa324102ee06,credit_info
6f90cebf8fabc6746479a3b9ab61af6c,statement
1d733717312dd7dfe1336940c9e4425e,phone_money_transfer
7eadcff11087a26ff38d0bcf91c45a53,statement
acfe23883220bc3e38d9ae763fdd60c7,main_screen
06caa4c86b835077cc5d14501912bc92,credit_info
31fd1a8cc09ad84b801d27e2d2ea1460,main_screen
c4f78a188b1cfc3bf27a3227258b5fa7,main_screen
563baeceb2fb43a7c9b6b1a6741e640f,own_transfer
54c40b5850832c9030e84048512fcea3,main_screen
95c181e2fe8b13815ce82097fe418780,main_screen
db572f172db46eccd004c2e99da2ec89,statement
d7516820085f61dc479a83688e01133d,own_transfer
8e1fade04a5ca2bd5066e972abcb31d6,card_recharge
5139ca7401cd90debf87bc66a1b22c14,main_screen
4c2487f53983658d412f29fc831154d4,main_screen
9429375496057c63f9651008983b6ed4,main_screen
4449f902ea66be48ef0f3e794cd9b478,main_screen
6ecdee4b92821a78ea84bd5ee0b4600a,statement
0551f3274f338e004195d330bf88059a,main_screen
c2e05e5a5f59d542efe0751203db70d7,main_screen
7b1aeb4accb5fd061caa14af42ca3525,main_screen
9211682ab90ff92405c80c0beb98ee2a,own_transfer
0ea99970a87f89feac5d659337f689aa,statement
6121da8ef3791f12e21d0b264017ae26,credit_info
ae83e3f77ba4af0fb7e4377b9a0e8cf7,statement
7d9023bee335b239380b46b4da882cf3,main_screen
e63cff773d307ed79d50309c76dcb983,main_screen
5ae1512ceb35a1d73195a1e16e454d20,phone_money_transfer
3441386cb70658bbe407ba1438808685,main_screen
482124ffd5d604f8a0f2abf0f23164cf,own_transfer
8915843083a6ae700a3869e7d30c86bc,invest
2167a3fcb68011cae870ce008489426e,main_screen
06c45d12f3ea746cad6d491cb7efce7a,main_screen
ba38746804dd35bd2731323ec373d766,main_screen
fe340e8f31dd630d4b32e9d7f5aed6b3,main_screen
f83217843503cb28a28637cb39564010,main_screen
a9794d4978bc3abb406b1cf170d1b7cc,main_screen
35faec6a72cafeb2ec8f402e1e06bbce,main_screen
21f9da5211cc94541ea0f0c1565bf997,main_screen
ecf529702310f9dd0bffcc145b277ad4,mobile_recharge
57b2d6b5411b698eb9816b36c49dd5c4,main_screen
902f86cfe2fd3e8a2c4544ec0c0a9fb3,main_screen
1db69b064c160d47f77caa04bb744383,main_screen
170a7f75d4444ebc7678bc0f4d3f8170,credit_info
c549eb2a32744a59493c2f69121207bc,main_screen
f2c9a23d0e3501e176cfa50bdaed12e5,main_screen
228ffeb08580c1ab489637fd5d3b81d7,credit_info
7223b426d0d01903d021a4cf6e209f0f,statement
74681cb16ec304dcc171bcff9bb05beb,statement
fe3fab2c6d2febcb00c10cbdaadfd181,main_screen
6b24ad073ac94250500b3f68fb5e2370,main_screen
290014fe6b558954d2faa2029c51e73e,statement
6097613cf9105f776229a30e8604c296,main_screen
13827d785df82c9b9606724bb96d7734,card2card_transfer
114f72d2ef4a1db0f6799c7b16352604,main_screen
0a6b7284e9930c4c70a0d40e44b16334,main_screen
ca2806e16a4ef4593346afe3e432140c,main_screen
354f4201c08abb4f50c4a61dcfebdb61,main_screen
d578a459c9aea51761c8ab1ee4a999be,main_screen
a8f19e122c0b1120d33d5d069c100fda,card2card_transfer
1e0475d2ac32940563339d2367cc8408,statement
f75f501651de5591a904503ea09b4fd5,main_screen
e4810df422b9a4dc6b92bdd4515aa6ac,main_screen
083d02efe4d3a0285c7b52b54809a6d4,card2card_transfer
0248a6a7cbf11efb017764efd40dcbe3,main_screen
f029ceb0cf5d77528d5ae772580e97e8,main_screen
d26273aebf77e8ec1284a0a28630ca33,card2card_transfer
6f675643d2c9ae08b4354eaa56b7449c,main_screen
194ccebf7947e8e5dab8ee52946f2f5e,main_screen
69e7e65f221720f8cd95dd4f1dd17d59,own_transfer
6dd63b9cccd455fdaa5ca4bca3eaaa68,main_screen
84447161073c74e606e7a5176f9fdf27,main_screen
6f6edf088c9815b565c48594ccb05d13,mobile_recharge
334bf87a0bdbc408ae22d297e229e358,statement
ec71cc3921a9c98a542b87672006b522,main_screen
f82af1ecfb3e0462e7c0e577d182f15f,main_screen
5e6fb584aa6474d6903284abfc3f5143,main_screen
45561379deddd07f197824bd4a56c652,statement
d52a92dfd1a3a15b8717c5218273c5e4,main_screen
30554483f4638099df61753b4691c4df,credit_info
2db6241df771f9d4bed80142dcb6b251,main_screen
420c392dc2a0195b32c0d190922ac8af,main_screen
13e645f016c8039a4a772ed8e0f59b11,main_screen
6a4c0fea15df70e50a786fea58d4b2fb,mobile_recharge
a45cf8b3150a570c5cf2b3626bf149e3,statement
7df3afd9bac09d893c7a8850ea6e47b8,main_screen
1cd1bde23b51ca2ce39d5f4a62b2ce95,main_screen
37d79153b333e3fcb8d1523ea8daf41f,card2card_transfer
9584ee5f0e83feefd9735dc831728b10,own_transfer
7172185982995e7b6f7b612560bcd246,credit_info
f2a181ba466d32636f76613ac95b368d,main_screen
3656e87d91f6a190e58fe739a65ea69b,main_screen
4880eb23b81f0039170d09f9781d8db9,main_screen
77d040dde58a90a92d6b03077c8d7a47,card2card_transfer
1f141b60c8af3d56dc5e2cdd4743296c,card_recharge
7162ff6b6d2ae4b966a686f82edb9366,mobile_recharge
a253910b479fb1abf731b3188e1aa6c4,main_screen
900fed3f39927543c2e7ac13242ebbf4,main_screen
dc224b5c2945c6df2473a2eb93be20a6,credit_info
588c83b107c086fef2876ce04703862a,main_screen
ecde64a569e370e4d51948d486e45abe,main_screen
98fcaf0cca69f8771a60c41ff860a36e,main_screen
00d188fe728f83e485a95061f726f1d0,main_screen
40151847909cff3ca89d1e3c803c4673,chat
e0db31e13df587e4676da58b6200a082,chat
1031216a161cd8ff032f1a7402c3198f,credit_info
b7c832b67caf021a94ffc52d6091cc5b,main_screen
38c6214a50bf5f0768ce56ff23f6345e,credit_info
26a5c31fc643ecddaefe947210305d2e,statement
edc9dc953c4488a285fde2b8ce42cf2b,statement
7d890c82c92459a6f44e57e35d39426b,chat
9ff188b2ebd4bf5d64081f656de9ddcc,main_screen
2027ef4d0bf2e5bf678fe9264f7efe2f,own_transfer
9e1fa0d43fd61227f618f90f06f5fc75,main_screen
cd0fc22ed6b697500dbb3e3fe07d943b,statement
37e8e5faf089cd0494a52949af3af758,statement
a92639d8b696ae2aa3c137cfe50d2dc6,card_recharge
21e3fb4153b9bfc34d0145029febd901,main_screen
ec1c9c9e9e164e8ec20f2f27f9bbdc6c,phone_money_transfer
9aa347bb7056deb92bcc6906df1c38ff,credit_info
ab23c40e469ac9ad0d345aa512a7e5b5,main_screen
e67257fa2fc9550716183b6e609211af,statement
36cc6491d2ecd198be4beebbff1764d7,main_screen
54d9cc0cd3ac9f8c16a10852aaf5ad12,main_screen
2313cc81daf6c0ce7da0e10ed6577b0c,card2card_transfer
43dacabc4d6eb90d66098d24920e3500,statement
d63adf7c97f9d7307093d9860f0d6f38,mobile_recharge
cad3a9b408cc94b781697727a45e5b8e,main_screen
e5adccdaecc5e6ff6fbd2d3e0c868d30,credit_info
af5c5dba2028b8301b9c778f86e31a09,main_screen
c3f3bcda3e13ac87a154452791c3106e,statement
752bdfe5792f6b64599f92da188b3a69,card_recharge
5d0c8368e25c580dbb81c2d1088d481f,credit_info
03cff2571efd1aa8f5530d4156a75d08,credit_info
33d79031c54ec18fd3ef52f545953802,main_screen
efca3804dc9585933eceeeabd89ec858,main_screen
956598fa18b94076cd1dfbd36c1c6dfe,main_screen
ab03a2afc2bcbc0a1d1a6e68dd27cbdc,chat
061c7a188fd5f78697e44ab5a9d3df56,main_screen
0cf28c4123304375428b0a9af6d2316b,credit_info
64f2f69a6f890806e7ceffc493ad270b,statement
6ab52470855d48dd9610844236d19771,main_screen
c70cee6eb24747225d9c8d3b2481f5ff,card2card_transfer
375e6700108dad3f822c70df38b172a4,phone_money_transfer
07f2f20168213d02ca7164edeb53aed2,main_screen
ea4d37314418cb62c91f38a26c8ba726,main_screen
51570d016a5fcfcb91a73b83d6ff5184,main_screen
3c8f80a42474d5b9ae1847117710c6c9,statement
c4c1dd6afd83fd45f2b5aec6f55f232d,main_screen
1449e3b92c6b6b31bb8fd6da50d11709,main_screen
6b7ecbe07f4520bdd38d83c2d1b66fbc,credit_info
6273c993d38a51005d47a2ce5050bd9d,main_screen
abd3a403767e54232f11e5d4dde91faf,main_screen
04f0549757c7c94064fa5720883dda57,phone_money_transfer
8930bc4d11bf20d7ac38a9ce533b08db,main_screen
fd03c758d92116f6230bf38ce7e87559,main_screen
e633d218f993dda4d52acdc333c1d281,statement
2487d534c732e9341a4ec78d76862991,main_screen
cf005ad1ad28a874c48b022e85034769,main_screen
473a0711cd049733b712b14b61aab4e2,phone_money_transfer
40aa2c592f9e06debf62dd3d01b5c112,statement
e2da7bec4f305b8ee42cc9039d857c26,statement
0ef59a6688b9d377fd4c7717aaee522f,card2card_transfer
889dd1d0599d0a13fd897beb92b32d46,card_recharge
2ef7e58124c2a9a144acf780984253b1,main_screen
c178b26db9dce9e32d7e926fb7438a8d,main_screen
9e7414e84d25d13649dddf4df8f3cd15,main_screen
f960b39a5226aa6d1d56338a1f286126,main_screen
735f45a28adefc79b03b4ab706f36ebb,main_screen
2ca62375c59b3350450a0264ff3c655b,main_screen
99a39fbd85c93bb0d5c72e1919e69792,credit_info
c74cfd39af829b52fc3ce0e6c1e22200,main_screen
635a52b8b7846f6c0beb62140355b393,credit_info
be401ffd76db4ba03f230136309a934e,main_screen
cce805eef4ce252101df06cf92a88f5d,chat
9e0f64c09706ba9cba872922e43fa9ab,chat
859960030b387add215e0ca7426f4a30,main_screen
8498ff704f4b8595b99f6224d76ac283,main_screen
b00b5bf7a44e4136d129d47a8d16a500,main_screen
5cdd07232e1922963027dad12e4986c9,credit_info
9fa6d1f33305f3a6c82f9c009464b3f3,main_screen
9e57888846a7cfa4ff6ab20638c410b3,main_screen
7e0ded4c1be49c78308aca7261e341da,statement
d8ecd9de4b7316c79020c4cc195840fc,statement
d3c26cd4b94ed2c54f182aa4c15eb903,statement
3e844a85d4ee0af36995bb5a17a451bf,credit_info
e327264d2316c1681f5c57dae4c67e9d,statement
0337b3007468b3ff96ee7d8157793fa4,main_screen
4ec9ce03d7e6b2285273fb55a3ae6008,main_screen
36d814c2c3c7d3dcd29bbd516c6569ee,statement
fc26428b7c64a8891a86302a3d99a611,main_screen
d8a1a4de814d44539eb641aafa01250d,main_screen
a47ef8b480d6b239c42e8e7fedfc550c,card2card_transfer
fb7515aad8ff1b98291fb21c418c9484,card2card_transfer
43116fb310672146b246bf1ce7b87035,main_screen
d0509d82b3052f4889edc99fc0321a78,statement
0e44a7a7826571766e3a26936716e03c,credit_info
229a945462098f83447d9b8928f24247,main_screen
2198e5cc31bf95f9d5dd764215101d7d,phone_money_transfer
ab4e7db346a4f6d805cf78e2052b81d1,card_recharge
102ffd0e8c1c7dbddcaf00edd78800aa,invest
1f80a56e08a587e904d7afcb3420e635,credit_info
a507a88d1a692f26decf9496440a3cea,chat
079852cc4e6f9d3944b8328fe5616d57,statement
cfc8d215880427721a7b6f772699d4c4,main_screen
399aec7e30c8e16d96a0f1fb7864b669,phone_money_transfer
ebd1026e354c33b9c0ed19e3a733df19,card_recharge
5eb2fbdc34bfd7d42984583dddc417b8,card_recharge
0dec0e0a95cceb87f234b9e55861c9b5,main_screen
068a37392eea256586f0116502d65ff4,phone_money_transfer
cce05a314bb2c7de7f6ede15cc5c6db8,main_screen
64db466d5917fd4542cf73d83bc77acf,main_screen
140fa94d7ce3c100fc798239fa6b766c,card2card_transfer
01994631c24a6e537ad088e09e0d8a4b,own_transfer
b1cffe6c225d6b400f12e4625d2f0f4e,statement
aba55acfc6a0d8017b32d8b358f2f92a,main_screen
a2f8fd9fcd38ab69d22013e43dfb6a83,main_screen
33aa0e8d08e2f62160039760e86d9df6,main_screen
a7d6ce97149613746f3d9d14317d46fe,main_screen
3f8f41ff8dff53fb077174879706bcf1,main_screen
3ff8664ed75d5ea8f07b43c80263adde,statement
6b8d23f5d751f9037ea53243d47e5fb7,main_screen
00b8792b314eded94d449db1395e4693,main_screen
b4bb579508810c94c3d6c1743986cb20,phone_money_transfer
fcb83953a4dafc4845d391597c74c78d,main_screen
71f6556937b116339e725dd80d5990ec,own_transfer
71a6ecb4202e8435ac29e47f525601d1,main_screen
82d448f87cd7725f9ef1d7ed207942b1,main_screen
cffded408c53ecd135e25583a10db523,phone_money_transfer
61e12fa42ed7c9843c10821f72073f34,main_screen
03f7b526307d15c7ad1689a4890e0b0b,statement
ca948f278ce82498cfdbaa00af053ac5,main_screen
b213b37c4efe8b5ded5fd1dd7acae987,statement
628644c90008835f74a78f2b2042734c,main_screen
d09bbead9a7b292cff63c2b5e144224a,main_screen
8e56714f9f3648f1299c68d47713647d,credit_info
cef87fa82d6a3435b025dcfb5ff7ef49,main_screen
2df67394d96a5cc21e0c4562a4a58810,main_screen
a77184277397ac8496829eb7028d5956,statement
eeb3dc9af4628f1aaf1d8dae6acba29f,mobile_recharge
1fb34a5698dcb63cbb376c6f16419cb0,main_screen
f4ad55dd158bf68e2bb25ad470014f5b,statement
fd82a2d881a597c53dcc950a3540280d,card_recharge
c611b469b5edbb4baa22bb2369945198,main_screen
45b35d35ade64f8ebc1a2f5df7c85568,credit_info
f3ca8d90ce990267f6f933503da21a96,main_screen
f4fa752a1be595378df82e558b7d2954,own_transfer
635c9b58942cff4b426f3e5049bfd909,statement
0d359219cb13dc1d132df0b1450f9599,main_screen
50999054ed78fbc34c8cb1034ef46248,credit_info
4b2d72100facff85c5591668710e6bc8,main_screen
2dde44a3cf74ad48eb912a8e35b5b1c0,main_screen
596a05dc12d7358c52a7f90d5e45fa6f,statement
43c4f8412beb5fd52c44c13548fbc759,main_screen
da0f5dd204f9a6904bfc25323970eef5,card2card_transfer
684d4a13d26ef36123099e75ae78d7de,statement
25c19050d67ddc3ca0d2889285419cd5,main_screen
22525a397d857904abf4fb8afd1c4987,main_screen
10ecac9a38022b86cd04bc572792e6b6,statement
200b37686227170eff445adad44037c4,invest
12cef35c80dc1f378c8cf3d1f5790a15,main_screen
be9423d4a3a535a5d6ce22ce39d633ee,main_screen
f717c4aefd073af0b32ec87b05309885,credit_info
d2516a58d9bff30d4673072c3f087347,statement
afe01afe95c9c6815ad29f22432ffb26,main_screen
22f3748f9cd9269c8ff055253d114739,main_screen
a50df20975b9b92b30a2dc78d1c45c6a,card2card_transfer
a5eaca7b97c94667de61062dee0d9979,main_screen
1b0857eb161a1aab7be91b4201d98ea6,chat
2a53d20766ab657a343c4d9801996dfd,statement
143c16177e57632df276411f9986829f,chat
0f0fd65e33987026dd85377b1ec45f6d,phone_money_transfer
249bf936664a5d5a67a8d003dc9e8f60,main_screen
f2849a802fe8634afea69afeee80f33e,main_screen
5ae443d9b4eb6434431863cb7d0fc0cc,card_recharge
d2d28f8dccfdd97f872d556c97cae7ac,phone_money_transfer
805591792aeec9586c8600fdc8ab47d1,main_screen
78cbbecfbe285b0ab1b84484ccc7217a,own_transfer
7dfdc7120b65d8ba4699ded83310d23d,own_transfer
0c70cfbcef3456355d5842a4446d5898,main_screen
25cb18064315dd036abb7f7c9bca34b3,main_screen
2b547f8f2f7cfcf4a4661e351be2cd17,card_recharge
71c4ad3f2fe4a262e52508b3c95c8e97,card_recharge
2e35b5197109f3671da4a24d727c1dfd,statement
2db0fa2ee33fb566b9edf705de6431c5,main_screen
ebe982aa736376008d8224b0dd1cec05,chat
217a172db1ec7defd8bb89ec935cddfc,main_screen
42e04c4e92ca114d8a6c945be01f6ae4,main_screen
68ec9449e7e236bc6573fc7b6cbe39ad,credit_info
b2d7806e99f9e33539c404980f39b00e,main_screen
72e64c9982c66f9438b1c8765b073485,main_screen
c76559001dc3896c1204bbfc1168b5e5,main_screen
edde2d4158bfb58bc893b37818582e1d,statement
474fa53cc717eabadbd66f80b8cd04a3,statement
a7ba4462be130d51b5e950fa2aa47c7e,main_screen
6ba8ab012e422a88e962909b5fbc934e,statement
43f25808d4f873cc9f2e21fc2ebd2f7e,own_transfer
c7f54c8304e283496d0f3713921f8374,statement
f72e9912726ed9302e4acb9cb62e06dd,chat
baa34b474c07a3f3d5bb313628c77897,statement
035e40efe160e3637029ded09e13c635,chat
d20441075a9c2a1f3d17d7938c098fc5,main_screen
fabe9c2d33dd68f46cdd360990c8dfaa,chat
7c61ed209d09538bdb5291eceddd49a9,main_screen
d5a81c2b5fa24054cdef1c73c41cebf7,statement
eb088eb5bef5a9e1b678442d0ec31a13,main_screen
8c2422b38dc434b5f7311e7bb6ac0a94,main_screen
f45aaf07e57467e7c578b3432b6a39cc,card_recharge
24fad52503122b6cdcd19d93ebd8cd79,main_screen
09105dd5da2e127c479771390e09f293,credit_info
acacbc41c3653e33fdae981b891ca575,main_screen
853de6d4acf2963cad6eb5e63725db91,credit_info
ac865ebe2c16a09a905a7af99d94ccef,main_screen
0cbc0e7d05afc0022876342b436ec6bc,main_screen
07734622989ef829759e28b5c766d439,credit_info
5649718c459a920a2d5a4ff8ef541ac3,main_screen
ec21e238b0b285ca2800410fb881c54e,main_screen
993d545c7f460c9533cc442b6a03b611,main_screen
f3c9fe05870ed89f81d88d6dacc4a619,main_screen
b1d8e869182ed02715e05c50526aac53,main_screen
83e484e3c3df182bf251216b5a2fbb7f,statement
1d2a488a4e7aefc5de650c3128032d28,card2card_transfer
5110284dc735fee24601a1744f8c66a2,mobile_recharge
d732c78ce49e51d218737c25c7eec2de,main_screen
06f77ecadfc711137bebe92ec3d91de7,main_screen
76787b0c8cd9713fcf80715ec44b13ff,statement
d9dbeb4791f5fc4bf479baa7a37faf5e,main_screen
fd8c4b0b71026842886cda855cd0c6e1,main_screen
1a294fcd465711ff7a4a6c8948923689,credit_info
0b5b0ff51ce4bcac577bd69cbdcd5ec4,statement
2c094af242cfc5bc61766d0fec184225,card2card_transfer
1bc254772ab90e0ea88660bde96804d8,statement
1c7dc9116d0e1d4f8f92838e6affb968,main_screen
47fc5ce6cb2a39dff99f6f9bad9130ae,mobile_recharge
ac5c8b3248b01482864ce3d34b131fda,main_screen
6e3691cc2d403c200bdb113642b972a2,statement
36e061f94a1accdba5f4b365c022c0bb,main_screen
17252811cd531e351b6b4c65a0bbd488,main_screen
91ef03839d8145cf2ed8cc8a25ab6c7f,main_screen
d7cd377a83b73090986d3bfd4f35cb8b,main_screen
aaf6187f8bb10c1ed8b63a71b8158fd6,card_recharge
b884d160ba8eaff7eb024715ee0f6fd7,main_screen
33200bce391b8b9c209101e141f33e03,statement
d725b0fb3b10adfbfe4b401fd5c50960,main_screen
6cf3225d6126c14755e4aa30866e1241,chat
9610631e56a76e1f733f17a65bb34cc2,card2card_transfer
405b26e9976959fde0927801ec6e1087,credit_info
70519555c3dc0283fd6a35cfd42a3b4a,statement
30e3f4d107e4dc10fb471760e75547b7,statement
322b1f27bd757f68adafa046beb3d3b9,main_screen
41e60ef2ea75a9184eb6e6ec8d0684ee,chat
d5102f1f13caee82e50294c1a629937d,statement
41a9666b58aa6473191e5d056d48df29,credit_info
ead3d958a3c68b6057608977c9e3d22c,main_screen
4d413c41d9c24fc95b7c6099a8d3aaa8,main_screen
14c14beda4672858221457df759560fb,main_screen
b1ebc50993e28f2429e1f9436a8aeda3,main_screen
95902b15ff6ff86d5c8f164ab03ba461,main_screen
2f490869581ef8ff02aaeeb208e40325,phone_money_transfer
7b7df7718ed95b4d7da1e358a5359032,statement
037fa410860ddc6a30d410f562d28634,main_screen
91ba8f4192ad40e26d6c068aed55de24,own_transfer
2bbbb13939c109307ec26c74f7625e12,main_screen
715ca057ae8cf510da6c6a678e3e24dc,main_screen
4d7aa0460635c763624c4d0bb718c6b9,card2card_transfer
747fdd8ad200f7316b896a5ab4cd043e,card_recharge
4d92d4883b5598286c3e8c16779234af,main_screen
6f221eefe40a2598ad9e8cd4a3a39d62,statement
9ed6b8a2b158c9df8c0e7bbcbb69176b,card2card_transfer
6662f097de3677756ded4bc412772c8a,main_screen
15b1ba0b5e01989bcc59b7977297b939,credit_info
9a185d67829509518ec03285c34eae4e,credit_info
c66f8fbc0a3258e1f42d9b7857a82b17,card_recharge
c8e430ff8eccd4763638d3452d07f0e6,main_screen
1c3d88b39ff5ffca365611964e0a1ed7,statement
284fc747a98a9a4fae8156506f52b76c,main_screen
48670f8f3653341946320bce50e5996b,credit_info
ff36970036fe6c0a9aa3d90a520cf142,main_screen
84cf9741a7b30aea0e87a2c0f582589c,chat
1e38c8977e994e30a6fd3d2a69a8c2f8,main_screen
6eaef8e29a84db09ac5acd3c4272bf8d,main_screen
fb50adbb1b2d8ea940031653ee03d779,main_screen
7fa6be9de21f52d8902d21cc9bdf4cd9,main_screen
44cecd581f5aa8b80dd5d78ccb031770,main_screen
04af39dcd05a90050010561d00c53ab5,main_screen
c0b1e790000ed8e8b0fa1d1ed3238118,main_screen
4ef3e3c8363e12001b436ac32756c487,own_transfer
0ad11035586aa9e1cb31b38646926665,statement
4e016e20948b26d8b8e83d2c009c12df,main_screen
ec0b54f3b62202aa0e1be11d0e5d3cb2,statement
ce367d20973d00a30d9b36cf70dd2758,main_screen
95d8629c0a3755ad8017c8f7dbede61c,credit_info
6961c5126d3c42d159249efd797050bd,credit_info
08e16253d3380c7a2cc2dc5841e802af,credit_info
2b066308eefa17e0944e47eab6ec686c,credit_info
6e7a2b64e40e8ad31f790eb70aea4977,main_screen
9b04ec72ef5cd3d6d05f68628430b1e9,main_screen
1e31d25fecf09e3b75bac3a21bee164e,main_screen
4e063e25c757ff94ba38c3508c2b2a94,main_screen
06a433bc0247abdc5a31e5db678ebfa8,credit_info
d94eb05387145f287f8f883c55d227fd,main_screen
1a6ef3e6d1e4ed2154341f69c479294b,main_screen
f81a35ea0f8e670c6889e5627abeb20c,card_recharge
aeac8d1c1fc5c82b56c1cba7bbc48a1c,main_screen
b8aa1501bcc6ccde485a36d0bb9b2979,main_screen
8d7e8467b7815027350600b314af19e4,credit_info
1afe3ad51cc84166d799ae8acf3499b8,phone_money_transfer
a166ae847529f980a2bb0c439dd74dd9,main_screen
107bf355f0645c7de1d02ab7469ea440,main_screen
e42d09aacaddfd04f7e9354eb29dc707,credit_info
8a944940ae47b78e578977003e508d51,statement
611468da595acc1344b74b903d5bc342,statement
80dc04457e5d3dad8d4c5eb6ff34255f,card_recharge
66cf5f443a96405dcce38afbd500ba0a,main_screen
b1dadc26095da9491bd39b0f348172cf,main_screen
384a79711595fd2eaa34f08dbee384d8,main_screen
55cb7552bb6f59e5b66ce7a4a6bd6113,own_transfer
f8d76f99f783076cddf69ff1ca69e1f7,main_screen
63ac6ee5534f678eaa1efa373c9cfff7,credit_info
9d8371ecaa4aa21d907a204ac05db940,main_screen
5e8d61a181b99b29e1870ee48aef18fa,credit_info
96fc3928331f3f8e0a991e4d7ca4d9b0,main_screen
07e84110d77d3fe8b203db6de0a57be1,statement
c5196f193ab3b2ec622e4b8cd5a8ceb1,mobile_recharge
873187c5449bdf5e8cc53a5116ab56b4,main_screen
405314f3e698fea8120fd423d207cf54,credit_info
adfbde784d9e2a2409421ccbe2f1d0a3,statement
13fa97c7e82e74606a8aba22efc60fd9,mobile_recharge
1324fd20b7bf08e95a2b3657ed1a0bb6,statement
bf9bdcab92ef55ff1b08b99036bfc535,main_screen
2cda9fc11fbe418ab67598aa33c3d073,mobile_recharge
56226e1064e2e08391db8c2869ea64da,main_screen
90d50e2339345e79f61c4971fd6eb344,phone_money_transfer
96379e68f9b664e09470bcaae2535cd7,credit_info
e2dcbad67955ed9fe34721f198f46a76,statement
ee8b5422b806de088947924dfb6a885f,chat
68a31a9ef4bbd3f837c489433bcfcd96,statement
c50ff57ac28a6509897aeb5bf2b4d28e,main_screen
9638b318bbc9f02ea2af3c5d0bc289b2,own_transfer
fa2adc6530fcf137da3c4c4d97baf931,main_screen
66e7a7b0d401c963007f92e099b47bc2,main_screen
1021df29b820fbc6bf2c0ea28f45923c,own_transfer
bc3061121fbfb88b240c99cf4e3a3612,main_screen
b8171226244ffad880e479196b07affb,chat
30b212d24e12eec1e0f3aa06732af6c1,statement
15d6f6e0dbb3a0ff24a9d6e433f3597f,main_screen
a1045b39188c6c3db1835af002e5b504,credit_info
6d4a661a1c5ef533b3451dd7f0f01dc5,main_screen
64727281b9ad895182b7c31569b6dbf3,statement
dba6789d5ae9df777a458f0c7afaf42f,main_screen
6da5e3fabf5a3c5f6858aa984a4b28a2,main_screen
208739daf79965352bf2951489f35c95,main_screen
cd2845f7e47344cb61b1e8fe275180ec,main_screen
eb0ed578aff138d541124394ca9ea1bf,card2card_transfer
ae4d0e8ebf678caa1ba7984525a42c62,main_screen
9caa4a2a7b7887fccab4896c82f33969,main_screen
971646ffa4e12d761f89f9a8b2e01055,main_screen
aadeb60fa83100dc658d603f883a0d49,main_screen
70d5deb809224d19ce93917857bd1924,main_screen
744874239db2d717a38711d766723377,card_recharge
c5a88f62a8de1f102aca37ccaf8b86e4,main_screen
4381c15b4dfc65ac69df05b143f21029,main_screen
526b8a2a02318214c5d761e87d9ab0c7,main_screen
3671ae44481679a73d9421b15c90a0c1,main_screen
2aca21d7c13a2eab536e285793cce5ff,credit_info
3e0cc3beec6c920051abf5f32dde2e5e,main_screen
e1338c60491da9dca00b3cb045327545,main_screen
b1f2cdd2b09a84495db35e6b2dc3091b,statement
e9d64dc5248b4f0b06bd4a0165a052d9,main_screen
bbb5d0386c2f0e48294bc0ef535648da,statement
5200b7227f60b47c52f0f256a52f1fe2,own_transfer
f5c5e94cfa74d357df87a9bac6a312db,mobile_recharge
58b83f71d321c2ba4e8805996fa0804f,main_screen
478052cbf5d354fb6091ed838beada94,chat
ef4ccf778d8b7ca5dd4455c7c34829b8,main_screen
22b03951a6a13fccecf16054907f4f10,main_screen
32ef9c864e77e70007291b831935282a,main_screen
b56c9bd4946d44885a6f14221811009a,own_transfer
c729a44faecf000418c9afc740499be4,main_screen
66d3120c8cc758204a82ad68f4f3cc6d,main_screen
1cf452ace0c56e5d239aa7486a41b7f6,main_screen
554f93fa0c549f6aff1c4f15e068aa91,main_screen
c33397bdfe36a10456623b14f6e323a5,credit_info
c8a373d5a162efcb9b8e018684c3548a,card_recharge
3158595916ab9dab2ebf570c3dd6357c,card2card_transfer
02a11fb820837ba919c808f87e50088c,card2card_transfer
d6e7cc2994ac7affb61edfdc10918c3b,statement
0076868abf394d4835622c9dff79c82f,main_screen
553b8af6ad850a2bffd501c52fdc2122,invest
c39a30e3d42bfa689ed50670878fd9dd,credit_info
86fbc2e082cd095cb9d135443ce780b0,statement
c878dd9160c6c6392386d5c7f5d8881d,chat
14d27d5e7d2be1f6441da0a396ed3601,main_screen
3c939205e0c60ec852e02c7ccfc85d41,statement
4f3c5e6dd1de3539a6a8300dca05daf4,main_screen
bc8e36562aabbb075c6abf040995981c,card2card_transfer
93a1cf64b26b3e712ea1cc7623fc2a20,main_screen
dcfe052f71847e94ac7c80e0d7267ed6,main_screen
f3f2b4f7ed397ab637a8f27ed673a56b,credit_info
4b498bb26e4436e3dc2e8448518fea5b,statement
671587322c4430d2f17aa4417abf7ef3,main_screen
579e3614074b3f4b1df479101439383c,statement
e7018a6dedb3c386cd057d15615e6cb1,main_screen
992cedff9acc74686bb7113880033240,main_screen
9c1314db57f4adb3192d822f1825b10c,statement
d4c2bbf17c09f97e314cb72d985c7bb1,statement
fbb598170f345553d1224f71da51a232,statement
e173930eaad0cfc54cdd40579a704b99,mobile_recharge
ade7dbdab710df27b24ed5c636dcf019,main_screen
4f69d4c48b58400d1371fd4fc0446df6,credit_info
36f2dbf9ebab2e68d0d00c4a5b53d54e,statement
adf8b8db18d2fa3a4a6650483cd47071,main_screen
73fc63d15ba6e5359fb1020948e1408f,card_recharge
4cf580b566bdb828dc9c1cadf468d781,main_screen
7f5646bad42985cbd3864a88441b8e8b,credit_info
58b64f8940a36e55fea1acc9abb20229,main_screen
488324356b24385de66a96c6cf188d53,main_screen
b6878a53c0380e660444d7b901774d1b,statement
3e7fdbf52dff9775f9e665242e1472b6,main_screen
13ab15133419654e6b4052087eeaed85,card2card_transfer
64f9c451ac688d4ad6cedb0ce13c7b69,main_screen
333126f0181e890a8d9e153980231dca,statement
47e7bdfc47e42bfa9891f12201413591,main_screen
2250bfba0e0c8a250f5ad2b383147f69,main_screen
878028568635167d559e2e717d4ca9e5,main_screen
3b5a31a20014ad94074b6155172f132b,card2card_transfer
57be020372ecd38184e84be2426f0357,main_screen
4941c49e5c776d84cae98f234cd71895,main_screen
cc0a23c38040331c3ba791d66914400d,main_screen
e3254fbaf279f0be4ce59a0c279fbb13,credit_info
811b4203f5c7bb937e2afd431a4c918d,main_screen
0c22f44bdd10420864337d03a64eace3,main_screen
ca1de45eb9cb91e2c0bb0ab538b7de82,main_screen
b287ee9a44653776629a07a5dd646152,main_screen
b7a33689bde01302011f3a9a2625a8e8,statement
f889da4bbec146ac57225c040358e8e2,main_screen
ba93f1aba687e2ffb52dfc5e55f9b7b5,statement
9c25c8a2ddd7ad95a71994731bf7f56e,card2card_transfer
8a9e7c762849892d4f2c1afadf44fc44,main_screen
827323aaf2dec3a8f65cb18901966852,main_screen
221b84e6a240af0dd7a2719af193d6b7,main_screen
dc354c922b097abb24df900b9f71f688,main_screen
f545c557cc506e974b5136a55d924d8b,phone_money_transfer
645fec255ea186e0d6aad6f4d7fcff90,main_screen
8ab3fec7bd227fc6b9eb8229f63d224f,main_screen
5ebc6a77106c0fc9c7b32cf584c85203,credit_info
c5a5f53d33547ef52e6607418bdbfae5,main_screen
e1eac7f06b202fea0915fc341b5393d5,main_screen
b6dd7bec0e8b180e5e74eb3402882276,own_transfer
0ab0362282d99e0d237440c4614bf6ca,credit_info
731af5b96afe481efd77378b47228d08,main_screen
8c340aff5fe9a85f4c36919d757f6d0a,main_screen
63bcf2ac5c40d0fb067a3f65df761727,main_screen
e0744a7b1e7e305626d05d51256b7430,statement
b8a0d73bcb55c8a846c06bf89aaa3b3f,main_screen
93d0a88e995f31c2019d483ff8961a58,main_screen
424e5299214643ae655835caf8ae349b,card_recharge
a3b53e32905051469606ba8476cde7b7,card_recharge
8e4ac91aacb419c05fabeb8d24e16258,statement
0772a2f79cfcad0d80924dd15c78b667,phone_money_transfer
a14165a42dcd7385b79fc567114105bc,statement
272d21592df7db0d7e1340f451e4f6a8,main_screen
e5c69df9af2c6db3e1dded412ab64e86,main_screen
c716c7f2b79c5df3690afb399e1148f2,main_screen
c9e60db8c93ae3e3189c822c92290604,main_screen
a175e72a207ba24675ff3d7329035087,phone_money_transfer
28312460b228ed6d4a6e153d35d036b7,main_screen
418113e51a7d24f9bf4555990333d5b2,main_screen
38bdf53c1ebc11122ce064753bf39ee5,phone_money_transfer
c0340001aa4718b6d35c8d5c236ceda5,invest
deb06fac861681a57ae64755b3ffbd38,main_screen
5bb54d2717fbe5ed74449bc575a8009c,own_transfer
a43b3fb9c94496005ac368d4e3741fb8,credit_info
0bf8ca6c2c4e8f799fa85bcd56d244a9,main_screen
09f9a19e2c7cffde56348c8b21fae2b9,main_screen
b467834f99b976440c601137e738fdc5,statement
a8495ff17ad918aee59ba79db8251ac9,main_screen
76be0c118dc3e8f39fb1adf01f02bb0d,main_screen
e26463a3b51d95fa883881a2810f77eb,main_screen
17bda40eb27aa83258610c3b80dc5808,statement
ed150234e302c274bd43df43f6e0485d,card2card_transfer
ee48c990f013fc9280e4dd68581d265f,credit_info
739fe8f50b80fe5e2779d2d8a63c7f5d,main_screen
ca30cd6ee7d5380aa61ccf713de985df,phone_money_transfer
6ea0e2b0f7fd51eab253a510d0cfc6a3,main_screen
dbe5f44ca9367dcab026f3bcc3982dcb,main_screen
7604f8e23390d22d83fa3920d676e0ca,main_screen
9a202bdeede71e7ea31775947737a006,credit_info
4dbcafb8128d0b8c83e4f5b2eeae3e26,main_screen
6d80f0ec626a8f0c1b13b7ed7b29bf3b,statement
a5ce14e6353a841f4394e64327183f46,main_screen
51ecbdc0c3da9e38173889332798cb5e,statement
a371ae1b1c94c7842cee86ec6ffa5c3d,main_screen
f63c06830ef2d573c8e733fe5890001a,statement
c745d7d0b159d316c714769b663356a4,main_screen
88f8a4cc4b83a4a29fb1a8615524269f,card_recharge
db8db95cb2e7366ce3f81e2db988d852,main_screen
957f2e4c0614613890ffc7a258ab5ad1,main_screen
f39450679401451f459bff3ff725d027,statement
80576b61c1f5d0b03cbdb0450fe276e1,statement
597bdf5dc17402c2d1965e871b99522e,phone_money_transfer
7a8410dc60dfb64d43631da864d64748,main_screen
af9d6e8584f14808d2fee0938452f5a7,main_screen
da582c764578570ff1e1bf94d42abfe1,chat
0c61cc67331b4f4e3357346228c360ac,main_screen
eaac3f87bcf4d134b1ed59c1c9e8122f,chat
098d06d94384afaf68d026d52b817d72,main_screen
01ba40064b4e17906bcce10bd33fb226,main_screen
ef5ca98b16202cc10de5835052e61ae5,main_screen
0a709d311470613e5d38523bd580c423,main_screen
2c91ae09c9069e69d72723c4ee98712f,statement
a1cabee7d5c1afa63985c03e524607df,main_screen
0eb69817c63b663d0b2ea2d79fb25da9,main_screen
48f9e53c906a416f7bd18a0d65c6ab66,main_screen
553e2d8c70e23ad3041ebf8cd95cf86c,credit_info
ffd286b04a39a836f1193d3dea556d70,main_screen
3b752901c6b365053d76c5839fbb4a1a,main_screen
271475fd27b7039f0686d7cef63294b9,main_screen
8bb5ec5d74191a93c484ff2e5c75579c,card2card_transfer
283b27487d601b8d5989e73eea50bac2,own_transfer
1f78c9b4095fa2fb2ae88d034a32f0fe,main_screen
59a4135c8d621a2a2a0cb15d6d5c0a12,statement
c7619e33cb5044d0526303575c92b17a,statement
0815034a779565bed55ca9c95ee95c37,credit_info
8fe21cc53aacdc36fbfd93a642b2951e,credit_info
9451dd58aa40024be41c2766270d690f,card_recharge
964198719cede5880a6d103c77255841,main_screen
fb1f04a2260f0278ccd22ce425fe371c,main_screen
b84acf8932cca01fc51445b79a28aaee,statement
5a620b9b29917b6769b98de699f53f09,main_screen
910a2741972b7bc4a710fac0aa93a4ff,statement
7d512111574f1ae7d4c885f5959bf928,main_screen
63fb84805d33a9f2e0973dc06aa427a9,credit_info
a95e7a379ba1f22984027f8a3ef142cc,card2card_transfer
f84449de2c1ff48059c60fa3d17916fd,own_transfer
cd346a1c7eee1bdd86d9da3b647badb9,main_screen
809e604c3f58c88daecd5a2558b7988b,main_screen
1995526ff4419d27f4d8afe248c23df5,statement
dcfd0e6cc594f7e887eb39dbd675e9e0,main_screen
78dcbe7963b62dfa599754aa4caea751,main_screen
584753a51edd28649c13e35dfcdb02e3,main_screen
1fb01984e3a14979b94affef581d7384,main_screen
72bf2c89c78745418c12e724b1ba956a,card2card_transfer
64283db92d6b3a8eeba8e073df349e37,statement
c116ca06626462dee93cf0afdc374d36,main_screen
659748c30e291bcf2c91f2fcf8d0385a,main_screen
468c944e96964429351fb55fd65cc0f1,invest
b49b09df0c9b2d7d017935b89a498620,statement
c5d5843ebfa982217707ef3ad55f2c20,statement
2d4c9901db1776af9e7b7c916c5a64bd,main_screen
1ea4ada81f96ad4496a1027987108917,main_screen
877ccb5240b897fd711616f64d897611,credit_info
9e295b85b2c0216bb24be4b4320ddb01,main_screen
c2784ffd48e9087fa96bd1417b1b4dfb,credit_info
35a39b90b613f9beb495ab47baced673,main_screen
e827823bd82bf229fd2998d462b4f738,chat
c5759d14e360a48cf609e8ffb2fb7693,main_screen
df1f9fb401e87fe8591103a123aa65be,main_screen
f1b6448362f26ac7be2961a7cd8070aa,credit_info
7fe406ae8a7cde38b8a77bbbed79a082,main_screen
8716274d97539613572415d854e960de,chat
aa5d684b97a5c477935a3478be57b338,main_screen
4bf4f1593ded21fa87d9bd223ec440a2,main_screen
ced1da71ff83cd631a92cc2ea3ed7d25,card_recharge
f1c292fec85b909f952ba41370242994,main_screen
a45d565b2aecdcc46b0279ef4f588ae1,credit_info
0c37558003cb1f8657305f269ce212af,main_screen
d5812fb259bc1a3a047826945fb122ea,main_screen
04d6641c65c325d06014160bccdcea63,chat
9383fec4edf8b06feb46b4623a19df23,main_screen
23cb094ad6aa8dde8ba10da8efac1227,main_screen
a212dcedded488ef7412960efcf3b895,main_screen
163c44f231679d84145ddb4d0b36a4ca,main_screen
5e84f27191395993391afe5ccb60fd7c,main_screen
8fc3d6304a238fc9bfa9069f887dc60a,chat
23303fabc121fc807f7fc0bbf56b6164,card2card_transfer
0361ef727bcf6d3e2348a1707394be78,main_screen
63ead76970cd1d663803870e949af40f,statement
42cb5c8f24c14e2d1d8fb71ad5652989,own_transfer
ef702f13f3e4f756f3dbf8317af80b63,main_screen
a2a61054b73ff616c8e24fd1c71a7dee,credit_info
fdbd09d204e6d21e080f17bd47ec26f2,main_screen
ae84d17e3925be7cd6ab2e1f46afcd94,main_screen
d612040a5e47a8ba8d4c966a4084bf1e,credit_info
74c07e568bdd01fd1c82c57552e1a6ea,main_screen
7d88a793d1ca134822ddb09a23e17cb9,credit_info
d6fe37f30511faa0a90d3f0fb697ac48,phone_money_transfer
2149137a609cdbd2c351b7d14768d402,main_screen
e433c774abbb7f8ac63954e4a4db5b13,main_screen
0a658af24c9406dea63874095046d92b,statement
76fd12c17ca4ed9686fd74b2ac98988a,main_screen
b0bac4a13013574ff02391c35dcb8867,main_screen
df5cc90ede2457bdeec43d927dca3db6,statement
b08f39c2879a9a2324353fac375c169a,credit_info
bf5b6c8c2d402624e002a9fcef447cde,statement
639a8c5c5fd10abeeb078e0f515ef656,main_screen
1d3c341c9d90e5b1fe2cc73c4529f9ec,main_screen
c55df9f9d4755a779d1fac7dc810b836,main_screen
e96fb5ff0ebdd9a6f5317a8ec9130c00,main_screen
893c235e54a7d2d9786717581d324989,phone_money_transfer
25023b26dbc7a0fbcb88eaf54b9d8d0c,main_screen
718e2de8f76c9d6fd45ccba553663d9b,main_screen
d8244a62f7576ebe0fea741dc1350952,main_screen
c8c38357c7c923c30d30262e66af32c8,main_screen
4072cb937b7e7c45884811584fc3dc95,main_screen
c18ff591a194d0a8e74bb6b8312851f6,main_screen
a38ef09e14ad1ed16bc40a5ae7aa6771,main_screen
94a3ce43ed6987d055a14e24abb17d06,statement
efe16a1aacec5c23d125b35402b51507,statement
eb4042a68bca69e42500008d3c87853a,credit_info
2a731d5502299746a009d3cb91bd73a8,main_screen
da1785bd4f876e0abfe410f73a142223,credit_info
66d2a7a3f82563d25893975d07f85efb,main_screen
0e488d67e78400ee7b76c47c75138408,main_screen
a9dd928793055866948fd7cbe4af6e77,main_screen
940b884841d796403a70ba9b4d5682f8,statement
d8ce0ea9593c155a20ff1470ae8c39d4,main_screen
6222f9008a8228216bcf5dc0b8d0ed91,chat
2101f6d09c2ef483da27ed965443ce86,mobile_recharge
ec08aae1c3300237c6d03b484a9865f2,statement
799d113c87360c04555d6459a763c01f,main_screen
685521e32df063433f582968b8fba51f,mobile_recharge
d14e9f5e9c396ed7bbcd713df218a483,main_screen
db825af3b76e11a05fc384b973208656,main_screen
18508eab59b7bab609277073b32f020c,main_screen
d12c0fa08b5346ea008e45c9097dd7d8,own_transfer
727068240ee391de12309ddac905e2de,credit_info
badf93b673ed6a870207665b81eabf8c,credit_info
ad9a359c28f4baf1711023f443e0340b,statement
02d3f7ccd64775aacdb1d434bf04b326,main_screen
5fbde5953957bd93733c376e20773eab,main_screen
8b63d2dda760e68e7fa27ba0a7f7f629,main_screen
97d8083d4683d59c2e94aecbd603c569,main_screen
415189c51cb9b0800bea4d6d5ef804da,main_screen
061ccdd3be208df05c402571a75c10b6,credit_info
c5a7a8a57c2df50e7697d98fe57d9504,main_screen
0045361df9cbd81ecf87b4ce6a0e8059,statement
d195a954b75ad0d0168f4763302546fe,main_screen
b61783790ead10304c160db6af25d73d,main_screen
0458e0debb5457bdba48b1fe5b1fd1b1,main_screen
a77f4921ab2999036d1ddb741877c087,chat
925254bcf4012076781cf69d82cf11db,own_transfer
56a1fdadd53de513d3af205576bbdd20,main_screen
6db4b42749c7df94bb8d23d8e771856c,statement
e47659fdbff32cb9b0984f1a4ca08bf5,main_screen
576734e579d7fd2dfab379985bfb6318,main_screen
c8f9c28c6f6eb3181884324d1ecddd70,main_screen
ef7c4a248f424438489a95a686112c2c,main_screen
61886d829576591b7d36609ab5753a7d,main_screen
c9c78c821d85745f081e1c2233e9340f,credit_info
0018b8db4745107f144fceb4d3c483c4,statement
584749c02c2d53b4b9796905c8f07c3f,main_screen
69b1c7c0c3b3eb447b64e85f8b501296,card2card_transfer
26634d5e6152ef629bc1790a9e440314,own_transfer
825f5b9139c403cca28a5dc53ef1f42f,main_screen
9e288ea48c5f4e97ccdb00973701ca04,statement
8701101dfbd729e9041c553020cd3168,card_recharge
5a05992a8305586c324a566a9c6bb5e9,main_screen
a50d1dfe3f1783d57d640bb7fa614552,main_screen
e065ed2da8399d58c4254d486601d5c7,credit_info
a812a53e7a39ed4cfb545ff71f5bc44f,main_screen
ad7c1b3a3af417d693ce827941d3a418,main_screen
3192c5920572f6ec5a6295221301b1ed,own_transfer
bc420e7569e5a7425a58c1711ffc3ad4,own_transfer
030c05405998a2e91faf8470287e0c4d,main_screen
5b8b6c901a6b3ac7a5f365f23f6950ff,main_screen
ff8d66694d37f100b04ac1263076a872,main_screen
7226f4be04e9f08d37ce0e60baa437e5,main_screen
72277d1f55c59be8ba52bfe302367bd4,main_screen
e4bcc36c14ce982978c26489dd713a48,main_screen
f03f238c6316752b9852cb7b2f241cc7,main_screen
8828b1e7b6c8fc32f7582878781b9375,credit_info
40710d84e8937a6d995feaaa5b5d95b2,card_recharge
00286a6d88b23ca8b9f9b649d97d5f6d,statement
5f78da883f62c280b5ecdb5c88a17729,phone_money_transfer
87186e6bce273512be329eff047fa0bb,statement
95321c42f7e4489940b67801ad684ddc,main_screen
447d5da486559902f00fa4fd122ccb8c,main_screen
42458a9c077590dcd8174d193486e2ea,chat
ceaf64289c2d19e40fc3e394be0ee753,phone_money_transfer
d270ec8c288d5d168f869de0c6fe9a40,main_screen
447821247467baa6768baa89b94a25de,main_screen
3a9129c63c49af41040d272190c4a174,invest
b63e78970f340018e7fe67e12a8daa27,main_screen
387c644648f8951980d07dd38e3c0ea7,credit_info
79a7b28ad3b7c8f172ddf11b0726603c,main_screen
1052d583b8d7cd255b6132125c45c544,own_transfer
007c0a1917f6693fe1bcc269572af909,statement
fa482b4d37727f295737a451eeea049b,card_recharge
4500d98222dbfed78bbd8a47450c7982,statement
0cf60ae61eead5f07630023d1c0633d6,statement
6e1cc38f575c1042e3018ec20dd4e0ca,main_screen
401d4c72669d6f924ace29e86399a733,main_screen
c8d31ff4b9e53569136f6839a29638d2,main_screen
21959cac2ccdee19c09e93e1e1b932d2,main_screen
7cac0f8d2426bf0275c36ece15682a4e,credit_info
dc5ed40ba436db935aa80b3451260a4d,main_screen
36573b16a68aa6bc838c295a9db2b11e,chat
aeda02fd7390f1ca1673a2aaa64ed7f8,credit_info
b4b9a962489242d3c062778babf998af,main_screen
a05885bffcf7b114bf9635edcc122e16,card2card_transfer
e0a56b540b6b0971514863e9c182e84c,statement
1a5d8402209819d46815ec142c870159,main_screen
3e41ffb48b41e4310514dcf1debc8671,credit_info
79e9187a62f22490da768b434854f3f1,main_screen
9d0042231188d80e9f02fb056184d7de,credit_info
c87a223d386fc7aca087a4194ba1d656,chat
3869196762367f0759437751356e7ebf,credit_info
f500d469dc71f34cc50820df71e57c09,main_screen
d4a5e724aeec78b91d8264c5499cd1c5,own_transfer
e271b08845844ed177ef0e098e8ba94a,statement
979c55d8103860725dc2e3b42940f9c2,main_screen
8fadefaec889ad59ad07ceebdee6ebec,own_transfer
efa45eaabbe153c4c6027d6abc9d0211,main_screen
8743b6aa3570c1e1acd0e16cb16fc703,card2card_transfer
a2af55d88a126059a196b661ce53f1ef,main_screen
9d4bacaba16d73e7ba8e1bebe3ffcdec,main_screen
61722c4e1777d3da794d2c13ed90df84,card2card_transfer
ea2f1d46c3f9324bb2c16ac67684f850,main_screen
846259eeef45a62440b1ddc559942fc4,main_screen
58eafb476cbef3253167902688e37f7d,credit_info
1802d24344a5003816070e4cafcade4a,chat
746d65c177540ac040baa84004619a75,own_transfer
876287f51bde74aa2a9655480add5ff8,main_screen
385c51f988aecce54aaa095a2a19039e,main_screen
99bfd8c26aa52fb71f04bc05e17609e7,main_screen
e1596a004a7d497b646c52e3fbe8cf47,statement
daef5664ffc8ea0b2ac1dc26ebb50926,main_screen
8f0f9b278b2df9dabcc536d4ee4114c8,main_screen
90fa60da45421f0b43af7ac448fd844a,credit_info
4b9746d4b5c2bffa893876a20a6a4036,main_screen
a5ce8b276414291df0ed77a6e4cd94a7,main_screen
66250f266a05e65863fdbaaed6455b1a,main_screen
2706ce62fca5bd9ea288fbc4523f942d,main_screen
0c75a3df79049d5d1d3e1b26957d519e,card_recharge
34b9a8ef917c42a758da778044c789e5,card_recharge
528fe8c541ea8300adf4a6b68a2ed2c1,main_screen
0dbedef873a1f4870a4e3b61954ad08f,main_screen
220b4a1825b85ad3941dec1ac32f1c6f,chat
0b31480e922a1afef0d7c4faee3986b3,main_screen
7659bf2a90c5264f04e9a8d4f060fc0b,card_recharge
110cc503b4c24a0d9ad1ec6fd5e9d311,main_screen
5fc67de31a2ff770a6fd4d60199f0263,statement
523cbd7266335e8d13a14e74d26f93db,card_recharge
19f4b6595c1759fba1884ff54125ccb7,main_screen
6b9e51fe8e7c1797f8f6bcc9bae26320,main_screen
57db2a5b403b4f59c0ee9aa9472129a6,main_screen
c2487d97a48022cdab22ff6390d8ec2c,main_screen
fcf65070a121ed92db4d9006f335abc4,main_screen
27d184c8451ed5a4c32cece072e9d7af,credit_info
0b1b1c9ee76ef3b90c8f7f7f7877f85e,statement
2359b741cc77e702cdb2b6dab46fb9bd,chat
80f0aa146c0e9bbf5129ea87f55ae0ce,main_screen
aedd14e9a36734320455b88e93852b35,statement
132d8713718052e9d424b5bfc1d901e7,main_screen
59a7abde1c0cbea5c9890e015fe4ba0c,chat
f48f1624b0259acb752853a809479717,main_screen
60a8cccf19b74f64ec3fa73d6d1472bf,credit_info
48ce2709f11f838a9aa6c8dfe926c692,main_screen
8eda87c08b83ba5af4dccdbab12aa033,credit_info
ad7371ab3ca19f16369776442e51f807,chat
b6166ee7db827250149b766800c09a6b,main_screen
14abf50969c4559b6e85380f458e98d4,main_screen
5daed196908f1ab73953e3f66d19b048,phone_money_transfer
aed756313c29a68ca35449c26e650d22,main_screen
c227d9b5ab4599f7bee64fe4bea1303b,main_screen
b94bb6773dc61ab1a21f7536f22a8c01,statement
e26d5bb834ba56afe417faa50a04adf6,main_screen
e04541a559e6aa082464123f656b33b2,credit_info
939776b50cf7a44cc462cd41a4d5516d,statement
cc7b39c209ea1a6dc762e253de284a8d,chat
c81a304276edb704117888c3314962e0,credit_info
8f5a4ceff5828f6c24408b700aaf788e,main_screen
7789ad55ced91e301837818cd3737faa,statement
1151cba0b75b6b5004db8e29b08fff5a,main_screen
1f72e0ab75bd9b6f6d71dd851f27ef40,main_screen
f3a9b4811dffcf04fa078d8fd92540c0,card2card_transfer
e11f08dcf7dd6b22e9e20cec61997132,credit_info
5f0a782467bc62b4f8cbe12b338cbaa5,mobile_recharge
e6e11e6aa9e730033b5abfd4ccd9c10e,main_screen
8703a7bff4646f6cbc10451a3e5010a1,statement
faa6e9b66c5d493613b181d376c8f8c3,credit_info
9af733d2f2b23919bd9366d512ad2980,statement
c8b68429f385df50e449ed8990d51908,own_transfer
1274310eb6e36c58571924bf836c2723,credit_info
2d6bfcc0285da1b480e730971ec63aa3,main_screen
66cc49e9abce2766b3ab2086772ff96d,main_screen
cca1a4f981d02b12fe09519147b88a98,main_screen
4345fd86e804a8a5cf34ef00020c79cf,main_screen
236d5f1358dd4a9e38f999523744dcbd,statement
837126cbf7343ebd50411b450f6fc907,main_screen
3fc8f1c4dd13ed9af93208c61e867e3e,main_screen
ea2cac0a39470156704f95eacf1d8a10,credit_info
d54330980c47248c9c51645434396c08,main_screen
10e388da91ace9f54c889e409599460b,credit_info
8f39e96c6feedad4d210e10aafd9443f,statement
73446a47fc8c45c3ab781eb50786450e,credit_info
a1eaf0ca0c8e6fa48785e5e3c29b413e,statement
2b7696801f255ff20d150c8e13cec44b,statement
077570946c56dcd8f749df1eb5963c25,main_screen
77a54824c704074778828efcd98315cb,main_screen
4fde985443206fcbbb9b3c11522b9571,credit_info
129a6aba746d75c981d6ed77087c28b7,main_screen
669252313d9bee849b8a22fd1760cc9d,statement
525b13d11b05a6cec8c94c3f5c2b722b,main_screen
c4d9fd00a1b9a830c78da64d7cb2557e,main_screen
ad0af6378a836150187a1671eb77285f,statement
8466a7a8738fea015d59b6f2107a3a3e,credit_info
b138e5d49f67c7d78ff700acef6e0d2e,credit_info
dc2c706458bc8577389b2f186e2f8844,card_recharge
68e61f98105e1f0b7b2ec16fdd2b6049,own_transfer
25f6726cb5fcbcb3a8586d35e2eb21e6,chat
7f376818ba46c78a4ba6ebe96553ec49,main_screen
14ddb1e371eb750c8d4c8f4ab5261a81,mobile_recharge
0c7acff4bc6372e6af421bf64fa20e99,main_screen
1fac81ab88abd933f897fd9d22f5dbeb,chat
0f3763f3782b26c9cda3bc80048260b2,card2card_transfer
f7291f02510fb2f0ea573fa18c74af20,main_screen
0925e13227f8b73b14b3899337498b1a,credit_info
11aabd88e359eea0f062cef1933add42,statement
3b1bb751e38bcc5f04cddf00aa54fa3d,chat
2482083f83feed5fb1adb01a49de7d19,main_screen
c9f1529b6df0193121278bf3fee8a5cb,main_screen
0f55f2f407b7d8b00e982a105aa86d35,mobile_recharge
ed79ef4084385a5861f1afb8bc6ff605,main_screen
4c96285264d9effbf0ef4954bc1c85e1,main_screen
7aa7b429a35c331936f75f894d439574,main_screen
770055964ffcbc21350d4329cb4ff8f7,own_transfer
34d6a504b43b69564451a850522e18d6,own_transfer
659cfd0eb8986b281fb82eb6a370c25d,own_transfer
ae1aeed1d9221c97c34b8b9952e8bfdb,chat
cb36f4d50b5870028d5fad7ea8d039b3,main_screen
cdb9c3dfbcf93e9ee403f010709ed04e,main_screen
d429e5304786deb5314fbc5e06acb5c4,card_recharge
dbfe39ecbd09dfdb79213cbac7005988,main_screen
4779fc593fff3a81cb11fe7003891e48,mobile_recharge
891289211c6e554ba908a9d8df24d82f,main_screen
10b3aa815c3d24d7fbf5a42fc727a645,main_screen
f13fd18ca4d6d68ecf802c22b78cdd9c,credit_info
801144b1c5af9bdbf68404b96c9ff492,chat
e97978b2ddd077827fa2f377a83e5727,main_screen
879087851af4ca95f952b91b2c0a7ab3,main_screen
1e9b3c83ca4a1b33df5eebdd5397cb63,card_recharge
0912488aec38c2df8a05f3cbf091aacd,card_recharge
00bd094632759af6f59a2eb8509c96b5,main_screen
c3677cc929c6c8c61e8feea05e153509,card_recharge
a1f222b50feb895df8b58c866712ae88,main_screen
4ea8524c310bc3d24b631e8b48a5d173,main_screen
9940830ca4965650598fec9af0dac987,invest
d8688e88f02fe568dd8e1bf0e5bbef9d,mobile_recharge
f3ea48978eee4cd05fb8ac0e1ee90265,main_screen
48e7e8bd9c17b687ea60ffe5609c0786,main_screen
2679c304bd70f0a1b53d7d32042fcb66,credit_info
39b22b39d06bf31e830afbdc3a175721,main_screen
6c7e8761655b5004f3f87a1e705720ba,chat
185ae8af00ac1dda967875203b7d63d7,main_screen
63adc02d369421cf3231ff6852c9c642,main_screen
ac099529c78d8210d9b1439fe187e929,credit_info
0d4a8843c51e9b64430d399983b431a0,main_screen
78c84e55a06ed40aeb5b383d0cec5324,main_screen
2d1fbb59919dd7f487f21b258c8321f7,main_screen
4f8ffe37c91b09da485e02e0abd47c07,main_screen
b6ed2a608453fd664e4e95c4e1632979,statement
f259da8aa55a3d310b972151525fd066,credit_info
6ba95cd5b6009eff299ab92bdc45e1c9,phone_money_transfer
2badee6f99d6d805e30e780aad81b72b,credit_info
7379bb7e2bf78c81edc8f13d02780c52,main_screen
90aefe6941d4dd85164c2d289e5a3b11,main_screen
89d8966db9fddc57a2e244697e0e3a1c,card2card_transfer
f25b6516194198615bac1f6552be9ccb,main_screen
8866941f3863ea76027742d04f0ca558,main_screen
a95d2863a924e7c24fb73b233db1d0b2,main_screen
8a5f3bbe70fd382b7e4d2e26924a43d6,statement
dd316b0d13ec7c786963df52ec072222,main_screen
22cec8a134001016a2e74fbee1089e10,credit_info
d2c6ef32635a223f2208939b799421ea,main_screen
b7dba8657e0d60d26247795e17c06e8b,main_screen
f163828ab2ac52f550f204f3e0b171e0,main_screen
c56672df97a908b3b38dddf9c7e561c8,main_screen
1cf6ed6efe5fcfcc8262ea479d5aa4c6,card_recharge
845e18efce61f7f346f53a3c35e8f276,main_screen
f915c612390de9d11d3dd65bb3ae0ea8,credit_info
f9bd1e17800dc17c3e4c447eb81fdb24,main_screen
8e58bc57e06193abe953afba2a869ae9,main_screen
56f577f43564803c15effe32c66d8734,mobile_recharge
b8a656fa58d2cbfd644a9d23f6eb6a96,main_screen
15f479a802ea84bc5f0228ceb3633b39,main_screen
b92f3c7dde0c0798c2dcc4eee5707b0f,main_screen
477900829658464f57dd98c109e4ab27,statement
4f96b91e98b52d822e127d4ff861a3cb,main_screen
2fdbe6856a954a27c2025ccf2a9f209a,credit_info
d0884c0e642fe075e89278a5e1c73c91,credit_info
f72db1c08f5e5213fb853c942bb7009e,statement
a52e5f6e40a66625e9f49936faaaa259,main_screen
5183430b7b798b851cfd2af68297bdac,main_screen
7724338ca2c27b200e4dd2c62a048485,main_screen
1eb4aa7eaa97e4289368a5c8fe36fc43,credit_info
5d95f794c87d71d669a8d2f134f0479d,main_screen
caa752b64b4cf40796ec88b182a69353,main_screen
3149e18de405b65084b3276360340951,statement
b493bdf0781ffa24e9c2e7a6d94c6884,statement
e8f4d466332f616392c18488d562cdb9,main_screen
6fc189b8d2179d84fdced408a93ac957,own_transfer
d08abf7f3fa9354f260f24f7956221c7,main_screen
1305eeed39cb6c2a1dc63304d1195242,credit_info
3cbaecbbcbbd366ed4d3ab46a582f337,main_screen
ffb77d42de9f2ea52f525acdd061fe51,main_screen
dd30f33a9c54c504a312c39c18c6a9c2,own_transfer
01c81faad4d3fc11c361174939e1b8ae,credit_info
8c8e6b912eb90e009e5dd923c5bb3ca8,main_screen
cbf06ad9dbeba74a2c423fe986fcf881,statement
9d42aa400c2ca2829849bb31ab31895f,main_screen
fcd40454977238a5ff7b7b5d9eef2b99,main_screen
75cb106ec92c464768544267130635fd,card_recharge
1167dfbea2e3a7300d8f80a56941de84,card2card_transfer
6e0ab714ee3f90c2e2d09e44a8512235,statement
ad36af4c7da0535154004a9c09c30a67,main_screen
41154fb2e5e58348c358b8c80d1dc347,credit_info
49828b7f71ff80d58c4b9cf98c569a5a,main_screen
1dff5a0c9bfa70b6fb99ef110566960e,main_screen
a438006d1a8435547896fac6aa615023,statement
c6088c3a9bf82feeed13b628eb405e83,card2card_transfer
9af9ba4a813d0b723e8888ad778e1481,main_screen
e6597ec55adb6af8634cf6260d533224,card2card_transfer
b3efeae1535de5592ac3c2e47dbb5d56,main_screen
998425d6c09da1d3b481a33fb04ab9aa,chat
2d484025c74c870f7edc549855363fa3,main_screen
fcd46122bdd828f4a90948e0af13e82c,chat
13409289e44e4d3a7dcd80c04127062b,main_screen
36721ad1d3f92c8ead07c8e3cd161372,chat
d6adb673da8923a78a6b5c136747f788,main_screen
c4f760138fcd44764b92d16cbc5b2e52,main_screen
6e5e767a39f0c66f1acf28c07e097f68,main_screen
c8a128fc122b634ef927c53982d6f78b,main_screen
28ac578a55e4de4ca621c4a07bcde55e,mobile_recharge
925ad65d0a1de4cd5b9c79800a75459c,main_screen
06433d0142782a62e867abf1a7b6ba2b,main_screen
5166631528eb567cfe98418be395e4a4,card2card_transfer
28315befd8370256e584bf4377a4f77a,own_transfer
a25a40945153daa1c43126d23e904f52,statement
436621b1c08cbcc6ff7f85c36b68ded4,statement
d061011f325184ea5316a246914c4cbf,invest
24b17665d3482a4c3db3f25988b1dde1,credit_info
60a2d8ae59b77623a292109a57a801b1,chat
6fdd991f97c503776f5dd22db4db07f3,card2card_transfer
3ff0054e707d4888ac51b7f160a69bcf,main_screen
0ef79d68c86ec1ebb17bb56546cfcd43,main_screen
dab4783df7ac22e7d3a471b97da2936e,statement
1dabf383f6c6c2e8bbd50ce979488898,main_screen
fe1dd53239d8c76a8b1571a1ca2d02a0,main_screen
d6ffbff17064748768bfd735bbe3a0c2,main_screen
e742e67b984960d34164e6d61c38708e,own_transfer
ae85b2242a657f0f4b7ddddcdc79918f,main_screen
76655468cb86cf28b25fdf0d39193b6c,credit_info
7611b736bc91eec92d27b28304669250,main_screen
20e509552c0370079d148a4257fd6e71,main_screen
371a1b3c0020b94136cdcfc56ca1fc2a,main_screen
baf18bbed6aec9df7774094b25925a39,main_screen
658ea6d5e1792fb14be36eb261c1de1e,main_screen
ceacf57a3a412dc952e1e6ac1690b6a9,credit_info
fd75ac7324bed16b54330aecf3ab02ad,statement
15ecda8eb0cad11a6ebe1b6d8e8e6e38,main_screen
97eeed232d676e55bb8ae827084fe87c,main_screen
9e92849c3464cb8678273ff51c25f03c,phone_money_transfer
c23e1a06189c7475f5b3951921042afd,phone_money_transfer
c8205ecb04b82c6f80b0f9f2706bea54,main_screen
8b0fedf6debdfabdc81a8beba65b3295,statement
78dc8098bfa4e26829974dc129d82b23,main_screen
4af18749742baa71773a093a4254fdab,credit_info
f16e46cf7612c74147a9654138336d84,main_screen
dd26ad21d8b091e2ec4ed95fa10268cf,main_screen
9dc21b613d0452780b6a80ecf6989f4e,own_transfer
ca0c6318b50475b8b274d2644c76cfa7,main_screen
665d02537fa38d1dfaede61cbd5023b2,statement
ee5b2cdf9475ad72a1be80a9179e7a63,statement
cdadcd679da51a20fc6329b446333b08,credit_info
6deb3a987e8b01d2a635a70887a39ffb,main_screen
3076ea9ab77c5b48fb6855523bdaeae0,card_recharge
4bf2403273ed27c5027cb0b1825ad044,statement
c18610e740a410dba923d6aecfedd578,credit_info
3d61e45f8accda9ecb95a191f98cf038,main_screen
7807209a0572b73f3a481a45ae044f93,mobile_recharge
46ddc188d20a0cf9b3a64c0fdd6dbd18,main_screen
b6636803bbd309a3b75a1f851f85a63e,own_transfer
5b5b78afc229d9a8d67eb5598c7887d4,main_screen
e02132f2dc76ff623627d9c5c123e336,main_screen
677b3d13e736778fdbeb5704308cd3be,main_screen
9086ddd428a571f17070627b3800cdd6,credit_info
c3103c380c77f6c8c185bce3e614e82c,main_screen
0dff9969a5bd140f4dd36597fed48e5a,main_screen
a6961015e83eadc8d6a5eeb423ea39b5,mobile_recharge
4bf29c16c94a9c69c8282afa6f8f27b5,card_recharge
bd112ad5bdcfef78cb1e99568f32a44e,main_screen
0e04eb63e60533ece4da2ca43125ca3b,phone_money_transfer
415628e90959f41e12e25dc959baab03,main_screen
35c8190245f47fc6c3740dd3039beed9,credit_info
9530ce9c2accc0ef4acefc3db3690da3,card2card_transfer
c87fe8097f1076b05f7bebfde4e3a985,statement
dce5a0d3081d9fc126bb20594ff56860,chat
36fb23d45d3621221c9d8da4092e4c6d,main_screen
0be89b46873c0d0357b288df5b9c2a4f,invest
eaab605af910090d14cb5c7fb01b0ae5,main_screen
89e8d5bd9ed82d46871cc665f91da139,credit_info
906c49acbad0ab4a3bc8000e11282133,card_recharge
477fb080850992b0b175a13b32bfff6d,main_screen
7794580e08e5e8409dcc1c6bdd3b7222,credit_info
73a70a33b4d3c8d8569c8a9bc540a23e,chat
bd5508c3023df49bffb9ecca7b6589ef,credit_info
4a48cfb05ba048c8dc2b0adcedf78de1,own_transfer
77d083496d1d7f67eb1069a2bc8a76a4,statement
74ec31a6e16abea5e1c9cdeae213ec50,credit_info
09d7614506fc5ed9a82252d7260ef499,credit_info
997f8de81b10bb3edb04a51dd48dd5cc,main_screen
1459b1d18e4df9e2d371194c7ebd7c7a,mobile_recharge
d0156a5ddc72d62c0b4c59a4bdedfc18,main_screen
63bb9265c268eb331cd05505b041aead,main_screen
ec10a4cbd85d4f235f2a86abc65c8989,statement
dec787916dda114fdd4da10c17f35f9b,invest
5848db1030d64e122968919e175adf29,main_screen
900e6b085da23a9d5d53ee7843436228,credit_info
7b5e3fb5428d281d516c578b96511a2e,main_screen
0e6f573c67ae122b428002f6cfd3451a,chat
92f981ec84e6c4cadd855a1816af13eb,main_screen
4a1cc8a692ec434152ba7a75b53fcf08,statement
5aeb14a95e25ccf9e6a8c15e598ebab2,chat
877788ed77ff225957e8f850d6ebeb72,credit_info
ec401bdbbd6310e9838fb64584478e92,main_screen
bf98883233dc647f219ed28dc1fa2c05,mobile_recharge
6c074f4e4c8b953f92c11c9cb2823edf,main_screen
78d01fb1f4144b83619facd0bada17f5,main_screen
3f4b820e3a97cf1ec8a3c0e16644593f,phone_money_transfer
5f78987aaa7f99e6092014de4c75d8e5,credit_info
e314afeb07eeb76b7c6d9447435137f0,statement
6fa5d426e3ff3219dd01836827b3d882,card2card_transfer
346987366557213f2de97a659783fc3b,main_screen
de0e1c62dc4a9930063daf80eda28788,mobile_recharge
f3a54fb9848457cb22712bf74db14dc6,main_screen
c4eab49befac8413c2fe9ccc2e31e2d0,credit_info
1027e4b0fd3a8283419f70c16e0ee46c,main_screen
d95a81750d5ff1f63198684626e37ff1,main_screen
8e0e42f9ab900d44926a762a13061e86,chat
20a49d9a99a65a72762de48f3a4679e3,credit_info
bf1462589c446189a951dc7b5e664cf3,credit_info
ff892212a792cd6524ed7a231382a2c6,chat
263d1ed146e4e1d2bec725e054d81594,invest
b3fed49bf1fad1d91171b5ee21294444,main_screen
279f228ad06c20258ed51ec6d4c5ea0f,main_screen
2c30c40caaad5dd3824d1e08b80e6647,statement
e6b757b8f6d8c72a40d537e13423fc95,statement
407871ee4733124ffe4dee2c092cbd62,main_screen
97649720b19dfcc98fe4fbe291f191cb,main_screen
2f81a2fe54a273a54c57a7da9a4db64f,credit_info
9908c9af6efba3058338af19eaa98618,main_screen
39a27f380cc5a1b1fcb5d0890924610c,main_screen
5f1001b30a31b4a769da95a326982da4,main_screen
34951998198dfaa29255d2971fc39818,credit_info
22a8f7f677d0569ea224071dd129413d,chat
9c0aa467874e7997740fdd1ac804b656,main_screen
6f461a6e00c9098809589347f59cf9c7,own_transfer
297d258013e5393b123e1ad9043a1373,credit_info
72847dfe60dfe8d96c7cde528e724f85,main_screen
8a47626ad9ad36366c142866b095b720,main_screen
637ac5a10b8c3f319cdb49407c173b14,main_screen
6742ec60e5486e35a4de47482a0761d7,credit_info
1abaa3254dd3b0ad1a74fa37a4814812,main_screen
aa6c309050edc4edbe4b29572360998a,main_screen
b2e8c52f6967876de528890efe9cf813,statement
3ec89528765ccdc4136472219b56f81f,main_screen
b79a103f65dc14cf2167959862db2d73,main_screen
350f83791ad364c1b84d14715cccceee,statement
1324d51ee4a597b1aa318f8a150fe621,main_screen
56434e69a17c59f9d4906326b0e2bc68,main_screen
8a25de7594ecd315aae8879ee468d703,card_recharge
fa6bd831d8ca19b2d10cf6985de07266,main_screen
9445fe9fff5698a504444328d9283466,main_screen
fcb0898f9158de4f5af60e9c0ae65dff,main_screen
10d8a79b730c8981b29bfe8c7e16247d,main_screen
a1ff30e8bcc0d9999b300da4477d5510,credit_info
67e90af67b1e758a4fe7a424fe7e88ff,credit_info
22bf0e23e642689316ee05c85e9a57ff,main_screen
ce4201cf4b2b7a70d6832700653db912,mobile_recharge
32ed49482f38f4b85d02deaf3fc72b3e,chat
7eea41bb96e68ec151a3b491ea7904dc,statement
847b16d6de548aadd63105f5e761745a,own_transfer
936d2305daf8b3b4fe5e05c4ed4812a4,main_screen
165e217f43bb2313c0614701f328a06b,main_screen
0f8e28905c8b6a4fd70a4f274bd00845,credit_info
532ff6f76bbd5f2cb0b0c8470725ec4f,main_screen
bb4b3280cf545d4702bab86b0fb224ec,credit_info
5b9a61da7dcfd21fb34a4eb1cedc3741,main_screen
2b82d3a7838a73176db0c94bdb558614,statement
5c4f2d4785937ab2501b879bfe72aea7,statement
8cd8407fbde6dc62159a4e52e984cb5b,statement
9a1efd2bfd5399e86dbce18d48ab4c65,main_screen
b39c22a766b3fd642c9aced79317f071,chat
4043f2d8ab6a379b7a793c288defa84e,credit_info
f66f1664da1fcdc4ed358ac449f94e9a,chat
868efe46dd6d5034451f5a2a5806ce90,main_screen
18c0492d5e082e1225003c1f294cf3f0,credit_info
138f93686782b77766a481aadb61739f,main_screen
dcbb551ec47442739759291006f0cf67,own_transfer
7693cd956cfea836c89e58f7f415c705,main_screen
c071755de4603c3cb6bee2fec884d4a8,main_screen
61a218a45806deffa8a4e04af59e9065,main_screen
bd6bb23ca2a073c590584dd61641bbcf,main_screen
7863ee416fc16d2b871d5c7a32bab062,chat
7eb1102501a4b9757e5aa4e461929203,statement
b64ed5e9b03b163838e3b5f235975d49,card_recharge
c9a3bb3ec66c8143ce23b0b23ee0eaf1,mobile_recharge
f1baf68dce91d83f6f7b9540f904a01c,main_screen
e38755176f44a798e680dea00f449d8f,main_screen
3399f1b2e79416ed18c1ee215ae77f0e,main_screen
f8be0accc3db6519401f8886f7fdf3dc,card_recharge
aae38e68c66c5e738c6c58e50e707788,own_transfer
c6d45bd2e60788fef1d126587e516221,credit_info
0d59601b544b86593a9f17fb4ec00101,main_screen
bd7b677ba2110ddf17346a6441ae700a,statement
f53e691abb465c97d73e3e596dc92171,card2card_transfer
3ea873fd9d4964d11995455caaa40cab,phone_money_transfer
0f0d3993db5a350c06cda95fc222f802,main_screen
e6585976fd50c1eaeb3975a2e5baa81a,mobile_recharge
a0e7319e20af7b2d803e8961f69f617c,main_screen
49f3d826d57c58ca9934ed51ec58db3c,main_screen
e391354f7d87343fc08ba4170405e2a1,main_screen
fe2b4cec39855e8afd1e0e0dc5d55b58,mobile_recharge
86632bdfbbf7265db14fbf50a01a8815,main_screen
547b0faa2a4a5a597826c11c5feb22f8,main_screen
250706e832fc920682ee38f6fde1dd95,main_screen
51c0d93f13d60d8596301cdece547d75,main_screen
bf39b063d279edb04adb576f2248c6cb,credit_info
bf21e55350e773c41326bb42940c6f4c,main_screen
0a066e8a43a76c96da0c4298b7c65fad,phone_money_transfer
95a61c33a28fc1f6dcc9615f3aabb962,statement
cb7364a3a25fffa45c37c9f910f2a9df,main_screen
85702c0dd72c6bf7174bc8d5b7adb3ee,card_recharge
53c2760f41d5f14fe04ee25005179442,credit_info
cf84f995554626060eac7b6c42ca4b6c,main_screen
6ecfb0cd6a5faf5a9d721753c08e6df4,main_screen
53cd2fe940ff63a11345029601a06e11,credit_info
97ccb986bb5472adff4243822b02fbc0,credit_info
9d64e98dd5955227650e4d631b9e15a6,statement
1a59a10dec18133ed8ec9c44a6212351,main_screen
f394fbdc8955b4e6bdd909178e192f61,main_screen
3310f0998d09a99cc69f7f8388b97c37,credit_info
2d2b138b36f8773ba36e68067a035ead,main_screen
08b394674349d729c0f53edbf8af510e,main_screen
e879021ed503cd832748a0b6de10e145,main_screen
710c4a1f2c78b8b9d78f9fddfdb5dd9b,invest
814dbb3772cb47d58c0ca07d380137fe,main_screen
f68b7a9eda0727a892dfb59b53099490,mobile_recharge
f8bf823598c6bcfd13683e1c3f68f257,statement
d0111655b75eedfdcbfb996260b99dbe,credit_info
c631aa19fdef0c7dc51f1d9a945556e6,mobile_recharge
726e4c31c3c23bf4aed052c765f39e7d,main_screen
ef9745e21839d6f58991c75aeb0790aa,credit_info
84c1b26f4de61b0799d0c3445fc63ad4,credit_info
258232b13bb88d8d96dc85a1b3f0fe6e,statement
33d73b7b202a08c41997e48e3d97143d,main_screen
7b527aa344a6928d26849dcfaba7e126,main_screen
b4c37e9f12ed8760e3cd3e47cb2bd2b6,credit_info
a58be5e781bec9089066177057c9f56b,statement
9723264ea7ebbb525aed397aab2d473e,phone_money_transfer
43c93528f9d3763c39545176c25a8adc,main_screen
df23089aa75eceef8aeb2ed822646146,main_screen
54f92879a2a04abdc84e67f4231d26fc,main_screen
10aa4a767c6f5ee5ffda881b0a0f4fd8,main_screen
da6d304c277f4ff0201493e0fc165c89,mobile_recharge
981531f468688d6db71de2661dc33610,credit_info
adcc92914edfac20e3c456c6007397d0,statement
8ab0a16f2206cd37a96f7b81dd611217,main_screen
9f1cbd7949724a0b46244b1647324853,card2card_transfer
f00d54b551d956a70d86852815a56376,main_screen
dd0e4fdb2c0b37d3c61b3b4e2a800e24,main_screen
5a31f78ec71459b0956bb8c500aef470,main_screen
aad440fc852a2089f3dff5159a12550d,main_screen
19c4d81e70a42d6389501487f49804ab,chat
40db0da97ddbcac210e57f33ada5a38a,credit_info
d05fe08135e06bb10feb37743f3c4181,statement
717922929565659f46e58c0e246ddfc6,mobile_recharge
319e04f0817127dc43bf09be5904ccf1,main_screen
1bea1ac6f686a853920ec9f8f00d399a,main_screen
64c850417ff68ad79d10f119511e399c,card_recharge
3e57a48f9ec7c9ebd91c1bb8ea582b43,main_screen
986d6680f4f87a884a066ed6139d60d0,statement
961024092451ac4b45c3d7f9a5e21b95,chat
58481a21c369b6f267a5b4d79987d259,statement
395188db65568dbaf1c747924c0d4894,credit_info
f3b5d0159aad5feac79956b53bd0f248,main_screen
80537a0ab46840e40b9c8b5472b98865,statement
e1727694bd256a51e13afeb35ab14b44,main_screen
cede6969c5b27e416e97e495b9ae5066,main_screen
9bff8328fee7141452aa93145d5a104c,statement
be3150053a700bf8400099c51c683712,credit_info
f9882c66dab22564614386620ca7c4f2,main_screen
0575804c4bd5777f812700cf6b2c39ec,card2card_transfer
2f9a6c3d8ebab5ef5c849f9723a2edf4,main_screen
df09408bcda16e51e95ba0672bdd1965,main_screen
414e935ed246993d3a017034d69c8b3b,card_recharge
cb536fcd3630d799dd185561e96db890,main_screen
cfe67edfb833cfd22f1fb254807cc277,main_screen
14d59820131090d3393a82e0dada8235,credit_info
591758cd23b06a4f795e6d1d54d8e0c6,main_screen
9714bd523887c80e1848d76bba05d712,credit_info
657bcfef7d9ca403d45092021ddb44b2,main_screen
f71b3cef50e86383f964515b6ff8a2cf,main_screen
302f628895ea0837aadb655c81e1929f,credit_info
1519eaaa938fcfd31267fd2d719d2a17,main_screen
d91a97cba62d5d544141efafbba6461e,main_screen
5231d2744b2ee05fe6e382806c67b543,credit_info
5ed182a268a8f8d853a730fbc34462b5,main_screen
7bceffef767fd83f230f6011b6fb042e,main_screen
f1fa683bdbf046bcbcd7a4fb74c8456d,main_screen
7849bccbc5392ee9fcf66c62007bddbf,main_screen
8c8cdb24f7c2e913c777595522ac3767,own_transfer
db0bc2fea3435c80cdea1a55e3e2748a,phone_money_transfer
88f58ecdbb41e00c6f6aeb1a3615957a,credit_info
81211095eb141e9a10ec67ea383f1e61,main_screen
56c0c256f5e08eb6a5c207f241d5583c,main_screen
4252e6c2f7c83e621dfc6b407d42dca7,main_screen
b2d63e8d38ded6a9168f6878cd7ee7a4,own_transfer
acf09d1d916509e695d77211e99c224e,main_screen
027570be7d10be443d12afedc3eb1633,statement
f4f9c590c8434436af66d99351f79335,credit_info
69e3f2b19775eea93d2570bb3eda478a,chat
dbb93b8e8d8a122a4b9695a884f53abe,chat
c180812d1e93aae2806e142311f4bb6a,main_screen
0553a13fbb6e19b1713a3cb4e4d4281d,credit_info
fa87ea30d3d7130a0811140421545433,credit_info
0fd474c5cd9ef5fa28f77e146edc726c,own_transfer
54ef136b711a4d3572842797615aa74b,own_transfer
6e58eba192bdcbce4f223931bcc94d5b,main_screen
f37951cdd3e783c170f6c22e6014bce1,mobile_recharge
6862d73f89f38df39387f6927cf2e5e3,main_screen
ae093ebb2a829cb3fb2fccc25d713289,main_screen
34c82af653846994140175803e43c0b8,main_screen
4e43e5966432309d8414318d7500c283,statement
86c57385333f6ed1d42a6b800f9fed8b,mobile_recharge
a8a9972ccd44a81509b24dbc35770e19,card2card_transfer
1bc0a53fcf67e8037987c7c984f549b5,mobile_recharge
5a840d183101c6baa3b8687276f9e429,main_screen
fb8dfb7e6e608f9607368dc17f8d653a,chat
75a9187e6a95cc66cb58317064dd6703,chat
15de16c23dc4a476c45c144931ad1354,main_screen
a678c95da05233939850f259fc9e2f3d,credit_info
b5aa45869953f69707024450290e8ea5,credit_info
bee5275cd9ca7d34dd8220222b7dda79,statement
f67d7054a3d5c995115722cc4f74f255,own_transfer
74718dd538a6c47ecc1f27d77c6e23e7,credit_info
81b4c9061efaa14ed6fc6e1d76a5e262,chat
d5455030fc9ad11d55deabafd7a22cd2,credit_info
107efb4507525ce982e19331b36b0e2f,phone_money_transfer
6827faab33277eb8510546cfbe97ba61,credit_info
d3baa42d0c5fe9d4aed7ebbab5d9385c,main_screen
8252f6df69befbb6feb02de4fc6943c0,main_screen
d62d642fb074b4e199e12d00395bff97,chat
47c4ae6996977c672a06dbc873249214,main_screen
ab20422eb62d740b28c67fd0ebbf4791,main_screen
9de60d0186d81a248be945c6c285566a,main_screen
92d3568b65c4951f3c14834db485fdd6,main_screen
eaf16db923737a18ee1ddac82f45c502,main_screen
8fb11b7ceb985a4f55c7decb4369c990,card_recharge
96673b6e3ad1bf181d9fe78c69c544dc,mobile_recharge
885cce76ddbf21bcfa43a078d5b7ee11,main_screen
5a7badf996c021a3290bc10b59573e3e,mobile_recharge
1eed3ab9c8b60ebc37ccc105add4fcbd,main_screen
f05530385007f7546557bd0fc0d5f7a9,own_transfer
0e612460dd8a77c7d1bc3d21c8f43b24,credit_info
5820a6638e96eb42db99241784545f42,statement
87c5dd87f91674fcc06329d340b6a2fb,credit_info
2f355a2b37ab204d81c2e8019d4bccf3,statement
154aec536e4f79253a6d989bc5f4e53f,own_transfer
16086fe8eed37ff3ba439b680cf909da,main_screen
3dc318ff381d2e3ad75341565b6369c2,main_screen
6c1f877bcca2b6108b85059bdede1bd0,mobile_recharge
1269ce9107430e616973d0ac014218fd,main_screen
78160fefa9c315a70d91d063b59a26fa,main_screen
5c84fda32fb5fb2f4d6be7335dec6f0e,main_screen
7c8cae3292d07d526e7d14cf4864879b,credit_info
1e91e9c984d9334059e0bc41f92b3cf1,credit_info
a0dd41310a45f41d8e4856afe4c1f298,credit_info
f9612e56f0d77849b4657f762771f52e,main_screen
5f6321dba7af9b57b6b9ecfa9a589015,main_screen
434d5a2bcc159229eac4fedec1fcb0c9,chat
95397778587bbf38fffac0be35481880,main_screen
042b4ee37d948e6256eb0eaacaeeb1a4,main_screen
93264c1fa9b3ffcb6aabbaa9baae9a0b,credit_info
4a63d486b84a7a02cd72fa74ef8f1667,credit_info
c2a497f63f200fd2e3c58d988ba5896b,card_recharge
cc633ad0c69db9324ae7ce8ce3497a14,statement
32023138ef357c58f93e5fe6924e0e5c,main_screen
ac337e0c731478f948e7546d6b71de07,own_transfer
8c9c5645defa8ac1bccb86a4060814dd,main_screen
baf77781f460b2d016717e0ad07f786e,main_screen
303a689ea9fb3178fed229be8b04325b,statement
aaf9a7519390b3d77234e5092f04bfb0,main_screen
b5a9f5549386bc8545c4a582d1ec852b,main_screen
3186559c3f6d64b93091d9afc06a4a43,main_screen
937fac23d65d100075b04e77b9483940,main_screen
ebc7cff32a0786f7728dde9beec52b4d,own_transfer
d6759e255f7256319e4c45609857de0e,main_screen
8a439b867ed7a7e06ab7f010df17f43c,statement
1e6c2cade046ad20362ff38125f1dd59,main_screen
89dcf5ed1dc0c624c149a6fbc58d0c24,main_screen
17ed5a6c161df7870031b86a163c9642,statement
6fb958bfb0524af635404bc7a440315f,main_screen
e02a8072f1ae2db05b909f4fef1c63b2,main_screen
e5255e0a91a0b91fe52f84f8a97ba1aa,statement
4b9174e8daac036bf3b3413cc9693ae8,main_screen
12117488f1edaf4f9c14effb7373aae6,main_screen
8a241f0b2cdaca60cb7dbce5c03d7a96,credit_info
c852bc43fda74df4fba4964b70bff07b,own_transfer
9823ca5a8ef5e6618ececb4f47476a86,own_transfer
eb7ce1be8206dfadde7b13b06e3f49fb,main_screen
629cc6920707508999f3d4bd11830a28,statement
7ff234bedbca4793b98bfa48454de10e,own_transfer
393eac7f26bc563bb2ebf97aa134a08a,chat
aeb2dcae1b7dcc9528572a86ab5284e0,statement
4233165d88a61d4d7a0deedd6a90aedc,statement
b169cd007f13b98d7b6fab393ab1fbaf,card_recharge
966059c472d9d7caba322f282defc249,main_screen
e10351869da0970c2b34f0c0d2410a0f,mobile_recharge
e1d52d7a40478c3a6141d62204e8c7d0,main_screen
7ee41f8f506c5f47d3479f44a5654bce,credit_info
3a3ec4b4957effc98aab43aff4456f6d,main_screen
9936c7508e166ca589694cfd9dc3e6a1,main_screen
830699fbbd930371e40236cca84aab4d,main_screen
76152459664da5d8d40163f50f203179,main_screen
f21ba6538f76316827960d803ded8098,statement
623e48c7541751a7f0aa11b9f9ead4dc,main_screen
040e0cb1f0fa662efba5f5aa57bdbba5,statement
1e75ce277902235bc7d69f5a3baa5091,credit_info
39bfba99917320953db6df16b7d477d9,chat
40db6c581cbccf16936af74e2ca448b7,main_screen
9081ca108f5b02d667803b3ac016da90,credit_info
e9d664287b070be53a47e4442e37c43a,main_screen
7143e870993751ed2ed0449251fae64d,statement
6cd2f9d2f3f0fdb4eba7f2a71d2f740d,own_transfer
983a97cf1e71c70c063391ec85666c9d,credit_info
f75ed8bee1560b3a4eb1537a9d128c7b,own_transfer
6b0aa260f09ebcf716842307bcf078b6,main_screen
82321d308f5297b87f37cda795b892b9,main_screen
ef1330284d3f5f0dc689269b36838d15,card2card_transfer
dde903f5a299226c11254eb365406332,main_screen
ac31b3b7e5dd8ad643b3506d069be749,main_screen
528968ae81e2dea32fbfc20c891ef053,credit_info
7efd820010479ad5a9ee43bba9d15ef4,main_screen
eb05a9040c0d5d11ac41ce36dc866ae6,main_screen
6943ba483164d8af23517641148f9f3b,main_screen
067cd5c337879088362ba05ddcaa2c4f,mobile_recharge
5697190ab41a1a388c4cadb100c947a9,credit_info
530ba6c50ad774ca03fe086fe6cfd262,statement
0510b055315e70fcdb4f52015d116889,main_screen
b022f6e61f65e653da2acb9abf18cf52,card2card_transfer
94724cb688da6393a53367fec6211ff5,chat
6419e3cabc7a4844bca02920f97a2b07,card2card_transfer
dae5bc8b9888b47cb70a564227d1b322,main_screen
fdf6e92a917c8d258dde59c9da8a78f4,main_screen
f2d71ffe5f09e24d0b1880523cd3208c,main_screen
bce26ec29519b73c6860d56fa2657191,statement
3cd9772a956f70a92e961917ba4d0757,main_screen
043bb9f27fe662592488777ef14b3747,credit_info
da6de3c3857ac7a2209c0e9de97f2178,main_screen
f94bddff6d6f7c4fe329180a0da5991f,main_screen
6172980f23992b8395f3b8bb7b033fde,credit_info
4e3786767a207158d19a987b85ae34a8,statement
3024acb550603269ec72fc4426630ee8,phone_money_transfer
5e7b3ff6cb4664cedf5ba1c6ba9cffbf,credit_info
5d0f8697de23fd1a4e4d3f9fd34ff819,main_screen
88d2489658d7b369b75dc5b11fd9e4bc,main_screen
acad2b49f993868e649605c88522f367,phone_money_transfer
5565442384a32c5fb1a553cdb038313c,main_screen
c6bb28b42d264bf773e61e76f8317f8e,chat
5782efa29365d5eb6e60b69fa874e47a,chat
829d4f7dc98baf7eb9e162ce03d58554,main_screen
343c1e55036a45f3e4cdc94348436110,statement
54667f56df86f5bde22673a46fc64962,card_recharge
47c126281349859b732d68cbd9c44cb7,main_screen
5907935c93d04ea5d85df39af338a805,chat
2923608467afd8624f3450924ebbb79a,main_screen
7843f3276de1d388a07245bf459bd933,main_screen
3fb8486c92f9b0bcffc9012cfbe977a8,credit_info
daced1402230405cf35be672f7eae8f1,invest
656c23bb19930e044f023a55290578a5,main_screen
7b077cb2384f9167a657e969dc72af23,statement
bee2aa1efd6b72a31f6b81c78ad36b3e,mobile_recharge
f1992915c20c737ac4aee6e9b3395915,credit_info
7ef9e26d3a798fcc8c3f945b84592c7c,main_screen
0b642901b3861203d432ad51e71149ff,statement
d2640663ca79b4e6a76d794dad6d5dac,main_screen
0bb6ea8b9862328812fa3fe9eec99a32,card_recharge
f14d8655d10b2bf910f76466bb37232c,credit_info
1cebd7a834951ae7bb2177c0f03c9d71,main_screen
753da7f567917177814653a5913fbc53,main_screen
3b0b01085b9a57590e6caa20d8adf3d9,phone_money_transfer
bd4c6418e410146d06927bb577641949,main_screen
2354368067a77df1a2366e2ae0e538a4,main_screen
3aa5dd57932ec46c15a3e862964201c2,main_screen
57d5e167c80d3fcad700078db6a289fa,main_screen
81ddd3ae1592550ea937823428b20409,main_screen
ca73a8122791abd5cf2de2007424d956,phone_money_transfer
9cb39240d4cd81f9e094f2e1c115f19c,main_screen
110c61ebd6306d0c5dc7d110690308f8,statement
6e8a5fb21527ce30111208cf978d5abf,statement
0fdab83e968c61855acb02f1862b8bc4,main_screen
4e2591f3af447c63b866764af79dad80,invest
59e8c04abd5914b1acf488f9db6ce713,main_screen
10bad5c71118f863111a38b21ae84b15,main_screen
80f7e56b7954f03c6d47c80d8293e0db,credit_info
dbb7e029d3d27e7e39f843a35126ae3f,main_screen
237f21d1dd685f49a08c8e6cfcfbb35f,credit_info
a0706f29d5c9026fec2b1e525b7f791d,statement
0810fef2eee0c2cb679633ab63806045,main_screen
ac2ae87c8082fb2624724079c3dcf5da,credit_info
2c6c82311ce6c4787bb145d79843faf1,main_screen
4f250cec114675d41c03b9b0c50df699,statement
4082d041e3f1df4ccbdb4131cae0aff2,main_screen
1c7dc824eb850c8351797bcc2c7a6537,mobile_recharge
1e0f645d569ce2688146c9762928af45,statement
2a6d5f353560b48e78a99001202b5d21,mobile_recharge
93d54a95e0e7ec07c6d702520a7c568a,statement
6c1863a0487277b53707505702ea89c9,chat
580404eb275042f03dec06279073a8d8,invest
d6b51e56d89feb7ab000c0c887b72457,main_screen
e811aefc41b4be437b3e6050ffc61244,main_screen
fb50391098c5e89b0969e22696195dfc,main_screen
8f31a8732110512d6d58737539aabff6,main_screen
fcdfd5e9b7e400599b285ca103163a89,main_screen
1d1c76b83eab81601ddbd94eaf304e10,credit_info
bacc1b0d1e4c5ca411ff8e4ce0343dc8,main_screen
9b6fe2284001d106ccaef5e4bebb1975,main_screen
f1e7a32aaf734c424259de106dd0ccb8,statement
a54431038f8ad5c1d36db0b601f56ff3,main_screen
3be03b22650a988ca5f89f0e9b2a13e9,statement
8ff128fe23cc3efbdc6d3d31c92a7aba,main_screen
6ffc4f84237942a8494051118d2f8b3f,main_screen
815fdbe9175e07eb8f91185d21403a39,main_screen
090a146288d1f5b568dc334249b7c93e,mobile_recharge
9470d219a51beba5c6726995d71b89a3,main_screen
fa19650e1e45be01df2c61cdfcb59612,credit_info
74f9b296f254078d616e247972150277,main_screen
8f05dcf9491771066117539df3ba11b4,statement
259fdec5f49bcbaac064229dc290ee11,main_screen
ce69fada629f7e3384ece12e996da5a7,card_recharge
c100f3f268277eeff9aca43c11c46c3d,main_screen
f18f637154b35b227945c777d4912b8f,main_screen
5d2399303f694a2f76b98f5975fc0bf3,main_screen
4b5a730af5a16de691a800d1d2c31b40,main_screen
204beb686f00eb023b1d4df08f532ca0,credit_info
e30c51b7e34cb9318c6cd28a990b43e4,main_screen
598a1ae19710d332cb82a8a84e5ab62f,main_screen
200f586cdaeb1425db56e236aa996b10,main_screen
fd093866b42116a4b9e0c30fbacb1912,credit_info
67f4cbff6c0748e3206b7e8659465ec8,main_screen
e2ad3648198619f3e375619952fadbfb,mobile_recharge
be053f5c85794d946f156e54e4fbc3a0,main_screen
e6abf3ced213f35d32808c146a121846,credit_info
2a773821dd506c4c09eb0baf7c2e8bbb,main_screen
ca545bd7265369de80605cd46ffc76db,credit_info
9b4dc017e6c53af09ca9dc575fc38112,main_screen
27625d9306e69fabd138d925e2cd96c4,statement
127d56dd3760af63e9490fcc9b3b34e9,credit_info
f827e6f36be9601f5a12d668668489de,credit_info
f5ef2b548a050533d3b0d8b730aa0034,chat
2a3640a89de96f66fb9ba27f5cc1a0e5,phone_money_transfer
6d4673ac651f8c3285c84d0995176b26,credit_info
589029f52b41dc72ce7999663eb1b5f5,credit_info
447ce8d7abe39f1b045971d5cce09fdb,mobile_recharge
951f66da1e3be48be704348a2e7a13fa,main_screen
d44c4cfbc1f68fa6b4f502fb10eaa22e,phone_money_transfer
e0fa19cb37f3427fcdb8980b2ce71ebe,invest
f5afc9dd41874d7380961dfba3c946ce,main_screen
17e5b2bbb10b2a4dbebe0eb20e5c1456,main_screen
5b9d97e5eca04fb896372c41ace28dec,main_screen
204c59dcc23e4102dc97ac8acf12e3f6,card2card_transfer
4d6838e01a4e522f1c59301d9751a3dd,own_transfer
628d0dbb4698452c0633250f112e31eb,own_transfer
d511c4d93aeb33819f267684cf8e454f,main_screen
248cd39e951c2915b1c86f0afc7f597c,statement
120988732156edfade83e03120acb160,card_recharge
71116ffdcd25a12f58f06e62e6decf20,statement
06b3aa3f25d3a480e60d756556bd9644,credit_info
5578ba58973675bf2e2a78d734c68b2f,main_screen
8272dd053bcb4aff48a3db60165201c6,main_screen
d15ac8e6d27427ea951f5f368f947ad2,main_screen
2d0a1e01028b9f699c51b661c18f277c,main_screen
f70e32d2102636ea29e9506aadcfc214,main_screen
4cc10ba8334c742624995637c7d851f5,mobile_recharge
92d6f06c20c7e2f4375ee0c1b2296ebd,mobile_recharge
951ba5c155e8c6d1cf6e2b2cba5bc559,mobile_recharge
2d95771952e815e8e9b376ab6039e6c9,main_screen
5618a09f929c880da838e2dc1e1c3bb4,mobile_recharge
db267d013893167ef1a8bbcb6063c525,own_transfer
46037f467b76f7c71d33826b7e2bfd6b,card2card_transfer
7c14b7ecb282d1e55d825722084cd856,credit_info
7f0f900abc053958f693cde524fe7400,statement
c578cd652d4ae9c5449277aba6de435f,statement
f93cdf5094ed5ea9a9b4d54b71641160,own_transfer
e88c4fd1e03277a5ee69c5faf2609011,main_screen
a1a068619be7ff9bd39d5057808cf93e,main_screen
672c965f60518639d3adfb28d948419b,main_screen
f8c35e56c6bd732284257a9abe187980,main_screen
fd9b3b3cb73d3d46deb82706bcd510ba,card_recharge
6447c978f2de27a9a3ff6c0a4d7c4133,main_screen
c94e4904d6ff80104f46fa6085e0e5c5,statement
1c04a63f9f6b9a4dbad3bfbff9990d2d,credit_info
554beefca527b564bbc122feaa357ca9,statement
d49c562c5748e50392996295343f9ff5,statement
43b451188b28429c19319b851b7fedc2,phone_money_transfer
22b42bb143931f3d9eab28a9b23cb7b4,main_screen
022359b8daeee753da0cb536939b8eb0,main_screen
3f8e00775d6229544084a39cbd4d1d92,card_recharge
0e575a7d198d2f64316be92e27e14cc5,mobile_recharge
570cdb2aedf41350b5ed62f34b2f91c6,statement
443fd6e98a326f3efea5c1d1b26eefa4,phone_money_transfer
ef47ca16084852396165e8b26009b235,main_screen
2e90e73c02600f7d39a8a72f2affd559,credit_info
1a68c7a9b5aca9fef4b68e4249e2b782,credit_info
ceb38e66c3496daaab4976a1da6d8355,main_screen
0e0148b5c82f1663b8feba1bb772ef01,main_screen
159f7c9d57ce20115794f8c293107902,mobile_recharge
3befa0dfbac21dcd5a09aa8def59f398,main_screen
5200fe0e74f7bc946ebf5951e7a20514,own_transfer
3dff9bcd70b5c55278227f4e805046c9,statement
4f6dadde2441d161492e5e2d836416e5,phone_money_transfer
4c748d9b1acb45361cb5306012a6de78,credit_info
a349462cb113999938a257acecbc3c38,main_screen
6f26505e466b7c4376396027209ef641,main_screen
ca6d2fdff04de9e7c9d8a7a6eae61e6c,main_screen
a02dfd1961633096cd8fc31962d358a1,phone_money_transfer
70000e4a938bc943725bef6e37ca7db8,main_screen
3af2b3336bd7f0f94fcde8cf1bcb204d,chat
0cd02a1914dc2c1b3cd25960bfc2ce82,main_screen
a2dfdb9bbf30b92171d9112c69a63d30,main_screen
71c5d6a61a8a9595a725a6788a91fd3f,main_screen
cdc654c81f743024606281f631d72ddd,main_screen
80ea2078a097ebc92584c775f3ad9d1a,credit_info
fcdaffd20ff1288d2eafd3c37f7637be,statement
6e743a92035395ab5e0eb6aae75c3fb9,statement
5f611946f23331714a326a4e1f1c473d,statement
78a232f87656ae4b256562ba29a3700f,mobile_recharge
6b845c47c135fd66b24101a0d462edc9,chat
3ac00d6dd230bc261a19acfd9664745f,main_screen
ade917965cb0c6920d319d12ffcf8a92,main_screen
f6d9fb138296c209c1c7b6d3d4915458,main_screen
2c4d2f5440c70a1762441b77443a08fb,main_screen
5a099d1e9061e0876160410bc9df8959,main_screen
1735650618d202db8e3063b65d459a63,statement
982ec3fa428815ee43d8bab5f0fb7ab6,main_screen
40884639f206ddf0f1b5bbb9530358b6,credit_info
410a2016d0187d9034b6bd28a7380295,main_screen
b0584dadb87d3e94c5f3fb0b2c7984d1,phone_money_transfer
ddab8d070e418bf9f5a16a05808fb6a9,credit_info
9602a6b3f7f08da86d5ac93d5dd7e09f,main_screen
a86aeb2df07b55457aa75ebf0289e401,statement
e7d3a74392e4f5f3581afb4e639599cb,credit_info
0be7cb49ec6c269608bdf89e736635d2,phone_money_transfer
7ef0f4bb6a6d1247af895c009d724472,card_recharge
5feeb7feb3dbf8e97946de2adf301e64,main_screen
95a07befc93bdebf98a867896a0d3bcc,statement
f3ff4f8f6fd64ba70715dc97d0e1f4ec,main_screen
18bcb2ffab75520b7bdea8a53a363fb7,main_screen
86dca59d39766c0a8311e18c272d1fe6,main_screen
fdcf4a30ad6bf151a1617f04db1869ff,main_screen
8356ed390c09413f545489348f59c911,main_screen
35d038c9e819bab7d34f1f159253d155,invest
9406fe1eb8a0672b1ddd1d3cd8b3931d,main_screen
5e6167c1c5abafa3b4fc2e799987473b,chat
8a27be26e5a933187cefb1cfb9db248c,card_recharge
be221f4deafd409f513c752a4734b955,main_screen
ae0aefa58723487f5e78eae1c8845527,main_screen
417b8b4874f7afbafc1507bdcd0b007c,main_screen
a66960446c7a38faefef354332b2e5a7,own_transfer
3886dbd5818da4be86684720dad55c57,main_screen
68a111799869fe149bd6227a5f13ad76,card_recharge
be625b39cd47f0fe6f36a809be6b2a62,main_screen
72f0fadd8d508ddb7a28ed2220247bed,main_screen
81306239472796eae2eb053436653fb6,main_screen
12e3547852737f85fe67fdfb8b26ccb8,main_screen
b5c1c7b9f4718baf29715d18be2733cd,main_screen
346d587605697cfd0018bf22fd0b6d14,mobile_recharge
214134a16422745ee88e0ee70f8ade0e,main_screen
ff7d777a188e7e22393e3ea59586f16b,statement
5afd388f771cda4341a73ee9ded5e28c,main_screen
eb611b5e605002f1f3d2b78f6ebb95c0,card2card_transfer
1b722550e43dd5dd87d0f6a4d83d6a5b,chat
895f7479f89179f8c150ebf4f7cd0c36,invest
3d6811e2cccd8ef3c216df49cab9255a,main_screen
a6ca96c20760a8b454e8ed3f1a4cb15a,main_screen
3973ccc84050804f08dd5433c4fac464,statement
b389534bf992809573f0fdfc32480cda,main_screen
1e6cadb5432c8282a36841a630874d69,card2card_transfer
d48da3923b9c942f5da03a5835e58ae4,main_screen
2b0725ac20af12591d6fb0b426910527,main_screen
2e9a9516de764d5f6752e183b8d2b24b,mobile_recharge
3776490c54e62368b15510c17920664c,main_screen
2dfdf9a2643dee862aa7bafd0dc24cfd,main_screen
60c3ec43a1752b0f8ce0eae13d4db8c8,chat
c7f3ed32f5ac7586295b7d77e7d614ee,card_recharge
5048a73b94c22525b7a46f77c1128cc3,main_screen
e7a27171c4f8bef742e86e79e6488235,invest
e494b1738f5d5beef181d6eaeb850cf4,chat
427b72810db364b22f99d5099d104fef,chat
39a39441447187a253e379a57d6157df,main_screen
7d33b242ccb174f0ffbd28c22398e963,phone_money_transfer
ba6cf812193b9c1212aa6cfc664dba1b,main_screen
fdc2d94f22c82c84592411a053f072b3,own_transfer
b5a2d06e70d4e009f1eb8e2b873678bb,main_screen
6646a7b9b31b0bbd9edf7f2546b1e8f9,credit_info
359667b3219ee0d61cfa95f08e452161,main_screen
95aadb2448d4a8eb3b073e7e562f84c5,card2card_transfer
f0c26cc00ffd73bb83a3b4590d29b5ae,main_screen
0dc5496f4d147852383a3b1f98566842,credit_info
9abc36e6b95144034fbbd2e447f78ba7,mobile_recharge
5f735ca02092dcf7b8eb2d3e7584949f,main_screen
c9f7411e2af83ff9762571a36d6536a0,chat
b9928256c1aa97a9dd41c14e74e26b0f,main_screen
a4e237e2dd7455548912b3250a575cda,main_screen
9a9c622bd02f9ed1e9e6868fb5f7f750,main_screen
83ab33a5429860fa9b8432ab2923e4d2,main_screen
27df400a63c2007f8f63eecabccadfc6,main_screen
ed7a75a8c0cfa553a2b29b65c704d03b,statement
4b60ec6ad62811aab817c9278fbe7dd4,card_recharge
1839ddb312b0f090e2f595714a00df04,main_screen
8e37168999197d1adfaf59c4a9e5b43e,main_screen
5eb2c018d7ed7e308df651fa091976b5,phone_money_transfer
73f90167d5fa35678a5c6c543f469629,phone_money_transfer
f1b8bdeb8c05c362e200a3f8cc2f48b2,main_screen
92d13e31965da945c4552df23745cbee,main_screen
ccae710ee7a35f1a2a53294011e3412d,main_screen
b5f0ccdcf9b9f7daee93c67e7278331c,main_screen
fdf444ef9d77be037394adf9d8fc4de4,main_screen
f66cbb97183e27e09867e8682cd1af6e,chat
077c543e408eba36ca43055e52085372,credit_info
41ffdb49367fec4d43d377075c681645,statement
4634f1686c3eb86004528194faacb28e,phone_money_transfer
86201d1242862367bdd7903dc45d2cf4,main_screen
bb85edda48b6874bf3ec6a9f6000dcc0,main_screen
390676e48ac93587d3305d84a62e9bf2,phone_money_transfer
a530404a92ad374824969a4860884eec,credit_info
03ddd911876b740415772fb3039ca821,statement
c7bb577fb1b692a44d6efdc3a0abc04b,statement
bedcef2c8d29c9e64505251db4114bc3,main_screen
521a0b955767c103491036d7ec3afe3b,credit_info
323549628c76193555f81e148c99c883,credit_info
fd9a443a859c9926d6fce3a468e2fec3,main_screen
8d511a7ebb8a9919e8dd0f64c109b51f,statement
29b7867e8a998044ba9d150b7a569113,main_screen
514f63858ce4ccdf14438310fe69f567,statement
1ca88cf73f68117a424b8392df48044e,main_screen
59a6f4662b15f041229ca703eaecda63,main_screen
67cbb6f770dcacec4f9cb7f3c1324798,card_recharge
c4e050e0288d8234073162aadcdd7545,main_screen
6ad43a7cf7da32b7ce58ddae48951a04,main_screen
56d09719ab77f9a0c694f87c655b8a3f,main_screen
13ffdd173b980a9c00c7e1b9ecd5f01c,credit_info
4c83c0a9512f9f9ab66982ac655203b7,card2card_transfer
b2180ad795920d62347df970b6781b24,own_transfer
7c1b35c2501c9f283bcf423fd4509544,main_screen
56b289fa3c16d8d3906dc303bdfd5ed1,statement
2820ffc0ef6b9033b4072852b9939ec7,card_recharge
6e24edfb1224614bf7ae9bc906c8798f,main_screen
202021ba7b8fdfb8813613df9830b399,main_screen
70412bdb6f3046fcdd9319af95fcb5ac,phone_money_transfer
e712f01117c5b0005e639c89b61d31e7,statement
f60813e03e623de6bd737c0a4ef0fd15,statement
2c304f38c5a894ad9234fad3ec2bd5fb,chat
c96596892db3e46051a75b9c12250d9f,phone_money_transfer
315c616e1209b2dc93a7590b246f18c2,credit_info
925b4689976663e1fdeca34334fb6580,main_screen
79527cf45257bde17d6bad3b11ca0a04,main_screen
acd08c13ec1e71b02175474052a219e0,main_screen
2c53849b772793ffb2f4c5877658ccea,credit_info
e7d4d919736ba8c7079b0205ed24e8a6,chat
0160f2ad5c1f28906d27f2ec0f46df50,credit_info
634db4d7a5eab46597bac6927d799bf5,main_screen
e6b998b241397aabfc90d13cb95d095a,own_transfer
d4280b4080078e994c197abaa3103e49,statement
aef981165c2d21d0321d6d78ffbb3cd2,own_transfer
b1b0aec56c036bc4a1958bb5573e063b,main_screen
58fe04868703ba0d1d19236189de6f69,main_screen
da8271171a3fbe58a2c6712caf08b15f,main_screen
e559c5f01f9e3133936733b45865a60c,credit_info
5a070e23cecd858728774f375e90a6cf,main_screen
8f98c9e775ac15bd7c468455ca5659e2,chat
47ed6c617eb46dc4d121e03ff3e33100,credit_info
551869ee27ff0967091df07e7825a3c5,main_screen
bc9cda45bcd181590ce0fbf04be55e01,chat
16d23a8c91c7ec47132332ed39b5ad38,chat
e878473e714906c2c3037f70fd2dcdc4,main_screen
a28dc3a4885efbd7bd9c1f9ded7c3444,chat
0608cb198aebf3460195b03a53a1f786,main_screen
2d5ac26383cbd49663b0136390b91a04,statement
17b8e2722c3ee5ff7b32247d51a1c811,phone_money_transfer
55ac3ed55436b7872b823d944416cf0a,main_screen
5f8c50e3ce04aaad14384f4e69a9d419,main_screen
1be951bb360aa7c8b4a824af8fa02238,main_screen
92bf2f243a667977cb3d615bf5fa4386,invest
404c2e324cb4da55aaf96d9a014c6151,statement
01393b6938857b0ebbaf7b085e187f60,credit_info
c6745c2e85d30c38aa0a98980ed56144,main_screen
7158f0f4e048ff06c21aaa46eae14657,main_screen
729a85005dea403e340ff7a3bf7a43e3,main_screen
ddafabda151a856522877c9d80210e12,main_screen
3ac960f51e16ce47845db01ad684245c,main_screen
2bb20a90f66fee5e819ff1e641cff3f0,main_screen
6dc0ece2f5fdaa70b7bdbc7135752bd0,statement
7b98b57977663276dc7a1ca6a0110a29,chat
406595173d8a98f8f3742e86db22e805,statement
8dda39a322b9faa8d2f57cf1abb9b20f,card2card_transfer
6109cb17d49481e4305d3853aed55970,credit_info
cb0fd1f721f001da199f24c5274f911f,main_screen
f6d2c78fbaf3d0854c23e5a6f6d1a037,phone_money_transfer
9e1620fcbc90edcc62e99db671b881ef,mobile_recharge
a944f3b66aacdea41c4eaf02e6a98e0b,main_screen
772bd1e0b0b80df92afb009772f964e4,statement
416f4982ba5f1918fcba971efc6e6dda,phone_money_transfer
5d9a3b75dc737b88d9fe586713dfaa56,main_screen
f0965a9c0471fc8b6f82c7c1dab9ac1a,main_screen
0324299dd26d62261258e521f0d6d20b,main_screen
1b28e54a5de59e77d1d364504851982b,main_screen
7df68a506441e18b670a613f1e3ced27,card_recharge
35c7258a8fdaa15521859be893235595,credit_info
f2001c78f93048aa76b7312b107faf86,main_screen
68aa863309b62dddd650affc89538762,statement
bb34b3f4d82322eb404911d2958e10d7,main_screen
058f18f295647af264fdecea39ee4e6a,phone_money_transfer
d8cbf7d07a26c74c9e8e01b03c729016,main_screen
804f9edba07426093e40087cd643061a,main_screen
43544bae7816f9549b7b62e96b4827e8,main_screen
5532bfe94fa4b51c22ce075e7605b382,credit_info
41155b69902a43b091bebf5be1abce7c,statement
fdf4038320b034fa2b8b4de02e9dfe3a,statement
45f052ffb47489855c50f3057f8201ea,chat
cb1d923eccb622fb39bc6e65cf5cc2c7,main_screen
fc1e32aabdd98b8aa534aa9d1b930db5,statement
c7a2eed061121571d521ebef024cab76,statement
dedc2fa8b8e763afd34c1a24ed715d03,main_screen
e08bb239c67720b8f62eec94740ee113,card2card_transfer
be6907f9c2c68e8ee8ef724e288f3ea3,main_screen
b6fd3e1551d4c1b740adf767f15f9376,main_screen
b1206b9df8b950b3d63bfb2b51bbb394,main_screen
96567cfcc531e9d618afc2b96ce15c4b,main_screen
abae8b1dad9615e58a8a25f490c6942f,credit_info
cbbb01be0d98f1ad0ae5001ce3f999e4,main_screen
1a5e760a48dade30c98b8d79d72b7bd9,main_screen
72ec10c1549d979966d2eddaaa2b9781,main_screen
f5d4775dd9fab33974106c3139904fbc,main_screen
979ea2eb5d9d9f0ccdea473498714f32,chat
8e856b0032e4fa345ece20c0c7858dff,card_recharge
ea6cbca5c5bd928ed0aa3e6c97ec4e47,main_screen
e90e939ae4be148c692221eab656e1d8,phone_money_transfer
1841cba8493f44ea55105da3714f7028,statement
5e6edfceb2e2e932f2393426f0673181,main_screen
15f9b69767ef59a0ad9e49db52a6b4c3,credit_info
6ce27987349b9db9e94761e2b967c2be,main_screen
36aa271869c81216e365b76af2bbc8ef,main_screen
9bccb842c9ffccd8635b3dbd94e7aaa6,mobile_recharge
8d09b340c4cf0a270e2a3ae1aa8e25a5,credit_info
ef70e67daf4f9bfa5bc0807c306818b0,main_screen
681de9327fad98b1dfe1dc054207607d,main_screen
1e49ac6c94a2bcde6ba25f0657885f8f,credit_info
fea472081553fbf2f9caea7d932f66f8,main_screen
a5d8f9a20db0685f57f8e461eacebd23,main_screen
481e02bde58ca128683c7b48493010a5,card2card_transfer
4b3e4496cd94a8b2a309414a64308dc1,mobile_recharge
2bbe0b58a0288972d3a1693ae29be394,credit_info
7728d831aac48c449e828d4900e68132,mobile_recharge
205e0ad7d4e35976db4e7d6bfb88f09d,statement
83bef032b9d58bca1aa7519a4e83e054,chat
3e29b2f1b2b7b7f2e47cba7c0a577d49,credit_info
396f8b293af15e11be0210ac300db706,main_screen
63fd6a67a42d6be0a55a753b32356bd2,phone_money_transfer
a1669faceeb129345e7a0fdffdb4800b,main_screen
2fad87eac55bc2a2590c98121fb268c0,phone_money_transfer
5ec6bbdc21cf062e5702375e000f775a,statement
eceb6ca3cbe86333a3c410fa0ac2cfa6,statement
2fcf67b3308e64565e2a647c29218021,main_screen
10029e08cfbcbc711de4ef1a5bdff497,main_screen
3d2672b2fa83037d37c013e7cc249ed6,main_screen
c564607d5d132992f965899cc78b4c81,main_screen
907d8d47374c704c1b0cf082e5157285,mobile_recharge
4ce1c4506606d48af4642203c7d48ae3,own_transfer
896d45a477fc2311c256689c036a11cf,card2card_transfer
dc755c9c5e58672edc769dcb645478a0,main_screen
90135260ff0fbe1dfac343eb9dadf96a,phone_money_transfer
46da2a5d10e9bc32571c8a0aa80351e1,main_screen
6b92636fdb65ef59e92c4fa2f70f487e,main_screen
d39c0b935d062883d6f778442e141a0d,main_screen
d453f77f26f86d19b4351d9b1bf37d83,chat
d37e616846c57852b141d4b5881f41d5,main_screen
a7711263f3c9d5c4f9e7dee0e92c94c8,statement
91d24dbd357b7eac96bb29c1b3e1a961,credit_info
7d855b9d283916b234606e94d980734a,credit_info
f2eb34866052ba2deb856d033df65f15,main_screen
97f45f16a1862a11623d155b646f7e65,statement
91e865ec40f9bea668bb118e15f04e64,main_screen
76b1f32380ebd0a416ca8869cfe9d7ed,card_recharge
b4d320584dbc802a8f04de56ee5f6320,statement
89d466b6d7149c2fbfb4f6590bacfad0,phone_money_transfer
b2a34fdab2b713f71ddf3b6e4ffe9567,own_transfer
a691f299e7381506dda991748cd2b710,main_screen
036fa34e09d6439ddeb993626ec66693,main_screen
734745e89dbafc9c88e3fe040f9733ec,main_screen
742d014a769c2f83e2a315ca88cb3454,main_screen
8f95251c59c92fe91aed5d38f282733a,card_recharge
ccea9ef915bba200524f8ae7258523f4,statement
256f92a506f9bc618c56e2b12b034ced,card_recharge
e7d77f678cdc373945528d9315da87e8,card2card_transfer
8ec3ecbaeb824165d8d198cf5fd27b7f,credit_info
8c200391f3cd7f6c0d14a909b4858ae8,statement
3566d164fca7dfd839ecefa92a2f42aa,credit_info
40dd37e0b4e68260bc42f26487852bea,main_screen
c76e50ec154464621336df363836619c,credit_info
59ba50eac458b20d9502db320304cd0e,main_screen
ee9b63ef4f78a7d8818221501bdb5d39,card2card_transfer
d355d864aa635f6c10a06f82ffaa09c1,own_transfer
4a358d1968be68a006dad59442713fb0,main_screen
56d8fb1a864970043a34983695587c46,statement
348e4125f035ac4117939ce60e61cbfc,credit_info
5a4cbaaee3439169226812d587d6d16c,main_screen
c4a732e5172bdbf63fd23e2c2e3c2ded,phone_money_transfer
e687f8785260dabca400f3e2edc1ddba,card_recharge
de69c6343019fbbb5c069e838afeb6c7,credit_info
13c87c9249b89c7216e74d1fcd1f0dc2,main_screen
b85bbc657a6e4d8d8442f3ca0c23fa32,main_screen
14c813d91680b041e5787af837997e47,main_screen
d08a72b211d4fff6c9d789066548b313,credit_info
725328663e7173ba492fbd087df74277,statement
027c06fb54fd74bdd8fe33a09903db5b,card_recharge
00bd95e596eb6a158e77f2f56002e802,phone_money_transfer
a4bd3c681778afa34275d3179aa2aa00,main_screen
18993fde5f66b200bad12f155d235016,main_screen
ad82bde40a867510da8208e9ac062f59,main_screen
f77274514d43fdf2b99e61e759fb35dc,credit_info
30d5178efa5e6ab91aeea95df241f345,mobile_recharge
f22f79e0bdd1ebbc254e3278d5a27591,credit_info
73bcf0a62273003649309b193aab6fc8,statement
5d9d4bc974f60d639b52c5805df09533,chat
1220d1fbdc889994f003a404c002ab03,phone_money_transfer
ac5f495c61f35cc09bed626c5ffc06bc,main_screen
ca0b7adaf3649286cd57579acc87971a,credit_info
0ee9680f195dad8e543608572b2fc362,main_screen
c2214339a059dc8ab7a97a40e09abeaf,credit_info
97b7faf7a1c82f1c6bab0fc91ab0b865,main_screen
ffa4d25f5bf43d20993eed432f23abc0,own_transfer
57e6aa5857e8fa5981f18454501c0cc3,main_screen
9cb23cab453ee86b2b6ea8526f6ac2c7,statement
d4a07a55c03529d190b58f7c084f00d5,credit_info
ffec160d568fae0803da7209d0e0733a,main_screen
5f42d4ba328d97496ef5f41b3fe352ef,main_screen
a71be75b9f8159b859ab9e3e4fb2b0fb,main_screen
2f7f995766e5e6413136c77012273f65,main_screen
491e8c6637ded79bae4499bd3bddfa03,main_screen
44ba0d0a945c7c866016d8cc524fdb5d,main_screen
a05bc14763e7c1abf79431ec18fd6fe1,card_recharge
5f6970c414c5d01cefef26c1b707b423,statement
fb1f71578128d236e7a26f5e6bd94477,main_screen
b8e7d281869eff3ace976534526650bc,credit_info
fbac985c77ebd8755bbaae3ca0c39c42,mobile_recharge
ac69275da76977b321d6694502efff20,main_screen
d69508ca92edc69981e02d653e26da02,card2card_transfer
af79bda410ca4f2e5e79886fd3f3a989,statement
bbef85db384e1fa5d2ce3f30f3282690,main_screen
78e6ed8fa5896957f27d5b166619bdc9,statement
102abd189f6eb3daf40a82742ff98f78,main_screen
d8bb59afd3fb7b2568d2b9c3d8e75745,credit_info
b150109361dc7775a720dfd1e9413829,statement
970e94bbe74734118c55ce8a8a353d22,main_screen
dd858e1b37d35110b89fcb7c27a6a624,main_screen
c3e45cb106b18f71aa9df7c8ee33384c,main_screen
1e0c677a7968b9b2327737a0a4570555,statement
0381307a0da92dc2569af848afa8fe06,main_screen
ef5b15719bfc3853a8c798e800622dc9,card2card_transfer
273b352771e707dd91a24895d51d30ab,statement
1bc7cd56bc641578992789a90a9c7db1,credit_info
93912095f85a6202ecbb0451434ae2dd,credit_info
c57ff25093a13556af8748a2eb1b21f8,main_screen
45646138093a8fb6a1ba7cb3e74c6c23,statement
96eb9c916c6c28079c75ff99c664cca3,main_screen
0be9e3b657f11e7bf6a4adae4696d4f7,main_screen
6612eecc06c95af2db249acb0f935fb7,card_recharge
f42722c8c6b91991ef018ddf233a0ecc,main_screen
e63722cbc0a33bda6aa29ef19588e0b6,main_screen
cf2fb4e99dcc7bfaadc6318038af9e0d,own_transfer
7d7777fca466b2ff2bf53f050c1d2d5f,credit_info
8686185cecefec42b3fdc81870ce22d1,card2card_transfer
6e446ffb8de249157c34ba7d595c3936,main_screen
a92b1ea79222a2b8766048214f856e50,main_screen
b8b7a5780e6163c3edf07483b2702d65,statement
209fd8af3aa63c037522238a27875582,statement
4b0b6a73c4b8b990bf7d8042143be246,main_screen
6e8ef919fdd7d159d9f7b2ed909307bf,statement
4d28975859ee76e6506325623eebaee2,own_transfer
3c8191d2eb6a868ea46d44bcc6fde530,main_screen
5441d92d51c0f3f9e67cf0b6a4caa4e2,mobile_recharge
5bd5eedbbe3de593a532c0fdc2200888,statement
a43cb043dde1a00be12b8fec74466c57,main_screen
1ed827685b8048097dfbd3b6b22ab09c,main_screen
c84cef119192a6aacfc5593eb7c64032,main_screen
042f4d56d2f9a997ca88960d75a4b3b4,statement
50c2c15bf9efc5b44411306a63e14dee,chat
228b87d621264929c0c155c79dc41e1d,main_screen
0a1a598eaf02fb5faa58bdda87fba8ce,main_screen
cae84a979bdb46b5a042230a5ab33041,chat
69a04d2a74e83c6f7834b0f9c318e6d8,statement
050d3f30a1f06a2b1461281e7b8d1d6d,credit_info
1dc864a241f204e4f2b8c8c1c2f1fedc,phone_money_transfer
018aaec7ba5cb968ec9eb7f4930cbf68,main_screen
72209fb227983b073efdcb64d008bcf4,main_screen
2ebb1cb26bd8b1fc27e4e10c7e6c80e6,main_screen
1857651cf6c1f73f5cc95aa0c1b28ff2,credit_info
5415278f646be7035c875be5e0170732,card_recharge
0e87ab6023b77919e283c99d957f5609,main_screen
7dd0349a6d646d413d80e3b73caaa9a2,main_screen
8b70397366142070f1a4c509bc83b53d,mobile_recharge
e39abc8b6636c82c6efd64d0493bd0b6,statement
2c0e57eb0bf3313616479d367dd5ee76,credit_info
a955b1e22a95ad5c592d44cbd7cc64d1,own_transfer
78a8041194d71fe9821168f48be48d88,mobile_recharge
df0346245de4eb6d5afb1732a3c2d81e,main_screen
21447a92c8b83b4a8a6018649594ebee,main_screen
27559743061996387d7589db8f874558,main_screen
8aa6b168635b555aaae3a33eb380b121,main_screen
60084beb587c5e8e64192139decf6519,main_screen
6c6101479dba7b72cdb23d529927138f,main_screen
762705f6def55a16582bd0a9ccae41e7,phone_money_transfer
062a57e66765a7af0636091fb87746de,credit_info
7a00062c1deffeced6103fb8145e7ee2,main_screen
653c98f310ccd187dba3b6ff67f76b4a,main_screen
6d77beb708d81047bbb539cbd8139e1c,credit_info
a5a633791d242d986c8b616222994939,credit_info
237abbf952cb55cf8d9837c6f12af767,main_screen
866a994c0ed30a4d42bbc4f30f1e0a48,statement
0b6f10546e050a49453cf0d4cb864c60,main_screen
2d84ce2480757b7da2119eb467efe64e,main_screen
6751931f6392ec982ff35aeddb46a190,credit_info
c28eb11ffd1d457b1e21474082fbe65f,main_screen
c372e1f734bf0c1fc50f3de5fe60bd10,main_screen
e683d7f37bed0d3f5b4b2a1765b49242,main_screen
5a8e44860e15ae3cf0d5574c3e36f807,mobile_recharge
b615ab663525477fdc90ab033114a780,invest
3e92ebbe59227d35e811807265189fe5,main_screen
1b7de43709fda8074fd5359b2ce13c1f,statement
04b0900e8b66c7b182768e0da2f06afa,main_screen
a20bcb54153c8773718033977af215fe,statement
10aab84b75b569392a59f29b9b2c0952,statement
1b109a104dc89c6cc717ef9448a40760,main_screen
048bcc063e0e52c23f9c33533d02509d,phone_money_transfer
601003f933cdd2c8a4d343ff2429191b,invest
1a6b86a93c395852b50a49837215cf16,statement
9d72115cf0553d38f253aea17bcb08e7,phone_money_transfer
8eb38a0516f4c9d8530c30965cffba03,main_screen
e2ee92aa9021a4d49967af090c8cfeef,chat
51a4f3ce120c72e612f1cd79d1515ecf,mobile_recharge
8b17c13792376d8a9e9c52d2073289c3,credit_info
bf13a38e7515f46c68f2277cdecfd08d,credit_info
96efc968ba78ad0747bd167eda61851b,main_screen
39bb6c265869ef52bd03c504b452d5ae,main_screen
452de7fb23f4af540f471d2ed56ca528,statement
c4e5d51e0558e6a1a73cc4e4df5f6187,card2card_transfer
a34890dc6f7ec06be3984f80e233ceb9,credit_info
9c5e311fce79a91cf54aac06822103de,statement
eb34b74aa4f5d95df2c645fb1dc6608f,phone_money_transfer
4241b3a1dbb125f659f585cb6ee5f14f,statement
9a4ae5c5a3c3431a08c1e590c9485943,own_transfer
95e7d7aa926bc5bc6b2c2e943c2c6821,statement
5d2bfa79268febe886f65b1cddf1790c,main_screen
79214409e7be83720d76eacfdae46549,chat
b6ca139c5afae0293e05224829da3364,credit_info
3139f257408315763e8cb8d0cbfd3084,own_transfer
855f5b0e67ec33b5b5ab563829b78aa3,statement
0085a1e39eca4c26bb54878a58a70dba,statement
5f80ff1003ea06a1cb7f86e1008bd8bd,statement
975a160bac0d20ac51af41d974cbb064,statement
5906f6cca6c0ca54a00640caf32a4dad,credit_info
e41748570e0a37d77404b2d152061607,statement
b6661405d18e74edf726e25a6929ca50,main_screen
1866cb3a913c3de01253ef4246c076ee,phone_money_transfer
da7f255bd1a06c8549d24a206e6d7466,main_screen
458e2b9d1f23fbfc896c128e40df6c93,main_screen
c41fd7668a862e2d5ade06b240b2130e,phone_money_transfer
8f17413a135f1c358a041c9133f8133d,main_screen
b8e62262f02267015d15ceef9fa92959,credit_info
dc005c5f6a7a0f2a7387d188dcc48152,credit_info
3eeea144e35b903cb931240edaba5863,main_screen
228c8e29f488e334007015707f78bc34,statement
38ba8977543e28c5c5eda498c5ddaa41,main_screen
3a18c257bab41a7b4357714adb0383a8,card_recharge
830370421364e999dbb6c7bc2acc50ef,main_screen
d34cac19f89d7522931934a5210588c0,main_screen
d99c03497508476082cf60a549bde017,statement
cf5e4c6972b78dcdbce4030a749ab2ec,statement
bc23cb86efa1c9d40d072f7c464e2920,card2card_transfer
4543e620a2cb112d1dcded7f58489ffd,card2card_transfer
5aff917cb5143aa6a78ab04c27127953,card_recharge
fcb4a502bff6489f89b8f16971023f1c,card_recharge
995577906df528ba0261bc2253037e85,main_screen
7e5a04345b99bc71c377ca21ee134f65,main_screen
8eb9c00117b9620935e21849fdc0bd22,statement
5d3c2ad2ed805ab072a8e483cdc5af3d,main_screen
940efbbc3e2aca908681e79ea8d07106,card2card_transfer
7ebae2991d62a5b63b125cd06a91fb0c,card_recharge
3c8ea21114c3d77692a4422c0aa5c67b,statement
2baf78e23694d20863f8cc7b4ca151dc,chat
9028339c5730b8437c96a293ad732f17,statement
f3ddae09444018edb49bec1980731660,main_screen
c980d02f3a0279e78d8993662eed155f,own_transfer
902c0b2c144bbbb115ec25fe29d3e0ab,main_screen
6a6b1a7cc89762d2d274d36a9548bbc5,statement
0b14295ea91d14bbf184027598bf3d79,main_screen
351187bc9f98fb6f8e68e201483e0feb,phone_money_transfer
8595d390a06f1f736b551e8edc2bd129,main_screen
90e0e98ac603f06c10beff370ebbbe58,credit_info
2aad80d104e971ef0f6eda6f607660b7,main_screen
c6f51761f85f3e03390273bed10c140f,credit_info
2c583f61ef7b42d6212275ba0ccb32d7,phone_money_transfer
08ffd7e5950d3bfd864b3c0294c1a927,own_transfer
c292f125d7ad416cc6b705a610308c35,statement
a00d13a7d51a3cbed07c2568dd296ae7,phone_money_transfer
70982b1b557ea9cb76b4ea04cef6c0d3,main_screen
7355918df29f6cfa12741015a9ac6b51,main_screen
31edced5c288cb850b4fdb2324d45ba3,main_screen
0618a46770fe13dc31f38b3813dab98d,credit_info
f26bba3a1d40b52625eb42616794a2a7,statement
6030e713a5d6904d58509fadd8a4969e,statement
7c79c239989cd1ffe479776235489a5b,main_screen
d45c89fd4aaced4f1ae63ddfb393ece9,invest
fff3e78a93e962f5534bdc783f13384d,main_screen
810965ba74e7e9427c53d3c4b6debd81,own_transfer
435ba18e3991ca40c1c240f5bde5bf0d,main_screen
d64b3937a7001c925bc5c4962b8a6aa2,main_screen
41756bdd976f37fa8b536198dcf0bd04,main_screen
f41c29286862dda1d5939ab4092d2885,main_screen
521eb8563f31a4fd45c3b732d445a639,main_screen
ad3837dabdeb1baab62e9703a34c5354,credit_info
adff775c9356ac50e6008c2982ab0877,main_screen
f270e9174857ee84f74c89912edf0511,main_screen
9423951d5a8999cb4a4c9461d0817427,main_screen
1d5fa2881588dce8b2806c562db0ae85,main_screen
6f32b2ed4869d6379ce2c082c71ea790,main_screen
9f95fd499543d0237cecf4957e224571,main_screen
6584f2d6d8c771d6c18171d8e1e21e1c,main_screen
9369536d8d1e214e419d47ad1c20e6c1,main_screen
79beb3ba41eac4811109762404757249,statement
db67b0493c5919003019a30021100383,statement
ce362b01b4480a3612ccd459282bfdaf,main_screen
fd20f1b24fc8802ce4532e568667b0f9,mobile_recharge
8528376717f98bbd2ee45a49c525c7e3,statement
ff75a4e494f966eb654dbdfb68933e0b,statement
1b18a86c9531e8422924c8c23722dab1,main_screen
377c8519e8ecd8ca1bd807955a80c5ca,statement
ef6f45d56b6408c5e0af246d07b11141,invest
1b64a03b01789dbfcfd9ef623e91cfda,main_screen
04272900d27b15eb3c4521f7d250993b,main_screen
224b82c608ce050904ba1912b8c0bb67,main_screen
a3f4b63ef1e409b40e2667bff751d4ef,mobile_recharge
cb170f756e6d66ec4b5961fd163f11e4,main_screen
0fbd19a734a079e0153bdcc3329a2c78,card_recharge
ca67d1c8639a9d8a33d28c4f2042dd9b,main_screen
7a4a01c4a380f8a9f9b68d5723b720fd,main_screen
b250f5c7bac26a240c5d0eb56a2b793a,mobile_recharge
09ca9a37cd6d316c26d3a355f77c12d1,credit_info
b2850a2a224987baf832404c8b026dc1,own_transfer
e09f4f1e13578ccde9b086d90b02af85,card_recharge
f782b5831bb9559b301ed1111007cf42,card_recharge
9780d70641855e9d1fad406b536518f3,main_screen
3839bb384d9a81f66610c064ddcaf0ea,own_transfer
1adcdc2637bf00f51146eeed5823234e,main_screen
d8e747bea903d64eaaaa3fef67f15262,phone_money_transfer
1fabc930b1a906179d2a08a38a7778fd,chat
6a9952d80956f966f31127e77a43e3f6,main_screen
96fd99cc192b13e6f79cbb3f7d947988,main_screen
449f02ac1138cb7bff195fd18c90e907,main_screen
d469624e8c3e12663e85b1a309aae7eb,main_screen
83a400e1c9d2af9133b85e3d22395387,invest
be49c610c56d2a467491680318214c50,credit_info
030df81427257d7649184e5924f7294c,main_screen
bdd88b3936f602488cdd76f0d1d33225,main_screen
f651a74f6aabcc982bc88bd582c8e763,card2card_transfer
cf0a9f3bd201b0093499a25330d6cbec,card2card_transfer
3ed4eade9326458d28292ec38b23d4e7,statement
d1f33b50c86aaa1a5a3b0d3826458263,main_screen
0462c7d3b4bfb8c4974c198b446ff2e5,statement
41a3faddb7ccb8a8cccd8bd36579d592,own_transfer
8c325702190cf2b225db2c1081205305,main_screen
f77cfd8accc20112cf11b68b63f2f597,main_screen
b818907198091ea07608e9c0ac1f2d96,main_screen
bf2d6b220e4fd13630e3907feff47314,statement
6eefde59f1d0ddd4b6e4a1cfb5ae5b3b,chat
6a7b2d2592186800b85c0a0f72309985,statement
5cb52de2c13d8a88e15e5bd38660e102,phone_money_transfer
25020b314d6ecf2f744badb0bf616a79,chat
0f033c12e53bad0851be7cc270ae410c,card_recharge
5555e934cc3f2d5f7ab62ac2e89f517a,statement
195f488d71340015c2516df242cef85b,statement
d37e4b70621badb46f6337faadd14c83,statement
1992f7fc6181a00a1bc9e7d4a4a3b39e,main_screen
118d7c6263de93b27cb3f769e8ff2c7b,statement
9faf4b607816a22a50debeb431adb5b3,own_transfer
2e5baf2962e73ef5aef4423755f88a63,phone_money_transfer
bd208b2e7282978d4f67252307a3a0b3,statement
c22367217d936c99bfb6a6f7ba9a288b,main_screen
d19ffe1fc2504f2670bd9ed200d8304e,main_screen
c14e8d935f8e2a249e4b5d33bf99be2c,main_screen
6ddefc4c333e071196f43cd9f0f4adc2,statement
da153dc75326412f288cd7582eb04712,main_screen
706be03ea864008942224e79958dc1ab,statement
6245871a21b6ebd38254f46148342fbd,card2card_transfer
d85d0f420aa0eba8286466a581aa1eb3,main_screen
efbc05fe8a5255b464e350f825a2e825,chat
b5f3f1c98dafe6b8c502e011b0f1fd44,credit_info
bcb3535839f992b682690855c35ec8de,mobile_recharge
43f53674d5d87f80fa682cb5bd195ef9,statement
fc3d4764c7f98ab4a3f461337102ffb2,main_screen
70ec9f662332cf34b0326a6d19153eb2,main_screen
bb3a43ed378b9d8a9aab92b82881e0be,main_screen
193490ef470bb1340f55f2fcabaeda6c,main_screen
7b636aeb520f8a90557a4353260b152c,main_screen
af4af05147c790f93a00fee0e2e53ce3,credit_info
72aa3d295538be87d2b3b42acb0d17e5,main_screen
b1770af068932c026fb5aa1095a7e7c0,statement
f73719822fff00b93ca7f7dd01249940,main_screen
4a4b4927bd7f7f73e4e9c6c15f07a3fc,card_recharge
d17b4132891d9936678f3f92b7067761,card_recharge
0b77d4895d96bb6321f3ec7acf11007e,statement
91603dd44e8ea5205edfc4c36f376ef5,statement
7ee0cf9192c4bb0f28b90b3c53bbcd0a,credit_info
976df10fd157e7df568a7b93c377fa91,credit_info
c7a474a1178ea79dcbfc9c28258f1ec5,main_screen
f1ad64fda32f88dd661ec1de81819b1e,main_screen
0003653d4fa5e963ef379d65dd1d26ef,statement
01dc01d9f85d5f77363a7f054d2ecf62,card_recharge
8d9b0eaff7faf476348f4b0a68f33acb,chat
ebeb9c58c8b0caab5a766a59ff89edea,chat
0133270a34fec5193e7da6639ec3d7a5,credit_info
1825bc4ab6b5d43e05ec0af7ecdfa630,phone_money_transfer
8e74f525f16591f03213a080c9079c3d,main_screen
2e4c90dc07998408a3d16fac2cd2c08b,card_recharge
684129f048b74d3e9454e50b351c2932,phone_money_transfer
ebc9431d5e081979baad157f470900c5,credit_info
aa2b227a9375a1de4ec4dc49b16cfaff,statement
ae61eb20221de105d9ff3cc029b7eea4,main_screen
51c064d136dd3f25e07e3d8d4b5c54fc,main_screen
a3d7f35d876bc2f99c20cf2889102b35,main_screen
fe223129fef544591f01ad43cdfed872,credit_info
93cc94739659c944415916dcfa577cff,credit_info
38626756043088cc5548d0747ba12ebe,chat
53ac472429e1ae79fa74c5efb8dd0c91,credit_info
3d791f389b07c1b7733bad8618742546,main_screen
12d0869fe5d26ab15973d1c6c229b1c5,credit_info
ce1e62a76a4681c106966dd2bc7a4709,main_screen
45c52ad967929e89d9c3a1ae2505f018,credit_info
860e094a657786cb2e8c209e24d7e59c,main_screen
eee76d69b639f863d15bd1d59d2f8836,credit_info
6bf2027ebd1913f372bea40f102c854d,chat
e5091241a9add26cf2a9d8984331e5bc,main_screen
7d58d01767c38e338f49c0d1c2e15bf9,main_screen
0c26a2e8bd447bbe282153eda242b84e,statement
753aa48147b800e706c4d56233cc95ab,credit_info
c8fbabb3a608827e4c8a3cfd71dee290,main_screen
ca2208de17a07a62c5cba825c9823f9a,invest
e1716d3da876f1568a231cdd578b4a1b,main_screen
e851dc2477dde98a82e1d65d6a6e27c7,own_transfer
65fd67fd23a3c55775b8acf7bee79482,main_screen
b04261294c9af2e3bae87ec97fbcb8b8,mobile_recharge
4671a4167dd2e77950d67bdca6a859ad,main_screen
fd53c58e7864630a256682ecece16f7c,credit_info
20e47d1411970b2e5d78e50806c66b2f,credit_info
e1bd8135b32e1ccd86ae0e1452ffca00,statement
34b69f13dd453ec6f50c9cbac23d0f4f,statement
bb7ba273c8a94246918bef4ba538afd1,mobile_recharge
e9dfcb78b8f7e8810ce51322f7f5d5e5,statement
c40bd1c1eafc6c7d4dbc9c946776d736,mobile_recharge
b476e7306dfe572b3ef1bdb0c9cf4345,main_screen
c882d1ea0a36c27300bd09337718b616,statement
140abce855a7a45aa86443e9eb3b6362,card_recharge
cd96ed4974451f1c35371fddea75e5c1,invest
4c819429a0b50edc817ac22c5871e5ee,credit_info
b872551fe9ab31a3fa357aaa1985211a,main_screen
0382d8d200e189f1d6577f04196ab39d,main_screen
c6f2993bfc6b68a91a7ef0dbe6010e96,main_screen
68a2a9970bc16bc3b39e6d68a5a5618e,main_screen
7de537fe5fdfb8c9abedaadb519a7c21,card_recharge
1e97718567777dd1ba1df32bd81a5f37,own_transfer
4e525c5bf7a3be6cf25e588dafbec6a3,statement
66e5255f808a10d99d2d126d3c2a8338,main_screen
903cd6a8e2decc889db362079ecb181d,main_screen
3408f393d028e3f8c4e938768ee93a88,main_screen
ea81af556186ce5454483f54fce7d867,main_screen
8c34ae5733f1733c940ed01914d4a817,main_screen
623f96b36bae7c7f6e8753c69d169daf,main_screen
ba97d10d5619df83137c6b766340510d,statement
d2fe2df7671ce5220276951ac557ae18,phone_money_transfer
e9c95cf120192d4d04695aa656ee73c3,statement
a27e68da6f50f2c61ce2e2c2fa7935ee,statement
7753ff05e6ed111478eede905a081784,mobile_recharge
7fca5dd2661b19b41f6293b6f429e840,main_screen
cbb79e0aa5f9eb10ebf17ea190648f2c,main_screen
e95a70ede66df3265bfca12157429e3c,credit_info
e4edc045f34a0b8252f5823d67a57fe8,phone_money_transfer
2edf7a406a27e0deaffe3c517f9827ea,card_recharge
590d7d667c3711dfb99808a0637b4dd0,main_screen
ae5d972198a30e65d641baa473c3a4cf,credit_info
b9db2593aa047a37e812b8ef22c715e0,main_screen
30dafae1d367a9267ecfdae28d90eeee,mobile_recharge
d7c8ee126b5b46132f5d05a8e43d90fa,main_screen
209e3cfe24e4ac1fd684c9519063a30f,main_screen
21496882e1d98d6eb2dc1adcc8fd997b,own_transfer
6216946cc26432137a990c06bbbbdcf5,invest
48d878058703cfc1607b8efbde73ea5b,main_screen
8622679cc0c2f1979c8eba35e3a2deec,main_screen
c2503947e5a62c458a2c8076e40b42c8,main_screen
c85b0852352501a121f8c01e03a55e0d,main_screen
3a0efde89e268691065c8882c792cee9,main_screen
17d0459e6fd81e2728990dc43153b3ff,statement
290ee557ac615afb185ca55b47c83372,main_screen
9c82f1ef09fe6d57fab930b8ccaafda4,phone_money_transfer
ccaa3d87ca559ef6ed79f0b21605502d,credit_info
32281aa8a413e2b6cbb4722469447486,main_screen
c5147b97a4e164312bd786b5d598bfa0,credit_info
29a3c68edc6bfebb123e5ef8e7197fe5,main_screen
78904b8e45e39553e73f0043e7bb5aa9,statement
aba4eb5661f01d07237e1bdfad924720,invest
4e42da6d7009b2ecacc90d0087fbcf3f,main_screen
d323982ef56e2e46aa650299c8cdb0ff,mobile_recharge
1b96e2b36ff60ae46557a8d64e5338a3,main_screen
86ead901f747241be44c9d68e8d4fbd5,mobile_recharge
d1293d0529d444b2aab1d3179220f72f,main_screen
f0ca2df93ba5d19e591f6d0e822198e2,main_screen
ee5d44624354e8c35f0c5fa68c6330db,main_screen
7778bd06010055cb3794f91f033c8c6c,main_screen
6b9a2502cbdca3f6cba0639cc4b4292e,main_screen
123b399fccf808aa414cd4eabd4c6fc9,credit_info
19cba372f29e136739b70bfc84d1b47a,main_screen
8183c4f1a4c6c410b564ba73ef0955d8,statement
6544394c59eb83d9516251bfe6400dd7,main_screen
347aafdea1c6003bb6ffd04b53f30bc9,main_screen
b8479578dfedcc00237bd33a717ef84a,main_screen
c96f1ce32bd184e7e74226282b79faae,main_screen
7d4469ac0de51de6fd1d47996e475c10,own_transfer
215a8d118f2b2497151c805173ee7568,main_screen
5e49ff2b08fbd1188195030e5c1f4fc2,main_screen
d08ec42c210c94e61ff626a09eb9cef6,main_screen
9368476fd0fc61088d0b9e9ede90aff6,credit_info
d11b0a9726343a83100f3e5571803225,main_screen
7bd1570658256592f27580e470e777d0,card_recharge
4d354c468243be656a4e8b189644ee2c,main_screen
8b2a6289e48cb4ea220c82630c736936,main_screen
f8e6f29bc95b85b6cbf0e8443b7f2f34,own_transfer
0c4958985a8aa8225bb7a05cef137163,phone_money_transfer
0e5c0e04315e86f26b827ae45c50a7a4,phone_money_transfer
8eaf6b02602fccb1cff3b1d493c7c9d3,statement
c67994c79a19837f3bcc1cef952025bb,main_screen
3b8e22c248222786ec7295d2242be009,own_transfer
b635e0f2dba183a169427f66f8e3aaff,main_screen
951c12394ea53cdf461ada22654ad790,credit_info
6a74203a528907d56ccb7ec1ad0be0f6,main_screen
63e2d2e988dcc831cf224f45ca68721a,mobile_recharge
d385b3ac2ab310c1365aa20f9140ec75,main_screen
b13e9f4382038dc183d5c86b0e991bcd,main_screen
d4af30c9ad781acac2485793cb76c229,invest
f7d632bead95026f10963c5434682f16,main_screen
1676cb73ae9dae2e64125903a840625c,main_screen
18d2f7cb4142045771635b5e4bac5995,statement
1988333585c0fc190a61fcf94d680652,main_screen
a4b91d58d54da3a66b4483200e08d791,phone_money_transfer
78ffccc49e552f0d7460fd6f0fe42086,statement
fec297b51110f38146d018568ede5b98,main_screen
9348ba1fc3846eee47e9dd86c0d576f9,main_screen
c502570a2d0419bacb85ed0793b212a1,main_screen
60da1031eb2c6548f5a3a6b5a3fffc42,main_screen
e9eab4b9f9a4e932cbf3a7cab28700dc,phone_money_transfer
f58050f2c4c569bf96f227d4aa300013,main_screen
d1dd35f191dfc59a3de4e70b4672de70,main_screen
db113a259bdf647cb78f051b5d9fb523,credit_info
66478c35c42e4ea5aec065f4ad6202fb,mobile_recharge
9e7566c04adf9a3532ae5636016129d4,main_screen
22e57d41e71bbaf9b70b7b210a401bf0,main_screen
21423618659770ab43b9bbbf03041c44,main_screen
4d3e918288486ba0b14c53e41f3f14ad,chat
7bb18c9d2fdfaf29009b8530980b54d2,credit_info
cd8109647d1f7ebc29d0345869c9a34d,main_screen
8e4d473995d6253606db35f7134315b6,credit_info
072a6f2563bdeb0ff56c94077fbd20f0,main_screen
225f998cb5469963f05e25f36d237608,card2card_transfer
58c1137d3625113b19ef71bc1a644d66,main_screen
08cf3a33f89af34815be0b30f809cc13,main_screen
53627517e349bdb1b85e68a8575e76c9,main_screen
fcfd6fd934693d984e6b134af3148690,main_screen
9e2f6a67f4477826b0a5a06864452909,credit_info
145a0ef6bb69c95cce2bd3cb1ce421f0,card_recharge
3662e7047974381a63577742e4f52ae3,card2card_transfer
3ef1020bda95ce7836d2680fa553ecb7,credit_info
5c1d4dbcd33e32e36a0d48d5ccf37766,main_screen
cf0ef03fba83fdeb87a04de8b0d27313,phone_money_transfer
2c6e0c7110d85665c1f684ae744fe226,main_screen
de801f21818ccb25ff21254e53f3e56d,chat
6e6cc09783054834215f0ef433f77d2f,own_transfer
956d09abfabba02aa5201a0afd9dd959,main_screen
f07a6a70cd4abd1f8d9fb037ca02dae8,main_screen
e14ff059456586987ac3a51a727a15e1,main_screen
7d579ed4d8ef6d35c88cbba90638b8b6,credit_info
c3522d26a8a6b9077c953760ac6ba711,main_screen
87a7ad7e88d1a1bcd28ae9ae39046e8e,main_screen
988c531bc2c6ffff282bc9316c6f8485,credit_info
ef55e9526c490718feab2660acaba897,card2card_transfer
cdce00d01d3b45b28c3c4d63c5dd6381,main_screen
6ff52941633a8561f6c02bf66c27b5df,statement
07edafbd4482d93ce27b087185afee8c,credit_info
2eb507993939e0b1e34c8541403fbf53,statement
0c63516af309e447e5274842a3b65b3b,main_screen
703a6e29a52789890dbd9c3107677352,credit_info
4c7ac0739bc8e4f3673a1c4217052698,main_screen
d38178b07c66723ebb896014b534598e,main_screen
10b075ee7f61d6d71a2194273a11f66a,main_screen
bc98a3dab84ce91b76baaa3ac582d5bc,main_screen
5329fd368020878439319568748e83a6,card2card_transfer
cc9d96702d7fcabdf635bbea641d0975,main_screen
1691600b8575c6f5c9e3c308382263c7,own_transfer
d7460dd7285655271cf71d0ef440d46a,main_screen
ee7cec654fba0bd99e084b167b7404fa,statement
b83d6a960f91bc1a9c6bc3115496fc35,card_recharge
2c9118306e762b1201b0a929df753eff,statement
eace19483f29f62ed07fd8c6a101052f,phone_money_transfer
11c34325ce077fd7198fffaea1edc727,mobile_recharge
8c8b5d2c77e27d237cf5c7d258e69569,main_screen
1d74a9bd3c15c340751e5e1f6f793003,main_screen
2e9cfba320bed304781edf190406a140,statement
cbcd9372a95bee742151ff01990c55a2,main_screen
82e67be04ee4ddceeddaff5c4f0a85ef,main_screen
4cced46b3346962d83a53648818fc6f5,credit_info
5a6b1fdf6e95f69bcda2d8df100f3b0e,main_screen
6be0cb877ab7e7412b46b3c90eeead3f,statement
f2d550e695e42fc23784a0f81d387c10,mobile_recharge
9f3deb1e4b4ac896d504bf9b68ea7bc0,main_screen
11dfd0b8308e87a936cc920948331119,credit_info
f45641b053efc39c4a8172df7503c16b,card2card_transfer
c3b4bf5a9ac71367f59d0f0ceee3b8d4,statement
65fd70f3a3fea9a3d91137969ba08a38,main_screen
f0c4676ca078880bc766f5b8a829e21d,main_screen
368a1ec5e1a48cbe1b5d3735c0357d41,main_screen
e19a61b5be7702352a674beb6eb5c1ff,card_recharge
0d046263568afd75c1754e3403ca8cda,chat
f476d754c33af269842f97d51ef8217b,main_screen
e1126dea3ae85ed778955e568c607124,main_screen
669dd96ae5ebae74a502f5b742c5051f,credit_info
69fecab5ae507fe691039640d437bd06,credit_info
8193609a368eb361d112babb664684e3,main_screen
de2fd560b46c6f938c0667879ef5379f,invest
120cd08307f9a1a7c3fae45814b76a99,main_screen
38ce2cbccd72ce574214fed5089a514c,statement
47cd86cbb5cc65521848207348bae31f,main_screen
51c0e80d960a7d0f6f6b59d18bc1f612,main_screen
ab20a585f616d407d7560342b9e33811,main_screen
a5aa6805d684be6cb46c068573dadd55,card_recharge
9de8b80b0081a1f618c2f105a5c560d0,main_screen
216ebb3622220dd03453be22bee2d539,main_screen
5a3ed45df46be3f9a0b8f8045fd34571,chat
5f7ea2eded28c5c7883a604817991014,main_screen
d1f0f8382ca682a579058e8c14845000,mobile_recharge
dc8c8ce55be9f986199badc1112afbf2,main_screen
3d92c02c1e447b4a0653ba3f30f6c849,main_screen
7427b659610f89b1c9281a0f6d95691b,statement
9b5c2abd8a7d83dc607e4519fb33469b,credit_info
8dc086186d82aafad4ba312c3342f38e,statement
1e163eafdd29736e4d07761914445574,main_screen
9943bf8daa168eeda41a1308795eccb2,credit_info
25f27c70d4b21a229df169e165d53cbf,main_screen
4e7c37db79b24b582ba02f13cc1d91da,chat
aad7f6842ddc2389a1dcd9c959ca4dd0,main_screen
20e7a07af6c10c9d2f4e99c63e6c04bf,main_screen
0b409f0e3e68db1d1727215692017f35,main_screen
738e27bc8035625a56d571e0776e6976,credit_info
a44aad55b0d028db9806b3f744da8b29,main_screen
0f726aad6f4af83ad3fbb7f60b74b2d2,main_screen
85dcdaf3487a3d4656849dd411348001,main_screen
34b7939199b677d9ac52f53f5739458b,card_recharge
a969fa3af49c890f991cbfef6d10b384,main_screen
b4cbf4b15badaefe6c788ea7ce4b09eb,credit_info
ed3b3f6aaa87b9955e3b3e5b43481db7,credit_info
a82ff856e5525c319bd6ba8636606940,credit_info
e1e4e246bf2e4de53e7593982fe4fee8,main_screen
cfde9ccc1117937f9cd4128f44947d90,main_screen
959bc8d994772cfed3b7e91e5ffd0ff4,main_screen
316c1ae49ae9a43ddd747c1c02b2cc8d,mobile_recharge
6c4e05c744373c22ea471d24722ca140,credit_info
918dfd2571382704a7998b31fe1253c1,phone_money_transfer
c8fa45c35dd35f28eb9c6bc5cf1341e7,main_screen
5761b945b0509c2f4af67145cff6abcd,main_screen
444235b9d0b672818ddbfb4e8c826255,mobile_recharge
e2ad02e83e5cd0fd16529979e77fa3f3,card_recharge
a0dc8165090cc31d2cbe18c86a18cf98,main_screen
fda68cb8a0aa8c08ca7f94b00e79191c,statement
03383d6b9f3374285f8a3f9714a68b8f,chat
dbaaee8eb27cb75669640baa3909826e,invest
6f0f434f2f6004a7bf27e2c6ede4fd34,own_transfer
24f6b604b86dba2a7db5e9ffe8f74224,mobile_recharge
76d286bdd15a6acd5302435885ad32f9,main_screen
ef0e59ad3284003e58c9bc3d968f29ec,card_recharge
adf4e13802ffe2e84749252145fd7938,main_screen
37fefd112a2b7f6a9b11d68e03c0500a,main_screen
5aed5feccf45cbc95b12281a50499090,mobile_recharge
4b3f95aee57cce8dcfecaa3d2265b4e1,own_transfer
58325954191336b629aeeea788ada5f2,main_screen
07325651ed8e23e8619ceef820230a76,mobile_recharge
7a99048167e881b7ea6fc697fed22626,main_screen
4802dce7411785f3a6d7e154b9b942a9,main_screen
3422a797427942d6d59cf8ebd7a2b259,main_screen
40b0fdf807da65156ddf08e85daee434,main_screen
c528490ba6c90fdd5d3056d2212e1ac6,statement
0ece4b1ff269a03c961e4f1687d6b34e,main_screen
3d205c04f8460a643662ef9096a1864a,main_screen
6be8542732ffec914aabe13ce7422297,credit_info
61219c0aa31dfafb7e80f5fbd5c0788b,chat
1032e25e378b1582ad924955e3f4290d,main_screen
687aeb66cb9ad479abd3f2e2a359cdd7,main_screen
ed30740171086a5af6a2b5da62528482,main_screen
9211f930c51b78c346162974b7e1ef59,statement
b949a03cbbb17d967bc14d8a5c9bf074,credit_info
7a50925a22427ac118eaa566c799da23,main_screen
d30d950bdd974a83e66e0dfd38c2bc5e,card_recharge
5ae64279ca4e6530e41670f1c2ffc43e,main_screen
6dc79acebbd12e02b5763627d79170dc,card_recharge
cf11a09bcd2c74a09cf0afdec1e79474,mobile_recharge
b1fa2c0050a38e4dbebb4916fbf9afdd,main_screen
348ebaedabb83b2c28a7513b5d050f32,credit_info
871e54d2ab85576348a9a563fdf6c73a,main_screen
961f55c90c92959c241d379157ee8015,main_screen
d56aebb535d534db469670c1771a1c69,main_screen
18a0fc0ec2bab03785fa0bc1cf519b25,main_screen
a8398455ed38a3053492a985cbe69db4,main_screen
574e85a32ad21c5dad63850a299396c4,main_screen
067f9cc1e05ef69e8ce34777a898ee37,main_screen
4fb5b97369a58352054cc0e9bf24357e,main_screen
e368882d7377ce5944c61dfa9e2b94a7,statement
e0c09dc69484e8b327a0c7c618709416,statement
d20bb0c8146739c998db0ffc740c3ed9,statement
0e98cc62fe018be63b3b3f0b21030c4c,statement
1c9afb85212af0dea22ca9881c60dbd8,credit_info
357a9e8a6b9c4e658c3c1d230ca8feb6,main_screen
f03e2a77a5befbe623cbb86f0a99208d,credit_info
c8137302c41f5287ca888804e67da25b,main_screen
7a4736bf22690eb18373a277fe025152,main_screen
a049938e96b61aee212fa80d8382ded5,statement
9c2d6aff5fb2c25dc3da093e48bba8bb,credit_info
af5d6ee3ec4b3514289d2fd47ba6c5cf,statement
758584b80b5194b8b31212b4c3358d88,statement
146289b8fdb54f171bfc5e87dd2e4485,main_screen
e0a18bdf8e24d2be59ec6bfbf17426e3,own_transfer
b479ca082f466e2cf4e6a3a789e23140,credit_info
1ccadc7ca2c6a0b647dc2e5fcdc4ec02,chat
53295d2d05de49a9bc5def1aa324ea41,main_screen
e5ad01b1f2bce99be28da4c795bd8731,credit_info
7df2bffecc73e7aec354860ac4dd9a42,statement
f514a9cade4987ae01ad43e64b20343b,main_screen
9d085ec8d51ae6f37e958d6b18c3da1e,phone_money_transfer
d56e48e5e924228375afd219e94a72d3,credit_info
e20427d0192bdaed37a27b3a76c3b4e1,main_screen
3a41ad07c8722a6c531b63b3666455b3,main_screen
3130655d8a709c1109d187b52badfb4d,main_screen
1cb78183277108ddde8ec28918ba6fe0,own_transfer
d2b12b0051e354644e9f018c576f9a92,main_screen
0832c3f41ac6536d62ac934f2872c19d,main_screen
f92ffb5c6f8c2964634f6cce8d3e0cf8,main_screen
456b765d97825c783060ebb8f4dc58a0,own_transfer
78729391a0eeb7b8e609e88185be4e55,main_screen
0dc6b457033c5daaa0087fadd5122af0,chat
f74e6b891baad97a5feab0e0c67c26e8,credit_info
82c6295d571bc69f821f8d9bb2916f25,statement
c1adc9b266447418150d59c3c064451d,mobile_recharge
d89f7d73204c3f4f4c5870b61d871b8b,main_screen
cdd91406e2608e18214021046befbf58,credit_info
69ba9fda801d3ecf90eaab602340be44,main_screen
d2412755ce2ca7310580e8497ad1119c,chat
0db85b637e7a2d76dc285dd6472ba08c,credit_info
be2c5e2fda36e3cfe53c25c486913a13,statement
262f151a0c2a79d9f03cf99813483f87,credit_info
c7893fbd040db1b47362f238e8656435,credit_info
0c2799094c7fdb2efce4d199d024f3f4,main_screen
a9dd04669cba6d5bf619e01c8592addc,own_transfer
ca85323c44fb76df420ab0141eb73eea,card2card_transfer
7856a375720eaf734b02e555bc9ab19f,main_screen
09e8afe2b51c5ba2d2e086d2ac3f7f9b,card2card_transfer
dd0b7678f070921102684aec828054cc,credit_info
7508a373b0625a3fec5042df4ed3baae,main_screen
ef42b86b5b6f082162231182780b8d7b,card_recharge
d09224b25e41f8bedfa850143cb8bbee,phone_money_transfer
88fe5fc2729cb705bffc9d2024f71402,mobile_recharge
58f4e63ed0a8f5cbe06c2ca6170685f6,card2card_transfer
84812f6e65e776f1928b333dbc90995f,main_screen
5a633a9eefba0d139709332da9e449e6,main_screen
1135867f2151fc7dc93db6315b960be0,statement
12804735bf4296093769ed0cec8c400c,main_screen
a554fd601c66f2056c78eda5fe22da60,main_screen
468a6cabe24a4671fedab82b8101ecb2,credit_info
033fbad5c300d9696c2c253a8f4ca562,card_recharge
fabaa196d18b69f156b539883032dd3b,main_screen
663430435779d871dd73b4e87f2dfc22,main_screen
ccd87452030fd783553d6a58bb4e9b8e,main_screen
cbc2c42516e2b26b1667609a0c8154bb,main_screen
a6fc3a5b309cb975abedb82ce216b004,mobile_recharge
f171fb3902917a76c4727c35f66197f1,statement
c2373d8d9f6c3eab7ab469d3682a0022,main_screen
84f0d194148c25791247381a40fd86b8,credit_info
2548f4531e7b686d3654aa881cd4aa3f,main_screen
18e11247a02b677afe11a8ba79861866,main_screen
48a8d72f5ba94dfb13037a751b447f21,credit_info
b12af4f8281a73c33f37168c014219d0,main_screen
35a6ab204b2b4a6ccf73923b6668f94a,main_screen
26e564b8cb66dc0c393fd1b4225502bf,statement
962031f244f43c29159abf00fec63cdd,main_screen
b99f6edc153553f69f91ac4741789ed5,main_screen
5ff8bd4458780862e5f093b13764058b,statement
186acdc7a3c0d3ab61c6a0e977e148b8,main_screen
b63b875a088f0165492621c1da096da1,phone_money_transfer
d920c956658054463cb24a236a78492a,main_screen
63031e91842cfc452e49f95877b94426,main_screen
7391cfe4dc8c2c77ea67de77d23e8284,main_screen
ebd8ce6b756e68a3c73577dfbdf19be2,credit_info
e9e7818f6d750dfe4e5a2ce83314a13d,mobile_recharge
4b4d9c7b013d4b4f873b37a95419979f,chat
4c2e1ca730ed9dbbd2135752c66793d4,statement
caf34235bd2f17c48972ac04cd71fa3a,statement
0aa3754a0bba3b4118f42d697446e1c2,credit_info
e954f597d75ac95e188775f9a588f262,main_screen
a8e03e88f4cea65d1d0ee100bb0e72e2,main_screen
c73ea01f840cadfd2c80663db5389804,main_screen
6a8486aa5cb7ed137f1e0e0386be917f,main_screen
62974a9c3b0b63cb03edb3989619065b,statement
37c0a0b38f4e54298c45f183e2387dfa,main_screen
ae1643ad5d4dbb99f360da1e50436b45,card_recharge
e70809752fbc205653b7852a2981e35b,mobile_recharge
87419d7a9a773b6f66b6ebea9196fa40,own_transfer
faf3b3d9a5441741ed34dac62b4bc361,main_screen
893dd6d43ac176ee4d936b3ad21f5235,main_screen
fa25dc1273d4bad33b71ee4a49b3936c,credit_info
b2b885a54f639a103f7b00c23096be00,statement
0f6a5bd22bbf44c355251baf142d8494,main_screen
fed7fc3eaf5475fe2fba48a6abb1750c,card_recharge
bb96a8b6b49f21dd6e3541b2705c60f8,main_screen
97d7b40282e32dc1e3c63032ae91ae58,phone_money_transfer
bcedb3dd8a868fb1a73256ebd6d700d8,credit_info
e2634ef0d2a0f11ab2af797030e33a1e,main_screen
754bc02fc0fd9cf909d8f06b38544edd,mobile_recharge
572109c26db0e10448876af9d29751cb,credit_info
68815c10b8d45207e5268a658f42195a,main_screen
8cbc759e5d2dace91ab4fc382124e3c7,main_screen
b73cfad8f0df59641f3065b36f23dcf1,credit_info
d7c98c756539e9566bef31dbbb14b75b,main_screen
2bb3b385f6146c97cdf3e8bc7cd94014,statement
98cd28a4c47f5c615292202252df467b,statement
42c9d0f29f64eecd3b485bb2b7362399,main_screen
a333ce833b239b067aa0d6e32f8aecfc,main_screen
d5a0dfecd0dc913c57cf7ea28dad3de0,main_screen
3e91dda43b803f68e22cc11b165fe9a1,main_screen
b30937ea9f4bc8ce46b4527aa9dcddeb,credit_info
8bc415fbb30cbbf8d7214dd5ffab3473,credit_info
4ca780b089fc6afecfb8c9a538098613,phone_money_transfer
6a5e93c90151e22bf3298b456e8d0819,statement
12513473dbbe2189f88f2915064a86d3,statement
c72375106992248dc4cf0bb92da0ff05,main_screen
6bc3dbaa469ae1921c2d2e36a2cc2d7e,main_screen
95c733286b256b677703e8a3fd9278e9,card_recharge
ec4bee0d739415117955d49dd017abce,main_screen
a27c95af616eb3f0ca5e8dd6cc5b145d,main_screen
3fea5ad3c38d1b9fd3ccf23432067f24,credit_info
b21800e97ec42ab45a77ee7fc0f2ab0e,main_screen
addebff799622115997bd365be65b09a,main_screen
a66db28a9563064bb7ec9ba652b1454b,main_screen
7c89db1d5b26b996f6541e22defe19ce,main_screen
298b397a49d011d6ad0f9c485987b92a,card2card_transfer
dafc1ac0c1fb22d3716c0add740adc02,main_screen
dfe02cd9f8aecf22f5f7f619073a0db6,credit_info
f7dc053ab7d64248432594d4f0b83d3c,chat
ba99174a6ee1105e820a7cb9e5734b69,main_screen
613c5e51fb238b27d979c5df53c2162a,credit_info
c97f3e5ca13c48a72fcaa685638d5d30,credit_info
a12f7bee65848d4f4671e13865389c16,main_screen
c6a7c6370ef6be47d51df8d463cf16f4,main_screen
231def1158fd6de1fc33c2e8f6f44f0a,credit_info
331396f5ab172297bb93087beed3f801,main_screen
4ca7362663b3c8dc54e07058e9bd049a,invest
7916d2a4efd70a46ea2b00df5994837b,main_screen
0ffd5bd3921079a94fc4319dac3f69f2,main_screen
36efe7254c06dc180dbd5797ab82a791,statement
96d5046bc1b4d2b41f161135ad88deeb,main_screen
96c45949c393b2fde3f33beab452e125,main_screen
e1098e4bea11b2324ba38ed857892e65,main_screen
b98863fe90f567548a77b0381ebf74c3,main_screen
df78fffe421c89d8c2d5cb4c98c81de6,main_screen
7f507393a5f7a23973aaf84dc9413802,main_screen
c727d33dade258d33ce3c89102778e0b,chat
43a4a3a038187eb8dabfca19c2d254fa,statement
fb8b5aed68ad56c74d66653773974d9a,main_screen
781bf62fc4fbb4ee76a3a241c16be7f4,main_screen
8bc87a6d52c8f138e14f87445c23336b,main_screen
035cecc24482beb14be946d907cba126,main_screen
65660da0b500f4fe6f65221d6d1a10a1,main_screen
6091f7a7e9ca7cfd3aab2da83aa1732c,main_screen
40fc9c3127d2640632192406f5e68d53,main_screen
7824c18b32c527c277b0cc0325d7efa9,main_screen
850793d80bcb0e346b6ec6cff30fdb6f,main_screen
0b223ec2843a1f127f1de77c78d83be8,main_screen
1274b34e13bbbfa02cdc5e5a12ee08e4,main_screen
0872733acf61b05780101617c301e9cc,main_screen
4272c43ecf46156bfab8cfbc878225ef,main_screen
3907769f4bf6c364b197f26e94a78172,main_screen
cf2f3d4ffb38818590020330c9adf2d0,main_screen
812e8e7de99ce27f1af2d898cdd63afc,main_screen
0826fb8484ccd66d4ca614b54d650041,main_screen
0eb6cda261c488ecf82f06b8c64eb8bf,credit_info
3de49b7d73b34f87c8de2077191ac8b9,main_screen
3eac61af5facdec3a3ddf161c6277c02,mobile_recharge
4dd486496f5fab2630ba447fa8a4dd7b,main_screen
c1658276f88b5874583bde4bb3656413,statement
e29acd3590ff09039b3dec69ebd3231f,main_screen
3569034b95270bf7192b2aed0f65879d,credit_info
52fbb4214b4d7d5d85d27429d0475245,main_screen
c03084f8ff304335209402f1094335de,main_screen
8542b9053b9cf21b513e290afc48e2c9,main_screen
d0724436d8cef1664d59c40a7dcc6f70,credit_info
bb768864caffc5d295c07ffc28b160b1,card_recharge
16c02334c673115d2c5f4992b58ff423,own_transfer
ecd313ef8802bd452a4625f0c268ba2d,main_screen
cc9fc1e58a5654bf8a8ca18b2bec0a8c,mobile_recharge
35a5bcd1843c216088543c20335c2a53,main_screen
653c51848969ee99afc5811210321e2a,credit_info
6d9ac9ce60d7443fcfb9d87cd1a9d43b,main_screen
053ce32eee8ca52f81ac17c690c0aaab,main_screen
422d42f4f3ef17045d1f7cef77d218f9,main_screen
bbfa71ed16a5ecddc7f76f56c5cc4a0f,phone_money_transfer
3133b1c8fbb14abb256a44d74c4757e0,main_screen
e71073e4b35e029dd5b7061fd551f6d3,credit_info
4d3ad3177ab7c5e0acb6dd22a07f961f,main_screen
0f556580f4297822433b3ce761341311,statement
6b52924240f199042912c6900d285517,phone_money_transfer
520e98c3cc75d67e1664c719d3303d05,main_screen
319d17a8574b298826cc0b0850a9289a,main_screen
3dc41b189c65403c8d26b15b008f41b4,main_screen
ba923ddb3ab47c21e2608686a4f2caf7,main_screen
fdf9e7b16558d8eb69c99e869c978bcd,main_screen
e7cd2576971d817b15d37bbed1bc097a,invest
bb229cd1cf546bdbbc115876e1d04b88,own_transfer
8bc22a41ac484ec33b9ab3559c17abf5,main_screen
c59030db4bafd1c177deebab2928f5b3,statement
1abcf52b0760c5e538e5981111c99c4d,main_screen
415bfe353221f9c8e048c5a8eb0e0ca0,own_transfer
b9f7a3594a60bdbf223d1a54402f5d55,main_screen
99309611ecac12839c8030238e744603,credit_info
29c6ee1c777f1e6da7b7233ac08f9f8c,mobile_recharge
74f182f98cb16201a76c6a171119374a,chat
acbec9c38c776b312f99e0ba5ca4e20c,main_screen
c71146660f224ff737c3df8e72ec8675,credit_info
a8866c3a5e0c1bef11b0ab45a09779ef,chat
c254c7f6d06997cf973b55ee53e9a380,statement
1f12b662b8652748be46e9cb3fe5208b,main_screen
e1215ec6384ae4748816c26b02dc27d8,main_screen
333e927a5a32a4c238abadce522378b9,card2card_transfer
79cfba4463a424188eaee960e47c636d,card_recharge
5c59677586d9af7390d02f176f02e404,card_recharge
46c583173e52c18c5cf06c4072b9f5ec,statement
1a5b0d61a7aaae5fd416db99d4915b8d,chat
a8aa196b34f94ecf72b5a9287a294ba3,mobile_recharge
50ebfb1941abc2e2f7fbb91dad9651c0,main_screen
70dd9515ff2369ccecad3566aedfbb0f,mobile_recharge
13281998f9a229c38ab0a2d132583c22,statement
118355a68b0fb10b578b821c8ac31366,statement
ce0261fb814a1fcc35c7ebdb1025a126,credit_info
981cddb4a0564a0c593b63c78dfd2983,main_screen
7bd891fdc69ec5de64aec2d0a7a7d94d,statement
e77cb4bb234ca4529235a3aa8e1683a4,main_screen
24a390b62c1f10910047e34ca2027cc8,phone_money_transfer
65c6993c963b953e0430bad760775c1e,main_screen
8602925da93b5e1195b48bd180e29ae8,main_screen
646f1c24688a1c28a268988efbe85c93,main_screen
bcf7dcf384e06457e487c71596b26f8d,statement
bdc7a5f7c3cdd0f959209e4d50f3918a,credit_info
067398b893f1c08ecebcdaa225afc5d6,credit_info
c7719b965451d6d908510db9a28b2dcf,main_screen
53f228b4e93ce4d6e314986974e9c49d,credit_info
c642995bccc7cf2d73f66bc00b233caa,main_screen
1ff6397b10474276b606d9e2df2adcc6,main_screen
20b715ef5b47718923b17b2363741651,main_screen
eaf2728fa814a0e5d2e4e6752a84c9f4,main_screen
dda2177a9ccab1e5f2b2b3b2969e4909,main_screen
9b1ba072f2eda5cf09d8951416e2ed10,card_recharge
8881f1b7ec02d40be4dc9b0ab7c166a4,main_screen
afe50e3d4f7c1efd8c393cc1c07a0a18,main_screen
c576059b37a64f4295f470f06a290ddc,main_screen
a90680bb03b300616020cd38cb44f9da,card_recharge
3298874dcc66ef54312351eaa16d02cf,statement
8a169a0378cc5548b9dba05fdf9f8b54,credit_info
dee3999aca57b7884b1d9eaf54f4af5d,credit_info
d9ef2e44822fd2e681c4169288ddc115,mobile_recharge
618c82c57c591f2192aa3e25cf48b9f5,main_screen
433dc0918a3dde47dc0f2544afad680b,main_screen
c45306c315514798f0d560f6229d9ff3,statement
87a73bc8dd53c2bd94f1918f55ca4d1d,statement
74b7e453188b4852a45a1d02a3c31763,credit_info
ff190ef451b4c6e7cd8b1557b82d67eb,main_screen
10dea94bf8b7b8c603df72f1718ff003,credit_info
6e3abed85173bbf27931ceb4db3769ac,main_screen
5ba4694c8d89f1156c52ddc91b56ce62,credit_info
dac45e834218a507e1050a84a3c629b2,statement
fd8e6be12ee0547b54040e54e9970ae7,mobile_recharge
8e9b0571a4af7c892cff84acc870809f,credit_info
c2d001336f10cac2a8c971eeb2d5bd22,credit_info
4687166742c053176194855ef73584eb,statement
813171e79002712e80930a2848e035cc,main_screen
af2f8497dedaf6d10fb53778f95c2911,main_screen
11b64f58143f9b1a7eb44a1d51bc55a1,statement
c849dd93d2e2d0a72afd5d0d1398131c,card_recharge
4fe36db3af576de1888049e485229c0d,invest
bb49a8e72e2b670201577c8f5c16d7d0,phone_money_transfer
fc36edd670929f8e3554af1d08cf0f57,main_screen
4aa6143ef213d25e4b192e25473b3ac5,main_screen
7cb81f462e313941970cc0a5f39d47fe,own_transfer
26bfaba07c671a36041cfcddd4db3b7f,card2card_transfer
b8296169c68cbc79b31e32cbfe12bb31,credit_info
3296f43d951f667ec15fe0a3d84e7516,main_screen
ef42cffab36580a0c8b92a15cbba28a1,main_screen
e97b7c902ba3a8e85c22e69cdcb1c6b3,own_transfer
1d912e05b89a4fe438347af1eb7714aa,credit_info
15257a5bcc0ccb0a7c047dfa93d3db55,main_screen
9f25e256e60f3a48f784886999555059,statement
29ddcd1a42236949a425f7be1be5e96f,main_screen
aba42eca3842ddb6dea4d358d462fe33,main_screen
ccdf8a7e0e045302553983194417ca5b,main_screen
32c32b79b85e0c9f64af43be1d1b97df,credit_info
8ddc47731cc2e668c383ded6d1ac3c7c,phone_money_transfer
84d1e3d6e76df4cf8b3f77920a0a9119,main_screen
eb7947ad967481e1a80453d41aad1304,main_screen
fb852d74fab999a22a68b756f1a5e8e2,statement
010914065768718f86f91743cf488348,main_screen
de4f346aeb45b1139c8f71916b4f7374,statement
59e5682f95a662ed1291eba40489c5ed,mobile_recharge
edcd4cf97212d80fab4190808cb83ff1,main_screen
ca55c63452697ea8a02346f91f8f4d7d,main_screen
638635b3dd46f512ff04aeb7668cd689,main_screen
411a9168626452ad22078c288b0c275b,main_screen
a5ffbbeeeb304b2c44571a4a044f0c91,main_screen
b8b14469fa1ca1fe759bd7e0aa965673,credit_info
067957a2683cc5c0bb889d3003cf35e5,credit_info
97b1ed884b9c00269277d4ffab90e529,chat
c4ed29a30638cd0990a8d3d6002d5d4d,invest
1972926db961469124b422209ce8dcc3,main_screen
6fa5dccf53236dc4dc38cbd0b319d702,chat
3386c115f1f75b82abe7c9ebb3cd523f,main_screen
afed5d031e8c652eb041ef1f7cb63b6f,main_screen
a7306e0ec75084f5cc58dec335b61b90,card_recharge
96ade529d7104bedcbb74a92e04b8eab,chat
8955c286110208401447640dc5fbb648,statement
38b6094c0e70fbe6f9ec8b5112d065f4,mobile_recharge
961c5eae1e8162fafaab69dc818d8816,main_screen
1eef8fd15f76e21455604b5b89872d84,card2card_transfer
2c5b752c30ff5e116c413484564abee9,main_screen
881b502d28c0dbf46e3228760545a832,own_transfer
6406523c2b28c471ae90d8b4b50fb432,card2card_transfer
364e21347c4c72b7ba6001c733e3c238,phone_money_transfer
d3617544f8bdbea8404dbfc29ccfdbb3,credit_info
044a3b5a4b6c5687958e13cc25bceb77,chat
12016cea59c5d9aaab84cca0eb1de32f,main_screen
cabe2eeada0ba525179e58cbea93b347,main_screen
05518653cd185b4a3018fe16feb7fab3,own_transfer
48ed3f1ae784bacf303c3de448296358,statement
dbee5ed98f453d5b5c4cb7b49d06c394,statement
55e5c79add1a9f3e354e0a53d6039aff,main_screen
a0e04eaef241733009a6489640be214e,phone_money_transfer
994a740abe8748fb33b497a16f99f6a0,card_recharge
67e4df4de39f3aac7cbb114bd90f014e,main_screen
bbf07ee2d3ff9b73583d42fd16603eb1,card_recharge
868e456da6ba1281723df5ca3fb4d59b,statement
dd77e7cd451f2417c7542d8bca42e785,main_screen
83ddae0d988dc8e19a714a0124ec1ec1,main_screen
bd243aefff92da76a59544a1cf3a829c,own_transfer
0ce17df0b05a711b1d3ac91fac2cbca2,credit_info
78b3be5cbcc6e787c77c3355cbcdfbab,main_screen
a2e84c2c7a0658eef4a1d88fa61c063c,statement
1f6cb40f63cb5e2995772a321bd61cfa,main_screen
ca513467b1818d872624e48c0d48f6dc,credit_info
8d42f8928a53704e48eb0d8f493e011a,main_screen
4b2a22f59a5a7dd2f4f9751e941ccdc3,main_screen
f2adae8054549da3d338e6449afe5cd3,main_screen
f3177e084a7892262f0d82947dd69c0c,credit_info
9cee667a6daeb8b1ad34ad321ab088c6,main_screen
ec9944af218e0007107168d0e3ab6ec1,main_screen
df4acd57bba8d4792db6f58a373f80e0,main_screen
8f7150df214489d046ae748852f6b339,main_screen
6df914b8a9db147b1657221e13ebb01c,statement
28597937e06ffd98a7639ae1b718c28f,card_recharge
4f47c133ab4906d3fda171591f786d05,main_screen
56da6d79e965194c083996c5ac723507,credit_info
5401744767bef981deb053b08d6d388f,main_screen
dc618a43f46ea44769eb632e40cf8085,credit_info
d1e72fb9825c5bdd829c7af1d27be576,card_recharge
48614dee4ae38888ddd73f36c7b50eb4,main_screen
457a19ea8dd577642028eb619d1f63e4,card2card_transfer
bf436d41a248e8866379dbe2a9b95f40,main_screen
72e07223fa9f774c0f008c0c649fcf74,credit_info
6c5897fb154e9b972a6a3caeccee6bac,credit_info
1debf25ba2d545ee3a26ec525673f196,own_transfer
15a32c325021d0a1e7faff989fe5b40b,credit_info
a123894e4bc39c4414809cdd1f7b9179,card2card_transfer
36a6343f054f11649bb34c12141ed036,credit_info
a3055ed2b673a8764d49ae9e261d12a8,main_screen
57a7e59fb3a99a5b840e26313f135c9a,card2card_transfer
9267a64076a2e8b6b32d50fff4cfa3b7,credit_info
14da5b9a21d9fc1e9bb394faf85d2da5,main_screen
8a4130db70faf5d15348c6b0428b9c21,main_screen
4fd9114ca1b6cda22a4e566448f9ab15,chat
d279c85b2cb6e1731730a18682a332ff,main_screen
83171c0e2cd312174e6bb225d417133c,statement
e6987d2cb8d627ebf0d474bbd379e365,statement
02350ace3afcd7f6448e050f660f22eb,main_screen
8a02a0bb698e31b11b19d78c53678464,statement
62c37bdba86949ae0896016011a704b8,statement
3a75026c5370ba0eb037ecc1436ad4f3,main_screen
7b0dcc8898171b9b5867ba47789637fd,main_screen
27ad1540fa23d3f26520256435b18210,card_recharge
ddaef8d005ec62ea6f552a3375696f19,main_screen
f228319e125ec5ec21aa6ceebdf8c743,main_screen
ac19ce895c65c5b891abb65e9fa66f18,statement
1057deb41bebd440bd0aba78cfe7391c,main_screen
330c78a0adb2689758a823cc11912b67,main_screen
3766b48c08a074c636b5c318221b205b,credit_info
03c0556412d8b5386a4b12f8e7db4f1b,main_screen
99dd3bcf9687e14751b9232e0725fd8e,card_recharge
8583dc2bf2687ecc2dce44d5b3e619fd,main_screen
ec3c40823d7007aec11aad9a902b14b4,main_screen
204a8fccba4b72930e5061519b5c9e20,main_screen
10da6e127d7f9cf5e3c2b0079af3ca77,card2card_transfer
d6b84519d6ce6ca88e2a2b26d5cfab32,main_screen
6a0cc2b3021895593277669ac983feae,main_screen
8b975100f94c4780ed2b597172a49f93,credit_info
ebc59da752aac740ad0efd0bc652bfb1,statement
8dec7de30b15e35e4b7e4c5c631bfc97,main_screen
cc93252e6bc231a42ec71de39627aa76,phone_money_transfer
e76b7987b754bb0a0d46c35b37eeeb05,chat
eba7e97a2657f210f2210fa9e5833dbe,chat
0f493ad85b85be8e1ae88104d9e911c7,credit_info
c114ab14ccef3a3b80685e049bf4ee84,main_screen
2a58fec1c208c2099fd215815bc4c8e6,credit_info
c736809ba28893271675fd7dd6e414dd,main_screen
e7e8c1fa91e0436af40efe8473a3cc9c,credit_info
e615716228b43fd3e0772b222d0c378a,card_recharge
155c9af936bd85fd53008227366365f2,statement
1e024bb488d2937baf74cc176fef0dfa,main_screen
8ba4cd13c825f838c1748765d1298a30,main_screen
0146dcb429478b798ec64f77ed52242d,credit_info
2616f3ea668fc9a326e0885329a767c0,card_recharge
a69c004faa933c27ccdc5fd2a91ad6e2,main_screen
0948f20b2bb3e19fb4c5e094589ce949,main_screen
3df0ebc368e51ece8dc535a5637a9bf1,own_transfer
a16e26a8595375271208c1c3a67f243d,statement
a822dc880c2189ccff595e32a2882903,chat
51af49aafb358f706e72aee8c4ba103f,chat
30da0b96c002d25635a4adf0b32164b3,credit_info
7f0649399b2ca0205a7a21b3adf073c0,mobile_recharge
dc9fadd6bf6e555def34dc7fa2bc50cc,main_screen
358b2566cba40433c70448dcd15def46,statement
ffc9542314f4e7103b2fddb18aedae3a,main_screen
76f586efb8fc9a9ac255ec0c909f3e4f,credit_info
03ae92be3b01fd3a29c13bcdf1c2b12f,invest
9c9d7c141d34686b5cd14a2ea7c01036,main_screen
93c32537bcc5bfbf85d9b506fef22657,credit_info
3888c529ed912f32c19ff5b909672c0e,main_screen
2629fcf32afa379aa19a96f4ff2c2896,main_screen
8d995f6b351a4abeba20b5aee969b5e9,statement
40dea7e37a0eb5df8e466af0cb5b4912,main_screen
9e384aaf3ef4b4e0b51d4f30aa5c3a0a,statement
40d2d4298a76b01dfb99c02194b37d85,main_screen
e572bb438ef4c8cb029310bdc8339b52,main_screen
9b65fce59d8afa0dffc4c812aa935e74,statement
22b08de734ae1048f27b52e5b102124a,main_screen
bfde96b746079917200c31f825a6cf7a,main_screen
22bd8819562dcafd63a2528d4cf43200,credit_info
9afee3e96bdee7707bfff27737071b88,own_transfer
fb1573810582d205eb1e2a348e461ee6,main_screen
130d8b569a7531be1e71e4a2533d2077,phone_money_transfer
7fc814f7ccec601b6c0b8b5a9f02ecd9,statement
b86bb84ac24c99a378588d658829070e,main_screen
6742fb185bda3392f510122f1d3e19da,main_screen
a5185286a9ecd8ebfad427814fed80e6,main_screen
97689d3958f3925ef14761833e3ab641,main_screen
2fea48a3114e3e81ff53ee361d5c586d,main_screen
470d554b8b73f5dbd846070619fbfc13,credit_info
3f9bc3f43a622431081648a33003db34,statement
fff578e5d34e9e7ca7c80cca2a31fdb3,main_screen
4c7f4b3ef73423e1942d77992a09b467,mobile_recharge
d06f8504d4e3937705b5dae64c689b06,main_screen
3b021c9e26a7a9e8bdc5ce151019813c,main_screen
f8c87cb7e3bcff434e9c0c6d66498b5a,main_screen
5e3fe96f83b2066d5549a83967cefaef,card2card_transfer
ff2d475ff5f32beefa5fdae20f939d72,card2card_transfer
ddb8a9ef72512fe46d39fe647001a306,main_screen
075ce55c992d86d952013dd1c89d7c42,main_screen
d022ad2fa80292bfba66aaddf3238a2a,main_screen
d39bde40eed645f8ef7a00c85da0bbb5,main_screen
9d60e0518185f76072fb1e7c8120f87d,own_transfer
60730570ef57ea604d3d2d37c8f4f4f1,statement
22eedfd4a5ed41fc4d1d38b2008a0e81,phone_money_transfer
26c95f901fe2428b326a2b24c4beaec4,mobile_recharge
58e13a03da0582bff617b89aa4e40dc6,statement
f23edf7171da5009faffd3d9a6b25ff1,main_screen
878ea73fbcc65511a020ba167bc6c7df,card2card_transfer
df7fa470e27ba41bd3b6072965af76fc,main_screen
ca47493a1964dae8d768585f36cc30e3,main_screen
c78b7c00a379fcb36ee9b6570fbd139e,card_recharge
a7146c3324dc4252fe9b4347aca24f31,own_transfer
ea3a0ae9ea6fc8d9d440871ed5d066ba,statement
00cfe597bdb81d54e07a0ea2c581371a,main_screen
782d6c30fb93f50f3fe69dc7bcf4a6a0,phone_money_transfer
f2f9d41da3ac1853dcbdb1cf3fcf1937,card2card_transfer
94f52114bd64c27354cdce5686f92766,statement
2552df57e2bc52d9494dc8d9f1f9d18b,credit_info
ca4a31a7783772f331410d933fc20b62,statement
c2683de7f9e8b20aa64031a0239bb81b,card_recharge
dc7c0d2a890f002244b0d229ee8f22bf,statement
602f43bd46fb816e531aa853821a80e4,credit_info
451239774bf2349bfa6d46b76bc9f8de,main_screen
89cf7222ed16aa80475ee66981d331da,main_screen
4c4dc9d817916cb36dc9ef16f8897d93,main_screen
ad6a4d09717db5ab64fd361d415dadc4,phone_money_transfer
a96833fb3f8ed4ba73d297d1f83b202e,main_screen
9ec5a5bdb50f5cf648a24aa6e8efb1f4,main_screen
0828bd9feece2dedcbb808aac9c7ff60,main_screen
f14f987c4fcee23a51995cd17d26fd56,main_screen
ecee7d9bed1d423c91fec092a2626128,own_transfer
be7cec8d1bc9ee6b1f3914ed863cd3b2,main_screen
c9d8fd2337adf317d50e8e5acd2ba84a,credit_info
07116b2ab7e415016d6929b29d7ff261,credit_info
f450621c9c8d5bdae66cf4450a416b04,main_screen
8319704ed9cca98c6d20200ee2247600,statement
cc99948c5a1d257c6c0ff99a537342d6,main_screen
d5aef164aae2dcc01a9351314e4c1fa0,statement
267581c521f4cc38cab80981d22cb006,main_screen
658d12ce928d904638b2f39c456a91e5,main_screen
9493be08684ceba79833713e5f0a7b92,main_screen
d13596687be9ec1ed58f66c8ca5250de,main_screen
c853dec59fcbeb3e33431c8d9ec1bdef,chat
1a912a1b2bce57418c1729dcc5b82a2f,own_transfer
476fabd2e09294ae4911665d18047a2f,main_screen
a59c5326f5861f0cc62d3767f519ee21,main_screen
65db273e4f5f027c065db27f0dbee294,card_recharge
94bf792b1393ff25fcb211a2ad1de686,main_screen
93daa3ef6d086138e271f9c6c2a6b1a5,mobile_recharge
62b11c6192efc827ab54019e1bfb5ddd,card2card_transfer
483d9f788aa427a5d1e3c35849118a74,statement
74185cf65976429f87852e087a852f8e,statement
48fc7f205e72fee86fcfd61049311e9b,main_screen
64938d7e004b1e923ff1320624d5437e,main_screen
f17392038fdd0577b806fea5d59e05d3,own_transfer
f7226609175f2f97b758eeabc9ae25a9,statement
bebac5da2dfff41f593560a607e7c507,statement
371cb13d6a300d5b9b99ab9e5e4173a7,statement
c0618ae3db524bfd8611eb921452a830,card2card_transfer
6afa2b3a2db9fb9f92d59f9263661f32,main_screen
837df5ef1f664f95a04a74f134976369,card2card_transfer
6c8e2406b623771bc9e9cf26d161a5ef,statement
f339a6f94a28cd0d50b063a25ae36475,phone_money_transfer
d177fe8970f068de50bdaf1437dc7725,main_screen
da73647eeb206b1a3e1067d43c2fabcb,main_screen
6b9e5340fc0e2b52092cad16d5bc1170,main_screen
2b7911c239eb15ca658a331751de2f9d,card2card_transfer
0ec24bb2d51d2b01e1d59b132e6605fd,statement
9f4e9698fe655ca9a148664456ebc425,main_screen
b2a3900af5744fde8003c693a5dd4fe4,own_transfer
02709bf5eda5effce45000cca3ab9a24,phone_money_transfer
4cde524cce1bc1fb04463f394957db26,main_screen
a3bcc8788806fa9f0db596cad600cbf8,credit_info
28fed83fa7f1cf5e39786612ea43169a,statement
18331fe435b661037731db7c1c59edf7,main_screen
4ac7722cb4e1ef1a45a88c9c62fb18e7,card2card_transfer
031003b234ae1a11220d558abd0d94ab,main_screen
60b87f443e69c903867fe4fbe5fc87b8,main_screen
97ca85451085079810db2db22655db19,main_screen
0debba6dc92cd46f23166558188d917e,main_screen
1541c41025aa2b74d0ea832abedfc750,phone_money_transfer
b9d6f231d9e703e558574afecb359d59,main_screen
2f6ec13f92326b0978cd37e3d29bece3,statement
b0f76371c2bb3b8c4a0a49cc7d2ecd06,main_screen
a2e35a878f482eda09bc8de590424cc1,main_screen
c99819e63170296f223721e536416e50,main_screen
d845db8e91b53eda7acc49d7a9667eea,chat
6b4dc7a0268cbc883f13b8c72f4bb200,credit_info
8c053fb14337ff5c7f99470bd72223a1,invest
c0364e47f5d746c00d7131a918061c11,main_screen
4ba3bfd7a64b4f4cf0c1f2ae3e0885dc,main_screen
dd28b6f7c13ab70af88a46962000092c,main_screen
9e883b114bde132a848117aca9a8bcd9,credit_info
6d741a5d81bb5379a070a39347570f6f,main_screen
9aa18c950ccbb66e27dc5f942f0f9305,main_screen
58d4e94149f0452ddfb4853760d5b6cd,credit_info
d18527b0c061b814d24710c27e70e9b6,credit_info
5ce2357dd0028b80e702b44b7b23798d,statement
28229cec4ac103df205ea5cd6fb90737,statement
28412622a93af7137cfd3923ed5063fa,main_screen
07a7139ed89b408b000713c5bd20554d,credit_info
1866ae96fca8ae2341b9d840ff6d6d49,statement
acf0c877c664a2a3f7d6c2c547a193a4,chat
d0cf981322d6fe02aa7abf715c8a4f4b,main_screen
95a30ad217cb99147046b531ca175324,credit_info
2deae4113991f622f8f8002537298ba3,credit_info
a7c03ed5a2db04797043de13e646a643,credit_info
9c21cc2578f13e1a16f51563db1fcb2b,statement
14adde674890d2841b90ed8a6698fdb4,credit_info
780ca60873f256155666212a9fdd8f41,mobile_recharge
93f1586452b8efee6c758a6937c10fdc,main_screen
b4403b84e5857b04a04291cb43ad8720,main_screen
8614b8ce04e5d1748af91fb1d9220713,credit_info
bfce58823d3f7dc4c2cf4966a6665a89,credit_info
7aa931f82696e2daa77582f70df1f35c,credit_info
992084aaf6ea4097965de66c0920dac2,main_screen
b95be7b9312b223ec01700a9b1448cca,statement
fd8e03acadb2298e3bfbf376048f49c9,main_screen
f84eb15bf169b07512fa71b5610b7850,statement
7d23f2f58f96256d8a0bb75af08bf2a8,main_screen
544416a120a3186b6d9a2038d06ab6fa,main_screen
930637cf0f428116ae2dc36fcb0d7f73,main_screen
5a37d35c21500ab3f461ad6212fa545b,main_screen
7d68b2810e69323f3ad5705a91b46c07,statement
34a9569be5acd1c9edcb179c7d7d5a2d,main_screen
3f64ac3516b9e236b5aa98c2bb31235a,statement
b36b2e4b6b42286146b11553ad845994,main_screen
1fa6ee2f21d2746bd773be453455fa45,main_screen
a45f4a60ea2c83972f22a3abb0498d7f,main_screen
a519bb416d35600686b16c57b9f9a0a7,main_screen
65e65df259fe14161de1eb2801a72930,main_screen
d9451594a7cdd13c35b85745cce14b98,credit_info
8732e8ce051ac22dcd114e7c30e73b3d,mobile_recharge
96f5331b521ff341a3b5bfa00ebdfa53,credit_info
36f3a0f70ae5da1f274c490405f2d2d2,credit_info
086d02cfbdb58d80285d9cd58999f996,main_screen
d3c5d75a420219114cd140986b58f161,main_screen
ab0be55b2fe9a49475fc992d7cd41fe6,chat
7cc800df18ee4270b71eaeeb822b3826,statement
989b04486a31306192727ce5b9d1d5f0,main_screen
fa9c3c0570294df895a6ac6d525530ce,statement
1ed6086c2d565e083383f1fe8e72f1fc,main_screen
833a0a56b8deb9952e3f0d220c7dd6fe,main_screen
fe4e579c1ec7941f03476fc97b3cf88d,main_screen
a6f9bf9558aa2857dc2b353211274ef5,credit_info
56cd657a01d1e32618224ae5b26c24e9,main_screen
0163469c557192b30a4fb1c283ffcf60,main_screen
97a427079c547e577497ead7d6a6f7d5,main_screen
529e02d252ec74dd3566fb845fdde628,statement
358f51bf20063906eb9165c3b1f8e681,statement
4702ad76274c9e891b00caaa5aaa2406,main_screen
db9f83333e7d91b4f684b62c131f33d1,own_transfer
9e6f47b0b2e84f1a01fa174b6d945cf7,statement
77f4e169d9e20ae2773e379d9f740147,main_screen
d4fea5db6b887df425c566d8ba80b52f,credit_info
4c5b7e6d9e1a87fa3b3e89290eef4091,own_transfer
9cfa6edb3b08cbbbdc978f6d168f8e81,main_screen
555f15cf74478531c017a52f8fe00fe7,credit_info
d2bc2ae8fc19b1e536a1370f0bec2bf1,main_screen
1785f03529c057e29f627fbeaf9da986,invest
8a10624aa4bdbaead6dbfd6de4db0b48,statement
992076ae007664daf04dfb6169de78a0,main_screen
3ab970f6d910af74e1b308be2014a357,credit_info
654e9f626e973ba16a7eeaaca12c5fc5,credit_info
b2e586d3c4f1b83a79d30a4e5822dcde,mobile_recharge
5ca92bd1775afb2a869b6148514108b4,main_screen
94a4a7bb0ed14a4b503b100ab5bc40c4,main_screen
a4b1a61208c5504194f3fefad607e717,phone_money_transfer
275b23a2c32828e6ee7e1018d1c166fb,card2card_transfer
b4702333eea260b9c4669931d2017248,main_screen
5c1bd0e7f3539e38f1b5a4bbc6be30c3,invest
3ed50aba34a902331fdd917b52875b9f,main_screen
77c9160401b1d6c41c0048c46cc80f08,statement
50d6cc5f26b9101e554416156d4866ac,statement
62338f9c89bae6bb54a5d89c8708b70c,main_screen
8663ba879014ce27bb0efc3f9c04aa41,credit_info
0de8853ba889706864ffd6c326b46d60,main_screen
60e75dc1b87e451d71012eb9061c9af0,statement
742f4188e96e8d519ae2adbc376b77bb,card2card_transfer
0788675e382eae81b58473d6d0dcba30,main_screen
85b04c011cbf5f771381c4e48fbcd2f9,main_screen
e6fabd43ca322ad284a0060e321c1d22,statement
cfe26c81397b001ca7a952f84ed6994e,statement
e3b98347c5ecd974007857f911db1852,main_screen
191c87c494f0c36ed58d0a216163cd27,card2card_transfer
070fa1f799f8d01f182d468775080473,credit_info
4d1fcd192cfab7aa20dc40943dba96cb,credit_info
44003f55b8d7056fbaad4f4924e51efe,card2card_transfer
36b84068f4d1457ab12074ea3b987382,credit_info
2e84a9f7623ad5b15389c80735de4b9e,main_screen
ab4f8b6e4d100cd1773af9ef8f5250ad,statement
793e3cde47672eb75c3113f45e316b68,main_screen
a987615289fca9f078f60a28f081afd0,statement
40c313e9e6815295eb5b75dbc1f3b7ff,main_screen
31d270d4594021fe5e2a03f0751a642f,main_screen
ef672be12f6b5f3978d54640aead86f3,main_screen
04c169060284ee1f2021d535a6df9d33,credit_info
6359a847541e52795afc94938766531b,main_screen
f47c50604088cd728286c20b5093204f,main_screen
32bc2f1b27cef6b38026377e463f8ae0,statement
4d49368b62b2e8732aa5b932298ed15a,main_screen
3f697db1cc826c84c3503d06e2416995,statement
da9f347fd41ff0b8275bd9a6332c589f,statement
61d82853b2785d6d66fcb210860eb1f3,credit_info
813b67256f57cd9da8e25dd2f1252dd0,statement
dd4b388a99238f1ebb4b7fade06a3429,main_screen
da2ff269fde11f5ace52b3746dc33390,main_screen
8706b95e8ed406b73a148677a8070c5b,main_screen
5789d945d4e080ec68f72ab08efb52c6,main_screen
94bfad70695003a412a778c65aaa296b,main_screen
c49f31d434931e694ca7ceedab0cb550,main_screen
ef494d8e131b9443c72b9b20c71818c1,statement
fe05ce6a8f98c05000dcc731ba80a94c,main_screen
34d2b224fbfd5748e534b73350150e62,main_screen
99faab2ec7e4f856df23fa069a8d60f9,credit_info
7b64332ab40f5bd724b31ac697fd3fbb,main_screen
2b8412ed079aa49ffc826a91746d3e9c,main_screen
ae6be24c552978f93bc6fb8de55f586e,statement
cbe1e9897b68614d354c539427bc3649,statement
58533c2108003940a7d6d9e77c649820,main_screen
354bc6c76fd520fb6ed99b12b2661b38,credit_info
06199c6be6cc40e82d2b606d7881baae,credit_info
7bb2b61150c8de79bab6783e00fd348d,phone_money_transfer
315a8cc6c50caca1d01b3c46026045cd,main_screen
d90cc7a02eddc2c4de358e64e5d6aa0e,own_transfer
f1846b59b71a2610afb346ad94618fcc,main_screen
fce7e2137c6c8cc32066b1bbc6774e4b,main_screen
622c2ecaa0df1d9ac819f18e196fcdbe,main_screen
94041e6d48ead11c533ea02ba334b9a2,main_screen
157d9d14dfae2567c281f48909634944,chat
5b7c233960c5be92517b77d56c5c42f0,main_screen
554ca7f4ce3708ac6c7c5d04b9b0a70f,main_screen
c32eb8f25fac0b088998bf3d090b9027,main_screen
90231a4948649bc81a74e214d31c9c24,statement
8dfda0a9463231434ca44853e5b5ae3b,main_screen
b5380c71268383440c81e5bea062764d,mobile_recharge
64a6acd0788cb67aef6aac9bbdab0e9b,main_screen
f286ec27e149c431b46a2c22ff4b1acd,credit_info
fff896903415127a26cbc488a1b5106f,statement
4e55b6f6fc8c3aeed5e2f2b6967a23db,main_screen
72dabdf32acae88b0d757c27333ead93,credit_info
2cb3e0fbcc2aa99429acf127c0acd706,statement
9418467c891dc193b847f95519460197,main_screen
5f3d75f4747259bd670c154f45b66abb,main_screen
4342c6f3a1a17ab7dc10c95a6713a246,statement
bdfd0f83ae1236eb4292cbf2e5ed5340,credit_info
508a2303588c2b459689c919b32417a8,main_screen
c695f4c7962856476972c50ab6cee7ea,main_screen
e48235c675c2cf29a0c0455fd904d3d6,credit_info
bc53961ffe9b8f59dab378f72bf80e79,main_screen
ebfe7a3b740421b173bc5e22350a94e2,credit_info
790548f900af320b8d134a738f76c7d1,own_transfer
663ad8e3954985372df52b207b4167a3,main_screen
459149087f5240f9d22d173705fb4a89,main_screen
c8996a359e17a8e157208342e315e5d3,main_screen
c9f9027dc0d8b5b21bc5ac1a02263864,main_screen
9663603539536f745e5402962e6eb486,own_transfer
33264ed9c3e0c5a9f4c5a44e523d2d51,chat
1b19ffa8e6aaa70c36061efec24b2498,main_screen
3e548cee824af75a81807e1aed7ffc53,main_screen
d2e31a2d94c8e39a3dfa131885f4fbd7,statement
f3ab295789728953d4bb58d1ff132007,credit_info
2c5f8ec706514c3d18d59fb394b2cb50,main_screen
9c34f9a4e1f34451f4a4c2fc260a53f0,credit_info
7aa3163d2f8c9a008cfc435c8ee968bd,card2card_transfer
0148288d12cef064dc87ed2328680569,credit_info
ee7e9b4c7ab958217298878c162e651c,main_screen
5520dddd35cc562866eec3fbc84556f0,credit_info
1232f106b746507ecd148022070c5806,statement
80fb7a9ebf33d5cad42aa725240ccb1c,phone_money_transfer
b0076c6752b6ff0a11db778e7c86664f,credit_info
4987ac4316d67f69df61d454190b2b5b,credit_info
75b25d2a1da4fa9f5eb6f597974cfe7f,mobile_recharge
79b91fe6ca436de9ccd286268861eb15,main_screen
551336bedf694def6f95af264da279db,statement
81ab6384f2b801a1a970c0cbb819341d,card_recharge
a621a7111b3a03de99da6085cb6d35b9,statement
a2dd0cf4cdaff8f55d1509ff5a738a32,main_screen
19c4d978e348983d2599518c9dac6d67,chat
8ce854696e852b6af9ccf76823d2dcac,credit_info
2d9c2f57e24901f14e5fc3c47cfe6726,chat
1e8f9a491445ceb3d95ad7caa6c7ec20,main_screen
9bd3748dec2b67f9217ab2290010f9dc,main_screen
01a92c0db4eb8a943dfdcde048f7c7d6,credit_info
98826ef20cfbdf9f9d241776bc47d27e,mobile_recharge
5971aac31e908fac77daace616c34922,main_screen
5c87e39bcbf106c104bc35055bc0efa2,main_screen
6f874756917c8de60904ff05fa86e0c9,card_recharge
865bb58232740ad6b493adc7a6d47883,statement
52efb0066eacdd9de74111f9bb3a7f76,credit_info
47b94692e49d29d424cf84ddf5b4e600,main_screen
2a1d8e846c5bb562f6b9c2251e01d96b,phone_money_transfer
fad2096829cafc31000dd01cdb154944,main_screen
d195923f98d75c8ee43dcc117f81af39,main_screen
a149cd10bb6d1a60a1c0492f841717c9,statement
fa35ad5dcc0b42c42716c7e6c421b5a8,main_screen
44f61cf9f7b7743d6e7ffa8ffe5ed41d,main_screen
1a0699818c6c358aacab2d3f442bbaed,statement
aaff5a7b81fae31110e1f6c6085bbc89,credit_info
fec772473c26e11a0548ef52fbb64121,main_screen
70c3623b4b2a616df6ae764105411466,credit_info
d13d9ff4e402eebd1757729f61b980da,invest
a9f72c5da2f6535a9eeda6172ad4eddd,phone_money_transfer
90406875e4db68dfc38c625b6a7fac58,chat
8c00412dac024e5762e2c8ccde8fe8d1,credit_info
ce32a260b3ba89f1afc3251d86880552,statement
fdd14f0699a9bf3af0a07d393cf824e9,main_screen
111c53cbc7dbd07011a6fd874a8e1ce9,credit_info
fd556513450bd2dfb68ed21342ce7a4f,main_screen
207a0b7545de1e626ab191af27dc8e2a,card_recharge
4092e07a133ba13c526487338c23f3be,mobile_recharge
eddccd80a6f12b88bbcdec49cd1a7139,main_screen
a55522d04155a7592c40ec80389bd6ff,main_screen
cc71a70ed5f35b11a2eb2ecc98682826,main_screen
c4a16d6ddf58795ef5e3dc535d21fc98,main_screen
99d37bcb2707231508a3e8a7ab0f2336,credit_info
d9dbb6c1e1ca7410d8acbcc04813f507,main_screen
be4be88a705880cd5c67f262bfa68e5e,own_transfer
072cdfff9c4a2eeff3e6897b8a80c053,statement
4b54e4933b6c88f9124b6f3e6e8e7626,main_screen
b7f80307d700b4e8a277a36733cc0e75,statement
ac2d9f31915b382b16f533e9a6a14c2b,main_screen
5ccec9eef46c34530478d0fd60647ed2,main_screen
0808a4395bb12f44365e3beb9bbf55d1,main_screen
6e06b70b5b9e7eff74a33ee0ae3b7751,statement
5a36e973cb94c87ec5b8d6aa3e17ec08,card_recharge
5e58323d4f3d5ce2b09414ac8b0957a6,main_screen
656cbb41fb852b9dbb31f5927d92c5a2,statement
4ef77d42398bc079711b20a8872e5285,main_screen
9b07011cf18416539f96b718f2cb765c,main_screen
ebefd3279af62e48cc82795c43b5defd,credit_info
38df6b438c8809849e64443457473d67,statement
592e7901ecbf527dacd6e481a186a99e,statement
92858c4de7b5a49ae20acb3242b9ae95,main_screen
cff91a7011889c734e996a6d5d7c2c55,credit_info
b56abb80bfaafffcd85a8578842d7e6f,main_screen
e237f8192d01db0c25d02622ce1bf105,phone_money_transfer
f54682fa2f8036dba5771d319937a73f,main_screen
471d61b1cd3087204ca49a67ccfe199d,card2card_transfer
53bda3d642bc35afd3e6a7bd6fe61a41,main_screen
685bd5306bc0b8a6d7c5a5e7c30a47e8,main_screen
b7bf9da96e11cbbb0b5c7f7634d2a524,main_screen
922aa331abdaa2cb1244e439d2f8236e,invest
8c9062ad9bafc1e32f452c356f704af1,own_transfer
7359610da3cfc2ec35e23cd24a019c40,statement
2c0031e3569df72993cb051dc606d178,mobile_recharge
ec714543a08a1c966e912964c677f740,credit_info
94c931acd695756ebfb3409e25018df3,main_screen
99f3fe8b95d5ba472701e573887c3e8f,card2card_transfer
9140f12e5e7e7f1e56ca4af8b4fb9ced,statement
d7994811d4ad65f7a35a435b0fda47ca,statement
7265b3cd144aa0fdffa1d6f0be6a9180,main_screen
f56b8bab0c273836746b84db5f96b301,credit_info
d3abe602a552acd17488f72c22ad0379,main_screen
f84419ab4b6fd203f8244572b87d93d6,credit_info
9e2cd0b90640ba9a7618ff45c04c0c9c,main_screen
f9ab48bbfeb9222b6d4f67212d6aed1a,credit_info
321b485f15a87e7492563e383353a4fe,card2card_transfer
5a9d41fefbb2efbd0c4f427ab5bebb9d,main_screen
ca1ee682019523836aee97135176c57c,main_screen
a3a7fb5cece9a72de792abd8162245f5,credit_info
4fec7be58fcfdd8cce8c38a4a0ee3801,main_screen
83514f6aa2c302e3714353873a9151f8,own_transfer
4829034801813a61d27d55013ca1047f,mobile_recharge
5e97a75b903c068c8a5c4cc1446ba9f5,main_screen
30cff6c9db9c2fbd45bfba94589ff425,main_screen
a44fed6e493a2f1a0bf1a7f08a61628d,statement
e2ed60612167c9887a84aa0b5cf64f28,main_screen
742a515ddcb324b2833ac0abf8c9b934,main_screen
95dd51cd5d23d3545c45953030420d58,chat
2549f8eaa524f9379b21371e5e22bf5f,main_screen
5029c3e16745a946ccf25e5612bdbd12,main_screen
aacc11af46ed91af3aee51a4f5abb6d3,main_screen
36857d5df713530ff75b25b07b32e5f0,main_screen
c3e3ac7b2da99730a3c4469f733b79f1,main_screen
8bff913f65295908649f1ea0644d67c4,main_screen
ae76777b55fd75aae35d1a550e3c03f2,main_screen
c219906c9c478449769d27b02f55e4ad,main_screen
d18aefca74cb9f102e17019f8e9293e7,credit_info
97508cd6f3cd9858adfcd3f6f1bd4f63,statement
dc6d67a1df5b7a987a3ec16a75384db0,main_screen
355345029e4348eab8ec0813a2db19e0,main_screen
1ba8fd24f9db2f63b229442c19c4d2fd,main_screen
1fd23bc535cca6a39314efc26b7d89ca,main_screen
ce1a2b07e263c121705dbbb4167aebc1,main_screen
9d1ff2b85688629d20433ef773de9558,main_screen
79beac16d526546c9e9973849f8460cd,mobile_recharge
593ec3c390dceaad69b11c98df405da2,main_screen
cf990efda14cc475f29be7ad367640f7,own_transfer
c835d245eb4639a33e5cf34e1621b227,main_screen
972d3287b72205d999841af4e473715d,own_transfer
a3d782b9e765a38ede4c07c0b73d97e7,main_screen
4e10c1b31eeb0ae056ba01c8a85277d3,statement
1c46e7ea9a7af002379fafd29ee7423b,credit_info
5772321566ebb1d297d17be43163b671,credit_info
2d1ba08070b77336723b3607af9d052e,main_screen
b944ae894909a857af0cfb44a3059144,credit_info
88e2b1db2e88acd0ddff83c46b72ce23,credit_info
b24cff934e5c6ddf01a5312b666bacd6,own_transfer
c0644a377e420732c834f28ce39f2c2f,statement
76c92721cc30c4be33a57e35fe71fe70,credit_info
8037e73688e894ef761395b82764d5e2,main_screen
6c3e0912d00a14db43fe09e3da604cb3,card_recharge
14b7b12ff9437a13d5975ec0ff9238fe,statement
563df4008afa8f3795d33643ef79832c,main_screen
4b255696e82412e970b70470300ac7f8,statement
6e4d22606140778e3a5b4d5386dab957,main_screen
4a66cd90793ce79782393b2df0b63cd7,main_screen
35abd4ca22dedf4b1fd9713d924e921b,statement
d9e4fe24aceaea54b6e1239efba730b6,statement
dc6f77bcac98a4bea01992ae638ed301,statement
e976de42e5640357681deee7bdad0552,chat
e910e385dc758e1341f1025b1b8ce090,main_screen
a70b6035821df4764c09530db4038e61,statement
b3e2c540dbaef1cb9809f395bfb7b49f,main_screen
f7db1490505abe7c41efe1f2f7558e78,credit_info
8e8a9dc63a00a23deb22f3b2696ba32c,phone_money_transfer
b8e768f63cbba1ffb41a9469a3e28d1e,credit_info
9511b41c5cd566b93d4ac4f30dec6d90,main_screen
d3c9d8b5c1d28a95fde1879ac713c370,card_recharge
bef1690becdbcedd56283321e526be05,chat
88e4e1b39396fdbabdfaccfac1e338fc,statement
feee26d67f7e2382882fb3e4bf808e64,statement
30c7cc1620679126b504de838fb4d7f0,main_screen
0b021f8fcfe346577cb435dd975fc2bf,credit_info
326eb415550f8d08c8f83fd8c345264d,main_screen
88c4116f6161d1f7b9f3b6f5995c1b95,credit_info
ae975daa3ac681ffb680bc905138cc4b,main_screen
7790bf4abb3d1d65ad0ee9f70af2e4b2,credit_info
4a3680e0312b202a6c769cd583b9a55d,credit_info
f997f2fdb3d4c5243bfd8b49608d58ce,main_screen
220c2095394622b8ccef77cad2f3ca55,main_screen
20922d149792fa4e8f09096d1bf9e1e0,mobile_recharge
c424b1d6223f84d6fe98719e19b46b5e,card_recharge
282da5c7d9ea414020b5dc64957dbe32,statement
c6ec0b29fe6d44a96f1a044df3566574,statement
eba29a6bc5c1d30415c982391e461cd1,statement
1565fa6d63d0b3db6b863a8dd730c8f3,main_screen
fe9a2e9349743c00f42aa645ef6d8802,phone_money_transfer
525fb5f0c5eb0dd8437146dff7dcb458,main_screen
63f94e1ba84b42187524054a012ce6ca,main_screen
ac99e61d598562884b8f803f0eb6f6cd,statement
ac1963d53daef834e34a0d868483da0e,mobile_recharge
cd0171bb425c25c171cc7d812faa1329,mobile_recharge
434a0111d1d99a355f1e83f069c96272,main_screen
a6baf63786568d2cb0a4190c1ba2c90a,main_screen
c2773d4a0c1ab88d753fe59666de0c0a,credit_info
6bfdcd837005be6a47408baa7c6e64eb,main_screen
5b216ef017391840f7083e03cc1f0617,credit_info
4538a7aa664d92ad201c7267dc248adf,main_screen
900ed8e8bbe0f445671c84c49caa8d51,chat
235ecbb1d9862c1f34c715cbb4a3dd8a,card_recharge
6d618e4312ad8bb77a1e92ee357f3474,main_screen
79502246e3e93ec125e7ac07f8b43eba,phone_money_transfer
7ef6f7400a494036cf4ee3a69ccd4cf9,statement
27e629158642ce312cd32261328d1171,card_recharge
908cae6b62422350311bead1b7916864,own_transfer
2b5472798d8461c41ae455cac731955a,main_screen
3d1ab36edc5c423f87116d4ae15de1e4,card2card_transfer
93aa6a46cc4b911ab4aec6eb093fe2ee,credit_info
b8fdc9996b8178a43c00bbb3bacb54c7,own_transfer
97b39b6bfcb57a47257c6c68218998a7,card_recharge
e3880d3b5adaf239a75ee1c93f13b789,credit_info
09246c7fa08876f4002637b0fa921754,main_screen
8cce49b993f04e6f97fe16e4348d097f,mobile_recharge
7520d54d859333af586d4dc5ada3090a,credit_info
89ac50391fb0aa9b6344d8580cb745ea,statement
fd61ecaeffa2edbc4a175f70fdd41546,main_screen
5960a3e992f1a3671eb9e44e4305ca5c,phone_money_transfer
7605ad460d76e23c9be4da8c53133040,statement
17214a5e7c8bc7ed94da04bdae35f106,credit_info
b2a9728b7dacf44148a86c209e246031,main_screen
259a5e20096fbe496b2b4c8a8c5bd73f,credit_info
0d073318c255cc067b2146756c349029,main_screen
44c781bb79a1c4f1cbd388c88e440c83,statement
e1338edf430cd7dddc28ec7e77431641,credit_info
b229b7dc86500b5245324ad9579ac3d5,main_screen
2f51b5cd10290baefff624b076a8ded7,main_screen
3e14079a1db03fcc98002365363f290a,main_screen
161673dae139f3af0c48d0c14710bdb6,main_screen
50c2d9bfd24fbf8c825763bf3a5b273d,credit_info
9e9d3aaa5dae9567f27108c26e3fdb3d,chat
54b4c6cd9e94c0cf9bfab6dc68ac6999,main_screen
c621f3e64fc6bb4c92c28bd797d11170,main_screen
43011cf54cfa6fc64bd62a43f6b3b6a5,main_screen
4a2cd12c6b39939d1079a3515dafc013,main_screen
8d9510bc1a3a9c4912ba4a209f39cbd3,main_screen
00bec4b4ec53eb76be3ee411b57e14bd,main_screen
586fe605f61e81581efe72d9d3dc237d,main_screen
67966019d724f602fefdcb0310fe5487,credit_info
fc0e9477ca47a865a10b32e17dafc975,main_screen
da2ad2933db27843e282a22e00a1ecd4,main_screen
2c5f9a22d2f5e2bc70cb9e022aabb2aa,statement
b0e3852375b1e0ff576a24dd4b6a4d07,main_screen
7c8dbd63744a5c3a90663cff95c648fa,phone_money_transfer
5e5ebe80f189dcd5e440b1fad7db97ef,main_screen
edeee0da8480a7e30fd3a59d24fa563d,credit_info
30212dcfe12330be9671ecf68b9612a2,main_screen
4ee8c06c7fa622bf2c522e3023865c1c,mobile_recharge
5942174fa13bed73699110683b997bb1,main_screen
fb98afb058ae599c17bb4a185fc7d15c,statement
c4e7bdc4333b8b789e3b9c03b4895115,main_screen
8611b728821e3f007b58b97aa4e98585,main_screen
af523df7b48fed70ba53e709f1b84e4a,main_screen
124d58d54e57dd057ab37eacf3572eda,main_screen
fc3ad98ef5cf41a31548e7b3e290e999,card2card_transfer
f59995a5bcf55e8941778ba802a6b83d,credit_info
8bacc26507873a9bfd4d978a9d5fd43c,main_screen
e344e6f8d31b2046ec8188045b4ae1af,main_screen
8db99d706777d817f39dacd6a5e82a25,credit_info
498b0239d61f188019909a828bcf3ed4,main_screen
b686b62928e59a00a62c91ea7fcd8149,main_screen
47dda68f8e5163d2055bf30298ab97c4,statement
d6257611ff3d4aa779801d8aee5277fc,statement
dbfd6bd13cca443715f6e21f8c339605,main_screen
b6e032de9561fb1594902fae120e7d8a,main_screen
5ff8214eecaa698384e305559e654cb8,chat
533d192f81d409225c8202cc37391c5e,card_recharge
77dde5e0cb99376742a38ba7900e1e9f,mobile_recharge
91c0e5405c3648827e4c7411bbc31350,credit_info
81c34d6a1eb1f271e6761767f5a65b1d,main_screen
5c1c1001809a503ead27a99ae4c29a68,credit_info
d27616887ca7ecb93d2528031dd0a9f2,main_screen
a7145324f58d08b66ae8b75172f5b986,main_screen
a4adc9f5d9e5a02d53743c1277bbfbe8,credit_info
558f053ae8469689b38f2e47900fd12a,main_screen
8baf219e4654c14e8bbd675559bd2fbc,card_recharge
6c6f7f77427589e402fd2b6363161847,credit_info
da9beaf347a32d89ce4d22c838514edf,credit_info
93caa033bc758a2a192bf80d96bdcd8f,statement
4d88d69cb1360cc7efc6bca7ddbeb4e1,main_screen
6fc81493da268da7f5ef276deedb4d2e,own_transfer
0b75a74928882bad2689dee92ba3d47c,chat
73f56f0d3e658e0e8c35a157d4146cb3,main_screen
3a887379150a387b58ee80e28ec605fd,main_screen
f92f176c258311a9efc96ba406c75c7d,main_screen
f0feefc3b650384fe4171f13d495b7d9,chat
57358c79317e9e44e6c911daa0b8af5e,statement
bb3a668618129dc5d620a1f410afe561,statement
086d64aeac132a29e4b629dabf01fcf1,main_screen
7f4a4bf80b98270ccdbda7eee809b490,main_screen
be4048dca8c26d22c95f7cbf8e15d0ac,main_screen
f0663c35b619856c9ac6af35da89ad4c,main_screen
08edb0e0096557f8974ea30432dfff4d,main_screen
f82fea7504f53baf8a6776da8184d6ec,credit_info
95381e363c4862eb8c3f6776db4c003a,own_transfer
723a5dfb4d6dd6a036c5e4ad7a7ef443,mobile_recharge
0e1aca56bc095ba561325d709600a0d6,main_screen
f9e13abdbe61ea75d04d9a32bcd7ce5b,statement
1b6621ec21cac7008aa570b03d291c08,statement
463c9e1fc6d5a8980013e0ff19ee048b,main_screen
199a3ac478440808d4cc00b686deab5d,credit_info
bb00e230f42ddbf69caeb56b1144f249,main_screen
35b1b10fc0f45b4f59e2dff1585c699b,main_screen
ceb3e1428b97a8243ebd712b645e454a,own_transfer
2f6af56b96dbd7505a62bb2832440780,statement
e78ab9d613e337cc38ad52e48c68943b,main_screen
13200b2fa9145f0b391203a88dbc5433,main_screen
1fa72429fb1ceabc41aad0605007f471,main_screen
d0cba323898c63b873f68c298c45131c,mobile_recharge
161af136b901f2accd02195811b92b00,credit_info
a1152300124c211414214a4e86c4d824,main_screen
d64be1d40d5be368b81ca8b462b283d4,statement
1c97f34258caf35c8a1e4ae443edc099,credit_info
332ff40c3c310261ca7fb364a0e92ef0,credit_info
d30bff571a600fcb45d3fd292526f6f9,main_screen
467eef87fd1ea205b3d822dcd3c5f8b4,credit_info
15ef8f917427e1d1129ec6cfc3cccaf0,main_screen
4ef10467a9daaa64b5234655b77d261c,credit_info
e6e610f99413c65341d8e4cfbd19e4c2,main_screen
2002b079ac385ad201351787339ac75d,main_screen
befae70cd7cbf1fcd3803197af6ad829,card_recharge
b628235c635b5a065d51757dcd123ee9,main_screen
439aeab66ed9d8da218288b21596299c,main_screen
891e953a00fd8074ecc5cfd9ff222863,credit_info
29de1283bdf635ee558e90efd645e6ba,credit_info
ffd7a7490bccbe6ca07a2374a920fa71,main_screen
a7c5e97b37d6a01dc088cad667daadb9,main_screen
16dfc9d5624e30595c14bf3771b869a3,credit_info
7a1edd2630158023822f9691ee4aa76a,statement
3d1b5adedaabb458f6e55f54003d2c3c,main_screen
3143ba08e04ee99277e1ff1222e64124,main_screen
bba8619490abb408808f26b2fabff91a,credit_info
9897779821a9645913db287f55e7d026,chat
8b68587f0db3aa64f40330fd0f784482,chat
2b1a32d6f8a9d9d5f673971962f23bad,main_screen
ea60cd450b695ffd03ede4033e4c35b4,main_screen
d285b64c0deb31cba20d4fb439546055,main_screen
cba4746e3a2fb0f282e8e7b463f1fdf2,statement
12757212c76ab157d2fdc1ca929c9c0d,main_screen
d3c6d7fcd8ade866588ccfac5026328a,statement
fbd346c7c1cd56995cacedfc77b7b581,credit_info
5a8543b4155eaa65964e85015db3da6f,credit_info
bb239bd419eabbf45be70a159044b52a,main_screen
ff012b494fbb57407ed2c4ff58b992e9,main_screen
9830ffc9f38c27968edf22128cfcb410,main_screen
ea96a80c217f68d5710cd23411947278,card_recharge
c84a7a7fe0a5a9f8f0b236d7b1ae1360,main_screen
4ec3afb2ba66cd3480910ad256b250c6,card_recharge
f4bbcd29cc733ef831a42a00e2570077,chat
fd000abd7a58c33311dffbd0b44fa479,mobile_recharge
2eb54235c9c52dd47f7720efc442e5f3,phone_money_transfer
1dab0d77552364beea0d321948543567,credit_info
29082f09be29a7d0997edc4781a45ca0,credit_info
573e99151d5b7b89756eabf7fa0faadd,main_screen
dccc1947cc5fd96636079bd49a50f202,main_screen
230d365642c36ec86c517edbbbeb149d,main_screen
dadd6fbbf9c2cfebc4847a86e337a1be,main_screen
26876465339fea4957edba01daf77066,main_screen
06bfe6761676ceb6c995df61cc6db110,phone_money_transfer
24696bf51ca11552d7a90a86ea7c8db2,main_screen
e74b2c59e48f661e5c5f73950c176d1d,main_screen
af82f06e254a9135558aabd8891faa3e,main_screen
cb67ec636278fa3db9775ac1a3e339d4,invest
6c021e506b327d8d1e28e9f586b8e324,phone_money_transfer
984640007a79ad0b64100124dee5825a,main_screen
f31d81d6dbd64463d1bb5e625533b99a,statement
022ff015160c0763accb5b0706f71eac,main_screen
1b514305829d37bb1a28d667f5f4fe46,main_screen
5952b4fab654073610a91159310e5844,chat
c121f6875de340d29c7b8f91abf55864,main_screen
ac4a3fab52b09dda3c3268b580c9314f,main_screen
7f6f2e0e4dc32931e3fb53b820109b54,main_screen
e017f213de6553482c78e2ba76ab78db,statement
bb9000c348059ee69d21f1061e5f0a62,credit_info
3bd656bd20855049746426fc9e967dc0,credit_info
f738834cce2399af1cde9bf8141ceb9d,mobile_recharge
d507041c54a775256877fba8c7c261d1,own_transfer
a6e3705000f340fc4cbb2670b68e8f5f,main_screen
bdda130d2a2f00b7fd96b3c89820a454,statement
1cdec008257123a27510172dbd172f09,statement
2e68d9693127c2f610335cacc0098280,main_screen
7368bf8f2f367f2df2b94d6efc0fafaf,main_screen
73c36f956a791fb3f101e2bbff544566,own_transfer
d183c362e1fb545da71bb23b31c5d793,statement
730c936eff8e86c97dc59ebd6aa57476,main_screen
dd5dcd39e6eb0a9e694f2e597167b8c4,main_screen
89e534b73f970c8cc8e0ae0f185a6056,credit_info
d85e0f0d9e157aeb69503b9764ad80ec,card2card_transfer
9a47147d42b864cafa3556f3ba75cd9b,main_screen
68c438f6ca9cf9e732f8e40acaf042e3,credit_info
da32dd0fc0eb18ef3d7c85172947b708,main_screen
2bf270eddc6e695236e942fc0c3a9b26,statement
d0246a42189717a1b971bebcffc24fdf,credit_info
3d348673ac7c43b7d7cae1b71ce2440f,main_screen
eff19db6a8fdffaad182fee6cc7a5133,own_transfer
eaff2ec9b9b44d76969f6b07b165c477,statement
96582f5ea9873541dc26bfa29fc11955,main_screen
bcfa05cb2689d90a6dc1cdace687f8da,mobile_recharge
3bb7c382a0e5ed15f4209646c0629ee1,chat
1859e51c5f0172c8c5491cf3298098e0,main_screen
ba891dde9d0848fa0004ef3f8d6db3e0,statement
806f8f12196baee7ecf1ed285767e502,main_screen
0069f1a440f8ba621c98d7e5cf60edcc,mobile_recharge
dd4d4aa16ce9159ce8d27da3d2793bce,chat
275a1c641b1a125d6e7050eb1bd84927,main_screen
07aec29f1c3426789eac82035dc7ee9d,card_recharge
460d34cfbfaf53d198e9a1ba0cf029b0,main_screen
d1b25b077304f511bce33c4df12a0d7d,main_screen
6063f2c452d8595bda294c867e090f5b,statement
e6c83ffff906af800b5fed05385334b5,main_screen
74f3739cf44cecb32a8c02ee60ff7776,main_screen
dd6b6d973c298a5d532c5f281bf29960,main_screen
c9050cd35d79d907490bf756d1f15438,statement
0f3a7aad62cd68d735421625c2f6b980,credit_info
61780185d36a2cf746d13231883044d4,chat
f3e9d8e20706b40b216a0bfc93bdf23b,mobile_recharge
3f8f63dcb10b925c10e9d2d80db4e2c8,main_screen
cb692f9709fdf2323c3012e7494e8806,statement
3d273bfee6ab4e54317a35eed9530ad9,own_transfer
6b108802f97820fad2753baa1070e240,credit_info
b19c3a79c0b57c277de34c8e35cd8a0d,phone_money_transfer
1dd64572bfaf517899dfe3d27ec99bc7,main_screen
03e30f1bcec80d02dca03afd67b63460,main_screen
c4f2b99b7be427f7d317d4c894abb577,own_transfer
7db5691e1db7c7cfd85b41fe31ddf9be,main_screen
709a92f27e25619dd848ee92b3045c3b,chat
5ab18dfbb45bbb1adec54fc78a7a3977,chat
5c1cd1606daf0b6bcedeb6d776ba31fe,main_screen
637580e71de6c8f8d3c0c1c6eb0df08e,main_screen
6fe9ca44862980a5ac0b6c6bad456b06,main_screen
3e0be0252503e08e532c1be57b2d3db1,phone_money_transfer
6e0ac04e7f76724ec2ce83f0ab36e2f5,credit_info
6dac412c78aa1324b120b4797222059e,main_screen
01d4a144377d0a010c687cb0afc36b1b,card2card_transfer
40fb8e3a08533a6e5b39eadc111bd3c6,card_recharge
2d619436290e693db565f8bb49de443e,main_screen
b95da3ea3455bc8a65d158c62e505b7b,main_screen
7872f31b5d561d3c1773d5a9cc1b19da,main_screen
a6ba21c7725e31c21a47a0862d7a2c11,main_screen
65227a7e31a19ee2343f9f66c339ab3a,phone_money_transfer
0924e13697fc9eed3e30b4e8e93811bf,credit_info
6c58aa9a7ee4792f144696433294b1b8,chat
e3ad12a06d0d7ed1a0d188239b6631d9,credit_info
fbcc6696a381427f68aac09bacc4f1c8,card_recharge
f04fdd34ed6709653ca06b788f14518d,statement
a23c00d46032a5ec650d46143f13d121,statement
9b0b77add0bf2de625c4c0e086cf3e3e,main_screen
8fce74591841ba13108ec70efe63665b,credit_info
cb5842010dd6344c9859e10f0b582060,phone_money_transfer
4aeaf2826ce02458b1ac941280be50ce,credit_info
c59a1c856876dedabe8557a61e300002,statement
b53d8fd71ad56db05b584e364f00e73a,credit_info
cb9497b4f2df576ea0fe5d23310237a9,main_screen
2083d9a75785af33968bcc08ec93ee91,main_screen
e5fbc0102c7b1b0d9af216fff2f8ae73,main_screen
da82e2aeea977150a4253f50112e9269,main_screen
dafe72e90c079cc62db664243660ccab,main_screen
21d0a5df13c4d7a9eaeb20ec2b7b3358,chat
8bcafebd8f6aa75765b97c503cb803a6,phone_money_transfer
b1699800eb27a650f21030935004f90e,invest
bea0bce88f6568f96597bd9f25b2a4fe,own_transfer
55392505e597182465af864491d44998,main_screen
147ddd9e37fd72e5cbf84e1479f4844f,main_screen
1533f43efc5d8d69630e338ea1464cd6,main_screen
3d86e54da0d46e6fc4efec5b95cbe8c1,statement
1de49987a2afe47e1f66b0df26f1d350,main_screen
86e7f3f62b1c7ec8a04b3dc427b0fce0,main_screen
49dc4d2bf31827bf0e66ee8ef5739f9a,credit_info
e90f5cf8b2b5ab530c1efc2587ab493d,statement
c27ec7fa8bfcbcefb41f67e48242074d,chat
c3441b171cc4dcaf50d8b83112abc14c,main_screen
cf223b98e85b3db9fb8bf7ffca711387,main_screen
a93d0ec2f597950d8f9fb8b5531decf9,main_screen
fa65f0d19f997a77be7061351910fda9,main_screen
8aecaaf1d00eedef074e4810fc22f17c,card_recharge
c4645e3a7c92dc5b19d8a47938e1b9ef,main_screen
1779aa2f48e292ebfe3eb06ba28900ab,own_transfer
eb6165f7bbf68036508d5869ae97bdbd,main_screen
a99c22717131dd9db1d73372427c206e,credit_info
9ddaca5845ac0953ba08094066de10e0,main_screen
d0acd47c845726c36a8c3c23975d834f,card_recharge
2db660bf427467aa4c3908f2a71ac8a4,credit_info
df62df3726de099db5d4b5889f055099,credit_info
38b353b72e3e0b914d77600e8ab8fce2,credit_info
f2699b90b8486f4ff06d0cf20b27ab00,main_screen
4f37050b2561bc1fa3174b6ff809587e,credit_info
e4e2107007bfc869107ba3c19678532d,main_screen
64de8612452d993e848b1294ddaba854,main_screen
fdb9735cebabfb3a226e79970f5f9d6b,main_screen
9c5a3ee68fe661920fcda1f7eb2e609d,statement
8524bd1180cef268295fd7640133392e,main_screen
220325044e96b76c766f797e3fde5c14,main_screen
b1c4f5b63f3506840939cb86763871f9,mobile_recharge
57ab6b1e11f9906f5bf1424e46db5baf,main_screen
7744fb718ab004494874c102e32aaa85,main_screen
d5923d299fe25801424b315e5d13c785,main_screen
7582abee1f1ad62d4cef5a5ae9fcaace,own_transfer
1ba130a11548a6163d0c802ef80d8931,main_screen
6fc47bd8d5ca8e1283cf911a2cfeb2e6,main_screen
74c3fcd5d2f575535f685fbf08d0f853,statement
c27c749538ddf6227a919aa367ba3d39,card_recharge
416576aef6a46bc2009817367162c8c9,statement
dfebec409080a00ec7c83e269df57f1c,invest
710bebea156f1f85afd1e5edc1675a31,main_screen
24f2efc2342d8265ad3c127229f4950f,card2card_transfer
946d4d69b624207493ef9419f19543ff,credit_info
c0fe444d13d4ff59fe3d9e182b5e349f,own_transfer
5cd77067e6c3042ae21d7fce437f6087,main_screen
f9bf2092b2e2404a3de8fe55ecece2ff,main_screen
8a820d4620d44d705d64c09c5fd7c66c,main_screen
8fbe969b2bb2a6ddc5a75df0ae1a0190,main_screen
a6ecebf0b19c93409c34cd31eca11dca,main_screen
2eb694c837ebe971415fa8ff6fddc1fb,card2card_transfer
b580a1d12f281067f0817d573052c47d,main_screen
93aca38c463a72cfeb8f9d67b0b68a06,mobile_recharge
512689c843b390b5aeaeeb5b8573dcd7,statement
a664a59ae9ab65e000b93760e44dcc63,main_screen
933f32de3b876ba598383ac6596be5cd,main_screen
fae3a832aca4f5210befed1c15ff709d,credit_info
6fa953b7769d55ef49dffb80d7e70de3,main_screen
0a3d286b4d932be5a0bb33d52fcae15f,main_screen
29444157006a7e17f2e908990a2718ff,main_screen
fd33b123a999c7e689036ee8a4eec3cc,main_screen
b4aa5aca996aedba9d533a1de5a1b2b1,main_screen
e95bff815b823fca86d175c16e97712c,statement
ad120c6118c85204a7b39c373ddb1633,main_screen
81d2488f2aa0185283729d5c73e2745f,main_screen
a1be1ce9df125524d27ecb15cd54e506,chat
5a8836a473df16a0e2567560c4933d46,credit_info
3947e91a47a3125a4392b2d73516b40c,main_screen
27aef13c6f31ee4813886e9de7054a8b,credit_info
273b066ea8ed7cebfabd5fa08d66554c,main_screen
9168263c5d1091441a5d3fff7888627d,credit_info
594794846d9d08c194c626ff32f8ae24,own_transfer
caeae861e880b8facb5be43d12a01a59,credit_info
7d44175c580062f2b74a2c7b40f03344,own_transfer
74cf5675e7ad4ddc685c881c87af97c5,phone_money_transfer
8300baebcdf8aaf439a37afa5688ec1d,credit_info
55ba7f882c43e7edb46b025e105ccd0e,main_screen
69b096165b0a610b8ae1bf41fbb0cf1b,own_transfer
85d571da759a3724b045c99a0f60cd46,main_screen
15a5cb43e8b4500b308963af5f403163,chat
e5c49fd0c85f956a85d9333047cb9046,main_screen
22281c03fc79a25829cc197f7a2b72d3,statement
14fd7f8a65f44b1800ff5858c059949d,credit_info
0327ad8ed329194c5d806a3c2881c098,card2card_transfer
70c17978c034d80a99e24e792f113b2c,main_screen
fb3912aab03c44b872fc9a015d58ee58,main_screen
7067818e5b268d4c70acbef84e70dbaa,card2card_transfer
67ab7774cac840b87a9066396eac66ba,credit_info
0bf5a60da38584a64f8440efe1454707,main_screen
fd6f26828eee593679ca2d0773496098,main_screen
c3ffc2fab5a9000f6ebf1b0140303203,main_screen
ecf6df2067ae309d7055190601371991,main_screen
5975591d1ed93f33744b00b82f27d08e,main_screen
2532d9c55fa29e32c95d23649862754d,statement
74ca024bb4ca9568c48cb839435d9bc2,own_transfer
ccd4f9e53fd66fc0400978f95169d74c,main_screen
c7cfa797143854dca2e50181d13e9256,own_transfer
b5e4e86275df21758ee7f6d800c54589,credit_info
783ae9abc93650bb27cba4e6fc52ae58,chat
988ca701c27e7425b63608f1b56c68b2,statement
b5a8f326ce2239d18c201018333f545e,main_screen
9f05abe0e66e2b03e1147a1873a07006,main_screen
0f7138aff20290c55a204e5a5585458f,statement
3d2279179ea5aff982d144f9894849d3,own_transfer
e84d6c0bd2672d337c0f30728ecc91d7,chat
9786307fe922a397f8d055424b66a681,statement
ed6732884b841acc655ab680c09e4d03,card_recharge
e9dcfde4ae7fdf8dc1cc74a7d86f02ce,main_screen
cd830ab8404971fcf2312c8c6eedb392,credit_info
c2a9961ad9eb5d324fa7d796495bc474,main_screen
9d95c37634bf7df0963d21b0e46502d9,card_recharge
569f8bc216e552729668946ac591c679,statement
a569236b78df58415518ce64e11e36a5,main_screen
4debbb430091936ea6974ea1f87edd3b,main_screen
fc87c33dd8a182dea33f8173ba2a645e,main_screen
8cc144b6453ac7181b1dd07197302fa9,main_screen
135c4d3b04028f0d61103ffe9146e5cc,main_screen
b7add3eddf4d76db8d540b0b14efd17d,main_screen
72ff7022583f4381d0c672f26545526d,own_transfer
c2865f7a64ab33927bb45dcde4f01f5a,main_screen
fcbe5d2e4f9101b0ab6320c4cc98a049,main_screen
171e1cb01d075c959e243a845fe11587,main_screen
ec4965bebd0373db076fd9987fce4dca,statement
962163ef0611812cce93f4fcce502c68,main_screen
26ea00c20cbc7d029e3c0574b48ec3e6,statement
a821bb50af0a6257d56b618ef81df251,main_screen
2eb211c8c36b45b048379b7b3c0e5aa7,main_screen
7f72e04ffb4455ad9d0e94fa3c9efb36,credit_info
25e931355a81acd9e883de313bd387ac,card_recharge
f36cc07e90a1deb1b5373aad75b06c52,main_screen
e37e078b1d28cb2f59efb86a714be7b1,statement
cba0ebbfa53499494f042578d63d6eb7,main_screen
8fca8d93f6424ce0129588a296ccfd95,main_screen
567f962c97bb239bccc169ca4f725c5f,main_screen
53fe704b91877465202570cc44f5405a,main_screen
dbd99c918230329bd94e2178f2a34437,main_screen
b3d84c3808af81dfcabed589ede8473d,credit_info
c893cd4f9815f6bb8f3e313bd6ad9bb7,main_screen
93882a6852a0dece1f6f866d87bfcad1,main_screen
220e15d569095c29f57181aa89aa497a,card_recharge
6ee48d4bc0fa5eeb5c726801a0268785,main_screen
ac426c51fdc081a26a1d68d916ef2490,phone_money_transfer
dbd9c9f3c727b9c306c670119a1bae25,main_screen
d6176fd054e18f5e366925ec33b8b16c,own_transfer
02db4d5139470d2d35c19b085995251c,main_screen
4d611dd9fe3fed878e6195adb44d39aa,main_screen
83a7fb185714d8a7a019019e10cd5f32,statement
c988f3cbb08973d45c8fddf2453c7494,main_screen
3e7c45d55e8a816b97030d0a63336adf,own_transfer
356cac4bbba4f314b3bb1bc68ea9c705,main_screen
8ea76e3ef23bc5384e20bd2d14ce81b1,main_screen
73be5e11ed0a5382efa1ef1dfd99e457,credit_info
9ffa7c3dd41ff07544246c9ad292be60,mobile_recharge
b7d18ace3a776b2bb35d64fe1ec8e33e,card2card_transfer
e2c8d1aaf378fab0fa1ae5ea83aae730,main_screen
fb0089f42b531ad560c1138077da2ab6,statement
521947f1401ca62116dac0713c58f0f3,main_screen
6f76cae65652e3ff078e619d95d5751c,own_transfer
f09f56f0a56e448849c326198d0fa18d,statement
128e41273d2f74db9750022560337d03,card_recharge
0d9e11b91dc8c0c203b253aa5a916d06,phone_money_transfer
e67f726203b24641f8fed4e86e337a4e,credit_info
412fc5fe17cb1eab67ee4d9c1646d0f8,mobile_recharge
b63dfc78599eab4a95007c6d86238358,main_screen
f8a01a2342df7eb5bf75fac0e6b9c0ef,main_screen
2b3c4c3bd73f1ae91c4322b75742be4d,statement
3986da03d50194ae92242b0099a139e8,own_transfer
4ea24acf3a370841dc2216bd47392ad8,main_screen
637b5bf4a701a416bed30b15027fecc9,credit_info
1669811072ee87af04cf06937862e0b5,main_screen
52ef33ba4470e5b088af12bbc3cb6b77,mobile_recharge
a41fb320303f2cbce20fe2457f3bfe2c,main_screen
99a89af91ca07f891894b9abd51cb5b9,main_screen
f82f81f6f453eb9fd80356769982e8fe,main_screen
ca39b7607b663b53a31f6ea61ef13464,card_recharge
f6b1f5c32828d163c8ff43285dd5933e,credit_info
a361f1f80c4dd497d49ea286306114ce,credit_info
b509302053526951571682fa2e018faf,statement
b31db0b929ec01500befb4c2fe27d50c,main_screen
d72bc0da1ea038b77e1c8e97471ffe95,main_screen
26218ad89af616c63fd982a795eab582,card2card_transfer
6e48bfc40440d95dc3f3e3ebe9ec635a,credit_info
2597b6fd6784ad83b16ce7310bea7c3b,chat
7f98e8d400030d7876023b9bc83fdd99,statement
3fd0391f115ab7726dbb313d8fe9b716,own_transfer
510846ad1ff295ae7db40d3ca0f7c19e,main_screen
4a35b11e036303987eeb7d4e6e63a585,phone_money_transfer
ceb94d55d506938ec1d1195112477009,main_screen
f2a1d62ab9f6cfb3d4ccd38d9a20a06b,phone_money_transfer
3034f3be4bd53213a28071b4937e029c,main_screen
253afcc0c115633a4765bcad2f58a7f8,own_transfer
0d233b18d60f27b2a6d85c506659f44f,main_screen
8524668c3cb77e3d31b8f25a213b3dba,main_screen
3af527150b7d61834272d60c7eb3cd2f,main_screen
cf24f0a27b99864526381471f46d5cd1,main_screen
f25d2828b9bd5a7bb84e5ad563227dfe,credit_info
b503ee691b393f630bc96a18bfa6ac5d,credit_info
771b5825494a11e7a698c2118f5b43c3,credit_info
aa94568567e5f4fb403e8690e9a175b4,credit_info
d07a03cd3300383367d3f68a605b7641,invest
863a6a8356342e4e9f0ed0dbef2b9f2d,chat
909d19293b1e33f2c2aa65922a551907,invest
fa588ee646c09ddc7e4fd1c1a3787d83,credit_info
83cee6e21f8dec8fb2f061f8b76106c3,mobile_recharge
f7112ac54b6bb7a321cd25fd45a5df77,phone_money_transfer
2dca270ede4e7ea75d05b9a8041b7cc8,statement
6c6145f1f945ef7a559bb13eb5486827,mobile_recharge
8c7e328243ec6ed3a66957fc5bc8a133,main_screen
e636c39da4eb44531bdd14dcd1bfeadf,credit_info
16784204765794ef6b25b7ae4761eab9,card2card_transfer
ea22d92feaa6a20311f1fd8f75742d6a,chat
8215aae4aaa5ca63961ff84c68f472f0,main_screen
7e1bb2f7fdbb081783cd9ed3d21168e4,main_screen
fcaf3994aa277f37c019b611de07dfd2,main_screen
3e54751cf3c8e21e4322b237a6bfc80c,main_screen
d949e32a9dbd16d30e5a587ae7808fc4,main_screen
f2b59be9b273a0da1369320fb7a085cf,invest
c254314313f8a36bd189603360c0a1f4,credit_info
50077f8fabcd2409d09361552bd72f1e,main_screen
97febbce912510c64270b8fab6fb5d22,main_screen
b678b04be578ead790b5a4c71c44bc8e,statement
11f9dcb2d6ca879b73bfa794e8761f67,invest
b9d387706af2f6259af28b2a3ca23fab,main_screen
b910d5b42ca9c8357bc61755bceadb1b,credit_info
39ddc15bcedb4ca8de50d04960065f38,credit_info
7cfe56a5d8a4c81d079183641accebdd,credit_info
aa20e7d23cc1c413b3f5b53abc9e5da4,main_screen
92de695077dcb4ef8daf6fceed4a3969,card2card_transfer
57348dcefcacdd61f9ed8a4c7a91c181,credit_info
75132fe1d9eb06d83421382f3714b961,own_transfer
786da3f8dea21b5f844bc1a71b24e4cd,main_screen
bb3201060337a8b7c6cabe6e9e702ca0,main_screen
284e8ffe4e9bb0635516c92b481f2429,main_screen
e001b67f38a6eb97ebc36af6849b01a8,statement
30aa23188dc6124639725c64e168324e,chat
e8ff45dc16c22985cd9f1e5dfacf4dca,phone_money_transfer
da42eaa4e2b28344ab40d884c4214993,card_recharge
9f1620694bdbbb20db73b9fbd7f2533c,chat
9995580a2271dc5b70c2747e4e18991f,statement
cc481439676970499dd2d00f99f629c7,credit_info
602891da1ea1c21af61a8044115c9a42,statement
3c60104a42206e5d9a10fea566d7c617,mobile_recharge
2defda8a4326057b9a8d7ae0ea0adde7,main_screen
6840b0c808598281127148576d53293e,main_screen
86b91c4adba16c10e7d20ca079a85092,statement
f246472115aeb502ef7ac3f2c761fa1a,main_screen
e8693cddbddb3013b49f9e6df20393d9,main_screen
4b0478113c17029e5d22b0f38915ba27,mobile_recharge
afd0f58d06a195fd79878af468022e17,credit_info
a5ed9c880a81351df2448e8b57942ee5,statement
0e8e6c645be36217dda45e3e33f589f0,statement
3e2cd29989904c7f231b73e120dc3a8f,main_screen
a8f423c184835129706e95933c182f15,credit_info
e4f0a46a1108bc8684bb4d0cc1e71bb7,statement
9e7e2b337e87669e665ee6221ffb0f1d,card2card_transfer
137b8300ee3ffef79c2ffaf37e2ffde3,main_screen
0aeda45e1e153146d1c9390ee4b0213b,main_screen
4587e074f92ffccb5add9798d7fff06e,credit_info
f1847f1a2d7606004297a2ed6d1596c1,chat
6ef656c2638606c63f73e4f470659dbf,main_screen
9ff2f93dc6120daa350f059e5c544bef,credit_info
2d9d68cb2961ff44358049f2ad298a65,main_screen
b5a688419203a19bcb64eca37a8d6c10,main_screen
7ed20fa0bcca048cbd422e78642542af,main_screen
de992df0797c1b3241f322904aab82f7,statement
b9d254b103baeeaf3111f4bea8ce3b09,main_screen
99188a70b09271e698c310907d0ab755,credit_info
ce04d2be8665c29989e3a5d62aca6269,own_transfer
979d6d2910cfd07ca25e25e3718c7da4,main_screen
b09afd60b78f13494ef29e3562f971b5,main_screen
b60d4386744cbe8e410deed5f307d071,main_screen
979822ca1b87dfbda277f985998022f4,credit_info
eafd5c31cfd92116463f7d892449f272,phone_money_transfer
be1940ec1964d57dd0a32e521f81775c,main_screen
7fbd93489ce12cbd4a426b8fe18414ba,main_screen
d309d9b040f6a31ad61111751b4ffba8,main_screen
796f207cbd75a414c08f789eda569dac,main_screen
0ee50da4f584d6d09e12ed0faff12c3c,main_screen
fec88afa9f3c699cc00ade65898d56ae,statement
df47b183084742ff6fbddaf603e2f4d6,main_screen
a4915c4c1c9b4fca97fa162655aabac9,main_screen
122e7bcd61890a0b33512ee611bf6c34,chat
af544d98aeaee9a8128ea90e2e8a75ea,main_screen
485055cd7b1d3e2817d3e6167fc0fe5f,mobile_recharge
5fca08ac63318e894a77aaf7dff2753b,main_screen
d289047d6b1b2ebb2dcb66380d9f23be,main_screen
4e4b1b4b6b33e1fdc478dcd355099ce6,chat
47ef13cb5e6e966975ad3b024d09fbf3,main_screen
57ffe62d6c877f8b6a1e7313de67967a,credit_info
3d2217715a34a1b4ab95ae5ad50bd410,main_screen
80259e54a9b5931a6ae5df7e74acb08f,own_transfer
65819087883298ddff7dd4acf9f8e18e,main_screen
73b9faa52fadcbb83f6824860bd658a8,main_screen
c910c99fad1cf83415756bc4011eded9,main_screen
5d0e3db8ce86a1c4a4ef76b4d2079318,main_screen
26fccdbb666bb6fa89bf6ffba3314fd5,main_screen
8cd7260a031f2a2117effb761f8c4331,chat
749016c82fe0e379a6535e953a0fc172,credit_info
890437f515824fcc9a8888567c4f781e,main_screen
b4090fcb3b85605e68acc4f0e9a945c4,main_screen
18819e3b75e0f1f99f06d0c2b4ceb2d7,main_screen
882b13fd385d161dd98a4b39598ed8dd,own_transfer
0e2c4685322535b0598bdb208c52451c,main_screen
603f10e0f19ceed919d1cc52dc3f9349,main_screen
4c137161a235ab05bcc59307d67e88d6,main_screen
0fa8cde805e86f1113341c501ff71c22,main_screen
98abe0b4b1e0bf03895eb3e0c4bf9f09,invest
6ef390bb189d470948ba8fb8d9a9b0e5,main_screen
3dbf15d0f68538fcc85a182c496589e8,statement
f1e3346e24f87b824c0e2b8c1eb4f217,phone_money_transfer
dea577c9a3ac5706111b7b5217db9696,statement
043bce7436932f3cd89858aa135ade9e,credit_info
5351936253a7e47688eb11a7967fddc8,main_screen
7461e6e09cd6638599af10d0840167d8,main_screen
80baf3beca0e469633deafb70e84bb2c,main_screen
6020f48899702a1d45fa814e02621973,main_screen
cf8bcedc2124b023a0212ee449fed4c7,credit_info
de7fee997d8256d55b68b621f8be78bf,main_screen
58b216e062c1f46b4382b732f060456a,statement
6b932a905e5151bd6be9befcca9e922b,main_screen
5e8400eb6be394153c3524c88263361a,statement
287a6b7fc8d6e15344ff0331482a20ca,statement
f1209bc30238837659c0421b5c492fd1,statement
3033a278b0323f459a0965d5546a8603,mobile_recharge
eb2dca117d3861eeb8fbccc677805a7f,statement
76341fcca3253616a061bd05f0baeb65,credit_info
58d0876702677238d7b04e23fb35d965,main_screen
ff65c9b39121f313d07edb8fc1dd0974,statement
ffe55a7fd3880df211a371c8ac7d79af,main_screen
53caa7189f8235c2066b7b933d9b8ee6,statement
267f02d36f28f94bf7b7602f561429df,credit_info
b593007c884ef5d5afb02659d58e2a69,main_screen
79634eee6e68c7c410c5f27e26931c7c,main_screen
1120d30d1eebeb022c2ebee925420ec5,credit_info
ebd9c72a70e108a082c5b8c46db9e5f4,credit_info
dacafd6ce34642ea40599aef9f3d4ef5,statement
635627092b202ec9c5d25ba7a36ab46c,main_screen
84bb6bfb39e499c69f6c881944f792d1,main_screen
6212d018323a3d0b53cf3d8152a08239,main_screen
0a38e2dcdf16ccd2451f721e09802acc,phone_money_transfer
03e229171879498292cf9bbbda3943f7,main_screen
6c9169c7d9419e9f46625118f9404788,statement
2a9fae2f7d579680637f305e6f68b1fe,main_screen
38cd952cd98c5e54a2dc6d11200c2284,main_screen
5d29fe21dfa3c2e69a6caa8aeb412219,credit_info
cb7f5bcb09a544b80e3b8aa5a64fcb2d,mobile_recharge
63c297f90d3d06884f035097032f8ac8,main_screen
0b1b984d6d653e28ec504d52c7877d66,chat
e735eb29dacc03aa6777f3e58d4d2cc1,invest
f39678881dbc4b5a7197fd69c5e4c9ec,credit_info
41974cc82c3c8bf9de644e80ec8d597f,credit_info
835dcb25cb8813adfe5908a632306f11,main_screen
24abb93306d4c04e96053f8a827432b4,credit_info
2bbf60bde6b8ad159bfd3d486f4fe450,statement
13dd0756a9e4d3400b9a303b693c923d,credit_info
e190781c8e07b3f642d3c98ae537f06b,main_screen
20bf04ca9a275625d852fea9b945a9e2,statement
17aa94e657c774bc7bde57a4631b6939,main_screen
9104b16b3f8faf512f8fc46491fc1f81,mobile_recharge
bf7f63d58ba203defa2716774a025508,main_screen
592a37b493000fdb7b0599b74282a9f9,card2card_transfer
df0f0a5afd529d7087548aabbdc004a4,main_screen
3f1b33dcd8c3d79a502af89367a235eb,card2card_transfer
344c06dede06ad19c06343d38ad37e29,main_screen
ef4569cb944e8c0a6743067261365ec5,credit_info
f0c26be93bfe62a85b22ca699627a4c7,main_screen
c440593b52e71ba94a860bbdee0a0ad2,credit_info
1a7891247f0306dad665dd0aeff28db8,main_screen
aae8255a700642b288addd898061263a,own_transfer
0264afc7730b42ce12926727da3474a0,main_screen
135d2906768a2c8f1d178c78af4e512c,main_screen
fe49c28e006e11a5a6f28954d0465355,credit_info
52331a894614d9f934838e694c8c9e50,credit_info
9942312483b4114318defa9315c2794b,credit_info
7fa98f716bae3e1fe199311c68e1b82c,own_transfer
4597371ba3ccf93f7cf43abc746dfbf6,main_screen
d04f21431ee2521c6800cbccc7fbbff5,main_screen
7df952e5d2df9b9c0188a4afc33e1a02,invest
05c2045c563d4da657262bb201df90e3,main_screen
fe891320293efad84f4b31b29c9d2744,credit_info
51d5b76c52d170e5a699b0b93806b515,statement
d420e833f70aa420e39eb8379bc4f3c1,statement
f20a2a7ab3474a5ef71d059696d3fb80,main_screen
4e4b0db2903483cf27de8072d48947b9,credit_info
997fe246dcd40d98a62016952cb2a9d8,main_screen
a503353d846cf3ba187f45dcd10ff36b,main_screen
39124d481c79aedff5a39ecceb9e7b3b,chat
12c32bb6141e3f8c68b4edd4aea381f5,main_screen
d040bd7dd238a1c3050eb40e1167da9f,main_screen
e34798dd77805bf61d053694b53c1f6c,phone_money_transfer
bf6db528b483109d1fd3eda27081dca5,main_screen
a7e2135859ce1beb330ce50a96cf2ad3,statement
c13a2b8f5e29c9c92ebf06a17673dc52,main_screen
a063192dc2233d7342f262d391da2783,main_screen
cc7fdc074079ba7858ac7d70f5f6fb41,statement
5ac18dfaf28e9ba97d1f947872b77c47,mobile_recharge
f075cb8e77fb2cc71a57b3c21e2290b4,main_screen
3433fce7a2f377370e7f4a455963f989,card_recharge
ca574200dee5b13ec971350a52880108,own_transfer
a69859bfc00961ba813075684e72dc93,main_screen
0dc9264c161ad62e89509ba41c595da2,main_screen
2874058167494e4b51075ba87fa22fe3,credit_info
b4f22576e4f0141c3e21f9e438deef02,main_screen
f17b1ea2108da0e09df46fd3faccff00,main_screen
017411b8ecac52fca3bf37fef28ab00c,main_screen
a01e2d4e0f66a94817f9039761e52b9e,main_screen
fea188d612f2824bd003ee150f1fc5a3,credit_info
47e5c1878d1fa43abf30641943f56b6b,own_transfer
623698112b1597cdd88e65cd92341141,statement
d9fc8b25981caacc129101b331bfb190,invest
d2e3f8e3bf847465c15593b7a26c3e7b,main_screen
8f09d92d8750d770d983fa99ba26c530,main_screen
c2b7e5c2a1522d982eaa4035e57c1034,main_screen
2be6dedcf54addd446985a7125d4f186,main_screen
76c66642e5eda4b90cb19bcc96dd35e1,main_screen
93c4a230ebbaaa1ef65aa02fe93f6cbe,main_screen
f289ad2ccb665c747abcd0eacceb9f90,main_screen
148c89868efe8cc07a0f6b05b723ca94,main_screen
929f9256839ff28258513b3c64fd81dd,main_screen
961a83a5406ab58dc51538c2486eecaa,statement
76f563fb5d83b6661a6df6a206e3c12f,credit_info
be7104016129350c4b51c5f64140e32d,credit_info
09e649617f4f679b2f027b24563cc871,main_screen
0ebbaa513d463b572857e414e84504a7,main_screen
0a18f0e44cfe0cfcfc782e5f8382a929,credit_info
a63c8e19243494abb31bdaabd3949a30,main_screen
96cccf724de9208768bb9859818128dd,own_transfer
1e0595d2656d5e2df57578cc48351eea,card2card_transfer
6adfb0ddb958c1a799747c77f67abe92,chat
a2286c90930e0f4cdc79bbbe2c40d930,main_screen
2e4752be200289defd521cd7ba88e658,main_screen
14b0083c93f2bb4b09a67574fef106c7,statement
484fc2b1a7039534fc55e355e5340449,main_screen
e892c4e91246dcbb9784841d78a3c494,main_screen
df4bb45070be630d77ca054e3cfe2a5a,mobile_recharge
6b4321556237161d90bd172ff999daf4,main_screen
2084eb4282c92fa9440b63d175dcd4ae,credit_info
a9e7dcddd069158ca3b9051b89158906,statement
b38393e25c363c0533ca416ce32df402,main_screen
e4298d42f1fadbe7af94ba1044304d3a,main_screen
bbd88fc18350d519a67ceb28cac1160c,main_screen
bd5a3affb743b444e5ae7900cf5de52d,own_transfer
489add2e4c441cc3c30aaccf0351131d,credit_info
5139f8f9dac9161b08e5e386971e8c91,main_screen
1d6fcbe35e89e17373ad8ba913e7b543,statement
87421ac341817c964698b8c891b47ebd,invest
ddb9ba84a45ef3c3012fd9e882e0f9ca,own_transfer
60bbc92343d1318d24888c32e0c75199,main_screen
abc69fb13db77f02ae88fc0bd92b9db9,statement
c28e9c3293080d53c142248b66043c6f,statement
7b3e1c7497eae135648c4e36e9a8f23a,chat
d9b75131d6593eb1a3b24d28a376715b,own_transfer
e82b31642e9ecf704dec85e61b34f665,main_screen
29e10010591705daa2598561d9b72fd9,credit_info
5ae86dadd94a16f6c10c40db4577fceb,phone_money_transfer
de4e7bb8cdd1fb3d568f9ce7a7d8ffd0,main_screen
ee91be8ca331ba9c16fa33071438f515,main_screen
83fa50ae3ba2210a42a326ca558fa30a,credit_info
e26ec60f05aa03413f8f28133e2de39e,credit_info
2391d2824a254b484a541fcd0471d5ac,main_screen
6ab4e740ab356cb0d1ed953c24002ba3,main_screen
86970909a496307b01778ca5b702f6ae,statement
ee090b315af17ebd90c3f18cfa9f04b2,card2card_transfer
7f7033a8d48832a966b778a01802f41c,statement
0c08f0591ffcc9a88ad2413158cd8615,main_screen
f96107d7a42843e1184aad55b651634e,statement
0235a0f30d032134b4b88f62e6f2d776,main_screen
6ed11dfcb53142f9352838eaa522bb43,chat
76e0300583514a8b482bdcf0c1bd7188,own_transfer
e8237e99d952993ebe3c3838956c3e2e,main_screen
1ee1bb53db10f3df889371c0270e69a6,credit_info
a5f9eebb981e607f64a59fddf84cfd11,credit_info
ab5da91a635ac4cfc92d511658c65711,phone_money_transfer
2e65556317ee3e92767ca494ae160770,mobile_recharge
195de7e65e4ed06cdbdd7c9f0c3d6bb5,main_screen
e6f3777a59a0417e2c59bc5a86ed4a92,main_screen
c7696e805883ea8e1fd9e2199aa3497b,main_screen
95a0574f5399ab3670b6830bc1c1a3f0,mobile_recharge
bb75373b2e9e1b5b615584106a5b6ad0,credit_info
207d431d79b21040c3bfb9d26819917a,phone_money_transfer
66c43393188b7326cd180d2bf65f66a0,credit_info
e27d64d86ff6b78464b145ded9b38a3c,main_screen
b6ec580e47414270c95a8bcd7e9359e6,statement
a74efcc1be8fb7b9a600ab21a025d16d,main_screen
a6f7d31307bbec2ba328491f1b4c7553,credit_info
c515d426a8c87c99eb6bd52f5628f351,main_screen
b282c00fbb867c4f503486851e2dcdef,main_screen
15ab30ea0a9f201703f96e1c163e072d,credit_info
a4115335fd3f5654831cb6a244f36179,card2card_transfer
9264232182eaacce3a45edfacac5e42f,main_screen
c065458416d983619e223e84a3eb4a82,statement
52ccd3d84fc3fcab53d71e0c912ee9bc,main_screen
5cfdf788ba31ce46efa492c74cefeeee,main_screen
231ddd86d1b126842904edaa089a76a5,main_screen
91b397f5a594761b7aa6512d3117cd51,own_transfer
8e2e3286ec2fce68e523a6c025bdb01c,credit_info
c3e1b06cf1d7228e99235a3af4928fa8,main_screen
28b30bb2c9b240cdccbdca6822f0eb97,statement
fbd7422064a7c28bf3f397936294fe32,credit_info
24b9b2db1eb248dd0da635aea2160f29,main_screen
0d67c437c5dbbcfb2af8394ed232e3c3,own_transfer
650cce01b4bdfeff787d2f22982a7a88,main_screen
36e7cbaa92f97d99e552c86fb1bd873a,main_screen
8cbde6580ee0b9daf88653827d5f225e,main_screen
6929adffc77d6ca5595c50c1e1fb8dc5,credit_info
24b2c6289540624f35115cb3ce7588b0,card_recharge
f3c3ff0bf757c0da5bf85d77389abc2d,main_screen
c1ccf2cbbbfc3dc084b3835b98e50cc4,mobile_recharge
f4eeb0b0b79607fe0c8c90d52ccc4b09,main_screen
73f4ffbf9fb8a0e54d3d57a27cfb3d4a,main_screen
edf86c6e1a7274118b18c80b15f31b42,credit_info
b5a1e9edf21cb75f79fe2256e0caf4aa,main_screen
fe71c405c4c381f9d09ae9bb16b9f548,main_screen
d69e7c026cda425a5e97a4fb8888e4f2,card2card_transfer
01003c530cf08eeb4f2b32e17c3cfc08,main_screen
d19f415822be8cb3ea50092981ab28ec,chat
69358975b5426d98b22d903e6eee444d,card2card_transfer
ad8fede2dfb1d62e5194465041592b61,main_screen
5eff2d23a03ffcecb90203f95db47505,invest
820ce6397fa51e03925e8f0303c94909,main_screen
854bd3c9d6d85b14e453b5e9a44669a7,card_recharge
013586b34e89f4a9ac7554adfa70339c,chat
59934a91dfc1efb19e76d73ac5362f93,own_transfer
369f751dc245bd9d5841b63cca049904,main_screen
9360a7f7cd008bf1f6bd09b17738e83d,main_screen
559e29bf366a8436d334fc9a8144ab05,credit_info
075c1cd3b8bf3025c0614a043d54ff05,main_screen
5898e2f3900dc763f55960e501255279,mobile_recharge
3f37504533c29fc7e000a7871cd6e8ce,credit_info
3fa2d512b1058531666767ab35327b2e,credit_info
a532b7a2a7889f1263edaa4867875125,card_recharge
9a02a7ce39bc01537e0aa1004de9843d,own_transfer
42df48c12757c8f729a4931cc2ad5669,own_transfer
65f62db1cd5301813a74e697bedceb69,main_screen
425707d2dad8e776c21dcfdef160519c,main_screen
c3d1e2a74bd47f2f919302a3a0e37d00,statement
2221dc609fb7942987d0eda87baf768a,phone_money_transfer
448489c0a0692814c5394f8486ebfc63,credit_info
ea5e561ff2f69d104bd3b93deae5a2e6,statement
03cd5c9d392b897e06357967e5dcfed6,statement
d2218db8a97995e4e77f7d830b21505b,main_screen
b89321e66c08c8d0dbe3d669bee96abe,main_screen
4759ec04ec6856242e352cb6ddf1f510,credit_info
fba1ecc86553bb32e2e0f8d3d45695f1,main_screen
02aaea61abc2da40b13ec06ccad03ada,main_screen
18fe3182f7da15d9d388828c12d5cd81,card_recharge
35a4fa1293126f0431fd1197531ee1a0,statement
087f981bd26ac770e48b4e7a44145e96,main_screen
f97ab30d83f71bc00bcd44ed4ab451d5,main_screen
892a4bb87127c1aaf63cf2109b5e738b,credit_info
c7849932ec8e27637f077e4b3acf2ca8,main_screen
3e49cc1fd935dc3cca47d2de6d7a8c0d,statement
7adb488ff04c26ee53c19517b9e99dde,statement
db4ece8355c32bac04131f0045a3bd05,main_screen
7e418989b5200fa3140cb01384365127,statement
ed869d1f90db21ae7a1718c3ee556c03,phone_money_transfer
fdea75d8ce2c87dee4e96a454a832452,main_screen
eca618b0c8d16aa6e733f7f5e0699003,statement
ef62675f33de547688ef9edd065002e7,main_screen
adf7b6b9e3b92458e137f2c8589b4d06,phone_money_transfer
83ef56549bc4e6d6104ab732e38f558f,mobile_recharge
ca6cb66ebb7c4634434717ae44309c21,main_screen
0aba86754d280071db4e1702b34fc2a6,credit_info
b37b355c5a61ac0052e446f3aaf661da,main_screen
5efbd328533d99cd3d805ba47302f5d1,main_screen
81a0aebfbee54adbdc3789bef65a3150,statement
c37b8d68821483f554a4f69090dc2076,phone_money_transfer
336128c1769b937ed21bcfc5e17f3332,own_transfer
42ae5d32bc3440436cc06d4d829b2a01,main_screen
c44a9f7545c227d8d02b2ddf81404f54,credit_info
6cfbb14928df18d560d6ed9441e7f993,main_screen
d73c8004b0fe9a5d82d00305d9738303,card_recharge
abc96b89eb198e9ee39a45a5c9dfd10b,statement
8cf634b369e492e18fea3c70d541cabe,main_screen
114c5bc283d33bffe45bdca7718aca7a,main_screen
3f95049c281c7797b066f4022402ac4b,main_screen
2453c0b1b9af21151513bdc01329ab5f,statement
c0ea4285e61c43c0c4b354af55b977d8,mobile_recharge
b5a140516df884a73a2f34457bb4ce07,main_screen
b5c33f11d7f4af7eb43347d838032aa0,statement
dde46565c7cfdf019ff001a9b4fe5cc1,credit_info
2a8354f3b1a911523e7de5fff8e03b51,main_screen
382d83e639b7fbd1ddd9a763af336996,credit_info
b4ffa99486f463ab5fe6dbddd7a93f2d,credit_info
3fc000b03b99309a37961c012ed39a68,main_screen
d17b472626609f51b4c3349aa67856dd,main_screen
aa96f58dbb2a3de27a26f32a4b5d341f,credit_info
64a0d3f1a8fcfb7049f271fbff8f33da,main_screen
e9c5fee3bbb5e9f155798428861f86b3,main_screen
a5dc414dc7e64a091711ab45dbc20442,main_screen
ac5ff3cd965fc024efb30a67fe9f7628,statement
0aa52c99ddbb73a2e63b12d48225ecb9,card2card_transfer
5682ebb964ca38e949558ad92b8dc81c,main_screen
be1d2762c84df6843901f0d5d80c9f81,phone_money_transfer
cc01afef70b34c18284e173dc286acdd,credit_info
7ced22e9fd43c34e39135ff56247585e,main_screen
9d4cd700e46fb2b416fd35635ddfa9b3,main_screen
30899352a242f2bc9566eb7b0bd3c80c,own_transfer
d01f604f4016c957c3bd8f733acd0b51,credit_info
a484dd79482ee1a8cae80b0005f75902,main_screen
81b9c83307470ef4d018d41fa7a9993d,card_recharge
9fe616ce7b2d5974f4fc6ae56f167e57,credit_info
40c12e583b8d0cf93612ebb48e8e99d4,main_screen
328e04ab13ee4094e4f30ba26f6d2b26,main_screen
865f41a98f43fe6510d1c0ae9fd98133,main_screen
e0ee20eeaddc768bba1c4fef8d2d89a2,own_transfer
a153f524800fef7316bcb7930a14f40c,main_screen
41ce0753401c87a9ab9323ef14956efc,statement
e3a33c94b20bcf49a400b696a63987bf,own_transfer
2466ad5a20b44f7a0d949ca0c8957c05,card_recharge
16940a2db6052dd07b7c7d11bb6517dd,main_screen
c5a6e1f9865f7b720b450e7229b280fd,main_screen
84918565adda79e9465c061b8b3edf00,phone_money_transfer
a9b00919a94324a1ff6eccc565927d29,main_screen
128139ab48421e121599f7b015628222,statement
dd4dfaecc47d4e121fbc48c232753ba6,main_screen
a35109093bc59d2ca8cb9f769688945f,main_screen
653dd3835f1f2d6180a4d3d6c32ebba5,main_screen
49ba8bef69e305f4d89a96e65c48fe44,card_recharge
b63ed571e272a5350335d0a37724c20f,credit_info
3b1989022473e5d1029c38f3318b0581,credit_info
86cd6221606274222ff92d4aed7da7aa,credit_info
cc478db3e5e2ad13d496238eaa5673e5,main_screen
c5b7b3df1fa1e209edd4a227a02901c0,own_transfer
89da3a4159fe89c3ff003522dd317fc0,main_screen
73f4ece6e00857bd47e878630079be4c,card_recharge
6f0ffd18ba7be66e23d13132edd01202,main_screen
91bff4879241662fb00d1ae14448c21b,main_screen
9254db45a554374c16e1b62550c22efe,statement
703c58a7f380bf1af7d0e343bbd3e87c,main_screen
4078000a72d40c2f8dd647fe894971c9,statement
2ccd83a7e6c31e90d9eb0dd1b0b4c83c,main_screen
9c2a17872cd6739711b9823d1294df19,credit_info
a8e0969499c785d6ecd4085edc6ba721,main_screen
813fe535be8e28306e72ce770fa15d69,statement
2ab5086738efa2a469f10b3c270694fe,credit_info
3a27a53b02a8778fb305e01b9fa64562,statement
e38b962bc5161571c82eb06897920425,card2card_transfer
c92008dbff87df809c1de3d5a09a5d78,main_screen
630c499145911cb0aa2e893c320976d5,mobile_recharge
6c406ec5e07775f735c768f488de96b3,main_screen
45d5e5e65ac7eb762dac6c144a5d3ead,main_screen
94d03b37eb353e3d3be66dd961427bef,main_screen
d9d5379563150a76befc390820a37ece,statement
d36b48650e3e33077083c4219b60fa9c,mobile_recharge
968962636edd2f7ac92065f45f1d164e,main_screen
7ccc39dafeaf37ab1d6d3be87ef31793,main_screen
32740ca19e8d8a76bdb72fec29e3290f,main_screen
5d850619eefc5888a19e0ecf4e697191,credit_info
6e5f862fdac4ee0fc06644982eba53b0,statement
8b2696b70ab55af94274cfb8d3cb9552,main_screen
21eda8b4a49977ae7debcc8c0dca29c9,main_screen
004b4bd6743cb2a550040049b4700876,credit_info
eee7dea75b98309b041278bfe6303dff,chat
e730b43229f8b0aed9ee7a4769a03a49,card2card_transfer
947521eb15adfb8d8e4cf1ff37391e6c,chat
e9d2265f721ee64e95b66e9e0ae88dcf,mobile_recharge
5540882f4d3309d1ea648146ec5b36e8,statement
93bbfdf0c217b5665d379ca722bb7703,chat
1f478a477a1e779701554642528fca61,card2card_transfer
94eba1bc2957c63012811a6edc91634b,main_screen
cd82212306736b0a3bd2b6645ab03ed9,mobile_recharge
61254cec98873ecc47fefcf0c69bb980,card_recharge
821d4729dffb3479449a52023eea676b,main_screen
b109c2ef8b1558110c67f65549123a53,credit_info
c1f203a3ed9715e4efdeca74bd458bc6,main_screen
fbc431c2f2ceb5a955cc320ac743fdd9,main_screen
81f240eaff78418bbf41674e548995d7,main_screen
501fd1065fa6d13023f310260866471d,card2card_transfer
772314891d10bc7393a75a281a5ae6a2,main_screen
01f8e2f462f44d3170d423c9f8db2f0d,own_transfer
58eadc4cfbe53e03bbc9f0c0e58bfa71,invest
8d77ee99a88614c2f12ec9861a45c6bb,mobile_recharge
cfba8783318882ec9950ad88011ab2c9,credit_info
1d2b2b6e02c3e939f86b3137df580220,card2card_transfer
96c8d24e4b124ccb55414c1080124bb2,main_screen
0083450e070fd2fb9efd5c5e51d32145,statement
60995fd68c018d87180ccf41c87d30c2,main_screen
212343b4325103de6c1d889cdf17bb4d,statement
6027e62b2af74c99a64eb6cb15f99a4d,statement
5b8647e646123564aa55f0386a165ca6,statement
3be48350ffff33e3454c0e6b3c1e21bb,chat
34ae59c8e3e5fed6ddde39f4f3798cb7,credit_info
1623838b55af1343e96c9d5142f8b38d,main_screen
bd77e0e65f9261ead24416c111b6efcb,card_recharge
25ffa8afa0cb739f879302e63e6b76e6,phone_money_transfer
fc48a9e22a284b51ba76d0894dceafcf,card_recharge
65fd92314cfcf739aadd92b76d953fcf,credit_info
d8274d3b896731b2f83ed6cca70f47c6,credit_info
3bacbc0a55bd94c8e30ebc17b4b205fa,credit_info
b785bfe3cb1be2592d994d4f2abb5bfb,credit_info
81f9a56185089112ab042cb24fd6e0c8,credit_info
faa35d0c4ce33e4ca4f63b23abdc041f,main_screen
39d70b993e051b7806b04a83f797bca4,statement
93d042a13d834748d434eac31c102649,statement
bc65fce25ee44368da2d4ff672e29c5e,main_screen
0afa7a9e5fc44b93e3dcfb0b1bdf19e1,main_screen
445fbaca54f620dfc4beed0dd38bf698,main_screen
57d6f72a0f10f9c4957c93e86b01a07c,statement
1dd259e10abe9b4d3772581a3e292c3e,own_transfer
7d328226c71e036762d55f1c4da065a2,main_screen
f4949175a7a7c8d473e6e0910bff349c,main_screen
59187e4ec1f5e1a7cbc94118f18f52d8,credit_info
cc458456850a6efdb7ceec4a11b8bee1,credit_info
b3876099ef51770619d6aaa055023fa7,main_screen
3845bda7634323db8b223176611c3798,credit_info
8f377323292ddc8a6ded30494cf7152c,statement
507dfe6c8bdf5d1c5da97816569888c8,chat
2aec6381116230abdac2fb08d3226e2b,credit_info
fc72e9c9654572717779e270ae73a744,statement
7d18107a06ffcb3614710da74de27be9,statement
65065bbd9620c72231477bb5cd613fbd,credit_info
b97b1c908a488b90aca579620cfbc854,statement
92188ba25330353d4f3d90787f5ab4fb,card2card_transfer
bc8b4dc73414ab79fb79dfe6cbe76e9b,own_transfer
c8db9e14b06f4fe261cab01d122660d8,main_screen
6f8f230c2f2062706ad1523578c08b95,main_screen
b27dbb04b71aa53a99bf669c19e37992,main_screen
6224f20fbf68cfe387ce72a9520ca25c,main_screen
6da6ff6bfe704eb0d34e3d75ec718be9,chat
d745212bb5d197e81a58161f1e72f90c,credit_info
a4a398892b64653e6d0493425d8e2c55,credit_info
75599eb596725357ea47c966475f8baa,main_screen
f4e587d80f6091f51a5a07868783d839,main_screen
59a611292dabd9ce6c393bc578894127,own_transfer
385e10a1cfdf07eecd5a48bb98eda255,own_transfer
1d68896406d877df32157d7857b152ca,main_screen
100e909bc1dbc615ddbbeb916c5e2253,main_screen
40a06fea5adeebc35172ad1d98e18e10,chat
b80b420fd1695b90fa924898c717c0b1,main_screen
2651ad6bd1043dfd2a30963a83d5fc85,credit_info
c09a8cbdd5d33af7448da3c1dad1e8c0,main_screen
783d3fbe6bef26f145987efc60b93513,own_transfer
648c1d9112706429fbb4037b4e9764d2,main_screen
55447c7825a02e60d7d0975f1e980ad6,main_screen
07a96ab98119c6a39b8c78a2ed5f1e4e,phone_money_transfer
514aff580d7f9dacf6c1e270ed47510e,main_screen
56ada1479bc7f91cd4f2d01da3839523,invest
ff4331e0aa708a146c764a66a7f388e2,statement
daf1d3a0374a269a299d588a941996b7,main_screen
07ed88071ce0e77ff811d171a6063412,main_screen
3c30fc5d7b7b9341578298bff09c28fa,main_screen
e37ab8bf5f346b126ae7ba9cdb7df7db,main_screen
2e0d4ec70ced2d0d8ce8056fe1763287,statement
1cfac528474b38eb9bcea2854ad64b63,statement
93a66303932ecfa4a122fecdf877b964,statement
a8f562663bf8c81ef35f5621a47184ab,statement
da75dbc6def44dc157bfc1bd1888b3c9,statement
5a348171ff653883ff55417ed327b06f,card2card_transfer
db6a34d807cc24e7a0953350b432bcb9,credit_info
ab6fd858b85e9ba8b77ef366d75ed3d2,main_screen
890fdd2a50d04af6b4c7a331fb5e5eba,own_transfer
ef5aabc59c3a78d43104b3be41d656cd,credit_info
02703a073ebf932b48bd6e04c8d4b455,main_screen
0e49fa33a98e2440bbbbbfcbae29fb04,statement
d08c885b741a0a636e353c249bce43f8,card2card_transfer
ce49c7508465166267a612dfcf917d81,card2card_transfer
b03a656331cd0d6f6ebbbc25b317f6ad,main_screen
357af995b2fb8e1110b2d515b5ca7d6e,mobile_recharge
544f70391b3d1b415529c93bb2f0aebd,chat
051967d014700e579fd7b78de4682646,statement
60e06154cdf74bae3cff90e5ee1de9b0,main_screen
2d220028656dbfa4e7b1111d4ecdaf29,main_screen
5f16c0ab27a806fd08db3122921adf3a,statement
c72842b6e951bebbfadb76ce1cae6b53,chat
a12d6372100bebeeb4272b259a200c64,statement
3c640f3899a931fb00d859f2bf9b3b61,statement
52ae5f9186925b3bb0ad994d9fc18c07,main_screen
45918df8417d831af288f92225ddaac3,statement
8652a46d84a040119bbaba3503fed3d8,statement
7eae1bd94c792ca8a79ebb004721e7e4,main_screen
e2444a63154c884f1397ed3cac6f05b3,main_screen
e36ac6ad9d221a6fcf346f789abe9501,main_screen
b7444fe6868cc7278f66f8cfb583deb7,card2card_transfer
8c80e9058a2f5f455bc54ac665b96a37,invest
f13d5a5dd4844feeac0e3dd91a3bcf09,card_recharge
778729c618f7811515026bf12db88c2c,mobile_recharge
f5b5e97c53d0ad94f5861545be83dc17,phone_money_transfer
0c5a157d33c1e5bac3c654a1694628cd,main_screen
eb4a5e55806ca519519beb61c55119ef,main_screen
088abc8c38cda1bf7497c320b2336d21,main_screen
fc328bb2ffe77553ac48fb2b5da18b8f,main_screen
84f47b85511e80332b5ece94707eb699,credit_info
c83b6df79653cd837c802139bc048400,main_screen
53012c6be64d73c93b01fe9e615df424,own_transfer
9b4616c195d1b2de042c348d0f82e247,main_screen
4866f20fd1a53083062d27e340b122fe,main_screen
e7563c653ffbf58656f28f6770260df0,main_screen
2010d5e8f12437f162f670f3b6b0c976,own_transfer
b96b6fbb29b83455aadc5d6baf076476,credit_info
71874eeed2e9ef63d6cc99ef025905a3,statement
dcdfba6d9101d48644328dd8326ed727,main_screen
42915b5f7b320a391247e3dbd888d209,chat
e4f136c37a8d2df228785c3679d8e42f,card_recharge
73fb1d4098f28d9de544cfd1f178db91,main_screen
7b1dd8faefb06e775e58daacd0659b9a,card2card_transfer
b19ece7562e7998d98e0fb24bc467787,card_recharge
fd29afe7bd2f87d26a52758eda7e62e9,credit_info
b8af7e0895669c1e2e2d921f9ef03215,main_screen
e4757ac1c88b66bde3fa408f2257ac3e,statement
7aecce5fe2e6afa38215be9a16d3ec4d,main_screen
c38cd5dd9f150cf922936cdc9c4a93be,statement
2c013231708b21551a068d142b0907c3,main_screen
7a0bed21f865f238b0e0e4925876c2dd,main_screen
bfbcf9c51fc8a0051b9a3bc090a4a675,card2card_transfer
4844704f099bf178a3f18b858da239af,statement
2816e94ad03d60ed6d6a7c70d1723b40,main_screen
2de69a580405a9472c63902d538338a7,credit_info
716b72820322bab575ce57bf6f580b2e,statement
a142cc50b72ec9b6c6125a339b386b83,own_transfer
5595de658b036d808f059c4a7045d1db,own_transfer
8843d1d97e9f1c3737638eb383eb22f2,own_transfer
2bff9ba12e31f670f879a9fea858bc35,main_screen
67e928353b904bf8c0e73e6d649c2cd5,main_screen
11cb63a777ac92cc42cd98588050d08e,credit_info
5b389c1a751f5f419b3c8784c02dfc80,phone_money_transfer
0afe8c842e0f0697829910b86a4648b7,chat
9909c8b2fa7699ccfa8b94329c08830b,main_screen
48de2a4e60c8c949558d5a79b9890680,credit_info
f6565968fa33225133bfcc3a357971e6,credit_info
cf40690719e939dd34984723497514c0,main_screen
56e156649cfe60d3bba7bffd1f233c08,statement
c2d03c50e6c99866b0893cdf44a77c4d,credit_info
c1a46c3b64bf2a232fd9f6093b6b5acb,main_screen
987fc9fc87593774933658d8f6165084,own_transfer
4c89013ab3b73e0a93a4d8d49630672e,statement
0ca323ded5f6488365079cc385e47ced,main_screen
42c81663a778236d156bc44ce690b692,main_screen
d785a8e6d255223435ee624756b1a40c,main_screen
c0d1cd2761fd2db99d06878d6c850833,main_screen
9266b1545969082a9912a0eb5460485a,main_screen
f08702a3c3a2696520cd0176b3af84da,statement
15bd492b64368a2d66a0567cad5941a2,main_screen
15a928783d70af363a27fe193f429d8f,card_recharge
d0c9716d3ae56a2624573d9d318d31d7,main_screen
38fc718764cce3906f51ed37b9c3887a,main_screen
101607f0b1466c8a29711699453c7a29,main_screen
1a89ff1ba558e4747ff7b2f748cc35b1,mobile_recharge
e36fbb4a6f002cce15ddedf53030705a,main_screen
fc0db5051a1eb1549ccc339147a60575,credit_info
d5523b9acad504ab844dea342d1386b8,main_screen
0414938588e8e7563beb408612692ebb,statement
d9ad052b2de370b3e226e88ed548b714,credit_info
9e9b2c1a440845c05f064bc0b036d30a,chat
56316ad580c5fca104d464a820f611e1,credit_info
d2620a0b744d9cc1fb993ab4aacf87c8,chat
47b34047a81074353a594c670039cf17,statement
8d4a54c810ce74905d798770cd73bc97,statement
b5a5f0d7856dd4099bd89f96d50c332e,statement
459402d92b3e7b6ca35319a65b5a1f37,own_transfer
b0389f35b2f84a8c3c95015e95d88ba4,main_screen
85f5c7f163bed792cdfae9369e5efffa,main_screen
ba657caabf66c84b04754fe4cb13a014,main_screen
1ecc392a2fdcf45cb1cc4202c06f689e,main_screen
df3abf967b00b7ef0ebbb57803a64f5b,credit_info
d1949865bbd922a9771b8677b22f6461,main_screen
8b74e90d5a486b3bd30081936e1dd520,main_screen
6e760cec2f591ed10aaa85e3cb3c6ebe,main_screen
996b0f6abf70e3b754a4126288014f45,phone_money_transfer
c36d92eba2974bf8b85ba7a1c1eeef50,credit_info
822ddce00d1fad3f9b13aaafcebf4a7f,invest
2a1188e745f2b4a43fa414a31f59b6be,statement
12fe7b35eb04fde79796750e1acd2588,credit_info
2db84601ad717c4bf943350fc30620ee,statement
88f26256c897e3eaa494ae31d4ad10c0,main_screen
9f83c91b0157d1f5b1d4ba28bf8a8aa1,main_screen
0b953426b9cc85fed435f932ec48da8c,own_transfer
c12d1650497fa5b2d80772afd1550421,credit_info
64b4dea5716b4497aa9cd52bdb87fa20,main_screen
22c930fd25b1cffcd6fc8aaf7009bca4,main_screen
032fb436c71be919447539c204ba50c9,mobile_recharge
e7bc5d8acf4505543a8c666e7afd42dd,main_screen
dbb8b74d10a4dab924aa790d32416664,main_screen
b35d6d60c4ba4cab05a385ddd48b6157,card_recharge
adbbdeb90c79bc51a297b2b829a026dc,main_screen
fa09af9285d50289b07d2e6d5cc47e79,card_recharge
ac0f238994e1be0699f17bc3e8928282,credit_info
2aba0199f66386ca9e40fc0ee27f316a,main_screen
4dec0159167d57f67ff52c0ccb29c2f8,main_screen
6b6ccf4a9e115eaff0fe959f6dedfffd,main_screen
3cafdca44c235ea81f969b5594212ff8,statement
a1a024870c3ac05def0364507b072706,own_transfer
fd7ca73b984d5cf882c1ad885c88ce46,statement
272408256d3503256438a47c8d7953ac,credit_info
87106abb33fd6675d8c1429ab593b90b,phone_money_transfer
2eebe38804f3817006df892b04913b07,statement
f78c8d2b816eaf9fe7bab2655f25f2b2,credit_info
3a2db3e041e7d668115e239cc13ab703,main_screen
5f20390ee5993cb3c38604e1e4edb27a,main_screen
8946ee5832e8a8e7de1481fa9b7d62bd,main_screen
38b55cff57e0f0d0a6935bbe97f021ec,main_screen
f13ce2c224ab03fc254e897a468684fc,main_screen
a5d4023391b3112684290ac5db10b866,credit_info
c776e6cb787fe5742d66c30c34c010fd,main_screen
ba72b91d747aadffa449539a33ae541d,main_screen
442581e6a34d2464b13244d4c90e0853,mobile_recharge
39920eb9b032e0b7422cac4edbe34ff1,main_screen
f1648ee8f829515f2494b1e57a121589,main_screen
5911b687837c6eb09a2ba848328bf996,card2card_transfer
afb7ec5e08ebdc61e6ae616066fafb11,main_screen
d03391838ddbc860bec052549956db55,own_transfer
318c8408516014901a57f94a20d08287,credit_info
819fe74e1fddeb77d27b8b6ec7d1bcc7,invest
aab450e24c62c66df0cbebc8e7a72762,main_screen
52d4d7eca53ae7eb942b120e757ec319,main_screen
f26475f79bd81c81e1f168750658e743,statement
c8b46b9db2c0470a85492f450e7493fb,statement
7dbaf215061892c2906196773e2c3b70,main_screen
516a845163f2fd22bc3482b1809f6657,statement
1d00418ebe3ed248768e4fd7f3300d0a,credit_info
446899057ee13f663710583d07dc0360,main_screen
fd91d5c986e5b6f5e5dfc9caa0dda4e9,main_screen
03cce3e994f30933d90ca1c809a7a275,statement
feed4b33e1d0c360e6756f6a5ac587b5,credit_info
fc30b31a70a20689a1ec6ce0a5d62cb9,statement
cee318194685299f91549bd56c7e23dd,statement
5c4b754972c657265e40c196a4c62283,credit_info
62ce52d486533020c9d3d82ddb41a98d,credit_info
caa405a49e3f9ee17264f9b0e40adae2,main_screen
b27a755553cbaac6dd7fb844438ed84a,own_transfer
57405e4a73eb5fbeec43cf07a4b6a117,main_screen
7aa09333bb9dae6fbccd7c3388a72235,card_recharge
fea79cf80aff395e56d8ab9f3c989a5c,main_screen
9a192c00fc859bd49f4588644b00e938,card_recharge
07c310c22cf2256a3ff572c6513f76f2,own_transfer
5e68f7fa479b7fddb5dfeaeb624089c6,credit_info
ffe7ffff4bc8a26a8b83d80104d08a26,main_screen
4a951975ffee6f86973e733e81ed3596,own_transfer
b5b523ae45818f66c18c4141e77b6383,main_screen
9e0a701a7b09c08e8bd7c1907324789b,main_screen
73242f9b6ba23e56929d4769fa830d45,credit_info
79c46926892306b26f366758de495629,main_screen
1c1a225369aaf40cdc69598da86e0413,main_screen
8a4471bfc71605c74abdf3bc35c42951,chat
98054000f928c91af4c56591667c0f11,statement
6e42a0e06c610e10cb5a84bb6514f8ee,main_screen
eec8a4cf2eb436c25acb90560495fa4f,mobile_recharge
f906f49949df82f9290b325eccf1bde6,main_screen
01642da84c3a1948359d38e0b4f99d27,credit_info
434f8a288a8ccdb43d533dfdfe0fd46a,main_screen
dd7dc34ea7a40838ee2ff9946f33a153,main_screen
79a12ec85eefb3b5d13ee82dbbce1903,credit_info
3d87070cff6be6e1529630467b73ce99,statement
f576e402d58c3b458f867ad42fc053d9,main_screen
fd687f4e077b5b248d122a718a7f8eb6,chat
20bddc0c84525cdaef9a3d5b23f6f640,main_screen
633f2c5caf5b6445a027c44c83b510b5,mobile_recharge
560f1dbc7a69aae5e056e002ae588754,credit_info
6c5df9fe3631f6cdba6ddf35ead12b00,credit_info
1a93af92dfc750e1ebe6dd38322375fd,phone_money_transfer
f6dd825d16bbd5393a9dcbde12688cb0,credit_info
feceb8deac43755ca4f90dff84af3eb8,main_screen
b8a3b1fdd319938f7511d7e1c04c2b83,main_screen
e0882ff4e29a68396c6c2340070745bb,credit_info
6c23aafca9dd7e737959e1ee65124609,main_screen
e3c24a205b2114d4928f4cb85b9e4fb6,main_screen
d35e54e7d3dca21d708f71d71f352495,statement
78f27beacb085f6a6345a3e95b9fb6d3,main_screen
c4713a1d73e1d232c3a12a277384a211,statement
01d22ec24db9e4cdc60190719c4d198b,statement
d395a31cd77cbd733036eb3319a9f0d7,main_screen
2cdf24274fcd37c8dd84b4250b2bc33c,main_screen
9da01315a66bad361b2ef8cb8ab59bf4,statement
99b37d3780afbe4986541e740b1eaa61,main_screen
ed74c248970f34a6c3759bb27b519a0f,statement
814c0f916431e8ddb327d7ef58151b9c,own_transfer
7167d1d15360f3987025e5d6302f8a3b,own_transfer
558dc4fbef884b30865ba96c3ef1f2a3,chat
3c7dc9ed77a3c541340e88ffa4a32eea,credit_info
0750ae5f924c7642b83432c862dcc08f,statement
9eaae7e749c6426bbf03ebf5ee220b2a,card_recharge
ed69eb1584237faaf7cb0cbfe4bdc5ae,chat
23d09926cbb24b66cdb74d58ed1c0d97,main_screen
a6aa7e9e27f7f758fab4b997793b7477,main_screen
54aabb3f2007172c09d04ffe58b26573,mobile_recharge
be8922c9b908aa178af1bef8de4485c4,main_screen
00faa1f1117609d8f9cacaf2fa0f9500,statement
bb8082768beb2b1ded7b6c37873d9ca5,credit_info
d1dca6b6954aa0a98a216fd1873c432f,credit_info
48797a44dd7a86753019f990bc2104a0,main_screen
9b7b8e7baf25998c680c5be6e4d17606,credit_info
c90b28c456c8d5b1ca91087014d8798c,credit_info
18ce90295bcf26fe96d8c587bf08942f,mobile_recharge
053ede0c49167827b5e5ea0e3bd29d68,main_screen
0d78ecf9a6c35b644dd67ef5d980cb96,main_screen
361f7a03aa77e5890bbc3eb07a36302b,credit_info
66ac9f3f02a1be990db9c602e38ba9dd,main_screen
995455e05541920074c83db6158d3d35,main_screen
9ced4b7d9f224b2cc59c481b921cc9c3,main_screen
7d42ae3e9ba332e60161a1919707dfee,credit_info
b2cfb531afbc14995d6a75ca0d841f23,main_screen
d934cf780d18872de997313d7cff0b6a,card_recharge
6ec95f366dd770803ccc0b8270dfa2dc,main_screen
bce376ec854af916ff4295b5511caccc,statement
eae482f20c45cc99c5cb8df384f055c3,main_screen
e9545ae2d4635f52a6ff18f585857248,main_screen
ad9824c29ced726d57d1e4fff6c64542,card2card_transfer
7e917080576496d745a07dd98f39c825,mobile_recharge
88509c690a14b77524e1e3539e50dd91,own_transfer
da6af823d07e2758dcd5cab4644ec3ba,main_screen
46a0654330143652a5cbcf479c4388fe,main_screen
c895126e3e64b19621b0a2f1bea7dcb5,main_screen
3ca8fa64795f9d21105530c0b97015b6,credit_info
1768db41eabfaa73372d7ac2fbcf8f00,statement
d6b9c95c64ad241a79d37ac64f60ac1c,main_screen
f937bd74a6c1161472f2d6c88a75c421,mobile_recharge
3de22aaf12d0d9361c024a5c758ea9aa,main_screen
87bf89ae7a7187d6c0aff50adf33d0e4,credit_info
3901474f0ad876ba89bdfa87288f0cb5,main_screen
8c0b5e935ce8eb9d73597dda6de09574,main_screen
78cf77da3b7432c729dd0161a124309f,mobile_recharge
cc73cbbc9ff9577aa120f0a874291222,mobile_recharge
3a48c0c691e01d482dca8245e4f727b5,main_screen
2c93be04fe5564755e521d15a96d333a,card_recharge
32756730737a139b569b25ac46cd5ebf,main_screen
17be3fc1ec9d8f78e81d885873bb5b0b,main_screen
896f21046531eb0654d42b01346f661f,mobile_recharge
9a7bbce454d4f28e6778f822183612ad,main_screen
718eb6a3399c328765830ac7b07a8578,main_screen
ecb80ba2a1a39c265623bf070db73231,main_screen
e5af894110192fae950e2afad0719c72,own_transfer
1bdaf362b7b81d4bd555c646d0996ca5,main_screen
f1d664b052a04afe7bd8edc9ee345a6e,main_screen
34140e7241cee62030b5b57b6d5b0f5a,main_screen
b9070f2e6cca59f0fe3a56f5234dfb60,main_screen
b9ddaad004a7e7345c5ddc8f29d45e8f,main_screen
b5359f7cc36ed678282ec458de74ea6a,main_screen
5b9ea3607c41702cd23c8322c261f6d0,credit_info
de7e5b87d1843599a4d3bc15161cdbd0,main_screen
0dd77f322340a15d6a57e834897f0be3,statement
fa00e4748e7810a7ae668be96faf50eb,card_recharge
a2eb83c4fe2cbd972976a34eb8c9cd88,card_recharge
61932e6d3490666c5ffcacb68692a1f3,main_screen
ffa9e89913afa71465db66c84a1225b5,main_screen
e1e233562257905e709ee1ce0a77ad03,mobile_recharge
1da6163893e5ce20f6e6e23136d17eef,main_screen
a1733959990708c7a8075d04c83bdbbd,phone_money_transfer
f9a46080c9eb03cec3b662deae19d0ce,credit_info
be11197d417dc92d271a7d6f26674a09,main_screen
3510c15521a0987a62d405bcaf1676b6,credit_info
5a8c29edb346beeac5c1f2f7ea117bad,main_screen
872371aeaab3a28f2d67bbfa6f6161c9,main_screen
61d6dc551f9920350415f631489cd3d2,main_screen
70c474b4163f67f50e77cccedb14d86a,main_screen
14dae7c1d93509a2461a5f94224d341d,chat
0fb1b18b4a9ca9ecb2f9c87495da0562,credit_info
7780fb9097f84755fdda42d0de8f0980,statement
a48c635848aed5421d222fbbbe7d6100,credit_info
62aa141aebe2cf6c8222c490129a5fe0,credit_info
57dee425488b707ee074461db9431c7e,card2card_transfer
ea80a6c57f13a674677057c5ac6252f6,card_recharge
c4273417c5da6f93f34888864b1c37ff,main_screen
4868d4fe67068d6cac9099b951f0cdbb,credit_info
fb3c4a3c0f277188985a56c37d027ccd,main_screen
1353e931efce5514be1f1819983c998f,main_screen
6cae44d0fce2d56a769f16c9f0ae24ab,phone_money_transfer
40a63757cfa6b6c194e1de10c81847d7,main_screen
4a8018cdc747909c603b6757a6ca9e62,credit_info
529a74f32e963f7a82d93e9af08a664f,main_screen
04ae1159cb2cf16c92326c9d6a2b4edf,main_screen
11d647925233bffcb2685454b1db89b6,own_transfer
1e81863355b71a275c07ba80e6a7de5e,main_screen
2c52f5e3eb29b45ea69309c9c7c16fcb,credit_info
6e70e52bdccc5cc13714b76dd79a1684,credit_info
b33c63588cc60ef7063dc0a8d949196f,statement
57372643322e4aa27ecdd2f1faddf13a,chat
32fddd5d5c86ffd0d5c8da0df9cc0c15,credit_info
ada9c5a8c52c0e41cf402a72216f00fe,card2card_transfer
5cdc3445b2bf08cc6d971b7993bd4f88,credit_info
50e318cf3c0576af4bf2b11d0890ae0c,main_screen
c7c7cec1166b8e0040166002de39cc78,main_screen
96ddab51705d8a46800b02c33359b312,credit_info
eda5e3a17c76b931725a90302b9b72da,statement
54dd7aff5dee53168b1aecbcca7ae70c,main_screen
53a2e4286a9bf64e0383f30dae56d73f,mobile_recharge
1f4434306ad388c54c62e3095c1877d5,statement
4e9e3c678b293c2333a73402ba136224,chat
6e7b6c41857726719c954800ee6ff676,main_screen
f82cbab388e6611478a89a9d3d03225b,main_screen
ced14f8aabf743d5cc8913f490606624,main_screen
8920203f77d0c2268167c749d3511216,main_screen
b237f45c8b2c6da6c7603c1aaa7b830e,chat
dc82abe3f84dc5358f242afba97af6df,main_screen
7e3e1b8ee6f78f18c4a9db6fad058c85,main_screen
180546a28a94a6182a79cbcdfb5b88a4,statement
4f3e80361ab0ac9b3b6a9be76400c67e,chat
6cbe88937add3e663e99528eefc05c6a,main_screen
418414f6373e4bb7e78934def68d3af7,main_screen
40fbd6fb3d422a7234dfd12d955e344a,credit_info
02187494d27d6c7181afa8aa1917e179,statement
1483ba4e6d92c8882e30c2f12971aee0,chat
751a76e3b2734ab22f0c5deeacfdad6c,credit_info
122bd0ae830328b1ee1e63ca64e6df8c,main_screen
ef08793c2ae55e5ad3b6cd1faec9a191,main_screen
563c503fec9add289eac3eb9b89c710c,main_screen
e6a879f5e36719fbd122b11781da70cb,statement
49afa12548ed6f5bda08247f7749603a,main_screen
53f3d6fdde70acf75af46029a1ac96c8,statement
4370bd48b6902cadf701936257a03f49,mobile_recharge
2780a6298225fb7623c162633e9ae335,main_screen
bbeb2470be70ac70b4020b6d0ee0d2d5,main_screen
d39ced6750a9734c025d004887da1ef1,main_screen
25edefe52835e4c58e1ab6c40ed202c5,credit_info
7b1d3e1f357c5340611367d07327ffc8,statement
ed359ccece07b527a8b034ab1b34a824,phone_money_transfer
16551a1126cc1763602228986ba35ca5,main_screen
e775bb3630095a6e0eaaeb495815dff4,main_screen
0740d7f5b84e68f6cd539b597d313669,statement
53e2c27db19d56c4a7ac42d1acd59892,mobile_recharge
89da7bb8d73ed67c72585bb45935c8f6,card2card_transfer
aa2e89f9e4bf29e9ad43cd110c40b190,credit_info
2cb5d0d5f55ef40baebe72d201ff5de3,statement
6f6219e7dfb67d15bbd9727f16a038b0,mobile_recharge
38175542224d5a86af231c4d65685708,mobile_recharge
1a664f632f4f543274052498a4dcba0c,main_screen
34987b0d6cccec0b2f3e1e3ad2b4a4c5,main_screen
592140362381758f78add97b3584c1b6,credit_info
38ccf218ada7ec78e61995d0b4b96b74,card2card_transfer
d40d42b081ca5c5583a04bef398bcba2,main_screen
a9b7124a71a3e2e183dc6ce4a9a8a3ff,main_screen
e698e02a8d571a53f655d66c37db7817,main_screen
3d66e1fa699a1de131a2a3a48f810df7,main_screen
6e57b9c89ca18ae80136a9001b492ed0,own_transfer
d7d3cdec0e51da63507aee1ac5c8f36b,main_screen
76c8ff94b33ea9fb54e8d37a5636258a,phone_money_transfer
4f84bad8525323e4eb7fcec0f80049c4,chat
f753736bb315b9b70437999c468f1abd,mobile_recharge
951ac774a9585e96c96a7ed4d7c8820e,main_screen
96028cca72588362e66f26e838bd3382,main_screen
f62080e900821dace1d9be709b0e3956,main_screen
9202ac6a89615d0cd195a0e2bb774f28,main_screen
9c5b08e4f5e1f225142c2b66dd1ef342,credit_info
970f50e36f85c3d02ed88dc1f111d2ff,credit_info
4e72ceca5a020983f654cb0f024e7c76,own_transfer
a60d4f61493c86400649283904db019e,statement
629c489e8a9de20138941f6cb5724eee,own_transfer
ca0f6fbdf12c11cb54dc4124a048a06a,credit_info
335b4b6996cd32ed162a8f18ae409a7a,main_screen
4c868b5db43da989cf8f99b5c4228805,chat
ebe53375fe15b91ab66470e72608757b,card_recharge
96743cbac4ba31bfe9e4ff3256a03c3c,phone_money_transfer
b88adf0301e8a568231f4f8bee9b9daa,main_screen
c54f93a5641e6908d414815fc7d521e7,statement
b80537cdd47157aa8e0aeaf625d2964d,statement
6c1601cc6266f639790583fc2d0dd8af,main_screen
5230e38a3606f912a372319392653702,main_screen
75c7a278ff796b3bf9f53cf5f6d5aa11,credit_info
a4007bcbe6c1b434ea081b738b8340a5,main_screen
daf4298132643f9d75a0097db9019e29,main_screen
cc73fb5af16fe84f005efdc2421a7c32,statement
cb3375302112983774dd8a2d5635693a,main_screen
d2cb89291cbb5a3da0d497176b2423ee,main_screen
10865ac2297c69d020b57f0785a4590d,statement
0e8712e7605d40a64e205b9a60b7c9f2,main_screen
f7e19bb1a073b814dd445d628f047178,main_screen
8479bb137d339f0e4b3a61cb2e289cb0,statement
5d749e72bf1ba1fcbb3088e05363c72d,credit_info
5047c1a530012b5b0c0b40b885590ace,main_screen
bed3a926fe590cf4a8136e6e4c3f298a,card2card_transfer
8b74fe749ed6523be930ccdee43a495c,main_screen
fab99d2a73349eb0bbeb32bc15d9768e,statement
bd58a208884d025ea9a7ff4f979e0f45,credit_info
61f9ec6f65439203ce8c8ba761849095,main_screen
149fae27bec2252cd656b6526e67dfbd,main_screen
d370cb15d2227eead16e10048afea4ed,chat
2d0399ff5f9ef2b6d6ce1fa36947600d,main_screen
5badeea9162fc747acce776ef7d2464f,chat
cc390a67f418e3e04d39478a1a87e3cd,own_transfer
0a8231dce8503db1f6adcc4d54980e15,main_screen
4e2dd3bf823b3cff1f84acfc065395a9,chat
da15748c9706a2218da2abd0cfba3a91,statement
6f576c514565835b45d81d58843b43e8,credit_info
a5dcda2deee1eae960768342a979756a,card_recharge
9123a9941da66cdf7118737f2a758c25,statement
d84dbeb6ffa2422741ec1b2e47b23a9c,credit_info
377a1061cddeba77a2a9e238fb20135d,main_screen
2157caaceb874d1fdc30dbb093a059b8,credit_info
6cf4fa6518b1b63f08e8185c0842170b,credit_info
b2bbe53cf70196bc225cc1b729847476,invest
91a351e20e3e618fc7692c1a8db2c816,statement
e2640cdd52bb42193cf67aaed51c2672,main_screen
6d8f676ba7b17ed84bd6479fe19580d7,main_screen
dc6902b55a323d8969aae77ff5ce879d,main_screen
1cc4d83554da8d91f747570a2069d99e,main_screen
296bdd374c36eaa3617a9b1165ecdcdc,credit_info
7b3ffd05dbee67b75055b1cf2380551f,main_screen
1679db71b6744ce1c5ddf60de89ba591,credit_info
a7efe3599b4daad723c4d70422c0f945,main_screen
c8c3cc2d8ccd66261275a2237295855f,main_screen
443bd107898e8c349ee3fdbb9299fd56,main_screen
7966873108fe48962e8b5440fd31d046,own_transfer
e544bd6875380b9d62f5816967cb2c36,chat
b25c96d70bd22cefc1cc26252f7843d6,main_screen
7705cf3eb0a9b86557ed33178fc92a93,main_screen
73b4ee58ec16778d9e966bdc0595fcb7,main_screen
50986d7847eac63fafa9e9430ae66d8b,statement
5ede6fab26b3957e5bfa3ad47751dd64,card_recharge
e7a4be30eba8556d0304c2f92f41ff74,credit_info
cb2f33887ee751bf8e14a118254d05d4,statement
aba3bdc83c923e12abd1ac45695bf754,statement
b0eed49b5fe4946f8a7a545d1cb718cd,chat
aee0abbe2acd03377bde65b40bff4251,main_screen
3f109bf074f47358837f3a4466ca48dd,main_screen
9c50a264850a27c1e2b65de70b5e3597,credit_info
9079832f315ccfc79934321831157c32,own_transfer
03c2b221bc898c04695312b6229d61a6,statement
487ac98ffeaac29d10fc6258b7684aae,credit_info
0342c8daa613b5af8e4985624e3056ef,chat
1489547746cde946f9789b11cb87edc0,main_screen
9ada681edbe2f80b7a062c36686875ff,main_screen
a3797fc2c101c2d0d320de1f8549820a,mobile_recharge
d3b050bb9f09dbf60f7a3e3478f83962,chat
85448659f1a24a4db8f3b84fbfc6284e,main_screen
e7dcbe267221b99a71962f04e334bdb4,main_screen
3e4dac215410a0e80225c1a7fa8294e6,statement
110d145f57363b00fce5bf19248fdad4,card_recharge
38ca7a6fdb61c7ce7299a67b6020d07e,main_screen
72f62d4db1de3808d79c27d4a640546f,main_screen
d873fb5236ae8e8dbaa440f5bf19eb20,chat
7b6b19129bd11a81109890b8d0f0b098,main_screen
340170aa6cb4f2291b62081e78fd2a8a,main_screen
82d6631d6dcc99159e1a980f3e84fc44,statement
e1272200940dbd0ab33fe585a5dee250,mobile_recharge
418d6a5188a2304ed706b86560bc1179,credit_info
90723d59d09e57a08355c4773a7270f5,chat
61e353a649596f9c6c5079bace34fecb,phone_money_transfer
839e6ba932f0f0af408146b490ea460b,main_screen
a6ea5a85b701a8574908b874ed81242a,main_screen
e64e98e7164856525ca3696a669a0830,main_screen
5015203179d657f6606f4cf7d1aa2571,main_screen
1f6ccb1b94506894943da4610f0bc7fa,credit_info
fc6eba5890c99e31512585d6a55e8d5d,main_screen
1c2aaa399a35c6cee8e14a22f37145d3,main_screen
946e6110177bb551a37c22d110333b4d,credit_info
9ec8c8aef1b874ca76df42f46bc36d0f,main_screen
def6242cba1892333bf9145dfcd53156,main_screen
cadf68c974fe47c367451d992dc79fe5,main_screen
65fc8ce1ceb2e7c22e22828a884078af,phone_money_transfer
f9b2adf0ae2658c79a4024dcd16c068f,phone_money_transfer
826564994e2a8288bae3c493f831924c,chat
b322d763d820d818eaee722584182b81,credit_info
8341c2bcda4ac751d691fb47a6d9144e,phone_money_transfer
8e02b3ac4df4469f7ccd08d17c14c8b3,main_screen
d4f99e3039874f445ccbd9f447221b16,chat
65bd29aad08d46677073d3546f8a0583,main_screen
2e3db6c4d94cd97b4e257953ac85b7d1,statement
18606522ffbc53133ddd755631abaaf6,credit_info
79472db7d89cb90b16c4f59112e4eb78,own_transfer
d50434594f629867625cb58754a18c29,statement
c9875ed788750b8a46aab8632cfea450,main_screen
5d90cf09d704f9bc3de575933b70e0ac,main_screen
b62d1fc04d113cc7bf74d36e06dce418,main_screen
3ffd72074cecc342b79ebf9ef5f9a1e2,statement
f877025a8df9705b1c64e34549b710aa,main_screen
cb640863f2baf84ee74c4740eaafd2df,main_screen
ca628c72d6dc00f064b191332f2f930e,main_screen
f319b083fc7f5b87efa7ff41535cce3a,mobile_recharge
2c6dba422c344c6cf83ed9dd708d815e,main_screen
8370d3ff1085c069900d1123ff5d5609,statement
83edf86fb4ab2db40b032dc9e32b7598,chat
c5cacf11c1ebaa9d8424da4553facc38,main_screen
876917fe79897489824c04af9b85a527,main_screen
e600877b0c40b26552992e1c8d341e3b,main_screen
183d1f804592e1858aaf44eb1fe66b2d,main_screen
4ccbe2eba72e36f06fd79a6485f76d6a,main_screen
8d7de0e00c8bf384da67a3317a778479,own_transfer
157b5444d4c375b92a9ac7db2b731ece,statement
5b21fa9b42f123c1a2e2e4344a9a9709,main_screen
1993a4383a29a0311ea768b0b47207bd,main_screen
7035288d8976126736209a04332cc21f,card_recharge
06f4aa064253773123f3b3c68a207c54,statement
0b6d00f0a145de6e34ef4aef0e75eeb0,statement
925f3b30ef1b55ac50cc9fb69fd4e311,main_screen
70f7e5072aaa29cf5c7b1919f4a59326,chat
a4740d4abe59d5479cf34e828bd189ac,main_screen
150cf016a51790a6cb2820d51d058473,mobile_recharge
fc9903462d590dc103d388f421bf6e6f,main_screen
6d4000143db4d955fdbc2db6d180fb9a,phone_money_transfer
c79a82eb6ab2ad10cde13b02cae92183,own_transfer
b8ac7d30627500e9657dc6fd8754d503,main_screen
9366b419ee4ea429f14765b39c3e882e,statement
8ed70381f42f67b779da58d557fa46da,main_screen
b15c5de07c24b244599064e5fd85eb07,credit_info
8a4f1425d6b82d56600db18fbb27d5d1,credit_info
55e36ca068296385d00ea2ef51732fe0,card_recharge
c38d5fe1409aa0c6a22ef4747f32efb3,credit_info
a801d6f01d65eea5af9551f8b56c1604,main_screen
395db3763b702991db37af589789ff67,main_screen
7a662debbf7c7c8ee6797075b353aeba,main_screen
2ec2f8b71104ae1a53b7dd4c39d1c5be,chat
4399edd8ce76a553be2597e66d1ec7d8,credit_info
2b440f520955af4fd2a966794c08c667,credit_info
c883df43a8778f8db5780ab78040a679,main_screen
c927e42a4e26f3009cd357e5cc237a6c,main_screen
012e4d5117f0e5374e03f94c9f70f2cd,chat
bdfd7681793a71b708b24306a6b04200,statement
83448b1139a3ae30ad92afec0ea51265,main_screen
b8a3bfa4284b043719e9f31d06af8119,main_screen
a882968adbe6af385c4bb746dcc2e8f7,credit_info
b3088217d2242f02665bf40a368e51ab,main_screen
f95c7c0d303684bd81fb190e81ba4f68,own_transfer
63d5e32dc2a6e0eb597d4fac4d312fc5,statement
cb458e8db689cf05b69eacaa2ad0a8c5,credit_info
154d0a11ed9517e6202755729e78ad31,credit_info
c82df00d4d8a932e45c99e1cee542f6c,main_screen
30704b5341e5169df8cab604319af8cf,main_screen
6485af339db81eb5054780890ea248bc,statement
09466e774fe426ab2e26d2aa728df58b,statement
3a91b1b9bdd0721c1e7dc2a7ad503632,mobile_recharge
6bbb05e018e4ddc1f728ffa26ee75155,main_screen
ddb8c5575623f10e372fb023e9ed090b,phone_money_transfer
194597ed5c50eab288ebcf47a6fb864d,mobile_recharge
09219de49ce4fed97001904f1f406446,main_screen
acf740a4e19e8803320dd2d23ae060af,main_screen
b88207f884d90d639a32a9d77611b0d7,main_screen
a21b19eeed847fc5f0be7f4d24b44b59,credit_info
9e291fb15bbbc9ac72e262b217132e22,main_screen
bef64970872b92e46b4794225e1971e2,credit_info
711db35aba9fe8e3981890e4e787bc51,main_screen
890bf18bbc481a37dea9ed242419ed80,main_screen
89ab54a909fcda2dea92cc90807cb24a,credit_info
4dd07829117dce05aadcde5e688b46aa,main_screen
927daa3ff6b917043dd88f13e85dedda,card2card_transfer
3f5312cab7d810978b48aa539bdef56e,mobile_recharge
2942d51b9d4fc5631fa8e17b7dbc50e3,main_screen
d09dda3098d6fda84a74308de2fbb557,credit_info
5df49f24f6ae128bc4a4432e0191d8a9,main_screen
40b880c4f40384fff2276641895b84cc,credit_info
21fecae8ea67484f2e6f44c74ac79e6f,main_screen
2e6ec0e5d2282947e0746819e419ab18,main_screen
24d74713ec98c8291ca469c0946e9495,statement
86e2b96d5adf91a224306d563da44dad,main_screen
3b4f3acffb10d44d696f889808f7f525,main_screen
bb8412436955b0a0dbb9f4631c75a43b,main_screen
c882b0fe1734f239775943a632243cc2,card_recharge
59662ac8c859696354878c792313b9ff,credit_info
7ad902e7a404de0f0f43d65b4be65b1e,statement
f0588b698bce40e697f6a5f208ac8a3a,credit_info
36a1a7cd4b196f3b399ade4e539f3f13,main_screen
d209bc68e649472e70ee453a876e62e9,chat
84b214bf13ee36dfd24d6782bbde5fa9,credit_info
751f2659ba093ee51d2472d770648c04,main_screen
6e62912c93d93946d0ce2142d563215d,credit_info
3d2565daf7c312b14e1d461f60f0db05,phone_money_transfer
f68ba463cbf97f3488bce100fbff3b25,credit_info
86f3e7f1b5f3c1880039f931ff95cb82,statement
ba8784715915e7dc757ecaa357f98fcc,main_screen
984c5cc611004e30f0097df4ab8bd4c5,own_transfer
335cee820b205790f831af681566ad78,main_screen
d51cab23a1e384b0142a1a0a950efe63,main_screen
321587fab03e80963ad511f4a98a1baa,chat
4254c8b070f48cb9b06455187de1f20f,credit_info
502d95bdb86954562b2a09382291b25d,main_screen
1567c979b3323bf162a8376d8c34f60b,main_screen
cb0a94053c00b9dc2e75e78593a7275c,statement
c7695219cf72eedcf1e7e9550e6f9771,statement
83cbd4d42e20cba0970a35539f63647d,invest
f02a67097ffac0cad625aa40bbb10986,main_screen
dd35776f8875a07e3b744907cdf7e464,statement
1a16ee767a7ef2660385ca72578c999b,own_transfer
e4da50d14d484063d27b51d4692f96c3,credit_info
b0849829405670c99460fe421b6fe82d,statement
20ec9b9c312577f1aad1009ca8ccff9c,statement
b38080f3036d4e640d2d32203cfd2041,credit_info
e6026cb7e24d631b369dd6ab545f772e,main_screen
1942f22dfa8fbb5496592b6868ede189,card2card_transfer
be10b3cd83d8e3da3c5308bf176f059f,statement
3b2a836e47284f182785d8c3deaa3302,chat
66421a1c4040a206387290571da2bc86,chat
45fa32c0f766816855cb066c85cf7981,main_screen
2f05694f19d2cad2baa7e9422f1fcca4,main_screen
7ee3b40e596426c316c41e9ff67dbfad,card_recharge
d217d46539df0a9d88893e2146696c7c,main_screen
6885890d33265c2cbc628419242f3c7e,statement
d8ffbbe23c26033a2f9c0cf1fb3c94f2,main_screen
8e47f52832ccfcfee29fd7f4a99d5355,chat
2bbf6e76586dd0037bbbf866e18a1667,main_screen
c3672e860e575bb11c7d317d57fe1a7d,credit_info
56f9718fbebfb5daff52fb21d07f0ed2,card2card_transfer
a9a43826f33abc1da2f4dce70bb63fe7,main_screen
2b9fe1fa8b25f3d4c39649792d5c4f3f,credit_info
a8c855e5370bf646266a797d23e465d5,chat
a1b408ec2207ab963f1ec0e796a1f35c,main_screen
f427f41bc0cd28cbb551401e634b6cce,main_screen
2da7b411e2224b236739c57312b9d879,main_screen
cc3136ad44c254c8e3275d8788e956cb,main_screen
2fa5da98cc40216f22e2d6e3a360a212,credit_info
b6a40bd011a8b980158f870a88a19c5b,main_screen
2a34dcad391245563f5ec08172bc27fe,credit_info
0aa441a119f61ad204d3eece61d18286,credit_info
2c61da2a186f73c2b39513b869132d64,credit_info
99d605f693a9e9cff0e6a700c8f64e94,credit_info
ac11e208d0ea0146daa9395a94fbe2f6,credit_info
3932edbb500eb8b23c697048a1b19529,main_screen
29e6710525fbad32713e6a0d32937542,credit_info
3d7c1afd4c53c7fa59dbbe13ed41437b,mobile_recharge
c5d027b776bcca32845afa7a5a693ddf,statement
a8e4a475e1867a1d6e11e74f80bd9696,statement
1b617f3a5181152f9f44a6a88a32ec04,chat
6353156dcb71039912f8e86cb17be0ab,credit_info
bf40a8c5cd844b8d9485e7fb22945793,statement
2d8f6a439be91818ce3db320a3c5e000,main_screen
e19a32124e2aaaac3b3c86bb3779be32,card_recharge
a075d3dbfa28f844d7c6541749384a93,main_screen
faf56da14c1fb6cc468588f649c40e67,card2card_transfer
9c16228f3498f08ac178244684f242ac,statement
3493a11e82caa3746b7035fce04e39d6,credit_info
c5726b722f16d1b64f929cc7cea4fa2c,credit_info
0947edff571ba9bfa8a039afc04373b1,card2card_transfer
8e583feee75809f98bbceb148cae774c,own_transfer
7b7459b0c27caee5036484fe96c4e614,own_transfer
f818d6c5982f079ba4b08f12cdaf9e07,statement
1cd4f2f81fb55c54723713dedb943d9f,own_transfer
733c2788b7eec612bded3a937630a562,main_screen
07771714d19d2fa6381039072e9800d2,main_screen
8351b5dcba97d4ce2497de1204932994,mobile_recharge
1a2f3aadad0ece4236662ebd16edba97,main_screen
056416be46ead177544855019a475ab0,own_transfer
7120578ce6418f53d7a6e60aaccba878,main_screen
b4ba43d7862be2ab657ba7e727c78d33,main_screen
d5ac4b4d430e801dd1b21a597be7815e,chat
af452f31855fed4a15eb9b9db707738e,statement
d1114a7231174c6e9314fb57f403ed06,main_screen
ae043be88e068dd17dfb8f160ed75952,card_recharge
da32a83383dfeb94582c77ebc1b02ec0,phone_money_transfer
3b86eeebde8aa5071124c9703d77ed64,chat
6a3858dbbd2cd0e5bf8d45803b4e1ebe,credit_info
8bd70664f7fba436f9ceb2a01f012d83,main_screen
f9c7260e0124fa20f7853660a4510383,main_screen
8fa07f14d6f0aa74c9b9c3d6cd2e0441,statement
660c6f2a365f6692952097c8a7f3017e,credit_info
e608853559e057725809b92138ab5c5e,chat
c4d5d763ed2fba466ae95d0f5f21cc8f,mobile_recharge
4e385f585f33d989f274c617c239627b,main_screen
58e8861e953b97b08d61b15acee3e15e,main_screen
25cd71a0eeda351bba4ee5973a3a37e1,main_screen
da85dbcdc8cd7e4fb8cbd88297832b35,mobile_recharge
3a253a54076b3fef33f25f1cdf077abe,main_screen
487f8c4511bd46c674acb01a4f25fd2e,credit_info
bda5b624f67b657cf6a18bfaf5831359,mobile_recharge
d28806a814a5cce63fdcc148ab337d7f,main_screen
984f9445baa2073a7dae5cb1dfb12716,main_screen
870c8d65cdc925545ec232368bcb9561,credit_info
6ddfa86ac2d26dedeb91b8ac3ffaf829,credit_info
bcad528d7b1b56286d7ba33906455700,credit_info
418a68badf253557c84ce2c96d1d36ba,main_screen
4534f6ba7d0876f43da042a4f842b36e,phone_money_transfer
d8ad6dacacc65ef70aba8e85f14fb6e8,main_screen
29d57b95b9c6803316560c85f3a0a129,main_screen
883012da909dadf9ade30fc918404f0b,main_screen
91e20b2fdcebe1821cda6516a7f5d138,main_screen
eebc524889e9564ca18d8987e02fc04f,main_screen
1d876df0573512a809ad3a794dcb28f3,main_screen
05970fbe720ee54af33dfc4fd02d5711,main_screen
537a1f02e557f7ebb7bc0890c2bde054,main_screen
72b351447ff316b69273a4a3b9ddf63a,statement
26bc057eb1da4c3b7c7d6406e5c66446,main_screen
145493ddd21ac3cb61a8e7f8f2dc517f,statement
9081a081e0f034e6a632d9e896641a8c,main_screen
d3f14b95392ab937166e1a6d2a511c65,main_screen
d7753bca8bc4f3b171e1551735104ce9,main_screen
cc4b4ecaf68bba977ad155c2462438d5,phone_money_transfer
f2171ee3d9a8885349da82ee57a57faa,mobile_recharge
4f22057679e5797224d956d1fb1cad68,chat
ceb7a0532ffb996b6c844e5057bacf50,main_screen
fa052b4a80b3485bc1e284044b575f8a,main_screen
3071882e1f73d9cd31dd05063cd540e0,credit_info
eac31bb2a65126e182b66325b3f9ea53,credit_info
13c50c95edc39b2f033cc9a389b7170c,own_transfer
3180b0c498c8637cdfef34943121f1da,main_screen
059ae585f4b3999b2bb43cdbef19a70a,main_screen
0d6ddf74e751ccbf22725f520fea6f43,main_screen
97c705e374221f7d6ab5138fa323d25f,credit_info
1afbc026bd98828fcc427001600fd7b1,statement
60de8c1cd5c916aa84317fc2624c5c11,main_screen
b626b93b92e8d1d4e0967de1dfebc02e,main_screen
24474b051835a5d29c5a43a6c2494d49,main_screen
e04e76f0f9f95b6cc9ea4f506f121932,main_screen
6f9b95a446fdcdbf9657611761db318d,credit_info
dea4f25f567e3ce49df791678eb8c636,main_screen
51c78d2633480ca1ba1fd93c392108d7,statement
3b1a2a454f150709b664f8673bc95db2,card_recharge
026618b0b52f4dc5d9f4f752e31c4c94,credit_info
ad3bdc4dc37147ada8c1c99c5b7f5fd0,main_screen
50eb8cd23492a3b5ed26925ac7838b0c,statement
9493f7c3034f7047cd19806084947a3f,credit_info
e340e13b0c8f9365e9a905e432bdb17a,main_screen
bcabd64f9647d3eea16ded179f2df140,credit_info
61e6ba3c79cdb5acc4a2281d3812d5d3,own_transfer
bfb9e5ad923ce4dce349076f17ae5d23,statement
0c34a8a7add9572aec2ca35ca9881558,credit_info
11c53dfd48b6ba717b95b5ddc9855d74,card_recharge
802b65ea614cc32706a04084477b50b6,statement
a2a974123ae229218a527eddfa1055ec,main_screen
268f10b2029dbf3758eb6fb24723358c,card2card_transfer
bbf1237d3f7b99da453b6e6a77fb2615,statement
f2c690e577cf72486a7e186f1cfd27a3,main_screen
deff0adb95b08a5ac2b4d977f5978d5e,statement
deea4e513a6e9bebe878d80f171fb8e4,main_screen
9b4c2255682423f67f6eb30d209bb6ca,statement
3f54bc2c131fbedf9fe2d072122bfd97,main_screen
5a29856926955aad06d94ff06034654f,credit_info
dcfc3e56a71433d8c1ee406bef35efc9,main_screen
9588174f81469ee4f5c1986ba101c3bc,main_screen
38b65568627e3814a369841d87cb2571,main_screen
c122c1b111ad67a5f6fb603a2f2d4dde,card_recharge
fe7a61d84be3ecc700330853a19ec031,main_screen
49342a0c65f7fe110e5441fcb5b15d9b,main_screen
810f79cd324922d0ed7ee19e26f90063,main_screen
c5b406402b1dfc0c6e4bb275d29c674d,main_screen
e3ff7e9554dd3987c050eaac32ac00d6,main_screen
732538237772bd8d659214ed50f22699,chat
fde98fd8e77bd92da87eceecbbcda4c9,credit_info
774ecb603de755a67f634f47438a3056,own_transfer
86f7899d323874ee396ba1ebbf6892e1,credit_info
39a7986668ffe8eb91257c3c126587ff,credit_info
f5bd388279441048a80249b9b540c522,own_transfer
89c62e41d48e1e518f14b37b40819303,phone_money_transfer
6900ed741ef6608fdc5ff108aaa51479,main_screen
9b2a8dcce46c2bdaf9d4c2aba6cecb98,main_screen
d81852079e6a91c5e8bf29e61c670488,main_screen
7e8e9a670136c3ce01c7080a4bdd61af,card_recharge
e41add04a1f157fe22033cb09645bad8,chat
71e2189e0b5ca53079fd121057b3b958,own_transfer
8cdd16a6688d19e9c1d641214f793761,main_screen
d4920d42f6be509665d9ec081109ef33,credit_info
6e398cc69474e54e00ff1df9c0e0f4d7,main_screen
f7abf0f19d7d635cae8aeab951bb9364,main_screen
b3c3756b453ee2188ed4a8e3bf351449,chat
3274c11e4b5d1e73b582b4af234f0c71,credit_info
71358298d982419c576ff5876f906eac,main_screen
c718458fc1298322ac1c29fac0d12ea1,main_screen
ee2eb0ebfd264e0b5540f3a40a03c0cb,main_screen
6cae92e841cca5e048f1838936226c6e,main_screen
f378de68fd852de717ad4a599c5e51b2,credit_info
16b37e6eac6591e8f508c1d562ca4bfc,phone_money_transfer
c79a094fd98fd2d45df8b01bb03ec690,main_screen
34aa51ba7466dbc52d15c60ee6579d22,main_screen
2be6efb44049090681f6627cdb8587f5,card2card_transfer
0b42c6959eb2349e512538a3f057f29e,main_screen
c471374d5e3b293addd574f4ceae6280,credit_info
5071382e7cbe1fd747bda9cdde136ad7,main_screen
19d81d3544baf649abaa30b254ddee39,main_screen
c90f554823a6948dbd81bb8a40825c8f,chat
34b18b9bc72781a2eeb26b4a24198832,chat
88b6bbf499f78a073af1b4891ec151b3,statement
ee3d5c2f6686125a5140f8275d8c235d,main_screen
98bee84af0a51c2ffed829de70eb4f63,main_screen
10d6674145dd8167262e79e0d85e7242,main_screen
29e87c6a048c237766dd6de8adeee37a,statement
32b15abd63347576e825b0e7d1e4e85d,credit_info
fc77e044acf74e5d5f9bc4b51a4a3c26,main_screen
8550662a659a94d049d356d2e1745b00,card2card_transfer
582864f0c668a23027c821212c1330f7,main_screen
8d133d0f5e8b598b8e4eb7d3676c68a5,main_screen
cd35839106514bc585da5e6e3d59ef27,main_screen
261a8d0f727b3053cb389a12768ef81f,statement
9f50562d428a60ba5a1903df452526ea,main_screen
fdc4a891c3acac4dfb76bd02cde821c1,statement
993b7384a8bd66d64ed78dfe0e69da41,statement
4d2aa529a0c1442b5520b0eff845821f,main_screen
eecd6849504acf1878947e9d0665dfa9,main_screen
16b9e1875c32ea4d2fa55e8bd5033e8b,own_transfer
3b477217ebf0ebedc2c4e9a2e03934a6,main_screen
95c237c541565b2572bd00639308f6cc,mobile_recharge
46475c155fd1173aa97470c25f7c7e66,credit_info
6a08a1fca559f671667ab86e8039d4ab,main_screen
c8d62b75ddd1069228f13d206d46733e,statement
a9e26d15cabb678efeb894c78d7a737a,statement
8deafc4a561736530d209ee30e1dec7b,main_screen
83444ce304f981956c5561e95b89e4e8,card2card_transfer
b5138d3039ef2baaa2701f978a46b757,statement
1dd43268705d4a27648dd6bcc448f923,main_screen
1b0cc0ec63cfd2afde57bb4cdfa2110f,mobile_recharge
920956b85045ad19ddac1edae7fbd91c,credit_info
c54cba6e18b45e7d9b95b3e5ff947b2c,chat
0d599646c83c9ac9a3df88321899beeb,main_screen
08b4e21784c5de20cc717665a0807fa9,main_screen
b0de568dd77b8138e8de50c3adf0e7bf,statement
136680d9701de97be042917799ff5022,statement
3244a1336f1094393dd04d6c90d866d0,main_screen
f4c3314d1c0d0060a25a11a5544d2e79,main_screen
51400649682857481341edf0a9563838,statement
0b7c6814c37c40a2b50a1ccd769b67d1,credit_info
97ffc492851720ddeb985c0c57b95f5e,main_screen
e00caea00c89b0236d0183414b00798a,main_screen
26b7c1f7a8ac45b9ee48380c76cc4cf4,main_screen
6f12bee76cb29aae035750ef8ffca6a6,statement
16967dcac0c233cf8555387829995a1c,card2card_transfer
0946672619b932e3ceec1caa636fb80b,main_screen
6487956b0d357708b0f3459c808e87cc,main_screen
3a1d08b4c2b564200176cac99e67896a,statement
4a47ef676ce07bc66646953ca6752340,main_screen
29dc1ca2686fc20b08a6881fa2f0dd0f,main_screen
a6c69209abb3bfa386ab6852cd67dbd0,main_screen
16b370c502958f326e474e7a662592eb,main_screen
d4e20d71576a14640997cd6ddc8b3d00,statement
8837325bbe571a7b49a49cbc47842425,main_screen
fb55cd777a38cc38558a43b6f1dcfdaf,main_screen
3531ade68446cd8342dd463d7a1395ac,main_screen
de60502467baca7a77c97241479bb717,statement
e52dbfefd0b09675b7133cb39f5e30b6,statement
619f10d90bec405f10c44e118f1a4bc7,invest
0b35f1aeffbbad565c85fd5f502245c3,statement
2c4406472c87234a371a19c8fe7978c8,main_screen
7190e68f0b1b2e3c2025222550dad644,chat
64fd4a5e65644d98dd800a8b34e96ed0,credit_info
b307a5030ec83c146ce45376ca5d1faf,statement
9e9a75babcff801db94f72c669131881,statement
8d0c6616d99aa2a0d4c1ec61778fb58b,credit_info
b5c34a7978791d99227ac6639f1deedf,main_screen
c3d125c91efd9b3ce7d37333683c205f,statement
4fad29b1c3d76c4c0246abf5cad683ee,main_screen
900aa347337750b2d497e6c18dff77e1,own_transfer
4c7b629a636bd099a79251c89b21b6f7,card_recharge
1c4b6dc56a6b4c8060355d9556d005c8,main_screen
d837f7eeb973b7a849ec04ddc813b3f4,statement
c8492f966184647fd97049fc8d7b29ba,statement
232862f03e16d27c43e64391bb6e64af,credit_info
6199a302739f089d04898edc7468299b,statement
54089ede16ecc3758636e0a70836618a,credit_info
875e07af9fc85dc2ed061d21142daf03,statement
5a9e2576c9a823332eecda4a5afe97e0,main_screen
e5c0a2ae9b16cfd1983a161417875278,statement
9240ef4bcea983bd634aabf8fe846dd4,main_screen
b36c1884bb315d974d28a883b62aea79,phone_money_transfer
fa38b296cc431e41602afb0e1d7e15f7,statement
516f938b7ec186b096260c2225e8369c,statement
9c5d0f144535c8569d997b6a878de2f1,main_screen
e819545145746ece5668986263f646cb,chat
de244a650f1a806be9e069671e3d6d82,card2card_transfer
aca9c15f37eda8cc5ecd7fabeca48030,card_recharge
67b4f1033085b4451c5bb45cf5749386,main_screen
52d77eb6a1a06f81d6caf5a313682b0e,chat
c8e7b42b625949b71655314ed45c58a2,card_recharge
ebceb176a9844c2d1471ac828af748c5,card_recharge
96a63f61476f0f599b60da34c5a85174,statement
c883560bee459e746383dfb0dafc0870,credit_info
0167a318228c03f95ffc25ab3ac5623a,main_screen
5446d4f2ca8da02eac7fcd1989fc8c52,main_screen
720c5b88fcf4cfb5ceb2a1efe933dcd3,main_screen
10820fc23482b70fe5a0b4c971ae129c,main_screen
87f1a40b11bb1f7f194a680b10c60d83,main_screen
8388cdc38bf327e781f11191c1ee0f52,main_screen
9cc773895acac2ce0c3e999a8b5545b6,main_screen
b02c59320589a6188e9bbf9287303863,main_screen
51a04148f37bcdc856d03dd5fd68009b,credit_info
73189e7462f0df4626c56e7679fb7a01,main_screen
a5bfde85d8b36946d80915667085af9f,card_recharge
0ecb4e809e903032ed8939052801af71,main_screen
d40568e206828848dc7a501ca1ebff77,credit_info
60b73181cc48e96396871693c0c67ab2,credit_info
532c5c76f0784ea11ba43423058fe97a,credit_info
9eef146fc2b2644ffe48c34589eca79f,own_transfer
f876ab4d7ba8214a48c5089188575364,statement
99890cea409f049796e05cbf255d870a,phone_money_transfer
350987f998d51b8704ca6e7b71d3e998,main_screen
0cf2d56940b131b763af139d19dcabf0,main_screen
fb6e99fd923b9527d03aa3eb38f19593,statement
771712536302d98efb41e9d9573c7e95,credit_info
ec928008e42fa67f3388aadf4fa60d7c,credit_info
4c4ea4f412500f661bbf106937ea3b90,card_recharge
6f38f0918d7731d4e6bc202b3b04959b,phone_money_transfer
de9e0ef61196f76828574ef46e032dea,main_screen
8cb8dba1df7b1a20b8105455fb59da11,main_screen
22ea3d36fd8879004de1da0e3f6ad920,main_screen
57436744c7ba58f8dc53f392bf0430a7,main_screen
d4c12e0b381e07368e7dd75d8f998a22,main_screen
ee0024012fe5e4ed75b5b56fcee3cadc,main_screen
30eb3c81dc7282ed0fb0be3ef679a59c,chat
ec6cf4b19a9fdf674970214d5514a5ac,statement
e5d7d77d9e029d3f76f4e1317e5ad3b9,main_screen
7d74f71ac028458753b384b7730e94be,main_screen
ec040f09585a293ad012a1a7a1bec722,main_screen
d066edd7aca2be29ed6ad6c6c77310bc,main_screen
9b1063a5e871ec2db44dba2e6fecf2e5,statement
762cf80d32efc9b506954c1e9a9bb4c2,main_screen
f451340427516f5d7a528b981e349484,main_screen
b3d4fed9a8c285b9d75d297be87b2e18,main_screen
ff0386dd79aa90a2fdbf9e6e538bb2d2,main_screen
b34a13d4b1d61cdd360c0923cc4f60d0,card_recharge
64eb3ed7d9af3c793aa33e6b05e36eb5,card_recharge
47d27a4a0191385f1c7df93c4b0a503c,main_screen
a5be03d790d7fb58fd687740dbafbc30,main_screen
92451e9f7d475c9424052d0b6352d36b,statement
4eb02c46c542b76a572a85380f8df4ab,card2card_transfer
d1d69fce0c5f7fb54b8137885c837a79,main_screen
f7dd6265c534fab7728f367f38287021,credit_info
3b299353c02ea79119fcfad2e6b6cd8f,main_screen
b8cb681a08a8ed5a487e3c38d28ab147,main_screen
01bb028f83c74368cfae5903544dff7b,main_screen
9bd62b688d1809fe21b75869bb85ff93,statement
ba092695dd235e4e63f8f1fc6bc05fee,main_screen
ab37317ba86919025206b6b390072829,credit_info
c48058bb77eda0e28bb112c702c63707,credit_info
632b9ba95c2d940b7926ee5e309a5f5e,main_screen
42e890975bbd764da67e99a0b89301c4,main_screen
1eb3b58995b9a7d4541f9c54d7624efe,credit_info
b2cfd216f473ba32252d40976be5e1c2,invest
316d07cbef405dbcbfe2c46f7dafed5b,main_screen
979b020533f201f447057d6a0d752387,statement
ce891a2fcee1976a67a031ce34909d8b,invest
9c74eee654646ba816655f51257f189b,main_screen
0bcfb388746604ad16512653a0707ab5,own_transfer
d5b02fba8ad07f1aff27303980694e82,statement
320d811638f3c181f2b34848f225f9d5,main_screen
5da2c4b0f8315d2b96d890ca7798c0ff,main_screen
db30d82e7d76f098a900d138cad10147,credit_info
eaeec5fcc10542adccd57062bf82a0a1,card2card_transfer
828c21d967feb7b33e0e734c6947e0b8,main_screen
f96d88980e31dfa46e0d809be2656957,main_screen
d68e365759ca538d70f4194808c3b2f4,main_screen
3defe2077586e5d615eb948a0ec6621b,credit_info
4f0c6505e2642dd81bbf52a9fb22b2f0,main_screen
357320fcadb564cace3ce9942b834e8d,main_screen
eb2eac9bc900e6907ef22544cb837934,statement
6320c98d0e3a9db8eaa5a52f41c2e83a,invest
dcfa1bdc453ae21314a1e168dd54157c,main_screen
22c74627b8092bdd8156c47eee584f2d,main_screen
b7c9ec90abfdfd2f773952e1408a244b,credit_info
167729b60f4a80f200ee628e6f6cc00f,card2card_transfer
dd0a96ffeed7b9a6a3879e91de3a8bf3,statement
bd787c02a77a392d002caff81a2a5f5d,card_recharge
f83ddebe10a9ee0a6337310e7f5740d6,credit_info
a1545e934ed2d6c1a3d0347a3411763e,main_screen
bc573530d9b203396123d3f2973d0b7c,statement
e050e967b9fc4de9d40f515a8477566c,card2card_transfer
e676ada7c66d21239e83a2f5f4b5c1a6,phone_money_transfer
520349ea2fb02f8f1f63c89ea42c817f,main_screen
9a43207bf464f093bf216b92c537b70e,credit_info
95f1f9b7df62ae41f28fabf4552bb1c0,card2card_transfer
4eb9cffcc5cd0dfaa1560f4d3470972a,main_screen
916074f7a91905ff20117e78f114afe8,statement
4713aed1520f4269672eb6f8475a1f0d,chat
43990805d27d9e49437330ec8c7ea493,main_screen
7a81ad27142de7893ec2dc2925faac20,credit_info
9b94537f07917e95826d2d7d51870edd,statement
a9ed2e98bb1794e7340dc84de390efff,main_screen
40a9ed368e3058a81a231d449ff5f70f,credit_info
d4875b1328165221b7a560ed59b70c3f,statement
755ac8402a65c7f0efdeeb5b5ff27a44,main_screen
67347127e1f23ba18baa289328512464,own_transfer
7973ae021b0a302340d1093248a914da,main_screen
b2ceea6fa21fe0eab9fcf6e13b583b8e,credit_info
92acfae69f47baabce53795abad26b9f,main_screen
d0386b5a9bc55f5a06203bc73e12d7e6,own_transfer
1d32406afa8dc1389504bf18f20952d6,credit_info
e0a1f725cbe8b326f295d3b696a457b1,statement
2a25ac82d78d6a61cc352585983f1f8b,main_screen
5c21e2575c84dc117ca6c4686f166114,main_screen
1b0c748ffe7fa39968428a2c4eecdb16,main_screen
73d0b8cf09cebc21601435d8c45a593b,credit_info
75f79be9ed8cedbeb1181a12def3ee67,main_screen
fa3ac3b5d765af004dc2f5028e001726,main_screen
a1d8f9cfad93ef3fd19b46649ad24719,main_screen
8e06db2a8f3bb63ee419983b22674ee0,statement
cea089f433e32c9c2a01e87968d1a42d,statement
f2b32a742a0d6c94cecc0c9ec2f15e25,chat
d2f0b556f2889d8a52b4b9a25690adc3,main_screen
4fb48b0ce70fc2edd491c8301eb5bc92,mobile_recharge
7d5a60b18f2173b63f5f238ec4ee7125,main_screen
35d83b2f91470b6b87325fc133cc2c6d,main_screen
8daae9fe16268dfd92ebdf8ed71bb190,invest
30ee0f4010f4bf2133f8af38354406ea,main_screen
713f53ca4c46fda12977ab022d515d96,main_screen
e1c96e8dcebc363773dcdc275571be1f,own_transfer
aaf6a4311f25b8171e1758b9a26a705a,main_screen
c556e065a975da3ba39fbef7a144987a,credit_info
1c2971273782a91957a39de2d7140606,statement
217fe3930a59232a642da3593e13d5e5,own_transfer
fc1a40c02aaad254a7b5380c6f6bc1a1,statement
cf718c6fae4ba67ddb4b8eef2dd6a5a6,own_transfer
28289b734311e21d899c5b042e91e08c,credit_info
a176bc8e9f32dcbba8126d6300a2c85e,card2card_transfer
818e24bed6055b755807956f440699c4,card_recharge
02a530f82476a2b038b251a4082d53b0,main_screen
5a5c66a21cec02bfe8101f0b8a1bc4e1,main_screen
b4a33d6de5bad525fb1d997a20b44542,main_screen
2d5f2084e55c12b87f23a6b09d7f4141,credit_info
c61e41d98196e2101390cde92883a81d,chat
b98cd4e224a9526af033c1db812f1bcd,main_screen
bc2520ebec4e934025cd44c7168c77aa,main_screen
3a77dcaff29b94209c3a39d0d39f4f05,card2card_transfer
b798c3856103839531151ca8e75b911f,own_transfer
3877b554af9e369d8290372e70e92d1d,invest
109242946d64cace20cfe903143a74fc,main_screen
d94a0d66eb4abcd16a9c66f3753c38fc,credit_info
8a0b47073ffe8d53aed55d435a9993f8,main_screen
41409a151b1a373fed41ab7eaa50cca7,credit_info
3d2e153cb0207e5c2a92a6aae31a0247,phone_money_transfer
e14a55361bfd3ce79a8d811730193da4,statement
74f21c544874dd20a61a2e80efb7fb86,own_transfer
8a3607382311a3dc41e23bdf02e7d125,statement
d1e06334fdd99643cf0a00174898994e,credit_info
24e26480bb50b3972b59f0d0a334d6e5,main_screen
04526ac2f3c96c751a4f7a450521f495,statement
f25369d83dcc4ec9f98688848812e9c7,main_screen
bde32449fdd1bfd429a0f5926b2817e0,main_screen
fa14183020f5c43b30694566d6fc330d,statement
0e410605bdf5ef761c0ecfccc445b2a6,phone_money_transfer
34955a5cd632dfa3fd1db047572deb59,statement
d5daa6ac361a8df040f4b360e3f7e400,main_screen
9a5166af3fffec92965de6e741dd21fa,statement
ba964e02812ef3ed0394cb5ba0226f95,main_screen
0fff48856338b66ce2389c5c8be77000,phone_money_transfer
3376a947731094c5450660e547e4f328,main_screen
4e9c7e3227735019e6d97591c6310cbd,credit_info
22f4e52987a7ce079c95ab06439ae8b0,statement
8ce139edf38d4335b4edef18bf260d76,own_transfer
b4e0a761200cd28081f7941cc1eede2e,card2card_transfer
f01e16403ca201a2f9a0dd4ab0fdc159,card_recharge
e14c1cedafd8a1c00a659649de97f364,main_screen
aa937cd7f0225f34f806a99bbef10ffc,credit_info
1668d9a676dbb3fb2f9a8826a723108a,credit_info
8e556b6ba1ca46480977a039003b5989,main_screen
7e44c0179411b0a6e172ad571194450f,credit_info
71cdfdd15d76a6b7a2be4096f62a53c9,main_screen
eb35f09f5de9df57067f41ccfd30c21c,main_screen
f4c864f163f38b132567a88abe63cfac,statement
72731cab605c2a38d8b41bbca98a3acb,credit_info
f4c6fa568fc796ab3bfaae58c70c3d0c,own_transfer
1aee368fcc1bc94fd862d71ddb75b9dc,main_screen
ef33649b6fb5e707682edd4113a1bfa3,own_transfer
465bbc1848015eda467fa946293fc935,own_transfer
7d010cb9ba2b0ad44cc26e9d04bc5f16,main_screen
3d6fb468fb3f7452bd7044d1de577fdc,main_screen
b38d108ec0e04a9ee4ed6f45a549ed1f,chat
53fef9ab7ebed4a27ed51faaf1ce7454,own_transfer
771c705b0a2e52da0d258ff314f42428,credit_info
821d2178d7a63a68b65dfee0c05a54ab,statement
9977b891ea37a214158b87771502cff9,statement
64269ba67774e56b6150d0b73ed90fc1,main_screen
01e8cfcb792ea57934dc27fe02390354,statement
8476df1c589aa4a9a7962829138e9525,credit_info
b46fba02e6323ba24fddd29008f5ed60,phone_money_transfer
d9924a261648c39342873f41bc2aada9,main_screen
3f84d10de17485aed6c8f14946aca4f9,main_screen
e979d315a6614b7ee8424a8cc56513ad,statement
cc440bb4830f4e62462085125ccfe07e,statement
7ba8675126d9a59c1d46effada98a559,chat
1cb926480a3802046af49d4b6e3a3415,own_transfer
538400a75da725831323c42e57c501b5,statement
d42f05bc47fd0619181ab6071124b0ef,main_screen
9e1cf502a95c08298c8870d596c61487,main_screen
7a5f58f7fab272d94f7594153b8a720f,main_screen
efb7ff7de0afddb168acd996d37213e1,phone_money_transfer
2073347512cb0783eb019dde6b047682,statement
071749e0781d8edb3df08cc0913c7fa6,credit_info
d12d92e9469402ff08898d7755e3489f,statement
5f8530847c877780a1716e661565f760,main_screen
9b1ba679bf6511cf9297e9b67352d3f4,statement
c8ed1d62091a23e05c6e270c08ce3c72,chat
d95aa8ed76fe81253549f993fc3c4512,own_transfer
394e285cfb1730a114684358b917f480,statement
526204a8ea454368da6d099225358d84,main_screen
984d4264baf1397a2536699292f8d485,main_screen
0aa8beb2cf9d0d59a157d3ff32ed9f92,main_screen
ac8c83688d8fe26fe1131fff7702f0ec,credit_info
96b57d30c5402858713ef6e76b5a38bc,main_screen
fb8d24fe189b386857b618a99dbf7df3,main_screen
12b07f1f894a01e382dc8b039d7adf76,main_screen
10ba1714ed8af4066c21553cde11063a,statement
5f5a5cf941b21db63abb252ea5672278,main_screen
9137135f296332789b7e5b394d0bd2d5,own_transfer
705e666661a246f9a6d7133283ef9387,main_screen
88e93e265887fad0fab3444b8ddf3a39,credit_info
a984374d6701e9e9286506ece6eaed00,main_screen
76798db6d145b341f4cb0b2839a4cde1,main_screen
fc59f228f7314f4f5cc92738ce4bb687,main_screen
4fd634daef0864b8506212ad05d9cc98,main_screen
7c7e34721b44d2f616e23e614abedb90,own_transfer
d9ab609580774c3a7c64bde6927ed5e6,main_screen
f484440a41615ac943dccfafc3ded71f,statement
ee8b0429bdbfed868cf743e66fe80862,statement
82c7352117e7e15739c0a0b3824502b8,main_screen
fbc0cf78eb2ce08e4053c79dc68874fd,main_screen
0a5288dae78f59459e9bb9a3dc40fbb2,own_transfer
4a6f58a365581c154094aadebbaa123a,main_screen
f666a423cf475cf04bdaca8bd3294910,card2card_transfer
ebde29f430650ff07e3ffae04240a417,credit_info
4e8a3fc9242e9f39f7e73b3575299cf7,main_screen
1e18d08767030dc17bf81063da1aa0cb,own_transfer
f2331fe747146336d4b2975f7be9432d,phone_money_transfer
1e96bfb527ed7d1f805bfa9256f16531,credit_info
2523c798301028a359a711752fe27d80,own_transfer
f2707fd120eb356b867bae17633f3824,own_transfer
cbb9250ac5d698937f5127b8637e45e8,statement
f80b84953f585939c25b88e78f66d914,card_recharge
71748b40e1f1c016ad918c323f4eaa91,main_screen
645522b9905e5334b3158d7affccb5b5,main_screen
3aca2ac7503fb4c1ea123b45fb0f3587,credit_info
51944066ddc60c5c9cd3fe5bce24a6be,main_screen
62190b4ad85c647499bc187731714366,main_screen
e341321ad584a4e699084f4b22335975,main_screen
2feae7c7bd05b5f4613cf75d0e5b398e,main_screen
a005a8c9521711d4729accf9bb8b4d10,main_screen
90b1f3cc35f072698428d83a844eaa62,card2card_transfer
efe3a05a0da9b8566fa8a6879fdbd4d2,main_screen
9b52205b6faadaac3de5f7329a69ea24,credit_info
c120d66959ebd20970ea6bf6e42d5d90,main_screen
0175a7aea507aa8ef296e90e27099213,card_recharge
479b9ccf1dbb6b55d9e6e96d7683e08a,main_screen
700ae3f4233e77d88939d313b95da8a2,credit_info
beda603f8889e5fcf4dffd4f41114261,own_transfer
2327d935acc1ef9d6f4e3431449fce4b,main_screen
7f05a8a9b6661cbc676a946c2d4bc22f,credit_info
9aa709231c318657c0ce9a1d999d4530,credit_info
9bc9b8795048df178defc4d2762ef81c,phone_money_transfer
21772fedee28862890240de30d391853,credit_info
bdd6cd917f1603e60b27b102a06962f0,main_screen
468c5943b4cf84c29fa6ebb12608871a,phone_money_transfer
7760f971b24252ba888a50c6e596c26e,phone_money_transfer
8d6ce35b3d60d79124a53ff5435e9c43,statement
20b3318ce75da14f85b13771cc5ad362,mobile_recharge
69623c9e1f97093820748d735251574a,main_screen
a04046406a3076704c7ace9a7b41d0f2,card2card_transfer
1ccac7bc2593e104bc4d5ea198c42410,statement
4a7f437ff7aad80a9ff4d9f72f5a8433,phone_money_transfer
63912a63fa4caa60d958b5336d6c41b5,invest
94be36e642ab0d8119b8a93974dbab46,main_screen
3deec424f91dbb4111bceb58f9fe283c,main_screen
84ca8c73e0c075d30de6a8a1653df09d,invest
37d6c1572fe12c5f7432bc281c99f022,main_screen
dd777181fcf071f847512ccd0459d310,main_screen
49b6ffbdacba56a2c0b535995685c85f,statement
c35f9e5141927717e27f504720f03305,statement
ecbbb1c8789095fdcb3af0253c6391ad,main_screen
ae92d6b2db0f5dbbfc3daaf161ea0cb7,main_screen
439afa5297fc215d393ccf17fbab7103,credit_info
bef9b335f1b2ed6f07c2cac8dd040395,main_screen
35a9c0571988798dd99bac9f27dd8b6e,statement
6b78afcabcfbb7a2c39553b0a559d4d5,main_screen
1c80164339069986718c2f291053c2a1,main_screen
3bad61cd93df607a3d1f263eaad72a4d,main_screen
8873f701fd4a70e759b0fd07e126de9f,card2card_transfer
6de7c7a33b5087c34bce5b08f3982277,statement
8475bbd10037c46554ea7faa2d4a9485,main_screen
98ae6cd27228d62dee4a6de8028e9b4e,statement
0cc8c3e18b4c17c5d22153b813146adf,own_transfer
f5c395cde1d892133a4871238fdea987,invest
6f998babb25f9a9881c49b1b1cbd91d0,statement
b3b8b2500d048fd86a9eb3aeb54d080e,main_screen
c3cafb3412984ee1bcd016e1e342087d,main_screen
c133aea3a6d745e79324ea4fec7e93ba,main_screen
94e75143629d5075d28d270f400639d1,main_screen
d82d1bbb880cb21edc4fb1745dcb9a5d,own_transfer
8190bb39f84940587deb4214067b0a63,card_recharge
661efbb7f76c2df41bfeadb7512837ab,statement
f0a72717696ec3da2f9860e5d5c9e0be,credit_info
3ce6ca7d6bbfaf93b992be071e57506d,main_screen
c1661a0f094adc579e62f62691596f44,statement
57f7eaa375e117479567894ab1ac1f99,credit_info
ae2c42d68bf312a264ca7c9f996c5b42,main_screen
b0c0fa72378887cc87af72783cdcac6b,phone_money_transfer
ac2d58b833c2325bdc480ad903458bc9,credit_info
f45727746b6ed6aa8f3065204160e595,own_transfer
a2d115ed1b6f91a7454fe8ab5c5c340f,main_screen
6e1963232b2d18cc105a387c0cd545ef,main_screen
598614110a1aaa0deacdabea1c2081bc,main_screen
c46f856f82e80e7ca2496afec435279c,main_screen
1fe2a317f2d950a3a9394ac5d3a7e8cc,main_screen
9362b2bdb600d3075e2854a8224e1f15,credit_info
f77da5631fab39ab617c2b863055d084,main_screen
ba8c7304765d0ec83d0b167a19948106,main_screen
dc7ef5ee7f6b71df89370658e25a4ff0,statement
9e6ad0e982532e292905577362b3a835,statement
7ef6d98e859f62b2ba2c7d4a42b8d81e,main_screen
59d52e1dfff0fb6d5d7e998c134637da,phone_money_transfer
1dc7be538e578a2091b269140e48c450,own_transfer
c48de63985ff98e77e1dfed8cc5128d5,card2card_transfer
a1fd73ea2bfa2c6b4170fcb296042939,main_screen
f81c130e1480503bd6c605a913ac6542,card_recharge
71a46c3902769bde651180f0cb4900d3,statement
24ca6eb5b00d3139023c5eca56c25177,credit_info
5758dcad7a7169c1bcc288c6064af0e8,statement
6518a256a3bc8e0784690a0ea2b69ee2,card_recharge
d83b4b44b47f053fc3d437ca4f8d467c,statement
ee80126668bd985958ca93236dd29bc4,credit_info
b68ee8926d498981ff8b142509b319d1,main_screen
94901d5c0bd90a2650e4441ce43c9925,card2card_transfer
b6ddb3d5d88edae85a6f81f3b0bb043d,statement
2c80c82d098de76eaa81f1cc2bef44e4,card2card_transfer
63f96be8c95cbb649ede261c73ba6daf,main_screen
8c9ed51002363b89f0d2d5d1e03f0a5f,statement
d526f53b342dbf62188d5787563362ec,statement
d99102c5c054fd47d0c0bce1f7cb2adb,main_screen
cbcbe94dca95fd972c3c098bd12005a7,main_screen
bc57629dbb5c2ecdcea49f4e6f9908bf,main_screen
f9e88fd90acd2fc2e6281072659a74cb,main_screen
35f04c6d5f34a0b1f35bb5d04c407e94,mobile_recharge
8de6e8607c310a927923f3474a293297,chat
4b84be5921c7a36a20f4fad558c94775,credit_info
e340f6ef056537f63bae454875cb241f,main_screen
aeccd4035d13d568512abfa943b02fce,credit_info
db59c2706936212d337fd2e4086e8548,credit_info
f44aed57a488e111149ece3de1490d46,credit_info
86b4c975d306b435d4c01e88b8376fd3,main_screen
862f54ae2abb3fe855d674528420f164,credit_info
0bf4606d2563520398db6d06fdcb1124,main_screen
7dd1fea5bf708f466d5810a0b4777207,main_screen
b05bfe6e85151a11280ad6eb8a8a8d8d,main_screen
cf6cb1f5e503a1939682504bf94680c1,card2card_transfer
575d2ef62a33e9e2c5b6d093b0b7acbf,main_screen
7b612173713fbcc4e0e8e37d9c35a885,statement
72a2430ddaadd3293a4c172d339fbd29,main_screen
0ccfa835417d679702a4e7f10ee9c421,mobile_recharge
1dcd3f07a6b297f18b2b8a8fb7803859,main_screen
c8e49046cc76200419e7b74df46c2075,phone_money_transfer
dcd256d9745f4210b391bbc900dd43b2,phone_money_transfer
7157c273d97f689222b25d7f5100ad87,phone_money_transfer
0e84913f3bba3ae787101243c0fef2cc,main_screen
9077bd40a51aa458653536b20ea60f23,main_screen
968e3b668c1b1ea41e97823974caa52c,credit_info
4889fd26bff5ea87fdcc67f4e9bc6ecc,main_screen
178b26bfc686bdbc86fa7f942df9c6df,credit_info
6dc8f937c43194d2e9f77c251bbc35b0,main_screen
baa7cdd1e0dacc8be67cf84dfecbf8de,main_screen
81fdf074476f04287702c836c452c9ea,statement
bce06b5085ebcb371482f66fbaf7df1f,main_screen
bc047334490812e76da74486bc80017b,main_screen
e93b061b89e4e6ac6fe301ec1cdfa190,main_screen
838ad196724bed60b786ca6cc98da579,main_screen
01e9fb07db16cd9a3e35dc01e36021e3,main_screen
da14d9d6db10c98753e3a93cd8c4a7b8,main_screen
460545dd1b51cf0b1f5abbf02b004a92,main_screen
8e3255841766a7f9de34d9bf4041a70c,main_screen
0ad8d2d2ac085be272a56ab240d29fcc,main_screen
f4206d9931adb40aa2bfe00187922d88,main_screen
be4f8c77b00c31647ab5bf8f600f4bc1,card2card_transfer
68707c2b8aa33ef456fdad08eee60b62,main_screen
c23ed5c398df224d1e4ce5c39e498488,main_screen
e6158f22091067416aedd581aeb96d50,statement
3bdc9c3cebbb2ef02e0bb22d5f5e9ce7,main_screen
9c0297256aeb6fd32308914a8cd47c56,main_screen
26c11ba080b85b6291c03a379ca69ff0,main_screen
81b267dc6e5dbdf58fba9edfb9bab041,own_transfer
ac08b000c955ab5600fc167bd1c50e8f,statement
3c032a259a541ba9b06da4fb71533e06,main_screen
409af867537173d58d8170be048d29e7,main_screen
cc685d670cda23b82c3bfdd7d8abcca2,own_transfer
30ef63db6fee7f191f79add3061cca5f,credit_info
466150222a35757171f6fcc133ee0051,main_screen
75d7043a074e7178891160efd19a333c,credit_info
1a4d94fc155926e32dee5263a5e9693c,credit_info
955a5ff49cce9c78f077daa4d8e4a536,card_recharge
6f4a308e44452faadc9153bdd02c760a,main_screen
74053853994c1afe00a60e635d733df1,credit_info
2b43a46fe598635071360b2f7e8eb67d,chat
d0ed7c8d014e01517006533414b6796b,credit_info
1fbc470c4e56e658b23081f80379f900,main_screen
172ea522309570d3654b3886852ab937,card2card_transfer
d0fa1664ba5f95e46d8ed8934f10783b,own_transfer
5fbc50c4f036ab74c18296c748677f60,card2card_transfer
d4afe26276141051403d6f8ae65ee6cb,statement
c059b646a76dd08ff8dfc3adb410dd2d,credit_info
4efe4cfa325c252dc1d196897dc73fa9,mobile_recharge
b34b984c3dbdaff2bf4ce3433a86e3bd,statement
83e22d9f52c459e088183c5deadebe01,statement
ecce7afacc19fc4b8499fcc0dffcf6b5,main_screen
2057a5ed5310994b537e6b328fc3939e,main_screen
235da7e374cb9d877e8dc56a496d33ba,card_recharge
2625693690ea2c4a15a5adde110f62a7,main_screen
d50f8abd7190a0f60875fd20caca11e2,main_screen
1f12a0320ef7697ed459051cf0372ff1,credit_info
42cc4c7c5746b7edcfe87e38ef13d1bc,main_screen
0abb12e2d30a1a79d3581d181d1166f0,credit_info
a566b4bd34dcdcc1dcb7d1d2bc1dd30c,statement
7a13b276b20de11690a3240096eaf46f,credit_info
1d47d3ddbb8ad4c43c29686fa8bb0b01,main_screen
a6623b43ce3f885394d277624f20f41a,main_screen
4dd990200f2cb7b9018552f2b20d3cbb,phone_money_transfer
c30ab3fdf56ea5124928fcc7d642f502,main_screen
eae66744becc06e55f25b1caa8031b5e,statement
910c868e088e478f0d1fb95ce837e3a5,main_screen
76721cf077d4dc4bf2991e964ca35728,main_screen
6f1f63cd832326c3196a334366abd137,main_screen
1a79cc0bc27c181ad2a77b130bb3ef3f,main_screen
3c31b826c9d6fe7c0174111c9115b845,main_screen
10ceb101ac0c3ed357fd8ba148089291,card_recharge
8f1246b0f1f888bba80825fcb78c0337,card_recharge
f5d110e58b8dee4bfd41a961282910e9,credit_info
9d04fe240b43408c1e722986e4a2cce5,main_screen
55a7a865df569dbbcd7f7dfde26b97ab,main_screen
b3407e3be77f4a6852446bfdadb77694,statement
a31125e643497e6b90abdbe69cc72b25,main_screen
10c9c3f8ff60fda961c2150a2caf6251,statement
7646eb35a910efc449f1638f885de761,mobile_recharge
4f338a86ae4ebb973daeb90c1302c5b6,main_screen
88e495604d804ed3f67adc17ad26489a,card_recharge
407a0c457e7aee9bd5d89f05cd35c11f,main_screen
06d6078663e9a31ddbe38785fa76cbe4,credit_info
aa632dce017eb3cf4a96bcae6bc38597,invest
b50fb552b82a2fbc0d0771eabe888356,main_screen
4dbdba2b4a83ac2e705a2f765f722d5e,main_screen
6add77acf8a81ca580239e9235eafca2,statement
60cba0458be314d67f82c5a867da7cd1,credit_info
1b1497c86cc12712299cc674a2f9904b,statement
bc7185ea7406373563320caeba804b5f,credit_info
26ffb342c9bd3bd3be3e4feadbecae06,main_screen
c5999363aece33e6a2115d71e318c5c1,main_screen
17192e71ee9fcf3a9b3f586406a808f1,card2card_transfer
48e5813ebf0c381b77992c0bb47132fa,card_recharge
9e67cd30cf29176888010c8844fa99d1,credit_info
89c55eb7aa50239117ae89c03e7cb6a0,main_screen
120b45b5ecab496b82640762870993be,main_screen
eec97e14d1bbeb802cd2cfbf10060185,statement
14bdd7963604bc148bf1c7c5023ef84f,chat
3777986d32c4a39ff2996a494675c0d8,main_screen
1884f737d5924ec0c6929b3f61d30656,main_screen
35949e89d99a933dafe8de15f1c4fae6,main_screen
60704d541f3a5f442dfdef8b4f17fb7c,credit_info
78de2cbddc86035b398e220dc9a06aff,chat
489072a6eb09ae87ab3d872d6a84e0f1,main_screen
ad095d275b4bfd7506b0e8c5dfe538fe,statement
8e0ec1d98eb4edff7aa9a866684c2b54,invest
74770b8c3a11e867a728be57a3792934,main_screen
868bdf299ae383ede323376f372d99b4,card_recharge
9e7d1a732dd8a8dcac45476bd814603f,main_screen
3bff10b1151a1039b152c9ff22555f88,card_recharge
a82d1fe3fe9f8050fa4b042c2740bff8,own_transfer
288049382b8134df5cd04a53202a9c5d,main_screen
f1db1cc24883b80db8ac946adf4f8a97,main_screen
1c1b432bb7b50738e52d59395749fb2e,main_screen
a9260de752825560c71fe1223f4a9b26,credit_info
b174c46a6e5ae23c1c41cd2f3242177b,card_recharge
f9cdcfb6b0b3e8cf1d67abeb7ec76b17,credit_info
d45d520b21efeb90483426d11409321b,card_recharge
881f150d48b8fa15d2cef0185d956c0f,main_screen
4f0f323a386f99492ab29e21ce6dbe0c,main_screen
0a84a4076c12dc2d2770d91d03cd7c21,main_screen
b65be86a56f1233dedfd02eaa344fb1f,main_screen
e0e393487f5b83d5c10db743eb2a477e,main_screen
ed53fb6a5b832fff6f485fe366598e90,statement
72a2264a673a3ad2749a2628a21e957a,main_screen
728efefbb4eca4ac9550d1e77737920a,chat
0ea803e9676f037cba50b64511ca457d,own_transfer
f39eb7ddfc0305d20795c7105896d693,main_screen
d138d478d3d60316e36a19ce069881ce,credit_info
3b94b5ee90cb0c1544c42101183bdfdb,main_screen
5de81c6dec24aec6c123177f098aee41,main_screen
966e413a26a297410538abb8cb83a974,main_screen
adec4aca3654f6200fb98ae618da96d6,main_screen
ef6e69c7aac2b5ccfb823dad5989525e,phone_money_transfer
1fc6a0ed98ef08e08170e5841d1dcbb5,phone_money_transfer
bce6f5f44a1a25b4621262e574b68ad2,main_screen
189ed602fd5ca00c29cee22b2dea2c0e,phone_money_transfer
8fb78a6c0e95a0632995e48f499ea0ee,invest
568290a1d33bd75205df9232d66153da,statement
1d23a106d7a8fa1e05eec2d2ea9f9d6d,mobile_recharge
c6376ddf30e54e38db7e63efe9cbdf5f,credit_info
e48c7f89ebf85a7f6dca81c17ca3ca65,main_screen
73cadae9d4124c84afa04d8ca4d08082,main_screen
b08acba364d041d71dc5035c2f422d84,card_recharge
524188d16ce862dcfd170db06aef8907,statement
75ba7292dce1bc743f6b31b53e740173,main_screen
d6c23c45a61b42999420b89123c5f815,mobile_recharge
81ad732e4dc2d80131146ac067575e06,main_screen
03d038103ef9e04fa1d0f4e3947c8549,main_screen
e41bdda8042fc9511ebff767f21e3e81,main_screen
c80ff2cc365a6fae10c7525888c159fe,chat
fac8c6d75d6fb4f05774323a815a8506,statement
f8f067bf5c117c0ff3602850aac56174,mobile_recharge
59ffd206e33555890a353a460eda250d,main_screen
c31f4069d19060caf5e730a7c659d782,card_recharge
958ab2b9b427ac10bbbb945d3c36a74c,main_screen
f68372d3320588f02bab727aab5be7f9,own_transfer
56cc90d13b78fb839bd2ea1bd6468c9b,invest
8e0ce3c0d5d6195f87ce246d80e8fb7f,card_recharge
c3ded7df9283987aa2b8d74b8c7b9ed5,statement
e41f92f5b0873c5f62c8d13d9d3db09e,credit_info
aea8cbe06c1a78d43c230c27a3fc6298,statement
4f7608ecb0220cb448b08721191e838f,card2card_transfer
e165d948f7294d60e4259cb951f66474,main_screen
47188639d3fea7bb87e6335dd022da9c,statement
8289476bd6bb4e7d7213dfc816b0d65d,main_screen
935ac38e7b31bc0590453221e3eb1c88,main_screen
ad55d06d6b07a28e3bbe6acd60e26d3a,main_screen
b1f152d3379571fe5e704dea49ac5a51,own_transfer
0b5eb4a52b79c4314b66fbc36814fff8,main_screen
554e3f5b25baf16ccc098b74fe6e87f0,credit_info
c8e5dd7d6a85b569d31d58bc110f699a,main_screen
dcbf35aedd9f60401c56fb5bdffbf756,main_screen
04d9adea2258b80316b1a811839f2e99,chat
71b66f4834bb1b3a495c3666887648b5,credit_info
cee9e483336862645f89787a6729c479,main_screen
4c7da54772d217e49c2fd1f1b002fc1b,credit_info
79ce8a713a87bf314c14589fa37913bf,main_screen
e4aee8ff3d300cbee363b0d1e606df8d,own_transfer
947ecddae26dedeef4926342259b93cd,card2card_transfer
ee38f98267739253eb3fd693bb28e63d,credit_info
2a1335bc2c1b66cbac12acd0d8e87db8,statement
b64b65f28d9ce55cac6c1606ded1df4c,main_screen
42e6de50ffd130e016af6d392037d628,statement
50f7b07ec2da7d45e63d0938d0fa8a6d,credit_info
d1a4aea78c2088df214e4fa072a2e8ff,credit_info
975f59f168343572660434a259551b4d,main_screen
5ddbcd6df219774b8878535f0772dcf3,credit_info
4ef20f7234f468f738ceeb809e518fb7,credit_info
f5d3a8a9c94ac232d04d9aae9c8c11c2,credit_info
281379942f2716d754e7a5a31595faf1,credit_info
95c346031b01ea465a0c8142c7d1ad18,statement
b00f327dfcf2add9c2efcf19d22c3a2d,phone_money_transfer
b668563ea18720133f19fc38c743a5a4,chat
f2c190f724340c1f23804f0b5ae085ae,credit_info
276571e79218f51eb8bdf17990adcd91,card_recharge
1d9147dee3f9a4f1deb87d017fd3ee9d,main_screen
c9147745877e7e18b32edbbd733ea6e1,main_screen
d568c655e08783efa35533df0a839691,card2card_transfer
0bbd9a0894b8095259269e77f43cd08c,statement
e40fa4b4b703309f8389351fa58e5294,main_screen
c78a5b0c514394b3912466ff57a180db,credit_info
5d3da382f1282080e6d0e089ad527f2a,main_screen
b773bb770243efd247ab477313619bc2,statement
545c0a49f0b8c40644dc327a9e02482a,main_screen
6bd4cec2c8fb562ae3c5c7b513cb05c1,main_screen
6071d80a71f6fee1b9b41a01a36bea99,credit_info
73232ecb50f58baef63431a7f020b491,credit_info
ab092c6bf28d3974bf661356045d9fe3,credit_info
52dd0db60e0453ce1f68b5e94975758e,main_screen
bb97e63f338bc1a799c41f7ff26f01fc,chat
a162b8da84f368ffb93efaa3e4229763,main_screen
4dc70b6ffa6aa2b170aedeb77672cead,statement
d676468e8e1149f20f5298c0e5fdc018,main_screen
ded733eeb8a7a5b0b5e0cca952041ce7,chat
989f645a00e3e8a179036cf5fd5be29d,statement
659058fdb4b9852a4921abdddda19501,main_screen
4e260b7d2f40701cebe60631df9fd9bb,chat
5c3719897739d4eaf35d6cbe96d23572,main_screen
bd96f2b962b6d4a797dbff1d4b49b291,main_screen
a3b38286e0c82d29c6d55cce9d15c1f6,main_screen
2d04ec292ca5cd427769d4eb76b05f97,statement
250d6b46bda3ae7f544246fe36cd6829,main_screen
b233d5e4bf2b8cc1612ac9270119680d,statement
11744810ba188cdf451ec0a19d565edb,main_screen
0941bbe19123477f0cb4f664d32dd378,chat
bd87471d1111370d1e9eacac4fec15fa,card_recharge
246a95a6c5d338b866c11b7489df7180,main_screen
bbb36af4e6ee4886417076f0b7215590,credit_info
13b8402dd1065033bfb3efeb162a5df7,credit_info
fe6fa834cc3efa4373fb50029631a0de,chat
958733e94ef82eb26cf33c1a48b528d0,credit_info
0005e7be2d89541ceea6b2f0bb4bc790,credit_info
494f21a94870cb1f031e0da2a22e513d,credit_info
6cc82ddb5dbfa98585f83033b16cc978,main_screen
2cb95af3021621e02f7e902ed91014d6,main_screen
4b5bb71a135d052a2467f6def2772733,statement
c63fdc9497a5996c66d0e08e1c1f0d32,main_screen
4963cca4289d74e9048d33d455304d0f,statement
7bb4fdd1d7b787defbf21674e0f4c693,main_screen
3b296138ea4cd2eff030181d64f4c962,statement
c4d2b3d79d5666692f39cd6f15ad7582,main_screen
a8a640c477ac2d73ed31b8ab733c185b,mobile_recharge
7786c48f573139d2ef183c5cbdf4d690,main_screen
6da223f2a432eca1294ff12bd500f04f,card2card_transfer
ac782b756ba2119a3f03024118658051,mobile_recharge
efd96cb54b5a9da7e351af256c723e87,main_screen
68c71eed8403feef20d31be4aa8a5ece,statement
d15474e2cb9eb4ca68415de3a200b97f,statement
012bb3b8809249ab4caefaddee66cc04,credit_info
9d608e5d32c60ca79a5be10fc8a59903,statement
0c4cc83db61568ca4550b3ce82afcc14,main_screen
cac737657bb68415a7abc7f7376753d3,statement
bf204e4f040f90d89dafb3f75760c986,statement
bffec0b893013d8cfc10d0f7c085b752,statement
291272deac9616495217e55725c7e25c,credit_info
e0d55ecb394dcf5e9321bb09594405c5,card_recharge
4622808ea4b59b7eae4c9475b22740d3,credit_info
f38dc67966d6958b54eb427528d9179d,main_screen
88b0b6286460f23222dbbc7a4e2f4175,card_recharge
acca673b3ccd5a480e5596917badfcc2,main_screen
ad6f2de1c054edfa247631010b551b47,main_screen
116a52be247a421158d423dd6049787d,main_screen
f9b45e471a64a65743eaa5327b9ad77f,main_screen
98865cf32b7e577d37d7b18d6dd01339,card_recharge
e418115579bd695acb3b3467939fd74a,main_screen
a45eb3a39b053871099912ae624c3eda,credit_info
aae7e863dae7599bdbdeddb47c7b0ead,own_transfer
834baac65f8577afc4018a499e9aef40,main_screen
d9349443c2ee2749f1712ba2b4dd55b8,main_screen
d6e1416a18423b4269d2e7d0c4a5dd5d,main_screen
9d64d3f6633e3ece68494d066908221a,statement
f0c8a3bd4f03965daaaddd34341ed8f0,chat
38782311acd99f29a337554bb0285f05,main_screen
0904105220f612644f94acadc92d22bf,main_screen
64d58167e7f2411e44fe9fa7ba0cf081,mobile_recharge
1ace73373d687c59d022340531c6abd6,main_screen
e895892f677861483875ec66407873f6,credit_info
ece40def6f67852957236e28abcd9243,main_screen
bcd29552011ba2db8fa4a03ee2470edc,credit_info
a59a810cac2206b399d67586397ceb83,main_screen
ff6dfa8c6099fd069f638cda6ff4ddf1,main_screen
6b9b77cfdb98c4a18e75c8c11194c83e,main_screen
6121035f36f49b0d598e77ef42495e02,own_transfer
8c35260e6c23d46a3bc93a428c4b7a27,card2card_transfer
35da34dc19da62f1714f24cb07df70fa,chat
c1aaf826ffb2f5aeb4458090de38fbc5,main_screen
0dc6bfeee1f6e4fba2fd85e9ee7ba28b,statement
fe6679e3d967008dad2be2b35c1ec304,credit_info
45fc5a7c4f4b0884cb17163c47420960,main_screen
5ddb90237c917ed9a71268bb47c8984b,credit_info
cd61982dede18f87dffdaa2de4c44e99,main_screen
761dd63e74e4a08570cb2440576dfea9,credit_info
20213918f3953281c8dccc64337e5452,main_screen
45a43404eb456c2a073c7b93e85ef03e,credit_info
037e487134423cf0f4e9bbec6bf3e04e,main_screen
2f50274e0eba5108a4dca4bc58489b69,credit_info
36d490bad0010d930ce6ec9c630446eb,card_recharge
267ac35deb8cd55e3eb01e84223d5285,credit_info
00c38ab6dc801dccc8279d8c41020416,main_screen
54144cd9bc7c3f809b78cd92a7e14c11,main_screen
36b8a5dac4e6a24bca4b585f44943238,main_screen
f5a377213d744dfd1c094d6c70f4ae43,main_screen
5274a1ed9668e3798de70e01ea6125b4,main_screen
a72a9e7c8ad23d4e5ecaa09be4bdc5d7,main_screen
cca6251b12fa7e9742f4969ea4ae5b6f,credit_info
c38afcf2fa47c1860639b83972152e3d,main_screen
1b2aa8464f9795161f8d09e1f4c2a4cb,main_screen
3dff12e6ba06dd9f271a66e2d9dd49c8,phone_money_transfer
e48782a10564c8e06ceae5c7e0dd9caf,main_screen
766970e1dfc013d9c2f661866112d226,main_screen
4c2521cdd97abc016dffdb808a0eae05,mobile_recharge
1d0cf358fbea4cefa706010b761bead4,main_screen
bad57c9473df188e2339fafbeb1c3732,main_screen
3123be57ffbcddb00fec6b6c6985f742,card_recharge
efd8132c190002f7d1c4ad794c09807d,main_screen
2794dea95591d6ff385d8ab6c7bedb9f,own_transfer
f6e2f89822ad61ee6cae5fa41367993c,statement
0e1e8f6192cec18d62539c4eb1a557ae,credit_info
465ac6f48ceedb66f3c79bd92bd83f92,mobile_recharge
9120a2993c1a2f8cdd1e916534e4a311,credit_info
66710f9366e9e4572ac54ce7ba5c8efa,credit_info
0bc881de4b37410c75cc253bda41d552,credit_info
58f031d87710cf8730e9a4c15015b659,statement
b7fdff6d6c006fe9c6f3488afe42fb76,own_transfer
20f340fe1c19ee83a5a78244b316f06b,credit_info
9a2856a638926a22514a934803d5e535,main_screen
fc1e2ac6f08b4645de2f940fd34e7e00,own_transfer
86aa0ca42e1f8b996e5c058a7ea35107,credit_info
b6f98aaa62f35e7c16e03e058020af6e,credit_info
28aa9367467d6ba26055aa291e100abe,credit_info
94913ec06153311c6682d0b788d0d723,main_screen
cd0c8925401fd0374580478869ed1093,main_screen
c2ec53f748f1be31ab8843eff458c285,main_screen
b5025f6400226c0957d4df2dd756535d,main_screen
afa6837e083476f4e06d0315bd58e590,card2card_transfer
71aab3e5c8ce9639fedb1e3e550ca05b,card2card_transfer
0bbf13ca578d1c927439a6efa8f9b68f,statement
45e386e314ae091a2f96f5faaaf1f2a8,main_screen
54c36a34174070e285fdfc118190acc2,main_screen
e0eba0aba94539bad757279307dec59d,main_screen
07403d3fff9070278805a2a9822a4db3,card_recharge
ceb9c989e33e93534063448c0275412a,statement
0092cfce47d3a6403e7ebf26b7004cab,main_screen
ee468695849ef0b964369c853196a146,main_screen
3d8ae2c906bd4a486128ae25ec43b22a,main_screen
3aa8ea688a2744409c7f6907f54aadc2,card_recharge
6780218546bd9835764e8cf4a0c48c1a,main_screen
4c3b0d45653843c56e0357086fbcc26e,card_recharge
bd7ac725b59d9bd4b857e8f15240bf91,main_screen
64d234db7d78f9cfaa7b1da125199281,mobile_recharge
ee0a25d04d5d205fa1ee14c70f97a43b,statement
9141351f217656eed9306aef44792681,main_screen
ad768bf9fe32c5fb4eb8a2b378dd333b,credit_info
1a398daf7c9edd886350387008241bec,main_screen
2ba36f886f5c2f06dbc5a61877047cbf,main_screen
cec5bb6b6cc9761cd28f6e5aee3c44dc,main_screen
0b5bbf8f3747f22658822cf4d583a887,main_screen
2788ecb3130dda595b637cf29a96a8eb,credit_info
a419cc680767393458898355a69cf275,main_screen
0be72ce4888a90ac9e53240dd53941ad,main_screen
b69f37b6224ce98d79693f01254b55c9,main_screen
31e5f2aea79351964659b5d1a46f5f72,statement
48488bfa9e32c486801a4440ddf30fa8,statement
1ec51ef707367c90f6c04a93e483a0ad,main_screen
b58162c27609e8215f2e675b4142312d,main_screen
9117fa400e482a63b2982776eaeedbbb,main_screen
91bfcd8fa2934eba6183039c974707ac,main_screen
1f0c2b407377cab6337153a9b38f491c,main_screen
6ceaeba268e9b69a262b4853a1011ad4,main_screen
5c862b74ddf1f321755f6fe4c5f9b927,card_recharge
01fd6a95d7326b8cfca79df5a5845f5c,main_screen
124ecb9e90c5956cca47772972d50e36,main_screen
20efad0c522a2abf63c6b2b01b94fd12,own_transfer
8644394c1e882d213abc80b11bb6a5b7,chat
ab81e6f3c40f5ac7419900c16cbce244,main_screen
7bf2c0db75a1df4afc581e635f65e130,main_screen
a32a6f74854668e000162878c858d9d7,main_screen
467e7937106367599e6707021b527076,credit_info
5ab875373ce59c7bef7c9debf66be60b,mobile_recharge
3a1cf677229473d80f25c0c626fe3622,mobile_recharge
877fdb28b35a0863422ca5f0a83682c6,main_screen
d0f9e78acd119951ee5a96ddfc2b24ad,phone_money_transfer
cdbd02415fdd50eb7d715b82cd0fd306,main_screen
07825791247c99a4aeb4b58c1113de64,main_screen
8f1262f9262d55ea43a17224fa644014,main_screen
36b9b5da507f585951bce06a1525e68d,main_screen
9c862dbc64bd5da28ba3a44f57a99d1c,credit_info
bfb7f38d520719567a17d3b78cf73367,main_screen
06095ee9d41a4476f670696974b1d9f8,credit_info
498983e2df693e48a158b3bbc5ff41b4,main_screen
b775b9ff410740331f490032728a4640,card2card_transfer
7dfe91b612d7099c8e02ea0635d7830d,phone_money_transfer
a71a51ef6d9c2b145de96640210a08f8,mobile_recharge
a9a22403eaf5bb2c323335464d6e68be,statement
37c5817b9823d5360983038801f4e8ab,main_screen
a09b1b72d5603fb6f73003c8a1cfb706,card2card_transfer
f60da4d4f251749c77d4f1e6cc8d978b,main_screen
8646621da360ce74299140ea10cef57d,card_recharge
feaf4f34e11a28a162786d18fa88551b,main_screen
39cc88248db2540780e8fe70a3a5796e,main_screen
a97254316b7b050237b14a60b1e3ab03,credit_info
d1f51065b86360c4d0e00dce0c03988c,statement
aad43742b7d3d3b49ec4ca8382451b62,credit_info
b55ecae152343bc577701ad61cb615cf,credit_info
d7dd6119bc1fa7c526b3ce0e569c591e,statement
30a99d42e68b590cede91a9679730c55,credit_info
ba321ca8e4dfd808427e4ae4313f56bf,statement
c63ee2115f76c4b7bbdcb9feebff9b2f,mobile_recharge
ad551072b608af8d4becb5308f3f92f8,statement
dd42f964b29de871e31d6c35772e8f84,credit_info
7347b5683f0a8a7717bc3d1b70455f75,card_recharge
8d172e1c6ca6b0b467bde2f6652b5ed3,main_screen
acd3d0d29b4cde28655432219b192ebc,main_screen
a21c00087f47725ad94b9e57ce84a9db,credit_info
afe9546632b5a37df2743cf97ebed2c6,main_screen
56b49a4f8a0f2554eef9505f52c3a31b,own_transfer
0b2a0714433c2a633308d764db1f9f5f,main_screen
b3d6fe8d1e857f15f09e4f38a065df2e,main_screen
ebbe8bcd53adba2372d55e0df46a76c9,statement
6a097b7da4a5afbae0c59cc41b4f1cc5,main_screen
8af5724317e87891857b59bca0130f32,main_screen
f75acfaf4843469a84e56d0b46a597b2,chat
9c878c14b9a00dac8743f42c56dfa348,chat
5954a691422fd1b9c4f590760e5e095a,own_transfer
112babb01c68dfe5b2fcb8852f9567d9,credit_info
c70de8b62b4cd2c2f91bc9932dbe42c7,chat
424867699ed217b6d253970f83ae3276,main_screen
d2f236032f6c8cb62986c79aa2e6433f,own_transfer
b041041ec04c0c25cb10c8290424f4d7,mobile_recharge
2acf698bc9e003e25c497d5dcae83e5b,statement
7678157db44a85ebbca43adc0fc1a8f6,main_screen
7928752703abb8ad73c0848c19b09d5f,own_transfer
fc9595c7142fb0793097a1eebccdb91a,main_screen
fc3b84a70b513fb3bc89e2bf11e151c7,main_screen
8dc22fe1694f8ee5c85a3d95e6ec5aa8,main_screen
235b7a652467b470f436977740327428,main_screen
0443fd74e954545959caa6e83ad09ae1,main_screen
58820aeb82dc048cc82e26dbef003033,own_transfer
e808e8299234b035df350d43c27f8c9b,main_screen
dbe093387c627b6b3f3382ab979a03a9,main_screen
b84101d7bd4fcdb22c0e315eeb588930,statement
d037d551204f509bfd56ba9111832fae,main_screen
a98c475fef47abeee0cdce4ea01a7e2c,card_recharge
e45c08931975b92c7eb267649a7242fa,chat
97e648ae8b55b7efb95dcffe638919fa,credit_info
6c5af402dfc9ab0e9bbec7abe3d6c17e,main_screen
6c435f80b9db1d42322f61f243c8ba20,main_screen
d77ef8090bb8779f3a39bef524e18c38,statement
db7e268d3ec66d264cd6536f797f69a5,statement
6b55ef308b8df935aa6effb751e1f978,main_screen
555277cba9f764dfb0dbce9ba00d8a4c,mobile_recharge
87719c5c0dd9a74fde48ed30bf3a31b3,card_recharge
b8d961aee7d67840a19d205ba78b5a58,credit_info
18bc8bd6af283a946cf17d20e6382865,main_screen
091809a7ec8192c8f3c8353551a23bd3,main_screen
1dbe54e027a6ba7e7261a304ae330205,statement
b8d3972b33dd2d5218b2c6eb2a3a3d7c,statement
5a9092da8ef30462a2c09e554b09eb08,main_screen
f1e8f06d303dc5dec7ae8f04293274e8,main_screen
a2cda152e85532554c97fd24165b260c,chat
60e81146cedad8c312ec2d3f0b88e276,statement
bc0dad58578c61958bffe28d8770d81c,main_screen
0e7b7042f862db1cb2d40225151d76af,main_screen
57e7351c7f59719c77e6649ea34055d6,main_screen
14d6c18dd60eea074390065645ab1e96,credit_info
258c8a34700b75ab43668c84729eaa5b,credit_info
9b519be6fc91e9b56e121a7a958c23f3,main_screen
6eff98369dc88cb98c6f320d7e68e335,mobile_recharge
d984889adb4e63d0798d058c1e231a40,main_screen
729cb84ba42425110e7569d8583a9bbb,main_screen
17b623c4b6a5a1ee23a2aee7514156fb,main_screen
20347181bd2903840f01dc0c0ba3b119,main_screen
25a5f2d33d3ecdc3404003dc50c20f4f,card2card_transfer
f75f5cfb5a680ea0d6613bd6b19b3869,statement
fdf5f0c3762c0d993a4ef0f77ad7fd3c,statement
dbaae913d7cefb73000af098971d5b3d,credit_info
9eb75ebd82891962f601fa88e11eb330,main_screen
3c415b11b0760998d5dca39a95c8b85c,main_screen
977aa718255c86a6559c7450c5db123e,card_recharge
5efb5edfd89f8843aeb322a23e118b43,main_screen
cb11a7e03c22414b6ea68a32bd980623,credit_info
b9e66d17c5887af4fceee3922f51b9dd,card_recharge
b306ef4edf0f9c7e6cec58775ccdc75a,chat
66ebe407fddaf49460ed0622b6152ca5,main_screen
b7cff3c4c7ed4e431022aefc89839add,statement
9b970f4444f050d8e616da7039c85978,main_screen
0207511a55ace914ca776e3728bce0d4,main_screen
4c8a7987784017bd661c69d6509a733c,statement
0b22cac1631bfdd1ef128320c6eccc42,chat
9e24034a5ec25f9131b3fbfcec065321,statement
7810c329d8324d4e7bca715feaaadf3c,chat
429c5073e473c71169c79485b5c49f11,main_screen
4bc236b2742181e85aefc116e02ed3bf,main_screen
5c92e0dcf7dc7d1842b693b911cd59b7,credit_info
bedc31a8b61a553601a0226e173a5bf6,credit_info
02b47366a43db61e2ca633243389f329,mobile_recharge
cab2b0143f59a4d8befd73ebd3ca37e1,main_screen
e5b119b18d2c1feffc6d584ae90b6c60,main_screen
3a98c5bf94eb72299483007ee0f5f1cc,credit_info
1d21175773ef6e452342c599f82aafa1,credit_info
1ca23a5c70eb642d10b9419d33280fe8,main_screen
de807c7cb2f2db084c74bf3eda70feb5,main_screen
d4049644548598ee3201e21c6a719117,credit_info
bff520484287e5450d2d5311d94f1dea,main_screen
42eb3a3c4cabe68628ed9ad5ee14ebe0,credit_info
3299ee65b328ae41ddfc9e429e8a7d10,own_transfer
bf92b16b9b647c7418f3a564d1bc2627,main_screen
91481a9e7939a51d34c77d3e35957a98,credit_info
34bd00f9d581e6245d9e8413b6adb033,main_screen
f05ee5b10653c3ab7f0717dd111c9aa2,main_screen
3b711c9996a50244b98c5a5d206d5bfc,own_transfer
07f7538fa8d27b960f223ee91edb0d79,main_screen
458384bed958c7439c75c11b33fc0398,main_screen
2a8207bad03dc2e308a2ca4752e7dfdb,statement
1798970825e32b90a5324b19cb4bed34,own_transfer
1f034b629940f3e7027d7c8796034551,main_screen
21dced528e9df66bd2094ace7b421a6e,main_screen
752b9d12df207bc722f35fb248a0beba,credit_info
e9be371c1fdb35d7f61cd8dbf4fa3984,main_screen
47132a29cef2c8624f7e701db5c9dc98,main_screen
7ff00f3c00548adfb7b4881f70224236,phone_money_transfer
d3a740484af6f8edf3f178c3dde012ee,credit_info
998166ba712478407f3a894508561ccf,credit_info
f8a81f78f795704958699bbc81855095,main_screen
e0d53efab86e4b01d1104d430e3f698e,main_screen
de2f135f1bb311d2b3a5d3ae822c5407,card2card_transfer
e9f144cc1c0bf7606f1f7b875ce1d06b,statement
17806cfe1e506a5ce5fc3981fcd48eb1,invest
ab8880b5f98bbcb9b752711b1f705923,main_screen
4ea56ca94c73cbc8892c1bac7d1f69a7,main_screen
fd1f3ad7d33fc2aac2b855ed9d1c5cba,main_screen
a3455b962d02deb202e074f5433a7d98,main_screen
eb3e795e1ade0b466d189edfbdc1e70f,credit_info
4bf799cce849253eedb6bf42cea686e0,main_screen
229c8fab255aff758b61b623ef97c740,main_screen
33b2655fa2cce7f1f56bfdca964305c0,main_screen
3067fc1b323b35bc4e5ae3a41bd510aa,main_screen
f1567c744d92e7fabd3faf1312f0c336,card_recharge
526863e57c7dd6e6d6bb3ac3bc2904f8,credit_info
2069b063680de8b2c4d86218aaabfd14,statement
e08233ddc86fa42dfaf236f70bbe17e3,main_screen
ddaeb9b10423eb9e0094318afffc2a04,chat
2476cbd59796982b7a1ffa3e8d6732b4,statement
686aa4bcf8682339052e9e12bbb9b121,card_recharge
a67a4132e0a8febb949dec78d8637242,mobile_recharge
533cc1769d144ce7c8e4ff1d0a48bc9c,own_transfer
60b6707959fb8aa133530dd614e82591,main_screen
94a204c8e80c153cf920d7931df3e9f8,main_screen
93b758f04738ff52085c7e7203ac7376,statement
602b6e71c35a81607bb4bb1c0eb9c5c3,credit_info
3b99aa52f79cb3946717443718893cba,main_screen
dd458aaf4c4c3993c99e0b6358978282,main_screen
676ae943635c455458e0e3aeef413ff7,statement
99790636e4c5c2eac5d5ec4304a5c85b,card_recharge
ac7f79452889892a2136b2a0fb0483a8,credit_info
10dbe3f83cca5fccd215822fa78b1f5e,main_screen
f58344946146f6e2ed6aa0d1d72a6a31,phone_money_transfer
be7ded43b4e00b0c858d00e58a82e32e,main_screen
885ddc089f4b4443e5202d3fd1bfec5a,credit_info
a00220a2e9ef2f4b27d76ad9992af536,card_recharge
11db737ea043f0b0abf527b8fd6edef1,main_screen
3596ba0ca7965cfa4e2494311de6dae0,main_screen
1969a5c8e7049895d4b6b8bf674f9cc4,main_screen
258ebe40aeea0aa27701bfaf73fdfe04,credit_info
2b5fc9c495a7b907689b1decf4af4872,card_recharge
4b16e6bcccff4b76eb18298084831732,statement
fc4b010774d1a304ea824d64091272e3,main_screen
2a31663a7b50a7528d1ed4ddb5ad2d16,mobile_recharge
15f32cd703ad3d025f783f293c00662a,credit_info
40fdb71828e3d3b5c881423bc1a937f5,main_screen
da990ea317ace3d06661126ec62fb1ed,main_screen
bdc1825659a94d439bdb5f8dbb603bb9,main_screen
5ec78985b9b701ae5af39e1d33ec1a52,main_screen
284bacb952dd36cef22fbc64fd42f76f,main_screen
c3a43faeaaa1f07369a57ec0c6986abd,chat
6f1a9639cd85c30b8a697deb8ca7ef52,main_screen
6620c410a498715dd703b4178fe2ed7d,credit_info
6123eb03d44eb846ab591eb858e655ce,mobile_recharge
515f93d9a182f6b656857d89a1913f22,main_screen
00fbe77cf9878262f600ea58dff1cc6b,statement
ab308d31c09e4f5a10cea970cb5627b0,main_screen
6a7da4447bef48ab05609a8df4ccddd2,credit_info
c00dc751ada65930fc668e1cc64ca600,main_screen
97bb7c1ee63304a82d714140bea4566d,chat
a2d56e40fbb2de52821e9dda71c1baba,main_screen
12fd1c6d9fff4f72d6a6e9a0f9ec1553,main_screen
196e782221ee77271b96fd8565ea3d43,credit_info
8301f9beaa5a6d1a721547811e6d477a,statement
d56690371c520992d6df1cbe17ed7a2c,main_screen
3647a94be78479571421ab239c29b588,card2card_transfer
ed2727cd96676cf3f27689d9e3c70816,credit_info
1f8195ddea2d7924bea0d29218014b36,main_screen
9d8b3211db6b77123ab0bfc0914b4354,main_screen
0ce674a1f0696d06c0e24319882ec253,main_screen
410999a9ca739f6528e3969c1d2c6c3e,credit_info
2798eabf4826fab187ed7ae67042b1e8,main_screen
3f0f6493b22902b907f111f73f1d9bc3,statement
4393a590088a5944c8720d8595492b96,chat
61e3603d342f2d13eabbd7b7c38ebbee,statement
995b0983ca4c1b09abb5d0cca002de78,credit_info
78c01d5b5c4d3fdda805be416afff6e0,credit_info
4d8b1a02f5f5e62123f411e8695498de,mobile_recharge
1997fc12484bb61805d47e762b0435bb,mobile_recharge
cca766686072caad88dae8aba9bc7e6f,main_screen
05a1598006f692c0101d7284166cf6c3,credit_info
146a793bdb8588885f39c8003b96cb01,main_screen
1848acfff0146d2145d7f832ee4c713b,statement
19b9005917db5455c8b903c913f45852,own_transfer
b9afc37d41b5b3efead820d4f94ecd22,credit_info
af9084dd012c7bdd8071f454aa46703f,own_transfer
8208e1e30c8a293e1cda6b59f1eedd52,statement
4d20f3338b09f76fc0eee01143a05a1e,main_screen
cd49d429955b4c5cb46ab89b489d956e,main_screen
c56f50e240fc3154929e2fb8e3bf756c,credit_info
43c5930932a0f25678508fcaf03a5829,main_screen
18bc326924350cbf1912162defeeff90,main_screen
3624bab4a5f54f49641e708b9e69399e,main_screen
0ebd416c6eb6a72fb2685fe85df9f41d,main_screen
1fcdc3c5502e636c96d841f98dd064ea,statement
1748aed4e20a753d7231fc6d17a79c00,main_screen
b29dfc0bb116b0371c2cb9c35e14088b,statement
0e433592a6d036968fc329f4cd81035c,statement
9be1a2f93e85972c4abebe0189f19d1d,statement
4757580f5893aed97c63644b4626801f,main_screen
006336434fece48735e8bd02e0afe9fa,credit_info
b13eb224a88943b5cc1b3f3f09bf83ce,own_transfer
63eeca33a7c11067fa2bf7add29ee509,credit_info
8a7202a8d7d5a8d8150049970b29eb00,main_screen
5fd5a6ff6d1ea16096679bd7f9e1bdbe,main_screen
2027a67624e85afc90368be362f70f98,own_transfer
1864359138b2881ef5294186b47343e7,main_screen
c908fb6f2f4e3cd3c5d7b681b6b82255,credit_info
9d9bdd831e918befe7e09983a4d4e374,card2card_transfer
f1ecd72f0505338d24964a03c5bda664,main_screen
8455d546dd7f727177a14e41e17101fe,statement
7ed4d08ccf83cd4623ee29e3283347d2,main_screen
491c24b2d4585a5c6c32e5e51522f182,card_recharge
65d0102a3d24bf3102fbb156c4a90e45,mobile_recharge
97da398d609fba42ad4a7984a0f35dc3,mobile_recharge
432152632f94dc6f3963dfcf9eeb802a,chat
b0a4d27f534a56fb37c9ebc5644cd1a6,own_transfer
4980b6d83538399023f064223bc46739,main_screen
eb7a158917268ccdf36aa5e94ca7b8a7,main_screen
873d5592927eea262ff76a1c4668abe3,main_screen
eadf2cb8b8be05fd3c8892203d6b4580,statement
4ac55294ead6618a72ec3d25a709ede8,statement
fe125612699b9a203d579f187282c906,statement
f920b364add93cc7193ab585b1f5b114,card2card_transfer
a2427f4536aac44c9a215f26906d4649,credit_info
8cf101fab91b844ea27d84c24df5a3ef,card_recharge
1d658ae622f45ba92f1c30be1b4e8f7b,main_screen
ef4ee8b8e34661289212c2c8f493108b,main_screen
2d7de6239a1ef7a2fe5f1551c1cd424e,invest
fa43cd3ff70cd0b4e601f0d38476ed0e,credit_info
a5054e280f37e0f9c72f43d25179a7e5,main_screen
71ce8636b4141a137df34ea192a0f0bd,main_screen
59152b383ca10b6e35d8d481d563169c,main_screen
3f4c7508ff28dacde7387e935b2bb075,credit_info
04bf1b26173bc4084a084580c521d452,chat
c50274b885a08f93fcbc338b74010097,chat
308b4c40ead663f50e125f1c0d9087e7,main_screen
92aa73ec57685d64b3b50412832a6931,own_transfer
42a8d4669c7ed28519f6c45b7a8c1074,main_screen
fe19e756f01843028aac5948f173ef80,card_recharge
c5f28ed6d94620bee03cb056b884adc6,main_screen
8032184f7e8933b482a12d9f5c1ffb1c,main_screen
bc5e43769d6d4f36ca208733cf7b381b,statement
6261990ef9882336b8b527b50b6204a7,mobile_recharge
cf7d3ff1fd88f029d099f70310c8e0b6,mobile_recharge
00ad90bd6eea6a101041916f7f3f468e,chat
feb29f2a0835ed4d7b784070e9f05ae1,main_screen
89eefd32c4a9ce7bfe67809640e41b22,main_screen
2ec73d5b39f07082d6761d774af6263b,chat
88d0c8114ac6073ea4b0655a237ba7dd,credit_info
a61c718015ad4441cd2b926cd15ed122,mobile_recharge
1b7e062c467d21042c7f00cef55c5dbc,main_screen
61071cc3697d45702c6957b2e67727dc,own_transfer
7d639502a3e694e677d9fdfed78e11fb,card_recharge
7fb4f691061b6f2b0f25a508c76ffc01,main_screen
517e3be53f3893217b5176aab8809cfa,invest
37657186db4901c93f4a06c2e2884c0c,main_screen
71c209538cc6b0db9fee8a93f8b1f13c,main_screen
7249cca121b77e8bc57f4af8023dce46,main_screen
b0fb53fb7fc63b995ef1066d4635e4f3,main_screen
3465cf19c043c13d718d83fc7a05ee66,statement
2579615d35f24c72839acdead3bd5439,main_screen
fd5841b471abd1653459a21e084b9800,main_screen
94510eb8be35d84394fb45b8e219edc7,card_recharge
45251807e8b26b3876d877ce60094ace,main_screen
29d169637f367802390bf1f7ccba1f25,main_screen
62db2c46c0b7b2c66c5fa2b972024619,main_screen
f4583eea02abfe530f101a19b4c76611,main_screen
99f25bc934eda2a831fd447e7d401cb5,main_screen
ee908da2a710066d422d44c196ea9a82,main_screen
65527bed0d675dbc7dc3a4db8799f77a,main_screen
e743b2a32d6151234197b71dffb4364a,card_recharge
7d6b0571d4d90cb70aa8c45a5118d4de,statement
1e8de0b745efd4da26169a7acdf57bd8,main_screen
271aaf59761b6b83f7d4e0aee30069eb,chat
e9bea5a62605d5ef921e4fb0b0872ca4,main_screen
02717cdd12ef510fe098e8936b955a9f,card2card_transfer
0b38e0d142d278e2b097494f2064674b,credit_info
72aa86fac3d3b8759c9cdf4987157118,main_screen
57089a4011610f146418221817f1c307,own_transfer
249cf15ae5c2c042bbdcd9cb3b58625c,main_screen
dbfa2fdd10d2c15ebe7369e403298970,credit_info
f92647ce43b5b50866289bd2419700a6,credit_info
d5ab3a41566bee9b1a148cd71437329a,main_screen
934c8f98119591487acf09f5e8532ee3,card2card_transfer
656a26224bd9a5720c44c2ab11494170,main_screen
7743f422423346e1c99d70ae60faec4b,card2card_transfer
ad0d6d7f6130076aa10be8621f199a53,statement
e944856d8a6c5a6229c4c2c094e2f14f,statement
2f0302b31b392185c392796b4b77f081,statement
eae1b46fead10bd7d835b529717c023d,main_screen
b1b3a61dd6be1211832ccbdaeb7b2a61,main_screen
25f94957ff8b5823551f2895b326a9a8,card_recharge
8eaf851b2884575d182beeb154f6e8c6,main_screen
beddab4305145cf1e8e49433af3575b3,main_screen
9f4a46bd49661a1477ba55ef25b3bebd,main_screen
837beb13bf4fef46ea68880b2c619b48,main_screen
c8bcd64b2b6f2e6d37a8401810c68628,credit_info
9bc2ad0171a41618302e3c506564e007,own_transfer
21c1e4c86275019e94cfb8bc55f76b10,chat
72050bc42cc4965085332749485caf31,own_transfer
5ca0d63b1f3dcc6aec3471386445545b,main_screen
edf02a136013dd17e651cc2c8fc8ec82,card_recharge
5e9ca5f1c16e18dc3ad18e31039cf7cb,chat
5b50892e43699c20b16c0234cad8d3f0,main_screen
a3cafad017d4765e04c62a1a6530dbf3,main_screen
273908ef08d5a61873390855cff25e45,main_screen
aecfa74746050aa71dfb2bb539a8a9db,main_screen
1a444683e8da94cfc212e2bb21ef5c6b,own_transfer
d2c3ee662fb55b53515c0565152ea2d4,chat
c41674e0df71dd0a8e49f3d06c26d196,main_screen
2a0a633a7d592304005fbcb4cd92961c,main_screen
878c8642352e38e1d92cf0c5ff650a93,credit_info
69ead2818939b66d6fd9e582cdb351f7,main_screen
f634e2b5b8b13e14ce291ffa60430e0b,main_screen
64485e333b8bc9e6fac135239c28b3a3,phone_money_transfer
c73965a0fc0168533bcd29cdab21c148,mobile_recharge
0c688044328f65d380ec0e6ec875b003,main_screen
296d684d71cee724f941fae163dd23c7,chat
cb7ff99a7894810489b96edf6d61e094,main_screen
d0a6802b600bcc437a94f1da10d884c1,main_screen
35165e37fa5850f3cda57518aadeb602,main_screen
96395dc16a6adf1da103cbdd2a4c5f39,statement
254ec18134ae351e0f17ca9866595f5d,card_recharge
3f284cce9f16c37311021b611b22b24a,main_screen
90e9dc02ded2d2cbffb0e036e32af5ec,statement
3e999611f90f080261044e7a2aeac533,main_screen
3935cb23649d5e7bf6edcf8042464c34,chat
16aadcdafe08aafe9e4c8724f19bf94b,main_screen
3a8bc077522e05238ed7044f71ed50eb,main_screen
cf65bcc635fb0c4800474393356006d6,credit_info
4674ee44ae281f1a913bbcae42f3f178,statement
ccc1000d2f29aa2ee3d1d4b37e2ea957,card2card_transfer
6c8f47f7cbf3e5a65b985e22ecb5e198,card_recharge
e1be206e37cf6b62a1c56a1c2fbbd23f,main_screen
701cda29cb7bb5b306230dcc95824106,chat
57d6ddf2b2f556df9fd90fac2d26414f,chat
424989e3f3c99a30ad6ebcedd80fc909,main_screen
eefa88c44e1e086ee61610aa52445cbf,main_screen
8350c64dcd6c492e18f159a86daf4245,main_screen
ea98556838e614b14742bd9f02f257cc,credit_info
f55c7b6914c59800af0116b284d936f6,chat
503629294e128a1a89941559afff3374,main_screen
879c13576f69c6067c990fb5e087d72d,main_screen
478d160fa9a8a0c4364b5b35c29f1225,main_screen
001add17bf8064115ca5629f7f2aa104,credit_info
1d95388ebe1dacefe3c078a345d717bd,statement
634fd866513d67e3afed588a793fb045,main_screen
06dec00e0151564ce3e644b85c775576,statement
70856bfa3eb9f05ccd28678f66a35c2c,statement
23c14e36335da18b9f96a24472ed63d9,credit_info
78c78a95a25c6535d204ed69ab0b986b,main_screen
c98367f0338a782557740ab894c4b0fb,main_screen
f5af7c3874f689f7e91bc57bc411a513,main_screen
32ebc137b6272f4fb7f9a6d12577c7a9,own_transfer
1fceac684918dffa59afcd49b96dd35e,statement
8b6341140e4b5d7a401e6c651885581d,mobile_recharge
405b3949dddcc5e8613bdd5bb25c21a2,credit_info
4adeeeb77cb3807c6d425d08c0ea67d8,main_screen
d290ed176a6d95a49f79c9698f1b8d4e,main_screen
aff29241b3558664bcd676242a03decc,main_screen
e73cd6b19bc1135616e6bdbd85f15a78,chat
ca2723b7cb55491866daff9179cc5a2d,main_screen
1117d503f9d65245f819df4a002742bd,credit_info
36c32dcdb389596c187984ac292274bb,main_screen
a7b8fd8736385172622668b9fc7d1b96,credit_info
d1ebdeb2284be41eec048c1ab84198cd,main_screen
7f718e026fc3dadcf10d7d14983a31e1,credit_info
d8f1c7dfef6de2873d4c219cc836a1db,main_screen
0a4bd15046a2a632e41e33f43c2a66e8,statement
ff9e18c17a0c2d65faf3bddba8b79c97,main_screen
fbb8cfe9a53b62bd656073de028f7d31,main_screen
96ac6da1ec256cc56e349156e4104f48,credit_info
b2f887ffc544c9027844fa02c5a2f82f,credit_info
620cdfd2399024a09d1ce504a65fb1bd,statement
3dc26b931349167b7072cca7fc51b64e,statement
05c3d600eafbcb8f63ad47d330b4b23a,credit_info
ef3705ccb206412a75b0fe0f84c47472,main_screen
72a115e5d42b9a7e24096d49c5907228,main_screen
da9d66e45a08cb690bdaba91b8cf99f8,statement
b48779f4e1db09bb68c38526212be084,card2card_transfer
dbb288d152797c70d397925e566407c5,credit_info
6930be9f6e39d73aac25ea75a1400d68,card_recharge
00ae376e0b4889c711af66bb39df963e,main_screen
cb663330e21261a9eeae4dc32a35fa69,credit_info
0fc42d70f562ec1e2ac89fcf578f1663,card_recharge
f2d4fe0a09202b8993a57e6a150dfc93,main_screen
836b724d855227d120458c38f36f2a4f,main_screen
8cc35f34c294257db75bb0e7ea7a871b,statement
14a1aa1434701db4e24619cd799405ec,main_screen
2e4d8f001f70ebda9abcebae0b2b4a67,main_screen
725f94ebe2c35bffd478448c487c274e,credit_info
3a6480095f4f8b04ee224783e893c210,main_screen
8814ef038bd7c282a2e7a24a7a7b9d4a,main_screen
df05be96381e038fbf049cdac4416f18,main_screen
bbcf3382abb03164f503e16e121b1ddc,main_screen
8dfbd2989856cd6f51467c91a5ca297c,main_screen
ac2ef330990671e4209a73584755d9b5,main_screen
c8681465b33e1f9e83e3b8c8c9c86d93,phone_money_transfer
df3ec4d9ece75a9bce61a8a1cae7a356,main_screen
b117af9922bd60d6d01e5754fd8faebb,main_screen
6181d79ef1635e2a1d32a30acec5e511,main_screen
51f1d370e76e4c25b5799397bca634bd,phone_money_transfer
56cbc26cf766268f8c26b3fd96179243,card_recharge
ab9c01d047bde5f42a04f253d0aa4cae,statement
2fc955fb7af086fb96020a4849b4cbf4,statement
a6206b4a31de874b7bc04758c3960f51,statement
a9c94ff577d602e7096d1daee719aa89,main_screen
fe3e192c7468f91861010ae936d97c33,phone_money_transfer
5baec84483fbf10056d3b37c570bfa8e,main_screen
7ea24e7d977201836cc5e96b71137302,main_screen
092695446bc625c6eff3b17c53237198,statement
7d5ad6c4198426ae32ba0316751a902b,own_transfer
cada13b2bb41d60b7c3cc9241df5cad4,main_screen
b544e51a11ed624b2e495a59ee086a16,mobile_recharge
c0a817d44432861bc12a8c4705175049,main_screen
09e419991c0137bc7c40275c4471d114,statement
f2285c8662e5740e488715f89168cea2,main_screen
4d73515ae24a543e59e22022cee4ec59,statement
6c090830ba345cea5edbf1c254c80237,main_screen
40c17f4f14d3afc0806d364497da15b0,main_screen
1652dcd380a7fa8123cd9b11082d0d99,main_screen
2d22c6c51b2e028cb4e730f31b6195d8,chat
fd50c08910e5417d3604eb6e9a9c98a1,main_screen
caac7ff0f95b36e57da84dedcfe2f6bb,phone_money_transfer
9415d88baa1088ebddd55aa07b6f3e70,phone_money_transfer
0fd3e216d66493d341b7178bc8ec7872,main_screen
fcc03ac53292b4386479b46d053793b5,statement
60fd0edc7b5dcc51f683173f4e58764e,mobile_recharge
295a683ce5eeddbf9083827d9591b371,credit_info
f4ed939a12983796bc57727d674880c0,main_screen
85d192a3c4b6e68bb6f6100b1ff800d0,statement
858a4555a64369e55fbe53795b18cb4e,statement
57026924c13a26eb3c43e73496805d88,phone_money_transfer
6ddbaad5628de60f1f60d33f3bcf3daa,card2card_transfer
2ccd353857fbc160939ca58d483bb8c1,main_screen
3a24f6ad524ead5cbeb4773d89b1811d,card_recharge
847ab892c2b36a7c4dd51964b461890b,phone_money_transfer
648fa383b0e5838e5814007ff157860d,credit_info
81ed663e00e9701c59408356162c4aeb,statement
6383189fd212da5ded7faa2456551ccb,main_screen
4b84ef2a595958d35c4833748a8d23f8,main_screen
56a4e37f5c9ecdc0fe4b41e5144dca44,main_screen
e544188fb11895aa5bf18f001fed623c,main_screen
97f58137b16006531822a91fa56e3064,credit_info
fda1efd704dd35138ef1d91f28b9e370,main_screen
c388c37a6c2cd2479d487d3833d6b1fd,credit_info
d6855a4cd6d5d5c1d7ea5f17dd2a286c,main_screen
03d871104c537b2853cbbe7595b3fa72,main_screen
d3b6b9a8d117add957692d7a3be77bfc,main_screen
a26fff310fb96e4a552c82122cffb85b,statement
b867ebe0e8eec3b08d640f64ad4c0014,main_screen
de66dfc07514d0851184728c5c0418bc,main_screen
fd2838754bd013a8be581f5f5864090e,main_screen
487e01eb0c5c81f77f66046a280562e7,credit_info
8ebddc455eb8473558c2b8156c972137,mobile_recharge
41dd3e55e9f63874cd0f9502888f8cb3,statement
82e8501e7ebeba433b38ffa572d7ba95,credit_info
da5cffed99632617a84deff17c930c6b,main_screen
155477706260c8c164cdcd7816ed71d7,statement
67164cb6c2a224f21b0417f67641b52c,main_screen
a6eb6f2c3b3b860a4430721d5eb3106c,own_transfer
dc17f4193c1bd820074ad0873df57ba4,credit_info
88eec60fba0a80909a9a0be8c8245b61,mobile_recharge
ea6dc3b2194f06cb19eac55abe29217e,main_screen
a888eee050529ebf66e2d66bc813831b,chat
d64a189c8fb9fecc5de28de6e8e031bf,main_screen
c5bd8e81c814f547386d058b2d21ee3e,card_recharge
76635ab3445237141d5114adbeac2dc0,main_screen
98268763819d641ada6e792c5ca112ca,statement
224fd318b552cbb5499ee8fd9b441b25,statement
5c0fa9f862af39c7daa53ce38184fb5f,statement
1e8e7f0c14f6e3bcdbb75abe926678dc,main_screen
5088304ef14ffc12f19ce85fea93b526,main_screen
c190daad46a95b90c68314f814246831,main_screen
44d118ae3b2c25d7413135d84bf82c7d,chat
47208581e54b151a4d02f71d2cc5b2a1,main_screen
a0c62354ced80a5b69bc1a627709b3a5,own_transfer
d28fcfcda7a01cad1add55815df56abc,main_screen
e6816d27e0dc51dc1acca7e3ef10a588,main_screen
88a88f55ec8eccca38036dded0738f07,main_screen
cd75c51280f643e1422f853c6dcf336c,own_transfer
8b8bb266bd8156384332591fca1cc7c9,main_screen
40acc455c03dafbbf7839cda1f676a9f,main_screen
8ff4549dc3c47bd1995b1310d7023a58,credit_info
9f06739b7587990ac9b03818944c5576,statement
a6a89230396faee0c4dd9af5389bb285,chat
41bfb62894076a9328032bf915181f6c,main_screen
c508f73bf45211c61c72e014f9515e72,main_screen
a3486dad350accccf907713b584b75d8,main_screen
2b966921607f131b2168e0e009d4c1fa,credit_info
04c2003c97e0e373f75cb3d71710cc26,main_screen
e40322ce8dd4fc30c0cd4cb5a5cfca66,card2card_transfer
47737e7e9aa04cf8f09bca48258f1d03,credit_info
36be4b9d1fd9b1e80c602064fae451bf,statement
6655dc3b5feaab659ef47a4277a4e55f,main_screen
a8ad561789d402abf38a14b924b91edd,card2card_transfer
b751437cc15c7a8237d53212fe5f0000,card_recharge
6ac27a21f68deb3fcac2b77b3d1466d8,statement
fbe70e6dd11bc63822d04e0dbf04b331,main_screen
9afecd7651814fb9c79c95109e51d8c3,credit_info
c548c5d52dc2b8e8ab0ce3ec3a2a5e90,credit_info
35cea2088170a9f5cf767b8a4e13303e,main_screen
942ae35d422acca5590db6b3f184942a,main_screen
634a613e2eed49a7b86bdf455a85c331,main_screen
99b143af5ed98b7ffbae7ea3e31bddb0,credit_info
ad40f6ec1637ef1ded7aa127db664d9c,credit_info
611a218ae1d3a3abe5b99b369cdae654,chat
ef36bf6aa8dc502bdd6f85c0d455bed0,credit_info
ab87995000ef483dead48a32f6a0f2f4,main_screen
c05186be1ff41286a43a774d8783fb44,mobile_recharge
a2f0f9da9a0358fbce5a864ace0c124c,main_screen
650dfbcf12333b9847c251c514122ce5,statement
6faf5e801fd3bc73919bdc9c6c46f607,main_screen
ea15c275bfa94ee6b823b2b898dcad1b,main_screen
b65d236fb7d96bfe2e8ee96e6b0ddfba,main_screen
a63c5fa4e314c5b3e5c9c6d8dcb4a886,own_transfer
cba931ac89ca5f56a2aaff79beb0ee0b,card2card_transfer
b72126c9d859863f9d350913f786b178,credit_info
126d60bc26a8dba3bba61e234a8b5e78,main_screen
d2fc1e291203ca4cfa5a6c1b900e0448,credit_info
2e2e6856a3407eef24179be68e278ed3,main_screen
7db5fb210f589a679f132f9440b402b5,chat
1fdf9cc5e534e04fa8805c2a6ec5f92d,main_screen
89811f3c9c3af6fe3a04debc1b1f3fe8,mobile_recharge
0a50528347ae35cb2c36df572853871c,statement
af2817e801e561b2e57776d523c274fa,credit_info
2d1d3d2825518c5530dade5ed8b971bf,invest
8c41f6ae15506f2fd259663c42a48795,main_screen
e391a68ea5947f5b6761ae7ef2688709,card2card_transfer
d7f4a12ada56ec5ba2b4f638416a7aee,credit_info
fe7060acd43c997d8f318081258495a7,card_recharge
6d4aaab330176cd408b0cdcdd3272da3,statement
814b9b2019210cb3366c2580c40abe93,main_screen
930879be7cd048e675e861914fe638db,main_screen
ca4eee714ffbbaf8a4c04c87ff0e890a,mobile_recharge
b6d5c548033b84ed07b741a45c8a6806,main_screen
eb33e4feac1f41dc38c2b3443ab410b4,main_screen
55feb184e75cf15b05181b2099255786,main_screen
b2ac66c7991fd13f33590b5ea7bc424d,phone_money_transfer
d57df4c70e3d11c2f38c3fd0a2d0e626,main_screen
3169503aa98402d9cdc1d7a1384a32b4,statement
2e0fe0d2b68ae568bf19087092288d60,main_screen
c947bb2d690a85a995151633ca0d064f,main_screen
5f15bc5750bad4a8ca38f7bdbdc904ab,statement
00df1f3d1bed3da9e6ac58dda1cf9ac5,phone_money_transfer
8e11e2a01538f9ed11e0634d7962d423,main_screen
bd4b70bda32738ba04b77fd1f4c1b81b,main_screen
39d9925b0ad473edc694dd5b0100b6cc,main_screen
0035be6c92b98ad13b8c41839aa471db,chat
bcb5f8a0d2be7d20d31f3e9ed1cce689,main_screen
13231c0bf059ceedf2e6b029060d14e1,main_screen
513174ae55b70f067167a3243b9e30bf,main_screen
242f8210bc71e3c02279c1248f4a254e,statement
7d300e40393c203ec87b9cb88f8a8264,statement
cf5bfa9648b6a18e9ee8fefd9b9392ef,main_screen
58a0b66464c2d40185749a19fd4a0ed1,main_screen
5dc816792b4ddee87a9c99a5a47bd37b,credit_info
3784ff1443b669ea96ef30308ceae3df,invest
a6dcba1956bbf255edbc87a82f22e221,main_screen
fad5674092dae519b26c989284922594,main_screen
fc4be741f364e927b5890948314751eb,credit_info
80cd5317b0e94740ddc7facea714cbac,main_screen
9eb732335a23568fe954f53b4ae5cbcd,card_recharge
6a03b0c77dde45d33e7bc9084ffad865,main_screen
7e51f6ed65b6e214b44c7058f06a255a,statement
5067d119e746050641a8eaaa247d01c9,main_screen
7703189ff9a6c9dd3b002f543a5f7dac,main_screen
0d89ec701b9f571468a484b5f6c665df,main_screen
29faba9e09e28d699518396eb43e5fa0,main_screen
6fefd31654516bfb8097d8a165b1fb29,credit_info
463378d4d7198742fb1415c58e87453b,phone_money_transfer
6f27b82174fff54462b8d410acc91b55,phone_money_transfer
4943313860a9b08bdb2cfce687afec0b,main_screen
dd6fc31ae2acb6ff3f35261c23e14212,main_screen
92b3dab127fc5358c69568d278d12652,main_screen
65475dfb325e7d573b1f8e350ae76c12,main_screen
110a4369ca9c21d3e73e36902490f270,main_screen
df4d19950db1d617c58f45b317ddcbb7,statement
6a61b6d9a8a9764672c4d49c97c30498,main_screen
17e4e3c90dc93fc2e3bd2ff5be723bd5,main_screen
3f4b9de0272036cd81752f76ba7e2d4e,main_screen
c18158e23e5ef2c14f8828d083ecae60,main_screen
20b7ed10305ae9c6217e9470ff620b9b,card_recharge
e0dc5938d549d6a9712b8b21677a9845,credit_info
0781cf34b625be2cacdf07fd8ed328ad,main_screen
2b5fe13867470f93930c33a0d76d37f9,main_screen
158439cda4734c0bfa9f11ffaa304b4e,main_screen
707ab133003886290323ce4c4bd20672,statement
bdc6545cb6906699066235aafde5ba23,main_screen
770f1e52760e32ecc074bec7996685db,invest
d95452f9530098e962673d22281f6079,main_screen
a0b4ea97de01f2e6615311bf1072ea24,main_screen
137188b292f224111469c84dcd6db007,main_screen
03f3818cfc68dd19a8b6e898a11ba208,main_screen
d3ec9a0c9dc335d92f763ca4a66927c2,credit_info
1a4c09658dc03dbaed33cb10490a1906,main_screen
15f7ed1a90c530373da6109459a5caed,card_recharge
62422d2b0879f2e5dc8109b1e27e91f7,card_recharge
eebe3c2ec4fd6c97802bc19a4f5bff6a,statement
2ab6a6c63a38cb980912b1f08bb08dfc,credit_info
958f48b55e53ec6055e818fb9f4bd668,credit_info
70a744650bf93583fa27a8bf9045399c,main_screen
94c1555c79898c624018b85a6a7f0558,chat
7ab1365dad79618e7e83bd8981b382c0,main_screen
7d4c450f5de6ff7c7a5a5def85674bee,phone_money_transfer
49a2de967fd390badff06a64eb7fc052,main_screen
d9faa21b83cbdff0e34061b62b301ef7,own_transfer
3b1a5135da40c203c373390854af4b6f,statement
8e1a59914f759316f5bf473f0d53c351,main_screen
f7ad944e9cbe9cf8cf9246569d230820,credit_info
262a23867747b6af076134540d90c248,main_screen
e686d7f7bb23629034f7092fb9dd1698,main_screen
346c5593906ba9d79ad9af47df258b89,phone_money_transfer
26b3a52cb79ebb2ba07488c24abd8409,credit_info
28ec6ed43246b1c9c6a33de3bfff341a,main_screen
4d2dc898073799849e1f6cc577967546,main_screen
7b29db161f898b48fcce27d5a4b18699,main_screen
ff6b30c2bcff96ef4617acd8b9a53819,statement
4e26d9072bb746cf993dadf540006def,credit_info
eb4a9c3299bb8eba8df0483c9a1f816a,statement
b0dab28277992cf601eef7aee0b72b0f,main_screen
fdc0bccf87a15e869af1f816c0dd7f09,main_screen
f12b0de56af4c8356eeadb8214bc5394,statement
be093a1a59830a60915a16eafc7d3dff,main_screen
e30b611ff46e7a345c00f7973aba05eb,own_transfer
8e7bfa77e0d3d51e9a57b7c7b5ed3bba,main_screen
a80e06271567e8b6fd4db42db55c3397,credit_info
433d933b4dabacaa5499fa130594722b,main_screen
b3969b077accaceff67edfebc47d5674,main_screen
d50a212bec89b60fcdb88077cbbcb51c,chat
a8099973aa081d5e2930c30f39700571,chat
e38fd8fbb09c34fc56d8eec783022875,main_screen
3510216dc57d49cd9b0fb30cc5a403cd,main_screen
2f3f536530749eb073795f24b1546a28,statement
fb55e2136c53027fcfe8f569e3d9cce0,main_screen
ccd4a6c9cec44c755b8ad7ad0c0d5a59,statement
e152a430c15bdc459028cd52bb842d9f,statement
81e84ee7e2b8cea14989f80f9037305b,main_screen
00e396f2ad15ebc508f502dcf00e2d6c,main_screen
79206fb7cf407f0cb7ea0c9e14a1bd66,credit_info
6bd7abc43b8c12e8c0fdb64888f51eac,chat
fa0d9f3034f14d474786660ae601670c,main_screen
0c32d7094ea1dc82a77d4bdd5a534d97,chat
1f5623d9fbb9eb0cd0ce25a0942573de,main_screen
5b56c74bcb2aefb0ef6be3877b966025,phone_money_transfer
356930d5b9eab910cffab196bb182adf,main_screen
666332767245cb9fdacbd4f441a433cd,statement
8ee4616f99b2b09590851a94001d21c4,credit_info
a8fdbe38fc1b28ef58b2afddaa8daa2f,card2card_transfer
850f0d4df9a8ef2c8876f1b77261dd36,main_screen
88c9d90cfe20b9f3200074ba2c97946a,credit_info
8fd52125a719f071d96557e7dcc90600,credit_info
3fc72751fcd8db62626e4ea95b9f9065,main_screen
6204aacf4314f6b522ba05ee73410bd2,own_transfer
91a02825dc0357983c35a51347eff9f9,main_screen
72480f6e485719481e5a9e3fef9b1eaf,main_screen
882a26edada63496ec9e0cad1248c629,main_screen
92dd0edd5ab125e101a0b993ca3871a6,main_screen
793eac4510ea9f9b3b4c2996574f14a1,credit_info
f955d8edc1874ac2aac8a828d7103069,main_screen
9b2b61dc707bc82e071c66dba5b6d98a,mobile_recharge
fe96d4cd53c88ba2d05d462ce6eb2788,card2card_transfer
9d105e6ca608066db069678c9d8a0b4c,main_screen
4d5f9b5197cd77e6e6dfca5733943dda,chat
d2158515345b645e2c4bd87d6e8d603e,main_screen
40b16e541f17de576d7d9a627ac44ab4,main_screen
cdcc9c57f0b87eacb92e6f43d425216f,own_transfer
77d2db00b7e05c05ebd19797d2c12d1d,chat
d5091020fd827bc9cac7e009f4878a43,card_recharge
e9da1d5651cc1deff50c0ebaf47bfcc1,main_screen
67aae2cab8de7afbabd486dbca0200a2,statement
b4ee30fb4282b20e2fe81c8bc70c3027,statement
e7fa78b598d55b47f217d0275a3de753,main_screen
ddd8d4842254c27e9d724c5c12856ba1,main_screen
8a2ebe1fea488d18fec9ff9745795b76,credit_info
5e83cece5c75e1c20d1f040a8529629c,main_screen
b852f3f31ed6f060a4e124715c0eff04,main_screen
b4bafda46a6d5bb2d1fd9c203bedde5a,main_screen
738c218149bc1b975e9203a152b7b787,main_screen
0965240fc5effb84b48c4fbd791a9503,card2card_transfer
c3dec4433892273b7078325ef092faab,main_screen
26469aa36c5dfc989f98512978fd2962,main_screen
05e4bda451d4258f2474fea5b81bd7b4,card2card_transfer
6dcd79a6bb5f9f8e5bc2b23db90d51ed,statement
2a0a6183a4ceb00946496c2a9b5b44ac,main_screen
ef3681e149b7f541bf3adc46f9e853ea,statement
6864443d94b86573d5c3854c36d43be0,main_screen
102e3c8d2f2a78152d4dd325ed7654c1,main_screen
9db58df2a091cde776b45fa630b77798,main_screen
1b80f5c74ca6ab0a87b05598501e07ac,chat
1ee87294039e6f96deeffec54fddc768,statement
0bb872424de64f30361e4c2c38069346,credit_info
737a03ee81698a1e2c360a5d4c0b263f,credit_info
07423110706c2c5dcb67bdabb980f5d1,credit_info
8f09c0123ec3180a701ef24abe8cfb56,statement
f2b191740c6313cf3f83cf083ead883e,statement
6324024497ad47b3918463979027c25c,main_screen
e2d3db665eaa01682d64e1a8341f0e14,card2card_transfer
329811d71b78a325fa6cf10496508a64,statement
46435b55e76a56b9068a0cc81e5097e7,chat
e4bb9625928869f51758e754dcb7ad70,main_screen
252e4fb62cfe10b3ceec2a1f5b1edf5e,statement
b1545d53780a3c5ede9e728008040bce,statement
8a85ad2a63272f75b60c596f5ac58c14,main_screen
ea39fc5023be87532a4c4784ea2534ea,main_screen
c09a7a8c2b1da1ca69274b0d58e98b83,main_screen
392333929e441f3da6a8c756378785db,credit_info
ae2c870f38a3972a6e6b737685f6f5de,phone_money_transfer
ce41eb6990319b148e694ccdbd9feef6,main_screen
546416fbcd47fa6f3164bfc2c771d95d,main_screen
6a1a3f6cd5d29a703bd6b0e4b510f144,chat
231ae169a4cbafdef35e0cd3740c7c40,phone_money_transfer
a1e6e69e4cf69428b19878d13c2cec71,main_screen
5e26529857b7b855f3ea42049de94f68,main_screen
ba996b39e4626142ba7778d748252122,statement
0299a0247418d2feceeaee6a7d587010,card2card_transfer
489f784fb9333fdf5f0576ddcb34cfaf,main_screen
5b4724ae33a4aabb66dc5f01f56842ab,credit_info
eee244951d394051746e4e5175d8f0c1,card_recharge
1dc43bf07a73bc6bf93753437accdd8e,main_screen
696e751fb0503b21a0eda08b25aa9c4b,main_screen
626baaa4dfcd8f4f823badc432869adf,main_screen
e8e71ab5e7f3314aa93f6737ec766a63,main_screen
3631ec7d388c19b730771106af039a17,main_screen
012b6c057f43293f8372108a6d958f21,main_screen
385a807f372b5d8d6d55f25a5fac8dd7,main_screen
4673a3e7463260eaa6bf8a78c61d6d94,card2card_transfer
ef089c63ef8b97addd1b33de647c6cf4,main_screen
5b58653c7ecb4ff6990fb0c2108e58ac,main_screen
c2eff48b84951585db650e87614d18fb,credit_info
a5e79472813dd289e522550162123d17,main_screen
febbad81588428f02722152396343f80,mobile_recharge
5938a579a485755370a28822aed0d929,statement
bae4a449ddeb97ee41a1ad64bf18d6e6,main_screen
a40bd1183719b73bee07155ae70c6d8c,main_screen
787857f3e6f21e2f38f56cab05d3ac11,main_screen
4210aeb16a8c2ab6bcdedd0bc29d3f8d,credit_info
83c854d593d6c90f44a8b32aeea20d87,main_screen
3b80d87f637c4726442e925099419b2b,main_screen
36d946ffea2ebbdff4452e6124b49c60,chat
e2127f78a9427074a8f493f4e5697946,statement
f6053c2b6578fa2312124cbb85845af6,main_screen
c12ceaa72d5d738413098a89e1b9ae67,chat
1efb66ef9c8d511d767e0157e8ab7b12,credit_info
7025d64ca5c2a666b0a063ab9b167384,chat
357ffa7fe47bc1d90e1eaed04c6783ad,credit_info
c825cc9d1dfefe1fbc0fa1ead60fe2e1,statement
46f1f151dc97100b22807e8ac1f02064,credit_info
bb0899048e994740cdda5d2976313fcd,statement
c00cd01140ee7187c527b7fb56d1f8ea,main_screen
f1a752435348fcfb0e271259691e5439,phone_money_transfer
b3bf6e17c0edee688af6a9092573334e,statement
cc3f6ee5d6ad386e12e9634a75fa366c,main_screen
89783f92e6ae1f8b1835020e4e275b70,own_transfer
e1583d860f3f381619df142d43e2d3da,main_screen
252fe3134514b3ea2d3c722d5b051837,statement
1228470673c51c59a0d9f1f16f8de5e7,credit_info
56691f73c56d94f27eb94ef5718675f4,main_screen
cd073d8d2f7046f001e332acacc8a707,main_screen
fa1b51e5566375940eaf216e5d8bd870,own_transfer
427eb201fc5a1a7ed92139fce2ee12dd,main_screen
d4436f6fc00ee00467ac6f9af0653871,main_screen
13309fcb350e61a9f44eac97e8a30a25,main_screen
7a868218cccc63b52cfbd805755bbfb8,main_screen
25f356fda371c5bc911704c55f010168,main_screen
709af2ab3070006f1b502dc9b59560ec,card_recharge
079c6ddb59318caa4f37881a09e70d70,chat
4045b744f30d61ceb60a26fea564a671,credit_info
8bf1f23d5b150c3e6dc2d7e33297ded4,credit_info
e70d089aea69589267f40098b5bc45c2,statement
fc4804f05ebfc4bb6c9e4f3fcf37cdc6,credit_info
e5decc4ab0a4a657ec19985c5a6acca8,mobile_recharge
30e050d3fce7303dcea09539017eb503,own_transfer
78dcac9fb0a93fa1f0a1c1514fcdb814,statement
62352ff9ea4d78503587934f0cb5746f,main_screen
ae8fe5eff20d068d6931fcbd7521b4c0,main_screen
61ad5343dbee69713ace57e24242b39b,mobile_recharge
d75c84b07f161a16f73989e5dcbf60eb,own_transfer
65d018d2ed2f1cfa38df6b270a586e0b,main_screen
3538e7de347a4869552d28521a0af0a1,chat
d2c4ba48bcb24b7eea0ed053cc94d229,chat
1b9c98f2f6a64f465a7147598f44a209,statement
d84d7042d20c87524196799c15dbaf3d,main_screen
320054fb206e2f7b2fbabf6d7ba00418,chat
3bded329f1cd3b4822dc05f5c3bf6526,main_screen
4f3232b12cee03f2913cd7027215de69,statement
79735ef0e18884f24f58421dbb56ac4c,card_recharge
2a2cb7f52ce0002d9a551243a444fe49,main_screen
3bd8263df22d2806ab11a465c10c6cce,main_screen
09ec0030a5043747e9404af431cfb498,credit_info
5c445e1f8b5f8ce1e961cda16b8c2be0,statement
0ee4d5081e64bc483a6ccf8793619949,main_screen
da1127cf484a94fd5283b3d42cb421d8,main_screen
2c272cdcfee25edc089e7070a96efce7,main_screen
03aa6df77c961b29fc6738747d35ef71,credit_info
c6c1e4ded6f2a14e74bddb84303c1205,credit_info
275529c719df89fb4bb6bc52f8709b6e,main_screen
fa74a2373f2de64f80b8aa3e9a5b286a,main_screen
308b89ab3eb534cd98ed2dcc4356ac0b,main_screen
83e6ed2dc5ad7539ade6c9ed757f01c1,credit_info
8f31a8d9324a0a01c64c66b52091d11e,own_transfer
d37bcd5c50362008acf2d4370eb88c78,credit_info
54abcd7c3ecd71f77e5c0a56cab272c2,chat
8bbf844d7050d62f81e9818bf27dbe3b,main_screen
2563adff214de70e7fe9927e0d688b13,phone_money_transfer
abcd2763fe8df2ac8694c2fae39b6e94,main_screen
6238f756932fd97760ebde26197e8414,own_transfer
3d623f89d2f0f0609535e876ed90972d,credit_info
86c81fdd377682cf6fd892fdbff4fe56,statement
88caa9082ddd78936c807cb7eea02f7a,main_screen
10d9e3b49854a700a941af6a850179cc,main_screen
1b0d404721c11f3409970f3b58cbf25f,main_screen
4f23b7e3f489ceeb49e4b9bb861d3a6c,chat
070ac13c7391e25ed77ecd2a225ad2a8,main_screen
f95e8f2207d2f709d405bc1b5c93667c,statement
660eb945fdc034e0f94594a3bc545596,main_screen
3d331c2c475d592311b9a19efa1d043b,credit_info
5966fdc3b0aae8f591359bf1a1ed07fc,credit_info
413bf98684d780f36b84c36eb7812174,credit_info
9e6fe85c3b0846280656fec169f6591b,main_screen
60a07133a76c68b030f628bc252631e6,main_screen
f7c65110113c021dddc932db5518163b,main_screen
662fda4e0bd84af24c8f1d8e571740bf,main_screen
ecd5135be75d478877355bd25f935057,statement
57e01b0c1c9de2398aa8d82e21e690ab,main_screen
8a453a1d1d08e6f88dac5cc06145a3f3,statement
567be346b090ab1d2fc5337a29bdf983,own_transfer
3c4a2621d3f8d493a80607bc5da91fd9,credit_info
2529f13f0b0e974731e032eddd084a9b,credit_info
b2d85e6a126f48460b077ccef09f360a,main_screen
acd095e07de24344818ba2903e510457,own_transfer
985e712df00f0a8787ae2004cdc33567,main_screen
691ebe225e11e8ca2a3a83ded514f5c8,main_screen
c92ee6ec0c81b637c60b298ead608d49,main_screen
7320865af98bc056a8ecc72cbb9e98db,credit_info
1889df70f96d987e4089adb8e7e21ac7,card2card_transfer
1865f213e6c186eee86c46595b3ddd52,main_screen
9515cface515527094c1689052a606a1,main_screen
541c189581a8fc789a24926857de9611,phone_money_transfer
877fedc34887d8ae861419b8ea71803c,credit_info
d0181462031041e97e82898bf50bfaaa,main_screen
72317e23174984f164d53a1a81976cf7,statement
d158582fb7f0f0254eb07e72d32f599a,main_screen
bf5b5807aaf9f22d16eaf509d4058828,statement
46e66491f77d23740a7fa2d1ce79c4ab,main_screen
03f82bea8f0f7f6c277d11b3fffed22a,credit_info
ae5a0a6e3b6cf960a15c83e069065ed1,main_screen
00d1e1b4aa764a7c2250aaf63527a90f,chat
547aa2dc154322c5201556510af50024,main_screen
5c27c7ecaea3728ab6ae5d77315b8b35,credit_info
fd803bb83f8ba8b03e0708f0c0d939b0,main_screen
e4b3263f4abd78994f3cf4b7bc938cd3,invest
5c905cf47ce0cf8fc0e85f722857a90b,chat
eb505fddbcd91c4ee1ff576b7d9ad466,card2card_transfer
b678251ddc5492b2c87f26d1eb7326fd,main_screen
b130c2d4af0903bc822521f9112f2bbb,main_screen
dbafb725932df04d02a5e4717cedbd4f,main_screen
737f2e5c457e9ca65ab7d223b9cdee67,credit_info
24aec9880415d8e2ca31f5a00d20e2d2,main_screen
9502859a63996aa5191acea96b18d598,credit_info
8ed9903f92d004a99ff3ef90fda9feaa,statement
4464d63f254caf6ed2854058e4ad532f,main_screen
fa020d20394c946659f399fa982b9988,phone_money_transfer
ef66663dc0e3bae5ab892c772217828d,chat
040670bfd48699fb0b748440647aec45,credit_info
72f12cefca390285ab59e00c0d6ccb19,statement
7532c6252cbf608e688c6b40c21c7684,main_screen
1a6719a37847c10b5d9026b5e5113d5c,statement
befcbee4cd15dda4740d0d547290c805,statement
48fa6a76cb276d58a898ea103b3f5959,main_screen
492d963d3e3a4486a56cfaed4ecea502,statement
69f59d32d35309281ea64fe9e9be4b09,credit_info
33ff48b395d861b236584969f81490ea,main_screen
8f41f3d487391c903ed538f318f8e713,main_screen
216dc63526e32d2a7c5461cc3385902f,mobile_recharge
3539a4b51687721dfb64fa3a1b3d3172,main_screen
316f377da9b8ec526ddd9a23ac147feb,chat
1aada202f6d8dc0f328fbaa4c0fd5d27,main_screen
9d992dd21f86fdcedd981d5ea6c21af9,main_screen
662bb5ebefb3436d1f003a056460eab5,main_screen
d0511b0c79da5b638ed744f3b95116e9,main_screen
5fa60c55eaad1ae776abc91ce1403881,credit_info
d5ea9ee9dc1675d3a07fc1edfeea8644,main_screen
a6152d0c08d764fb81f3868595567e2c,main_screen
b8ca16f51ca63a29abd271aff1210551,main_screen
82ed677bd97af72b9789d233fcf4d769,chat
19f5d8e59309b3d832912d2a9604c6b3,credit_info
c0df75e13885774c06e19f0df58c1631,main_screen
cd097b1e18051f2a464f677bbf96b650,main_screen
2f61d2da26071f8e24680a118fdf58bf,main_screen
53936a6c2d767ae1eb46ffc0f1c32242,statement
8fbc9f14b9349726afd6428d037f94d2,main_screen
2cf578478dd946481cc72368445e2678,card_recharge
e62915e92fb0201c12f02ac4aae36ee2,phone_money_transfer
4ff8de494105180c1c01d220b8ec57c8,main_screen
c70d38cfeabedcd46d844370aa7712bc,main_screen
c4228200e9990f72cedbcc7be284d038,statement
ada461bb9a0d24a06c0ce9e2891f7331,main_screen
adb0bc7bffff4e4b420744285d21dbf6,own_transfer
d4d1b3d23120be9d80c003b647e87a1a,chat
f0a255c5fca0bfa9f46ba49b5c92973c,statement
ef2ea4863ca47440dc74d91c8e342742,statement
d7b6ccbeab2dba6e7d5124d3ec858a2c,main_screen
a45963edae02b86aa4efd6662407b193,credit_info
996af1060eba0a5367258d45248b873d,statement
39f88769657d003568b4193f73856c2a,credit_info
a154e52814a9ccb5155b7b82ae1d5f35,main_screen
a1ca6ff07cdf16d48965c9139aada65c,card2card_transfer
ba94e0ff44bb3983e31f62b9553c1fcf,main_screen
d2f772f596e516750eef03f09d5d5dfc,main_screen
10d72fcdc662c10ac2927ce3d89d1740,statement
a41af9b72f2c817254e968901cd6fb43,own_transfer
b31b91e1dde882eb48d5e43a99484488,mobile_recharge
297f74a635452359cdd52840e21e7d6f,main_screen
5445930be53281734629f5f883b9b664,credit_info
a5750cc282c1022f9d419d55607273fa,main_screen
82cef052247a1cffaaa9ac308af72d36,main_screen
a8c09b158b66bf3273c6f5c21731a07f,credit_info
77821c11bdd988a1105efd5c05eca27a,main_screen
89358a7c5fd785f45c0bf69443ee6ee1,main_screen
6b54e7ad846163b8a0557184e50ff654,card_recharge
5bac21fc81f4ee87f4b39f5ed05f671f,main_screen
9d20d2c9c68da0c313ef8247b8a4f397,statement
2677a6dc0c150fbe724e0894ea77004a,main_screen
81dddbc55db8a0350c7e241c96715f95,main_screen
fc1e62de6965e793e86b3a0ec155b916,main_screen
b667eb1bf401daf1072831cfb0cd0b55,own_transfer
aaca90999cf2ce2d90622e43607d9130,card_recharge
53135b5d16917204cbc74dbfc33c81b7,invest
7388a89df8032370563d2fbe34049c86,statement
13f93c76bf7aceda7c257143a7bc4e12,main_screen
d352c1d6ed8f27afb01f68de18db690a,main_screen
886b3a0b9811f9600eee3bd7a8afaaae,main_screen
19705373719e578e4ef7f1bab51abff9,credit_info
c12bc2cc26b0fa7d5287c8938c5a2251,statement
e530886197940ea1a4d384c4cf273171,credit_info
94ce6b7afca17cc244c4cfa6a846f887,main_screen
53bfc302fa5642e1d79b8de1a3954bc3,statement
598f5cb4518a2ef9282558a9c260f268,main_screen
3e7fe6d59130ba051ab659166642d627,chat
2a01eeb3b7de8842b66419b9038a59be,credit_info
71bfe80032251b3e355a32408543105f,credit_info
09db75aebd9df3a2e7a79dfce14ab0a8,main_screen
bdde3ea246514cf5d7d6f5f138a63c73,own_transfer
53761a5d94245a8341950c5ca9bbc6c6,credit_info
4089c27b404c3c325681b45be092fe00,main_screen
51ce97642f2c96e06af562a042364b89,main_screen
c7033e89024fd7460db25306e84795ec,statement
4866e2221369daa260123e06c79bc500,main_screen
ec813054414c99546b7653f839e6edf6,main_screen
03dc946e927798ee0719bc3d0a08b501,statement
a5af2541182d4715882aef59b32ea20f,chat
54e215769f1723b92038fd8d9adf6b38,statement
58a8aea8ee5127011c4439dee0880996,main_screen
60b4b784d0ffbd593755137121282bef,main_screen
6b81463e59294363e811f48a545f66be,phone_money_transfer
af17111971392519a6bcac54ef6fffdc,main_screen
1fe0bea2abb5d9f60d981b27476cd585,main_screen
7aa568a3f7aff62059282a0dd850c93d,main_screen
5dac36e524028b9445587fd8dd83053f,statement
684bd538785ae91b49bc6acc847bcf97,phone_money_transfer
36728cd58cc2d6515c6596795f7039cb,main_screen
36daa02a8593e4ae5e687d92bea59bc7,main_screen
0ad399b46148dc47d8e43313fdaae35d,invest
a857674f2304c955a751fcb70e544915,own_transfer
e1a298cc1a45f9c504a152593d388b2b,mobile_recharge
3c62bbfe0d723327981c4d480408ed50,main_screen
12f80b7834236bd9c66aa7e8ab5f5fae,main_screen
d18235188445a524333f6f4ad604fbd7,main_screen
9e879b83b1cb44042036d13e63c082b1,main_screen
0783a77754a5f9f41ca7708c4756d750,main_screen
c02925aa2dba8fb3b92e5d9a3430396f,card2card_transfer
ac18ded3cca24088de580a1a01e86a15,own_transfer
4ccfd02c6a2be9cf13770d80f506b1bd,main_screen
5a4228ecb1d2330ac81205100bfa78eb,statement
bae2211f6d2a97b605d2854d51b0e3a9,own_transfer
c2ac860401be23946e42af12070b21b2,main_screen
2104d4f202e8906418d30978242e7f43,main_screen
74e099cda6160708c8fa37211804b0f2,statement
136ea2a4c8aa465da6c191a4ff36489a,main_screen
bf67806af01c7dd90e24ffd154656368,main_screen
7b6092059d8de1c39ed1b672ec2dccea,credit_info
14c0fc3ce2fca22583d0f2f8bd85099a,chat
29ed7d377b3af2c6e5ad78f736fd0e81,statement
fcd6488fc7fbac1b78452818eee71e8c,main_screen
8f82c9cd93282ca282e5ee127561cbdf,credit_info
04df77f66e5a60f1f6ccd1534f92349e,own_transfer
3765d1bf81bc244c7bb32e8791f5ac47,credit_info
57eca317217293427254d253b1e35614,invest
8e274cfd976aa0bb015019e7ffccdf7b,credit_info
bc3c4aef6120e33da37468c5ae6bf07d,credit_info
8558ba6d2367f818f6c3c731d3a190af,main_screen
a6032f0d9bcca1be3137a586dc0bd620,credit_info
aeec599ece030e852fc858a333415200,main_screen
adb7972068863a4ecacd01e12298c5cd,statement
d25aedbbd34e7aa7084f6918014bdb1d,main_screen
d908dd3adc93e6f274c837bd57b4c549,main_screen
f118f2cc23d8d3783ee75874908d426a,statement
47d170aeeb265fffa4b6adb6483ee939,main_screen
dcf99bafc1b64b20a940925aad961480,statement
9886341cc356012897553142331dd2b4,main_screen
d0e3589bb1b18717f74620c5cd0b167f,main_screen
b4b728f4f50b5c9bc3fbca20e35c4874,main_screen
217c18751b6fb05f322fdcb0069ac99e,main_screen
0b0d4d6b2aa1f239507ec4d0e4107dc1,main_screen
848b60b247a2b2ac0253c0b5c1c7ca82,chat
5501f694bc7a94bb5d9a78d450370fce,statement
aa61e896991c9e87544545adf2fdf418,mobile_recharge
b05a89d9f418784f3c57599aea778715,main_screen
8743072c5603686d040b567bb5fa5ba3,chat
6794b9fe713c98e22267eaaa4fcc15fb,statement
ff7c5ce301012a68e4a66b05db630223,main_screen
9ede0bcdea1887c981d7c40cb3a145c1,statement
9d77ca7b1d50987b0c4b728361354fc2,main_screen
625b86eb0e7142ec40d8da96bdee2b3e,mobile_recharge
b3f2bc7215db79448a9b1c52b31ff227,main_screen
bb7e293769ac3446a9dca26f48277bf0,statement
6824b36d10c5c7d7b0ed764cca83b15f,credit_info
7eebaabd83c509666a3f68e5b07b1478,credit_info
c8247f3d672a4b463f7a0c49827d6c70,own_transfer
a90bddca7ef3926d97977b3f180cd54e,main_screen
5dea2d91f00820803b5e86aba3e97eda,statement
1300030bd8e522de9f48f8a9d3f3bf11,credit_info
0ec50c02460c55c5c0b25be54852785b,main_screen
f10fe1ba422d62c8f0365b968abbf267,statement
27e4faa7f65c69f7e3efddc65f564bfd,card_recharge
14b1b52d5ccac681215eb0729938c878,credit_info
58ac419b255e580e3d07ced03a9aa33e,main_screen
b9f1004a607fa8a0fd247c89c2632741,main_screen
feced6dba889ecec432c45a6276350aa,main_screen
b40a6c5856eafcabbdb39c3197faf8b4,main_screen
85452ed8daca1515cde345a58cb66655,own_transfer
c4a6c38bea8cb329094407c6dfbeb749,main_screen
8941985bd55f6aa037a3ec8eca0eaa0f,phone_money_transfer
72705e139d1d4504449c09574bfa54e5,main_screen
8533c7c532bcb1b2f49c1a62d13bbf16,main_screen
7532e8a3a19e8ffbe7e8f2c746cf9edb,main_screen
5b006887d669a91612f2a54f97b5eb28,main_screen
77a50afac2be93f52a9a7141384d268a,credit_info
68b9a28c2990b16e91d0094789a7ac47,main_screen
b886aaba4e9cb370a7b76d1174f1e253,statement
39c62c862ad2199a771ecfe5227bf78f,statement
639aee002b5217d5daf83868bd458ce7,main_screen
d08966ec5448608ee754b70cc94e42a4,main_screen
5668b2745002532667b155e15e199eb7,main_screen
b0b5a897c46f77c086b6bb91033af300,main_screen
fae802731d3014f323fa3142654eb70b,card_recharge
e0423154f83c352c14726ed0c0cce007,own_transfer
f407091b603ac7015c3e117d2f93ab81,chat
d594710ca93cb52dc013d8bd667b1950,credit_info
95e0601189fdd94afd2df91f50b31a17,main_screen
2464d4359628c2215a3ffbb83f9551d6,card2card_transfer
827dc2e74f5268c188075896b6b9e7fd,statement
180df5efbaec0348ca8708de5fd485be,main_screen
0ae4d6af01458d73b02dc60c1e89d7a2,credit_info
6baa8955800ee8252d887fbebd740d25,card_recharge
6fde684d22585e208876c44e67d90a36,main_screen
f6169539b14dcf552b27f80ac57b0a4f,mobile_recharge
3d50adfd0c04aaf8e2f87c158b0a1b55,credit_info
99db91b4542d1d4c409171c6b062a5be,card2card_transfer
0dba436d806b6b299950300cdc8c69a3,main_screen
81a1ee1faf8898272fee3f07c416ce0c,mobile_recharge
bb118b20a996c956b3d4fc4ed388f0c2,credit_info
678996ad5968b4361a7b941a711d2e97,chat
2559e0ed0d01bad236e5e2b340a325b8,card_recharge
137410bae1c721840fd00e26ec7061ae,card2card_transfer
49da7994f4d8b75397f60fcf3a6b3e02,main_screen
609addf9eb5222018f4112b2d760a578,main_screen
480a21f243202990b68f0de0ed11f4a8,credit_info
97346cde81a28fcf87f2dd73556e62c5,main_screen
9b7f9e4966d070a9dee4df1d73b3897c,main_screen
b21d5314890738886b85cc6cf7b130a6,main_screen
c7bc84f8af2ed7ef45d7a6848601cb37,statement
83c5831692d8c475f7d9cfb8fdcdb942,main_screen
32e9e0ee945fbecac1392943f257b22b,main_screen
43b82258da2520676962983af2a44a52,credit_info
87262a6778ec72f31cc237c94d547624,statement
a8d248d895ec8c9cf3c50552e84536ec,main_screen
3396cacaaf6df2af7113fd7002cd97e2,main_screen
22fd5aab8f234ec6c0974ee0b05ae08f,main_screen
746d3102aad13214d584454d92d2bf56,main_screen
080c067c9b4d78b0e92ec738268e35cb,main_screen
a9b84667b0839f6d43dd707e17da79b8,own_transfer
3f70a97434b2a0a43a3b1db7283a8e24,card_recharge
d01229ba83b389707c6907d356aa7867,main_screen
69db2baa7f1955db7989d6966536c255,main_screen
d8654a95a906505e99356976c663b591,statement
8030eb42db235679da1a4f2bf7f2f446,credit_info
512004fcffb1b4c552255cfa007302d6,statement
2b9db0c07fd85a942a3b14c8dc23a397,main_screen
1c999b19cd95d8d4abe832306b82d247,main_screen
99c42864a3a28e68ff23e5fe95ffa362,main_screen
582336a4bf5c7497740cf73a2abebac3,main_screen
c23285d7193ef70910a10641a9ba5954,chat
d821e2b6f5343fae0153cd82aefc9dca,card2card_transfer
bfc4466c8cbb8f9f7408cdef3ad5b1c4,credit_info
e6bb884f01720bb8f95250aa4229888c,main_screen
3579d43660cc19b86d57506167c48cd3,own_transfer
0b531fff389ece35b2a329d90be967ba,statement
b649c997a7d1838bd81d75cd33037653,statement
e3bc643d57da380ff8df685696a99b25,main_screen
6c552df63af20fa02547fc79c49b5fac,statement
34f4047d4b9405c78ee9e631efcbfd78,chat
4332d5817dde8f557030ba0ed06f30e9,main_screen
8f3404a8b9f4d5a4a4870df63592eab1,main_screen
e69788de0ccd1d0aac774e4ca0a516e3,main_screen
a823498e7518cb4363a2a824371cd492,statement
8885454b11010b42730fbeff6bd3b885,credit_info
a6bdbaa959cb6d867b0d389e7de31441,credit_info
0994381da92f4068faa368201746ffce,statement
14925ddc7e20509e529ece26bf3af53c,statement
7f612dd1bfad10fa8a746e27d7d69da4,main_screen
4b84dfaeb9d670afe4464b8889d6a582,main_screen
33feb50a18062e2b446ad3dcc010de05,statement
4e2306d6a0d0598c32165af9f0352586,credit_info
053b042c61e85a3f0816639d110efef9,statement
1c268893807d4e512fbbae0572843053,statement
6fcca7237bcb4455270df97fb41ea8ff,credit_info
93017c637070383549a73e6f29547efb,statement
04bf9a7494c8d460860cefe29a7aa601,phone_money_transfer
cf4d731b4587e53e807cca70c55c23db,main_screen
ce7c3a1b05536f5bcd2c184fdcb155e7,main_screen
83aa3e202a99e0c86b6fa5aeb74c8e33,main_screen
e56614d79b9204bbe620c9381c4a19db,main_screen
88ec48ebb2df6501227b17ab818c7ebb,main_screen
821bc6b7f054457ad992fb8ba68cb37c,main_screen
d8cc7d4b58d3d95a669dd63a09526e5b,credit_info
f5e815b028988e2d3ee84da71d5741b5,statement
6de74eba852ba92c5c15e1ff31c9f578,statement
2b96766c6c26cb0ddee2770abcb64bc8,main_screen
d14dd0ef677796f811eabe5689f2e43d,card2card_transfer
516b04ec5aaa3e274a886a08f5901118,chat
b7d8a0c3de1883b4bdcd5655f820adc3,main_screen
ec18d397cfaf6651e803e1446202b716,credit_info
3672d0daa73e2659415f18f293bf4192,own_transfer
a6f60d91afdb78e4690908882ad13847,statement
1a55a7d9e4c5855d5ea2f8610e65024b,own_transfer
9748c9e8270b721d5d44fe023da15abd,statement
37d27d60eddda4b29144f8054f0d6578,statement
cce0977802bf661a7c62d77654d9ca04,main_screen
dc774cd12cafdcae59f7bc4f165e093a,statement
ba8a2d9c58e774198f2882dca3563c1c,main_screen
7ca2457e9575b5dcd0c8bc1c79f67452,statement
663156cc3a155173e0cb037ec80b782d,main_screen
943a9f6964fed24191e9bbef6a08da9d,card_recharge
54219cf61436c66144e9ade6c2959136,statement
83a777d5f99fd1514072d06e16c326de,main_screen
ccf79135db5f7ac6503cb528e1384770,main_screen
56d4f5f2e3458ae51425d9550837d55c,mobile_recharge
14a22e804df988b28f8aee54ae564c11,credit_info
3cf44bebdb04f307265dced3ced10309,statement
96e6c9d2eb1e9ac41e2359504ebd54e1,credit_info
a1fd759c54067b7f50c7d8d0e6e8a226,main_screen
84934a904370374c3d6979d2fff39f79,main_screen
2b51d5327217360e615344198c58eaad,main_screen
081637d94e7e018d6b57fd26988e35d0,mobile_recharge
542d3521f417a2c7d81127cd812284fd,statement
c4262b642ff9ea167878920dd11fde22,card2card_transfer
977923a34b8d6ccb9eff4a161d581145,main_screen
2cf26738363155ae59f1c26f0b1a7856,main_screen
56c6bb55a429ee9bb0373d86a68ee5e1,credit_info
d0a6b7d631c897c3e75529a7ecefe633,statement
38865b2e2ac3d7273d020a049ca3b89e,mobile_recharge
4f032b4509c455c85279a65d6d5d78c3,main_screen
c73df2168c2b86dbbeeebee5753469ae,main_screen
84d26c4d552b2a0c4bd289a9a7e2aa79,card2card_transfer
c0b7f5fbebec9e649f9e80309efa57bc,main_screen
fc0fc224cc319c0c445a6c4fff0995b0,main_screen
bf81cfd5d8043b24e53e6db1803fc775,main_screen
072fed8794738d7c94eac63e5894d181,credit_info
f2b02c43215ef8a98b529f7c46c5b061,main_screen
3cd2bc71b731357d52749c7f4ad64ef8,mobile_recharge
7f90567c2076824658ed066dc3530f21,credit_info
a7c5fb1dda779f01cf709f57a0a5f798,main_screen
2d5e6fce930c71885f46206dc6ff2367,statement
bb5147e3d4edfd24366d68e154a23d69,main_screen
68b0e2ad62e99321475081593372aa80,main_screen
78c820d2be489718a8ee1ee1aeb668d3,main_screen
74ce9c4995a0814afb16eb023be9df68,card_recharge
dd4d0cfd0396bd72ec49f9cc643eac6a,own_transfer
4015bbfb56ce99ce1f2b0267ad4bb9eb,main_screen
269e8815486021989f6328d731fc24aa,card2card_transfer
51da1bb41afd483edf8e071eb9c16cf6,credit_info
e6084e1e56000735f27ab02fc773ca46,main_screen
988e101b04a03661500333019cf25d72,credit_info
40d2a0821e7ce74baca6e9a44c20a90b,credit_info
b4fb880119cb386710c32b2426c9a66e,main_screen
35530a8864e0123916ea37f731d21d9b,main_screen
a0aaff9495ae6dec89b16f208c1dbd21,credit_info
fcad10a6b4512a88c6e5db41e1ba3252,main_screen
b255746fd3a61a6b898d254de43c3f11,main_screen
a0b71d307b14a834723ecf0e0a542d04,statement
f896c1e1adc77bcc1d9a04602d9f9ebb,main_screen
9c1efa8ed6781a24ac39bd68e365acd0,main_screen
98ea6e22dc5b94f32bca16ab080c5b4a,main_screen
9e606b5aa0b4c99a0c8c856853a113fc,main_screen
da50307df23701569bec399548e2ca32,main_screen
fdb7fd2f13696a70cd1f5608109e0a2f,credit_info
e3c01ea9bc6e40de5aa98381cf86b4ab,statement
ebecb617168ece97c99e5173e4405af8,statement
84da030bf6cbf70da7214d8bc5ed2b9a,main_screen
e60d467d92f7161f71f2760cdfd49300,mobile_recharge
0ee411efe3ad153e52325d9e4f90221a,main_screen
e8c93c3b519fc85cbdb05075878e7199,chat
03341984672c88ebdfbca9cec4ae2fa6,main_screen
a8eadbb43eaf08bdb5b52212fb1d3e49,main_screen
191710d97b0c47ab6bf6ffe7323c9aa0,main_screen
c9493d9d8f3599d7a4bd592760570850,main_screen
3c6e690f6b0175d0167ca548fc492f04,main_screen
cb664fea2aa69e0f36c79f20371dfab5,main_screen
287dc1d85849f8fa4102e117eff23357,card2card_transfer
c2bd97f58cc463717f1941f0776f2597,main_screen
29561429e5983d9bfeb303569ea85106,phone_money_transfer
dab1951902e8f4d3f27f807401504ab3,main_screen
d922969038c6f933c899583ba2a5cd52,main_screen
80c0fb07afe9693cd71ed86136bb7754,phone_money_transfer
c6616cef7defebf7c1a76ab70be9cf5a,main_screen
8210e42686a3d06ced7e129874b84e99,main_screen
51a7d1d3bcd6aeef9362898eca8c4914,card_recharge
7118cefc20465d8a073832e331187dd1,mobile_recharge
87808484b1602bf1ca5d958fbf84e6cb,main_screen
61344114dad7669b403219b5a2632ed9,main_screen
950a6396538f8cdf5166374bb905a81e,statement
6d16f158d983d7aadd577f0833254bb2,statement
e9c554d9fb7a62e6bb8d88dbbcadfdb9,mobile_recharge
90825f40cbda5751be0fc6539f7dcf74,main_screen
806f6c371be6c789bcc03691f939235c,credit_info
fbb0fad9fd539e6553281ef473cebc0e,mobile_recharge
b95c4712fffcef8247a99d2b78af9f8b,main_screen
089362e1e2bf2fa68e3f0c99d8543c9d,credit_info
b464cd5daed7e31ca5df57097585e949,main_screen
7ec0417d3f153d7d868bbfc5320da68a,main_screen
0e513615fd2ca6bea8db45f15bedbbc3,credit_info
018833303cf8e962a0cd3a67618ad1ce,main_screen
0260c8bcf7fd3814eaa7480173c41b9d,main_screen
682e9caaa885b3573085b9cb28e75cdc,credit_info
7d1b805fb3ee0000b596426a47973787,main_screen
fa4e7c4df341b3bf46f8d02db0d438da,main_screen
d32ee48bb396ac0fd868acb2e350cb0a,main_screen
6f510abe928d13316b208f39b7fc3876,own_transfer
3b25ffcaca6925745596c0b35b93edf2,main_screen
60fe4fd256cacd88df219db174d0d799,mobile_recharge
0ba8fcbd4e9809bcf0efbeffb2ac6027,main_screen
22d97b9cda1d15e7f033296563bc93fb,credit_info
79cfe3c0019f9e95271aa8e799b20d3f,main_screen
ed7899315f3062254aeb36193bde60cc,card2card_transfer
fcda78cc0c832ce2a868253e2423c86a,chat
b092bb001ac0e644b8790e52ca8192cd,credit_info
09f325c3a74d620108c1904e0be09eda,credit_info
4b565340e63f609010f93875af1f54c0,chat
d79376648987d423d6fc2cd452fe30f9,statement
98d0a25e7ec9dda33beccd899332fe61,main_screen
b04e3e93f0efff21265e90a0e4eefa43,main_screen
4507dc018d44841ff10b6821e479293e,mobile_recharge
47d0586f56eb8225027aae6a5d98ef65,main_screen
936f07ab9d6d23d302b77c5f15a026b6,main_screen
43643b66bd48447f72956d11e913887b,main_screen
e5c76aac265c61b4153ff2dedaea4afb,credit_info
f9619043a7ce35e94a2721118738970a,credit_info
9c5e8497aa7b23c30c0c6e252881701c,main_screen
13b4720d5f0bc37d2c286e13564f9c90,credit_info
f0877ce662b68e2f8400e85e371bb317,credit_info
79abeecba67d3a528623d2f387e3ad32,own_transfer
892e637ab57a5da92f46e7e13fc60925,own_transfer
65837a5339fd1cc21e5d3f07eb2d5c38,main_screen
0bc1f682876eda262e1d0295077bba4b,main_screen
3f2034f9404e581c6d164f4280823108,main_screen
602a376b75868b1f2f3943601eae3a24,main_screen
18f334273e304b01ebedd85ee09b6109,phone_money_transfer
e5a4a6ee7fbda22be0e7c726bce4c680,main_screen
65856da0f1825678739ec6b5fac29689,main_screen
d71da7c5c0a7a28b8f3e69c37c9b2018,main_screen
39a11997abc9f86822492a6a70aa7015,main_screen
0a9148d4c543d662cad239ee668c5f0d,phone_money_transfer
b20887925a4c6c2691b86fcb46eff510,main_screen
826aad6ffede3872f34e4e69768485c2,own_transfer
12f9cc4aa9b1deb518e698ed92f43044,main_screen
cf51a3037da0a5e0924520e1d9fef36f,credit_info
869363a8221cfd4f34919ede49afd4c3,credit_info
87f5ac9bbe096188f3e4177d334ef220,statement
491fa19636862c32124c530cd8752208,main_screen
0365f4df1d0582e75278051b9cc632b5,own_transfer
055c70485df474fd6ed970e2096d418e,main_screen
c1f3154d80c566daf55d2fcb94ad4bae,statement
2928cd3f5c34d4c2ae8baabddc526bd6,credit_info
6d363099261613a37c089d1049336902,main_screen
db166a1d93fb874af4c9919e2158360a,mobile_recharge
ccb3fe4701b455a93c0640c262521dd1,credit_info
a6a1208db42e777e3d2bd4fc7ceccc28,main_screen
0afc973fe14a6426e670f45d75d14ee9,main_screen
a1c969b1860bc5e611ae5c4867222780,statement
60b797d985761297675ac86c67c02ef3,statement
e9e625e8c8d0c00587be798037d2d03f,credit_info
ceaba1f7ca1e3cc0aafb7662bd313b3b,card_recharge
1f033b5ff3783487d0d96763736365d1,main_screen
fbec3c67bf147064fad4cc2893018750,main_screen
0bba09ba9181f99540d7c155967600d0,main_screen
60d0e9ae4baee8ebab4f32d2f32ec552,main_screen
3986723dae45348a3ba96ad8c6540b0e,main_screen
2ca9634d0381756b767ed3a7e28e4884,main_screen
99ddebf3ca107e9b1ea5ef101071d229,credit_info
84625c098ac0197dba5bb46835f25032,own_transfer
0386d3515a3b892c75481cc78a64845c,credit_info
37c8de3234ad2562eece553733d848e1,chat
22c5e2fb27ae65f0f51c44e0ea829f4d,main_screen
4b821e9f16d88ebbda2afada8729d783,main_screen
f5bfcfe779af86d2561d773f52551e54,mobile_recharge
77a4487b5f068b33f28529d76cbf67e4,main_screen
15f98ed1b1b300f9665b6b9144926ef2,own_transfer
16e9e3a1fcbc5100bc6117e11b7ef61d,main_screen
e6e3bf7733738965ed5a495a283ede20,credit_info
d690da6afe4f6b1da9592b7434daf24d,card_recharge
8920dcf6959348c0bc0659f470a9fa0f,chat
f8efc518be27fe5d25b29b6aa9290faf,credit_info
b64401e03ff01224a21ac196a64fda96,main_screen
48fe3de92b607f7984a3435bd0897d84,main_screen
5cdf15f7b8fad19d4743b57369de107e,statement
542968735fce9eecd2964808e9a32a99,main_screen
e464542b85b313139534591e8e857e64,phone_money_transfer
9580a6b41a5332d908aed1dea42b5204,main_screen
fa5eb42afd8b5fd3d50d18c897618839,main_screen
faa0796ddfadc3952e944827ff0f2ca2,main_screen
07c0f326a3fb81ca38675db17bd382e2,credit_info
0b37374c38493a09ed86b2764378d140,statement
1d2a7792534616673565e62c3976f464,main_screen
1dbabf3a48c834254d1d3f7f4fe83962,card2card_transfer
1a98188b01e367f5d46dd2727956597a,main_screen
0f1f70976b8f941f1b7c2e8d0010ecd1,statement
efcc1479c065a1883b04648305c55037,credit_info
82910ca5174fe0eb0ac46358ea5bf2cc,main_screen
9b60ece41141f13e6ea6266dba96ac19,chat
aa89e642269b43bb5c00e09b4da43a20,main_screen
826cc2166f5f244e35d3bb183950eb71,main_screen
58116bb259dcdaf5dc4bc0175e6763be,main_screen
d9f4dd08e2bdd7270efac54cf4dbaacb,credit_info
a8b66f084eeda1d5607eac3730beeefe,card_recharge
ce2e9eb969663af73b444ba93b7e6417,statement
0748979b6db4c91b9b7eb92a220a59ed,credit_info
6e78a50e82747c422f9e5a747a7ffa5f,card_recharge
a75915fb38ddc1a83a495415231836fe,credit_info
bff0a005f4871b1d696e8d6184d35a63,main_screen
daa6cacfeed5ee0fc55776f8c1be1cec,statement
94992350c802424b833741795d605a92,statement
acca1c250422d67392ee0565f89a28fe,statement
b31e265f1afa69752b82a39deb53625c,main_screen
169ddb7538e2a54462717f1d7c88e262,chat
9523056621588132c075ff08751d3875,main_screen
936ea494e4e8dcfc0547f6b9dd973c0e,mobile_recharge
ee2eda10ad91d1db347a4bd4984d1807,main_screen
c4ef0d0b1983cbe79a7c5ec7b9f211ca,main_screen
3cf0d15d74048412a3411e381357b314,credit_info
99ee75016ec2ffcbcddaf4bbe6e6583c,mobile_recharge
2fa0196ab95dbd415ed5348ecb6d357e,main_screen
825948374780d162e754240ff31d6fcb,mobile_recharge
57aff937c849efc61fa3b56981dfb3d4,main_screen
19dbfc8576b316a18efb39f69d3425a4,statement
a79633918fa4667674c74bc8f91a5f71,statement
c77318c74ace2960c74bbf1afcc9ebcf,mobile_recharge
1ec34e621c0675bdf22c477d5f1ce815,statement
de38f29d70b4cce3903389c7612ecb86,main_screen
a990ea71f0d72a09589a4d4e2f9e280e,chat
26e38759b4a302ff1b0367bdce2dcd95,credit_info
854f98afe57bcd95adb229cf9754febc,credit_info
81d6f9568426d8ba22f5cf2fb67538c8,statement
8a83afd901fe187ec02e4352a0da8c20,chat
298bd9ef0faed59663bde246d43b107d,credit_info
48579c4dd624483abc30bc11fb777306,main_screen
7f531c3b32487dfd7305afff11ea8695,statement
0208fee5628399157bda38653f23bece,main_screen
518011e6a8dc97499647f9d876e867e8,main_screen
b55b0a95bd1221226661939a0439d257,main_screen
f57090150e8e618013e7d72552e393bf,credit_info
a0248b56af4b62933ca2a15b4ffb6723,main_screen
eededa043911a7eec6bb63269c720282,main_screen
fb66d88130133b4a62a5f6c97e33110e,credit_info
0c5e6846594257f8dde2e7dfe5405f50,statement
c12281d1857e06262880013e50cd7695,credit_info
309d1eeb9f86b56e62b794bd42292376,main_screen
09583042a89b9cd9435464c35823115f,card2card_transfer
b29ea15fa2308e3cca2981cf31d3d535,credit_info
4597074927d4195432ce0d41f67f5d23,chat
d0af3ea99a3ec02cb91ae04dd51b09c2,statement
b4d4e27ea05e22a7a86ba48e9327e1a9,main_screen
35da1299024eba0aa933d5bf0f529f20,main_screen
ce966663a60420db4cbcaa1299e442db,main_screen
efa4c14f680b43b7bada9520d66063b6,credit_info
d891e7e37ce895990146eb323b869e89,card_recharge
52fcdda78e6b7917f572a8aafce375be,card_recharge
6dc4f0a433f1ab2d4392adb4735093da,card2card_transfer
6d2b8fe8ff918b44c81ba303003e221b,own_transfer
938fb99729ea0012ad0676d9f0ecb4ed,own_transfer
88ec2bc2adff7668e5d5cf18f2770269,own_transfer
d52d684ebed6e4699205eae8d46f02ac,credit_info
2b299d23be3837f0e73fb81f0963ed3d,statement
6eb2333e322ca1492b8bfbc07b5e3a0c,main_screen
3b669eda4cad932d6512c4289a1be004,main_screen
0a11ad01d1857397b056cec692c6ae4b,card_recharge
35e29b87a8cb4ade5017d343c23a04f9,credit_info
58f5ef3d0a88d87014c6627184fcb663,statement
6c1df014a65ca20fb20e0a0fd7d195a8,card_recharge
209070526d36b7bee74f7fd73bc1b75b,main_screen
d6615c8312dcd342439e645d5931a7bb,mobile_recharge
8f1c3b8f21f7d560261f16e97ceee89b,main_screen
6cd18817d144982e1244ee6d5613d25b,credit_info
b04d955d5f797083143ce997be9a44d9,main_screen
5b688a8bd19914b9fbe9bc9b6e38e406,card_recharge
d5dcd083c28341b7cf9df72f334648b3,own_transfer
a4d8942fa07215524930bc0f1ac64c17,credit_info
ec396ca180415f7be00e8b1f79a61f0d,card_recharge
cbf1497cdba53630b8ff379507a54005,card2card_transfer
37bca7677c869362d86dc9ce40b3310a,credit_info
9ff4800f79cddb930b5da0cac38f7028,credit_info
8e6e3ffaf30264d8fd755628d1341a40,card_recharge
84f2c29ac65d8ec6ecb167adab654df5,main_screen
245ec8dd8e558096601fa6ad1f61fb89,credit_info
f35fa75f60ed9f8cc29c0e746fae577e,main_screen
abd3616f3d77b9c371e7eedef11d4eba,main_screen
407afe1042ff2682e8d138ad62cf61e5,main_screen
bb6c6c92e589662f488cba374fcef7ea,main_screen
276ce69493d4652ba7f46fd972125812,main_screen
c981f158d943b62a32add020ad44d2a9,main_screen
94596d519ce88a49dc4a0d53770408fe,main_screen
b9fe0045221b221bab76cbc09beedc46,main_screen
bc4c3b8a7e1e9dbb4e1124ba49321ac4,main_screen
fabee7edbf667cf623594365638f2e47,credit_info
a0cfd496b2e0ac3a5c77c0f2fc1ad536,chat
afc62220ede12fd7e7b6b6203e86a325,mobile_recharge
6c13850c70e78e8f9ba030df5ed755ab,main_screen
8d241ade088d24d2540bb5c6d04395df,own_transfer
9a4e53202b76517aad89f181f0b9b342,card_recharge
67194edcd40741c86357252408504b03,card2card_transfer
be2938c0d78d925733948bc091aa0382,credit_info
60eff259a6167fe59419d549c6114720,main_screen
a77b6bee7d3abb06aa1c8fe7cc3dcd29,card_recharge
dbcb25a640060cfc7009a971b0846804,main_screen
d8d3b83ef876985f28adae9fc0b1f48f,main_screen
cb4be32936163140c0462c74437d9920,main_screen
a8192ed2c73d3fcfd6e38989a6264a90,main_screen
0be7284c58d0e2a62776c48db05db32f,main_screen
9f69cfb23636c009a4e27153a3c80406,credit_info
9ecabc7494b3699bcbe29c1e28f60302,main_screen
de523ed7e61c27f3d212e485288fdc38,statement
10ba7ebc55ce68c1c635d266af72e836,statement
0ba9e31730407376598ff627bb5fdfd5,own_transfer
f3dcc64db4b5106dcfc94c5a3c412daf,phone_money_transfer
b64abc2fc0cb88016f533a65cceff384,main_screen
b3f83e5b279b74ce514c89bfdaa2cccf,statement
c0d93af60dcc5d7a42cceb4ff0f36f79,main_screen
3f670750128461b67b3eca74ade36c5d,credit_info
461de8d924541547668cd3c3766187ce,statement
73ddd329af7562c138b9a8d1e924c65a,credit_info
0fb1f5ef6249beab88c067e8bf49bb61,main_screen
d4a57922c99449d30563ffabd9957ecd,statement
6e06fccc3d06ea58dcd28c84391ab62d,statement
5122276883f946ca2edae69983243e00,main_screen
6e2cb2954bab9afb71e8ea793364df5e,credit_info
d63b579b5f8a57cb5a666dc00e29e5e8,statement
ea1ce2ffc5e4c822e600d0aaa2d27c5c,statement
29357ee3c60d3a897e0f09e047b23d3e,main_screen
34ef3f76e27b77db02933869fc3426bc,phone_money_transfer
a75b2351e8d3deea6788e406c44196bf,main_screen
ffc81796369ea1891fa2962e13a41c03,credit_info
83034835095235e6bf87598babcab2b6,credit_info
25f3b7b9de2cba945e4262dcd2be15ea,card2card_transfer
5965f41b58a6fe9d59dc4387fd06d548,main_screen
58165033b3e654e2a1bf587801f26ae9,statement
bc81128fa63e71d4c2a74c126481b1d8,main_screen
519a54f2c19d17b6f47e6f010ae2bdb5,own_transfer
6c6689dda14aa43eb781fd63bb00625e,mobile_recharge
853d95ea9155065b10a23b90efe60845,credit_info
4d48d64c41c0c3bfb13ac65bccb72dd5,statement
7ed9747035e92b78bf1afa7d8c59ecb9,main_screen
0803668b3572595f0144ba3dc2948efb,mobile_recharge
f8fe5443f843a4d81216bd1fac23951e,phone_money_transfer
bb29510248bb4f77121352293ce44a16,main_screen
977b12a136acd936c17827a2ef2b4a66,card_recharge
812068524f947e8ad4bd5c9f67d0cb81,main_screen
0ec0f3c3ce15d68946a3dfa8fe38d020,credit_info
2c5c4a0553abeec54e18081f3ea47497,main_screen
3c45284f97c596abc5c9898e581766a4,main_screen
8a725887480b54cb909af85fc0add0da,main_screen
943f6e37ae9c92be7c350cd758b0cbb5,card_recharge
431f737c5420a962c73c0154d588ce3e,credit_info
29eeb371d385c1726a8c8f3684bdbbd6,main_screen
86c260dfc8ed18b6101f5e2170f42944,main_screen
311fb26b507c7972db3befd82a4dc8a3,statement
2f2f213b9879909435d5e918f0ed2084,main_screen
b7b64bbf21c15c86d71ce48e4345f0f1,main_screen
37620125c4625405f6945a52a20bdce1,own_transfer
2ad7faaba45e0ed5e3eab38a6d8def05,main_screen
7413160d4edc230bcb860fc017c1d660,main_screen
09ba7fc393a4156a83763a9dd0f92e6b,invest
a50ce0d1ef36df9a14b0a84d62c24f10,main_screen
0093715d5e28e1e3247d213c4a20937e,main_screen
24e91ffb8973ed08385a82db139c0190,mobile_recharge
96442bd6a948592132cce0e5dddd3cef,main_screen
0911592711215ede4189f137b729f055,main_screen
801370385a76269cb7f93ad8faa057a9,main_screen
ab0ac7c47b6af23219c32f1a3ddf45de,main_screen
2dffa31b571ac4a8af61af395a0de82b,main_screen
a0f48a09a319f88beb0e3f1d2c4dd30d,main_screen
bf3cdac10fd7778e1e3d38c7865f327b,credit_info
734eccec57a722ef4399e3e901354e4e,main_screen
5cfbb297ce06b3063d63612b8836df9b,credit_info
0a38a85b8ddcb5432103361019d59e79,main_screen
14052338298a1860666ffaf9d7f21cea,phone_money_transfer
5674d4169e5d7703c5368fdfd6040342,chat
64c660045d575c64c27e43ead90a0e47,main_screen
2046a76e488f5ef373b24b7b3e9502a5,statement
8a797d4d45dcf27a8171fba6a169b3bf,mobile_recharge
f636df455910b6bfe2b0cde10c066300,main_screen
2d5ecc2cef36e082fb4acb54b99971b9,main_screen
97571d23de9770e63a81be3817763554,statement
5ca88800ba3d5fcf7856811640bd1ba2,main_screen
84d6ef982bcf47a0a7cad92a32b534d1,own_transfer
d205f3f2731a7261d55c7985252d38e2,statement
d99b2a67e66bc596ff7fd2f2c5d893de,main_screen
9619289e76ac9e479af9978ea76c012e,main_screen
60be72181b45c29d5a6188acace50245,main_screen
b30d7a40778753b07ca41ef977648c8c,card2card_transfer
dc215551ac73bc59d8bfd6ecc0124266,main_screen
bb71a5dac4df2309eb468bbc839f3477,credit_info
61be8a532da4e627a53385fccf58d32e,chat
18eb20cd18e50da14ad6481340d0c1c0,credit_info
f6b9eeb34ecfac0d58082c316fc87901,statement
d59acfadf44e7777d06644c6baf73563,main_screen
6b3c712604a7383f954120341a734c3a,credit_info
9efc4a681443e72ab3a214e900d18ec3,card_recharge
81901e5390b64d2efd65e419e87978ab,credit_info
973e8d14649e5ccebd3cf544e72368f9,statement
c306a63e72c2457786d69418f0ee7749,main_screen
48b6213f5f25049e4f02004340930427,main_screen
a806350eeb258293d596e26a927389fc,main_screen
bd55c316899b9c8ad11c041965bb7db1,card_recharge
3e4261c42a3983dd7ecbf199b6c08a9c,card_recharge
95152765e2cda377e27b0fe78350f99c,credit_info
7e46f1543b41bc0950f6be9f5e89b982,own_transfer
f06f3c95bcde2b427d5ce8e5f287aec6,main_screen
0dea8e03b7c0237466b7ae3643fee60b,credit_info
97394ca9a4223bd8faead1972de96f32,credit_info
c70f3e92e5709b5eb9bf1887a6bea024,chat
16d92dd7b2b23e07487fd4e52cbecc33,chat
e01b55acc3e5111beb483650c406cc93,own_transfer
578734e5af4491b6b5344a4d1162752f,own_transfer
eb45475258d999d56fea4c45530dabc5,card_recharge
b63e1f96fbb936e13d4bf791e168b5d9,main_screen
aace790c3459a2ef46eeeb6cf82c0b79,main_screen
6a98bc797cbeaef2bf720aa7b62a8e4b,main_screen
78755bac28b06594763bd7148e40298b,credit_info
45d3db986f124f2e629ea81892b51438,phone_money_transfer
e819de91ea68f35a628db389784256e1,statement
ab80cd39bc7c16b9f5ee68979e0307ef,credit_info
b9ca5fea29be71eef45a9bd38e68e2a8,statement
afd6f937bc4c22c21088e195cda491c5,card_recharge
daeef8a7fcceac755df8e112b0b2c197,main_screen
31b84dcf825ae51c53124a964739ccce,statement
c33b9942d002badc6e99764a110cb6f4,statement
ea1b77982dd390f08239c32506ad86ff,main_screen
198f548f657ed71c62ceb09dad82dfd2,credit_info
6647af8bdb56c81d6f956604a350acb9,statement
ad1a24160892584ab0a9aab1d773b196,main_screen
367efbc90d5db4da666b54a4657d9ca2,mobile_recharge
ddf146702d41695d49fab52209897e9c,main_screen
1fe48c8e8002abd934fb6dc78bd3bbe1,main_screen
6df96c0adb07465cc437cd25f37af93b,main_screen
44a72f0b2daf71135abf252129dfeed1,main_screen
bf4f5eb8c2f90f698696e4e914fdeca7,main_screen
0f7778f9a6ef7a4ce8e1368da42ed1f6,main_screen
f1dcba9e587099d9a92cdd5e64b65494,statement
868166121b7e6a147ab8bf9445031da9,main_screen
84c4d001c8dc1a890b3eb471f4fc9b07,main_screen
8a04d6479f1c5dec339cad0a34e2195e,credit_info
0505f3c2f513f8278a9c930fd43da166,main_screen
f65862b5f35ced214377cc1f5e81d446,main_screen
8deffa64c7a158eb971157922c77f2a9,main_screen
4fcb5639cab9150cc81fd57fe796e91e,statement
41724da3b1a040b34c2062d7a84eac79,main_screen
454c33861185b4864313a884a0a48c8d,credit_info
d945fd77fbb1c18813e05e84240a2ec3,card_recharge
b0011e851524eddaa5058542aefe292f,main_screen
d3e9ed7d9d9838dc35f953304765be89,statement
eb08a2546c6db4159aef0698d609ba31,main_screen
f276466e293cba68ad0953f8b6649403,statement
0bb89e668ae60de7570498ca3c5c2fd6,chat
376cef5a28e85aa584cbf322e03fe75b,main_screen
eb84a18faec84d331896bef1f6dc6416,main_screen
d274ea85feb0aae81cb861627b1275bd,main_screen
a947b600157a312aaa1da4793fbb6dbe,main_screen
a8259c5dceb49e8bd60f11924ec5e29f,main_screen
db5eeac0fad814bcfba2b6764daa3a6e,mobile_recharge
3909798f17cacb5e12fb5b2443b9bf83,main_screen
513e36709283e67caa29163bfdd4e613,invest
9e5bee96065dce3f3ab7c13ef0248bf7,main_screen
6ff506f43c4713910dbdafe63340abb7,main_screen
93f516e5167eee623100da288423d302,statement
6c2dc19c9ffbd2abff1e9ef68b811215,main_screen
b203ccb219faf190b92e78f816cd607e,statement
80c440437f435ded4de50829195fed9a,chat
b59af98d69889e82ca68250b7f632296,main_screen
f059e169b25b6810d70f76b73218fb77,main_screen
56479954e5bd3e37ae088f2e818ddb94,main_screen
ab0a169d4f71d4a2a31268e7964d2163,credit_info
b694dbfae3f2ee2fa48463a2e5b06770,mobile_recharge
d26d820ddc0c5058f6d205004a4c397c,invest
ab0bdf0ab87a8a3e3826a6008279ee6e,main_screen
7d54e1f17c957ad449fb0dce5f332cc5,main_screen
a7b3f2281f07abdadb1b211c26190734,invest
4df8f850e1f353bb65b849f322eb1016,statement
3ac230ed78511bf9de373f00b28c026e,chat
0791c0447bdaed599c84199e604db5ac,credit_info
1b1d6811d6523fd1df1f57dc02e6d8cc,main_screen
327e1074122db27483307c915ddf1f31,statement
d5b220cddfb8640ed95488511cfbd1f0,mobile_recharge
f16f53c8763fb79d0f8c7ed880194c33,main_screen
a281b3938c88aeb3b58a4f8f3a002f25,statement
8df9b26d26b4381e05063274d27d1db3,card2card_transfer
e3e3bde0a9ad350a152a2982180880e9,credit_info
2592c34f5e346c46adf4dd8a777e0fdd,main_screen
0e857954c942e6609c1f98f955167d1c,credit_info
4d3e5c1459208e2ca3b82bf146523103,card2card_transfer
dacf800cb1b22c72aa241783e308c5b0,statement
7f7a7a2b487712bbaa85d1b86953138a,main_screen
c56a84b8fdd9c0e44ce42f0f87a2489c,main_screen
8f46c1380b15617a13a9e9958576e7ed,invest
e57fe7640ab8ac3af9b6105cdc9909f6,statement
f9d1bbe636a9c3bf0166e5016e3ccd75,credit_info
9330fab1fcea9ac110bfc3097b0972c8,main_screen
e371249285698139fb8eb114b565add8,invest
c08a4858f3965366ae9d3434feb3bccf,main_screen
2428936383dac6e5694b6aa0f619385c,mobile_recharge
2dc6cc2ff02b56089f7b26df7d4177dd,main_screen
fbf4174f28a0cc5b78ffabd463ec94da,statement
c678e86757426439ea307559dba3137f,main_screen
0d3b7352d6125b5c2684d34fe51a157b,main_screen
3b2a47c6dbf25fd1401f9b016ac3990a,statement
4fe424a486f2f3bef3fbab050496f577,credit_info
826ea4b1adbf299cb48debd178e58857,main_screen
fc47dace10ec05dfec73459fd6a08954,main_screen
12bdbda1a4eaaa02b74ea142a9a64201,main_screen
fedea5c39482ba27856c58fd5876343d,main_screen
82f058c14b0432a92f4544eb2de5ebe4,mobile_recharge
878bdc51da57cf2f6b0b8414d826a5c2,credit_info
d608af49ba5b249256e55ef3a1276c25,main_screen
1c3e9a340034502c00805d5ad9957780,phone_money_transfer
a1d252395794f0796feeccb285634580,statement
a32956bd08010bd9894acc59059b2e66,credit_info
79ddcaa755dc46fc327949c66dfd32c7,own_transfer
f24519f3f317aeb16c700b2789478650,main_screen
5235085697f86ee142f7bd4689fd0c78,main_screen
cd5be69eeb630ff7399917fac4c51722,main_screen
ec338f2600041f323d52613573f66eb1,main_screen
fb3313db1abb49351da024ae799f6aee,credit_info
d8cf8f2745a795c4f894aecb30f8cccc,credit_info
df1fe43b15ea41eb976aaa474ecf2264,main_screen
c6e1c87d57cc5b9737b6689621d1aed0,main_screen
ad105574ba4abd9f226504dc8200ccae,main_screen
7ebb9ccbffed270d68c26f7fe7b2770f,credit_info
d0cdba3a9295006195eaad40272968fa,statement
f09e9c1701bee308493b95eba8096925,credit_info
1373a672348de68984fa7fe9d1415fac,credit_info
7013f43fb35c54258fb13a853106d0e1,statement
6efeaecc8903d864d4c89f3577558a18,main_screen
6c6607b377131abd235ee823dc0e1127,credit_info
188128fef0f893b3cbc66026e355e47b,main_screen
29a0caaf7c1c43b8b899fb882ae64506,main_screen
f73d820561d4572ee784b2dd98e2e418,own_transfer
d92e2194fc53dc88487090278cd4b187,mobile_recharge
eae4fb94d89f75ecb2f64aa129d3d0b5,phone_money_transfer
5e51b5679ec1dfd8aeecde19de3c38ba,card_recharge
0a01da1590b9eaa926103fea88d4fdba,main_screen
08cfb7f86105168ccdd04ac0a2e0effe,main_screen
200516c425cc21bfc40aa58a3d017f23,own_transfer
4991df8da652e4e8ee686ef7069770e3,mobile_recharge
a72d5674e6208b64557c1a98943b6e94,chat
3c7b94a2fcfe95e14a25a167ce497072,main_screen
4c61c1e153c38d61d23674c3f0bb5d67,card_recharge
9db58b957dcd6a2628a2131c86123f8e,statement
c76f83cf76c4f7f496b780abb51be239,card2card_transfer
a6112b8d0cf48744f36e238d7af77644,own_transfer
8ec5abd51e243eedcb2ab3783c3b2f10,credit_info
2c15c802e42d96fe3f59016f1412645f,main_screen
c2a7a952eabaebc7bc4588e158032f76,statement
55e046a1891f6925b81ffa75cc4833f8,statement
d650473e6a6fb45750bfb6e322a48f4b,main_screen
bb32ec0adef51d368013c8234fef4c88,credit_info
ec9f4e4d0c6083a0a3fa0b2943446a91,main_screen
84863c0c587458266d459bfa1f7159e7,chat
b4c32206fbca66831f2072895cf8ee35,main_screen
bbacdb16634ec3fa4577cdc4d4295d97,main_screen
88619b5fd1bf57013619f6b3d8c6042d,own_transfer
a9919dd9f4be51b310578c70eb136651,card_recharge
228cf56ef3cf76412db6fae773ceb393,chat
a747d6b87c295bb6f0fea3616148be0c,main_screen
df6c02f8ebe72bd2aea630bb39e541fa,credit_info
9749680862443b73cbea973eae8c7794,card2card_transfer
b2b2d756f7f2e91034ab98fe08f2a1ae,main_screen
87bd372bba040669f170c4e7bb43260e,credit_info
77d49ad8fdf0109fb240e289e2bd59a1,main_screen
57258cac92ec14d34eb531f9481eeb18,main_screen
cfdf1ea250c5da36cd483ec8059e5a3e,chat
bcdedea598edea8128c1075e539ed7e4,main_screen
7073595a08739d569fce074c59f0b423,statement
2877741e9eaf3e5eb8b4a9c8599630e8,credit_info
62066e2a4621263d41910f73773a709c,mobile_recharge
974ff89a6d3162f6c93c466d2ef49924,main_screen
18874096c83992952723e8c294d4ba17,main_screen
98b8527d33cbec64b007312e076c3a4c,main_screen
52b294bfc1371bc63ac4fdf9d1f9dd49,main_screen
f139c300dffc19f05e86255583806134,credit_info
aaba6881170e9bdda83d9fc00c692635,main_screen
5deebbc62903994a6e08b01e48e7346c,mobile_recharge
7d421256cf4247671c96e9ef3d5dfc26,main_screen
ae6e79c81df8197f31a94869053e605a,main_screen
104323df2492d9e34c89092ab4d8ec39,statement
9ae8cc87d7b7d2d9a882406d4bac21d0,credit_info
78f4d5a2b770eb81bd17ccbfa760388f,main_screen
236078d13f9826c935c132a7e2dc0b4d,credit_info
f6fc58abfde02ebd44900688d6550bbd,main_screen
6cb954a360c427d2d89286ad0d41082f,credit_info
eff90aa19362ea13b15450a766d7d0a0,main_screen
90963f2eb7ae5dab009a1989c7f358df,main_screen
c72d10ba089673a0ce98e43d5d6d1573,credit_info
ac6f877269fca48ef3207ba93daa6141,main_screen
739b166796a87d28ca0acc2f7671915b,chat
b81e01e92d8741a2b620621b0c2abc9f,own_transfer
bedf34a9417b5007b5b7fcd76cc13dd8,main_screen
9d4f600892239cb15379b422f13444d9,main_screen
45842d529b71d8b3de0d2283484ca781,card_recharge
b824b2ec3de27e38156d78fb3f0661d8,main_screen
30a1e20316e543af3fb9f64a683642cf,main_screen
4f49c87bd20f16cf84ab7bd5b9f24571,main_screen
55f1112fbea61f06918e7d6a7545e6c3,main_screen
cc249af1fa805903a685835dd7e83d30,main_screen
7329caa0b2d9ef50c5c5d692cc2a3fb9,main_screen
30addd2fc6391da635427d2882d53edb,main_screen
daec0dcce7ddcf64ca276e4d9b9432f5,main_screen
9ff37f698e42a4b0a6a763334e2dc5d8,main_screen
460c12aea1a652780a1c6bf9b4c9d5e2,phone_money_transfer
9ad450300ce3357a28c0a4ea8602620e,main_screen
d22b6ad6818aa34063c0d10f363ed976,card_recharge
cfc1ebf495900801bb70a153ee8420e4,credit_info
9e936ba00e380a00de22602a5819698d,credit_info
b61c7dd20fbcc6d787493ea4314cab3c,credit_info
c474e0bd291c1fc109c3dd488712cec3,credit_info
8fbd1cf7fd490bb9031dc22cd368750e,main_screen
fa4f50cf0a6ac6515cf6b24e9183c36a,main_screen
2598fbad6dbb29abb1fe4319e0572f32,main_screen
5e5147fda88b65d452a66a4a5ee2360f,statement
82dddf9980d16089c36739fa41410f0a,chat
4d053ae86ed4fe5d98f03eea9b3f4b13,main_screen
ef5fae975a1c3d989de49ad5c3eb7231,chat
1a2d5c2e973af501fc07dfb779668a36,main_screen
0c271923440d255592d47659af1c3bc8,main_screen
a82df979f2abe308564a34e0db60e992,credit_info
fcb31ba93fcc0cd5c048e5599d0e312a,main_screen
70c587a3771acb6a3f1479ee606462a5,invest
49634072b65fb71c4766640b5267f468,main_screen
27bb9d7d8922505b25075bc74cd51b27,statement
01e0cd6af2ab93156a01a7098cd8e7b1,credit_info
4466ead8d22a87dd3400ab5c9edfbcee,card2card_transfer
335e4d80a49a8bc2d7bbdab5c2677319,main_screen
9b241383465bb8b7c0ac5cbbbda2b850,main_screen
b85488dfb74ae62a173d6e684e3f4a53,phone_money_transfer
4d6a0f560ac8db17b6f4c9d7c9dd95a5,main_screen
1978dc135aaf489388f26f445cc901bf,statement
97be3049ca90a81cef4456c3c4e7cd6b,main_screen
aca6232d32e5d654dc46dcb98ac210fb,main_screen
26769a2fd4d17d5157abc0ca7d42ca30,statement
90dd45a1c41a64f5935eac44ce3ad4df,chat
9fc683bd5c3350c7648700d00c3fa198,statement
f919e68e856205ee44e2816f5d6496dd,card_recharge
4c4dadb9585f8ac647720ca87cefb610,card_recharge
cfaf63070d1de6c6d78418619db1d2c8,main_screen
1b854c1b8ff651b99789f2f8dc6b238d,credit_info
e8a008a221cfeeec7165e507cd30f18a,main_screen
26651647519c5c96c55cb7eadc2d7b92,main_screen
79d05783e7dc1ef0f95256da132356ed,chat
9fcbaeed6f15bc4b8aa248ae37a55f86,statement
82a635557f9b98e9af37a33ca2744aff,card_recharge
9b012836c2712bbf72c36779d19e106c,statement
47cc713aaf36e4d4464a3f71d095c844,main_screen
32ed0aa6116aaae8f4e5f062a077feca,main_screen
7db080f88b5fe3f844477b7bc8e9d8e3,main_screen
89eda63e9a75110781d95871e479467f,main_screen
24d3d9e5abc91c5db140d49ad7b2321c,chat
ecba1e1443173c861039e59083e7efb4,main_screen
034f39411bddd57e229e632e046d61a4,main_screen
5b5849b126d30ce377a0b696ab84351e,own_transfer
34b30b7a1cbf9e6bf99982ed35f169e8,main_screen
ac0afc9451c355abe639fc6de68d686e,card_recharge
7ced4f636f4aab26a92528d6cc7865ed,statement
71e7bfd9399541bd45ab5046cbb9d0c2,main_screen
12acc94bb88b2f9d9675982e481836df,main_screen
0c1a4e4de8544ce3a45c5ff6dbe66e8d,mobile_recharge
4aa8db7694304f6be674e678c6e6d5c6,credit_info
c449d3d5f3b758fb7e03e83c84d9a5c4,card2card_transfer
b1b0baa851959b6d5ec685b2ade1b175,statement
dc549377107cc1ce7ba6030d5aabe2a8,chat
63d40c205cfe8c363b16a4302384e995,card_recharge
d2c3561f9af28c54231b4b545227429e,own_transfer
1b6967917be46a1f9275c2586f051ffd,main_screen
e01dd0683f35f46ea0b952641a8ca1b9,statement
5e7bb6f66701a0c357be9f34cfb131da,card_recharge
bfe90a6362307166a27e854a5f631400,credit_info
74f059e059dc90fdf36aed024a7e4130,main_screen
2dd0e518cab688ce70ff60313625261f,credit_info
8964672accfc477f20326823abd938ff,main_screen
b2f74dc0e572a896e67aa8d7c6429ece,credit_info
b1405dc5512d26079467bf567ac9cbfa,credit_info
b36c0ff038c980600e492033e67347c1,main_screen
632f645e7cdc60f87cc20076363ef4fb,main_screen
3cffa773e4634df9e1dbe42cb328979b,statement
2f74e1de837545862454ffc21d16deb1,main_screen
5c68a532d6abe8787d944b7e4ce7bd0a,phone_money_transfer
1ce5f676757b5c68929423c6ad372807,chat
8b6b294ba9104413d13b132ffa99f27c,statement
4f156a2b5b0147cb8a8c3144974c1702,chat
df61af0b596040e2840000fdee27a004,main_screen
759fab32e6f875c21c52d575095a47d8,main_screen
dd77ade81b433ab00e948ebd550e3d18,card_recharge
bd25c9716fed02aec0b438880453dc08,own_transfer
8eafc8c11a330b994dd0099c93de2bfa,statement
023fab913d234e6fd2eace52af70e4cb,main_screen
45cb23f6b5873120f3ebc974003f5142,own_transfer
74f0fc2b52797a2d72589fc38fd34b9a,main_screen
cca14cbcfbee912068cfcb6eb6759950,main_screen
04c151c1128084b80a19f852f9a96f18,statement
769bd3cd7094fa75f1d1764379dbc1c2,credit_info
309a91194bed9dd862b1abf76f962ae0,main_screen
21e5d36239b0ea9cb943a45431ec95d5,own_transfer
4c2dc7ec10e21912c1b4e72d9a633937,chat
ffef2b8ca8e7ef278fb97ae33fa7af96,statement
d58562938bbd830124e22b2fbdb841b4,main_screen
99c0779a0ed8858064a2c249f93dabbf,mobile_recharge
30d4d13a118e99a51c675628c39cf1b0,chat
ae51fce539c689c0ba95e4c85ec2e4d8,main_screen
22841a172655e53aac2d68d8cf1202cb,card2card_transfer
8350b444f739e3f8e878149be3959fb9,own_transfer
1e402fa5d385fba328a387e3a6aa57f8,main_screen
1ebac71598c38775e5fce6063feb3bbf,main_screen
89dcb99cdc63046d7f97d387047265c4,statement
a01110e48f0ba5480ff754e4f321ccd8,chat
ffa2b14df123ae6ac15056aa32e6ca73,own_transfer
7dae6c2acdddded3c911b0eb4ef3211d,card2card_transfer
46f88c41b6ae18c911038ecee5869434,main_screen
f5d919b96745aa413e6d3736c706b135,main_screen
0590be95499960bc4c8e513104de41d6,card_recharge
b0d20f6c0a844e3d56c11798c9391f15,main_screen
d5a60eda0bb81df3389f27480869c384,main_screen
61e17b4646943c6d664586a1761d3a21,statement
7f729ead282b1ff65c587bf9d17e4df4,chat
0f7c1bea6bc3b4260335f84212b46807,statement
8b1ce933d7a8314abf8f586cc6646ce8,main_screen
2b56ca6e2bf19770f7a3ea2200e423a5,statement
65acecce7d104d16452fb11a8731ce96,credit_info
16e9d05233054e64e79f52503021fa06,main_screen
c290584e1007048307152f13b0eb3590,credit_info
353ace1d2f1e028d1eea18681aa9ce16,statement
67b051ee478a7a67d290055d6f5acb1d,credit_info
cbd2f7dd4f0ea6a9f2961d4aebd7faad,main_screen
47ecfd8778d5f85b4de1c3242b86eeed,own_transfer
02fb1cb3d10d91aec443b94cd6104ea0,main_screen
2ad53b760680d3abbb539a907fa4b228,main_screen
551de0429ebc2ace339ef2a18ec9c93c,main_screen
ca1a25b20d36d90b25057dd9dac36566,statement
ef68619eca89c1b6904b3355194be2fb,credit_info
7654fe585a4b4a85182eb075666465a7,main_screen
91f14eceb75c647f1e5e2b9637777fc7,card2card_transfer
34c70c96d4756b088ad3d8c05d25f734,credit_info
8e8734530d05b25e87e991fc519f8379,statement
21c4971839ed380dfa4791c48459fd18,credit_info
dda9114b7c86c6bf1741e7ab184612ea,main_screen
c5f7eb7a3aa963836eabb9e60eee922b,credit_info
390057b597ab8ab8b15d1699cd3a0ffd,main_screen
88ce005a230c2b178de67105bc82c544,chat
43f35738a92d0a109edc8a93608245bd,main_screen
8550b820570e5b23546e07bbdb6d812f,chat
e483e8a691b42102cba6008878ea210e,main_screen
eeaf203c8b937be3162c4f0975b847d4,main_screen
fb30cae042e029b24bef26a94eb9d375,credit_info
24bba885be0f1b8c718ad312d3b8dcc9,main_screen
fb7ce19c7351cd5a9ea0e34fc4e29c37,main_screen
4259a0470ce7fd16ea8e88ab9d2cd018,main_screen
be1fa038dc3ae7a756d754d6b572c0ef,main_screen
4b39a6095b4ffb6fed8558f098513bc3,main_screen
7927b7a2b0791c29999cdb119a0a368c,mobile_recharge
ea8381767dbd0ef611937ff180d2adee,own_transfer
088bca45fb846878fa20ed080c77495c,statement
b87f7459a495d936a3eec2b0f6729451,statement
fb91451506a712992106539a92e243de,main_screen
1801b87ee3cb247cef234db29b36610f,statement
22f25a40a2dc81752c538208ea654839,main_screen
407ab09b5d3a8e279f2ed61c08558fe3,main_screen
924bd02680d54773634ca14abc9ccbaf,main_screen
6dd37f263161c01265456e19cb87b0bc,statement
7472c90c1533fe0396f97696ebdf7747,main_screen
07c1779cb25757a222de7d7ffb6cf638,credit_info
07e4f70b808190360f284d55b79dac42,main_screen
c2303f6114af4642d2cf619fce39014f,credit_info
e6be56f1bf0b1cc02823158fcedb6101,chat
f881071c195d9d7e7ae4306c777daa33,main_screen
116e0f08e23d5299c7afcecdaf77237c,main_screen
2f7561fd1e25926f6b399ca85dc12d9b,credit_info
e8b3a31cbca8b076a81278cca97861ef,card_recharge
9e6ee08d0982c62af98c5a6dc7a638d8,main_screen
0e981959f0c40eab2442a2b4fb8c2cb8,main_screen
cfd7b801c8a75b43cdf9006677f47fa4,main_screen
508e01947d7035917dfa78a485858548,main_screen
c9b6dd79e967dd518ad6bdfab720079e,chat
6dc523c9ef04800a68fa35083ff39252,main_screen
d981d373f621279bc1832a5993665249,statement
3d28303265c7c5dd002fa3481326715c,credit_info
9a7212bff476abfb2c16358b27cd77ec,credit_info
45b30150607534e49404ed678ab400fd,main_screen
cb1e214840a03dd3ba5d75751c1f1bb7,phone_money_transfer
745246e518f02acc02644157123d0c3c,main_screen
aa1876d15b550500550d92f699097ce0,phone_money_transfer
1ad38b95f345238d613e40e8e2fab6cf,main_screen
536e3b5167203065a57cbd4238bb5a76,credit_info
f9f882b7b3046859e2aad8152b0df380,chat
9471eeb62783ebbeddc962a02091a561,main_screen
8191890413dbd70c439498fb49932a21,main_screen
e0d0f6855a5d616353874d8541e010d7,credit_info
480c2bbd811f67776a2df752ec927b8d,main_screen
003a2e84345785da699b7ba5e1b32398,own_transfer
b8cdf390dd66d5f6dab8c079fde79136,statement
945fcfef4e00f1c8b3a2035a4d188478,main_screen
28bde9b12e7acdad8753628782240efb,statement
56e23b34321eb1bd9982025100d6b280,main_screen
b7e0bd516d59e9b51f636842d7ccd045,chat
36b26a90d33ae383d96ba3d5920d4b7c,main_screen
7a5f92e01062bc92086c2425dc48a13f,main_screen
61790428727b7c8b4d8bae121bf51e73,phone_money_transfer
716b4ae1b106b0023575d76a22d98a66,phone_money_transfer
436ceae66870a7bfd9405b0a4633ab20,statement
548802ec8120417b9893d22d9bcf62bf,card_recharge
8d8316f77b53ed222a30201493c193c4,main_screen
97fcf238bba4050e7dfc9a0d1cda0211,credit_info
ecae4bff5a7e4246cf17dc0a0ef3e8fd,main_screen
3797a6f39914353899635188a62eacf0,credit_info
b429de25328cb510e41c249982a6c48e,main_screen
9868792a214642b2e866f22d43c47381,main_screen
2f38b90786cf1723959b53536a65bf10,main_screen
ef9a656f9af8ca3b1cc9a7fd3115e9f0,credit_info
3d5f67c6a0d4c9381d0683a200a86fa4,statement
9b84a1e2a752a6b005819622024e29f1,statement
20c998d4aecbfeb11369a2dae95bad91,main_screen
51ff7cf87eaf2f2df4f989f094ca1f2f,main_screen
c496d5ec63eb8ad6b98dc1923a94110c,own_transfer
d7f65657a50ff4408eb1af81c5f5300d,main_screen
07bdcc061283ff8b48ae6dab262cc71b,main_screen
1f9830e0ee1864b4c4e478438fbbccfe,own_transfer
d648c948fe35a56470e7604aa055e4a8,phone_money_transfer
b50915b3ae484365d67622ac38c786b4,own_transfer
d881f0814f6c943fc5da7280ac21b46b,card_recharge
2f789eb09640e2f881bee6c29dcf2feb,main_screen
8acfb43c0f0d6aea5f580745f7d5df15,main_screen
7f5c95cb7582b8ec96a1cde9359eeece,statement
cf62e596e1ba941ba2ee1359246b9cee,chat
76cb4e7849751914ed0f32f5777568f3,main_screen
8b2ad4d3e20ef1078810206f681096b2,main_screen
1d6bde147bf18d7db4ef641e673ddb9a,main_screen
6950a9238ad22b6b1aea7f4c34f8edee,mobile_recharge
1526a1ea8850f7c0a754a712cce90588,own_transfer
3edcae73698da2be48facf04acd3d94f,statement
adf60e224218e9b14746857b46e5e417,main_screen
dcec2f381f13955f999b8a4cc63275a0,main_screen
d560d325d6618255ae6c7752823b9eef,statement
1cb359ae5f9804ac35409c22d460d2e5,main_screen
179948970246ec482c33db31ca354d33,phone_money_transfer
df83d1e9ff0fefe738489b2fc39e0a0f,main_screen
d1dbdcf80ed1e8d5ef64de2896082389,main_screen
8808dcc373a335febb33e84f19555718,invest
6de10da3d2f04aafd266f7c78e5c892d,main_screen
4e7ebc363db8ecf37548106b76902266,own_transfer
88c336c07c2a8dd6b530543107fae106,main_screen
4adbddcca8392613828f34ffb95e7d23,main_screen
b662f1f76cf0a7221793f40a84cc9593,main_screen
8f87da6c84b6b73b8410ef775fe66fc9,card_recharge
db6178c8cf7af8408c5d16c40f8f2288,main_screen
841b66f89d012de2a192953eea031eb0,card2card_transfer
989cfb9f3c8fe8d197afbe7e4eb286a8,main_screen
08346debbaabf0e0a8ecfa87fcb38cb2,statement
da17edc7053cba2b1880a413be6e5c3d,main_screen
8f1478f857292948219f41e0001aa0ef,statement
e425b99bf6d25e87b8c9acd9ba47a7c3,phone_money_transfer
ad36899ab1dd0e60b42a3c78b0331cab,main_screen
c8a7b0608cc6776c2d6f8924be0355e7,main_screen
9810ef482404fcb2aec6800d71927649,phone_money_transfer
6b6ec5b512d743a0910a191b86699484,statement
58732a47b5de3f2d395fa51af99a4d82,main_screen
a5663b0a536fafb883c0fdfc6f182736,chat
76e582033cc693090f35aee9aacd41d0,main_screen
fdbed849ed3364ec5d0c0f1f65e9a622,chat
6f0c24e7681108076244c224053a6c47,statement
360eb23e7f3edeb98ab6d35a87cc0c98,credit_info
62762f843c608f1acf7d6e23a0585eaa,main_screen
2da63cc6d81707213e1ff42e53522f9b,credit_info
ee31f5cd90ee776537ad138680bfeb40,main_screen
6c85fe37212c5e21561d8538476b939b,card2card_transfer
a5c1ea3c739f8164cf1d365511aa60ad,main_screen
57ed1617609fe2a31eda4fc7ea3a5553,main_screen
cce5eb04a09a72dc567235e58f086966,main_screen
6ab0455496365039f67eca2b1505a7a2,main_screen
28c6742fbfa173899165aba95dd21668,phone_money_transfer
79f5c1aef1f6487f578e7d8ea46be168,own_transfer
08b5b86822d8cc769056081db380048d,main_screen
b007dee1f1f1c06e9ea36febf78d7e9e,statement
0ad6f07025c156e387b3913cb4f94a60,main_screen
76a7ea21106caa015126dc1adcd3f966,main_screen
2bfc4c55b14e286fcd45f5430efc640e,statement
5229b15c2fb82f6eeb3429e4c85413cd,statement
b836b9c43222ba82b5515c514624728d,main_screen
74ad354c833a0efbaa27d09a0bb8ff27,invest
12fd256a9dc0ccedf946769e20da7a8f,main_screen
18d1ec6f457009554e7d55a68a61c911,chat
79322eb96acf0015f94e82c245f6a87b,chat
26866049c4f42928f0c5000455261f21,main_screen
491e1bea68bc0590165e91d0554a0ab1,main_screen
5c885e6184d167ca1e0ccaecd14a2663,card_recharge
8e4014e49865be3608c47932b01174c3,phone_money_transfer
4bf00e57b786055f8f8610624137985a,statement
4ba0508b65bcdfa9a72ab9d660a52e13,mobile_recharge
38250ec442a181bef876dc8c171df88f,main_screen
1bdbfc2c982f94977d575cf974144a2a,main_screen
94a1874bd0ba7ef8d04aa06d2bccf58a,statement
fea283187c674735dba5f6bfad0a148c,credit_info
0baf38a05f983519be0f2c404f2173f0,card_recharge
8b4d16aa416df4aa11bc40c80c8cc07e,main_screen
d51233d9615fcecee722fed7062542d1,credit_info
2e46cb7939ea4e44c87f14a47630c532,own_transfer
10bd6e23d9f3f71fdf9d34ae835558b5,chat
63fc11f370957167ae3fd2b5014600c6,main_screen
8e17759310629500123f54fa421ce393,main_screen
44e64f791c574c9f6ed97c8ed982111a,main_screen
9266fa9c80e597bd1d9ddac7eb78c31c,phone_money_transfer
3964e1bbaba6029f6638e89e87ce25f0,statement
b5458841fb3bef2b83c6441218e2b53a,main_screen
e0e896e1141dc2b977e4f975292852f5,mobile_recharge
af86b96dea2a63a4c1cd12a151256806,statement
c2bd58e7400b448c959b7ad2d2da0744,main_screen
9237e345f2c9b90eaab07fc816296aa2,main_screen
db01df9190fc649e860bb66f7132bd21,credit_info
9b1cf9de5fcc6e7e108ebe4804870945,main_screen
d01cf85a11a5f6cf725595a4e86ce2ad,statement
90e9d1901393776de9a184a6abd34d23,chat
0c2fd6f17344db38df6fdbf5b3d161dd,main_screen
82aff07176370a93cff10ed9bc9e911b,main_screen
4040b4cfc88bde2be76139531c9e7136,main_screen
b63c8b42f682187b3f3e8fc1d35e239f,card_recharge
9217c2ea3b44571fc41a0b2636dcd36d,chat
6a63edf4161ee462f31a8c6c92696ab1,main_screen
e261826f5fa33c79edc3c1be6d1b3814,main_screen
c30710b15bc3c1e4f0ed58279845cd65,credit_info
57f731d6921d47211e4f198dfd173bc2,invest
3fd27b717901e8e802544495a4ba2354,main_screen
fc088845f986a27937e889ddd63133a9,own_transfer
3007b88fe008e3fd0e1c45b69aa4c90f,main_screen
57248643bc796bfd1e36d02e33ef0fdc,main_screen
92cbb73b56415cacd37da872abf26213,statement
8b458e6b92da0f76621eb62feddd9766,invest
39170b7f806658e5c41ce15801092626,main_screen
270136775f5404d55f451fa22176e7ba,main_screen
904c8ef5146388ee5742983f7dfaa129,statement
8d8edb40e92ac5d121b3ce5321983063,statement
949b600bda2f1927fafc638984eb5b1d,statement
a717ddf8adf4604fd6c9a08f03a98582,main_screen
ce4963833a1d91118ba366b8b33c8bc2,credit_info
49f06c2837fb0d586e45502e1dc87f71,main_screen
5201edea80f8d91d430a8e5eea28ccb7,credit_info
f734f161521a65c6c05bc732fb29c774,main_screen
3578a6d0751c16d5a3b047b6c0941815,main_screen
0b01402743afbbce43be9ef50f3833c0,statement
a53dfe975ed62ba2e8d20c80d5338e3f,main_screen
3ff4b93761258222786abd67c8332208,credit_info
6bae6536540c7578d446e96b5adcbadb,statement
2c745a5558597825d9c5d3951d7031d6,credit_info
f37d1ff7962d9114f84fba329ace7330,main_screen
6f3ed2eb07a5e417dcf2b62757bd3c9c,main_screen
fb5a468be1649b0ef5941c43c967a65e,credit_info
d5a4708fedbfba7c6c6e7c6cb82972a8,credit_info
777779cc04bc2995165be6e8b8ef7e14,statement
a812abe7ee730953cda48e4e2a1d40d8,credit_info
7e664212a6dfa6e6eb5b82803679739e,main_screen
013eda895e0d8dd2d3dbb1f2748b2ec1,credit_info
6bf1ba7a2196440b622128de5b66fcdf,credit_info
017bf4250bddbb71703144a1397a86fa,statement
0a98810d535b92deb7db99d72f922ad6,main_screen
60289a4049f87252a0f3747ade3a0598,main_screen
36ad7ef537796c24041900cba881ebb5,credit_info
1ba0e596b2a025fae45e9eb900f68472,own_transfer
9d7cb15e255bee3fc4a6fb3cc88e0213,statement
124ceb7a043d58538dfd65e946b869f4,credit_info
40ba27f8090d21cb2e4aa89da3582219,card2card_transfer
8d4a56eecbc54385dfb6dfc5196ed2ff,credit_info
a452dbbd234f095a9bd7335541694ffc,main_screen
2c9fcdb660bfd67cb022dbe53e9ea31c,main_screen
7360ad1e5a53dbe5cbf89872b716e962,main_screen
d0120ee88982361c85b20def2ac5935d,main_screen
a9889905bf67fa49119d8af8bb571924,main_screen
5ff4b108e53eaed868aa20697ac7848d,main_screen
1a2b8868e4c30d55a1ec57f7f7221fa1,main_screen
7927050ec428c20cc4ba4ab4f06c155a,statement
acca63c04a97cf87e9fffd64b2fa8412,chat
98ae58114ebe7a8c88a1cd1df9c15b69,credit_info
19d89da0ad9e48f98ab1b50153ff9242,main_screen
668631217f438306c7a50cfa5b4f262c,main_screen
801f1d1618cdee1f04d8e2b5b45f0c5d,statement
b0d64d1ae6618260aed3c79b914d1498,main_screen
d2bedfb6578163b9be115b8665598720,own_transfer
bbc9d8d992cfd37cc757d4000265edd6,statement
036b7f0c6c175dad1448e1c37b94d2c9,main_screen
ef1bf464e02c4c4fa5c007be54c0f352,main_screen
6fd82fedc18309994ebe0911ad6a8816,chat
830d6b492f7748742f2c4ad7e51bbe4f,statement
dd9d3a666b8e212dbfeefd8da5e5c424,own_transfer
8f2d912be0a4d4cf71c3b020241b4a29,main_screen
d9269d2c161df2c0ebf7c06117b0a5c4,credit_info
5247a1d06cae5a4664c775ea90d20ab1,own_transfer
b86f05d21d91842e6e9ca72b54873b5b,main_screen
b1b0e2af27f5dbd5b09ca0196e7d2c5a,mobile_recharge
55980bf76dde8fd209035cd42e1b7dea,main_screen
e3c3fb1ff7b3bff66feda53d47d045f7,main_screen
9f4baf720881dd85613db322e5ad4d10,invest
52f29feb775a828f28a234ae7a5ba485,main_screen
cbac4438e332069a6755d0747dcdfd0b,statement
fc7c03d231d4278134078da914c3d964,main_screen
7814941051fc3fec45b20aef631e6914,main_screen
12b54ea4349925078ee3f8245b8aa43d,statement
1a6aab7879da7f9654bdb9154a108eba,main_screen
11774831f556d08102250c1d665646b6,phone_money_transfer
c3efbc82a8cd25f78231c4ba0c9775cf,phone_money_transfer
277e1a5971c26e77f89f542a3b358dd4,own_transfer
64967654300574d776c56571e53ff252,main_screen
b00a155fd1cb9b93fba53ba34c412850,statement
69d7dca2414e5b0e5c4527cf9db90d9b,main_screen
ba4b37c99505038d5afabf930ef37c73,statement
dfd414d19f11b99888579c3330974332,card2card_transfer
a777b340f9fc7520961f3a46bf5b1ee1,main_screen
96bfb7824e7554387dfd7a64dea351f1,statement
272662333072469bf0fb6f5d68e451c6,main_screen
9d3af81be034cbdf3f519e507cbd6dd7,card_recharge
c5ed42887ceb4c2bbe8d2ba4910e4059,credit_info
ff75dea57491c7d071e7448e33eda222,main_screen
21e0f76b56758a489b5a6008e75af958,card_recharge
e475cb5b22d235d851b38bbef67a2350,main_screen
a2c28e076770d868765e625113e659ff,credit_info
6ec063420c6a3d843d27f6e4bea9386e,chat
668ab31c4a9752bbe8d0d44948a92987,own_transfer
c9e72c91602a8bef002ce2427a5e6919,credit_info
d5ae29abad1dee169c16721f34243573,main_screen
e8e55358c03988c0e54950f04cc1a1ed,main_screen
e4626eb7eca384e7cf19ec41d099b126,credit_info
baa69a84398f50596c45fc1a0977bc97,phone_money_transfer
b34a743078b3664ea13bacf3e1e7bf79,main_screen
9a0deee1ddd9f8d7e4baf838bf977940,statement
554922d4ba2ef9c68a048e515f2ac13a,chat
fd5f062262bfbd0307c683b563e58a9a,statement
7358273264da207c3607d3ed3600d743,chat
a3b7d04b85bc95b3c539476ea6ce33a9,main_screen
ab74773d7062891c4cbc58171b8b715f,main_screen
7a189a598d16e5a4f8fb2b0a903dba08,main_screen
7cb4215da7cc123a383a5e063d61dc9f,statement
8a19bc4eb260b63fe8508979365d86fe,card_recharge
0ec4182a9a4cebe115bbdeb88ed86219,mobile_recharge
480353c97ec930308be406fc96f6dd9c,statement
f39440ac62953c28ceeaa6287e50bf0d,main_screen
6d6625f077c43e5639e595e8cf4b61d3,main_screen
9aa507a71099df3f07bee1b5ed3c3d2b,main_screen
1796071f4ccb2d79c67cf56fa5e255ec,main_screen
68cd91fff2518fa3ce81a3974eb29c23,credit_info
ab62f52d5438276fb3f59ae68a2568fe,chat
c1e9caca2c1a23b49d021beb9a3524f2,credit_info
5cc861eb30dad762c94e84b69492a3de,credit_info
746083a8da0dad7b293bd6013a15058f,statement
c83aba5b3859a489a0cf3d8e5194f7dc,chat
4a28d15edd4de45e98b55a34e9653ce4,credit_info
16b00b47cfcd39c8bfb9e1150500e3e1,own_transfer
c3375dc86cd8f083409572fd93375601,main_screen
907cb6ab878a72f139a0164accb85213,main_screen
ba2753c8c26e020ff5adb364beedb798,own_transfer
e31f3cbd9e214696cfab19ea0c65bc9d,main_screen
e7efe15e7ef9624a1bf7609fd92a3605,main_screen
c9c7a0140a6396c298b4e315c17c7310,main_screen
62a967d33efe7c5470379fcdd956db28,statement
5ec2ad20676e6d8891d6a10ae5a07429,main_screen
20475625ec42ac787b9aabba762123de,main_screen
c6d6900e730edbd9a07195ee03c86162,main_screen
1e71117c5b32551e8a05e81de6be4a72,main_screen
58a3362d2133339b547f4bd5960f9f73,statement
04b71c5b3521df29bb238a9fc2598d0c,main_screen
040032837f6cb0ce1dbf8da27186a566,card2card_transfer
975e07c42ed8a73d4755539f805eaf7b,statement
e1de13e1a8522bedb28cfd80b2f872de,own_transfer
06748a98eea9e62be4771d12c011123b,main_screen
921c3ebc613e06c4a8b42a59b110cb33,main_screen
bf631b8046cb4c40fefa68a7b2c29213,main_screen
31be97867caa54fa3528f568296ee654,own_transfer
a9bf83623cd4849979354f41dc55820e,statement
06f4f4071bf6ecb08716660919e63b4a,main_screen
07c29a5ff7dccd87f5fc0886d0093bd5,main_screen
49d8a4f6437692441283c0d58ab7a510,main_screen
e7e4c69c4c42a9afce49ae382b6e3f4f,statement
b57c0f98fabfdc6f8409689e0c650916,card2card_transfer
a0a9ec3a9315c632b01c57c547797345,credit_info
cde0b08767ae1001a16c3a2107271626,main_screen
fa45565dcae3ca1429be9a0fa1e05d1d,main_screen
141bb1ce287a2b3a74217e4f7e43eff2,main_screen
0b4aea2def7c229c43de1691f5701f18,card2card_transfer
32627363864469ad40e7b95cd611082a,main_screen
004bdd0ad8372cb35b5a45d10ff9ddf7,card2card_transfer
13acc288bc4c0a3275eeca5bcb0e69a3,own_transfer
a959b9abca08d684b79da44260b938b4,chat
4ebafb05af07eca47a609ae4d05ca0d0,main_screen
133c129fa256d196de624370624ca79b,own_transfer
3e6a95644ebb15179ad9c71ec5f40a36,statement
7310333c6abab4c7826666cb0ec244fd,statement
66219aa9060665eec27a09f519985fa3,main_screen
514e3dd7c26c469c0e6b817bf4956138,main_screen
9a67f27c26c2b748b788ef84f540a031,card_recharge
9ad80ef2f05b5b0d755a5d91315ab1af,main_screen
d2978c0fb277ce0e5c4a5fd8890041f3,main_screen
f13fd06f8e9b9f873317a4d79c2d0dc3,main_screen
97621798000baf8f83d579e4a15d75d4,credit_info
0886fadaf316b6d79a82f9c52c53331f,phone_money_transfer
b70d7c2b9345bba4bcf2a6a64a5ba732,main_screen
a8dba1127d3d68f145dab0bae78294b7,credit_info
09f730015e38c711930748e8c5a73b96,credit_info
854688d5f31864b6c91ef0ca90e02784,statement
7f4243ac3060c65afb36ca491dddf02a,main_screen
858f114c71a073bf79bb1171aa00a027,credit_info
51f324ff410a0b8a2ac2dfe8c075f792,main_screen
02605e0f0ebf90807f457a803768461d,statement
e7f8dc2f8c3ff49ca0900472984cba7c,main_screen
51fe461387fe5f0e7e459d69d25b2d49,chat
3163bbffc1b43da5f8838028b7aeca48,main_screen
6e0c3862c3a186025935e507cff21c3e,main_screen
72edca17367421d71c0fd064a140e12c,own_transfer
c9bcbdd59824dddb442c8be021b8f5c7,credit_info
c3381c26c2d3ca8723cd97972270000d,credit_info
bff3881570076af8b906967c11e900cd,credit_info
3603f99d7f99ecee661c7bfe1b6b68a1,own_transfer
966d4fa430059edc342ca2c61ad4ac70,credit_info
55f2a78bfc51c0d411361e94bece37a8,main_screen
fc6cbc352d18109e78cbb15a53417ef3,mobile_recharge
2890c31bd801df16f8998d18826053dc,chat
4089438a98aad1174d88567ae22be41a,credit_info
1b2989e76af348cde3cb385766811a17,main_screen
08adc7dcca6df6a0b3d1541b7b6802a0,main_screen
6afdc979c4803d9599c0a2664e7d568b,main_screen
558c6f9ac135c4b69eb8f1aa21816fdd,credit_info
abe28d366f05af421097b2546e5c3ff8,main_screen
526a8666513dcf232b42acdd717ef172,statement
e5a702b75fdd52b4925ddd9c56ca32fd,statement
a0ae4502aed5077746d5209cfa670c96,phone_money_transfer
e34e568c24d851ed8ead491906ee674a,main_screen
580357aad9e303a5d5f399a96b32193e,mobile_recharge
c08e8af767fde56eca2fb6bd2fe7a02f,statement
902e2107b9b237fba1895eec7d8997bd,main_screen
a6e13078df07b8d70076f26f397c92bb,card_recharge
cee884833da7d415ecd70b691ae5e1a1,credit_info
51ccecb1ebb6ede37846a9be270fe20f,credit_info
ae0af2799c6add8b7b970c61c0791dbd,main_screen
3fdc0cd58e0fd4403f51ac317d55bc7b,card_recharge
94ae6a80600bd21d82ec287d69192d69,card_recharge
76303d91aff49c14b69d8c040acd2938,mobile_recharge
efeea087517a8894570a3d1dd71ca4d3,main_screen
dbccfad6b56c665eeb2164ca0a6e37b7,main_screen
f8199479733de9473c776868134f5ab6,main_screen
5ea8d9e9e8a39ac23a64681581755751,main_screen
0155b7b5f1814e60387f8ea40780b72b,main_screen
4f5fdb3ac02379843f9dd3bf980b6dfd,main_screen
21f2fbb68b292d2a4687bdac2cf3d83c,credit_info
34e63bff10ac21b62dc378a217ef368c,main_screen
a1d124863001bb50f0433a890bac8874,main_screen
fe820c2e42476178c7356ac93bbf4fc1,main_screen
9cc58c733289477f9ee65f009ea27ba3,chat
5f813aabe3626e711067985889fa8832,chat
26bdce7cdd06de8d3fdf72b494709e4e,own_transfer
1a80eb7b07c7b29ca0117481b860940a,credit_info
662f2e8590f085e20026f6cb09b864d2,phone_money_transfer
48e1f999fa2f62f1aa3f5db736710567,credit_info
924e41f823d9c3c59b2d6a4617220c11,own_transfer
310a01c9a37330f20d833a0ae4354c45,phone_money_transfer
5899a8a4dc6112f806f50612e7cd7af6,statement
4030dde38e047228e90c73eb7d56cea1,main_screen
31a79e0ba4c9a3e9559432935d61e4cc,statement
9b8e794a6cce2d22158b295438e782c3,statement
e5bb4eb12924f03be8ca5ce1d2d86ca0,statement
4a72456f919176d29db30d78697ab554,own_transfer
6567b431e6f0aff8aaa0da9d9c86a543,main_screen
87e9d522cacf7a5bd88b95e7fecd25cb,main_screen
b39e2a45a408649f192530adbfc65db5,main_screen
aa01737aeca0542fbb9be4c19272c522,main_screen
ec8c27c00def7b6fdd685039f419153e,credit_info
a8c6626a65836c90efac7d2097f6dca4,phone_money_transfer
40cdb35acf1c0ed2a976ac83d4bbb8fd,statement
aa1b0fe03dd936f1306048e7686b621f,statement
0286d145f618822105c71defda029e09,card2card_transfer
af3f01378e6819d38ca306cf7ceefd52,own_transfer
10b461089d0e1d988a77dd45548a022a,main_screen
e6946b0f9e29ffb0e0ddbf8e57a8f18d,statement
ad568fd21c7fafff97ec35d0423740a3,main_screen
5d153bf25c128f56fe2b04ad9d3b9c1a,credit_info
109c31d5059ed61837facf420b85068b,main_screen
382de3dd3705af55090b26263d02f369,statement
5857fb8e32cafc719c6ac47658658374,mobile_recharge
931ac1a36f4df8db2c00d28ad47490f2,credit_info
8c97a9abd8d1401518fc5da45a653e0b,own_transfer
684548d69efdd4d53abe1fbbc0a57515,credit_info
f02adc3b296c0cb931d1bb081ade8716,credit_info
f0244caf1179855c615a23924206e104,main_screen
88ad3542a7b0643a4e885a1ad9858975,main_screen
e576ef2b55fd7326493b9e6e01378701,main_screen
95d39ebde479c368932e03b1702b3d16,main_screen
4faebb5c6ddafc900bd28c82cbc0fed4,own_transfer
b7a6eceeda8d08e872c9fb394807ca13,card2card_transfer
b94b3e82bc709894683fec8636f1e497,credit_info
476182f0d64998eb85825dc9bc4d0896,own_transfer
aba2cba62e043eee090d99546afd883f,statement
5caa5bc9133269481cd5cd7841c1632a,card_recharge
9b2319bba2d5369f84350b5aa2a6881a,main_screen
5d466d8b4fda8ed22233bfb9231b9c47,statement
f7805169a22f895472df5b68d87aad40,credit_info
1799f2816b9aef6e029bae8095ba000e,main_screen
f8e19b3efdcf9244ccdcd4732c9fd912,chat
37cd3ccc31fe117f73cb4442f53183ed,credit_info
6d1888a174c1dfc4d65ccf8926d4132c,main_screen
675a9a24940feccd93077aa6c787f468,main_screen
bf009914fb29c303aec14978947e6bfe,main_screen
7cb8cffcd0148d646487bfca8655059d,main_screen
abbf97ef5ffea0d0ba0debf6e46ff98e,main_screen
3c0035d28acbfcfdc237cfa4ca5cd9f7,invest
6947f4510efe22197087cd801d5a9fad,credit_info
b60bb4f50f727ea97ed726d8b65938d9,own_transfer
40ff03ce5e12e4b83b44bc4560984f00,credit_info
24af767a1f1fb292f67e75c83ef5ada4,main_screen
d952cf7c9ebe99d91ad0440965f13c14,main_screen
14c0a2f17453af7395f7e94718477061,mobile_recharge
524976d329bd9c23e41eb91fedc931b7,credit_info
ddcf6622106a747a36bbf363fa491211,phone_money_transfer
224d8acece6f8ce686b6aea56045f822,main_screen
a2bda2a6a7ec92bd63c575f4037b2fab,statement
e7968f40944dcc019a861d65b589df20,phone_money_transfer
d1722dbad7841919684727da56341fb1,statement
12662d3875fadf7e1abfa3eb0c9da3c3,main_screen
4a4aa7aaf162036c6fc0e9188d788d54,statement
c20acc7164906d5bb55427b6d8827717,statement
00ab0f0358f7464153dd0896ce56bea8,main_screen
8ae3a9722320dceea76369132caa7fe0,credit_info
3fd96cdfddabfaadcbb0c1ef657cc758,statement
c69ee5f61001bc80a84e07335d5b15f2,credit_info
96e5a850ffa2a1406c2be8b17cfaff8f,main_screen
acca1ef72be84e5e97848daf50d34845,own_transfer
2f3ac8b393b643c50c184ec29f2e19a1,credit_info
5892a2260d56a43643f56182645c2719,main_screen
71912bf85b83892508f4fba969a8e60e,main_screen
af59201a05ae5a9a64b6c5edb5526c39,main_screen
030c03b2a31125557ad5508407c4909a,main_screen
fdc3950a0474c88088617ef89bbf1a75,main_screen
6e60d4a52e151a033b3b941f6d85e913,main_screen
216e155aaecaaf8c1c7c9017e786365b,main_screen
2df1c5ba1b3f39ae0981db4f64ae412a,main_screen
682bcd26fbc54c3f4475898ceb9522bd,credit_info
a3502289f307aaa5a4a06491738cca5e,phone_money_transfer
21a9bcc56b57d9cd621cbdbb97940fcd,statement
7d96d5ec6f1cf389b09bc286084deb9e,main_screen
f7e354e5ce6658504b12a156c382a436,card_recharge
a127058e728725c8cf02c8674ddff46e,statement
8c4b4ba9f810a7eb8d18941b16d3653e,main_screen
2d0ed32ce450366ce85a1dbadb3e839b,statement
88f453bea4ed8408f298579b792d46f1,main_screen
c07483978ccb266e55a5f892d7b521f5,main_screen
5640a4ce0a71d23a2500e63724d9d1cc,main_screen
b85d6212ee38705177a3d4f2d3e7a963,statement
ec6f3828a9e1e166b27fe90f7c2cbcde,main_screen
fa6be49df48f2c1b1fd1309cb78ffcd5,statement
c419c3fad07c4611cb5eec27caf0385e,main_screen
28cef0c0ea5bd797b5e9a64b4e616c66,statement
ffb5982c8b2feaf97700eebc897d09b4,card_recharge
4c071e1c4fd6d64d661900b435b66ed3,main_screen
0aa0ac4dc542aa451120f6d69d2d6fdc,main_screen
8247497220c864e7d22ef9dd8072c70a,statement
eba7f61a3dda8681cc59c1fb2d90b44a,card_recharge
232fba09d506d918880f403cbf7d07d1,statement
f0cc061bf13b1bab5d81bc1e21f263dc,statement
2169699d23a551bf420aff91fe2994d4,credit_info
407b023923c809efc5d23b0dfe3040b8,statement
55e89aab104f7ad0a83f2efa06159f06,credit_info
31eaa295aa1aa2f5406c726cdf2997d9,main_screen
36bcd3dc498ce9cc3c0b4525e0743b66,statement
95afffc9b90bf7102fa3c688ccc57204,card2card_transfer
9c782e83e86c935d3c95bf67295a56bb,main_screen
974d2cd3180ad11c7f489fb0db22bcf4,statement
88ffa05c5fa4f68b82f42a6820fba816,statement
1cdc5615886e056898301e97a9f286c9,main_screen
7d66f07ca9331684952c32a2e58d05c6,main_screen
7f1894de06d47e9789f6f3b0272c1e9a,credit_info
a2f43d6c40053a2167626bb758cc2dab,main_screen
80c668b305804abe68ea07440cabd267,invest
c7e1c18ca4ae6d9451fe9172e1e73332,statement
18b2beef300c2ed948de1302dd721cbc,invest
bd5a5b5677dd9f21e87fb8f321495d4d,main_screen
bd43183c869cbb8b2aa40b99a961f60e,main_screen
e2d4c53bab1672bcad72700b013493b5,card2card_transfer
585c8d23362d93b182d225b1e1ce6332,card_recharge
f4f5f7fd6f9865157f31f25f2220abf6,credit_info
78d2a6b2ffc591f70d2a528c967b6c8d,statement
4d3e74aa8a28911a497c6fbffacca188,credit_info
2cde265c2a0e75425b0b18801aaa2422,main_screen
a6113af2a1fc63fa9dfb19d4db7cd336,main_screen
0f4ca08b75fe1f7e9cb580054fb47bab,credit_info
a85a39216d7a1d78259aa15828140530,main_screen
a9b79619e3698a55a295125dbe187623,credit_info
5a4b7ff191e204f6b6f32623c151c346,main_screen
2c21fd8eda797c7a9b7641216c268e24,main_screen
5be3e287bf9f80093b0ff1648578f899,main_screen
a63ec297a1f10053e0a8140a5b560bc5,main_screen
85e13d8d3f0375174aa0375a21daf46f,main_screen
e1facdfd2ac9d4c7661e883e43180a88,mobile_recharge
8228b2a180e87029599c1f20a6553ca2,credit_info
a673e5230d324238708dc4d83d3ec5b1,credit_info
489eef29c27472304f5bcfdfc27b53d3,card2card_transfer
abb6b1ba38398309f239a8e5dfaeffe9,statement
b5abbfcabfba6c2ccb0a83db2de03f81,statement
994240b625a50a2498bf888c87f41788,chat
da7a5ec13c6fdb2db70e055510b4b851,main_screen
348a4f34526131d8fdad3896e9f403d9,statement
a8ae06a2edf3654aec8402d740e22aad,credit_info
a6ed9e8aa4c5e8ec732b3ec85f652a30,credit_info
4c6dbf2297b10bcfaeac18ce219ea815,invest
f781ffde8884c9efec600d475c05077c,statement
9ac8453327893d4bb4b636421f891898,statement
cc9861e955b1bd2aa2a15834a3a426c0,main_screen
3a2f1666ed74da3237ffdcd39a76bffa,statement
8dd17609e7abf2d93ba4d6dfe92980c9,credit_info
871416c14ce1e432efa0ac0e10a6781c,main_screen
4df6d9d2c05a3c9dc576dfcb9cef8c3f,statement
5de2bbbf51fafe9fef88dcefd17219b9,statement
ae43957e88e64fb4732cc48523553681,main_screen
e212b5946a3c85d5eb517204e265fb39,card_recharge
8b2e50512706bf75f6b7267cb843ebda,statement
b03bdee37732c7d859bac6314ce742d9,main_screen
4dc876f88489beb28cd1c9f4997ea8c7,main_screen
3fba52ee943561d5f6225ecdf101c83b,credit_info
8fdb78be4253a10376a20dae9776d251,main_screen
718554885e6db65dfb972e8c3c4bed1c,main_screen
1c0ff5f362f5e67d393835a1fc289215,statement
dfb6bbf66811d431bdea78e141f4608b,main_screen
01362f36ba3807ffc5822600a8b40998,main_screen
cde127bc80239c6a20c9eeda42ef987b,main_screen
6a805ce5504abfd50bb26a43b1aa8013,phone_money_transfer
8c015619c72f54795b732b9768fbc19d,credit_info
dd7238a97b48f80a20581ee442926610,statement
e87887c41b90689c2bae79c621ee7f3b,phone_money_transfer
e6e62f2285223d50649b59c4dfa3ce01,main_screen
95c5ace0cf7bfddff68fc0f0ee93f793,statement
d9609856e5897a9caae10e03b7fe0ebe,credit_info
baaef6f31d87604807d47b941e4c869b,main_screen
076a6840c9a4f8e9d2b0458b5ee65bc7,credit_info
b929f85015d24832747514d3a55fd536,main_screen
b83c4671d85b0f28b386e056fe5a3f92,own_transfer
2a909bcb57077abe9e57dfb6277668b8,main_screen
0b423760a67766215632a724244be095,main_screen
f4070324a89a015dd3423a7f79e34c08,statement
e6ae87ff69c87e25a35fb5af6e26c378,main_screen
3b88b62ebee6cbec9fc6b13e7b4c3434,credit_info
396a69e2a9198bbe2e0beba1504db3f0,main_screen
8ead5ef07c937301cf94f76c7e9ccb2f,main_screen
72e74b0f113469837dffe1208ef25276,credit_info
07baf4b901bb74677952bba5e1fdc93f,invest
db8d8dd135f4131797b75f101f630bb4,statement
452ccd7648568b1b82ca2c482154cefc,main_screen
eeac5ac8bd6b9320ec7d78c464ddebf1,chat
60c2c46b0e3c7b98714a308e4583ddda,credit_info
d76b5d59326557e95ae337963b097be4,chat
2a4c33e9e556008db0f35842473f56af,own_transfer
aefdad176f46072becd9cf58b1e3b718,card_recharge
3a0e7e9eda025a85d4c90e9b98e994ac,credit_info
923677e31981f230f5fb6391c9d4f6a1,credit_info
7637a6a8f6019119046e19ede080a79d,phone_money_transfer
bb973fa4509418686e9b74b352f21397,main_screen
97b013e220b029a39a579fa4eefe1c2e,mobile_recharge
1af2fd54cafb00abc193936b1ebd4bd4,main_screen
760b23d56278b9b0363d4088a4db74fe,credit_info
156599edd006a8c6aa0ca801c562c8ab,main_screen
5967fd3d1e6ad4d95b87ab78e3f3affb,chat
8f93eedf112ba3f6a1dc579371163173,main_screen
d0d03a30d294268157d74cc5ef795c83,main_screen
edcb35443c4aad6ed8007a1d0da8adf0,chat
88bc59698beac4c6c4ef4d2d016b0833,main_screen
c757c37c00cdd5f175faf1e6197cdecf,statement
5d1dd3554c6c6ea01a0dba114bf1d9e8,card_recharge
7b0e56be9bb7e7100569b2d66b572cad,statement
2af8feda3de8b57b53394bae81f6269c,statement
3bdb3bd0997f3586474f5f5c3f339718,main_screen
2ee8004655f204e081cecd1b48ca3cd9,card2card_transfer
78ce770585fbb1e59d6d33583fb029d0,statement
881915e8b857b1c4499fbb1c654e6923,credit_info
dde8a7ffe421b37ad23ace20a37fe5af,main_screen
04fdeb88180ce7ddfa652518f5c4ded1,card_recharge
a68e657e693344badaf6d27dcaca9bcd,own_transfer
7b8ba1cb527c93109ed618254ba14518,main_screen
e7e955c83d47ea6b5f3609c0cb661e98,statement
636b774e1ae8a44d1833302af2c1e8aa,credit_info
ad9356c2fcd1283f7424df28ad81f73a,main_screen
c602e0cb42e8f6bdcc6466228e165b91,main_screen
0d97a16535e9de3321456e830e0944d0,credit_info
b36647a9957415bba660c918da1093b3,statement
97aba0ea4d54af030771330de209efd6,credit_info
d99ba87022d98e60a32540cb8034f655,statement
214eb139a1f6c79b77d58bccc4cebcf5,main_screen
ee6f2428ef6bed4b24bf134ca4a2faaa,credit_info
a2417bc05b27ffb1a5b7b4b87914c4a2,main_screen
d2c2f4276e6b3167c8f331fc62d09b6a,statement
395150aed2a35555d578857f96138cc0,credit_info
72f4081056b1b4a22798b47389f9757c,main_screen
741b83503e7923aaefe7ef00af8b955f,card2card_transfer
01f022ca32e6d60898c64a702f03fbf4,invest
35540c1136af7a0d66fac446f37a86f0,main_screen
c2f780d4dc607e8caf6f2cb311708289,phone_money_transfer
1ee319894f696689d8189f77176954ff,main_screen
f33ede22d2be502015ee68f4b26d042a,main_screen
15b965cf571b3daf4ab4aa3a60b9b4f6,statement
3006d08bc9519fbf5b1ab272e77a03ba,card_recharge
03b3d5a340d5ec51993fc07f1bd5d613,main_screen
e328247132e31367c2d542592670e111,main_screen
cee911b603ce8287ba89cf012e844a36,statement
31146f0c179a380cf2eb56f709221017,main_screen
79bc92cf1b2bddea0268ec568c6791b2,credit_info
5e946cae9c863976f55a02cac7a1d262,own_transfer
a3bb37773bdc70d2b4328cd53ea7f25c,main_screen
2edf6e8a2f74e80042cfe8e4fc09ec9c,credit_info
fa04701b53b2d59cb90ac9e720d5f9e0,main_screen
91bbcd4b5d3276be4ad640bd35c0c856,mobile_recharge
317e0eb3a4805fbf8e0cfa8fac23617b,main_screen
d7d583d293e85a95ce4f1004f5b59517,credit_info
2fc5a6ce2b06acc37cee0086b0f612be,chat
c849c1ca1748f3587f2e013b9e6c7ac3,credit_info
141efab9a8303e735f091c5dab82c270,main_screen
c54c69612d78ea29893035d76a4d3df7,credit_info
4b6e892f5c21e94e424533386bdccf32,credit_info
e3aa87a65c2de7d774ac6d4fa733d504,main_screen
e360150f9947a1defc44854d1e6db68a,statement
8a16141f5fb66b0c002826ab8340b0f9,main_screen
77d1316a9eaa11cf655c686eb15986f2,credit_info
69e2c3237544d5070058e17756f4fd0a,phone_money_transfer
c95f8c70c730c45ef884dbd396e8f886,credit_info
3aa3f293e585c3473e74de32063702f4,main_screen
1f3013bbb31333589a5402fde5c71e71,statement
8ad803b4ece1324588b632308accb553,credit_info
ae79e3f8ac2a11cf4f4dcd5e57f271c9,chat
f0980922431a68e529e3b5257a887f56,credit_info
506eb2399ab1c7f029a5d9aaa68430fd,main_screen
b21e636e5e9b00a7c775df126fc70151,credit_info
ad23de0cfb50f64e8025648cfb9f3e1d,statement
16e4cb09c00fcd9f331e6fd50931cbf5,mobile_recharge
fab96bb36e7c669615d48f42fe8fe20c,main_screen
0edda74aeb97f115238d748b04f6e021,statement
8c190382a6fb80f1821af30e8beb3e44,invest
3632aa1b8afba63b3851102ec9f961e3,card2card_transfer
448fab98be7845f30e2db27f62bd18c0,main_screen
53db94b2b14eed4a36a005186892f582,main_screen
22bc773f37ee0b3cfa3a097de749fcd9,credit_info
7f39d143f0385e9a41cf41126a5e5c56,statement
57b9a8b889b7aaf27468ae2d73101710,statement
6ca511bc1b1bad6750d2b4fbbdd2f9b0,credit_info
46a13b2039ef89f910b6644472713ea6,main_screen
5e04ba4b848717a97deba8f898b0f005,credit_info
11f477c7355aa25c479b1e7de82dc69f,credit_info
0a34a0710efea07bde272f31a6425eaf,chat
7918a68a23f17d857d7b14de776c5f2f,statement
76be611de0d2f0276a089dde4bca7ccf,main_screen
e3d6b1db7dd062d38dfb20de8157ee4f,statement
a4ccf194250460102bebab3a502621b4,credit_info
ed140a7d185257000bcb349eba9ffdb8,card2card_transfer
02d631e060e00347fddd5c6c2580f021,main_screen
84c0e6db8db47bc48a7072c379244d5e,credit_info
b2d7435b2699f7ea5e9354e619259b67,main_screen
62a296251dffcdeba7d741a4ca7119f9,credit_info
273eda3b889cf419715a86693346fd31,main_screen
49a585e599335941369734e853d228db,chat
ff834bcd25e4d2de1c22a5353761fbac,statement
99aec2162cb97c8e454c81fc90d5b024,main_screen
ebf5e70b627c0424faf5377cbbac0eb6,phone_money_transfer
c5b8dd96ff3e7ca5de25613fcde83d3f,main_screen
c7c1608a5c6bd3a9474c8eabf9f223c3,main_screen
1a44dc52b142ec936551845a5a07bcb3,credit_info
d4741192581537967525fbbc7c9cb860,main_screen
abf755e4826de5f2f57e901d3bbf14e2,main_screen
c18120d95af9142740456c2e88abe963,main_screen
643d49ce1567b0f01c84497cf40396aa,main_screen
46a7439f208bbbed34660a08e162fa4a,main_screen
1a92b9ffc2d1d5f6871900b9f6c656e0,card_recharge
981156eadabcadaec4546b983d5411ab,own_transfer
3ce76dee378dfa1a5615b68966ec95be,own_transfer
b4061c8a59e1261f0744e523319d9fc0,credit_info
02b189f707fa2ef57ba6b1a1d230994f,card2card_transfer
3f6d861bf4710383d157ddce1d47adc2,credit_info
8cb533a9a6f1e7f9779a2f22cfe84b97,main_screen
e5dc586cda189343f3ce5cb438917e94,main_screen
58c99c7895bb7349bb991467938c4d3e,main_screen
b57a3e551f4637f6ac2d75baf808b165,credit_info
ae01e0c66ce59715f7676ade8ad6404a,main_screen
2ed590ed25105f111abd452ecc2725df,credit_info
249ecfbf57d238c12bcd158adf70b589,main_screen
1bc1374d4e222ffab10ab16115d0e5cd,statement
62b9094e05f36ca80263c8d50bc64002,main_screen
77322501e613fa8c0522f5dadd79fbed,main_screen
ffeff2e5c464f539558803ef2a415051,statement
ce635a31456b741a504c8f5e64ffca4b,main_screen
b3baed98907d0d85be2dcdd559b1fbaa,main_screen
7bbc1c2a4eb29aff3c1afc802dffcf49,main_screen
9501c603a2ccc4a614c98dcadae60b10,mobile_recharge
c224c3fe32a70ae23eff88cd774bdb30,main_screen
47580ab159c99c2a2caf5c9960240f34,statement
e16996898927ee6fb5bb0b58f5df2fe0,main_screen
37a285e8953cfdd0b239b2ef13c2d19f,statement
a6140a3d23fc07228737f62b489a6b7e,credit_info
2513a752924b0339b980d12bd0d0a568,mobile_recharge
2f770af5a2b1cb60a6ed86e3070ff5cb,statement
216c0ee2f59dd66a7494c987f1b5c229,main_screen
1a40a2c2ee508d105099debe649f3eb9,main_screen
17c3dd7977f7bb8cd8a9c29192bc9e34,main_screen
2dba8c9b171ae6e54b814a9be4418042,card_recharge
18813a96da6b0d4c3adf8707c51d8daa,main_screen
28d49a03b5f9e4ba4864d4e8a9525b08,card_recharge
0bd566d78ec85afb672857bbe01c5883,card_recharge
23d1802d82f9ec8d5599dc357d0f1965,statement
dd484c15bca9baa5a6be9e6125dc846a,main_screen
c0646eb00745f35fd3c789ecd8acd976,credit_info
d48d9a9f6950f91954f8260044fa9b78,main_screen
401cc94e330afb2571672d952c86e0f1,credit_info
2166d30ecb7e38d9f7fdc265fa61f907,main_screen
69c7fb30f83aa4bdee4172d33d0a1190,main_screen
5a256520d861c1e58298ecfdf07087ae,mobile_recharge
24877b64e90f23e205ab9510d6798d1e,main_screen
c69077a8a11c0ddb90273c4ac1ae6071,statement
63493f9e0bf71db612af742f6049c149,main_screen
82bfff79dc6eb0487ff90aadc07513c5,main_screen
760fdc282b7d333a7297f125312aef09,card_recharge
1e9518c338dee70e10f15aaeb233c8a5,main_screen
ca821ffc86a02e9febbe3dfc9b1b4469,statement
d9d1b7e2bf36e88599bcb18ce37b0a52,main_screen
bf41aa0ee590db0b009201c6ae4e9a50,main_screen
56bfa53f18b345e40f314999463990b3,main_screen
d005ccad3aac6b9a727ed7b402d1b88d,main_screen
dd72d9968a1928446831f2621cf11a0d,credit_info
0699e76d5a8082e7d7f1b08e052b2aa6,main_screen
9e46f994c37e6b599667734d430bf32c,main_screen
5043fe847a98521713b69a504e3e21b1,main_screen
2662f434fc0079a0568e5648c5799f5a,main_screen
3b738360f4415be4931a1f6ed58436a7,credit_info
3b22129fe4dab931d9961209f97fbd27,card2card_transfer
9085d48e7231790aaa4435be01ef0891,chat
cc4c9f4f8832f7ef6f49ab29fa9b6e6c,main_screen
3598327e412800801d6aa1d4ea9174c0,main_screen
0a3e14195b86db5acbd782ebb04ad5fd,main_screen
894fe8544c7d4258ff28dbd22c389631,statement
b149cb2f8c5f649b8fbd3140555cf06b,mobile_recharge
ab8817df4ca2b5687d447a34a4da79ac,main_screen
6671e8d592a08f3dd67447b035f2207d,credit_info
5d29b2a3915499e9b3165c118363d142,phone_money_transfer
f78037f3a31d2a46e356fac646a28a53,main_screen
d7b88b64e4865804cbc629fec439b831,credit_info
33871148ce019a022f078c44fa50305b,mobile_recharge
ae07f97c18f65cdefa331d958175ae58,chat
293bbff61aedb136ddab4aaed0de4fd2,statement
28c9f5d608e9d9d65f9d6fa91696ea2f,main_screen
0ce784eb5af4f3da8c6ad5bed3fcd672,credit_info
5eb4ed8a0c10dc9540b01682e77ff809,phone_money_transfer
ff03ea5591afd46f5e786bf201e6fa09,card_recharge
d0b203ef8ab6e7eeac8a8aae3420897b,main_screen
e59ed22cd8ff5c93bed05435d9d8ce5c,credit_info
c23edb191c16fc7a7d45d67174decf69,main_screen
c356ea61c09c1dee92f700e37d90c3d1,statement
4b7e6013274c0b085fb0b44bb3ff15ad,credit_info
c6c12eea07c1fc2cca1b3b7870b49e8c,main_screen
a80a582bc00870c7c24d664cc8985be3,own_transfer
2582a01a8c9b533a5bf2a5472b1b4513,invest
d79c1d29a3755a7472ea027240394f84,own_transfer
be0902eb09901c9713e534e0f5fea2f2,main_screen
f8c00ea1e979a96649b2c065d018269f,main_screen
12a74e0b89d67039613cc54b3273c271,main_screen
26a9a477e055e3602ed7d1a286ca984b,main_screen
865cd8bc3b8107dd43cb7adb5a70e7c2,statement
6d6fb969cec13e0c2f43d40ed8f62195,card2card_transfer
8f9f510e9a624be8e2ea4a27ab122edb,card_recharge
be69b9a8ff14d990dd107469e762a0a6,own_transfer
4aa7835ce75551934cb91ef5ce5ab491,statement
e3c4a09efeaeb78018d89e8603f4e781,statement
26c437270954ad649be84eda3cd52178,main_screen
9b0188a0d073ef27ffeee214cc2ab7e1,main_screen
c9800f80871a50372335291e23845f87,main_screen
862e2203430f5c1d6cfe8bff1a3d0258,main_screen
409c8c4fafd239c179fd8a69feeb53a6,card2card_transfer
79e653825ee572e3af8827d89ad30c1f,main_screen
826393798566e16d6b9ff4b4a9c155dd,statement
01d286455e981fef57560133a3603787,credit_info
3e823077efc940f2cb88243d3bf5ff7c,statement
ad179b5b17ea55c3192552a1ba7a1d37,main_screen
480014318ec8732e075135eb77c98785,credit_info
ea1de0bc5666a0e3bfdb80564daf947e,phone_money_transfer
3907a6a70590a19bbe8f139aa7e2c089,main_screen
912deaf7ba8dd9f6f00d062c2b5fefa9,main_screen
732562013ef22163f990446258752a5d,statement
5807f9d394fac754f6d1622c5886f305,statement
2c5d14cec277921de2ed985d3ac3e500,statement
4ed5d4f62beae4df93c59be32806e14d,credit_info
453f0116af654e33f597f2a6c6bda9bf,statement
c29d6990b8932bcc7deaa495188e8ba8,main_screen
8b3c59315283b21b844e85da33fa9595,main_screen
c33174d960d3401088a2a76ca8f493b9,main_screen
02b7e1ddbd1bd16d0b4a7d653b0c0c17,mobile_recharge
1402f10712459e31a47fe5df65756432,credit_info
b305efb4900905f0b4d3386fdac73cc9,own_transfer
3854adf2ef8c94c6d3c8511226f3aabe,main_screen
8c637acd3f9cb3647b9a8551b8d96654,main_screen
6c3c47ab865957839730c0d1d4d6ef57,main_screen
baadfcc12f12680a94fffc2756dec85b,main_screen
04147983cfac9a1c7cf6e47c83dc994e,statement
93cb170e7b3b971656d98fe9d1ddead5,own_transfer
29ddb6730502544b8cd98b3a2f5e7407,statement
0ebf65d63043352b4cf7feda9d96982e,mobile_recharge
cfc4152c6edfbea4149ddd7944c96771,main_screen
968dfe86bcb2e22160fa75e4844517c8,main_screen
7c93b917b7a9f0dffd81cc8edcb7cc83,main_screen
00fec46a3b69a8236b7818bf38ac818d,phone_money_transfer
2f6cb64285ae93f2bbf50d6b1e8ca9fc,main_screen
6632c595e76cab32acff86ae9940a9ae,phone_money_transfer
2c46b08013c3d7df06d92d58be470d40,main_screen
85d4c21aa0b6f3c1ea2d0b19af153604,main_screen
9236811b183ddc3fd5076cc513d7f7eb,main_screen
35cbfe442f90021e139b84529543b05a,main_screen
de0373a10aa71d9a0673ad1fe242fc96,statement
1731ecf2adfa672c415a89055b08ed2f,statement
ac874bbfbe67708f1a86ecc8d5275109,main_screen
f34f3c182cc24eec888c2cbe65e62212,card_recharge
0880a6176b47732512cf1ee404e60240,main_screen
4dd03d85ad2ff8c165bcd81d7ab1e941,chat
b30ab8d8988ae82d36568a5a3031de97,statement
abc974f4ab31a8ed0f2e7508625915fc,main_screen
2cb57619d7fc043f8845981f79589e32,chat
0c9c013953397b550bfcc8d4b18c283c,credit_info
64c6845a6665c9260523229e16b50b0c,main_screen
9b64de5348b0e629bceb2b46408e485f,main_screen
6baa0663d68387a32ece532376060fbd,main_screen
cc8a2f2c445f098517f9506f55ea1bfa,chat
134cb06550077602ac10bcfa3d667df8,main_screen
3daa68c36e8c96fddd6cd67f9bdd58f4,mobile_recharge
ef29595a1ddef0db5bc8e506de1b46dd,statement
15148a6058655fdabce9d30d57cd3f1c,credit_info
5b9bca584ebe8802f4cc884611568e0f,main_screen
49eb28a76da7cfce0c22cda0f589f9b5,credit_info
e5200e17b57b3d417405ee026186c05d,credit_info
07f6142e84083a75eb9ff13da5080f6a,chat
d4a4c2d1ac008003988d1412dc65f9de,statement
c052507b636fdf9ae77017adee1696c4,main_screen
73bf3977a0b1e17f6cc37cd1afe20abb,own_transfer
fbd9eda67ebc2de1b992b7e944573b35,main_screen
d5de28f9c56087b2741ca102f8771ac1,main_screen
188a19b8a074cc7ec6b5670d0a31bc0d,own_transfer
5f3938844c9a5ce86da0e54811ec0c19,credit_info
7fee3ca2117a8d78ad7c95287142e299,chat
a9cd0f7f2a60180ee011f570efb39120,main_screen
0d1d2d7e956bf168dd640880fce2ae26,statement
c0bf0866937f3afde75ac1efdebfd2f3,main_screen
c17cb83c412722dad27ad6398bca25dd,card_recharge
ccafa1ebb6c5148ef1be80bc73715934,main_screen
34e48eda0abd993052e1f2585be41e26,main_screen
e6612dd3ebd55019cdeca618c0e9efad,main_screen
43ae96fa5b21f09b6852cefadc000fe4,main_screen
048e9f22958b495840e5d97b040916bb,statement
edfc18f4523c98d6778bf506934fbb9a,main_screen
684cf82f73f4d87448d504732edeb714,main_screen
cb3d7914cd860e83572396adb7151875,main_screen
9ba06fa133ca9d520ef8255bf4146838,card_recharge
0816f9099b219b704d1d97bd814a09db,mobile_recharge
7b24a565e8a3b636e12c6cd616cfb252,credit_info
a657029bcea1e72998e3a6ea7ecb680b,statement
d0504ba3c1828c209f61beef60d5ec96,main_screen
92de63bb78d15971e8563fb97b86dbec,main_screen
b5f2afaa49450f2cae175fa267a8f8d8,main_screen
a925848fe622ccbe42a5bb607bb27fcc,main_screen
8a50cb0305f7aeb277ffe887acfe6c18,phone_money_transfer
898c24f55cd3632ae58a386b6c8efc2d,main_screen
dd7b8bc2762f1de7e1ddda2ce856dea7,main_screen
315f75cee5dbab1fb01e018b64c94335,card_recharge
77acc7f66319e1b98c7b964d08d1832e,own_transfer
9b9122575e7ace9885dc9a854f600f04,statement
fc31325fc58b2a17da766fb7dfce6558,card_recharge
59ddc051518a93d69829b293ac7fe7d6,chat
e11d7bdd31d9f76f0bed98358eb3e8cb,main_screen
4841d2b9a1f9c54c0c5a5f05b50ec147,main_screen
12df1a6cedbc363123e6cdbdecc5ecc6,main_screen
87f3ff76decc80673f9d10f27f942772,credit_info
c9a4818264a77d06caa5ab44c281196d,statement
50be8b2be320ec2f438453a77c8e5f45,credit_info
c7d7375eb4a98a19832c41a144816ee1,credit_info
b0a29449e0d1bc16ecd75aa6d77c5cf1,main_screen
7bfae0f8045d310de7b7aceb1331bc79,main_screen
890198f94caf5cd3ee14c946fb70bbe9,main_screen
657d7bf2e6f3959e36a49545fecd890f,statement
74124a35cb4b653752f2558e14541bca,main_screen
ec7e37195546f9dcdfa636f5afd49c78,main_screen
3aae866e913c5caf012db58173ddd254,main_screen
272cda40b308968b414c69f62e75a14f,own_transfer
88534ffc2678d66a6bf8853b1e3a1b15,card_recharge
5f98b8ba5c6e10a3d0a11f32c32f569c,own_transfer
9388c4f9dabddc48c32c598a87d8a539,card_recharge
7087dabfd3dd38d17f9501db4374bbb3,main_screen
435e83d816a39ed339ee992b9461abae,statement
d3966d8fd6b01a82a1fd544ee6c039ed,main_screen
937795a93a3a822f8dfd2dd4a236e2c4,chat
544e05faed52e9696da107622a0f9bca,credit_info
585b6092e3be7cb59beddf20f7a9b98b,card2card_transfer
d9dea801cf1c81e261e73bdb397bb06b,main_screen
516c554fcb0cf8eafd2052e2bdb01452,phone_money_transfer
96ab25cedde89c29d7e40b2c94d7ff9c,main_screen
247c4cc294096281ba949bd9331cffe5,chat
6536f34eb4648dfd73e2e776810f8fd2,credit_info
f1d350df69acf19d205ccabf9cb61ee1,mobile_recharge
a758ad25b641fb46ea4c4aec9d1a042b,phone_money_transfer
961ba52a2494215c5e7f29cf5181fff2,statement
f86dc43c9620305f6c09049f865e7807,card2card_transfer
6ffbf530d5f8f075f47c2fa865711173,credit_info
22354fcc54356557bd42e99431c34f96,statement
af731a917698a3f1eba5dbee2847a0cf,main_screen
8cf770f10f3651684051bc39643cd9aa,main_screen
c28734f65f19a0f1fe548048978090c8,credit_info
d91bcf4b033b006c3e27ea678333fefe,own_transfer
6ee991c85248df106228ece27febaaf7,main_screen
8f8dd6b6a86c7bb3703f66c452b7ce9e,main_screen
02d2fbf4fe89e85244ae5a1eb304647f,main_screen
a331dcbf88f38ea4c66925f09e1e3759,main_screen
f9ed627a7efcf59bc29793fe832ebe87,credit_info
931d69ff3b589c71b8278bf22e3b5e62,statement
6329a885732b95890196a3cbe8921944,card_recharge
56fe93f9368bd58247ec1b2994f8f906,own_transfer
820412c6f8cb24360536af0d1d4fb2e9,main_screen
c386be05453057ebdce3f57dfcda173e,card2card_transfer
70ef89dc01ab27354bdb10cabd304105,main_screen
41d6be4fcbd6f4f0503dcdc41ee7cd91,main_screen
14511a8fd4cc0107873656a188cc0771,main_screen
2b3eabd43014736643aff6c1359884e7,main_screen
7a6b26dd5898a7b5ffbcadc01e8e212b,main_screen
62db48137c7d731cdf09808ef6a3f00e,credit_info
97950540dad8052d15ca2b43505fb53d,statement
8d3161323a00d3c91dd8338bfa6e7468,main_screen
bb3f1b270594becf5998faa76e196e6f,chat
ab3667a54bb810dc8c85990a43ff0731,chat
8f7fe2f608400a022769e67409eac712,mobile_recharge
7b06edffd864ec6b83996d86586b9d50,main_screen
c1eb8f92ace8b7102fd9f7fc1b4e25ee,own_transfer
3d3cefc2022b0c3fbbe16e6d58791660,own_transfer
443c224d7d198a242206efd6a5a8fce7,main_screen
d6dc378c8b118bee3f8eb460284bc356,statement
921c519f5cebe817ba3a55df27464ff5,credit_info
8d0b0e5f124d756b8ca2659b4c31db52,main_screen
e1c788f2ac4926fc0af5b9d64ab5805c,main_screen
d9f10db2b4b1a91cc2c36b2f78c7d741,main_screen
fa11fd6f28964edea4d52421d974a89f,main_screen
559757cd0ad92276676ec59255281fbe,main_screen
b91d9f7074cdc5dc0bb92660b3f2f2a3,own_transfer
5579523905cf6faeeeee0f325f1bc072,statement
ff96ae0fbaad8a86438d5dd7e8bec470,credit_info
3b5ce98b98defc5b97ed3017c263519c,statement
945d2c7f1187629c5d1cd932be063e2f,statement
6aa338e5a5915b29949807f10318e14d,own_transfer
7db06c29198fcffed1afc5b482b2533c,main_screen
745a2a4f2e6cc7d6d7e451754f4fd7b7,main_screen
709a9da6182f7fcbf8a283d9acdbb76d,mobile_recharge
431b2b6b93cbb39b676a4c1c6c560935,card_recharge
7a60e66ed6f5c3aa63795a6419e3d6c9,main_screen
e90ed1bd877f7130a140038b2c345744,own_transfer
d9b061ec7ede3b50876cccc91f54e7c6,main_screen
27d7448489e59f9efd650833616cd3af,mobile_recharge
48e5472d8bc9f2a0445bb17783a7af12,main_screen
f0df219d1e7d0e317ed11472fe9da545,statement
2756334b9ad9a66bd3e3b626d204c658,mobile_recharge
d2dc24ea9c0198eb99fc149fac1dc13b,card_recharge
4f46f87fde39bd1ce49569cc1991383f,chat
4f5563b3f14e1fad33f78597a45503e6,credit_info
40abf7690c9a0a86193a9463db5efcef,credit_info
8ba434d106a67ac83ab16a02bdc48e8e,phone_money_transfer
456a442f190cd7c1b21e3fb420826bdd,phone_money_transfer
ee7e29742d3525ebc6e42bb52dc15553,main_screen
0763c4556a3b50a53bdb90cd70834b43,mobile_recharge
e55bf8bb2a08852b8bd8fb927781d844,credit_info
eea004f1795bbf11142986b891e432d4,main_screen
56e64af53bd31e85f2b5f6ded05b3274,main_screen
dd541b02845bd01f355038abd439ba79,main_screen
827f3316e677132c1a46ca73e1c542ce,own_transfer
19db91b0a8f85918ca4478668509cb16,card_recharge
0b416e1bf9ebd40966d8bdbf44f9ebdb,main_screen
5b63666b85959545ade61d1a486174ba,main_screen
84c6340281c7963d1f5b9450f5b8d183,main_screen
77371e97ea44b1c54a12f7f4f3ad4c8c,main_screen
0e416a568fd6318e0b6cb6e774d286dd,main_screen
cf092ac488712342e92b50df6f5e0cf2,chat
a751d6038192f0e8545d85d10b1be973,main_screen
00b32139a431276cb45aebdabdf068b6,card2card_transfer
fc35427041ccebb88d600460b81b6bc9,statement
c81f9445f4d47613b9b3b7574f58ad6f,main_screen
72bd3c056b0ccdf60c113afd3303ddf3,chat
4521539ac88ef813c101a71ba62234eb,credit_info
fb8fa50f81af6240cae873c26d631586,credit_info
c33ab6eccdb4449882e84634c0f6aad1,main_screen
6a5b33e85f5036d638aca494d35ea678,statement
b224eb382aed593a1e76be11f379b768,own_transfer
a31c9739a7ffe1ca678e14e808577477,statement
55d21e0e2fe6e502ae35e36939fe36d8,card2card_transfer
392e49611e55b5dc3009668300bf8ab9,own_transfer
fe7c0972a6d0fd00749e9eecc7f4b7bd,main_screen
f72c83b609614eca89db6ce74d7486d5,statement
a41617682f3154811ad1ef8fca2fd906,statement
6380ffa0d9a0a4cd8539a9b7fb73ed80,main_screen
661a222ddbe7dcce1545dd8019efe2e8,chat
893749488236dd608a319c3bf0169510,own_transfer
b465f3b4603b2dd4d27d3e09b0a100c0,main_screen
12dd6dcd789f8ea952d5c086f56cd6ac,main_screen
a480609fc4cd96f1e9c6dcd06162f2aa,statement
5f8355f3127a3cfdf61c548b47567d0b,card_recharge
b4efdd302f8dcc5e4e2c85451abb03c4,phone_money_transfer
d0f7f3394a572b12f0a8583cccf7ad61,main_screen
a7f63ef3dd12b3100beb7bed28e20da7,main_screen
618fbc537cb0a01f88c0696a742e4d6b,main_screen
65b1ae1ace55442a56cba13ce9aa8354,main_screen
dc4b2c53e75718bb816cb1d90ae1616a,phone_money_transfer
a99e52cc8425d90c0571bc059f79b017,main_screen
8ad14dacda2ef5e65b162b0e24ae9740,main_screen
9af3343fc53c7c5fb1039e1e831a0219,main_screen
0b9738b7ad3757f3bddd5d39f9e3c5dd,main_screen
f241be868665af4d7cb096dea6863361,main_screen
f3a3087809b2a404efe270a9c18d72b9,card2card_transfer
61ea8e878fcbfa3f81842c308629a659,chat
e5ed7f0c95a582a2aa9954a005d87bfc,statement
45574c7688ad73dd25eee2e06057d7e7,main_screen
eb9ede8c1dfa5d9004b83028358d9bb3,main_screen
93ee94054828b998e2b769e330dfea51,credit_info
cc36d5ad8142350cc102fa9c3f57cb90,statement
3a819626d3a46677b5dcdcc2654555e0,chat
bbf85e9fa18b5a7d5d1427e078cba5d7,main_screen
0dcef2ead79b33cede82e759b5ff4beb,main_screen
66a9674d7189cc00a84b6908cfb040fe,chat
17ab7e527c805947bcb54c9cf4d11767,card_recharge
8f65d10e06b6b9b13b576ccc68ed56df,statement
c327ce06a35dfe4fd443e87723b2a6a2,credit_info
af429227933f02831daf93111b8f0bdc,chat
d3a01392dc19c119d25280af577beb04,statement
fd04ca9e873259da4dbdf0db5f59248b,main_screen
325fecc136f904a6a9651f71c0115459,statement
75ccde023624c120659ddd0e1b22daad,main_screen
90c3027e512a038221737dc2c49e69ee,main_screen
1eb62e18f5a4ceda816f0d1e158b2ef2,credit_info
6b3def0a498f54225e7f48296f28f118,statement
fce5c73f8aa691bd16c58bd737c805fe,credit_info
07197ea0e6f0c714b97328bd4065496a,card_recharge
3d4a9a4ffe8418bc0fe5ef23dd5fd4a6,phone_money_transfer
75324af894b15aaa969eca1a534773cf,mobile_recharge
f46412827f271e85dc16bf16f73f9fe2,main_screen
647c5a0c42f7ed72e081bf99ebe240b6,statement
a8bfffbe3d70857a7157fa80796be5bf,credit_info
873ab707b079c8a2cd7278eb49a4070b,main_screen
84e1c11ed9f1c9175941b05fa33db11f,statement
a44afc2c1a6a77ae93f73422089bc04e,main_screen
9b1fa30c73034a8958da0f2e63417d9a,phone_money_transfer
02a315d7b3aaa420fa5a9b7bd4c9be23,statement
d49d2e76233d36b46f97ab230a731511,main_screen
446822a4f672dae6489707652879b733,credit_info
74d2cb5d59f2bdc14cebb1ae725edaf3,own_transfer
d6a240daeb7d9d04965e6e23953dabed,own_transfer
b6be9f331ae9a2a01208930f2e9eea10,main_screen
c293d9097b2b456af0ed5539a94f918c,main_screen
79af64499f215779e16cc9ea949fd769,card2card_transfer
20ec62e724dd8a66a5a11d9373e86842,main_screen
ac4aaa9f6814e8777421f31c300751ef,statement
02fff3afb82e10d81a93ce85e9e048ed,card2card_transfer
41b00d35087fb1c53f87c4645b22ca6e,card2card_transfer
113a69da36524dcf0eea68c7f26995cd,main_screen
7949f79bcb33ed3a50f2a0ae419317a4,credit_info
9c42b75a7f4eec0436fb180f53c83ee4,main_screen
934ef4ea91f2981791b3ca8aeb77dc9e,main_screen
02bd2afcc8b0ddbceec7a4cd4001dacd,credit_info
7bd9f72a0eacefe4df60bd6f006a6380,mobile_recharge
635c5707132ffa6f8f2069bfec274d80,own_transfer
95f0177196247e2ee45c4eacbfdb13e8,main_screen
7104aeafd41ed26ec0cc00e8b38339c2,main_screen
c8543fd8026e847efa2914b9448305e8,chat
cf0f3eb692c25079e6a6655b66593e55,statement
43f3cf4a62c4a9e6b1b6d7295e186086,statement
e369f5f66f2a3284430c9189e64c26b3,credit_info
a7bd2355d1e8191f5411cef2789b824a,main_screen
9715cb31b8b3b94cace7803a2e1609d8,main_screen
632c59a82125ec41e6493be61018deab,main_screen
429e0091a34a91bb15b65378bab95c32,main_screen
2f30e32d37b5029f5246ca9aebbb26c0,main_screen
1ddf2434c320280556917056c223a93e,statement
ebe81bca1267e945245b888ec41fcf12,main_screen
dd63dbf14ce98abe6e067b99c8bafcff,main_screen
4faa04608f87957e81492631b17413ab,mobile_recharge
4d8302e9bb6cda85ff98025cec0bd688,main_screen
e958bee2215bda2ac81e57ea7c1f2519,phone_money_transfer
b2d4ee02d546f079bec46a591e27eb53,main_screen
16d6d038f35ddc98381fa0eb5cfe38b4,credit_info
6f2fa28eb15a4952314d9be93195ae9d,chat
6634047038a27e596dcbe4fc8f3d7db4,main_screen
1d361d6bbbb346452515aed2dca73be2,chat
7bc73286e4f732c423cc097e2acf1c7e,main_screen
7fae7de3d749b6d29263037747e6420d,main_screen
1183e6d1f13896644b5793797e73b7c8,main_screen
ac7e6338b7f905c5548f5b8e9e41e630,card2card_transfer
191b9f38aa3ded7ceae5e10f68477958,main_screen
175868af5aa6f4025fe0ae8819e6128e,main_screen
bd12bbc814c17b32165ee79a7a99b7c0,phone_money_transfer
e48dc1e723d028f83a91622f70557eb9,main_screen
95dccc4c4ced61a4d92955e0ba72be96,own_transfer
079be90c825d7f8f0166054121e6f2f9,card_recharge
3a9285fd43387bc9a3afff8d10f701d0,main_screen
b01e53056e206fb562f8b8bec19857d6,card_recharge
774be7ec057398a2a4430640b2e74a46,card2card_transfer
264bdff9ea77727b639227936806a8d2,statement
c4b62121bfb9d6604c4627288cc3ecb6,credit_info
5fe5819dd303e49096834965049af70b,phone_money_transfer
e4b8b7ff493f4f7b8ed4da3690eb4ecf,card_recharge
1a391a2ff94b630af3d12564322a3374,main_screen
af26fce7c883929f0fdc0ea19f3ad6b6,statement
d07e83389952d5cc95d93bd1822df22b,card2card_transfer
9dbd32d4b4f51ad0bee9c8542c091238,main_screen
c185013dfb57eeee5f96fdafe33d3b34,phone_money_transfer
d6f20316561a025cceb7149d4516372b,main_screen
378740f4129c46e60df7300636a4ec63,main_screen
e148f2ca3616118201999435d1b94bf2,statement
d1135ddb87b518917bb4e6434db12f25,statement
5be1552e5c0983e5e43d7d8b53c8be1e,main_screen
239f11b83217a1df89d5b71d71881506,mobile_recharge
da0006fc7f9bbf92154eb893afcd1728,main_screen
17e3186cb9a49756e9fc30c6f6d88738,main_screen
ea9f5e3a6e88a6d961ccc4165293c138,main_screen
b11f30ca4d4449a72688e03cadb75436,credit_info
a5e3b24a1e18f452bdc25919295cc1e3,main_screen
82f95e6d56c14057a9f34e34b15c40e1,card2card_transfer
1aa502493bf01c9e0d8e82580db35d64,main_screen
17024adcb311cbdcc3b7991d1ef3fe91,statement
81afd3a6965ffc89c00a7175248bbc05,main_screen
252c4bbf05deec75e941b30bff7710d1,credit_info
69732fbed96721faff5cbeb740e7e159,main_screen
f15e9b7871e423854bae92258e79c875,main_screen
8cc84899bc4f0284d58269aa5cc9582d,statement
c3b6ac7896d2dc50abedefc9dd329ddb,chat
56af7000a4b333ee491b61d2ab5757f3,main_screen
24761fe8f71f18049a76f4d87613b320,statement
b5a5c770ceba1234418b8d88fd9bc98f,statement
9560ff6abdcb3da13f641dec7b1ca671,main_screen
aadf2dc17588e1e5bb36effca710e6bf,card_recharge
5e0a7624537709a59d51225af44b5316,main_screen
1c7676de034339842adcc9c12f400a0c,main_screen
fbe5e44d9ec8f2fc2c829db81c453d9a,main_screen
f8f1e05765b84c0fc8ce3b7c10cbb051,main_screen
cb4c8b3e3b465e7adee4d0ed138497ac,main_screen
586b6c68422998cc272836394c0815ad,main_screen
8f36099ef0f675488d2edcd6c518d5e8,main_screen
d9c0f7606bcf9b674975121245c62702,statement
11fe89ddd048a187943653831b1a60da,credit_info
c1db7d5d920a3b3be71f4ea8b2d20f09,main_screen
a1d6371619b586a8f02a37322ee4e8cc,own_transfer
5b842708d82f43ae6f7df268239a132c,statement
bff3ada3a95e9798a30711cc6b34399f,statement
feba596096c3a6e8dabca491ba0f2078,main_screen
2e1549cd43630e09029ead0457b37d32,own_transfer
4f6127b173bea3e5ae54c33e5ccae7f9,main_screen
195c7b94c3ac56c7413e538de7db1c12,credit_info
e252793883e1642669365d6a36d7acd2,own_transfer
19352b25365b517f59ec41ebe1fb5f6c,statement
5e3776eb3d8032fb7ab7dfe1fef1cdb0,main_screen
8ace5fa48a5f1ab2743e8a779ae5fdf4,main_screen
980b37695a734b1d09da1ae18785cc81,main_screen
1fc983d0aac5a9d8c3fdfd02933034ec,statement
c8a651b4b5e621b88b795d96eb926bab,main_screen
70d866732a05841c308548e462b705a2,main_screen
4809e484e02cd1cafae233cfba453737,main_screen
2997a6a5258be347a0dee06535b36a69,main_screen
b6bd08b3604b9ce19a448b6fe09d81c8,main_screen
b3f965572e8b2602271484f7623dcd9c,credit_info
7a449c3f36d003b055f010369ee2caeb,main_screen
d8f48b9fc812951c462e41df38eeae06,main_screen
09124510ffe124c047edbd6bf299a778,main_screen
90d6c4568f8fcbde38d916edfe7e0faa,main_screen
554549263245c83b48522ded3c273421,statement
5e69459c0b440d14af62cdefd4ad4239,chat
77985ab2cd24857b2f8620c072ab6a5f,main_screen
835e7d9e3bc4bc0b745a4ac7400c7de4,statement
da46e1590d4079afa1b79c032e6fab4c,chat
f680e774efd43f2295d55e7f2c994c05,invest
ef302148f73389d4b058a52aa1f2a36d,mobile_recharge
a95891631ddd4de588ffa9df66e1bf60,main_screen
93e954928d4681928a3f5b7d44e69530,credit_info
7cbbc968536b3cf20561db49f7debfb0,credit_info
a67922cf9ddfa2ba5fd489268f55150d,card2card_transfer
d8672be39828c087b65444294d55aae9,phone_money_transfer
89ffb638cf808a64aed7b917bf14db11,card2card_transfer
a4ed30b757fbd4184ed735709b631c9b,main_screen
876d5f9e4c942aac496408022594b976,card_recharge
85d68cbc4a13a5a8f3fd9fd70654f8ef,main_screen
5319539722769f9af346693071595a7a,main_screen
3904af5c132162e947e82636af5d4c07,main_screen
17a05c75fd9be7c9604f6d060a7f7664,main_screen
e4e14c757fb915bc388d8648dbd33c5e,main_screen
1607dfb627df138db65f122e8c9a5f13,invest
a9835037bc4c46be9727bd82727d2c26,own_transfer
97ce0575835c13c052b8ab4325df9bdc,statement
909550eed13e00dd5f2b4868bdca297d,main_screen
1212f81744b7bf3df339c333a430b1dc,main_screen
ce39a3e9dd11a86d99c6cb7c61ea9a9c,main_screen
737320c226fc75eaa6e7a210d31a62c5,credit_info
6495209b270cf41549114c3a81a8017a,main_screen
09058120d162365703eeef0eddcd141e,card2card_transfer
111d7439d635c33293d663969ce5dc3e,main_screen
a9879df3ed7b10e7db5103750034c301,main_screen
0b1a86ecd83efdf227f3f32cc8c973d2,main_screen
11292208efc50ae38e5c905ce534ad98,main_screen
d4ecc62cb15a836770ccb3d4c5ffdb3a,card_recharge
6a605b3bcd91214e1e72fb1946b935da,main_screen
c83bb9b581d2c8c0b0385bdaa311a4bf,main_screen
8e364e4c79dec24a767edd88fbe688a5,own_transfer
5394bd622402ab4089d986c777230a2a,credit_info
60ab5234edd2fb3ba2622ba3f34d055b,invest
c234adb07263b71c807c9394d20d3480,main_screen
20ccc01d778b73d7d491a918f6a3c56d,card2card_transfer
d0ec9fe508a7f8cf63cb3a96aec4fcf5,own_transfer
0330e13974fabb940bd626a5f168a8ad,statement
7960defccc45a03f063fe12301a1f830,main_screen
3d834d1396898ffcf08a3b24d73e004c,phone_money_transfer
7459f335454e9debb47498f41fdc8be9,main_screen
c42e63b8a661ada8b9bf20be44f9ce1d,credit_info
34995a542cefff8a98056b2cdad567a9,main_screen
375dca5923c5c22207ad4e3abd278ecd,credit_info
ba0fe2d6d9d550b3ce027ad656ea123a,main_screen
3945c7e96fb97f30ae4f602efe8349fa,main_screen
619d4dacd7fdb4564d3c40f79b76379d,main_screen
bb0a6c5a08ae8581854386e8421a3773,main_screen
66c420bbd09643dc89ff1daf6006ea53,invest
d96e54e6e1f8df403a5fff2f25d4d6e7,card2card_transfer
4784ab1e34b5a10c8f3324929413409e,main_screen
a43b2f91c6ed4b75e3157856de17f610,credit_info
704c8d7985b735a537bc322fdc0d3f06,main_screen
04502398b2d3b2e683fc53cc687710a8,statement
3d4cd24cd46aa794dc544fb22b4db22e,chat
b42cc2b47c1cc5f9918fdb3b01292511,main_screen
447137d5b4c528712abe298db690e9f7,chat
f8a187d8236c44d9ad9da3a0b0950539,main_screen
9d456f47e570fc507e2f79991992e5ca,main_screen
dd448af0bdb43ae59aeace387b5493ea,credit_info
3b63ad7f7c9bf334c53e43159052a0b4,main_screen
304e507025b16e84ca003d55aa36c79c,main_screen
75306475819175063257cebffcf4cc64,main_screen
83265fc6dde1896d6db406e411f504fa,main_screen
7ab65e659a8579feb024c83361a8be1a,main_screen
d59aa2ef8a532bb06973ee823872dbe1,main_screen
8e7d49b43721cef71d8e8b8ac1cca333,main_screen
ab8e2a07ad46251793be3fbde4113dab,credit_info
23be5e363fdbf8a7e6b1f4ee3b598e2d,main_screen
20e029c3b0df5b8780d1f1d7e692c5eb,chat
05366f4534f92abeaccca7f0b73811b5,main_screen
4361b7a752541574f77b4500b376eabb,card_recharge
abbf91c708c2042622ff41c3f33705dd,main_screen
be6284828493f41b2aa9ab7ca53b7433,own_transfer
e55fe022a82e32a5c82ee423e4aa0a5a,card_recharge
8d400a66406cba85bb900d6e678f6101,card_recharge
f9634cdcbfb9223eb9b553a1e727e13c,statement
6e575a432a39fb54036ab0e8ceac5af5,mobile_recharge
11fb6f39de334a6e5ff0aa9976344f3b,invest
33f90b3a45b3366d38592cd39ecc727f,statement
bca823b666679d8d90eb0b055a434599,phone_money_transfer
2d4423acea0c7aff0ed2f1ea1d98887a,main_screen
afe68ff4090f14ee81101cef833a832d,main_screen
bb77123a8a299061689e1579d2e4b2df,chat
ccbc72b16d1cdd40552617784b727ed3,card_recharge
1685d9651e847a9763f1ac01ff4cdc0b,main_screen
b4e46bce5214797d29f1e13cbaac124b,main_screen
19fdebff6acc9108c5a2861eb5f7f919,main_screen
40362b9f12fee38683f0c1dab608bcda,main_screen
767ecf8f313217bb0dc552f710d4cbee,invest
835bf9701827fa091b664bb04a7d2ff2,main_screen
68f18d92e2d061ba8611e911a081aaa6,main_screen
f4500f51757b025414759ff69d7264a1,phone_money_transfer
cdac91c336cc3d102a173579df612cc7,mobile_recharge
915b924e35c9eaca3e808e76ccb6b695,main_screen
c8afc87d325b9f40a29f6a2124913afa,statement
e92a09451efe392dae66ebc1916e54a7,own_transfer
c4ed8f6379f8b9f4e778bcd673ff6fab,card_recharge
81657c0185fb5736a9b4956371ad33fe,main_screen
7a8dab3514696dfc8d1e8090f1e052d2,card_recharge
f526b6457174186a781167638af20a2c,credit_info
482480453f434cfeceb5e751b0ec29d0,main_screen
c2fe950f24261d4c973d4512691f9326,main_screen
ce3d59b8f22ad390335b08c30994a362,card2card_transfer
807cf1ec81edb4e198b2fde5c958753b,chat
a4bcfaf0e99729662402e51d50b1eef6,own_transfer
9dcdd542fe5769c4d3f9020514ce341c,statement
499346306d0ceebb24211a79f70e174b,chat
8d1210cbef8d9bd40a74dde1e2a0beef,own_transfer
f3a8e95f42b9d8672095140e0641b774,main_screen
80778da19399d603c457534bd92ca687,main_screen
db79794d5bb83f3dbcb5d3240316ca0c,statement
a47a6f948332a5134794d922e817f911,main_screen
72ba937ec8abfe855608b110c2be4309,main_screen
89dd8916ba3c86cd8f44fdce68e42b55,card_recharge
6283897388a2c03db06540b4aee6974d,main_screen
b19dbee456348e26402cf7ceac25e0a4,statement
5c249b2161cd93ebd7a1afdcce92576e,main_screen
891de37ba2c76899d79f88170b0a2b9a,credit_info
7e278707f6ed4c91525857e69543876a,main_screen
00fa06525499620889ffba8f8c6b8605,main_screen
8bc5872057a739815c3826fd30087115,main_screen
77af99b4d08428c5ff2c150994ce07a9,main_screen
94e8cb538f2e34fed5877bf809f4aaad,own_transfer
42f250ebb87eee400382b2e924b4fbe8,chat
6719db0846084b3cb6842d6dccb0041c,main_screen
caf59e5ac244370cee77bb61c00c9847,main_screen
98d7e07d26464d7cc9742d3bb2f00e22,statement
c1bd27efa5ecc743361833f15ed7b635,chat
0fb0d806e273f8ffb966913a9e817628,main_screen
f6139090bea47dee6364be47b7698b7e,main_screen
93883782706c113ed1f17b6b38312815,main_screen
88526beb0030637d23b9d83a41fb7eb6,credit_info
4270af315bc417b3cc05ac2165769c66,main_screen
675caae350e03d361354eb4a083c2897,own_transfer
74436e902af67c6c4694bcd35d14a4da,main_screen
a6862267055274bfa1908ccd6102bba2,main_screen
01e8ff519fb4fc4afa4f5f37bfd0bc18,chat
3974bc1b91fe02704a79bab79158a17a,credit_info
ba509efec7cef65b8867092ee875d6c4,main_screen
7aa27f3a6cb7bf71e3b96c4754bd46be,main_screen
5862e7bb85d2ae2f33c830d49711671d,main_screen
9c14954dfc1c5bcbcb1a7ddaa0c61825,main_screen
4d85487c1c539cac7a23cbdf0fcb9830,chat
9b472ae0d7a04c45bf5b9cdcc88e1ec1,card2card_transfer
92fe2737efcc13a705301ded48a83149,main_screen
c210eacb0603f31e7627e64bdc91c48d,credit_info
215af2a1ad632ea138e5d981998936bc,chat
8f446a53d125cabe094b3e9883ede342,main_screen
24cd7a7a983879f3823ee5a5ec505e84,main_screen
5e2e6fa9977ecb891dc0a4e539ef6337,main_screen
bedbe30e15a950e56d0c9ed173bd90df,credit_info
52a1520d0478740731f90503dd25d77c,main_screen
522f02d46e03f9245b933d27d9dd6694,main_screen
cef993949d65b3d4e04fb7fd793e84b9,main_screen
d518544d67bcd76c66f35be69b3eca14,main_screen
de8e11d02971b53ee98732efc78cfe15,statement
90e35564b2966ad6b0a91382ea3262ae,statement
49bfd798b508edc75fc124f051a4e49e,own_transfer
b0c078e859494654bb9cdcf56ab62a49,statement
0cf74c7d6730fed32b6aa227799ff639,main_screen
7b9300c818985f611c23e04b07e1c17e,statement
c9f405107daf7ab444ecab7f53d1673c,main_screen
3a84ddcffc274c5cd731a8c91925fbd6,main_screen
b670b00412ecbc34a29d947434491b94,statement
5106c7a38ab0f6a14edc7d2842cc9824,statement
e8dfe5464a3c5ba6f7e5c2f459f04e8a,credit_info
37c2ed5a7b7cb1576205b1a86ea4eb37,main_screen
43f93ba04841e1b8c9b30de644a1cce2,statement
63bdde1d5ba68d0d38371d7951e51bee,statement
ac639c4c4b71d25ff5ed81f1cb3db4ff,main_screen
d48c375df0a7c28ae3724086c339f0cc,statement
63f2c2ae382420dc2c0eb5a9d112e6dc,chat
a16ea58b885f7e76be6c3e3bdd72e9fe,main_screen
d7f154af839c9bb765832bae5cff9e6b,statement
dc975a7bcf836313254b2a2605d94477,main_screen
dbeb7e8f4f1941206a159a1d41039bab,credit_info
7874b59be7d2da6c11f121f77a740200,credit_info
82eef556de77775c0bb57d8f5cfd7a87,main_screen
b48ec403f3b853603dd27dcfc9cffa65,chat
a488ff5cee018a27e29deeb2654506f9,main_screen
519fea7173bf867e50d9499919ef0145,credit_info
adff10537b5984c30b6308dfefd37ac8,main_screen
9d2d868c1a25534190017c32c4c94299,main_screen
68edaff9c32a683cbc4431c9db900247,card_recharge
3358498c59568ee84dedbad045ae7930,main_screen
cd0cdbdc5810ba04c82bfc3a5d88667b,main_screen
723a217fde9d76ec888d5830533cfdc3,card_recharge
20c666cee0b3db7bf07527b4ae7591c5,own_transfer
7e115e4df95042eca2d176a6788dc38c,mobile_recharge
1201a85e1446d6189856319a952da081,card_recharge
2143e564754de29d2c98b3e8963335fb,main_screen
cab5d0ef36838b950a43877074c369fe,own_transfer
e3a85d7967434d34248941e68a15e8e4,statement
c6647c396ada18f76be0ad0703cd1276,main_screen
af881b9d385a3c5d717bf2d68c61ffa7,main_screen
83c4437f4b5be01f5e4152101918e123,phone_money_transfer
bf88337dcafceb58c736515ed6bb5795,main_screen
7dcaca5827069e1c8cfce638edd073b1,phone_money_transfer
672752cd1811b1c6feeab73d8161f071,chat
903df95b56fad55e0129106f183a1f9c,main_screen
b18187b02c418af1a87ca1a9edc1a749,own_transfer
b358ee13851cf9f2fb48ec18263c862d,main_screen
e97e6e71296de8ded5209898ba6a3352,credit_info
3bd79ffffae2a7aa4e2c5ed293ab238e,card_recharge
8b11ae67f1c839e8e1a424f44c572043,card2card_transfer
ccf108f6e7829c5c104267fbfdc2f9ab,main_screen
7ef1b28afce9ae88ade4b9ee78571be7,credit_info
fccb686dbf995a0990a0e49ad30804e4,credit_info
9fe82d89b2a731fce89bb8ffc95b5678,statement
47035dc22f3b78b3397c13cf93975525,main_screen
83c7688ce35276776a7b97438303b6a9,credit_info
bf0dbe22e4fc3aebf7589b42b86e98d8,main_screen
7e97112a3b45920391a2eb8a37a7786a,main_screen
b847d97afd55216edf56df5b97465742,own_transfer
fddc5cf222918bf828de5e7df17e1a33,credit_info
d29d73dd624b3d24e69ff936388c97cc,card2card_transfer
30c94c5295422a84e2333ca3ee97e28f,main_screen
415133cf42a85a967e4cf03c9f90f274,phone_money_transfer
9d2e7fd145b2d12f60c81b7c47cf5308,card2card_transfer
209771a096ff76531c693027ac055515,main_screen
e716c19efa1e7f118ac519d1beb1fa95,statement
b934911f35fa83ac547ee28d1a19e6de,card2card_transfer
0ddda72edd7e4f8e9aec8e169ba3361c,statement
b03f125c6f960cb65cc2104025333716,main_screen
75f5df2425ebe122adfe00ab86b47850,main_screen
2d6a6ea5630467a8d4981a7ec06d8b1c,main_screen
b8d8fc53bf077165dc95d10c52d57c06,main_screen
9f11326481e20cf242fa9e47b2e6ea9f,main_screen
e3c5353ce5379ffd7703d4fb3bb6cb43,main_screen
b3cfc258696b8fdbedd304a12fe708bc,card_recharge
d00adc877ed4bf6234fb0f1e1b55cba1,main_screen
e358e7e5981d051bc0304fc9b472a53d,main_screen
fab158eaacf286c50944dccbb7d404ad,phone_money_transfer
01fffccea24ac4768c389c9dc1966ed1,credit_info
ed492689e7d740f9881d2e3532c226b6,statement
bb97a8b8abc985a3a7e8efd74a93e6f8,statement
5edc4c6675b3b259dc0266d64f037ae8,card_recharge
124ae190cc2fa68c74bd523ac85dcde2,main_screen
d7903acaa1ba7ac83f516c3f3cbfbeb2,own_transfer
7adfc65a03bf42b199b939626b7377f5,main_screen
b63a7c87550ecfd2994420c6fe85e85e,credit_info
28205d290f917ae2571356ff6894c8ad,statement
e0d3b249f155f9cbedbf6e24c6e36a81,main_screen
794b752f82d5faece5801461b3ee7b54,statement
00c55820f9129e837c4854f29d796a48,statement
c48ffa0d2fa02d858171ddcda388e63a,credit_info
5916cea1b4b728c9c863113158d2920f,card2card_transfer
35aa3fdecbcfd271ffe3f79229608ba3,own_transfer
ced3c6b2629cce41958ac3e30c050117,main_screen
b5a507df8344ab29a475ef7fef4ba709,mobile_recharge
bc881268eb059aa51b0ddcb7c87f3c84,main_screen
90df0e3481b5f2b3a2797c7afd09f4a6,main_screen
f40699bb526ce3a829f3db69c1c75be8,card2card_transfer
b01728fca7635b0ae7160ddec201f9cd,main_screen
8bc13d49008624eb930c0071eb49d897,chat
74566fb39b28c52b07ec03c114293d59,main_screen
e64a7e1a5980ba61c9443f4f233d8a6b,main_screen
eb0de20e87b48bea112896181489c905,statement
94d7d25c30ee012bfcee85fd8be8b48f,main_screen
8dcddc1ed0063883e4c36bf8f277fe88,main_screen
005c78c7ea797449f04a454a709532f4,phone_money_transfer
2254e36158e0717899cae7ebaef2942a,main_screen
9c0de85ca3bcf3663a6882ec34926379,main_screen
3db1ec32caaab06192bd48fc7a550da9,statement
017e5ff709a295f71b84ca4511d515c5,main_screen
92fc112392e507f9db938be431955092,statement
dc6ccae5516f7cc789ef4f23c958f8ef,phone_money_transfer
752d0ffae29afd6d7fadb1479e1c741b,main_screen
e196b92b34c85734fe3ecce1303232d3,statement
70f151e70063b105801843f11b885176,main_screen
b98965410343e608ee73487aaea24d45,main_screen
82d6441e18ebb3c1a4259795c01103c1,main_screen
e083b4ea6fc4521f345abd8efc60b489,card_recharge
e5d85d84a71853b3f9b4636430817f1d,statement
370c4cc7341dbf456073c3fafc1b6256,statement
85cc0a39b7544a845c2c9d527b54f004,credit_info
0bd3cb12693f67a2620e990388aeeeec,statement
7e1eb94644b4f0e616c97726c94586e9,main_screen
a23b4b9ca534f6e989bf2ffd93e234e2,main_screen
8e828143fdbf3b52b5d9fc6f5fe7734e,main_screen
2dffc2fb355fa048229ef5a713d854db,main_screen
d6f948fd9356569ddec25c37f3aaf810,card2card_transfer
f5e2b6a9d72ef56175d4070988b48759,card_recharge
aa805959a8065b5eb153852df39f6f87,card_recharge
8dce25d5334a89ee912a2d8c6478ca0b,credit_info
3c8e4503df16143a13db7512e35350fd,main_screen
88045260c2cd40875e6a3eb45458ec3d,main_screen
9b70a9261bc35fbb4dbfd1f0f66411eb,main_screen
47ebaa4848f02ff1278e77fecd29e089,card2card_transfer
a147d45ea20479ce0713128581a14bd4,statement
51ee3291170ee28d5de03788bfb21d1c,main_screen
a1e406d78b381b499b1e69a4afb569ef,chat
53d67969a46f52dd6c91057ad78a5fa5,credit_info
5d887d81587f2148df5996b0ebb572ea,main_screen
bf6e96cc9ef2a6b9c7a2ee632be4406a,main_screen
ce1b7f4660667b5cc2737eae7ac51c38,main_screen
ac82d75253cc973d51bfebcbc2c3ba7f,main_screen
8f04541ef453e14a6c555dd6376c3c2b,card2card_transfer
efeef926075b8d5952c457b2bcb694fd,main_screen
1b2d675fbda128377340fb79607dda33,own_transfer
6fd68dec9b51f787fe965c06ecd65058,chat
38efac5abef02bec332b585430838af9,main_screen
3157495f10e5d62234ac4cc2e5261b34,chat
0093f0572f1adafee45eb54ea12637f2,statement
d9d6e8e71680accf04d6c7cd2d2a6f04,statement
0e407e3469f9614c3d095daeb082bf9e,statement
268c12908e6758c5883cfaffe1badf55,phone_money_transfer
cd1194b752252f42a1926c5531f49832,main_screen
a42ead2db7fb8f16bc26438d96da5a4e,main_screen
c8384094810d54c5f2c4ca610ef74d58,main_screen
13920ef6086cf9569a30ddecac4b11c0,credit_info
1a667e6a612a274fe41c1b90b7de83f1,card_recharge
465050056a50515a3b9828137f8ebba5,statement
08e498868b98db00858cba8d61990eff,credit_info
31522ece2ffae500f0b4ce55ee93c3d6,credit_info
74e942a6548ce5b9541b11ef2cff7cb7,mobile_recharge
f7e8242e7adeae61781a53235f88e29b,statement
47cebbdf7fb7aea7be391c8bde490aa6,chat
e6e748c3f3a125a828f98302029355dc,statement
99f52645e351a6f581704139de63e0cf,main_screen
5a7f9e038c6397a2bd00f217859328f9,main_screen
2f46031d845816e64ddb91958f46bec7,main_screen
c1134f66b2fa4ff90b4489ca3cd550dc,credit_info
5df4ba994ebac39aee7a7336532eb25f,main_screen
d7c48a6b2514c0463bb5718eb05fde6f,main_screen
1729b4fd66400a1fc1bf3d075019209e,own_transfer
0b2d099a0ca985b99312c5c80ba73512,own_transfer
5413fe48fa1858025597c4d39f81ffa4,statement
e9758b00663521c3e95c917a48e98b85,credit_info
0153a6818343a308e9262fba0f561148,main_screen
7f032dad5113211efb2039806bcef525,main_screen
7b5453ff30e5cdf2f5f8a2066322d55e,credit_info
aba10ae115eb9f6ab85b405d7b2550b1,main_screen
f68ab876a0f284dc57bf985a36ed91fc,credit_info
0515b2ec53c1869f03600acc34ddf810,statement
0e0ee180ebabb49769dbef71a510b616,statement
51d36860d6d5ca60c8f55878ff74dda0,main_screen
59efdf37b73031d2eab66cc46c193c0a,statement
a91749b0f4f18883b34da0929062952f,main_screen
f2753d5343aea320e316c7368b0fd807,main_screen
daa373b18209b5e48becf1885f543db0,main_screen
60db23702bc6ea78a9273368a795d269,chat
e2d35a245e7b87b73387d354208c4364,chat
b482edc06d3318efd4d3899d13e7e8da,statement
c53966f99558c1d1ffd330a8683254bf,statement
5ccc3bca74164285b0258097edebff52,statement
e87b9356afe014957fa4a68a9ba0b97e,credit_info
da796417a53eec3591995b432fbed73d,main_screen
b18ab964ccdb0d0d97aa44cb71da5522,phone_money_transfer
4924371154e1841a486f6f43cc9a5e56,main_screen
f4eaa83a09de9b5a67581ce07445f652,main_screen
dd3f8854b95ea8eabe47df0d6652d61b,credit_info
506f4357da2ca36f4466a128ffd41faa,main_screen
3097197d973a4a3be9425a0096b8f252,main_screen
4564c6478c880659ec23cd8b53b3dd22,own_transfer
e83c87cdd3226f9c13d9090520c50610,statement
66fc34e1dbe13e5f1144b9e9aee71cc2,credit_info
1b0d344e0de6aae743a107869857e563,credit_info
4c90ac48c6ab30e1b2acec6fba8268b7,statement
ce04de2fd6515907024578bba2141140,card_recharge
7be955768a4584056a6391ec3d43fb63,card_recharge
efb149b3b7a94770a25cc948b59def8e,main_screen
0d63c49a79d9fcfb7e1c0eb3ea620a68,main_screen
0a7111c76f86bcbfd76779a69bb48d64,card2card_transfer
6b8c6915fa79b5dc7d749dc264c6faef,statement
979a30fde8bc5cdb235adbe63ee4b67b,main_screen
1d8631abb1db35fe68a0f7a5e91beb56,phone_money_transfer
cae3b0bb0a2ef197d87e1680d6e19548,main_screen
ea1b5b5a8457d39ecdfcf97619bf3523,statement
777c46f0871ae1dd5ffcb5162bf1fa92,card_recharge
8847d68fcde1daa9fe55a803e1f8718d,credit_info
f89038ea1c8bf4a4289b1ff7d5cde08d,main_screen
5d230858750f04412c9af6a551510051,main_screen
3fb79003b741d1f5fe06b9913cb2a704,own_transfer
8d26b547974ddd4ea45f071c60eef78e,credit_info
eade20e42220cc0ec57219bbd1c06143,main_screen
9e980efde821a996b04d30d62fe944fd,main_screen
3514c2577154036631a8f407103ea5f4,card_recharge
c01387bde2a2ec31743cc3690d6a581f,main_screen
bac40fab2c599c0176808ad9408f34b6,main_screen
7b626c42bb0830d29f59e08480161a33,credit_info
fb44f92fb15829f55462d14279df1fb5,main_screen
2308e9e590bbb45a6019d5b3849fa099,main_screen
eec6b9a0e193978375be808f0c0e0147,phone_money_transfer
d843b3ff6c3a9e621e97cc161e8d9444,own_transfer
64cbaa40c9e1e84f1637dc3f67b77220,main_screen
24ca28a41c642337cf7691f0bedbee31,main_screen
3b0daa0813c4f3cd10b4b37ea1db057b,main_screen
542c23e9108e6b0d82a8af17860b0115,statement
28b8fb363a3e4cd464d85411658c3875,statement
d10b5cb5b70e5d5ac90392a0fc394be0,main_screen
d9db83783d72bea913f996305e2d4579,credit_info
1653f197b9db4a591487595a3006160c,main_screen
01161d467f3a7a66ce890ce5ad58a7f6,main_screen
bf34c65f7fbbf9e16cde59ce7f33dc80,main_screen
c40b791f1707660b37340aaf6b777d8f,credit_info
37e958eaa3521e84837737df93660d2b,main_screen
9a590ebd77aed4919a5e79ee68f6c8e5,card2card_transfer
8c1a04791cbad4be473e42c576b06f05,credit_info
9eebe7c893b55b3c19c7032991642ac1,credit_info
b0a93d9ea38b7877087c50de5f26206e,main_screen
f2bce269dfb5bc3d032a018a24cb5608,main_screen
04fe300e3c10acbd1878965a49ee35b2,statement
9872af3e50abeb6588d4cf41c2189dc1,statement
a53e18c5e86655264340f6813552b561,main_screen
3135ced727ccbae979f7c42a6f610255,phone_money_transfer
84dbe9acace14a5f2f4ae889d4e904af,main_screen
51ae9de86874929ca1cf2ed84019b667,statement
8a76a21008d048c0bbff06b15c14bb8d,card_recharge
d6f2b8679c0b75a9badcfcd42a85b059,own_transfer
14acb6a3f2bf63bed65e690df4efd213,own_transfer
a2810e5ba3d63beccd5ef168e9268ff0,main_screen
16172987f21951160f34a45e3ca769d6,main_screen
ac597f90d4030db472afce8c71c43bc7,card2card_transfer
678fac0e9b4536d7364be95329055194,main_screen
515d605d606ad9d4f126578df8bbe981,main_screen
ae11ba560fcd9717e4c6d4936c6530d0,statement
d613464dbc26ad47b15d0ba989615450,main_screen
e329b0c37f6211a1b9ccec1bf139de6c,chat
f4e53c58dedf5a75e8d46391a1b28217,main_screen
946ef36abba4171b594e5c1ff8398e6b,own_transfer
3cade479ddc89c93a1299d2634b91ac6,chat
4d78f1d870f72cb6130bb336774c22db,main_screen
c3ea047d25fc98a00b800c3afd1f31a9,phone_money_transfer
3f412268a159a3c573cc48ce7e6b3062,main_screen
5f13255d1d12b0fc2fde3c15e715459c,mobile_recharge
1e96b1bafebcaadff4b5ff1c944dfbf4,card_recharge
e622b9e82d77208f79b4bfab30fdba0c,main_screen
f0f7ba6ab92d9bc0d4416b6875e1ad99,mobile_recharge
eb4c9718649e5055c192ba8ce347fd75,card2card_transfer
500e63dad3bf98faec93221098afa2f4,credit_info
0de60e37fcef5ceefb0b88a426e56a0c,credit_info
9d1fea622c4c56c4f4249defbe4b6e63,card2card_transfer
322fc8e16203598b2c5da8b94ee32a02,main_screen
5d5166bf69af4c920ba42a50c357eba1,main_screen
a675fd3487b14a7d40b9fa6589ca09f9,chat
a50b0652b11147f8c46c22e4bc7bbcc8,credit_info
d95b90706aab9f49af550152a6570ac6,main_screen
7a0e9a614f590cc6e0f039a36b5b6e57,card2card_transfer
563153da6cc6a63718f6d13219043114,card2card_transfer
bb25b3d9fd548a81d1303c8530b4f85e,main_screen
cd65246159a3cdb6ae0746edd6bde5aa,main_screen
35281a4f8eeefd76332bbdf6af3d07d7,credit_info
9dd7303769d8c390ee460d78535b2ccb,statement
97ecf1ef820e3f4c6c31842111cc90b9,own_transfer
b178ef97b11a5854155c3af74f738a74,main_screen
4eef34bb01ea4141673efb7b58b002e4,main_screen
3d91c3cc7b6b6f99c8241ae48a94e62f,main_screen
de026b55544f6f68b81beaedb2fa8a48,main_screen
907c906106b6eb3de1d1730f6bc0bd1d,main_screen
43dbb1a25d963786466974e3d6ca5c7b,main_screen
01f0c0d93d48c0c9a2c8e6bf62cb129e,statement
db8e477a4e5b8172e2a321f99a024a07,statement
a90acdb59d438badc80c472cc48f8bf3,main_screen
264223cd484d66d6cfb9a89527e2eb77,statement
f75e15031af6db93a3263b784b30835a,credit_info
a79757489831631f3b5d7a3b3879f67e,main_screen
8f37f509ee3596109a4a6edfc4c20ed8,statement
71ad99cb20862c3582b61638c91c5db2,statement
b631d1f4bda750a2c2b9e3127323aa56,main_screen
b274ec2ee0b5f46319aa685d74ca49a0,credit_info
bdd9bcd391816c0bec515537156e5271,main_screen
b403ded0e6c427fde45590868c7c1ad0,credit_info
d21f9e53b06ec98fd3f8dd9ed2e39637,main_screen
daf1c2df208b4ba9c3a090a7c319d0b5,statement
1d5bee3d5428132a2afd8495d8d02794,main_screen
4b9402ececac808a454477325cbc3d14,main_screen
cd90190808c56fad4a31df2c9e836c08,own_transfer
658c42efdd31b5f93766f24087338a36,statement
42d1f30e85f4ed041781cde40a295a2a,main_screen
a1a7cb8d45265c9cc6276e6ecaf877d8,main_screen
51f8e559138547ae784b773dd711354e,chat
00f942db30396c3c3b85d6cced45f974,credit_info
5ca379e256aec9f453a8ee049aafb055,credit_info
c178f8976e4d750e84bca9672914a5d3,credit_info
90a8c7bf167f121b709e56787f6dba28,main_screen
6a6b2f3d1cd0bff7ebf5180167eb35ea,main_screen
d57b3ef5eb7432db4240f504d918c1f7,phone_money_transfer
50b72cdb82697d86947f005620b8b742,credit_info
4260fb6c5a6a86fd8e9b0c42b50ee68d,main_screen
cdd1a56dd1e4baddd5badc5203a1d666,own_transfer
e3ddb8a88f067d8f47f1680541842367,main_screen
6b21fb884e2c56a91262b28abe15ff66,mobile_recharge
ef878c71a30394565f665a76e7cb99a8,card_recharge
9694935d0a1f087a89837b767568912b,main_screen
95b836c3aca484eb1ad0911d7a967f13,phone_money_transfer
791b8f4bb0a4d20d29a9d88d69194cc9,credit_info
4e57f17d05a040d5e44a743271002778,main_screen
45143711551b38c08fe90134e6296df5,statement
25a538e1d503cdf6a98c2ca51a5ee61a,main_screen
37eca0a473815a1b2100f378b3765b1a,statement
eb04d8d0dddc47bbec77d935feb5861f,main_screen
ebb4143768e2ef732d577f0f690f82fd,main_screen
4940ac7919aff3deb3025e38d9a20b72,main_screen
55e6ef2936fac052ca3c4fcb4a92f654,main_screen
1ce7d84baf74f9dcd9b425b18bcb95be,statement
4237024259cbaa4751c932edf705c12c,main_screen
ee0ff8c6e5062992169089d4a8e99b65,statement
4e046f12965dec4a06efe4104850b006,credit_info
a277f08a28596b1c70be932b93a3bc41,invest
b1baee5d32ef50e1b6730992d55c35ff,statement
44d4fdc21b47f4bdb59bc4d00ca898c2,chat
738c7a3e723397264855595e7c2e21a6,statement
3f47958acc352c0393e024bc997e05dc,statement
1f6dde93e2b55360ddb3d366f24f1965,statement
65d7562de03fef0e3ce6061639a20d50,statement
de43242dc3194267237d6e3a1a16b044,own_transfer
db27a0a2ec5b71a6e4537c9e67079257,credit_info
ef514834da9760dcfe683ecfbd4bfbda,statement
e03f0da2f16046bdf1b0201d1b054e63,statement
eb33f4dd96596068a4c2f88ac20fd96a,main_screen
a74ebe443e137492b2568f45fefcebb4,main_screen
9312bf40e3ad489407cb88a10c0b8ee7,main_screen
a74611edcf09919825c3af9160709352,main_screen
260fdbca27877b80577c882273bc0abb,main_screen
b1e4e2b7c0da6bb7506279f3879a38d3,card2card_transfer
d96af9cc70c522183fe35150b5fd360c,statement
1b8c94a171fccef2628fa1eaf5a86cb8,phone_money_transfer
527cf164b56450063be019c3215ad7c3,own_transfer
6cb7bd6d34c9494c1a97d66a76f8f5d7,own_transfer
81e31fe8854ae94af917a6734e34e71e,main_screen
0546582efcafe69d2f0542ba5ba214b8,main_screen
0435eae4dd2ae2936ccb894f9cafebbb,card_recharge
4f87e2af4de5cfbff18b10263c1aa536,phone_money_transfer
f6cc2693cdb0bf97d7e8c80b9bd65d2b,main_screen
88ac3aa4ba71c2eaaaf8e804c39a1d47,main_screen
23cfaa684411e8a21587a86066c2b628,main_screen
f145f1e25e405fc0166c203669e79fdc,main_screen
1ec62c3234ab61856c0d12aca34d5db5,main_screen
50c0e73b9a899e27f098fc5d41bc09a7,invest
507ebef209360b260feb2660afc59cb6,card2card_transfer
5d5475da5c11903dee8f2188b2fb8577,main_screen
d21ba116dbb1f1d91e333ef4f23375fc,mobile_recharge
1acafd19c56cb77c100bf39c2354dfb1,main_screen
cb742410f0b790bdefa237edb089e06a,main_screen
6dea5f6975deea58884ff3bc84bf8c59,main_screen
bfb1af0e7874cc40a24e41f0aace569f,statement
58fde7ebee68a69ea4ff8205248d66ca,main_screen
7893792b4962e01b5c6c0dcaa260129c,main_screen
9e8693faf47ab4400f93335e75d9d3b1,credit_info
c8d6d5181dbf828230ad58d9fc09698d,statement
4f3a0ae0a53313af44af8c5a3110c6e1,credit_info
e2a3de89b984d35fba1dc96fd3933985,statement
db7a3e99e7783bd806a62b144639e7cf,statement
b27e77abae6b41c1751d194bb6eb9c8b,own_transfer
34172c83d90129f86ac4418075336240,main_screen
4eee9c1f9568bb38d2b42d9e4ad52ecc,credit_info
4cd7076137f2a48ad7d17ab6cf257fbc,credit_info
c31f34e59fc633e60e01f48aea31edeb,phone_money_transfer
3252ad3759e839349503103444b5b16d,main_screen
844692c126caa1c13a5d915b84b09035,phone_money_transfer
3619c1cf1f0c4ab19f46c6005cbb35fe,main_screen
930c675a22fc2d0af1e73c24efea5be2,main_screen
f76935608e0dd7babe511e4cf49e3a7c,main_screen
5ea22c6c83ad1cf60385e6eef5714d37,main_screen
5b3ae1ce6136b29a66b8bdd771eaa241,main_screen
8fcca6675c1c333c9e5e67a9b466f50a,credit_info
a59bfad58579f2d2cb9c4552f4b3158d,main_screen
8ca66292299ec903ca0a59c860d2932e,card_recharge
0bb0fda6c78ee59c80fddf2dd1f36213,main_screen
f162af0c0559af41b3704f09548d0bc4,credit_info
58e8866293ed679088a3d19a796429d2,statement
01800cf9ae978998c58fb7e2c9d67eaf,mobile_recharge
dad2d3600d401c7e372fc5ca5dd506f7,main_screen
7296e5a1da06ec5fcdd7030f9bf92881,main_screen
be86aa6df13de3bcda642f316b6613ee,main_screen
bdad17f6cab3b66e2d7dfb60d6f8896f,card_recharge
b7e582647dd09fe4f339df69c62c7328,credit_info
7ecbceba459fee69783c36ff96ce1903,invest
0977cdf641f1aa1b24cfcb1ad99f1470,credit_info
c65eb2315e89fd63821c577b77d5d524,main_screen
f12d6032e151a795268325ccbedf1772,main_screen
99a75f30c6d8e9783d0663136646c481,credit_info
04ca90a5bc4e2ad6695bd4688c5b4cab,main_screen
e3489536f4312c98dee3756318b11414,statement
6fe7f09c42c954028385511e52f3224c,main_screen
a105d3dee408bd2be6540a3d80ccf9a0,phone_money_transfer
229f6a90a5753617caed9030dd26be75,main_screen
6bcbf79122427758555bed2c29699e7e,main_screen
3170c034868ae1cb3a7b1bff6740e7a8,main_screen
a4b5b882448926f9a72e6281dac7956e,main_screen
ece8729e3974c46290ba437ac6770ba0,main_screen
d3862705cf68e68303e67ed5e30b9f16,main_screen
f454470f0a19142ecf2c53577eddc150,card2card_transfer
570000e50beb9756147f0b69dd7a268b,phone_money_transfer
e5650ce02774ca5bdfa0732ed3b1ad40,statement
5cb80502a9f3dbaae23f5ccddb61e15a,main_screen
c2ea8ff0d92e793d471813f0737609f5,main_screen
b2c7a7862f57b80684ba93d0cf5557e6,card_recharge
e66dd8fed5fda8ba207bf45589360bd3,main_screen
6188951522e1ee01c1f0a462016fd381,phone_money_transfer
9806e14c844953eed98a0037162e110c,own_transfer
0f2c170a00dc1847aaa1982442d421f4,card_recharge
8df6ead61427e644c26e737d1af9d81a,main_screen
9fd8fab03680ae6401b88295a5420bc6,main_screen
678a4cb1738dfec928638ad9eb66ed71,main_screen
8b4b34c39a546504cb85f42858fc2b94,main_screen
0a9888487d91f1b663a769e193b14882,credit_info
b575d141716d78b94fa9390dbad308f9,main_screen
93b87527ebb11c8e0bde1d9e4266827f,credit_info
c09fd9111e0791e394d0db1082f47a64,card_recharge
c773286d3102deb05fcb188590a63099,main_screen
14e7ca5326dccee3f254849f82c710dc,main_screen
acb5fc925cb1a3d193e053659012dc17,credit_info
7fffe1fe07051bd14788601ce6302671,main_screen
5d48db7ad9b70508f0a3aa549653712d,main_screen
60a29a77652300240e62e227e5cf34d6,main_screen
f48bf4c591df11f0452cd804e744eaac,main_screen
8696bf060986578f3a9d254e9de43a69,credit_info
7184b2bc710fd2b7663579b64a6c2cd7,statement
8ff9394aa8c91d4e1f46ef23f14fce94,credit_info
d07553379b195bed051422918d60c476,card2card_transfer
f3936e7c7dedd3664d4b3039122852bd,main_screen
387626a2fc2b5fe8b35381c48e126d16,phone_money_transfer
4c52176402cdf239071c2a5f73b20c24,main_screen
5e92ea44477bed37bda623f12c90a6e7,main_screen
3a1f998c9cb5ab613743980e797b31d3,own_transfer
f65eafeed36a64f6258d677071f8a7a9,main_screen
5e6cdda2c7c93a2ca06c4b0a7ca43137,chat
29483c9acfade09717aea538a31488da,card2card_transfer
43a553dc85f2ae518dfd74f996371c93,card2card_transfer
e88375c5ee0a9a23096b7ca61ffcd628,main_screen
d752e581f9a8fc9b0fc10c7f31b49886,main_screen
3f601ca9093bd20650bd9c6a1b629ec3,card2card_transfer
e09f947d64c0b7030bb6935d0d8cf57b,statement
14da9d7581cd2d647ffcafecb50113bc,main_screen
3fcbada94a3b10d9d93da57f19d4ec48,own_transfer
a658138e854d2ee7b657018d534cff44,main_screen
d29d3eb2f7172fc22a50702b9422ef28,main_screen
7c0a65816e0729fcdb2d87f28c852091,mobile_recharge
9028c7c3a4e6aa97a6c5dfa07d99efdf,main_screen
4f8012a4b71395ea1a550f1f957b74cd,main_screen
1019071eeebc9af72abb80d5cdfdac84,statement
afdc3f151a60e5511a27b0277cb8c329,chat
6d26d6774ce6f3031ef0231d831f1948,mobile_recharge
7e57659049064da3dd05784b9e4b3e4d,main_screen
64c1be7ef635c807d05e19f943c1f3b2,main_screen
b175d077eb28d61fb50971e9c4277ec0,phone_money_transfer
9e670a8943ae954aedf9acfaa5d3d5ac,statement
cbf1bef418e3a2e3d2e960a0728376f9,main_screen
c298e8990568fb786d126774b63326cc,credit_info
bc8c654dad248e84fc632d0ef5f1aa8d,card2card_transfer
66bf1d8f6dbeec926a24b7bd4e3e94f1,own_transfer
69b38459ac8fe0c0857f57e4dfdb160b,main_screen
ddec4597d541265b31b3c333dbe4c543,statement
b8df61454ccb902fb1793def59d78f0d,credit_info
63c6795a2104d8f4202f6031767bfd59,main_screen
cff72efc284a726a6a3fd836376b3102,main_screen
69227ade774104157a2e5d64afa89cce,main_screen
388004ecc988836cabf1ce6dab6437ee,statement
4cc77f7a02da071cfd66281fe9246e3f,main_screen
24bcf6b947e17bed1692b467ad60893a,credit_info
3e705f8d2595b8a7deab40984ab010a5,main_screen
51df2aae51afb6831c00659f25ecc68f,main_screen
595eec51fd5c4359c882792586a68619,credit_info
fb231b7571902c07f396a192a971789a,main_screen
1b46b39de55d258603bfb2f735189d22,statement
451aaecc905e45dbaeac463cb29384b5,card2card_transfer
f8dedf8383b16e2aee0f7a767b804a8b,main_screen
cb896a87f8163f403c751a6616e9da59,main_screen
087a480ef14f0780442d4882009b31f3,card2card_transfer
d8df1a9a954893bc2a93b298349c376a,main_screen
b019da4725c7c44c245bdf66654e87d9,main_screen
8a497d8979088e4302811b0dfba8e2f7,chat
39a3d0987959d2f84e6850ee1ac074a0,main_screen
bc015e4921fd181eb1c127c3e161d682,statement
f95c7424927a55cd63156237fe8e4a9a,main_screen
ebb554956853ce2eb69bedb9c34d922c,own_transfer
7c292b9144a199427c3d81f01d07ff60,chat
cb68202c6e0d97056c54c5b6a2b24af6,statement
42911b7551c12cba496cb378541cc9c6,credit_info
1c80a219c418e63fe8f20fc59a09af6a,main_screen
02519ea246191e2ed0ad3670d7ceeb31,card2card_transfer
abd3f89c4aca2208b6fe28f29735ff61,credit_info
c40c72b512bed8d632c30cb8e2bbc144,main_screen
6c7afc996b2cf6f5e6f701186b3aecd8,main_screen
2cc767a66d8f54a36ea5c5fc0cabb7ee,main_screen
60cc136369956c3d5ca8bbd73bade8cb,main_screen
6c9eb1528119235b72e2fe0f84132cce,credit_info
eae51e261555f0a201d5e85b53b303e3,credit_info
1943ed97320a981332bf0bd82bd1084a,main_screen
8557e1c3841809a441d0c347f729cf1f,main_screen
0a2547e214ee325aefb9fb9ab3825798,main_screen
9f522e873b3e335080f96a5d1de72fd3,main_screen
f00f894d5b5a9c92fea1727deeac55cb,statement
76fa5e37db7b5010233f8acbfe85a748,main_screen
54939652c73a0b9108f30ba3e8e97d0e,main_screen
a8459538d00e6c7d7fc8513b19d27b1f,main_screen
67421edfdb5346b711a6cf4098d70587,mobile_recharge
c2fa132eba71ef6a25d3d16484318ad8,own_transfer
6178c953e2fd5609ebcf2acd7c390703,phone_money_transfer
fc36b6fb3d097e338ade63e3b6c8ab11,credit_info
5936a84d0514f8e0e75e6ebd48449804,main_screen
e1abd9e4a18c5533666c63d39210a5de,own_transfer
08e7810bb7073328af38fa1244135c20,chat
9b92192c38de01c75442b14e10f17cb5,main_screen
45dfeb368183e2fdcdf9a07df9e099de,statement
4ab323a13f00021c9d7d5d96f082e41d,credit_info
8b734a04c954c3f8b581c63ece825b78,card_recharge
6ea9e079f5b42a87f96d8117d57f7b5c,credit_info
4e29177646aae8473996fca4a049531c,own_transfer
67171a12751656b22995a05bb3b0548c,main_screen
d0594d27b035cae95bbfaa6b341af619,main_screen
7322dddf6310d4f9d40169ae7b1e8293,phone_money_transfer
b2699ff7c0921ad688c90c0e990e6cc7,main_screen
0724acb51f8408efb6113497dbf24945,main_screen
5ecb70f28619eeed8c883528984a00d2,card2card_transfer
2a7b6788d9ad089ed9361201f7aa4279,main_screen
c7f4c5914dca999a67eaccbec4d9fb03,card2card_transfer
bcf38e0613636824a6ae362084d0fc73,statement
534631ea0d327ba7f49d42703a22dfee,credit_info
ad43737ff04a43b3266fb3e7ddb71df5,statement
7cc90acaa467410c616562c758306db8,statement
98eb094977c47e6e3ce342bde5f63eff,credit_info
0626ad93e59b437b00831bdb291c6749,credit_info
dfe8e4bec5013949accb3a165afb2d44,card2card_transfer
65b40ec98a1f5a00b7c26c31fc029d7e,main_screen
ce4c943199c4c8a2b8696f20ae142f86,main_screen
b1464f67738fe9c8398d971683f3c19a,statement
b9e78222664faababd7f3baf1c26fca3,statement
d96a3b0cecb008a657b509ac7e0917d9,main_screen
70e5745c671eaac8befe493d743b401f,main_screen
b66928e170a954195e2cd3aaae5117f4,main_screen
06a3d2d29b16c412129cea66062f0ecb,main_screen
56244e5e00cf5f32a03264f06832f02c,main_screen
547f54bca5f31c29eab4643d05cb682c,statement
ad97a9dc90d9119d8ad357ea5a07aec0,card_recharge
897c4f17eb4f81a68d971944e858244f,card2card_transfer
cd13cbd1ede3d60dc40e836e01c9a7a2,credit_info
9d10c20661f3cc385dc627a76292c804,phone_money_transfer
34a87f730c7d681b698be4002c9aa54a,statement
907e4b956a207cda19cc4644613d1f38,card_recharge
8e02f50e2ebd15b427b3b663c662d0ff,statement
fe0f38fca056a637aa49805e514d4c62,main_screen
a3db171b854e27ccf6189d11b75c1dca,card2card_transfer
3e313441ec12c56c07121f278f1f0d82,main_screen
7b6f4799627c7df54b560c54892e1616,main_screen
5ba13563c2e2ae8390f5c29ce4e3d4c5,main_screen
c4ddd059626e4856c2a1bbda8b48d343,mobile_recharge
30f71feadc05c69d634053098125510d,chat
4302a0789e51c4fa9324daf51a1e4f17,main_screen
601a1c0cd5546b59cc4e4ba0c5e5b7cf,main_screen
054374d8346df07bbce5098e963542da,main_screen
0a96f531bf674c4f165d1954a2bea498,statement
8225705fc70c42fa99c3830d3759aef7,main_screen
9d7d48427f1adcbd628a963e884bc456,credit_info
c7c1831e91f387450ed33dac440f5a0d,statement
ceb8cee160c92d24472477c62a5288a2,main_screen
cc5fd587a77797f03fa8ac708fa708c5,credit_info
747bd5f4dfc6b54ef4f27fc054a1a2f6,main_screen
0b98bf473e0c99130df2b6a4edeb0b20,main_screen
4ead4aee7ee81ab8651b6286fabdca67,main_screen
4c4d3929de75b15d81af7f295202d0a1,main_screen
dbb8a6b70d9041390e4b3a9f02eabd95,mobile_recharge
7fc2f21e2f37d84c882788cc878f7d86,main_screen
8e397af8c2d867e9279f530b89e9d706,main_screen
fcfecbf86e96a277f60329994490f4c7,phone_money_transfer
1ee435d59747e9a22b6f2c7ea137dd2a,main_screen
53a7a68d1a6624ebdb0743f5fc1f1484,main_screen
e508d2324af7f614a82d6a7fc8ed41c2,main_screen
95e65e35d32b9466fc1df9e484a48fa5,statement
13fd97cf354c4dde1be8558c3375bace,main_screen
8cf5397ce6f124584e4adfc8253616b8,main_screen
8dffbc84051a808fff850135b91c6c8c,statement
d39571892bd9546109781c280963156f,chat
cceb8b379854f50f0f5161a85c12a56e,chat
eb12d858eb2513a6248d56eb953d6aa0,chat
d9a52e921cf3342d4cddfa79522c4bd3,chat
a0477d71e3125555425a95a3ae0f40ba,main_screen
f155f7dae0d5e4e5ded122eaed1ea7ec,own_transfer
3864cebc76b2d053e4da9667d5a7475c,credit_info
ad660c0268efed3f042e4478c659c667,credit_info
06e88347d2ee17e6d6464d63c1e1c33c,main_screen
89bde7737e276ec0169990c7cf03e513,main_screen
8a38fbc08881406b25740ff23f329ff5,chat
1ae1c7c8bfb73616e6738084f06e6f7d,main_screen
c1786fb1c62aca09520b0d26be80d312,chat
c1dee846e25aa457c5629f49ad2d9bca,main_screen
6d75c095baef729441576ce9391bd052,chat
d8edb4b2417c0c5ed9936bdf63d6d572,credit_info
242bd939022df605789f10605e6cae44,main_screen
844dea446c8be85a3883b7298980a33f,credit_info
f1e50eae4db91a0c1f04836629002ca5,statement
0306a4eec3d76194699306fef7cb2d16,main_screen
2f8ea24191353e8e4021086d88f17fa5,statement
5084b1340bd1dcaa7cfca2271a639d80,card_recharge
24a1fe5432c3823390bde614aa4db99c,main_screen
282bd0ffc0b9bd3eb9b8755caae77667,main_screen
200712b7c640ef918a1a639f33c4b6e8,credit_info
14e2f0edd1271787ac73d7ccd70a2c30,main_screen
4ff11293a247d43dc09543d6134a1c8a,main_screen
e9008db415304fdf5a8f0a3d7328cb1f,statement
2c24932e50803bb132fbbe99a825551c,phone_money_transfer
976fb665a65b500528a2234fe245e330,phone_money_transfer
60e2e89e98d2a1b557dbc88d244c7a40,phone_money_transfer
9b14267914626cd31723848c0a3530e1,main_screen
0ca2052f8038c768ea32e87d5aa39f8c,card2card_transfer
294625fe364f3a9cf5e435ad301b632e,main_screen
84ac2da58e974d38095e5e979636dd61,card_recharge
d2e90109c499fba84d64dab29750b054,main_screen
f64afb646bb4d5821f74c49b64a89724,main_screen
7ee78abf7ab0c18a95cb174a027c5b03,statement
086f28e5f413e498158ba99d7ddb70b3,main_screen
fb797f7705e8685bbcfa722ee3286b6d,credit_info
939076c4cf0f1debb27956c2725783c5,mobile_recharge
8260273abe92e485d04e975674b627f7,main_screen
9e8ac288e05025934ca606d97e7ead04,main_screen
61c508986cf2a6d39086b6a6f6e2c2e9,statement
a1ab0bf3181a91055ba583969b5cd821,phone_money_transfer
d32f690c2ad6a48697bb198368128a03,mobile_recharge
973787e83ef71384c21185d16584c9fd,main_screen
3ffbff4a12261d64e356cf2a061bb3ad,invest
2af199141f5952fd67ba681ff7f881f7,credit_info
a66c16e58c13e8766082b3ead09fe759,credit_info
24d2077394d0264a46ad12b38a935ed0,credit_info
04dc9e2ad896d7eb185cd70510277ee0,main_screen
3de0a988a0d43e8866b8c112193a5dc6,main_screen
3e55fb11817c901afd75a524e0d3702e,main_screen
3fee32ce2f1ebfdbb229d0cabc0b59ef,mobile_recharge
dd13090d4a8a6e48831f7d9628d2a701,main_screen
444bd424f8ea5275246a3e2f21dcd57c,statement
37c27e3fbd5244b85b3acb068180eba9,main_screen
86d0d87cc804be00543346bd598ab0b7,statement
66d533f854842164f087c45cb1367266,main_screen
7b4fa0aa0deba3512b4e4e0700c20958,mobile_recharge
226e97d4f0dd28ad026a470f2648dc50,main_screen
1336760c7d5e4956bfd3064e9377bd65,main_screen
0b717ef4a0dadf6b580560382c9bc7ad,main_screen
3620136cd44921520233310fe48485e8,main_screen
988e833c2dde5b364ff6573788205d33,invest
ea70a095f7e4b99ab04ae74b9fe9af2f,main_screen
14771f6772385ae81b17c67212e4dce4,statement
18f522c4b78a5b218c9d5d29ba7590e7,mobile_recharge
46ff96ff7a2bfb74e79f137905b40a71,credit_info
6db61c470e5108a0c23bf52d25df216a,main_screen
3768e2b8e36a031dd2bb14c7268f5b0a,main_screen
5f21bf8bf526410efa6a04bc9ddf1bee,own_transfer
2074b4e4d9451ef59bd9e487998c322c,credit_info
4da1a6d73ba25961931c31e8f2974ab0,statement
f71ce5d13004d72d38d7e10c60ea1216,main_screen
635cfaa2d72f908139f810590fd50a88,main_screen
c391e03954a925254847ec6b23935af9,main_screen
1abb7d765925225d913489b57fbca67f,main_screen
34b529d9e6b83fa72761b2bec6e982aa,main_screen
b25b1bdd804d2a1daeab36137ca69fd0,main_screen
2cf56c8ba7d2d0f357d24ec9f8f40b62,main_screen
826ca6a1774bc164a292bfefa0ab0678,main_screen
9ac9091e2993910d518f6d94e7233fad,card2card_transfer
6c959f760dfd3aa16787cfdae0d6ce1c,invest
a425cd4c2048bf3014e86ff29cfa41c5,main_screen
985e16e2306f6a6f3a0068c50d5ad188,main_screen
4cbefdc4a9a56160762d0d6a0e3b4f53,main_screen
c75a782d053c2a41094d167e633e2c85,chat
17555592e09c266849e69642535f96cb,main_screen
ca61ae00b7deef46f657cefc1bdc4563,main_screen
d8354722d64db405273206fb86d47e81,credit_info
b37331a7799a478c421f4e35b3cd7f23,main_screen
d45b42efb0a643e0a4794dd59dfc12c7,chat
8fa020ecd4d6429ee1ef4eb42c24d46e,main_screen
1ac8077e28bab6d3049ef2417d4278c4,main_screen
371b4afbb5bdfbaae12553f00197349f,main_screen
27c7e5f00129ef8fafbf758c0e406df9,credit_info
51f5671cca7e9cf8c67a769919c07c63,main_screen
4381dc8b7af772f8b3aec4cb7f1fb230,main_screen
65cb90d8df533ca7d09f75d16e7ea424,main_screen
06fd95a3c9a3395bb3cbd4d18665c421,credit_info
493f8d9b3759c707bc850d789dd48d56,main_screen
3d0df9cdaab74a2930ad60c90c3481dd,main_screen
d928a5e745e870145be60cb381303835,credit_info
6df798fff2124e82af5cbf264f3e4490,main_screen
2ca11e9adb84427d5664abc030e32689,phone_money_transfer
b0814aed24cfe4d456b46558957147ac,phone_money_transfer
59c49bd374f842e8cd6ea4affa1cab59,chat
49413f8428895fd4df4dfbc174e694ef,main_screen
2a6207eebf6f5dcc2fe05b06eef6bda6,card_recharge
de24acd5100fd73d840a0cedfd5f7c8f,credit_info
b7a5cd8225fcc6d1d4017db384b6f26d,invest
cda6e2d9fb2511e1dcae231f1e14e117,main_screen
b401891057a9b51d0908688d7f2044ad,main_screen
f37cf999ca4958fe2a4bc2c0446b5bab,main_screen
3072593fdeadd755d436b62c65d080e6,main_screen
218f6177ca2a18a52be2036ea3e1c7c2,credit_info
d0994d08c63609e31fc8282ca04f3f41,credit_info
d770a20062ba5b9d25bce1f092fb3536,mobile_recharge
dd382a4d40a63b557e969b355ca99e30,main_screen
0a11cdb789409f3c141ac206261dd74f,phone_money_transfer
d8aa39d4cc56276a3cf135f8f20d86b1,credit_info
02b59417198086e03bcd4b7e5f54fa17,chat
99440adb972f691feb340996611c28ac,credit_info
c684a36ede05873a2bc48e27ace86484,chat
ee67a5c35f36119b4a68a86d4187e519,chat
a2b9e7a61b50aac9ee10f40ce496f895,main_screen
94fabab3755b45ba9267711d0caef151,main_screen
c82a9c201a4e46efbc3533e73dea7d41,main_screen
a96030031b790dc9bd35089afe8178cd,statement
10b791819c9afc324d81d69e567e3771,credit_info
a50c3ffeaf9b7dfde49335862013c370,main_screen
26429481028bcfa7ff81b8c52d1973fb,card_recharge
edf7f85e530bfcd177febf966e756c5c,main_screen
5b3f0867bb1b8f978ae670042b3d0939,own_transfer
3dc8748b149e74568ba9b8e33aa4aaba,main_screen
271abdfb3aa2d73da26b9c98d1995a52,statement
fa15467070637f99913f2b2e9724d659,chat
54372c0c1f37c4bcb35b496bdc228a5f,statement
7c281fdea919870bdcf8fd63f97fa10d,main_screen
c3770c05291f724e31e368dc954393d3,main_screen
af5dfcaa8c3417acded4226d9b86f21a,credit_info
1cd5e48a4d75bd2329c326406dd711c4,mobile_recharge
aac806968587ae7b2db9c51f8f91a339,invest
0ddbabf9cce17ee03a66ebcc5cbfae82,card_recharge
6d35cb5ccd206bc6d39ae8a87854bfc5,main_screen
a3afa48d774fa404a926f262f28e5124,card_recharge
f121b547331680e3b6e2b5fc12d71a97,chat
658d0618860ed4b55598014a98ec8eb5,main_screen
e5e76c816ad67f0ef63a787b3090bade,main_screen
05c2cf5fed7b738334ad87e8bf2eb1b5,main_screen
2430862962fc7b13444dc0eb6d429376,chat
c61661cc4b05d3a89ea9669b301267ab,statement
8c7e203f94c55499a7dc792c5dacfa9f,credit_info
38d0a3fc4dc1be5b00b5e6c8cff30a56,chat
8fc017a86283f4b6d162619306d90cfd,main_screen
0dde894d7a67ef394ae4777bec1c317a,main_screen
78d200d92123db47da6c39c469ea8cd6,own_transfer
c11f555b903fb84f3c496b36c6f3f7e1,card2card_transfer
9688d7e3aecb08bc5ddf1aed20c0f7bf,main_screen
5359b7da718c8e06823911a608b9994d,main_screen
fd4d2a0a40c5bb118e2b5eea65e8b164,main_screen
11ccc0610302a82d7c90269772bba08e,main_screen
0ea2737b74fdb3cfc0109fcc0d3596b0,main_screen
c11ae57669b03e8c776ecf240f66d7da,credit_info
97977ee6d73fb775ee1e2a4b69a51ad3,credit_info
788d1be1aca2e658286fe602f112bc75,mobile_recharge
aabe296ac6fb8ce7915dff76445fcb81,phone_money_transfer
60fe64ddf5f175d4c07ea56ecfb2f5d8,main_screen
8d4b208a0964c57bb51244d666234586,card2card_transfer
09d3b84af62ba88a856164719fbf145d,credit_info
709788a23e3076b0a013dc3b497a0f17,statement
aac446ed76f9a85344ebabfff3f4d146,main_screen
9737c865b9841d529019cbad6229a4a3,main_screen
b3a82509cccdedb0b44e6aee454d75ee,main_screen
0d4c491058f19eef7aa79f31fa3bb427,main_screen
9c4e9984361d8f5680ad35cc81fdac47,chat
1886cbaa23c347a9087699a94405b8a5,credit_info
4db963ea909b937df4fa9ab8d377162c,main_screen
9ee93f4487b5d1c96f5406726670439f,main_screen
be4c9f6aeae908443cd3f6cce02ebc59,main_screen
3ad731a50eeabe2d22a7b771f935cbe9,main_screen
8872a1cbec45d6939577cc87636b68d8,own_transfer
8c479cb048344302a250249e96b08758,statement
e2daa9895a58e4c2c2f44deddd9fa9fa,statement
db53233f1ddebbf3be8fa6ef4307a269,main_screen
a806ee7896cd57a92e49f88ba111da09,statement
ce4778b7355df3f3b0668e32c2dabc9a,main_screen
34ef1ea46b53285e7a6e142c5b182a90,own_transfer
c10b8f2f05770d51d6c0cc4166b16397,statement
5f25d2d5490d4b8655289b2b0a4cb1ff,card2card_transfer
8676613b10be8edb15c0b45d12aab73e,chat
26ad252d2a83cf6390beff5d1233860b,statement
79296265c540887693898a667f3a8f72,credit_info
7586261d43ad69775c49280374d894bd,main_screen
14c104a90501089fb193ea7d9e6392a6,main_screen
9b22cbd7352f9cac9eac3909c9987e50,own_transfer
116902ca560581e54c33cede078667af,card2card_transfer
a75ab57859282d2229cf416d2dbf6f22,main_screen
005d57aae1e1dab9c7b6f98a7fe0b15a,phone_money_transfer
056ace0b3c4ac1a2a1344374da73c8fe,credit_info
31963fe0371bcc4fe81062317da3afbc,credit_info
61dd220fa640ead81cebaf971be66088,credit_info
795c7fcda59d34ad9b7c9287845e65b1,statement
7619bedbaf4a6c64a0a99ebd4f857438,main_screen
6e47b1422fcd491c54663264371aa68f,main_screen
841a3b6e900f36e53c6f0e1dfda72875,main_screen
683d63d88fbcd020dc42d967523ebf20,main_screen
0f06448b9ca1078d6685417dd67943fd,main_screen
483c969753b504163ba6cbb6c484fe91,main_screen
f6a318a391fb81a701c976ac8d9c0f51,main_screen
5bddd223c57975416597f3de76bd03f4,main_screen
a486108e4412bfd8896d4a4347014c35,statement
73901b14c19527dfb32cbe295d3a4eb4,main_screen
d7ed2dcba57c0f7320cc700096d1940e,statement
db1edbff14900bf79f725e1c3d1e9845,own_transfer
b786113013d2b8cd440a29b35db359c9,main_screen
7f462fa737b89bb1887a31436b94f8a6,main_screen
e19b7d5555674ab6d9f38c7b96c319d4,credit_info
fd23301f0ad734514f59c17c82c66508,main_screen
85abbf860bc6a635b4743d2a01f3245b,own_transfer
ec3385a998e90417d00d8d7e7e80789c,card2card_transfer
1a69ad07e5736e7830aac477b3c42d6f,chat
2137d43f33e84ff2b4baad4753fa2cf6,main_screen
c0e34d2d2754fa6a882a965cf9eff18c,main_screen
565347fd352b6e4c8d102fe452652b57,own_transfer
8ade3cfb70de939fe9a86e2352073e7d,main_screen
90236095d0811d6740bf723b250d158c,card_recharge
854dec2f8441c766a9cdfcf97b9524b8,chat
7db9d51ab55624633d6a6b5c1079c3d1,mobile_recharge
90bd387f8f74eb5c3eb5262a339bf1b2,statement
79a9926318002c07d9278af87c10ab09,main_screen
37be524276e198edc1da1738a2711485,main_screen
b218dac2e09cdd6187aa782f28d19d4f,statement
e0de232e7710df529fa753d434d9df09,invest
60aa72ea21c8ddc31a3334e12ffd8a09,statement
36dd177be134da590da74886698164ee,own_transfer
ec55c00a3701b2d0485c752becdd0e4c,main_screen
f6f5b90bb0cd08c220366baa95558d10,own_transfer
280d95df59cd9753be1a86de32defb8a,main_screen
5bbef7fc14286b2cfeb2d8739638ebd2,main_screen
cb4886a697e2853ec440690ffe69df48,main_screen
ca2eadb14f76ee7c4ac94b6cc7e72776,main_screen
057d12153ffac10f575da4d9db5d3aec,chat
ac469c0ecd2f361857be89b90e04df67,statement
f2e4dd09ade23785b7cf6a4d12dcc567,credit_info
50667fb547a97b195446e090380b6377,own_transfer
2245670f26866cd0be8beff67c98814a,main_screen
3781783314d84d0950c81cca6c900613,main_screen
24ead69663a48c8a28d124d49eaa2afe,main_screen
f089221471c6318f4427e9db26efc513,statement
a05a2c15ae6951fa939b3ee7cfd71883,main_screen
fd066eaf7631ae47018f5934e2418bff,main_screen
e332e4ccbef65b3381f0036b4b438a27,main_screen
e3d88a95211ba00e3fd994261ea68cdf,main_screen
a6fadd12de6e0f9ef05082c36411ca66,main_screen
6d5026933e56098bbe24bdb3228d418c,statement
791e7e9ee6b31be429ea0b51b84e1550,main_screen
ca768f705f8257681ce20471df627fde,main_screen
d08f4d5ce0c93656d284ef484892feee,mobile_recharge
e473f1e4ab4052fcdfc2ae83a87b516e,credit_info
ecab100b3cc29326f03962edabe9e63a,statement
5f23b77f83a9bde0c4a677eabc32f4ba,main_screen
2ce9313a9bfe41e30a064edb3880e84b,statement
2612643a7e123ec37f5f7330b2564b04,card2card_transfer
aac06e46cbb47e9d8a0a164dfb17bd21,main_screen
c41ce5916383b432b45d56e0c6626022,credit_info
10905783c66779a44c70e9a0a724eddd,card2card_transfer
910fe712f45a68b9f30bed67256bfa96,main_screen
1e28f7976a10b57d937deca45c2b28e1,card_recharge
21b584a364316606620e21f90ad5882c,main_screen
9544739aafa19a86eef11eef6c4fab73,main_screen
dc4dac359b03b45b3f15fa74c0d03fe8,main_screen
6a44eced0d7e65851f7078dc59d5bdfd,credit_info
6515cb17656f8c31587493a47e5ccc1c,main_screen
3bf9e300001a7401ae17c211fb45b0cf,phone_money_transfer
8df87b7a5d40db29f29053d448a01914,card2card_transfer
321436d68f2f5b226a6dff6046b2ae96,main_screen
95814f2319d5514fc45cf070e6462c17,main_screen
8a4b1d26d77be38432f7f857759ca565,statement
59ac27ace1eb2bd3174d0498d88b43bd,invest
e8d941290c9a2370b1794d604813b8c5,chat
c7aa6562affd4a90be868e966866888b,main_screen
f88abfc71843bf8df7cfb4e7bdf1a718,statement
a89f8f8bacb497f4dc699b2334857c74,main_screen
942d213f1ecadc898e3ca2447920569b,mobile_recharge
f79828661f7c718f9943c1ad9fed59d5,main_screen
df8bb602c55292f34eb305ac8c35d9fd,chat
8ad5e08ea8edfa50ecb84ffe81f8e219,main_screen
328a07a3df284508214db90c88e1a1cc,own_transfer
ac14fd316545f5cf586f16273d5b642a,main_screen
96efed5910360de877bdeccfd2ede33b,main_screen
3128d2fd17d92702bb64d21cc89d769e,main_screen
06b3be71e344609a9c418c3503134dfb,own_transfer
bef6c1daab2fb7a7aab28055307c49ef,main_screen
c46d09bc78798c7cc684abeb6ba4a301,credit_info
a27e8cf740671986a92fe870bd827a1b,statement
81dfafc21a6a61548bf9d6e38d173514,chat
87d71154354e2778e2c297dc92caaa31,statement
31cee656187e481b4090a0326e9be88a,main_screen
182b1d247626cae0ae3e40755164f3ba,credit_info
2743c1489187d5840b29365c05c35a1d,statement
b49d8be21c8fed6d9979553320ccec31,main_screen
ff56ba67ccbc337bcb22f0cab907b0a1,card2card_transfer
efe5ded1441083a1160e7d9f802faa36,statement
9c13374d2ca46ea64b5f3b8f1f72e780,main_screen
12147c5ed45ea61e7772a00255cff136,card_recharge
d95b9cbdc9a9b4a2a986767b60bc37d3,main_screen
6f666aec5e568f2f2b311c4ceb116eb8,main_screen
1153091f09b9e0873c638f229d5ae2f8,statement
38c5909b8998dc51898ab0978a5626a8,credit_info
5245c3eb4580441789bf23e6c543a92d,main_screen
a6bf54a8dbe3fff286cc5099f6f21dcf,statement
f6176ba02f8ed9e602b1b720c41eb14e,credit_info
f14f6b1c94d7fff44ce2d0ff2e765ac7,credit_info
82057f5e4656951b10d52b221988b183,credit_info
eb77d36414393271ba02ee8fce627594,credit_info
ce992d136e2d7d13d9f8477a93fec07b,main_screen
93a7360103e34fd4e7cdd7b1a1642693,credit_info
5fbba4f8b484837154253ae2e380b8de,statement
9481114f684523554148654734bb0a0b,credit_info
cd4977e85ae60dd787886c857b71bc3a,invest
c2c2a5c7502912ef80e7ec012318cc3c,chat
066aa5da1cfb44fdaba004892e8d8896,main_screen
0511bea55ecc44d921c2cb986cc664c1,main_screen
dac043010f472ac120ac03705f6a0e7f,main_screen
3d9fd5af128e08e52eaef60a98b9e0b1,statement
1abe7f398db17f2a40005413686d3a27,main_screen
dc39b93f3a20f34e2c5e98e3a4f315e5,statement
ba579ef4447c01d7e53cee268ae8fe0b,main_screen
c1666e734e26b456f640b6feec470176,main_screen
43b0642042833376b213116d554c2496,main_screen
93224d26ecf32393972c19e83eda4693,mobile_recharge
210b6a6610aa99f172303cade2b4623f,own_transfer
80be978551d83e4d270cc70185c0aaa9,credit_info
3e71df0b4ef0b5f5daa8dbe553f89e70,main_screen
f5dfcac380b2ab434b4b869454c950b0,mobile_recharge
7c79bcd3fdfad00b3280da8e26e9f736,credit_info
fa0d18355891ffa2deabf36e4eedfbd6,card_recharge
00a1f4d9814268af210ea67bbf1b96a0,statement
7365ef67a139aa368ba389b647b63bc5,phone_money_transfer
c84787b2f040a9d7091f390406174a89,statement
e375e145fa292f76f67c3a754b458172,statement
952dfc04f4aee429e83a458cb2788de3,main_screen
a98a4446d3ed7867000d2b3522155b5c,main_screen
fa0e6ee3463d0c941718b828dccef734,phone_money_transfer
dd4577be8a2d0bf6038580bad8e6d975,card_recharge
c2b216d90abe6284f2d52e493ca623db,main_screen
92994ba0895f8d9b7ecceb196dd0debc,own_transfer
d52d6a5bec996f969de068b2f2cfc81e,main_screen
1bdd593ed43af3fe8c62d9636ffa4f93,card_recharge
0d5150eae6ee365c8d43be6a5c84379f,own_transfer
6954beea81e256fbbdfec49eeceb8b17,statement
12163ea1f5a226b476b127a6349d770b,main_screen
80601a68281d03f58fc350dcaad4b062,main_screen
4f27dc86a061b9c13aa270694812912d,main_screen
e48df0e9a9237cc68f09abc9965270b2,statement
0206a15dc3c476952b4ec1ee2391b4cf,chat
9e05499889a28137ba33d91a8dcf77bd,main_screen
9670d796454aa59f69d9a236c3034a6a,own_transfer
38208c0accb42b0d0ebecc3a608989ba,main_screen
f1872d5298861199f3cf985ac2980c41,main_screen
e9ff3f198b2afef1f78a43db35bc823a,statement
109da64f090d0d9c298555bc209538a4,statement
8da789a4ff63f64cba756694e95748d3,main_screen
55688355043cf5d6a0f65d082ecf7e14,credit_info
11b456e1e405eee83eb7387d4647b6ad,main_screen
ce6e08949d93944fa2e35eb01aafb252,statement
cff67b9ea0855e0141382390786d20aa,main_screen
beee986cbffb0d82cf922e4cbcfb44a3,card_recharge
ee30381e1e421135f33c367480470d49,main_screen
a62cd211d804f50ca060ea1949bb8501,main_screen
8c9f3f05b6eaa57fb3e92df02932372f,mobile_recharge
6565b5988d37a9e29d6dead7549db22c,statement
1414099eff1e67ddcb84c02e28bff005,statement
8fa523455e7d70d0ad0685bf5dd82bca,own_transfer
a40528aaa61a606ad046c05ff47e636b,main_screen
9da9d6edaac35456ef64d9e09f82c5fb,statement
797e7f248376fa96ae19eb8b6baa288e,main_screen
554956ab69d1e38912f27cc45a912023,credit_info
002dcf44ce075355a570a18c4bd2ce6e,main_screen
cba4515489e9461b60ef1cdb09e24ef3,mobile_recharge
978f98cbccc180708112a7f16d50e916,main_screen
ae5457af73ab6fca8a467f5b121651b7,main_screen
8f9e067d6b67d27ae42c3d7739f79f87,main_screen
01bbd4e43672e65d24ae9569071004da,credit_info
ceebe7f62a5b70c2fdbc76db6612a7c4,main_screen
29e62450cf61a01abbe315d57e51b547,main_screen
f7d035c06a72fadb0d2a221154d3445d,credit_info
104911205719045af28299eaa3e3c502,main_screen
cded3d2ffdd16b9e19b84041431b94cc,main_screen
4ee1db71e060a593286ce01e2f779615,main_screen
9dd94f96ceb3782a71591a8e44fc1417,credit_info
d0c613efa1efe0b8e40d7ceb7f96cb83,main_screen
1995468fe08eaad202cc4f8a0d758f0e,mobile_recharge
0878ca6d611ad662e42474a8aaf68ffc,main_screen
96915949af8156c389b155a4c8bfbc4d,main_screen
81060a3ba8377c74493ded8c1d20aa61,main_screen
74a0a17946e32092ffe7121667aa9522,main_screen
b097efc5ce5648e4f22f4cd1a4b78694,credit_info
b93c8651c523388e9e410924fa457dc0,credit_info
97d89502b5f3942046048dbde70ec26d,credit_info
d9187e1d2aea76eb625278b13a875486,main_screen
6cf0c87edf02052d0404045569fd8224,main_screen
8b2ed4694714ff4e7066cf6aeb0199f2,main_screen
d5e01a4a4dd7fa19636b50849142d906,main_screen
16d780e03169db94278610beed12ff0a,main_screen
0bcf40aeeadb5ac87fc5196c72b4e75e,main_screen
f58c60dd4bbecc7b18e740a6fdc49133,credit_info
a0eef66e04774f3646ad19789015bb5d,statement
b9730392065fb577814f1fdb78a83ca2,credit_info
2da5d70b1aa28cbde600bf262d691218,own_transfer
bd91e9a1dcf0498cb8ef131d1519b21e,card2card_transfer
009b9749f0ca7ffb468c17c30d931fb7,statement
ecc00f6b745138fd6f3a39314a7143a4,credit_info
6eb8cea19787760211773807aa377e92,credit_info
deaaba0f4c4f85c2082f76482e597d72,main_screen
9787ff5003d71d248400c4cd89b04ebd,main_screen
6c81d43018db86518ba952edce2279a7,statement
eba54b6031bf798bf846f8cf96d4ddbc,main_screen
9af90e809e69ee1ea318ed3104a50441,chat
4f3286fa7b5781e0edc6c636cccea099,credit_info
3fd740bdca37682aa38b2fe9ff22cfed,main_screen
cb29a0bf4bb6e33d7a795803344f44a1,statement
dfcc52fc0ac28ecc42a3e6c9859d3900,main_screen
b6427213d5a30f06a79e231b6e1a1248,phone_money_transfer
5949756abe83e503454272708cbd5aef,main_screen
933c238bc9c6bc13285901972622d542,chat
233a2b489058f78410d64d227e0e1da3,credit_info
265e56cb9b9d04fb078f9a62ba321d71,mobile_recharge
dc8fadbab3eaa646d3411c4df5512180,phone_money_transfer
023828b33fa4f40893bf93d51827e1a7,statement
43ce77bf824209edfd26f5b2662c3659,main_screen
551ececf426b1751f03dfaa477a6731a,main_screen
a3a6e705e150fa09a96aedfc69b35e0e,credit_info
74aadec62c3b33ad430fb51a9e964ebe,main_screen
88ff1526889e0335635c6706145e191d,main_screen
d181541fed552e68b0c2a706af89e6d4,main_screen
44a59355c713f0bbbe34b5934c300255,credit_info
76e70828cd169e22d23965612651e2bb,phone_money_transfer
dc5764f99bca8a8226bf01bf7b2df7ba,main_screen
3124910f485981812038fd519f3da465,main_screen
d716f0ee55464a72693c0337294f1d9c,credit_info
3bfcd542ee2e3850f2337a31a1dad699,statement
649597e6ed0286dbb241aedf550df732,main_screen
23a0df85e5d1717a92c76f56e139464b,main_screen
5c036473551a6be3e67647429a4bc7dd,own_transfer
2686d6711195b65bb2bb5dff47e6dfd8,statement
09d3183b8b5988de314ccb60677f6d3b,chat
de9786adbf5ebf869a90ecf35d5c09b0,main_screen
10f32cf77f80bd7135ff7e2a942a3f3b,main_screen
2f9c267d5729cefff670d5102ee68305,statement
d1102c757b8b1d02a1a98eeed1a14908,statement
13883297af42c78d733eb91452062975,statement
c422f291b0f4931ca3f29ce9ecb06950,main_screen
c9653d7f5c2910bd7adb34f3afba0efc,invest
32999cf11dc2093d41682cab7b3357c0,chat
fbf979536a14105ba8a015cceb1899fe,main_screen
ae393b35d90e985e33a007cdde8de5d5,main_screen
b5616ba8a666e06aab40f099774dde2b,phone_money_transfer
28f582a3450d219446e6073422394a00,main_screen
19d9c638d9b1cebaacaff1233a78e28b,main_screen
8317abb561b3250f75b610a57f0550a2,main_screen
b413187284dc5f30f1c46bfd1733c40a,main_screen
09e39ceb054dd4c3f2a4412b433d78a7,main_screen
fa55f9a1974682f5c7407a0589017a94,own_transfer
c03fcf6a856dc340e4f28c81f55a041e,own_transfer
caf93e5379679d0b2a8e6d76a3c4a006,statement
9902aff2b534cd27e666928785a1076d,main_screen
f7efe29a9341bf12b9304d10a3d8faac,statement
d4d982df686754595c1ca8d91b59d04f,credit_info
12e4d364fe576df8e8d1822165d80d63,own_transfer
4c601191b087ae02af274a7e646a6060,credit_info
34090cb0b0b60dae4bdae4b9a5a77a6f,main_screen
4f87fb9b02200bef636a79d48489dde8,main_screen
dd6d05e84ef2d54e2a6c7ddbafeb8980,card_recharge
6c3e000af4a59ba2537a3a6f1755efc0,statement
899a3bd69fa70e29ffed55fab2a2bceb,main_screen
f75d5fb75eeffec92f75023bc71ccfb4,statement
39a7fb60dad2cde1fa01cfe96fd1ad04,credit_info
9be09ee844e3bb4796634a93f3fd4713,credit_info
47b8f3a4bf1af8506d72ddfce623b2d6,chat
8474a759c0be0bb863a7d3c967344020,main_screen
1903575e6c34f3207ebf05403ba7d676,credit_info
1978ae94d93160cc146201391d1dc703,card_recharge
d3712c949114442e2797b22754a7b395,main_screen
c5ff73aac94aebbab27b3f26b2f4ea4f,main_screen
1d4ba2380ce5659e8d3a907af68b511d,statement
698b814e8880f1ab3d2c05b7032d038e,statement
8eecef6d6be14c866854b463b7a01095,credit_info
0bef7f9fd4a7ea6fd85c5159c43ab51e,main_screen
ee02c12d1c3e5c0cb44ec58218171458,main_screen
2b0c8d54a10a1701341eca40207f28b7,main_screen
a3f14c3cfab5cecc5b9a2d6ec0c0be23,main_screen
0dded89e3954be9f45d2cccf0782d83e,statement
8c5ac411ee63f4573a305d1b9d6af394,main_screen
0638f3344e1ec89e92a622a23638fd4c,main_screen
891849a8f0bd5064bdc1371a65910327,main_screen
324ed60fc2592250cb578c51cc73d393,statement
475b2ff38c884e99d940584831ae1cb2,card_recharge
9434fa0e8c5fc9b45be6443876a0f556,main_screen
4f6ae391570b20be49798417fa6193a6,credit_info
9b31a0875c4370777bbeca40bd677a42,main_screen
8bface35dead6397d3abe0c963e34a3d,invest
0346653fff1e05999e606e732806e026,main_screen
1edbb7fcb1fa6ac94f2edf68ef9cc916,phone_money_transfer
7f3f3321a728a1c08ef8e90c6b7b28b0,phone_money_transfer
35154f30784ced0ec9b9adff33f06b15,card_recharge
162c4a59ce16d3402665fc6a0ff60f57,main_screen
b5879cb6ff18f61655f160dafad78da5,credit_info
b0fc6bd96b109e0b657a1fc9aff10900,chat
f9212d288feb889c92d39fbd10c43f7c,statement
b0a6fe5a2757b9c8d22be9fdd4a339b5,main_screen
06de65a802999b31404c88b2a502ebb4,card2card_transfer
bcd67bf16496ed494360be683c33bcb5,phone_money_transfer
5d296968844b4f36783fe28d4fbb1874,credit_info
46cede38ee3d0d19158adc08049776b9,card2card_transfer
5addd384e8bd586550832c72dd69274b,credit_info
f05ab1aa9086ff85394da307e4a02997,credit_info
56efa95261ed0e34edfb2975c298fa7e,statement
b071dcbc7d564462d72ac64d90876ceb,own_transfer
f5f69b47368fdd7b696f879be5e694b6,card_recharge
6b8f939bea8bbcf21b2b42c145274925,credit_info
449bb5ce81d5791c256960fa56e1470e,main_screen
62e5bc43d7b8bf7943f8fd3740570302,card_recharge
c8f4c3b4dabf105c29754334d295e7da,main_screen
0980d2634159ab94ee8075007b307b30,card_recharge
db7d63cc8c7ad31dcc86dd638c78baef,statement
a5624051cf881f6664eb263b346300f3,main_screen
bfd2da6bc2faf08d66144945db1081c1,chat
c7db4edfc22179b7d3bb968a48c78fb3,credit_info
05e5ed45a33c123dbe4d928cbe687ef7,main_screen
af677763b5d0b88f5391a957fa529161,main_screen
13dac181450975d89f7027383782ca0f,own_transfer
186d0120216c25d5307b85fff5f16176,main_screen
4f04866d632010fc9ab8fde9e7955488,main_screen
080c13892f84c9ef9865d46c413e2595,card_recharge
72963fb20a0aa0e321ec9bdbd47cf778,own_transfer
a5b09aaa80808f437ef90ce2c79826c0,own_transfer
e7c1f5d787bf6e72ced253b1517d74f6,credit_info
0e01bcdbaf4d821c6169fd8bca86f627,statement
b5b6fa222f4dc40adeb05143d1943be0,main_screen
c3c331b297d80e34f47e874916d77995,main_screen
cf6f72a18a5e5014ec60717ec109f6a2,phone_money_transfer
5a55fb2d22817585a04d85b6f6f07b36,statement
65b2cf2c4a9c29b03c37a35cdf841058,main_screen
dba0b773bbbd6109c3e335e5c6554a52,main_screen
42c7c15b98fef19dcdc70e4a12ccee92,main_screen
b861ba731305f65800908f13164362bf,phone_money_transfer
4f0baf29144838490dcd0c84e63758ed,statement
9f8b2c539c8771a6861fdce3a204f994,main_screen
0f8924e24f3fa211fb46767f0fa72562,main_screen
5cda958a22b596555ab151c31e5c1c8f,own_transfer
ce326bccaa50d176ee37be8c6a19f8f8,main_screen
37e7db5fb048a14c97dc1e17fc62c17c,own_transfer
29368abc47eba42db47ca4d69f78b83c,main_screen
9b06c5fceba4f3438ba110cb79310eef,main_screen
aa87eedeb24a563a410fc4156ed2d840,card_recharge
748c523506813e66f547e092e4cb4518,main_screen
f840df2ca48f1313b4f31ffc561a510b,main_screen
0892b574dc5e61c66c295b768da83450,chat
c8bd8025583d740f39706fd5b0048207,main_screen
7cc541a866d320b56297634eb01af4cd,main_screen
8efc3f6d3066bb58b9658b2e3d6b746c,statement
4bbd0c97e278ff9495d27134b785c349,chat
5b467dd4890e7fb59566a9e28e06cbba,main_screen
c6cfcc8c1801bb60b436a9ecac0c5f5e,statement
523f127288e5cb6a45a217f7763ba682,main_screen
473b179474efe00b5d367d6e72f9d7e5,own_transfer
b674fad5c45015c1bac006ad4f654de0,main_screen
bc34ab942d0776804b46cf0694f652bb,main_screen
5dbf80f51ea839cec01c5b81b649bc54,main_screen
d2fc33d7c3b23ddfae0510fd31ab6d94,main_screen
167c27f55ffc04baaa8b1371041b6399,statement
2efe5493c356f7d247848b66a5b3b0b0,own_transfer
18388b355bfc79216c68c822a04905b3,mobile_recharge
c8729398f4b2a233a449a6b0f1075cf6,main_screen
35527512d8f2a5e2bca33149b9aac907,main_screen
4b9440a3ebf478486eb7b186bc6d6772,main_screen
2747476df0f4f278615e0f94318fdae7,own_transfer
a0cc433cd2115511be0aee50d73fee78,credit_info
a32d5a62e201c3643906a9b644b0fcc3,main_screen
ed7f9a30040fcea462c69012402815b6,main_screen
0ec6575ac418f0b51b8e2f28d881bf86,main_screen
8d84666d369dca0e0c5f0121ab11ab5f,statement
73bc200ee8b86d78ae2c6989059b61b1,main_screen
49e47e92caa54ba02182dba887dba7f6,phone_money_transfer
b74f0e71e14d31710dcc376f8e0e4981,main_screen
57d2a4ee4fd92a84bacb9f73baa909dd,invest
6153bd00e118bc8cff7948c862d519c9,main_screen
65fcfadff268665b6ab7cda5bfca4297,own_transfer
e50ccf88026d85ab25e618ea96563334,main_screen
b4e8bf5abe131a5e387a1e508b0fe98a,card_recharge
d7b37884c90c6300feebcecd46ca3191,main_screen
4a514d2766f291cb07bffe61e4cd8012,statement
26520a4aac978d050dd118cf8a8d6cb0,statement
9a369ba467436fc383143fcdf340b8c4,card2card_transfer
3ea991a07e9289ed8f9f5eb60585094e,own_transfer
3180798286484d2043903d3a6439e60d,main_screen
55fe475a4014f24a9e107c34d03cd247,credit_info
5491b5af262cb588616e11cad14197d3,statement
1e129f12e7d26c93c72ff63ec4643e3a,main_screen
986b5dd807c8c373f750db7754998a6a,statement
93c9cfd68ab5e02dd01a1951eb21fac9,statement
34846b7b585552d32f281ef7a5dfa7a1,main_screen
e3d5748ac68888a3fa8d8ae5cd0545b4,main_screen
eb08c75852beffb36af4905003985f19,main_screen
0aadab9ef8767a85be77020f4f3e4018,statement
25c4a9f237100b87a63cab1b06cc36da,main_screen
41f9407c53edd88e07987093c1b40488,own_transfer
bf4217cd4f2f73db1bc5c0cd54d248d8,main_screen
bd6561ab351b5d9f7968e6e7c67893e2,credit_info
e7549a1b5461bfb53a77d970e8573db2,main_screen
de6d14b9fd91df5d931b7daf807520c5,credit_info
5bf4d0a954e19aef0055f208ac1ebceb,main_screen
fa341b705f371f614e88d770c23c4539,main_screen
323a48730265442e8d3f836b4d97709d,chat
c9a7b564136615c849cbd07bd85651d4,main_screen
6a4fc556329cec3a2850cd714826d6c3,main_screen
975d6faf1100fcd6c8c3066256bf506b,main_screen
4a64c8764273e34932b34862268d21d3,statement
72627bab1e14ed03ce70f4f87d34f79a,main_screen
b734b539932a9bc221bd1f6c159dce87,mobile_recharge
bf1ac055c9248ee891eb2c4337278979,credit_info
87b4e13f267b72e9cc1557b6f5e93e5b,phone_money_transfer
3eb021e20665e74698dd3db1765924a8,main_screen
5a7234294c9f204878bb37a6a6410c31,main_screen
550750f805b344c77d087fa880b6b47b,main_screen
b93a69303b8f2a729bfa940f713ac96a,main_screen
395126c8d9718911095d98759a610394,credit_info
485713d53a2ed4d0060309708960c271,statement
4e1543c307ac1f37b5907fd3b1a7f3e6,credit_info
0bf7294720bd79919f8a828ad5e37eed,main_screen
17e85b21b415ef3322948b335831385e,chat
d8141078ed7c6456706705155946aac3,credit_info
e59882a38cdd48e36f0a97b24387a58e,statement
f3b8a262835d78a5d453711895ed9350,main_screen
27113b6aae0a049be2bfea529afe8549,main_screen
0d49bc2b3177136ff6e4729d43db3cfb,chat
2d54be7371f87f02c5acb534b5890ba2,phone_money_transfer
1f3303ad27af8dbc5f2c53c92e91931f,main_screen
09852837b10893239576e2a39ce5f1ca,main_screen
edf220bf1eb6ff4c1ba3c74710a58ae4,card_recharge
deda3b3dddf123e97453f4d8ea2ce0a5,credit_info
52a07db39e7a6032733a32dc5d2a16ec,main_screen
2a1ecea4c0448bf6aa915e33fd9752d1,main_screen
9e9c65491b140dc7b007dce0bb2f7e60,card_recharge
5c99d35cb9b8607e4e25fce3394b48c8,main_screen
1e8173f0545559897ef109e5fcce26a6,main_screen
fc66b2cc17cb68b14cd55d90388ced71,main_screen
2fd2e39cdf022af4b7d7960eb7532e3f,statement
670ec2bef78b295a78950f5ee0f199cf,main_screen
2668b11da1b58f319a73e875d79f0967,main_screen
00aed4cbb0563367972fc32bdcd0b322,own_transfer
5c6a89101e8e5a6ac567638eef33ae77,main_screen
49b66d4047c7634d4b0db3332957fb58,credit_info
d0e16e6d5b78e1aa4bff93ed746a469c,phone_money_transfer
82f6fd4d50ef230426f518f89af02de6,main_screen
ac9e47ea0173666825c421d710dc9e29,main_screen
4e11c93d29463ba4858bfe6e7afc8c1f,main_screen
1025be54cc156d50ae9f2edde45d787e,statement
9ca703a5055edc16c0426cc4ed6f3139,main_screen
c3f5143d7db2c44ab6650f790b61004e,main_screen
571464e0d2bb8fc47671441a8f422373,credit_info
d9edd873cdde73a6cad5a125ba4e0e07,main_screen
30f3b6cc31e484b060539f3891b196f7,credit_info
7d3d9774fdab395e49fa6fd709ddc843,main_screen
d8f8a33b715b6870b076112a04c99748,main_screen
d27de5056015d26cd9401d84ef698c20,credit_info
ada6dbd5f7ca6eb3f8b85fbb3ea059ed,card2card_transfer
bfc74cf3c12be6130f7fb5fa4f87f9e3,statement
f803210ee7c5f72476834ba67cb72cef,card_recharge
c63db478c426a92aa0fdac0f07c6eecc,phone_money_transfer
9222b0b9c8d4f5e304854bd5d3c919d6,main_screen
df8c373c921f8bf8f49068b46053a6a9,main_screen
bf10a2086fc44ce541d79c662a224999,main_screen
c798ea5c0fc72f3e30cc2c077e194a2e,main_screen
c5025063ec5afd9b668313fa8ebcf090,main_screen
39cee5531e2eea915216c02aa1309c01,main_screen
bc44e11d8de6fa50b8346a7be143edf0,credit_info
41b98c3a975c42c8a915504b2df095f1,credit_info
16374b86653b25c8bf70b44a223dfd61,main_screen
4d7153e93759013afb47361bbc96f6ff,statement
3abb4c40ae165a779ad54dcadbdcd5ac,credit_info
dad9ab90cb95b4a0430e396be5a605f4,main_screen
9d79435d8f5b322721de93f1aff9f86a,main_screen
c241a7aa4fcda61a178fadf551ffecca,statement
55ef43997fafafe926bfd7661574d47e,credit_info
754901803bc83d702f76038190e2a34a,main_screen
60c89a2255a919dfbf89092dc280d026,main_screen
a19fca1467798b614ec3512b3ca4a105,own_transfer
685c3161da8611ac1cbc8ecee291a024,own_transfer
9508e9e502008bd138b4ec50e811e95e,credit_info
a51e2c8354612c0aed0b3d2c7ceaf959,card_recharge
1d88ae029c2db746051b668928ad2b3d,main_screen
19fc5ac793eb6f235e40b80c43b94d00,credit_info
4e32527a9efa56d65c3eb6d830b04ce7,main_screen
bc454281aa50f1f2bb98b40be086812e,statement
2c0c18b5f4cc0516e3df8358713c38ab,main_screen
1107dbbd2ceb3a380939f08c66ef8bd6,chat
506c004fa8fe7390eaba6c9ffef2fcf8,main_screen
008f1aa273ba605c94bc2b1d61d670f3,main_screen
e8252017a40bc019a55bae213f939cc5,main_screen
330865ab908755362aafc8960d1490f7,main_screen
c415dd7e1d47033c0e83e3b6c6d35ad3,phone_money_transfer
04e71662a2dd66f29733a431efe163e5,statement
0ef6190dd13928805cd3c25794e81f4d,main_screen
5f12462f187f643ac030ece6d9611e33,chat
2e1de553a1fb501eae67ce3299f11547,mobile_recharge
5e567886149689a159f0db0e754cde09,card2card_transfer
1aba3e0215086b3d8056ba434193edcc,main_screen
3c7a1aa0042a8ce9d17149ab2a8cf458,main_screen
c6d81adc8f808a620a3f782ca0abac1b,main_screen
e1ef901b6751a90f251296d92b552516,statement
489e0696ec84203f25a0091e5e47da5e,main_screen
fbd42acee38c9319e86d7d0de03bffc5,chat
9926e4124dd9127395bad0b2ae0bfd19,main_screen
4f9bb830a008e5c1f1da08e5ef9f1174,credit_info
54e43d04fa274f4455706f07f0f350ac,main_screen
2a966ec3b22eca24167057f32133b4db,main_screen
1103aa76a0c2c19152c8d263d29e22ba,statement
c21c006018cc77f9c6899a1adc74e23c,credit_info
037f0569c602b10d0fe16531c112c084,mobile_recharge
9d7f775aecb8140fa46423b456e19e79,card_recharge
7a3d4a5ce59ebd6bfdd3f00a07ed286b,main_screen
fe8b7920b4c015e973ff1ec6faa6f6ab,chat
2bf7b088e0daead7fbecd46bef057642,card2card_transfer
c2e8f4dda2cd17fb3234b60853a5f85b,main_screen
1cfb9f506f0e69275f441df7f39662f7,main_screen
3d209e867d8eb5fa979aea0cca3dd126,statement
b5055014241cb5cf3761a4bbd4a57d4d,main_screen
bc41e004226091181d4bc80593e30625,card2card_transfer
18c7c112d11d96b053e2e849e37a4c6e,main_screen
bf2b2b1734bc7c5941f592a88aa5b1e6,main_screen
f152b347b0cc0c8f44eadaf916721993,main_screen
9cfcf923f4c3d460b558916138558e42,main_screen
e90fce40c3a3db0531fd5d5a335f69e1,chat
22de15cd72285a6dd328367dc6a7fe12,statement
1160e089ec6828000265631e51465575,main_screen
1a936c04823e158e66b4046b696301a5,statement
f1196e6a90bca2f8dff3d656deab690a,phone_money_transfer
7d3dd514587a4455e68bf0bd496f43c6,main_screen
bc1cabb94dd213aabbb4de1ed44b117c,mobile_recharge
ece86456bb12a25e8ff394bd75081426,chat
4b845e4422eaa48c4cc093b459c6f2b5,statement
010d5951f93bd348a0ac091a42c39cc4,chat
df5c8e1fa3cf8de90a2fb9698e1e0459,statement
db8b20183252bb0b8d8332094522af63,main_screen
c192bc2d429c049ffc0fc1bbd13df702,statement
3a7d8a1b6fee6773a84bc5e481af8024,chat
6ccbfbf4955b79399972fb37e7d89cea,main_screen
b768d36762c97c3237f6004141d8ad70,main_screen
bbc1a02f44e39b4df5885d32e78927c5,main_screen
0a5f8c45d6a33a8dee04fe4ee2580c87,main_screen
74929dabfe8545a232f199fd515cad92,credit_info
7a98407a5654e82d1be39fa435c08d59,main_screen
b56a1dabf243f6016d2b8109a9d152c0,own_transfer
0d9603f0f6c3b1cb82c21c8780ddde28,credit_info
ebabb291d547c5cbfdc81443bb63071f,main_screen
a3ced3473c250c0ef00d9afbc191df72,mobile_recharge
a40ac6e74489ffbb1aadb9a78064459f,phone_money_transfer
ba471f8b87bb537d43834c0011055ba0,credit_info
0bcda0804659e8f60151d81f6e6896ac,main_screen
3708db3099b43f6ab2d6979eda3f9385,main_screen
c5ec98104fdcaff4682f8fa6630e7231,credit_info
968dc9eb7c7ace2395540b54d40bf25a,main_screen
9a0b25b683deae64b911e9a54f498e30,credit_info
bb512e43634363997eff4bafbc37e9a0,main_screen
772857dafb00320ac556b39340b56a7c,card_recharge
95852130624a7bfbbdddb221575473bc,statement
242efec8a365f9008e3a5a52caf1f2a0,credit_info
b4c1357e91c51ff2f2a3a00d5c781b6b,card_recharge
8e500560a022181f8ef18059e60ec100,main_screen
974faf855333c45c7210fb1187f62ecc,phone_money_transfer
0742f629b568ae5a58be044cf1b41ff9,mobile_recharge
b136694720038364a88a34dba8a9791b,statement
4504b410d15e1e6424f7980aa110e85e,main_screen
aa18106059b03802a1f905051085d9fe,credit_info
295e3393138f2c1f9a4983b827072bb6,statement
ffd0a2df7198eb660b01e1b4db8b5430,main_screen
b7f22b8b13e06719f69890f9bf85ce74,phone_money_transfer
599fcd653c5b7579b60e30ab390dbfb3,main_screen
3c056836f17fad5ce0b00f5c9beb7822,card_recharge
7c3ea523d068a61a1445b523051ddc6b,mobile_recharge
8cc5979943992b4a5dc4e008cb360f3b,credit_info
fb178e8ccc14aa356aac5cf3d202122d,main_screen
75a8541a2b136c25096748a6df8a6133,main_screen
2e943804c30950dc97b9ed7b39204cc6,main_screen
ae85adf11b86afb6f42cd91e19bee545,main_screen
c28d5950127e24c7ab69531bbaf32268,own_transfer
a7f6f497f2c764b32e9de68891d2da11,card_recharge
44b59b58e8a9a3da897d0d1e7d299d18,main_screen
aea49410e6e294ec7ea3c7d43ea71c1c,main_screen
2be85bcae04b81c7c72345df3c1c27d6,main_screen
c50c5920de1afc054ef0f06e782a5834,main_screen
e60a930ddc211daa1393fc4f7c869c15,card2card_transfer
c91207491936477ed39d4437247b25f8,main_screen
6b9c6b06d5246453f0554b0dbb1820bd,statement
389601f49d461f3f847da602106c0cfd,main_screen
3e71f53e5d4e8f80dc9ad59fe1ecccb9,main_screen
f4314b11259421d85000faabe21ec0ec,main_screen
7f62d7e6304152906e696de4ed0364fb,statement
b308ec87891d38b0bddeddd4c3828b5d,main_screen
e6d69632ddbfa4e4969962e676debb7f,main_screen
81ecfbe135f84c06278c297048a0e4ba,invest
7409e6f6dbe349ac6548440759518e19,credit_info
055b963ff792dec4cd5255cd1dbcef8d,statement
b6cbbea14b7bd844e975d592278e86e4,main_screen
8c559b3fa6f90b25771944368d8c1b75,main_screen
0d89df54c3919cdd2f88f83adf431301,statement
a3f11e5b0d5eae4c91e59b7aa3b84724,invest
ec1b20cf73861cbe86055f93d268dfd4,main_screen
270cf9de702c42572b686b1b36fd79fc,credit_info
1e8a2eb4ccc61c2d1c4128c723c1a33a,card_recharge
a5d0e7042e71efc159333fe09a63322b,own_transfer
5f76d10f237d02893a91578117c6fe7a,main_screen
ac19a086632a9ee7098b38cd795d6f5e,own_transfer
f868b0fb3ab58aa5a93606a35fbd3aeb,main_screen
dfe2fdbadcecb016a5e55292d2041c4f,main_screen
717290fee598963baa607a2b2324489b,main_screen
50bf091a8d6854a97875e75a81b6d0fb,main_screen
ce3d0f4773cf1605e18a97ab4fccfeea,statement
9e01477010c17c8e85e430840a9c0a2b,main_screen
91b45b891ee80ef61c7e51d992d18f88,main_screen
64704d5fdfa3da1c6cd3ee4bb06ab7b6,main_screen
86013dabe9ed245976ce665812b7d976,credit_info
24ed5817956661b5e8c7e6a6427a6db9,main_screen
a8982c04f0de1ae6f6fd35cbeaf7c8f1,credit_info
312969b2d0ad8bb8ef8a05461d2e607b,main_screen
46eb4a15268effe95fea4ff2ef736d3e,mobile_recharge
8e4a1201cc88d5a8d20c29f314a25f06,card2card_transfer
c085ec516ca55c53eaf46bf3f794deb5,main_screen
24bb4f00bd492b8147dae3a78f364142,main_screen
76c1993d50d1109cdf475264bde3ddff,main_screen
91bf59e098c051d25d724e0c03c31e60,invest
68bae691c5e5740aec057f7dfba1e5bb,main_screen
c7c46d34b47cce5042fcd5a932f76057,statement
3e24cd5d4adf30123f7d11f8f76cc6f7,card2card_transfer
d02bda1a10dd524e39ed0317293c8121,main_screen
6a8aa59242abc5bb837fe17d35fc752f,own_transfer
980ba94caed0e482e7f5f7124bfa8f4f,main_screen
1c3652730db132464260cbc587fa15e1,credit_info
e7f85d3da1289f29842649a0b5ba8a3c,mobile_recharge
2eaf58d580a0cc0cc0a229b3527d6e58,credit_info
3b3ac55a0850891700ce01d62f005909,main_screen
b226e65e8fcd1ebc18f268a521c86157,statement
10468cdb6262d2d32815fcffd90a227c,main_screen
4ba4a00c2a00877e8529b00ffd5b8dbe,credit_info
c0505b777033c26267ac58770fe385a0,main_screen
79d0bc200da9d1c236b8918ee9d7fce4,main_screen
825c826f3bdf00d076a1b7092f6a7f1a,main_screen
2b7262dee4c7f26db57e1b8c344b97dc,statement
c9547f0490ed80e2f372006406fb27ed,main_screen
f96e68eb2f094f1cf681af8ac1bb63c3,statement
cf9576e21e3a94bedd19734b6bc53c45,statement
5ff9e4ee8b5f1b464e301b06ed3764a6,main_screen
ba29c8002f4e5714521432c0c3d23c61,statement
3feff6386a03650f126e141febd209bb,main_screen
cbf3dced8256e1969770fbdf02bd79a7,phone_money_transfer
c9e0de1eb5ec96a91767f4c9d6b654a8,main_screen
7b60dc5d7831df1c94262dbf24eddf7e,card_recharge
0c6c0a9ce41b66dabd512e3c263e2f81,main_screen
b94a88d923e607674309e797c9fa1933,main_screen
ead34bd695f8bfbd1d733ffd2e1f1b7c,statement
7a780990e4e7c58ce8f4146b49a2701c,statement
25a76adf7e867e399a00d2fcfdbc0fc6,credit_info
fb6177317d0d3b7f2008a3fbe8f52ab5,main_screen
64b41d467f71629e15fd013a5c4f1b0e,main_screen
80d9598c56542d8b6174ce37e9983ebb,statement
6e6cc38b83aa741db719c27dc2aa0937,main_screen
cf63c48529017ec56035cb31181ee9a4,card_recharge
c4b8c6990f61c435f801e9e11df3b920,main_screen
8842855c212f03fd5ffcce407c4460d0,main_screen
286c9a6ad0751c7adeca53aa3bdf96d2,card2card_transfer
4f07eefb266f43043d8c0434f1072603,main_screen
6566ad8724eb2028bb664d97d6a91f9b,main_screen
2bf2b6ef820d4a5912e678c801a1ef15,main_screen
cd0f7882f6ba73f94ec12e16dd400776,credit_info
a23a0ee0afa40ce9e6a7a60ad755dc0b,chat
4c6df25633f55456be737c57836422a8,credit_info
7541f9b66d333cacd57dcbcd91bfe6a2,statement
2156ee6ae2a68e2c413edbf8513694af,statement
3697acb9c06ac8a34fec0316869af16f,credit_info
880d640557a6b5efb02a31844e903426,own_transfer
e90939f7b415deb431a58a0af0a70e74,statement
2bdf01cd3e11b263cee311cc03e24e5d,main_screen
41464d67818bb54b3b9eb2f7f5125e34,credit_info
81d9c15f14604c20db8fe54a6f935754,chat
07523dacf1c91022f0387b5b8884b00e,main_screen
146df6d3ce1da96228356f8b6efbae82,mobile_recharge
82901d11da8e65e6313ec531cc39d0a9,credit_info
0e12da4144b131f06adbdb843fa5f757,main_screen
a90dc54511ccc967f1287d36751a5db7,main_screen
8eee5cd34a540c220d1cccffd7cb8c7a,main_screen
1817bccb248d00e2b18d708fd125a4a8,main_screen
58f83fb00e93493492637738ce182253,credit_info
c319681dd7b6188c4dee2b040528b63b,main_screen
8d88bddb8cf90eaa0131c5bb46f4d3a7,card_recharge
62a829c63ebf53c63ebcbe7b0d0f2996,main_screen
cb527e1c47c49d9496bcfc66ad2cf940,chat
7e7174dba1026a9c796f9b279a15324e,phone_money_transfer
c00daf750088c05a1c8f1fd2620a2993,main_screen
a102cbc8f3d9cbe9db990e12683ee098,card_recharge
779720e7b3a8bda3ebeaa3381d398bde,main_screen
ef39dacb94b24aaa948114df61c5be6c,credit_info
eb2220cbc60e82da9101b762235c3d85,main_screen
ec9a30013ce6412430a1e731e1780ed5,main_screen
73636a823a8771168195272291565046,main_screen
01821b37f01bed3f41c864ed553f0654,main_screen
faec94edf6486375a3bac9560a4fa0c9,card_recharge
74f66e37353d516fb20c7768580af809,statement
7c9d244796d9f3e04a063605bf899618,main_screen
748130d9f25613337e58efee4581a6f2,statement
600a96c8df5e6bb83208a0e0e4810cbd,main_screen
67228b9c6ef0dcff9f0959735900b79a,main_screen
ea305ed5deb1d5419faa17c93eb7f629,statement
decb4cf33b52aacf77b748b48eca87a5,main_screen
b7d71756d049fb0c05885c24e3865e3d,own_transfer
3adb0e3871bb261220137b75c0bc5b9a,statement
485f922edf0024c5bec8e93c334fa448,main_screen
0ccee2968257365f80f89eed57088877,main_screen
e7dad8229f3878b690e25d8bd1a10d11,own_transfer
cc2cfbdff2812edf99406c4ceaa90e90,main_screen
5184cb2d70f0ed289dc2bf5988d3cda0,own_transfer
535047eaced9d4dff06aff616b3a027f,statement
a75a6d0917e0b2953fafc25ca5e1a29c,main_screen
399b1901d55d96693cd83b3e48f9bb32,credit_info
6b9d8f894fb695b30a771c1e1dcba584,own_transfer
4d9aaeaa35e113a0e9a5f49211bebaa0,credit_info
b226a9c8a5520b72bcb8a5472cf873b3,own_transfer
509c9b20bcd5d3cce24dc36656d25cf2,card2card_transfer
f19a4aad61ec21171032f8dd18dff592,main_screen
815ce8c7a62c6ef2f70b11e7e3504258,statement
b32c309a93edfaef3f244d17e19e2cbe,main_screen
e517d03fb88009418692512a71c3b6fb,mobile_recharge
ff7b094a871fc0aefb5f38332c5f51dd,main_screen
4b4a270fcef48881cadbd4359d2935da,main_screen
d3fd3b7afcb1c3836e36182bd723d323,credit_info
2522fd73d5775b9565cfd8645068be89,chat
1703a1cd16983ca11d8ac60ed5e60d8d,main_screen
7d77f94a130ece8ef1389f2087d9d538,main_screen
1542c5630c0cd9464446f10b25ad0df1,main_screen
0034b94a6cd0c628904c717d1b55ae84,main_screen
8b2fd96bc3fcaed38c3f452ef0c5b13c,main_screen
f5d3d27393c2686212b8493d14e2db58,main_screen
3d85dd7164367e40b32cccc900b87146,statement
d44d8f0bdbc51e682c1f73a58069a4ac,main_screen
407f30d36567460afb63168e35935bd7,main_screen
168546e7957323fcb803c5a9ed330613,chat
47e4662d1b1abf32b8532b34d6a08a45,phone_money_transfer
1054cf37d06a51913ebe3b42fd9b4a81,credit_info
722e820eb32ce2643d5465b5bb41b27d,statement
c8c8fa5d9b6cfda6272d536c7c8835d8,main_screen
d3cc98efa081900a9d7c552ae5c25ded,statement
72554bbb3734cf68a46939612f189615,main_screen
8287d120a578a0dec84682dd386ddf11,main_screen
d02b425bfb240d890b29b81bd9802d18,main_screen
7e3c108617ea71de5cf055a445841ffa,main_screen
56edd89a2a2ecbc15cb392477b22c43c,own_transfer
7a72ec4978c14e510e587a4e610ff44d,credit_info
9dd9fcb627f903da0b5334662ce4f6b7,credit_info
ca956d5c471460065f8513f8a1019141,main_screen
270dae822252190ffb5854ed4fba936a,credit_info
8e1d372b7c35b8ecdd774d61d9bd63b4,credit_info
8f87c67480e1dc260b8bdf726f8c4568,invest
0f915fe857321dc0cceff3d219e9f3b9,main_screen
680898376e413367515fdcd2969d60c1,statement
7b9bd447a25617f7532e095338e906e3,main_screen
fcbf6e22fb27527370ee3743a452e382,main_screen
bd4249fbc501a1430002efbbf40cb318,main_screen
429aab853f5071c4c2176850bb5320a4,own_transfer
3217750dc373085e330833b64ecc8d86,main_screen
21bdee197ea5dacee14ecc6e3b2524b4,statement
5bf319ddcd9d342aeafc36a25fcef91f,main_screen
f1de6fb66d2d8f0466153866f04362e6,statement
a96e0d21f373fa345e1eb899e1502fc6,statement
981198a38b28a7e37d75b6b82267f34f,phone_money_transfer
f261be2e6471fa86c2643e40c710b54b,chat
787240fd25ae9c4883d9289ad3c96ed8,main_screen
1d755a3c31a7fae9897124ee7fa2aca6,statement
2b230acba69841426ff00a7a05558a5d,credit_info
ed20451a1f5486c3cf5c7416c5abc7dc,mobile_recharge
aabaa313d7a99f2eb72df2d441c97bf9,main_screen
932b278575e994b1e50fac600321baff,mobile_recharge
1a5cfa0d6ab0f89a3d9b87c671eb5157,main_screen
e24e8919d8f124867cf778313ae44574,main_screen
1d3d4003cdced89c59cebc0189ec6867,main_screen
6cf0a9ca4f0b6555d1e6473ef98b2dbc,main_screen
1d298073b34397246be6ff50b06787b1,main_screen
7af236af6bd96667a0d26131f25f70da,main_screen
e012f8d18f2c2e3ba0fd84c931a24c5e,statement
804a9f85850455af55ac8ca37946426d,statement
12ba26cd7a34ea047618a4d54413d325,main_screen
b49db2bfb17de0d39d2c997dfbc0fa73,card2card_transfer
47c35a2fa0b5b7f2597465c84850ff4e,main_screen
2ca414217dfbca23dee0ccac62612058,statement
8488a8b11526a5f09a1063b81b6c478e,credit_info
305a4b48fe9bc37ef126aba68529a67d,statement
c8967ceece9e959259c18ead7aacc13b,main_screen
9d4cb16e0f93ac9ccf412aafc481f521,main_screen
e98b8a64e4aed2efcf42a09130826d57,chat
7454e2041009bb429e7e7b4234007436,main_screen
a389345ef586e4856ff07f61cbc3c462,main_screen
f5eb9d55a4e12884c4e426544824d0ef,main_screen
f560a44f85c57d7c261dd7d3584c181f,mobile_recharge
02d7b3acd89072081cbf26830d20cd7c,chat
8f7e517583623b62cd0d0b6020815c0f,card_recharge
53d7257a4251d425b9e9fbdbdcb149e7,main_screen
22c2c9213b9423de1e296dc4cbdda94b,statement
0c528a12cb7b797dc1177e2114608cba,statement
4c5f5ccd29378650c321989f3f76c76e,main_screen
9b84b0b5675c4162aa2ac645a910ea51,main_screen
001f2b9bedcfcfc042294c99e9a3303f,main_screen
dad4b3fbb5b49ef19f4abd5cd1570792,own_transfer
1b883491cab5d1361dfd248701083270,statement
c7ea99d247312c45908572c8e1c66465,card_recharge
1cf958c12349aa5f41057b9afc238448,main_screen
4682a36281b6f94ae131412c43f36a11,main_screen
c65b838befc2d2f29fe1aa810058a2a3,card_recharge
4f1a5ecc8a81a809f0bade196a279166,main_screen
9ad77aff0c936380207e4653a857af80,credit_info
308de8588c4fa3e34653b268aba6d4eb,card_recharge
ddac0e21aa9eceefc03e13406fce52c7,main_screen
5cb434c0c939b2e9c2e41f5518352a6c,main_screen
e95a4284751f88dba8fae459b7e4e776,statement
f7dc0b695f29ea18a0dfd54c98a0c2c0,mobile_recharge
d6f53ccbf096785b369ccff2cba7265a,credit_info
a615db61226617288c7387d72d6306ef,card2card_transfer
1f1667bf843f5ad7f1168eab0d5d8815,main_screen
817a8ee78e49cc74a71ebedd5e63585f,chat
f2dee1e9c2db57cc6ff7294bdd4e147d,credit_info
7ea8bdc8f82842ff362ce1765d1eae29,main_screen
ab1c07fa7ad2f9f10b035d4923458dbc,credit_info
680505dae919dfa3e223df7c0ccf2ed0,main_screen
113337993ffe91b5bc0baabd48adede8,credit_info
36ffdc159a71dc2a06e149e1d8817dbd,card_recharge
bf5b694fb99822eec6716558d5af4906,main_screen
a583583df4c5b3be8054d916a576cbb7,mobile_recharge
27e3e9d1ff28387f95fcd48a5e9b074a,main_screen
9b2372d9286d15bfbc8f81feaa1d6d69,main_screen
281dd17784d07cd6be2458719aef705b,main_screen
c1743c16354fd951bab682be4c789524,card_recharge
3a2ce49e2eed73c1f6ee183523fee16e,credit_info
028b7c1a50450d01282519a76d9aee7b,main_screen
1143816e4e6327bcb2c110b6213a3530,credit_info
b02e89387e2f7cc6b991d449a6b458a2,main_screen
373ae8406a335443a6f26e1ad88f9de7,main_screen
ad1efea6761bdb3e28e2edf61255e86d,main_screen
89b97850b43d232e36d9bd9520ba56f1,credit_info
7047a072737bbb8a40144d356ad3b50a,statement
8bdfe20b3fc43ace3811e8a8ca98a5e7,credit_info
bc44002db288dacd645080ae217070a2,main_screen
956e4878ef0157e36b0f2199aa361999,main_screen
a5610049cbbed42367f1dc6fbf8dc752,mobile_recharge
6be41c6b53ec62724e856e3bca23a199,main_screen
d48545a27aa79b654edf6fb599ff1f01,main_screen
0c56e83389e2114bfe67d3e32c10dac8,mobile_recharge
e6919ba66a0ec5c5a737382f0036b866,mobile_recharge
4f77034f4daaa29276e75b737c192389,main_screen
526da9d7299d4a753c255f818e9bb7ba,statement
031b046264ea96e016090593f7cb2a9d,main_screen
a19bbbd3948d1bec1f75f496ea8958f6,statement
2120f50abcdc129ffe1d1767abc683dc,invest
ec0de1079fe7b15b04eb80861695a176,credit_info
8190996092c22bedb9fa6b6d74583001,main_screen
0a5239fd90024ab02dea65996a277c58,chat
718547f34335ed9ce1a81e52acbfc4b7,phone_money_transfer
13e49ada22151d12f4f7ee33da42c2d0,statement
4a4d4ac003de28163d31e9af5d65d75a,main_screen
2d8c004e5e71987a8ac2afb23b3df75f,main_screen
1dffe9eddad8621b072c8e6cdac21571,main_screen
de2a9275e3f1a5fffb79d64199389bbc,main_screen
d575a8134f76a7a577e032e639eae083,invest
a37fbac92419c192d2d80082bf5efccd,card_recharge
d624122cc115b2c97b4fe1a9d0ce7cb3,main_screen
62b0e53fd5138f2062d699740e55e168,main_screen
4be99bb05077c2198a1699d0e2067bdc,phone_money_transfer
9afffef6f082d606039dafd6bf4d960a,main_screen
a3e9f535f1f36e8b983a9e6554e16cb2,credit_info
01e2b798136ebff364e4547e114530ec,card_recharge
15c266b8ff76ef55e11a9478a31023cc,card_recharge
21d4ef72645ab46ae4a3b3ce0e64f441,credit_info
615b55371d0cae60b08ec05789a75b92,credit_info
5321e291543545c8e131d53de92ca6ba,credit_info
521601dd4216607652627282be1c8244,main_screen
d14fbd22d8b443971c12301c241dae00,main_screen
fc2cadfb087b99eb6e3e4e5004352ccb,statement
3767c24cac80bbfd502cb11fb5224c67,main_screen
d13534273156e6ebea820aa85a7bad09,statement
7bc829ebe11828275cbdf81f5c0b367f,main_screen
9ad3f5106c12ce8378cd7f8f99e541ad,main_screen
a3c19588cbf7d8bb0c164989d8615464,main_screen
fb3ac67f5e0d323a3ebedeb1122dfed8,statement
8541267f25212ed90137d2916befdb5a,main_screen
1b4e3dff31497c22fcebc2933db06d99,credit_info
405c8758cc747e6ace5f481f6d753cfd,main_screen
d9388518032e505ed3371cb78f966e7a,main_screen
8ac3c669510689a11334353c0c543499,main_screen
9104a7b2b382da9166426e0961a8dc2c,own_transfer
8655006acffe21faa3e071caeabee62b,statement
bfe5ed4db3f62374fc6b33e892798d09,phone_money_transfer
56a469613633c30153024f6708318f93,chat
67b2e0cb4a32f2749ba25a14e3e3c5ed,statement
9f707b9239264dd1f9195c1108cfba62,main_screen
212ee11c1744b3d0f541ea6a90371ac5,main_screen
f3f9e8a270060e2afb24d5a413bc2c68,main_screen
7c667786352768a4a070110cecfb064c,credit_info
9ad7f10852c6d60408fa26535c055ffd,credit_info
1e768249c5e925625d9923a50217bcd3,main_screen
dc0ff334b966d977540791ca069e4e23,credit_info
15989b082926f04e7fa580c2ebf18bd9,main_screen
36b4e92af66e464816506ce4d1345373,main_screen
b7cb8c94520c0c973abd13258c985333,mobile_recharge
a07efada087d3edfefd9003513085272,main_screen
28aa4dc93885f02a13e8b00953bf71e7,main_screen
54d82044ae2f3caa6f6b489e9d55ac01,main_screen
21d72aec73b4f4e8a74f631c7aacf3a8,mobile_recharge
3b2f58596e5c782ba39e47ed1bd73c71,main_screen
0d3c31575ce187bb5bfbd5426bcf572d,main_screen
6019c2ad8740b1741e6e63d3e298bb3b,statement
1b7c5256abbd25888da0aba2ae9fd2d5,mobile_recharge
1cdf1b7d13ed7d32d48ef6c4cc1efe52,main_screen
b6a48214b65c83a8eb46236be33390e8,card2card_transfer
6c80c9ded729e62bc3d0f5e2f26eaa86,statement
f1bfd42c8cdfd2db98e90bf2836a0984,mobile_recharge
7e210da4f37dd2325c6cb1b1b5f64f95,main_screen
e4e1fef2842978af1831bdd4f7379b93,main_screen
b1e9720a63991fead6ce23f324b7a094,main_screen
a0ec77bb397f2e9a3c0a289d331c1160,credit_info
152aa425546a738fff7defb0c5413bfb,main_screen
b97764aeee1c4fc32ac394451d0087ea,main_screen
856fe5357f39666e5c9213e5a219de17,main_screen
e3735f06ba93dceb76fe1856d5b42d18,main_screen
b53b9f94acd4f7c253e787ddd3a1aa64,main_screen
6901a7f668e98f2bdda09b35d0c703fb,main_screen
0189398d3f0060223ccf86e4036a088a,credit_info
2a169f6276b20e7adcdfd8d89aab39e3,main_screen
38801e149de3fb5364ab6647a1df13ed,main_screen
732e4547dd1f39ca36020f2015a85dfb,credit_info
74008f673b12da1f6804de7a2a9cbfd1,main_screen
2f6b08f7bbf81ca229a5fc4f9350e80d,credit_info
ef1c01a00aed2b6a584645202ff71c99,credit_info
e6520c0cf4210183befdc244936754a8,statement
a9e35cbfdb2b1a1d8efa92c7dd189f6c,main_screen
c561918d19e2e5ea2b7f7cc0a62c98e6,main_screen
d9d1ee37969d38e81de0ef83e82cde1c,own_transfer
1b56615c913c3814b9e464b462288034,main_screen
3dbbc996a159e8a29e35789438fd9185,main_screen
38098cc57860d0abff7298a77e69dac2,mobile_recharge
1103e0bcada56bbd67cd603d7189b2b3,main_screen
a880f20a07c4df9a092dcd56a96513e3,credit_info
a720b982f6861edb32503937c769b651,main_screen
6aa6582c0e6b147c0c0ef71b89396ad1,main_screen
6b88d6c4334e1672f247dd6348224a12,credit_info
e46b95297d5f7dfa2b14e7a33ee8711b,mobile_recharge
4995e72d6ab76aeb0fe24807f5d68254,credit_info
4f5509f9de8031de7d2af4ee99a914c6,main_screen
93e26809a04e4a582243ee06fdc249ad,statement
7d44a02b2db468036181b5b973f5dc93,card_recharge
c8283f7c601b866e87eaec147e049c77,main_screen
639ae07a0d7bf912032b4cb8b5051184,main_screen
4d438ce90ec72b0090d43244b5561c1f,credit_info
b806b2bf547d2bdb9829802bda4aa0e8,main_screen
76bd5294fc11b913bd15735fc0471240,own_transfer
e562b963c7219a3245adead054d943bf,chat
c034171118e1da5d32f3c542822a7b11,credit_info
69f3ccbb8fc05a395a8c1dfaae58f600,main_screen
7d1be6f61166942d64ac676ea25e8573,main_screen
590e3dcfd8d7c67e280ff15f88884b92,main_screen
fbd7ef1d24962cb379728c8236f88690,main_screen
45b88eac8a3c1b9ebdd4d7f4d1188f6e,main_screen
c9ad39baedd7f1c3641c9a62d141661d,phone_money_transfer
c4aecaef569d2b7de3d3c810d5d21ce6,main_screen
2af3ec4d9b90bf75e0a051b10965788e,credit_info
c26414ff75d8e0caa2abcda5853fc304,main_screen
b7f89839f0db793fe736d483cf0f958f,main_screen
90e2e1f76c2489ffc4d00ba714291371,main_screen
5091bb1488d00e0e8452734e1bba53cf,mobile_recharge
4a1a0cacc5e9f9e7271f3cdc393659a6,main_screen
27318aceaa90e706bf65995b97090873,credit_info
80f8912d560a688997ede25d56a1f7d2,main_screen
67745030031f4161b63418f88023cc7b,phone_money_transfer
d70e43446c6d5e266b4397564fcb1294,main_screen
93bf3382d5dfb565798b2391cfad02a6,main_screen
c739aa12b133fd2fd6a75cb4e710a181,main_screen
3961e53eb64595c64f3d0449cca768bc,main_screen
4c9e8471b3ae2ff460242c2db75e2eaf,invest
210ab6a77d1dabef91eeae75568dc4d3,main_screen
3b2450c026249fc019c5aa96982bba3d,statement
81fac01ff04e4b90cfd5bdc5987a3d2c,mobile_recharge
40f7a3d41112e8f90e77867bc09d6f5d,main_screen
47f5ab4c15fe8a691935152903ae7546,credit_info
65b2cee36f073b848ee68cca71171f93,main_screen
7b0361dea6500a759ce6afcfa7f7f546,main_screen
982f3f12bd8d20552feb7e9c0c4fd7ae,statement
48e82a438319ba23161ed800459399b1,statement
f83f47cc5aaeec38fdad391627b6ccc0,main_screen
7bd2d471059295b28e0da85f64399dbd,main_screen
590f00194c924232a8f1daa21b745e13,credit_info
d5c04300cb43a6c0f95b5781af8e234d,main_screen
aa81f31517bf10475394010f6ea5c5e1,main_screen
bf3d80df855e511dc5e81d356a95ef9c,statement
fb23cff07cc5cd0165a429a090cf1152,main_screen
b276c76e0a9aa5a2084d1aec0c98726a,main_screen
c81a73bc0058d2a4e157a67e9506760b,own_transfer
18bf56ac41c2ac73f233443696beea01,mobile_recharge
4444874a385f143095c29e69e2a76c37,credit_info
02ed603da89ae3870bc928156128c214,credit_info
925b35b159eae40675e4bde45a02d005,main_screen
b2e29aa4300ff991460e9ddd5a080683,main_screen
e0c25002cd528a9ca2bd1830095af187,main_screen
87661feb63ec4c3e2f44a0c9d6b0a52a,main_screen
7fc3817118bcada3f065adde5c2760e9,main_screen
703b15f71c89edf3f25186bb8a169c24,statement
bd1c625616d459eef2aaf22c32cd8f27,main_screen
2c6e87c03beb8d5558e92fc224f3db9e,main_screen
15d1a57c29d127ed3cc0424b32963b42,main_screen
3a0c26410e7ba405ddd599a0526779f5,main_screen
852396c83bcbfdfb9c9f67825213cd39,main_screen
90b2110c7586a92290dce0090eff9e73,main_screen
bc70a3dc4ca7c74081c9c20d07527a2d,main_screen
6214c1d054397945679f3382980b4bb9,main_screen
cc206fb3744ab1fcd3271760b2d65ce2,main_screen
e063ec4650ed62b532e07cea7049f2dc,main_screen
2dcd29155a1cba69397f89d45b8ac4f2,mobile_recharge
6b6ba148ad7b97760b11cdcb13151022,credit_info
659fcf3ba982a064400a333af8b210ae,statement
6e3f9642d143c42bdda64ff9fc988ca9,main_screen
280a37c514ede4b908120d9be3e040b5,main_screen
eb88ec42a1bb8b0e42cec801d70a97c3,main_screen
5f9ab240526998ffd1af7759a532ca0b,credit_info
aa10d795ff2f04676e9f70d5f2eb472c,statement
5b20458ddb66babf469aa5ee2aef44a4,main_screen
a3724f06977c52ecfe550fedac531cd3,card2card_transfer
d56361757a428e1eb3f9b849448121e5,credit_info
e899e6514139b1d35b193ba4d8721ba1,main_screen
90ab023a96261c2319274689bc0bb408,card_recharge
497c005444622225d68f3af78061a943,main_screen
0f5dc446271fb51844d2d433550d9f80,credit_info
1dde0f14e6008e8c50ed2f85431246eb,invest
ed7bcc4a048a6c83a93987925502d729,credit_info
8ec9dbcb77c5d87cd7d0a4dc104d3237,card_recharge
a5ae71816c2b002d4f989a008c58df76,main_screen
9d9ecd7d38fe2ad2a6761b9bbc56db37,credit_info
6f901e2ea147285a116c6b1b1a3853d6,card2card_transfer
04bf4bfbef1f9743ffa715b35fb1b0a6,credit_info
dd634a463f759616d735a8d2d222826e,main_screen
2c6f63e7c24813a347cb431a7569ed41,credit_info
496b073166a4d1d68216fa466f9666e2,own_transfer
aeab4a820e1aed01fc2f2a957a8c0a02,chat
a1412dd22424686b8d24d0c226b10bea,credit_info
794591ab6ac5a11ccd8e2b8b2e16f0fb,main_screen
2d6ed475f060e767495ded16a77a36dd,statement
4239a7454a47775cf7226b0bab37bdfa,mobile_recharge
22e78547b9f8d6452e9e3300c06e5efe,main_screen
c5d326c53661af9385707a58f081dd3f,statement
a4529204ef952db2597d01c4feccf84e,main_screen
1fe05d04d7a247c958ff75c166ba3303,main_screen
15fbbc8288c33d8716804df24cb5e475,statement
f3b93ac71fa1a8ac28e9ffd5bb898a10,main_screen
5eccc5ab4d209addbd5707d75028e7e8,chat
ee3a12cc8bf3194f5f91d1e30fca1279,credit_info
1315136dfeab686a77bce6c2bfba4e89,main_screen
1d8dc4a3ae4c703fed54b49f726a3188,main_screen
acef0fcc2f61e90da7d8e8c12b6a86d9,statement
84e7633c9fe021868591bbc75d867363,statement
baf43bf6a645bc762a5fc7334f2b1c83,statement
90eb564482348837d7dc2e1c2c483b11,phone_money_transfer
53bce6bf6310837237991dbd325bb359,statement
bba7c9d04e0e1cccf8829f0871e2889a,main_screen
81bd4e9b954305900d4b657cb5a6ac05,main_screen
f2a139aacb737ff4d6b55f8d7c0738b7,main_screen
fceb5dd7a521df271a93da4038927f28,main_screen
2c7d4a6052ed384c710406a46ae4e22b,main_screen
75d64571d09a47c8ebfb3f8c0f6a4bac,main_screen
4fb6801bff37e2d57a7d20585d2b74b4,invest
780012abe55f66bd2148ab900db98cc5,credit_info
703f1aa073d6fbd4797d189c0ae6fcd1,statement
7d51a308a846fe347a4d45fa2dbfb916,main_screen
f47bf7e00e6ff722b031e3630edc28f4,main_screen
fd7357a070330a82ccedbfdb3a9c15e4,own_transfer
149195aa0e4ca4a3324a6543dd499c32,main_screen
861b300d0989fade4986ab03b19eb2a3,main_screen
50fddce8d03142d7ff499c501ea76aae,statement
0489c0771aadb4ba743b70010f6942a6,main_screen
1c881218b122dce661f22c2c7578c418,main_screen
065c1b19c0f883cded086b552a52f4d2,mobile_recharge
52860c1bf3cefcc1963610de2e3e5876,main_screen
d391792e565d9513af7f32b364f8b3c2,main_screen
cdbb1608b9311aba32a219c8f6d22211,main_screen
c8eb18fe95bf7c84da32e2de96208501,main_screen
858e1cfe99f2e115ca50b1ed1eeb9b84,credit_info
513c86e7e5e3be2f8b0741543cf9937a,main_screen
9a77ec2eb4081252384f32be11ee0dd9,credit_info
fc1e16ca32abc804250d34ad773b863e,main_screen
5ddd6d0a3305e963214d5a814e75c67d,main_screen
c94b4724e688008c0ed54ef4fcd94df3,statement
c6ec59ee9225de6aa59098b80909ef33,own_transfer
a3039699e87f242f4af9f5883efb1d2a,chat
704ddf16d925717056e2d56da5ea539b,credit_info
7eb50de1aeb522bb759556eb0e1f2355,card_recharge
bc389c06461477598568e3055d7619bb,main_screen
41b5eab119f0c35ecf668a0b82e0a08e,card_recharge
a37f68051afd5930e6540139adad3366,statement
88406c710572d392ea1cfe0fe29efbdb,main_screen
8a9c628b2d51b88a18f9104f4aa2d6cf,chat
0a51f6093c4b10be6b0c140d63e47b47,main_screen
152c42957251b2b66eb96011e927968a,invest
3a73845e1e16a3a5d3e9fe7e04e1ed91,credit_info
857addf652a7a5860a3f6c5060ced8ed,main_screen
0f7834777ae16d537bf6d8386a2df7a1,main_screen
c3de019153303b59071028e7bbd2250e,chat
0a588cc03263d9ebc6540bb9c7ffa2e2,main_screen
7e790d18fec900d1a178b88f6e3cecb1,main_screen
0598934716ae8cea1f60a71f362344e7,main_screen
dbb3f1c04f35b8694e6675760ad84705,main_screen
29bafe6fb1ef275b1552595d774a4e2e,own_transfer
91d4b8737f5d8811811076199885620e,main_screen
91a0fd3d002f0acde875d46dbfb07435,main_screen
58f68ea260c5e9266a44f163c9c301a7,main_screen
3cbf689efb89a3ed09e7fba842bd4e84,main_screen
2b998515355cb987a0c775710efee82a,main_screen
b4b04fbbc8af8935b34f52b0b50c66c4,chat
10ea0282cfc7931b8916a535b7febe56,credit_info
d01bdb2c6dda64a99d0faffbbd584a88,mobile_recharge
fdb074b0c690515eca31f9e6f73b086a,main_screen
7aff713f5bf398ac7a0e17872ab7d09d,main_screen
0b4389f5a106500e6801c9e5fc1918cc,main_screen
8df86ca5f1c499ec273b13826c65d227,credit_info
5fa28313ca12ce623c4a15e532dfa88e,main_screen
98605de0f7bb0a4019b301589b44d2b3,chat
c09f404275f1bc279ece3fed1374905e,mobile_recharge
1cb699905e9175caf3170db3509ed6af,own_transfer
1d476f32cc19d159a650105d406dd60f,chat
30f37be15fca109c215c29aeca4e5957,main_screen
3509ef402cb75b898d145a1a33249848,main_screen
9087c3fd40f34e7b11944d7496ce93ca,statement
4dff7a12ccdde7827400d2c0bcae9bd1,card_recharge
efabaf617ae8d9e0d71b9cc390812755,main_screen
619d9dcee7bbcb14f9e5cb829a75d88d,main_screen
64ffb2409ebdf7172087f8d1b9471c46,credit_info
2c4df5a41a7e6f37151e691493a0e963,card2card_transfer
ea0e2f0f90f282e1460a00d82b235d7c,main_screen
11139d83c0c69c6eebec021f7ed4077a,main_screen
9591aafecc7421e92c3cf0a213047a92,main_screen
e08f1f241163640f9f6878fddef0558a,main_screen
7dde636713fce59665dec81f486da319,main_screen
0248a7bc3664741540e2d2c8937ac19a,card2card_transfer
05dc3239d32ed36cc96a58795748c823,main_screen
2397a41af1a11241fbc3931528f462b1,main_screen
b8628bd64ba21919b470ec0ae1149699,main_screen
5a0eaa84674f8b1a63ce81d8f31cc603,main_screen
d50b87b24b6a53cea10e525b7b7723c7,main_screen
7acff6502849f44a9d30ffcbcc34e5d9,statement
9a52b6a3ba7695f907d190b0fc42af2c,statement
ac2e2f3b403ee7a7eb66e022e7a1f0c9,main_screen
2b61995607bfa48e8a90f1c509d4b761,main_screen
6f8bd6fd4a8fec6d192da3966ea2ae5c,main_screen
980f60bf248319ec5a20fd1ccd585784,statement
9f9d95538f844e7986ed5eb199a5e5b0,main_screen
e20012953c4075db175327e15289519e,statement
0301bc5ed60c014cdc93a09a4ff0a0b2,main_screen
7ba1590c8b895d45d3106ba1e1df6084,statement
88b3e26a948ff29ee21bb6e3cb8b84cf,main_screen
9b21c167bd221acdb2516cae0dbcd09f,main_screen
d5d71d2bf824ebb2781bc0cd2f61dda5,main_screen
38291dcc26034063551e4880f2de3de0,chat
9d933a2e69433ef4108ad898351ab8e7,card_recharge
61ec29dc0b2089afd0c238c3df7078bf,main_screen
ec5251adc0513d89e554acbf3b0ebc58,statement
b79f8b58b9a27458ac20ba9892210c92,main_screen
6f4c34eef8c66df7b239c6e6927b71d3,main_screen
d5cde1fc43e0ab2ccde0874dcb3571ad,credit_info
18039b4411c0aa07a607730c516a4a30,main_screen
09c089e03651ee354785c6db97c365b3,main_screen
eecb9f06682c1a1cc89389312ad7b1d0,credit_info
b9c668904423372bb9aa733fe8bfcbe3,main_screen
620ec9886bc1c407af4175a026ae1e8c,statement
2fa5486cc73049a29a80e4326224a266,own_transfer
a2b4321194f533e6470de8e2a1376d5a,chat
d2ee9229e0056693390bae3949290f82,main_screen
a4cfa710cd99059592cac6da642e24b9,main_screen
53a9eb6cd2c244c6983ae107176d8a79,main_screen
e618999344cf73ee6342fd15a893ff4c,own_transfer
24812ebc96d6921138d587746e8796df,statement
53e1c0e8870878e476919f5dd8aee0f5,mobile_recharge
b9761a0d3b1dfbcfa7a75583933b8acc,own_transfer
f6919432694adca3ea1e1a10f082aded,card_recharge
59afd86a365557443ac39f06cb8d3d6e,main_screen
4be4faf0c2da31c373d84acfc7765adc,main_screen
2a696f78a5d22e889dd8a3bf9815d4f3,credit_info
c6acaacbdf2dac88c87682f943d510bb,phone_money_transfer
bfdfcb160381724f3ad56ffda920a42e,phone_money_transfer
15b3cf514fb14cf5594bcbe71b723487,credit_info
17706ef9091ec34a929b8feab68fdac8,statement
8b77b112e9c1210fce424473d96dab60,phone_money_transfer
3394cb4f997e4fbad2c47e576cc1d723,mobile_recharge
836e9e95d9543ac2d23d3eda2c487267,statement
084d1a9006e3f0c6028e336b0ee1bedd,credit_info
41bed757d9f84fe14d06c75db4f31fc7,card_recharge
556cbbf944ba5baf53d4b6036bc73aa2,card_recharge
91485eee8fb2a2f06b5d021ddef146f8,main_screen
4e62932fa3e9749cf5532c3064c4b16e,main_screen
dd46b2450545591fb6acbf86add0d16a,main_screen
eda0d3b374a1ea6857bfbd906390911a,main_screen
a4bc1bb2c67d47a131bee8538468371c,main_screen
fd2dc84ad338e52c4cb1f4cef6d06496,statement
da9b324e5b99bdb00a36208efaf531fb,main_screen
7aa9c02cf9eb88552421d4e2bcefbeee,card_recharge
40982def194d4086755e53cee0b7870f,statement
6edbb7f41cca7677f1c3650c5b09c3be,main_screen
1648a51c469b9823f407ec2a7a63f356,statement
325ef54eddac4e0a9a722ea461ba17d4,statement
61c6f9bce7d2cda5ee14f10de8049700,own_transfer
776543b886b0af1e58038ecb12865a27,main_screen
f6cd963cad69fb2a1f1019ffc95e9b67,chat
153abb7916456649bf96d0db7a741e87,credit_info
33d9ab6e8f00bc2d3a41e7db74abad31,main_screen
16bb75ab3859e0ee1644427ed3251e49,main_screen
f2a1e2a894d1635da2a5100b6f36b0f4,main_screen
ee408b96f880a6f3da13084509f9cb49,card_recharge
f8e65dca6b4b78b4627f84e26fa38fa9,mobile_recharge
86ab1a66bb930e7f858c370174a63174,own_transfer
ea223733cceedd9d83d2ef7425d473c6,main_screen
5dc55d364191301d107bf7cdd284d952,own_transfer
04a0b89390cdcd3eeb5b71064a0e3352,main_screen
f53f3ed369b55ef2b4c4ac3904e9dfe3,credit_info
9aa54d6e6b42f02511152b5027e1407a,main_screen
82685349f06eeb2f45e36f922f80f8fe,credit_info
39b9ab8c6f97704ca792e9c9b02a5b51,statement
b7f584119d793ab6e31740b8dfd2f6b7,phone_money_transfer
4dff6a50656f9fa2c7a7eceff68e3b51,mobile_recharge
360b33f7694e4af4c6e42344946dd22f,credit_info
72f88289381574881e8ee2d6fa002d78,main_screen
589b09271e3235e2128611dad98ceb8d,chat
42f14b9cef3dd9bf2b4880927f5fb31b,chat
83bff42b00e3b38eb2c7391d17d26028,main_screen
2268d899b6fd5fc65162ad970b48e7ac,statement
3265bee8486bb853131868839773c9f6,main_screen
4381e9ba65bbef188970edb69720f309,own_transfer
dc3ebc09233cef09eede064c5cd15919,chat
7eb9646cba9fec196810d13eec6dcdf3,main_screen
6b9d044b68b91cfcdb73466b948ef4e4,main_screen
6c10cde2b50b81e4ef476ac4fc19d4ec,credit_info
6b2cca7a2c8117d133050b6ea61fd69a,main_screen
539b1904052b554ee0efd4dfb2215547,main_screen
271b268bb903926b3deb176fe88525d2,credit_info
15381f86254978f43577ec49d759c53e,main_screen
777bb0dfc7e10494dcd9a81924b51bf5,statement
65b62f2d33afa32bc1683f6f693f9c29,own_transfer
cc673b1dbcaed78a6c4ad2804f1914d6,statement
28d5d4da4541e2d71f4f87dcfd950d4e,card2card_transfer
0c58d8c63dfa078ed4d42d81e3524921,card2card_transfer
e97c8fbad35eebc419fd449d39cdc5fe,card_recharge
8ba1ef2567b7ba367b7f31776b31b8cd,main_screen
0332a42568da3e9a790108fd5615d3fc,statement
9284a2ec21615722633ec4425ff4260d,main_screen
348db1f36e2af39c1801899f0579e02b,main_screen
c60690fc03efbe00eb961a750f496f4b,main_screen
73ac871e63efc5f7efa3151563ae5318,main_screen
efced7a8d2510099524b6f87514202f2,main_screen
2d3180118b2433226051499a75052630,credit_info
fbf2e513b18568a71a2d63e49b5e438d,chat
6d3fdbc691fb4bb3607e1e0ef1d46395,chat
27a07c3c555578fbbefbeb9be2269974,chat
5209fab18c1340ed5f3cbbe7177d8eb9,mobile_recharge
58ca949c6a42d836f1a75bba8b61603f,main_screen
621c9dad659146225e2f4f59a93e6a99,statement
d621c019b8235df0cf6c009fa600bbb0,main_screen
fa7db6eddf22a2ad09edc1383ba8190e,chat
82279f103873d593ae3d1bde07572cfe,main_screen
c5a1312c1b31d53d8f5f4ba3dc6dbc0b,chat
2f5d79fab55d8f95bf01792f935cd41e,card2card_transfer
9fb6844fd7880e3aee97fb70cbd99dd9,main_screen
cf87c9d9b5d328c7c980187f7ca4d926,credit_info
27051fe19e24dfec317acb87b554035d,main_screen
a3f59e97864e7b31f496cd5189c6a758,mobile_recharge
3423cc87d3d2fcb3d737baa67d8506b3,credit_info
24e199ecf8bbb9d0b8133a798578aefc,main_screen
c8ea3c88aeec441eb12e8256fcc114d3,main_screen
e921c8ca6e4b1ffb6c067791bf0bf249,own_transfer
b2e32aa36224206268d45f899543a057,credit_info
90b494e511480f202dae99c2098064b6,card2card_transfer
31c910685912a46bf73860b51e97e984,statement
042cdd75eeb73567299dcd24730c10b7,main_screen
a5bb95cb70cda109d8a000452e8cd1cd,main_screen
0b223baafbb531f226e1f14cf759b942,main_screen
98a6b7608618d98f66dc88451fec56e4,mobile_recharge
b611f50ccf8eb1bb6984385a3233bbe2,main_screen
4e99beb4ea70a5f57bbe1fd910abe6f7,credit_info
a64f16443c26d78bd911aa047c75e448,main_screen
e67e3a7acb2f269af5417c645bae91a3,main_screen
8dc7e3fc1fc8bd19194f6c641f3ff1ad,statement
528d3135666f459ee0c1f94f3596e1c6,main_screen
bc5c686c3217bee0a8f40b3feb947ff5,chat
55e178b87d6f9bb27bf4b8e74aed7716,chat
463a56640ed8159cfdb5934cc0c1a8a5,main_screen
2687419cc12bf02aa60020d83e3a706f,main_screen
358b53073df3bd4259bd4d4a22e937a6,main_screen
6cc7ff128833ce96f43a48c16e757fe1,own_transfer
6f6172fd8a5e4e76aa2954224ab28b0b,statement
69b7090ea473fd5b10763f2dd6f6367f,main_screen
57bbdbc8993812fd4962dac2724a22f4,credit_info
2910b7c8646787d647402ee1170aa445,main_screen
a9357d81f2989891b1ba9964ee0ba4e6,main_screen
06d4e9cde32920b3315891b4002fcc80,main_screen
6b8ce2fb5eed86ec04bfa9c81376061f,main_screen
2ef4e732626727d603a3ac5cf76b2f25,main_screen
a4488f131997e12ffd52b61dd7d7a0c6,credit_info
de5f3d4e68716da0769b778c5c5fdefd,credit_info
4ccd588c4f2d28778727e2fcaf69bd95,main_screen
acbfb399ed11c4e4b7a7ae30238ce603,main_screen
ca4f3cdc77a75397df063cde490afcb4,credit_info
7eae5b9d37baf7cc071e198879d8308d,credit_info
2fe0d3c0208ca189c8060d939612b910,main_screen
f026605fb9e7198c0ff8b6b45854da91,main_screen
aeb218de970bdc95f2b1c39bc3f28ae2,mobile_recharge
a328fa1af71e03fcee57caa9873d298a,main_screen
84016a02e1fb31d7a5122a5703be03a9,phone_money_transfer
931e8f0f722a0fc4f13d5c87f038c279,statement
9e8a4559055e55e231d9a75c19e1ffb6,main_screen
356e35d28fb56c5517d5402529e8caf3,credit_info
15d14beb91b990a91874c75487df3527,invest
2558f8d47bd85e3185ced0a3a6bb5c1e,main_screen
53102da1465ac58f8de71bb40f0de789,statement
92c9c575267d67a5ac1253800c1b2c08,main_screen
d15aa40deab35b163a50eccf5e0b99ab,main_screen
f68762733f1d2533c98ab458325c0432,statement
07b995129b0053029071308ba4a6ddd0,credit_info
ca6f0d6cca53438e290d345b841e2f78,statement
af3dd3c4e14e19548c41d413a0f961f8,card_recharge
397e43c4f77962c7330a9a08a16e0150,main_screen
d738c3ffb450bbbfe3c93a8391ede7c1,mobile_recharge
8938f073fb2603ad8cde1c7c576b6599,main_screen
07c8b2e57beae984bcbf0cae4f68fb4e,own_transfer
1ebed7e08f5f0a0d26ae3c4688a36adc,invest
e820899c0b0ef6cfa2caf99273a49a54,main_screen
5cd3d455ac5ba64942fd8a5184f35031,chat
9373fce872544656a45fc557d6053f07,own_transfer
82838982b2198855f5985a5512cfae00,card_recharge
49807db267eb9045e90002a224e2f2ce,main_screen
d463cdc305396f9d1cb8ff845d6f8873,main_screen
97ecfecddeac9561a70e28f4cc8f9df1,chat
baaac370944cc13a9d70846d8203226a,main_screen
94d02fd89b3edfec1453ba30d7a5f09c,main_screen
769210b30f75403f6e7a2b7bc175f6e7,main_screen
b9111fea027435aea95b8d2f14e5a512,card_recharge
301c40af21823fb6bfa7e7990de4b015,main_screen
970bc93871bcfb2d2381a47c6ca4b686,main_screen
d5a7e194c9b0f140535ddb0a59cf823f,credit_info
aa503200c937380d7ca116267840e88c,statement
398077953dc7a55e62abf8dd797de8bf,main_screen
1df1110cf3d9ed7b10ee6283faca31c2,main_screen
5a02219da64a22e2628771678591754a,main_screen
9c91d8bb0f1e0c0b29d892d7f3c31547,main_screen
d5b78adac6a1ec15f3f0e1a64f216022,main_screen
10f7cd09c94363e2bfd06d5eb28fb800,statement
e275ec827474777c63bcad0f3d990316,main_screen
ac38034f5442f6b81a89b993c1bb59c1,chat
cfefdfdfafcc8d0ad15ad9d91fd1abc7,statement
7737dbbbecfaa384e5988994f94ed83a,mobile_recharge
a2a70676573681c5999678317d79cdda,credit_info
622c9f1b1a8683f134f93e8cf20a4868,main_screen
a05da21c6f96db36203bd363090f9c78,phone_money_transfer
c07478fee7505958fbc664692a5a8d05,card_recharge
5176ea0e7230d3e2e3cfe0f50a4e5a35,main_screen
beec1f57c8852e67885584f608cff2e9,statement
b273b99669d1ca0b366772a1b2aa36da,main_screen
35b78c3034c2e7409392f823431e0ceb,main_screen
c3c70eae3f04bbbf9d2c15432a927b43,main_screen
4813006b54733c280d778f196deff82d,main_screen
c04d99a53aa9bce4d72041aa8fc2585c,statement
673c23a7e460427eada197f506be8d97,main_screen
3772d39c08e42dd134ada12c0ad18ccf,main_screen
12550953c9916ec50f0131c6c978fca9,statement
b0f8c75088871a01c7da7cf9722b2e3a,credit_info
2b295ba0c12cb7583997c71a20179bfb,phone_money_transfer
495896e3fbcf8fcdbd90656e544fa18d,main_screen
61284520fa69b5c22606a3b9568bb8f5,main_screen
68e1dbdafc6bdab0714d03bd9964cb0f,statement
d169f93583ca514ea26557b7d28cae21,main_screen
4478da42f7a2b879c326b834a1b28344,main_screen
18a53d9ec3b6a26eea2f3214f280d89a,statement
ae1d994b8c728cda40d24de603a540c4,main_screen
014671c57e5e75b65ebf37c4f5ef142d,main_screen
d6ad887aa540451ce64cb6a602fe4024,chat
93fcf2de422316fc4f2b823388ce7e8b,credit_info
fd57cde1e299e41e22866aac91105ec6,main_screen
c4cbaa3f9e2d02ed9da7c3e5160ab486,statement
0da27c14e04a0a7477b701a7689706d1,statement
71023333de94345f0fe6ec5680763010,credit_info
1d9effea21a2f53bf13ca5f841ba48f1,main_screen
fb63d96ca64d2b7f72a3d27c8c50b1c7,own_transfer
51645d33a0469d7be8d6434f115261a7,statement
8df832a7111d22751006d8dc0dc54b2b,own_transfer
b240cff79c6acc5293b546b21e873337,chat
90d838289cf96fae6c0025dc4c18d787,card_recharge
abf51c53501de9068528b6cc85a7a9dd,statement
c045bc684d2dea2aa272fe73aedc722b,main_screen
495e2e5f2faae8aef95f524b8ac765cc,main_screen
07f624295315ee5cdb18e12ecc90187c,credit_info
4e0ab215cfe9a5202df7781d882a3441,main_screen
0dfe107f10553c0bddb6e8025ad323e7,own_transfer
b8f4323de073707216aa8dc0ad27ff11,main_screen
f64cf999b5de503abbca81c337008617,main_screen
beeb095af420425c2cd3a1649979bee0,credit_info
ccd6ca676225998dd625b6f823ed2857,phone_money_transfer
2b339ef32432bfb0116aa67a24e156eb,main_screen
adbd3553dc1b7cb136022fb833cf76df,card2card_transfer
a9e996cd5ef9c161ce44d4b05fe429de,mobile_recharge
895bd4dee6fff78d5038e98e55c499e3,invest
5eff82230edc5b07d6cce589d439a452,main_screen
698bab4d7edb295233962796f96a8937,credit_info
61a002f1c5db4ff082c22e02a79bd039,main_screen
156f8d8af5c81033bb07106eb34667d5,own_transfer
696ae21fca90d5f3bd06fe813e3ce249,mobile_recharge
d2a184bf091b407cebb6f3d174b95a7f,credit_info
5590a0ab3d2cb9566eba00448d75d2cd,main_screen
873da987a59c739297238e1c2da9bedf,credit_info
36f067f3dfc935bd8e7676de0e0e523a,own_transfer
8f729c46f047cd880b087f13384b5c80,main_screen
3097ca9313bd88bc01e788b20ef056dc,main_screen
63b419485397a5ee7bff6a9c25058627,statement
c4280acbd60870d962af1fc5834521d1,statement
70cfcdabc9e278e0fcdb2e02a17685a0,main_screen
fe921c0da0299895764db8cf653a4d36,card_recharge
e95d9620e553a902f02ebf39580c4405,statement
01d5de420bf6c5dcd14e4944f9f6c4bb,main_screen
c499c15f4c1a12cf80eb525c478b219e,main_screen
10e461db8f9806fe04abdcc06d8b3925,main_screen
4e898b3a9662f9b3881faf3bd81487c0,statement
b223b4bee7b0c06b60a44b5cd8297e97,main_screen
c1838f141c65781d36a2b42321c76b24,main_screen
009687f55ac4ce8397a4bc97a2355bc6,main_screen
cfb5fa84c594866ce229fc6284943755,statement
fd0918f9f1e5e8a7b2889ed62b3077a0,main_screen
51672c2d42e719021c3b1e2931988d70,mobile_recharge
b61afe3e739e3b2011d70dc93db46af2,statement
ac99a12cfe4f6121022669164ba02f0b,statement
7353ca9ab0c9e79c56cf2e572e0ba7a7,main_screen
97143212cc049bfdce2a197f0c9e5e4d,statement
14983e9fa167d957ac76a441b4f1896e,statement
2df06e25ea6323ca1d23f81c3943e44a,main_screen
a74e810d77408aa5dc11fa2c761c7608,credit_info
cef5e93f553fa69872aa6379ebe2ea85,main_screen
cec3f7d41379053c7c25a02ebd16c070,card2card_transfer
e7223519f8b3c273562f8e5e8c41220c,main_screen
ff828da9a877dc7ecfb469f4c68fea1c,credit_info
36c1ff352104df354b512407b3b4a9d0,credit_info
22cec37bb11cd1ad8e81191dd869b25c,main_screen
9ea819b7fbcd326ac6bd69cfacf3500c,credit_info
2907e87135631a0e845e15a8c3aa2079,chat
02c93e73b86c94e0a45e7990f666ef76,main_screen
9644875bc80c0294bf61416ce7e05068,main_screen
3864957e340ba9963a601d27d66dc56e,main_screen
1e920174ac9698ca8e24117a5c03855d,credit_info
31eccf72be875a7ae92ad69a4ee97cde,main_screen
c587fac3546581c140a047db73eb11e5,main_screen
5f785c4daec99a86d71c00b64302febe,credit_info
dc0db79c53409181b3ccfca6ce2bee4d,main_screen
1db5e8425b4588b9f20367512dff49b8,statement
5173368a806e1dcef32f620f1aeaad09,statement
a4f1e9cfca9f953cbdc9a853404c0d9e,main_screen
d864d5c05e8e59f00d9b0fa32e41fe5c,chat
6a3fc17a70058ddf401bd3c4d4003296,own_transfer
9a0c5236d07c7dc0207846ae31d45b8e,main_screen
61dfef5d434d8ec6ad4cb064ff5ce348,mobile_recharge
ebbf67689dc7cd2f19321f269ae7fe67,main_screen
6a01551c8f24b97bb331169ab48d1a6a,statement
1bea56794952efd000a707d212c0d230,main_screen
0c99c36ec3633f2bc8e9ea7e10add509,main_screen
74fbf8a33952f12914b7201fbf2771b9,main_screen
79dbe4aa40551e5401883223bba68ddb,mobile_recharge
a5787b88be189d57cfb6a87fa1f51a86,chat
c9465feec292336590156b890ac96326,credit_info
01a1c3d59bff38775202e76cd6aabc67,phone_money_transfer
4ede85b5cb5509c5d5bf92095357d476,chat
9d8019d4e1eff37dfd5db74d80810dce,main_screen
e33bb0c265d8834cdb6ab1014d1b3af0,main_screen
d0f91dd8b20f656428a5917242955c9a,main_screen
1f533ab5969cd6c7b2bcc382afde4f1e,main_screen
8708a38f4ab54a2210fbd807815ffe00,credit_info
c01765dd84a8554d8fc18f30df9966f7,statement
f509730be7664ca94e9d72166b2843b4,statement
4023ad735ebf064343ac265b9d2a9845,credit_info
5abe8f116070489c486c75ec8207fe75,credit_info
dfd1cc58f757bf5b9dd13956ca8480b3,card_recharge
b07d1b2115e33bc2563ddcac49da4154,mobile_recharge
304e5572505ad8968347594960c49fc2,card2card_transfer
87c6bedd52cfe8baa4437f61feebaf66,main_screen
6013eab07751182a9161953a85fb0e78,card_recharge
0d87e3c79bddd015256afdf6d2409ca8,credit_info
aa451d8813f2969c200fd2c49b288259,own_transfer
c58a30cb8c0ba302a01243bd98994e5e,main_screen
d47680e636764de8b83b54531141fcd8,card_recharge
3e1660d3606e44cfe2f23a1edeb29bbf,main_screen
99a1ef3082b7868d44230468b66d8a03,credit_info
9c752bb360ecfad3e9c6da193f8099d2,own_transfer
3c9b2f4f79c39f6ebe59674e42665bc3,main_screen
234f1059b304aab9c0c6c99ec6232cb4,credit_info
668bc9785abb70f37feee8bfdd609d42,credit_info
4525491b7b40358b898a1aa810563717,main_screen
12fe963af80f1a8776ba8aa8158b3e63,credit_info
6b333c34032d1696535cb43e82899b65,main_screen
2ecf4c69f41d96f8a07e0a5352ee8c82,main_screen
edbcb11092ed41b370c9ece9ebe63780,credit_info
bf11b315b08553257cfd1feabd0fff7b,credit_info
d1bbb59ba3a4d00414e4641280bb0813,main_screen
4418b6fd4e9602138132f4f8781097ab,main_screen
3b5f2751ffa2c2a90a745f3d973a9e5c,credit_info
ddadc9f7ff5499b8fd2ab0075bdea7fb,statement
db051cb4564cb02611067af282b42df6,main_screen
dda76cc89284123a496eff00889cbb15,own_transfer
1c98e5e46881118fb1fc2e11286b30ff,main_screen
ef7065a7d39884e0d32256a0ff85dd35,main_screen
3d755ba62ee3793a29031772ea65948d,own_transfer
5bd72fb8e355339c100839d50a5b3ac7,card2card_transfer
3483c66d7b36e330c2f23813b25a49b3,mobile_recharge
9d8bb1af974002ef7e49100c484a506b,main_screen
071ca0f3b8a88bc44a9bfc2f08cf2a1d,statement
275c491f6312588cfe808f7ce45c88e5,main_screen
afd0b85c13184ca2e7b001c4eb7701f9,main_screen
5fbc4c3d802e29921ebf9efaddeebbe2,main_screen
237d232cb09cb25655f60d3de694d475,card_recharge
104893cc53124986f2fc9e9cf807b98f,phone_money_transfer
07371ebc581cf4ae5b204f1da06f49a6,mobile_recharge
4e8216f46bd7da767afbb1f637ff7db0,card2card_transfer
174a444e340f7216116d697bcf8fb18f,main_screen
603a893d5f61ff22b3e798955f425c77,main_screen
f1802c6aa45ec751b36805fb9a2650e5,main_screen
552f2b592e17d609c5e80864c848d9a6,statement
9d7b1161d177d52a9b4b3f1eb6787a6f,main_screen
c25ee62ece2ec70f7d0b37a27247b637,statement
a18e9ae3d40c3657df4dccd86b3aa621,main_screen
52069072d8f76bde09183d8af57213a1,main_screen
4090a9bcd02bff815d5036aa89057077,credit_info
7c927c6954b0cab9f81487842accd395,statement
7b9f8fd79e8e2d84397d72f97509c4a4,phone_money_transfer
410a30cc34fff3bdf085c41c1589903d,credit_info
18a348715fcb22c6742b8abbf6747018,card_recharge
7021eefe9cb8d2a72b6f2103362d8422,card_recharge
21c453f76598c5d83a4e133b695c70e3,card_recharge
e470072793b307d3a3645bac72027ff4,main_screen
f3bdd6a11b0e821634fb906170377eb1,statement
4dd7f0c8d861fc57d3a7a3738b759cd2,main_screen
04f48b3a737cee30f4b0f46cc9b5ea7b,main_screen
9ce909cbeed54d3cca37a0d28c4d5b29,main_screen
55d34eb65216d793ec7834ccd8e15d24,mobile_recharge
c90c89ec72f32f16f6b013fb837d8044,credit_info
3614c2096264a2262dd1a2ba303bfd4f,main_screen
082e106a9fa86707d8d733cdae69b022,main_screen
bb16fd08ffebe9583e0426af224b1546,main_screen
ac795bfc2e55ae987dc01fb2272615de,chat
b619f58d6ab0b29c2f92fe7e99d854aa,main_screen
4e81426492998d6d870634c42ab4c02c,main_screen
54834b96ca84565785293f8c5bfb5316,main_screen
d7f343f28e24ebb390c1f94e9f8fb991,credit_info
9ad686ffd0e0abcd1c9b5a428a07c23d,main_screen
98e53d24bedc45e8481ed111508a317b,credit_info
6ff015b357922c9abfa6c940eae39cab,main_screen
323cf5737c7c3abc4abd5ddefe84498b,own_transfer
d833b25e2584035aaf3338082ceb6a13,phone_money_transfer
9dd90580d185ec195682577428d75cac,main_screen
3e31e62a5a3e8a6499f0cdb70538c9b9,mobile_recharge
99cfbf3e7bf85030104734f032fc3aec,main_screen
3e8b0eaf8d3c869bfbdc681496c1e3d7,statement
923d8270341dd60e52cfccac43428c2e,main_screen
8d3547be49ef71c1e89dce5fc7331822,mobile_recharge
c2c0757e4b66ae197ddd15d57123d126,statement
0e33a1fd06178fae660f20efd8c34695,main_screen
a34d0e8d0a9f9aef63de29556b0c426e,credit_info
6a7c1f566136afd14358967daac8ffa6,main_screen
bc80a25ee4b9960e7c374c72285c4d01,main_screen
f0e75c8f31af9855ad1b254d6fa9d2ed,main_screen
eef015ceb6e3c9b41bec725b5c25c9bd,chat
5ec81b0a44599cec33822be4f02ebf95,credit_info
5a0d4515ad34b7f8752fb507fdcb06f6,main_screen
eaebbbcbb8fca49f12865b1b35d89c63,statement
c9a6aa3c460a3fa1e071474da88fe2c5,main_screen
a048aecc2f5d157d0c511a5d7bb41e8a,statement
a9d518d998a688887717c58850a29689,statement
4a1a62e80dcc2eedbc5790ae780223b5,statement
0d3684a5a01c292dff09b68a09e00fc9,credit_info
fb6733c3d90fb3c645d12d44c9c975fa,invest
9bab36b3515a330e57c35590f6361dc9,main_screen
468159167fede47c8ec23c854b8411dc,card_recharge
8cfce717ad62c83498927ef8423b2a89,credit_info
658b819ec26f43bec82ac906f2b711ea,mobile_recharge
09459a480e54b7f39fa9bbfac5174ff7,main_screen
3442302d0200deceb30ca0a02d2781e6,credit_info
15ac659d0567dadacb577ea20cac3e58,statement
4781560c23a7e8afdbe0873c8ccceb86,main_screen
0de1ca28795f72c602deaecedb8c6b81,main_screen
39e8c8edf8fe41defaf1381cf6636d22,main_screen
c8b125dc272f40bc2c2b23cda8f8f193,main_screen
50cba83ad52435f61c5e3ef457b51174,main_screen
76eeb6b14448e36136959c47a4ef1ffd,main_screen
af872894384bbbdbdc8289312dbc69f2,main_screen
0601f4552eaa8237cde67ce94f908265,main_screen
c89d5a2127040622f6e6b41f749587ff,card2card_transfer
d77db62ff050288e73d9b3ffe607515b,main_screen
e5671366ca9d31b66294e5b5a5a41e71,main_screen
7cf6b4a05df77d9166a3a9bde630d835,main_screen
6e70738bd3814cf11cee6470b5a5e93b,main_screen
af855b41c72e9ea5c7b8d823b2952d6e,credit_info
070b907c413402f80b06c33e9d6434e7,chat
b40efc9ca9f10d5c67179270bfc3d61a,credit_info
f61cd9812750177a522eed40115a60f2,main_screen
3193d41346604a2193b37d0ae623dbba,statement
4d52c78b08ae2b8b90215c275404bad2,main_screen
0d0ffe7db50623d32133a6a39b82914e,own_transfer
d83c0e3f53f5e619a7eee41cea26a976,credit_info
0c767ea92ed24bf7aa6fa139cc2c70b0,main_screen
7dc2c69adcfa993fd22a101b8dbf04be,own_transfer
50b6ba4934dbfad3443a63c28bcd5780,main_screen
2fcd92c35c3a0a2fbfd7fc11823e96c6,main_screen
eb16168b1077d32c1644a57a20de4a4c,credit_info
472f5da5cf4cdc3334eeb824452e6140,mobile_recharge
9598d615ec1cb6dc3a9a54c48f9514e0,credit_info
9c0663c63e597ce8fb8361ab320fa9f4,main_screen
16f169acb9a0953bcacd3ebace85de2b,main_screen
239d6e3543956d0a5a1ae218d2396bff,invest
f90443334ea35f9d768a954ec0e53bf1,main_screen
f558b03c23bba0bcefa1d7566bfb999a,main_screen
be166064ce84b5594aa4545d4390c14b,card2card_transfer
2a93ca75fd736d1d6b90909852d1e64f,main_screen
500aeaf4f925400ab1cdc19b3acffea5,statement
91e5c141a0a5f7b78566deabcea31cee,own_transfer
69d3fb79b5de70440c7355e032bf0e98,main_screen
7271639fe9c71f7b45b354d3f9f8e4c3,credit_info
4ed4558f8fd808147de4e2644ff72b57,main_screen
a64f8fa814c276080ae50f74a5a03189,main_screen
06e5b47bc83bf5d95f592f23852fed94,main_screen
eaa81bdb74e53ebbbfb4edcc958dc6ef,main_screen
285fd82019e0e4b420155cbf0462954a,main_screen
b9788072896ff985df293107d26e4578,credit_info
c0e73e394502f90a25a72c1d9bf552c8,main_screen
0c9b80d0f126aa162882a8fb8ee80052,credit_info
bff2dae7ab732f0fd96e36a4aed691d2,mobile_recharge
e5b461528e108d38ade45df83846b79f,main_screen
ccacd37d30ab7020837081f907444cc7,main_screen
006001c4d6a996a5cc92eeae8c269e37,main_screen
87daefbc24c4db0bfeba3538a2ff81ff,invest
6a0729a638dc8d46aad19ca4149228f7,card2card_transfer
36543052a97ae5fa4284912b9bd6532e,main_screen
9c8671d93ea389333e3b94653c2688cc,credit_info
5a2925650e4d75138d9bf4a1064e1fa3,main_screen
aac7c91a694620c36c632f5f34362d9b,main_screen
ea386f44e5b77f03e81736d9ca4fb63c,statement
2ed3067be17f587166d610019e658dc7,statement
227ef9cfb5610270c97dc88abeffb449,phone_money_transfer
dd0bc2a6b9c167c95d4acfe8c2458d51,main_screen
a8f597aa122c5826932a5c192166619d,credit_info
81556c461ee839f62c8336b02d401782,statement
12d9c0f6eac4b0e28d6873f79c6033e0,main_screen
1c954ab6dc7b0c27e97da5dd231ce73f,statement
33601659a1d4c61058e56718f00eb341,main_screen
3092f0cb720a3032f9d15fbba665602c,invest
fb8f8d1111fbe83eff43694f27e76a50,own_transfer
9e5181af93e6d3776f11ff92b59874af,phone_money_transfer
77ff108a6e470e01d0a333e75718e763,main_screen
9e80743199b1d51e04c0b4294d93c4a1,own_transfer
faa716f5bd584786a473a22c5e9b0576,main_screen
f0d180edefce87be0fa3ebfa5b579c55,main_screen
7faabb41343bf371a7bd61b21675fcee,credit_info
ceb6a71dd8a0737b6b76191ae7af9e12,statement
aedfb68aedc0225737de4de9a96b268a,main_screen
8973280ad39b530fe40e0218e26acef8,main_screen
0dc8a5d5fccdf44c8d3cd762418a0657,credit_info
d81d3bcd57b6a0d9b80446c1d82e6c66,statement
7fb33821d9e8dce0331a68597980aaef,credit_info
17b04c6c9a53875649befa8fb54878a0,main_screen
0eaa6cb76b89c7536f7504d113728958,statement
9589ba6ff9363c3eb5a148373e496aa7,invest
a22ce48b0590355fde5daf9521e7d12b,main_screen
30656c66a0a8da3fbb476a1ccc73e972,main_screen
87a016a65b70adc1db274a3d2cb1432a,mobile_recharge
87058bae5312bc02daf6b51e7bb1a0d1,main_screen
d7f8d2f9e586d98c779353eeee3e9851,main_screen
a31ebf868d19f4bab597f6f086ffd1b2,credit_info
d26f692b3b31c1f140ff517ce7ea5a66,card_recharge
f6a7b7c90cdc9387cedc17d47728b3b7,card2card_transfer
7370c30c08d89a50606fc5dbde40cc3e,credit_info
c814049912a53c8e83522f534b74f33d,main_screen
c92dfb5dc9a7a1b8599b9fc9d1a681e5,own_transfer
9b392fecb2ff24b56c385e4f121613c0,main_screen
85eca981f9d99faf9d0c2174ce852fa5,main_screen
74e630267652a23d71d6952b842a457b,main_screen
b65959acf714dd1e3f56e66c9ead2804,statement
3808953fba11e7f6d8388b55545387b3,main_screen
7ab3480038423c88cfc73ecb3581f8e4,card2card_transfer
692f89a8b066973b3dc42062c32f1e3d,main_screen
818546c19757b18004400b577a941320,main_screen
2b6b276e006775d3a14fa9413b05063e,main_screen
90307910c5a4e167631c930e55a17527,main_screen
30947f8d8c70a642207ab77d4bfa6107,chat
6c2a6b6a13138e99094f52d7ae9decba,statement
b0e7cf01a914863a4e221d8ed37503b8,main_screen
cf075e0e5c7d78abcf9b2f89a3328303,main_screen
10d5addbbaed03914b467fdf739db466,statement
4f30530f69a62db59e5cf960365cc5b0,credit_info
b369855f11241d899d3f8aae4a7833f4,statement
d8fe3781d91201e361ab34ced3adb4a2,main_screen
bdcb5868c3ca1e451822765270b50795,main_screen
83a5e7cd0c8902b3f550d1848892f96b,main_screen
8e4fc06a210cd7c7c5347b2af41d8fa6,credit_info
99f0c1534df0337a5debdac59f8ed1ce,card_recharge
e1200a96fb7df438a9c58a8c532bbc40,statement
9c16fe12a3105addd7d5d35bbe854942,phone_money_transfer
ff022a1db22c905c801b6a6f0c08670f,main_screen
742106fb4dd068cf8ca24d97718f8ff9,mobile_recharge
228c2c84818167dbb1dfab2e45b857cb,card_recharge
64912143934f380beeef6265cff95ec6,mobile_recharge
64a868503550548f309090ceb1e43118,main_screen
99672d17f1d4725b451870aa4c106c86,credit_info
ef71f172fa9f07019180d4888105b233,main_screen
902986fb7fd2bd1695d5000bd22e4246,main_screen
e100e5a3a310fcc6efdc81424997cde0,main_screen
c4a47939547480429cc661729416711c,main_screen
d19027bc01121fa7dcf0f2400de69f97,main_screen
96281588558dd67978ecf9be4c28c862,chat
55ba2af3502efa93b9efd4579571b5a1,credit_info
b3887283e7326ff65338b30fae060e7f,main_screen
c03d24d9ccc1504b1395976de35fa56f,main_screen
ff31aa534f765a4c202af75db79b33e4,main_screen
11a41d59762f223b5df5a2ce38cc38b5,main_screen
7aaadac5777af81661fad5dd7155d551,main_screen
2870e3a286cfbf0f8bdc0a99cd1d410e,statement
2b8b45d5c8a1dd7a6d8dcd88549ff296,main_screen
dcc1da5a995ccb8cfc378c64487ed17e,statement
1a30453647e4276fc8c2d8bdc979efb6,card2card_transfer
9858c143b0a9f1da5c32e288d93bbfc2,credit_info
50bc43e144e8feb07bd23850140fe392,main_screen
1f5e9bdeb91b87199b030787b3b10812,main_screen
e9a570e60341768f22ff329243828c5e,main_screen
3652047d9635824e9d922cf96e6d167e,main_screen
cbb5710d6e7bb9b5a2ee7752be59aacb,main_screen
04b275dc149dd9d631887e23d7a137c2,main_screen
1e572169095f8b1e339719f399ea3321,phone_money_transfer
457fe2d0f07a057cd7d12e6cd9e8833c,main_screen
c323a184b456c6c9a9fce5eb1e68f6bb,statement
0dfa7630f7cd3a459a8db34d21ab110c,mobile_recharge
d199d7bca699f5bfa8f4228b457aea64,main_screen
098cbc9867f5ad4e630a59256c2b1a63,chat
2ef60741b42d7449c60b1484152b5a58,credit_info
d998e45e629225d68f7a1cb23a9dac87,main_screen
7f38a6b01f2127ea43d834bc4637fe9b,main_screen
55ed1da29d3b8935290d171174cd5ed1,main_screen
167434f82bbc96807af92a7448138354,mobile_recharge
156e2b4c1718fa7951245bfe5bee2d07,main_screen
20b12c933f90cfcc6cd737c3e7abcd36,main_screen
29048f268e5faff2b121541d682cd3af,credit_info
6e7f02cf96b2f33ae29821c6499656f7,main_screen
68134c8e8cc3fb074e083cab16cbf164,main_screen
4281fd3903325041190242d56adfd378,main_screen
608461721faada4deb5a25b281159a26,main_screen
e2e7bf7215cb2e8a09c7f95c9a02e53a,main_screen
0060520300f93030529e14c622ccb872,main_screen
ac1f79aa455daf88a59e2df88556eba5,main_screen
c1a35db84e4238a3b778b04f1b55125a,main_screen
062b34db5a18fb5a1ef9ae8ac40f30b4,main_screen
5936383ba462f2115035af869175b28c,main_screen
9ad02ce6f000e7433eba3a7209b2887b,credit_info
2d8302c3b6ba1b88eb2fc326eac06398,main_screen
69479c3421a015eed43237f25ff4f428,main_screen
7638545f6d8a2cfaf9af2a5e513d79a1,credit_info
357e5c20c03acf4886e8acff641cb845,card2card_transfer
14e466c9d9ac8835a252581ac4a7ceae,credit_info
3c95dd982ab5087e03664c7972182772,main_screen
42c106b950b2a8c1d2098c55d7206b4d,credit_info
2921a7e94631c2945510594f00a7a4e1,own_transfer
6f1f92022a736d7e1d0ee7ed8769f9f7,main_screen
6c8a1f1079371ba1f25b8c6715499e22,main_screen
ca578844ada231a22b100255dfae3b58,main_screen
48d9373e2a73d598f14f3a3a8cc004b3,main_screen
4b55e4f3caebd77ba6ab5efa905b471f,main_screen
fdad22f985b10b2dceb6662e44187933,credit_info
9035554ec2da6a2ae97afa1551bf70bf,credit_info
308b33366dbb7be1e4511624b5ccc763,main_screen
088cdd88aa5279aabac8dfe8111dab78,main_screen
0be35fc757c09949eab51e1fd4f10529,main_screen
d4ebaa436a5da7528d948f6cb11eae90,main_screen
32081c81d3d8d3d82f3c0c1252bdd573,main_screen
695aa25739589cdfdfa42e545f6de598,main_screen
5ee2805091f0da0bebf86fda21c32010,credit_info
349034538364af95f603b9c1d9d9f32b,statement
7c946ff8ec52ca979f14c167d10a8f2e,main_screen
be8ba591981a92d83a022d1137224d6b,credit_info
c93487a21a81c16d956d2604fe27d650,credit_info
36702e00d2e30902d234a2343bc75594,main_screen
37c6de589881ce64f5c4740db63460a8,main_screen
e7fd372cc8bf790588685efd1ab02651,mobile_recharge
c7f90a8d08d5c181688b2cd3c2f2f9e2,main_screen
7c603566439997376489a20930fa8142,main_screen
78ccb41d84cc3cfabcafee2444698df0,credit_info
bc66b0e20ddda804a4dac607d749d7f2,main_screen
1c2aae9c169e9f729a7458fe6351668d,card_recharge
8305bd6fcacec81d874d1cb0527c0ee4,credit_info
dd99f04e4b93ce88a6440b215fac92af,credit_info
3b62dd0b7b9f41a9abd4bce5c1102b1b,credit_info
b8d236add5e09202ac574cd58eea50fb,main_screen
a1bd78eeb97b50239f3e46f043e406ba,main_screen
004891b630f069b3577ae218e86f8f9c,mobile_recharge
b955985b158a21021ebdc0c85079f395,credit_info
84fbc41762e0be5fe7ed53ea1b1cd9ed,credit_info
8e16d2fca966b610708913eb5f4676b9,credit_info
bc318d768bfd648c64b606093e2b55fa,main_screen
9fb2b1e82b6654d9f5dd67f80b468b72,main_screen
84e7a0af1847e0514cea94a870e9d0f4,phone_money_transfer
e3c2c5cb5084efe718a18d3879c52a71,main_screen
433cc523345cb262eb97c51b5db65af8,statement
41313f41672b870070d147d645decaba,main_screen
41c3ee919c193c32abf35fc2ef481b5a,statement
0083265a28feac3689a597d42bd3ea65,main_screen
6b1b560ee804730ceeb44abc273efb4d,card2card_transfer
c18684e9a01afe600590103d79043e17,chat
553654c33bbb67f3bb0a4843f4c1ccc1,main_screen
005128213919ae5821948946ff257e4f,main_screen
ab876f52cc77947a34a3192f31638b5f,main_screen
82ce8b047d10918a0a08c6a46043311b,own_transfer
17396c1643baea3a0c8308382561ee5a,main_screen
6137c42719aad5974baf635cfbad23ac,mobile_recharge
28eda9b1d810a1d2e26075f362f69e97,card2card_transfer
63d632693470fc4c660bc0054eb6d921,credit_info
87949f8074cce5f4e2a7b0a496d5431c,own_transfer
29c1776afd1cf3fc078b16807001e2ca,credit_info
2dfb3d4ea10ae02514fe0587bd65ff11,statement
497b65c15e84568923aa4558a258dd8f,main_screen
0380fd51d9b44e9a93ae81d7748f9739,main_screen
819e12e183665a237756e041d9e57d8c,main_screen
49b9a93906da50c497ae6f5cf51cf657,main_screen
6c615a4a547bf68c25b88fb358d87ac0,credit_info
bbd05e98eff25d601e37c17e2c201a8b,own_transfer
e2bdae4e932af36ff9b99ecba0b00500,mobile_recharge
edd73a6c2d7cd3d08bffad35ae5ad220,credit_info
ff67cde78b15c584fd5e816893bd931a,main_screen
ef5a18dc16a89b9bc26668cb7fc5b011,credit_info
607426fc87a6a55d8a19ee381bd542e8,main_screen
e5736418b75437679163c91e2f0b1ba4,credit_info
9b521c172634a228d9e4a48b944f71b5,statement
509e0153b3696d4e91a2774446c8e98e,main_screen
17c859cfa970099ef6f9a98a5cbc47b3,phone_money_transfer
4169a6bc7c3ab712f8e725250bea0129,main_screen
f08376aa07b6686ca2cc9c7ea4bd255e,card2card_transfer
76c36f192c28766d5b2d851f19df9ad8,main_screen
711cd9bbb36c684451b1e8de3e0f05c9,main_screen
00f19587c30cd64509f2657eed1374d9,statement
b5ac11a8f3b8ec1a112ac0e96a7d56c2,main_screen
b0f922e11a4be3b87696d7091f77c310,main_screen
4db9772b988ffacbf22f5c454d014c56,own_transfer
069ce2f269025412b194719e91311002,main_screen
1b445fbd65de03b536fc4207d3c8710e,phone_money_transfer
3bccf367dc8f82bb05e21b2070535a7e,own_transfer
0567417075f253ce84887902111627df,main_screen
920a756bf0f9fbe3765d214087522dc9,card_recharge
c2dd55e2e51dd310a51c0c354609a781,main_screen
b8d9559067c5cceb4d19c99b0e0ae6d1,phone_money_transfer
51ff44de322c37a459ffc79f645fb6e3,own_transfer
bc31ca6636648a80fdd91dfb5a981416,credit_info
c3e54ceaa0df46a7a836d0e62f9fca73,main_screen
7c93dccfb9d54632126b0bac0607cc6d,statement
bcb5726d0e812c4b86f8a18b5c5590b6,main_screen
79b2d45d4863d7b6916acbec8e4c66b5,main_screen
b0707558eac9ed8156c54fe53a0cd732,main_screen
ca28f49daa25a82722669721b317db89,main_screen
5d77766c0e99503a2f71a0af35f4f718,credit_info
bc379ce6dff8abac7a99c3f71d9d7824,main_screen
d56ae3983e3d739324a1cac9eff9e3a5,main_screen
1a71025737ff21cefe6a7cbb27145e24,main_screen
e632e6e569f010b37b8ceeb9d7fd26ea,chat
eccce580c1d513390377c465b0364e50,main_screen
579596cffd9c58973170e60d8b61e85c,statement
d3fbda471567d38be2bba163c0698ecb,main_screen
e8209426f85fdf6f9f0c6617a6fa6563,main_screen
aa853438a69a32f396dc40c9dc9c574a,statement
012fe841d4b7a8fcadb4081578021240,main_screen
49a55691bb21092592cf21483565af7b,main_screen
e4e75832e812060f95e501b481e4b8b7,main_screen
e60595aa1dd0f96f758d7741b52e7a9f,card2card_transfer
034885a13bf17419510ad194efc1974d,credit_info
afb393514ccb7f48d24d1043471506d3,main_screen
6a6794b29b3e0d86f14c34ea52db44aa,main_screen
8d2d24b985d321bcccaae2dc9f2badc9,main_screen
11af7baf317d9ef8fdf5300df5626280,main_screen
756b6458f03463c71d34d43fdf253020,card2card_transfer
0c3d94a0581d70299b226d9b3a64809d,statement
28f043327da9f5cffa19ca50c63c31a5,main_screen
148f1a72e3dc339b8ae45b45dbddd4e0,credit_info
baba6e27772e6ca63b51fc2e86c9492d,credit_info
14d56ddb014c759d7b5a7039d8f811f0,chat
468d9167b8a697ce147abccd07aa9fb0,main_screen
507661638d2705b3cafb2527f2c3d80a,statement
005b525df20997dd56fb711b7182b2aa,statement
966a698e98c4e0401f3a3ba2289670cd,main_screen
91d47259e79714dd875e011fb1118b2d,main_screen
524c235f5da22b52412b0fbbda813ebb,main_screen
db71dd8a0bdcd584984bbf7ab8125e83,mobile_recharge
d95b8487c36142b5710b490fca065ef0,statement
832958653d2975d2495264013a583349,chat
900ff5e651b17ad47cc7fd349eae5599,chat
db7a0f001a4d0cd5687f02f65dc54482,main_screen
381abf56bfcbcf5dca72566fd04a8a56,statement
3825c546a67302d4b906caf61c8e3b8c,main_screen
83c55b45cf81ce0b9c7b0a44005772cc,main_screen
0225c526897ce6d595da05bab26ed38e,main_screen
c6a01215f94c61946cb23ad52b4de66c,card_recharge
9edc0ef62b4febf554f6108afad8b542,credit_info
0713a32f12dd15f86b997d4403d76f3f,statement
4a6c80a5e0da0d8a29632248e44ca972,own_transfer
583e42f00066db0e580e81e735620d20,main_screen
88e266282f89e05419b3863c531a5336,main_screen
2ca97d329d4307d96a18bf97bf1c3823,main_screen
b2bef900fac2c0672d460fd276ed51a4,card_recharge
ffdb881aed322135bf42aebf061cc27a,main_screen
26ce0378189eb3d3d64cc004c481eddf,main_screen
4ffbfde942b1b7a6666ae814d3472b91,main_screen
72e083371068df40b522cd6603a68bdd,main_screen
3b222379c244499bacd902be85f2d9f6,main_screen
cad3c78345ad226336a437ae6bb9f7a8,credit_info
4ceb210a31b116be866df12e23ba8791,main_screen
eb75d8ffbcd6152de71dbd98ed435ca2,main_screen
5da026d9cf322c8c46c8bfaa44771c74,main_screen
be02a165faf2f38cd0dcb087d9ebf1ee,main_screen
4c928e87692a20fb2c29cc7818aafb8b,invest
4410b223b982f0d809df1b423dea9df4,main_screen
5d8a14489103b944f41c490b98841eb2,main_screen
a9fbfde93c65a39db53aed0d5b5c2db8,main_screen
16dcf1d8a8be39cd21f5e6d9e2fedbf9,credit_info
674fdfc9ac932c8d517d5015d9e4c8b8,main_screen
d29f880550ffd4a04d9465ea84c3377b,main_screen
5a6638f2ae5e7bfec767f71f7598b13e,statement
5c16c8ddef2efee03f467dc3427ff89d,main_screen
84ce8637c5b93c4105e7f998fe416e10,main_screen
d9f904d8b6770f927b5e8145ba915c7d,main_screen
52a2fcb67fe613fd20c52a054406979b,main_screen
feb9f9e470b2c1b8c0144dec6f44d5fe,statement
4fb162c28660b2011ec749d7c293f919,main_screen
ae2da478b3a6587bf4275718b1bbc00f,main_screen
8ff829c55344b87c467c0d15d30a0f7f,statement
90b5df8337c6a53c2ab3df426a7617d1,card_recharge
08ca9b157bb72d9f3014bc8e8d852ff1,credit_info
b296cb7cb7b4c12352e768f1d6045cbe,mobile_recharge
c96ab71479042d76327f1399299075c8,mobile_recharge
bcc79154401d0a982a668e9f5721a248,statement
9820e3b37dc6d0b66da76319e034f03b,statement
068cb7c055c2d840a3ae8caac8c48013,statement
928e10295cc3898099c666ac8af315ae,statement
2fa3be6c35aae05a397c490f1a04b072,statement
07ee31956f653966730c9988383e28a6,mobile_recharge
084fa57f7e29721eee4de16c7a0e2700,main_screen
0e53be4adb4e0cd063aa8aa75cd34a16,mobile_recharge
a8140b048259e76d4bed1ad215d7687c,credit_info
fb1c44b6bca63536ed7bac4e72257870,credit_info
3e37d7bc70641e8937fac111647fb031,mobile_recharge
614e2c99fe199f55399a63984a3b974f,phone_money_transfer
24eb02da723b29b481aaa2a0fc868982,main_screen
3a81b30be3d5104f759d1c53dfd900c0,credit_info
d7b1092fd22116a04615cefba2217b6c,main_screen
b971d58403aaa0702283cd79e7f1f1cf,phone_money_transfer
9e95299d0b05e29c3c876288c8418cf9,mobile_recharge
e359ebe092366ffefabcbad6b4915e18,main_screen
e7e30ecf2667c771ec5b895dbd11f405,phone_money_transfer
053570e41b8778e2a232ff14ef3de6a1,mobile_recharge
5576907b25d5f164503bf627cb4af69b,chat
0a9ce3bb1c7802719589cdf35288045d,credit_info
ad3c99256b14de6dd0acea10093c1a83,card_recharge
4ef0604f9c78fd3679189c5a88a80da9,chat
fafda52ac57f6eea6f85b01601bb288b,main_screen
2c524c08986aba6a3bc8d34226ce8b50,main_screen
dbf8551251cb9427e74a2e8cdf38d9fd,chat
7792c50387bd1fa67881dee7e71527b2,main_screen
041e5930c0e7d879c4a1a48e87adb6d7,main_screen
364ce1812a25dc0587f235d7d23fa791,main_screen
e144aad37358794d078d87a450eb4ab7,main_screen
11ed7ad082eb10d927c07287e544ed1b,phone_money_transfer
87255601b88584c4a9c3dad6a4302e94,card_recharge
32dac9ab28a497a8061e02786bb3a95a,main_screen
cb1cb4f1d54a237e36147e88451a3b33,main_screen
a23d3791272bb6c35aa4b3e0c60c25ec,mobile_recharge
1214bf89cd68041cbf9c5aad89e67e71,main_screen
15022888fc1356e3396c2e98bc354530,main_screen
d78f7b1914eee36397e245ee39a934c1,main_screen
d479d9ed88d984f580e592210cd3952c,statement
c7ccf7c15463343c8a199500c394e14d,mobile_recharge
dc0e6ad0696b3c27b85ef4b56e1de0d0,statement
81be2c5859b4db08449675bd150fe4e1,credit_info
92c4ecd445a7aeec38e2d1463a3752c9,statement
05479cbf605c96cea39f64827a79d840,invest
432ed0f609344f56b3528eee651f2732,main_screen
b563e84c92bd9ef379aa776c3492a911,main_screen
d83d520fd8d1c7836d6238060bd53019,main_screen
be0c01229c16792656368b9c2ef4a305,main_screen
2b2b676fa62112736441bbbccd40e51d,card_recharge
695c1563c51cd3819cf8351809a96c0a,main_screen
782a8937f792dcaac1d2e77a985663cc,main_screen
8b3fc7b2b909cfa38e46e4fbd3dbdcc3,card2card_transfer
e3e6b80b035e29c1e347219d458989bb,main_screen
958be0704c04929b426f285fac529ebb,mobile_recharge
51a83a27134237fadb2444ccc536fd18,main_screen
bcc09d38a42af8fc7980753a25f9599e,statement
74d5ad4f246ae38eac07c83301f974f9,phone_money_transfer
d02ab97def71fc3c20cc986125ef5043,main_screen
190bbb194db48b3043446e7e629ec28c,main_screen
de1bea68f3407fa49be1c0a815f0a034,credit_info
9485fd1a335a253352968831c0f009ee,main_screen
bea7bf9e33ebb685d046fd0887bb33fc,credit_info
91df0865e7f6b9e2a0923ddab1f26ad8,main_screen
c342089d15280a2b36127db2386e27ba,own_transfer
a5bf09331d6f1fb3f80a5c27e79ff189,main_screen
fcb370fafaa23150fa950442b38b4ee9,main_screen
28aec7c7593de5323f9c82e3dab8e03d,own_transfer
91b480b36f06347ebaa2d9a04f6b5e7c,own_transfer
4b0b671528804c0a2667f4683f5a40ad,credit_info
9119936270bed90c0cd527a8af78833f,statement
1925f1b624841f353206011e7e68d384,own_transfer
982fe6709f0986bfadc092a2c0a555a5,main_screen
c435847e261948698b26c2ee0083accf,mobile_recharge
1f263a2b95f7ec9e3a6cd4184174f86a,statement
50b6cbc5555b7bca7c975fc3144ebdc8,chat
2200b77bdfca43bb3a7241dca01c232d,main_screen
87b3abc402083c6984ed840ffb443bd9,main_screen
df3ce3e0a6800fe42328e526029068ce,credit_info
33567bb3e61fa37202ef655260185769,main_screen
80e5b7451735c946839036f0febe6db8,main_screen
a86c3b222382d378eb4a76e80a0d03a7,credit_info
fd8b01f56d75681cb61382ecb3853894,main_screen
ff3397b726bdfb5e29c38e95d46ec9dd,main_screen
d79d07fc3a408dd4cfd42c06569fda7f,credit_info
8f2fb546c14e29c65250d46105b9ac63,main_screen
1b167b8a790e7b1211e6c3b01ee0b4e2,phone_money_transfer
4080878db4d8c5b89756043e5a9c641e,main_screen
431c932c8f2b6276922a16550d9948e1,credit_info
7e90d4b1f5489f4cb59da4410b83d6a6,main_screen
348880f3010b1f2fa2cc752442fb46a7,main_screen
06f8ff5512933d07854c39307a27e902,main_screen
2241966b3b8bab2d55b1f7affe5e7d64,chat
85dd4ebb8e7cd15d121b6dca5b1dc102,credit_info
7528e0e3b774be59880b3bbe16977004,main_screen
9a00f28dcc50906a5679d8e1e943adb4,chat
99bbd6f40b0fd8993b04fe36556a7f28,main_screen
3978388aaa5a7fd6aecf95defb2e1493,main_screen
17f1db7cc5b4023f6410f590c9ee90a9,main_screen
6b675aec99dd96292d61f385d35089dc,main_screen
dd3b48fe6d74bec3c4104cb90e205b08,main_screen
890416e6ed41134b21b10dd4e30d2140,credit_info
52c41b4812ef7a0be435e9da2ba36318,main_screen
465e04713ad2ef352dc14c548aab99d6,credit_info
f52587d62040f306b0b8af156f026d23,mobile_recharge
75342d1b05703c65e0e33b1e7bed4ee7,main_screen
dd1559461ef20fc926db990e66afaa74,statement
1ff2275694ba23358b5cae1a94111cb1,credit_info
cadc592a692cf7abc403b608b865cf41,main_screen
6d3c23aa73a32370c71e31f7b7ace09b,main_screen
22547b96db8214fa3d6836beb3c318f0,statement
49eb8321e12121d3660b8d909c1471fb,main_screen
208d0afb078fdb68bad891dccff74fa9,main_screen
19c07563897b85961b7955d7838f915f,statement
5af29832a2402720dc353634fed7f20d,main_screen
02241bab0ab517ce84bfa280b8ce942c,main_screen
6fe3f9f822526f9980f6e51bc13bb0a5,statement
4bff0fac72639f337c804d1c6ea2f585,card_recharge
051f16de7b66e35913b91dd75b2b6789,statement
3cd3828630c1db2671ab1b65786bb074,main_screen
65a12587eab48ee50fbafd100d0e50dc,phone_money_transfer
1817e4b644517f33ef01895ffc187bbb,main_screen
40301546fe87acede27565dbddfb5f4a,credit_info
a950608a64dde687a2ad7a07714484d7,credit_info
a7ac781ceb6b54357cf0a224a2c8474d,main_screen
5e1f99fa49083903723255daedb07ab8,main_screen
70cfb5fd2951a3f5063c1739140e305f,card_recharge
31db372f8fcf0f0512f42bf1ceac6a2a,credit_info
a823c1209d5ef2fb4c22e08970f6136c,main_screen
4d76d5f21253c770dbc6f88c1abf0822,main_screen
eb44a17b3d0261c0162309b2ce390de6,credit_info
4c1ed6dcb0e30e5bbca964e9fd9a4808,statement
4072af3fcc062b8afea0a46ab1b6c6a1,statement
65bbd8bb0605cf2388336217b3a4b0de,statement
622652dbff7d69dcdc0b15bc580862dc,statement
67fc9258d3178c86b9e253d923b6b18a,credit_info
f1da7ee8ea6f81978b0a7764bc8338d3,statement
fd15da28ecb4662e374de2627227092d,mobile_recharge
0a828ead24dddc129108f78a610deaab,statement
4e5941a6bdbcd646eb25a16e88a5867a,credit_info
ef35a327b0f7b04873c8e38cbb9a9eb6,main_screen
a2c3f84bd2b94a5a321b8da1c6bb644f,main_screen
f89976ec9f108bfd6155d41b0ea5a8c4,credit_info
824ab1619540b06f84286b38562b7a42,main_screen
d05aad08fadad03af38304116e39ec65,statement
72cdf62245e68e7feb68c11c2f1b567c,chat
d6f6a6b878a4229203e9aa5e57482f0f,credit_info
e5dfce728605d077720c6d40e008efaf,own_transfer
2170b2c592becf550e2b9405526c9715,chat
289b6138f846d18071c755ec872a3cd2,statement
9ed42d25cf8dd5eaeb8db2947fe5a32f,main_screen
dc961b79165d071c2b9a67e83341ad96,credit_info
13beaaca3866f1542cc65546177d9002,main_screen
8bb76e67f90c1c37288d5f03e4876374,main_screen
4d2fe6d952a31e6b000f2a66b7a09508,credit_info
02330a5960b576051e5e1c03625a906c,phone_money_transfer
b3e14d265475213b6e331fe464cf1926,main_screen
240a7fb63d1b782c9932bc20f3f7f0bb,statement
ce88ad3b576319b0fb0806e4e70fcaf3,statement
bb4abb936dd27d0ba7845717d4a50bb7,main_screen
a953532ec37b4d11eb500d069f51a706,main_screen
5462fbfbf81e03ca63a389b7f07a1cbe,main_screen
e128037866f0e730e0e3fc7050f9930a,main_screen
f3d9a0e82bb0c0a9aff7e6638401e245,main_screen
398bfdc2fcff6542daa2a5d34dcc8f31,card_recharge
194b738af7f72a9e463833fc7a4c1dbb,main_screen
ba2abade9a3d22f8617129f561d97fb4,main_screen
32ca2280bae96886ad63698caafb43c6,card_recharge
be30310adbbfbf7396412c82017bfa15,mobile_recharge
c758eb8b086e6e4fb1268d34960a6f4c,credit_info
e568c36c6e7cdce0e4448765237a67e5,main_screen
dd7f43b4c01f9f40f0016863a585831b,statement
1175fa9806105d9a330019d20c580634,main_screen
7b8e90e35d582e56dc28f564f02ffb07,phone_money_transfer
29ddda7b2f0396ebecf5bba5ff442541,credit_info
5d2bbc3ad10c21bb402e6ea8a7767de9,credit_info
fb17080d76557799ec7f133d4c7055db,main_screen
1a687b594c46048725ea5d541c557c3e,main_screen
f03ad830cd2ecef6fe253402929f45db,main_screen
96e92a2071a0994f5687011725d8bc9a,own_transfer
674ec94ec441fa6a3af0bcc7451b2239,mobile_recharge
847f7885699220fef6c3c44f5a968455,card_recharge
310b71ad2f9d3b94cfd631f805b81013,main_screen
662eee1c93e92176c13cd00dddee2b93,card_recharge
273588f0f84653dd6f63f0557f12280d,main_screen
6deaf1f39abca6738b17f4773f9c1e4e,own_transfer
51a223cee1923e221ec295c16af0785f,main_screen
7116fc120b57c68fe1a3011c74f38a3c,main_screen
5e0341d54d246b5480b79fce01e0e4c2,main_screen
fe877f8e080cbab5c5f973d09b2e2994,own_transfer
fec1f9639cdd9e30efd319e516ad9d60,credit_info
d5b86b8cf93bb2a949925f10572ea5c9,mobile_recharge
89feb19802dcd46d92a628db0cee05d1,credit_info
b1b72ecf3f224a50df3a92aae7bcb6ef,main_screen
5ab8e2e8bf72ec172a9f77f630476df6,credit_info
91b9bfa7ab5811c9acb5533b62c73fcc,main_screen
24e30cd193a660eb971e99756b0b8e80,statement
58f146335731a2735711df3a46d3abfa,main_screen
b8564e9c5108d4c0f1d5eb6521fbfc59,main_screen
5e15192544a155b735831874f5386f5b,main_screen
aff062e9f24fcda77cb8a4560dca3f50,card_recharge
cbeaecb797dfa79f8ac12f0b3272fba0,main_screen
8b2d980994b0da92b6606d68e898de25,main_screen
49ea051f44615267aacfb02b75abd165,main_screen
d077172d64325c0775ff82418a3dc4fc,main_screen
4f0b90836e500af1505a84666ecdf58d,statement
1fee084e7a0dd3d5ae688cdb7ee1f897,main_screen
f61c7d45d9ed70c5b42a4257e1535fcc,main_screen
c851ba5aca464563730e8ad3ddc7178a,main_screen
1940b45ace9f0515eac51553d6f992f2,main_screen
e6afc0f06703c647bad89265adfef8d2,main_screen
ea0a67924797abe38fa63809f0ce0c5b,credit_info
d7d1b936033262acd50dd9d5e0708b35,card2card_transfer
532a9a12284dc5c56152df5e38ea38cc,main_screen
10311bffa2ea40e5af74fdc7aa45cfd3,main_screen
37e09af611e8a9c3f09eed8dc4e187e2,statement
4f1425523fb1ae6878cb3ce11616607a,chat
3a7e0f3520484ab5facb9b0f7514acae,statement
eb096c54c04bc6d2d95ae0c3f093b046,main_screen
61612d7ac0c20a79107ef302688334d5,invest
b13bbdfddc3ca43a5ea127474f4498f5,credit_info
0b381851abea101fa57d65f3317c56ee,main_screen
acf182cf7df58e76dc9b3bc7f632645d,main_screen
038773f636f1448e6e5e338cd025b1e3,main_screen
9d97de08418c98bce5bce30f3abca44d,main_screen
eee8adc27b40b4a4dc1d26840cc42bff,main_screen
7ccff4400d51d0d4b4e1d83c48ea272f,own_transfer
0c77b242d7d1ca6f4e897aa473111459,own_transfer
5518bdbe76445660d0603d399694ae7f,main_screen
6594e949085956dea79c9aed28cb32cf,main_screen
74094da290866312d9d4fdae37869a79,main_screen
980fcebb7e210ce2be3f631ab18fa5ec,statement
1c61fa5b2dee0507ffcc5d89a9b06b5b,main_screen
54c7c49eb303ac70ab2867438166af9c,main_screen
6b89359105dad95563c3bb82a48708d4,mobile_recharge
827b3bc9eccafb79056f5c2b2c4ee39f,card_recharge
b5ddd58edfefbb9ee1f10bb8060ddc92,statement
f94441ab3fcc5a82dd19436377016147,main_screen
b29107fa846d6d86388249d5a62489b6,credit_info
21efaa99ddda79f63544c5e6fc9a1e50,main_screen
8e3a82d4cca9280aeabd69f85c155041,main_screen
ce039e05354a733d8aa3ad456ef3c16e,card_recharge
1f2b32d1ab79419d77bcb4e46f62ece4,mobile_recharge
7ee7da0433459c84cada1d7d796c3ad2,main_screen
f8097cda1a8d5af3355cab86f9581fd6,credit_info
8cdca8b8204862b972ed4b7223210878,main_screen
43c7d14359c85e83b83e30efc47bef21,statement
cacda7a49224a60c37ba8e25f3d48e2e,main_screen
9414d98d8102b6c848cb97e2b5a1fb9a,invest
d5271a8bddfcd2804005a49664315afd,main_screen
d67958b18215fd584f22dbf6fbce2fb8,statement
dceeb5c1cd481d2ef24893b9e14cebfb,main_screen
948fc91f1593f1e5aa4019da613b57e6,card_recharge
e9d77e47566a49785eee8a67bd73cfea,own_transfer
3bf9f482826862ef4adc8ec375040bf5,main_screen
1066b4552fb5003b7a01746faab3e23c,mobile_recharge
bf2a46bda971e86eeccd52a1af72e6f7,main_screen
e006382db468d60022516ae988067a1e,main_screen
952991fe38b02aba65712d4826e633fb,main_screen
e7c23c7d23d3e4cad5900cb97d9d5bbf,chat
281969da3957af9910f2ba0cce175568,statement
508161ad805dfe86b7e035e67f8f3df2,credit_info
908a3fc644a91c147ffe5efbe6488595,card_recharge
9d08f527eb551b53010fb80ebec550ab,credit_info
6b9bdb6f7078e1b1951d2cb4326f9cee,own_transfer
0a7035dea3772f7177d45efcc2a92112,card_recharge
0674bf87d5ad26309b0ea5f83d86ad55,statement
01d72b281e1399f174ffb6e864b49f3c,main_screen
2cf853432c749686afc9ce57980d34ca,main_screen
1bc16bfd9a07afcc8190b068df96f71c,main_screen
d87f9eb2ee2fa1cf52d9ca60b0214d7d,phone_money_transfer
fec1410caae0859c4f72d57c0742c5f6,own_transfer
bfc3eb6b3656ffea27f8cf8302267c4a,main_screen
1f64f957c47b9903b485a47b9108c46b,main_screen
7a2fd0cf94b6c0a356e8c670881f1fad,statement
cd194ab3c3ba4112842c82e301f0c0f0,statement
eb9293e2eeba4a91f33b250618bd6e67,main_screen
a55d35a072472808239f9c356c352318,statement
a16981ff623a84f26889e6ac76a11358,main_screen
70683de8c6bda30a340eaca8e3b8a3b8,main_screen
909eb359013df6966e1bb7b8f2a52f09,main_screen
d12dbf18607a464e33ec5b2364401e48,main_screen
d0d3b596f0182bfae9d6ea1b5b7e4de7,main_screen
5d3944d1472f9c804da456076905290c,main_screen
9a3f0fcabc8ae431128d846a68398cd1,main_screen
5781bf174e12e8d101707694264169e6,main_screen
1d277554da30d8bf2961c94e6f031772,chat
000967564d2bd81452b32fb6947421ee,main_screen
a50496c24440cc5cd2b66048cdd7eb93,main_screen
c5a5274e61f2e9fce6246e2ee3deb97c,card_recharge
dff0ad3f133fa7a9c223b80008908f4a,statement
6d185678ef543cff874142d3bb21a3b9,main_screen
8d7ac5d6e3cfb6314ff2ae92604b8d75,statement
b37d8ca1bde88dd7114f6d07ac66aaba,main_screen
d866e39b90fda76419df2c3c1d127c74,main_screen
31ab9f623b0855fce9892c0ed002fc95,statement
14a5b6d93a56ad25a8931169d2000677,main_screen
1feca8c52a19885e12286baee4cb1405,statement
db2c7d8dc3a6bca1e6d3235ab871737f,card_recharge
212f98c76e3cf9546f92be889fb12138,main_screen
c97d1e06686aefaf479ed12b437c7de0,phone_money_transfer
e178d43cce6600d05c904fb1941860ca,credit_info
ee2aaa1569bae789b1466d317fac6c20,main_screen
541341aae79377bd99fda4eef0520805,chat
829a4b92016451babca30cc5300e615d,main_screen
f042c23090670a2ba1fdea24ce09b8df,main_screen
e4a3818fb8be6200e78b4d69db4b865d,main_screen
eb84c4b3b8d2e22bca4535d29ce0acd9,mobile_recharge
48fc339a124930082cc4ef431b417a5d,main_screen
8950c3d49138be1297cc3de1a6022e33,statement
a72cb55e8ffc7bd2c4b944449b8d53e7,card2card_transfer
5b8b081f0cdbe9bb40414f035de08a92,card_recharge
1d0f9f988a98d83758382655feb06846,main_screen
cbf3b99e87d2f56809eae00cc63bd8d4,main_screen
5d6a83b83456b278c1620883a4436167,card_recharge
b990d1c5cdcff04d47a65ba02bf19263,own_transfer
50309ad3b9eb468d6927f4d9c2d5d0c9,main_screen
b6ef5152aa393b2e747750db8bfd4b8e,main_screen
7e5fad082f35f9822ab972a06bb9cdea,main_screen
0dfabe8ecd15436cd06634a2c9d69336,main_screen
9d0e035b9cbf995cf2a1c3a2afcebb85,main_screen
20ba9cb67b34db3620a588d6b879eec7,credit_info
351e0fdfe885743ce1e64e05600c48d8,main_screen
bac1c62d7b581bc6127f3a2e623412b7,main_screen
352cb941cd43d687553fff700c932537,card2card_transfer
26da5c7488699f01089090e230a81f0c,credit_info
3c87aaf0a9c38ac726fe1e4b9c791bff,main_screen
d3a0c94b6f77b9aba8c6a15b77a3b653,main_screen
418a527bbffd016d672b4b1054c16dd8,main_screen
c48add435d94bd2203bf8fae29f11451,own_transfer
b86596f3104ff79bc711aad1d3d33ac0,main_screen
6f9d6b14875fb8f7c250d96f5f6f8ff9,main_screen
b2953b126c96b1c2cbe63fc4c162e27a,main_screen
8efa65d2a651e7c5eab169aa49880599,main_screen
caa6cee829cbcaa6f698095908f0024f,credit_info
a3d333bb0630afcdbf5e0e12a5cbcaf0,main_screen
9e5342122b31ff71d5bb6192ec53c97f,main_screen
27339017a4ee8d0c62ce4fd15dbd2819,main_screen
0c7359bfac795a600080be9e4359f191,own_transfer
a3eeb125bff5a3c77ace74e999af1888,main_screen
62e5239863f85d02858c39aa4caddfdb,own_transfer
8b72eac27eb89b9c744b5cc6700da1d6,main_screen
d16f81f4b029b0cb1a493033a10de16c,chat
889bb1b91f7e3129ac729021345b5c1f,main_screen
198cef44898c5d27b43d2f6498da8f4c,credit_info
f78f84c2e7033556a512726f8e48d55d,main_screen
bdd0f9d16f79c6632fbc106c3f6a0e56,main_screen
537c89952fbf36ffeafe1bac3ddf4c4c,mobile_recharge
a11e0ac154ccef486e7f2653248fa46e,statement
997daac9dc3ed03c1f61a205f11c8bc9,credit_info
321f13a772edbcbfd85e1b7260471bbb,chat
2d54972bbcf8e9e395fca985989e48ba,main_screen
39d9cf6e6457af3f9265c1f5b1f6b134,main_screen
9921c0265f3dc73ef741381549e2d17c,main_screen
4a0e721bdd5e7594600203450de70065,main_screen
2586295b58730c95759c166a4bc7c278,credit_info
05e7ffe7f8e6a7ccf9f9a3a329412595,main_screen
2aaebfecbdb55ff10ea3b3a0483c48da,main_screen
373dc19131d9df049a836e4a6862b073,statement
74f37f96f32a414c6d1fedecd133d178,main_screen
240f780810cfa056399560084db0b312,card_recharge
9129b0e7c23611f2e927e9e74ba32fed,main_screen
674abbbbb755efe97d899ef914aee243,own_transfer
f8f3a080a0e9d33d1a150065e8b5faae,main_screen
82dc27569d812182fd4d51467bd5953f,main_screen
eedd8c7b0c5126c2a4ff9c7c0d3ea4dd,statement
cadecd19745b18a26bdc41cc6372a27b,credit_info
d0715051eb3c079926f34e4633e98e09,own_transfer
8049759eaec72c84ffd4c23db5b14359,main_screen
d3edaa255594d6c2771e5c7df0ddd516,main_screen
c9d71b52c0ed890d70a4c8c7245560cb,own_transfer
7a087f056e7dd5b07b6483faa12e4954,own_transfer
f071a10f8988ae020afe305ea65b6385,statement
3eea87db5aeae2e750cf738ae902b986,main_screen
a8d13deb575cdbcda7a78df78adb73d3,main_screen
8cca7aa2d48a5a94fd48cef439e2a07a,main_screen
7346a77045be4a1271d4a82a1bf423e4,card_recharge
5ff8b215c9f56618fd2521b4bb48d406,card_recharge
85d5fc9b640a80005c555b186bb59c43,card_recharge
618bd1fe5a2c69b95bd0233d863fcfa0,credit_info
627ff4f75d4c4dddc86781001e982041,statement
e5b8288f0756545d231dabd31eeddebc,main_screen
a2c8f6dfdecb9889d1a0d8ca1e2f29c4,main_screen
f1eaf35ed05fcb7887537b9e7a5ce4ac,statement
ad1321bd19d0eb8b2dc466776c018d98,main_screen
a328078d1d588d1dd0dd1e1d2de42961,mobile_recharge
7082aeef2d952fff6657e5e6e9a459b4,credit_info
2bbb1a48c1337fc63b126ab62eebe9c4,main_screen
5eae4680386b3adfb39e505ef542058c,main_screen
25947674e743ea7f248fa57f9bd6c1ff,statement
5d5d73c8b002a6d7a3e5a61a73cd3ce5,credit_info
d23d4d6a6af9605e3275c2baabc00689,main_screen
fde56ee282b23ddcf7600593b147ccab,main_screen
88d229a58fddf1a626402fc376c5e027,card2card_transfer
666c4c36ee166b17a1142ec87f521289,statement
0eec4a75f3c40d58dd39721befa4702c,main_screen
56c3c6dba823e5713c511005c045eb2c,main_screen
ff1edf754ca3ab094331b710d41d35a5,main_screen
cea7ae0c4fa3b3fa3c33a648790a90b8,main_screen
232aa90c77eac468798d48fa23ec882d,main_screen
8c08b42925ef0f4e4c1ccb10d58c1baf,statement
016873d314fa870df94add51f1c9c808,statement
6e5f13bee06ac9b82ed29015748158a2,main_screen
5db669827ab51f3afd33ef20727eb205,credit_info
9d25111441cc3ce4968b4c4951e45540,own_transfer
8e11afe90a57fb82e3e5c61d5eb16d54,credit_info
4a185de0a24b242f3675f11f77f74580,chat
99bfa0475117eef4e306b07b2da4e1b8,main_screen
25f3c9234468f2fda43e7de9a1eed8a1,main_screen
8e55f48393b117371541aa1260cb6a5b,main_screen
35b5f6046f1ee7a5680e1672b9172903,phone_money_transfer
1d07bfbe7b0f3dca0020a99f95d429b0,card_recharge
3635f52d219266faae4f17a2d11ef454,statement
cd17ca262b95124b89695742a2a06657,main_screen
4053265a3aa249dc0cb9821128eadbee,main_screen
9a88a0a290d1c8841f2d3cec7c2c788e,main_screen
601a9e7794ab1b0f5c4af4148de5ed77,main_screen
0d822bfa3a856a652f35048162ab1cfb,own_transfer
56c954047de1735223abfac82a1bbac0,mobile_recharge
81effdda26877e9ff7e4555142c2cf88,own_transfer
b6f47d8bc1ffc457112de36b9cdcd852,main_screen
6e2156206b7948740f3044c5c42f485d,main_screen
04788f9ac36a6de9d3f8202e91970b72,statement
637db2a9ba26e5e52ff5b74e23235f2c,credit_info
83cd95379af729bc1dcb6b585a151cb9,main_screen
d58001d57a4a8bb9f913454df6183461,mobile_recharge
c25519ef743a11418bf01343b07fc198,statement
ebb0ccc9e5d3fcd21d5620d9d2de5fa3,chat
1a8aae10a94f3f911f0c9999e6cf8689,own_transfer
58ee8865c23397ec68419e8259ef15d8,main_screen
f7fd4fa3d83bf5b289dd852f36fa2154,statement
0c995a3605883a837dc992863357cad8,card2card_transfer
d4a59af12f30d2a26534beafb8e89948,main_screen
a24b3b046096a0d17be782435fd50489,invest
251236a44f7ca59b486afc223f91b386,main_screen
4ba3b5d56808e3d9854a986c4e81eec0,statement
0241c1863223f6e12d566199ea830156,statement
78c2854b968b4574928e7073898f241d,main_screen
3726fb351eb1a7f8e3ea24ad8890ed25,main_screen
e106c4762db4a0652a427296cd37ef15,card_recharge
0796d26dcc58eb0f74d48555113fe726,main_screen
6d75012dbf41d6c561813745c94f91f7,phone_money_transfer
edf0338abd37baa3d30d83de560473cb,main_screen
7ac2686ee66ce3a714157da3f379b5d4,credit_info
c748e4361c8a87c7f1641a80fc13a76e,main_screen
4a0d4dab8c71ff91bb7d9cfd2a085cf2,main_screen
752511a869e6f2e7797c9e5378d5a002,phone_money_transfer
70bce1f33ac65cb9969b50e88909c165,statement
26e43a2ab4c109198057ba23affb3598,credit_info
a61ff0aa534ec2920561a4095377e8be,main_screen
9a0ac3d0dc8659c9e7f512c3a6ef1a87,main_screen
cb3e58a37b3336b2d513a395c43ed8f9,main_screen
d8e107ca0d99451fc8ee2f8790fa0deb,main_screen
7fe4c0845889d04604d45b19691cc397,statement
39446cd958dbe834f4c893aa4ac6710a,main_screen
1d0b1739c4759e55122115291c22759e,main_screen
0c4076463ccf598713c63ae5350e121c,main_screen
26e7fb91008ed29cda68b76a0aad4eb1,main_screen
823621ec0825407c7f392422430c7002,phone_money_transfer
b58c0f8f4191053f63824762aa98a4b0,main_screen
20fad159a3b2083279f5f6f022a91c3c,main_screen
49a3755a42626722c847e637488b9062,credit_info
8c55a61e6e8c6f47dd0d5f7f51eba271,main_screen
e13776636da4c8a46ff988a7163b2abb,main_screen
f36b56d0834586237095fcad347d3a1d,main_screen
2ce26999cfe2eb32c2e7059609dcda48,main_screen
643a4a6ea2ac0ce65baf43787528ae0d,main_screen
57ff0dc1062bb3b087bf8a931de7597f,credit_info
a9a4df8771b73936dddbebb733995749,main_screen
90cf2d7353022771a29dbb5112045273,main_screen
53fd3ee089ba85a7bea9ca7915ad4bd7,main_screen
26127fa1da80cbbe41ca363d698a1cc6,main_screen
1b957d07f303317b2233b9eb734591c4,main_screen
8eb06a25edb0e7f67e81ad409d131fd0,credit_info
3720082d3b123e36cdb76fbdb4cc52aa,main_screen
40a51fee2468c228587fbd5f9ac0b9fb,main_screen
e99de569e550e24fd64de03aec25b951,chat
665e0774d5f873a4c2adb55f8ccb5543,main_screen
18708bb2301523187f957f462ea011bc,main_screen
0403ae2a3b5d298182c18b1fad7c5a66,main_screen
492ec768d54df15cb14ff2924d095c80,main_screen
773bf7f82125135677aa4979105e1562,main_screen
00096befff35b861d19c6de26db86fd6,main_screen
ddacc6fd207f9517476a0860684e9a6c,credit_info
d6af8d701856b73ac767698dcf566e23,main_screen
98024b695151ce1843facc3adc1067da,own_transfer
1e7fee2de5546148dc070c587761546f,statement
99596530f8da506adeb471fd308490d2,main_screen
11c8796546194c160dbef6f46e160d3e,main_screen
6c459e7148fd7b28281a3d35e1b9e83f,main_screen
0c59c03b12cb8f12d23d09298cd7dd94,main_screen
6bb82d1f08f55288199c4aa42d760a13,main_screen
3c6cc807b6bc3804216d7ca4a02d71ba,card2card_transfer
1c7ed8495e32325f493ebe6dfe796a4e,card_recharge
3100f804d064f0bebf4f71102e2f178f,statement
139e3704737355c63faa369f609fe583,main_screen
54fdec0619aba8eaa66116aff6164a51,main_screen
368d9c820349fd78a8f3c8edceda4af5,credit_info
208b77bc00f6229326abc422417a91a9,chat
dc2c1a396f1022bd62cbdf9a226a3fb6,main_screen
cce3b7462fe9d6bb7c82f4cb758ec61d,statement
29410c11c123f80fa8af98fa593cd6a3,main_screen
6400a55ccf5494989ac4a20d6ca789fa,chat
6ffe4ffb1a550532838eacabdeae4fe5,statement
faee024e221c5bd7ade872619206a1f3,credit_info
fb428adf5b6dd7178d6b748ce1210450,own_transfer
b67b445adf8319b5cc2c051de156adba,main_screen
1ff78a043bf97062d67903c08b7dbbf2,main_screen
8827564899df6a3bb5145de9d292e0fc,credit_info
c67de7499fde03fba32e941fe58ec5f4,main_screen
9ada5a29f47b4ef889e9dd3fa6df3a17,phone_money_transfer
eb3ef16037c4ff466d4cc9f154bc9960,credit_info
22e74cbb02fb5601fe6e383605bb3770,main_screen
676f47b2dbd4e2c966ab5394be896b12,credit_info
ab6c1a852b0a6febbd2185f902414c00,main_screen
6d76b10114ace0836d81efb3c7ba5235,card2card_transfer
20f3b10619dbc3f8ef24a01e7e5adc4d,chat
544a30a56879a98330f4db2213661d83,statement
7dcd111092dab63ab16281d22e2f3f2b,statement
8a6b7cd8d2775ed402972fb4669fcb29,statement
f46b06891d90033fd7b6ece4ea5c4e57,main_screen
c9a8b70b0ae868618c8f946db64dfa17,credit_info
676a876ddb4bf0fece4e1369d2437ecc,main_screen
0aff968e6b638042a31f3c7c2533f6be,card_recharge
6e18ad2ebb2bc8e78b7ba9bf8067e6eb,main_screen
7de4e99e9ec680c6b40d632d24f294bd,main_screen
e008f308e6dc844fd932ffacdd93807f,statement
d2b3292c9edca2f3f9aa3a775e519595,main_screen
4aa17969f9d180b53f3f875dfd5ee364,main_screen
5535765bf5c194597412151b53f8ea05,main_screen
0bdb6f9d2a14619400783bb489958c5c,main_screen
2216cc9465245abe0be15791ecfe643a,chat
59c472bc51a070c9a4719808927a2ef6,main_screen
6141f3d8c40cc9edd3acb086ff14baa7,main_screen
96574bafb5842c6f1653efea376cbfc1,credit_info
8364c2866cd988928ee39faa4f757982,main_screen
b0d317f39fc1cdabc3d87c492dd0bfc4,main_screen
ce212edef6cb0f5ecfd1fd78b4ee93bd,main_screen
3b88277843a74d5d1cf6aca76aa7de8e,main_screen
c49adc7f8ac62ac7f05a800fb215dd8f,main_screen
b073ddf241a0d03edaf2c98f3840b5e2,chat
9698640574383ebf3ca258b6aca51d69,main_screen
a51c86c042bdbf5f87abd9c4793f72a9,main_screen
76d749785c541048a516e2c5724a5ea9,main_screen
bef2d567cf04cf52337466fe1a934860,credit_info
be3a5c00a8193b2627e4f2ed18d928b3,main_screen
ce1b84de7280cc3ce7dd7a656520db04,main_screen
2c2f12036a3c10e7e2eacd74898ac09b,main_screen
09318b7b4c302067c25851990160f167,main_screen
2cd2a305b8cee20289bb0c59bab33b1a,main_screen
2d868d1de1b68a37ef29ef4f22263444,phone_money_transfer
748d80bf856a570c21b1289d8cc911aa,main_screen
9ad29e121d81a2e87c2768c5162546b8,statement
30d541b558dd97bd2411ebdc76e84810,chat
86a1db4225b42f18d9a4b4a5b8f68849,statement
26939f15c76d0065a7277d00545b5dea,chat
e4ac868186f55a89bc5ac614e5733f6c,main_screen
1d4a4891914526105e1c90d36fde92b2,credit_info
d388c2c9c092fd096582beb07b79fd17,main_screen
355b31cc87bf67e2941e7ce9414c61ab,main_screen
d76ab33835750191c854aa075fc19601,credit_info
e2089c265c95f5681e79e89a4784bdbc,main_screen
854afcc3888b780dcbb68b7fa88ba31e,main_screen
661a6191edf161e3d5e09267cc9d928f,main_screen
9e29aaffe6ffd86d1b29be389d98e8b2,main_screen
1249d0a45e917584969c0429d98847cb,credit_info
3237f0909b6ee884de7996a02258a51e,main_screen
323839b207f2e276d524b35960b38a82,main_screen
d40880ab2b0c34d1ba730cc0311fc04e,credit_info
a4865c51e1c1ba97252373e84c877e7e,main_screen
6d7ecb89d9ae95b99552fd03486f9e7d,chat
d1094526b39b718f28338d65ec36d5bd,main_screen
9e4797bed03129dfe68e9413b1d4d801,main_screen
6b93642a9608ae0e62ee66b124725d49,chat
0286e290a7fde6973c495311a0ca2348,main_screen
0dff8014ea582ff794a99353c6fc52e5,main_screen
d2d24ca73236785bd3da60d2582f66f9,chat
f283ec652bff95632bde9228c3787b6c,statement
0d8c73485ea754279869f165dc8b8065,main_screen
0654dd5149b4c5a0cf3cecafad6ecdad,invest
c692ce663fcb7dec7fd0a23afe5e757f,main_screen
2526b0d017705d0da9dd3eb9e6f23d33,phone_money_transfer
8e0c21a9cce2c41575f1591a411f1e02,credit_info
3204d82763e64dc7d6aa251b8d2985e9,main_screen
2e6b3b4ff25ccbc58d997f8949cb59bd,credit_info
0e8572be2b660ea178596491aa47388a,main_screen
4e0fe248a0e32349e21170780e74bfca,main_screen
7974278a52e62b3de5663313df067c82,main_screen
a610e184f7a96a12d5055a6db4a1d771,own_transfer
16e01b682166c1a9d203dc9bf7f68a4a,statement
23512bc929f296ae7131975404d96db7,own_transfer
5ee08e9ad27b35547f6dc686ffa204c3,statement
317aa7ee0719ee533c5cf703cd52026a,main_screen
f0535160c64c6ba62c56f6f71fd28a30,main_screen
2284eb13b767eff0aa225e32aaf247ca,main_screen
04bda19d2c21f5bb16ff0fa8f54e95d1,main_screen
f61d6a1080b45b4ced5c205ad84a5f72,main_screen
58b87516fa87129085730a5b914b8cef,credit_info
2f1b9455372f1426639344f877314375,statement
548cb33eefe158490c4a2ccaa838749f,main_screen
56d30a65d5729b135ad811ff635d4edc,main_screen
38919edd20429b39e3a2d8a80ff9a1b7,main_screen
9f552e0df9b6311e9e5d2794922e39b0,main_screen
056e7b6f722bb006339ca006415aebe1,main_screen
f180589118f89ebdfe6106fae97030ca,statement
d3bf00788af53d8f048533017dd96f8c,statement
3c5deb4ced3979430a48960af4ccab07,main_screen
8cffd9802fea0d78598cc8026bb7f57d,main_screen
27cbc88d40fe588e39c8a861cbd12a1c,main_screen
46aaf8f9aab522fe1e0e8b20d6b6091e,main_screen
ab90271b3850d1ba01689ad3cabd3a0c,main_screen
fbb51760d28d3c9f227e81a9c4a69dd3,statement
2ca7742e7259b8f375fdb2f30e9f36a7,main_screen
3a5b2669916054ad3665df60cf995fe3,credit_info
b62cbff8d115a06eae55f316df044694,main_screen
90dc6f2496bb14f26a89f23b2105f939,main_screen
278ac2031017ccf881777242e3386706,credit_info
6d19c0e32d6122409f2d0b4927a572b8,main_screen
e939e8c3d84cb209a5d4251425d5bc95,main_screen
675ce0e0b9649abcd8f963f5fa0d3f7a,main_screen
689e041dd06cc5c2f6cdff9dcdf8ee24,main_screen
6c75aae1f6f9a53686210874cf7428d5,main_screen
3e011edbbcb1b756196cd835e9d52a0b,statement
cd8171035d3264e8632cd9b5eaeb1756,statement
2ca78ac83f0c26f02b61e31ef63f5d88,statement
578d60a6eab99ef37a339184f06bb097,statement
8060026cfb2242dbce7b8263da25e2dc,statement
9f596e01055897cd1817e9e099170f6a,main_screen
8180340db455450c1301698aaab01124,main_screen
46f7068227a76bb3b0c90915098bed6c,credit_info
d78e43a8af4a9a952a74209095079486,main_screen
cec04d21a642372967548302d5cb05c0,own_transfer
a3d80ea072f4ce5f196dd5e60ad43628,main_screen
9a98d845be353d71bbd682c69ee2c474,main_screen
f056d07bc49f6d6271a40738b192e517,main_screen
8221b6afa4c6cb9e55d1f272c274eadd,card2card_transfer
d2c0caef62f4846e2e1816384b635b3f,credit_info
6d234046a8870ca74b9bd64e985ac818,statement
fd880f425e84c439f09bcf3d8f6d4453,invest
f66aa7d88f6b4dbfdbc5e7f24fcffe3a,card_recharge
9fb4c148cb976c0f134eab5843e7f589,main_screen
d94309209ca4fe8e1cf1a5a7169a9843,card_recharge
65e1cff3929d55414709bb05f13b3c2f,credit_info
3245c08fa274a0700f366cb5481dfa67,main_screen
cb095f65ec7439aadcdc81ebd5678cbc,chat
58d73020d05171487259aa76f16c7997,credit_info
d05ce24c9da2fae571ff65a2ed1b5d7b,statement
7ca57c8a18b27560c63188858aa3247e,credit_info
91a43eb75fa4a27759d476e55c403dbd,main_screen
16db0efd3526a1235a4aef7243d258c3,main_screen
bd33b0e0917e3a006581247e9d580fdd,credit_info
db626bd2176ce16aec1af3b8c795b60a,main_screen
7654bf7e7002f708cd223eb2cbc7f5bc,statement
bfe79645252ea000a252fc59c7111c1f,main_screen
63fe488e8ac1fdb12bccc0f21dcdcb0c,phone_money_transfer
f2c3211e17e3e517f80d595feaeb3b98,main_screen
ffb9c8d84d23f0bf6373d680558c1a29,credit_info
6b98a1b09c20eca9a0a9aefb9bc58f45,mobile_recharge
08e1600c1cc09ca6422f010e12965ca4,main_screen
dd0b8149c8ec6b6824d716835f2ed4ca,main_screen
47e94f3062906dca557e4c0b9601468d,credit_info
5369f76246059f436630a0e31c97e2ba,main_screen
b89a0e7d17e92820afe261a8f3c4a8b4,main_screen
6287939393dabea600013f716bd434b7,main_screen
fb8ce9c5fe497a337e610e748076addc,phone_money_transfer
925d4dc993ef94a02feb4b540e0c8ede,statement
8844df80b765f3257612cef25e93767c,main_screen
4856b270f3c8d54f532a5891f006489a,main_screen
69ac8147069d7fb9aa7a4bb6c03b47a9,main_screen
9f8294df0872cb46e842a87cbcb2e7dc,main_screen
d81ca792ee3bacd34edeca615dfcba23,main_screen
1fc4a8992a88c6b05ac1394246719ceb,main_screen
79dc4618e2957c6a25679545fd029ddb,credit_info
20d585ece750c1556b79c6eb6081e77d,card_recharge
a84f309f65a0deb95e3fc4472a230a5b,main_screen
fe34dc117fa52159f30b2eed170c4cd1,statement
8d8e13916854a916656c6d249b36f29c,main_screen
e25c391551496577e47c9e925b1899a6,own_transfer
dbf6fef7b526b5b585a52c4c1f596be9,credit_info
f3ceff6648bf572467cd73aeb7b9fc16,main_screen
848e8b8d38f2df921cdac3f002eacea2,main_screen
fcb4b2e9523010fbd952b9894b83ea52,statement
8567d99bfd3009ddd193fe08cd43afe0,main_screen
b837d396d0f3403c290927264a413819,statement
6bb4554ad25b05449bced60e2791fe9b,credit_info
072017a77933bad493d32501acdedb08,phone_money_transfer
b1bfd281c2870745858c972b6a08a20b,main_screen
e349a88a07e1c2ef1cfe9a23886c1309,own_transfer
eec81667ef2d8556230950b1ecb96ac2,main_screen
29710b15507595b90b4617cd9e0c2434,chat
32821cd30e4f0519e31c18ce5a7618f4,main_screen
b3dbb5eeb62ab27171569733ba9341b2,credit_info
347ad86af18d13afd5c7184a152a699e,main_screen
d2d80f7014388067411ffbf2fc587598,main_screen
49fcdde02f583970e2e45c703db28516,main_screen
f13ac59b20c546c57af9236b863d90e3,own_transfer
9383e3a9f5c7325b63c30e5105a3f4a7,credit_info
2451c04f6cc5845309354c05f70fc31e,main_screen
3716980b6dbec43e60394e140bd5261d,main_screen
ff823d909e5f78df83a7e96e2cee6e27,main_screen
1650b345402e2a455ab3d89deb2874b0,main_screen
43efe1d3cbed94d23234ccb7700b20a6,credit_info
202f5b583706ba0f00d3a76c045c58d3,statement
9e568251f82886cf38b2c89e36ed88ea,main_screen
110948e062b58984f32ed2de885f9336,mobile_recharge
9ebcfaf5fe398b27a60270ad5e086fe8,mobile_recharge
33c531ba25e0e82ec4d4fa056e613cb2,card2card_transfer
5ce26ac95369d67c10ff433b5f1c8844,credit_info
eef2a7a5f06d232e825ba845d51a036d,main_screen
9496f78e45cfeea450210d8410e54f0d,main_screen
0189df17d97f72ac65b6e98dac24aec2,statement
43966bc4e6529fc74c33756221f2029a,main_screen
da9bd6faefac914e012f5cda12e9bd05,main_screen
530837a2e8b41dbb9711965456d719ff,main_screen
df0bd44f6e3f0d16a276c3f22deabd2f,credit_info
e445e626a4c5e3625e2234279ff6e6b7,chat
49a5a3caeb931ad41c99d96e9ed28c86,chat
7ddee35b27b9c0b4537458ff71ef650d,chat
225a5ba8ac8c7c3283f07e6c6b711ae1,main_screen
7bc07fcc9428c5ac778ba25c92c39723,main_screen
04309fa4a31b7b20e38c301fa29d3fb9,card_recharge
64f23f613ee013c11bb72a76beb2b2ed,statement
7ba20b83967a6190d9f06bad19574c7d,statement
289ceb09bbe7ce6b5f79d2bdaa358929,chat
2ad996969d7efe9c7ae0b09b3ef02b47,main_screen
c5bd7f1d39c05e9d7ee9d058fe81fba9,statement
5f6e807b2defd915964b2b96ca94e607,main_screen
409600839c62490a71ac49774b69e0ab,statement
1a4612e727cd6fb5b88cb3bccb4467d9,main_screen
303976388c991e406b032f9742f61e01,credit_info
df23b1a58b09840e6a3b3f40cc1693d6,main_screen
d6a959deb73f1a006501e6093eba2eb7,credit_info
38a455364b9d74a0d2d3c6d2c01b4576,main_screen
8477084af2b79c698e53c348706af4b3,statement
a902e451ab17dd8e926c71c998aff77d,credit_info
e9af01234359d5b60a9a5e7b8645d0ac,main_screen
586aeccd5b89e922ebc3b03db3e61a71,chat
9ea5ded5e2314702ce0c52b9412709d0,main_screen
2045e847a74fd1db1d822b146d00a48f,main_screen
239c2eb4922ac0233a631c5993d47639,main_screen
1b80f3af036479fc62150340b1357ab5,main_screen
b413d6fd7117797ef1a175fe682e9430,credit_info
f0a57f3e52dcd2317285efe99c7db6de,statement
bb4a061b0011af842b4aed37080de255,credit_info
a12c1ffe31a965c59fdd912c9eb290dd,own_transfer
35ba72d87b4eb11299c839da109f828b,main_screen
ca828f1e1ba3c434ee0c60a1890a0f53,card_recharge
de53d87ac6c3a4353014fc31b3d18ed4,credit_info
90fa1249750e6b9e1bf8c2a2b8ee960c,statement
ca08fb0c7239c9018548d25ecfcbc133,statement
7a35b2500795dcec8d0cd7f1b2b460f5,main_screen
b02381594680d4caac5e144db2702577,statement
3ab67339bae9b7bb312a7b1f0b42e878,main_screen
15b1f3abf26218500d1209ade771297a,main_screen
28f2cd68344aa52fe89c6e5d20f7039d,card2card_transfer
a569332fd49c8c28a53c51105f643a3f,main_screen
afcb7e9944e5b1809b68e66ae4c53992,main_screen
8d2d2a2d977a14339d702caf91e04aa2,credit_info
4d613495e55a0737b019a9dabea8f2e2,card2card_transfer
ef1c92272248436126ac62544dfd2d70,main_screen
1b3bda357b6116d01e7056ab51ed74a1,mobile_recharge
7c6348e8877e74ca0d30cab03c799131,main_screen
7b1d9afd32cdee3a637ec6f53ddaae13,main_screen
8ae0090a3e62ab4cb4818a5292584aae,main_screen
07a41e557af2c0d9531ffc384515acc1,main_screen
74fe9c969fe8ccc5c289af1e3f14e9a3,statement
71f3e98e6818f6d0e713571e611a8588,main_screen
0645c32d9fe47f1ddbd68ba85565581c,main_screen
25aa41272b83c600085a4592cade87dd,main_screen
c02a3d9a89a2d36854632033b62346f1,main_screen
a7f1a04dda235bc24973795232d2483d,statement
8d4d2972e3cf35211738524e663b113a,phone_money_transfer
ae338b4b91ce6c6351b8eab290817c02,card_recharge
a92c54e6882dde62212cec5007dce479,credit_info
5388de3226aa5b777b77b86aff6cc35d,credit_info
5e180ea02518f3682b330086f9d2520b,main_screen
42a7750df928d0537d81cddf76cf6500,main_screen
d80898ec44df479a4cc5677c3bebace1,statement
587b2d53744e2a3cdd6464485b376845,credit_info
c9b251627a1f3c69947993245ec09132,chat
395589bdef76363d102fe29751b09c73,main_screen
1da394b1a02c36ac67149467ebc25023,main_screen
0b1dff2ee344bfeea0c6cdb89eef3b79,main_screen
337e77bf473faaaa4b52c5f49c60bf31,own_transfer
d3bc23f6f2b4f712a3beeab8843b0652,main_screen
f24153baae4791bbd624e332fd0b033e,main_screen
40045e94b61ef596286b538a3ebb8e0c,main_screen
7b47d732afcd29d8ff2a1b66588d8052,main_screen
c677d91ec9787adc2641fd87668cf74f,credit_info
38bef7779484ac740766ff03285dc214,main_screen
d30a496c5edee30ce8a1d674049a5bac,statement
85ce979d8869fcda672cf6feb0e50414,main_screen
1cbee359a8fbe643ccbe5cd2f01ccfec,main_screen
a51b967d8118f34b6e7a0f71dc59ffe8,main_screen
76ab6a3c9a268536ddba1895d209dc21,statement
8465c4fd1cb1b6ac1256fac008a90ced,credit_info
9d17b418019f2610727ea36f0ae3013f,main_screen
55fe29d35ad7c314ca2288c3cd92c2da,main_screen
b8c9d3d4acbcd497fb7a8695f1d0b986,main_screen
a1cbe329b77421d5fa1896f55c4f2426,statement
f6a6b0d2f4d7352c254a57abbc8baa9a,main_screen
59b553f19f560c4f6219e996a771e6d4,main_screen
04ed8e5f482fea4dcfcc03ccaa3ed56f,main_screen
affcb3ddeafa3869d0cad9b9aa58524c,main_screen
31a84e12fe3fcb9d0b371108319a00c0,statement
6f8234cec2a88460cca362ef66e45e36,card_recharge
438f9039568f23a8183121e9ca4d57d7,main_screen
c8df10ae346ecb20cd89b874b325f2a1,credit_info
0d735b751bf01c7cb5db7008c833279f,card2card_transfer
f8fb62a154676eb1bce3e80438b4c360,card2card_transfer
67b1393f3a5ca30cef6c05188a585bad,main_screen
556c5a7fa4a020dd4bc62db101017161,main_screen
b9b97629ccbfd7b704a5b58bf902b05b,main_screen
fefc137a71f9fc4eae372dcb4c718914,statement
f1fd1f6e1a7c350b82c81c80b7c1abb4,main_screen
a6391ce6365116a5268e54291e05e733,card2card_transfer
0a87dce7d9d95b91e1944cb105f413f5,main_screen
11482997812d8903b4015c4ce6cab641,own_transfer
70477c3dc277a01bf8d9f65102e0221a,main_screen
1c42ce3010f0e11833212787b99121e5,main_screen
43abb3f40d4d7973ed553485c930c047,statement
b6ebfb2b929ad305daa3122e025f6434,main_screen
0fe259daba6a3e641472a72f4d2ceaaa,main_screen
5d48308aa916543a4838e0cc74829df7,statement
e18f5fa44b0dca63a335df0a0bb84323,statement
efa7bcf39d551d3d87b1a4def0b7fb7c,statement
e048789fc139da45073432ab9a6e7128,card2card_transfer
9d631d4f695d3ec6af5b5be78646c9c8,main_screen
da3633a923b8c6222e3109c4063227cc,chat
de993c6ec1dc316b931dd109f34bd597,main_screen
e68244db6f2a171182fc7eb8056c660e,statement
ba3716c6264e33f7e936d8bda6e626dc,credit_info
dd02065196db2135e5f9082aa2f61350,chat
cfdba631de8e4ba7a57bdd578597082a,credit_info
a2b27132014b9763e85e053a0b850df1,card2card_transfer
981e1ee5428f6f467e3c10ad8dccddf6,phone_money_transfer
4cda683add491f4bf446475a044e14b3,main_screen
82d26499c730732292959ad723a4e814,main_screen
07b2a78fcc36e783d7dff5331cd0f7f1,statement
5ee35d1582f80b8877d82d9bce8a66af,main_screen
b3d9d2f20c9eb6a25a569e90d141a4e7,main_screen
9771ce2c5d99273bd2a1ce1002e61f2c,chat
2a35bb9a65a0637b83a11bce8b054a14,main_screen
54913e4980bc1d02559300355e034605,main_screen
e1d7ccbe6cc53d595fe54bab45f5cf0c,main_screen
d0d0269ed69093f00e00f5e0d4b86408,credit_info
5c4411285b8882f2f47515fcd8420459,card_recharge
ba95366b843074434aa623dddac6e16d,main_screen
e292e31964e205af186d7c896392c89f,credit_info
71c907fe09e2b1e40cac9d32317bd1e0,main_screen
9f458ff47b7ef3fdf247c1a64771fe27,main_screen
53bbac5b018c60188a5eb29f8c95e72a,statement
40e422e72a8e8cb9693fd4fc24e97628,card_recharge
8f8a307efd1b85d89cb8de73095c6ff6,credit_info
5cb56c48649cb2c673ba34699f229605,credit_info
82688917e8284797904c2cc4531649a6,statement
a80e57e88f71624ab8a425a4ea9c39b7,credit_info
80e0db20f4c7aa6ba361ca1cee636e25,main_screen
c71380dddf76f4ce7d717e4fe59874ca,main_screen
158cd2d100ed169b09d7a48a93f8a311,statement
0d6d36146a36fa6825e93daddb21f8dc,main_screen
5fa8471c8f1a0191e57a64c3ef7af63d,main_screen
b4f0402571c908f90f53c01ab812b35e,statement
d5a3e9fe3fc949c9a110672a5a4d0801,main_screen
5bcb41fe22cb124d9bc408eb779b073b,statement
28d85c48e810571eef32d2c3dfcf7504,statement
087fa83ee3effac6fdce7f509f0fcdc7,invest
4e1db800e68cebb7d52485759e3c814f,chat
997c9ea93e895647c1df885d9346fe42,statement
4965683702aed0f2a64b4d2bfa9ababe,credit_info
d8aaf3f41997d1eb7da8274da8c7a696,mobile_recharge
6d89498b02f082b37e561accf621f05f,main_screen
f216a980ebc6ac43bd2e979c2c88e818,chat
52594c5ce45f369562d5526c63bbdcbf,statement
79dfb2d69cc235ce10e9e198486b1363,statement
97f277808cd1e0962d498f3b39c426f3,main_screen
665d48e13863a9aaa97ff0190de181c8,chat
9ec30544fff721b30d04c1b94b5f04a7,card_recharge
601dd15ebc8af070a5e641fd8b5ffdc8,credit_info
1343f14aa432ec55bdc82455c282da3e,main_screen
a045e2771eb420f3d2c8edc840f3b921,main_screen
3940bdacef0238ab448894f9f04d86d7,card_recharge
224146ba3004165f0f369163c52bacb1,main_screen
50d44ca772bc9f7ed1c1dd17f7633e84,own_transfer
1ba012e94b61719eb35ab5d541e83868,main_screen
6ed91d613845c8d31648fc4cf3c37f87,main_screen
bcb47384bd58d3ab15902c532c296c52,main_screen
ea5268fc149d38883b01caec01de5979,statement
dacd91e1676413627b6c8eaa793267a0,main_screen
c9b19292772319f76d4240a821cb84dc,phone_money_transfer
bee775249616bf0b0ff909b0a143b43e,credit_info
86505e98689d1b7eb525427935a8bc81,main_screen
be74fcd39bf745cb5428e841aac29826,card2card_transfer
b7dec4e33f71dfa36b860c20ce097ba9,own_transfer
762583cad8676287ef90a473a8716b41,main_screen
ad16c398ecef8a5dba4854b189afe473,statement
d0d9e1299fd3991d7bab715aeb9d14a8,card_recharge
35f4f65dcbcc7e7d2923784f179a3a1b,main_screen
f6304f6d34d0b83e0d116c2a906f3a1c,credit_info
951b381cc4d73aefb002d26a245563dd,credit_info
0d2d835610ac63d3cfbb29773f4737ca,main_screen
3943058143ca269c0c45958f127753fe,main_screen
0a543d3c603fd77a17336e38f1ce7590,main_screen
399545f9db1a7fc3b3b0f3de2c93a20a,main_screen
fa677af4291e2c0065c5b69afc2f338e,chat
afa46b1fba105efabfe1209fa45f42cd,main_screen
1ab0318ec7dc32526e93a56a5343de90,chat
98372ff4f4aeebc39a2422386da00418,credit_info
c349939f89115405439cf7212137e7fb,main_screen
4883901603fa718cf3a59e197b798d95,mobile_recharge
deafc4596d1b0bef488ba41b1944b8a8,credit_info
543b78af35a1470c3db7ffb76567f4f5,card_recharge
eed939bb22330ed232cdec0d7c5a0591,main_screen
a5917f208ede9b4c63af4d51aeaee6e7,card2card_transfer
4409927c7349f26b408d56c749df1eb4,phone_money_transfer
80510dff2f24f500ea13d130ec447e63,main_screen
a7585013e0c7800ea9a5593de10355af,credit_info
82450ce95533089e8d873a882233fec5,own_transfer
3d0630a8aa9908af6a0a29bef1faf796,main_screen
44784c44e966ec83f15e5ac83a7e2e27,main_screen
2ba1fe810002f736afe23a1c54abfe16,credit_info
aff007b01bb2b18ea6bd9f99f3c0a791,main_screen
d864dd5165096ee03c18d39067c061e2,chat
6b9aa05c93d25732ebd0a69018b808f3,statement
2dcfe68146958d6a7abbb05aeca696ec,chat
cbc663d61b6d5fd442f9e85f38e93b3c,main_screen
e519e219daf88f12a3ae776f375f8c07,chat
6cff995473b4691519ecabb2a15ef015,main_screen
bab93eb824c329f7574749d6ef140899,main_screen
28ac3000e3bd3cd3dfb6528107fb4c8a,statement
90dc1e63a94bdc174f225f3a44f54ad9,main_screen
f27c8e9036f328d7fb074f16ac550146,main_screen
7860c3d7b9eb476674770f3a001b093b,credit_info
2105a1d759cb9dde345c1b4bd7e5a593,credit_info
c5154ba007b1600d16ab181345688b25,main_screen
02466d6ad7b9bf245188d9c1482d9e93,credit_info
8ce103b5a697bc23725eef594f6b2834,main_screen
02f80370ce8e6f9dfacac080fd152ff1,phone_money_transfer
49fd0c5e2b3525125f6fdde736cd1d22,main_screen
37b4c0c328570cd7b35a3c0c3ebc88f0,main_screen
00d676c22ed368816265918a513f2fe8,main_screen
896b2a53620792e2803754aa2c8527d4,main_screen
e7b5ca9a2be3043159420a35c012a0ee,mobile_recharge
07313700983b527086fbd204567fa1d9,statement
913c8a247d7ff213cee8405b97fb93de,credit_info
b4ee726d68712ce41f2315ea7ad52798,statement
bf6e1448e571697de5355c6c087e7a2a,main_screen
ae2114addeebc3addcc850c435e6c4ad,main_screen
bd4afac4917445e33214ea31c4e5c035,main_screen
086ca3fc1471cda8411edf03bb28a267,card2card_transfer
6cc47e1cc3e78c3cefcb106260a75baa,main_screen
cb63394c9011ad4ba3bb743d6a40d8bf,credit_info
0c61b68124a8d2b7d44ff2b5a87184ce,main_screen
21321fb9fd7c19ae356f7b629d5bd595,credit_info
31be003e15dde33e4a84fe2868f11cc5,main_screen
b6cd3b2c26fa7e55f1d45901465f7cb6,main_screen
26ced895b9947e15e8e0ad41070357b8,main_screen
9701150027293519963f3aac07c8a72c,main_screen
c41cf6c4e3096d582b18c7c9d42e0721,credit_info
ed84e94407409cf72a64bf289970fa83,chat
5096839fa0e466e20e03536d6d41c8d4,main_screen
711228f141f6daf389eda8607280a8a9,main_screen
c397e8f291c892376104d1db154a30f8,main_screen
111f8db58559c07cbebd747a82b3ceb8,main_screen
4ab3ef9af1790c31cc4c87e02fcb2e24,own_transfer
2953bf475322e62bb9fd5f5de305e298,main_screen
edab20d38f7492f42949674181d39e69,main_screen
689d7c9cbb1ec1d4ade033f5f8dc3fd6,main_screen
ca1f87569332b309312f31f7c8160576,statement
5de1ddfb78f64d620dda60d60126806a,main_screen
b8934a94fe69566bdd4a02ef3ccc4c03,card_recharge
102f625566d84d124575b13ebc4dd491,statement
403714bf478bb2ccbcb5980a373b49b2,statement
d0b43c3684b41583c06cff13972bdcdf,statement
18b31d0a68134bb0bb873214905b7fe0,statement
413df466184b6bd4e9e97436b5bc3b62,credit_info
16bde584e5641de43054db571deecb18,main_screen
5ec8fd6229d647a05d293e6a1740a9a2,card_recharge
6d22f4cc55b6829c232731bdbf70bcfd,statement
16a1e8b17e6fbd89c00cf35f74b4f859,statement
f558633a243f670c9b135578098a2e10,credit_info
57ac40b4193fee10e4886c81c6293772,main_screen
b65c8653635ce10ebc2dc4137ceab652,main_screen
2d2a4d5aed7b9c122c4ed58feee39d87,main_screen
eb481cad991e12d7686d16618d9de138,statement
c0c7fb80250c8af1ac510946f9781c32,main_screen
46867ac997c3c2c62d4e7738eae6c655,own_transfer
259660543a428d316ff9e0c612235789,statement
89bedd33b7a09a78b5c14b80699ac466,main_screen
75c65b18dee3f966f8e1b2ef04ff3afe,statement
02c8f32420cd538216bda0285e12580c,phone_money_transfer
a945a9ddc6e94dba4bb80c024a013338,credit_info
5f2114b9acc5a37073f9d3978699131a,credit_info
72739c32cd358bdf43faa2d640c80e93,statement
8c7dd45beb2b6cb6695909224a35b77f,main_screen
0fd7e4834adf162289b1f38e0e75513d,statement
5ef371c1dceb1779ac7c23066cfbdef5,statement
ea1d583ad79142960d829970c50680c8,statement
d287fad5319d5fff2d45aa7f3be53361,main_screen
07be42bcf620c36c51eed87e85af335f,main_screen
8e36ecc09152e667717b180a4bae6a6f,main_screen
d1af13acfad9e3b730162478bdf8dbfc,card2card_transfer
46d160926308c8176bd474a156890382,main_screen
b8142d6c1d2ef552b668debba727c6bc,credit_info
a87c351548423db1ddc902a3305e5ac2,main_screen
e11a625e322de72d8d1d8831f6b46cb3,statement
d617da89b970f5a46a8de8b7b10306a9,credit_info
e7587ae2f5438af16ffc9ce2ba590276,credit_info
e2c8e51481c4567256c11b54644ba7ee,own_transfer
09e48ffdffcdc916904775cbb3825a41,main_screen
82d92ee294cb3dafe9b648cc6f6bf392,statement
8777eb3b67764cdb65a6c2be17b63c56,statement
d6827c4252774e93553b5e820557f268,main_screen
a412b9f3cc0aaed889fc0a62bbc3363a,main_screen
7fe579ddf7ca678bf0ec851d118229aa,statement
fd2fd83fd81e38d7b14b6988a1eea882,main_screen
e073e8c86d092f09b209e5c917ec84b4,main_screen
4cfec8b4e4c86d98240762617a51b316,main_screen
33ef85b8ebb2851b63bbcad543f4df5f,main_screen
e581fdb59c97d1a127889240b19fd69d,main_screen
e6f773d99580ecd4f7a58ef2289fc073,mobile_recharge
7f52b8f54ac65c8a5ee3fa65cd5130c6,credit_info
b3300fadd80e895e3ce26ed9144d5f5d,main_screen
babfd7f903566af7c1f5e5299dc9fa99,main_screen
b4529d3d4bb852a0c50582e2836b99a9,credit_info
55126fc7a692757f7ac5ac93abea472a,main_screen
61d6e063beb31c508203d5d58e4f4764,statement
f599c125238d4587d967d5ddc6928261,main_screen
0517a08ebccfb09812a72f30dfb0601d,main_screen
c4b9996d56f237606c32090385597e43,statement
933dab763bbeb2d1f852b9a5d32b0ffb,credit_info
918fcd1240a0b45023093fcb2e22457a,main_screen
80f596dd9425105e401d314edb3f84ae,main_screen
52518ea23d6a10f3935e5669f81f02a5,main_screen
e5920ef6f125619339b188d1c36e5927,card2card_transfer
18fe69e165de8fbccbc5f8112a838aac,card_recharge
fd54f408e3b2ed161af58b27f2975ddf,main_screen
0a1fa6374087810493a9c49cba0066c3,chat
b6f95a2c7bff60474432e6ec27b8e6d6,statement
3d45c77a86fb144044d2fe6e91474c7a,main_screen
6f3cc0cc7d34116aa14d5b5790e7b857,main_screen
6201623e86b7bfd003943d8b10798da5,statement
35a3750c6f8114defc3cdc051f527cff,main_screen
c4279499ddb09b1fab20f6e78dd3b3a4,main_screen
316d18e2813c966bf0fe9093164345b5,credit_info
5ea365c81074141145fdddc3b50a7ef5,card_recharge
0474003f69d98e7d4f40c11538afe621,credit_info
b3cc2a5a76d43f430844aba3c26e4c82,mobile_recharge
951aeeff652d3e36f38e8cfd53688b20,main_screen
d500e035a5ad1b3f387cec4cd7c21509,main_screen
22f13e8c955e995707f4cfe8fe001ffa,main_screen
594e3249f6781c935cd5fc7e7baf8b4e,main_screen
16296957b8fb73f81e5a5d1d14f9c65d,credit_info
c3b6da5ec1d80ef6ee4fe8f2aab18d74,credit_info
4be918adf6b927602fdf8b52229994f5,statement
55905bfb91a3b128d1e77dd1e6b79ed1,statement
afcc82d37ea4b1eaf3b89c088e269d38,credit_info
36d9a167b8a3d5983e657fe5ba2e6839,main_screen
4d03e5f18ecd5ae1df111c875f83bd3e,main_screen
87ffc44d908ffe35e591987d58b9d0c5,statement
d0b3f71260f9a0c20c5fb36f6af231b7,statement
559ba12ad854bdf7996a42f0f6c42244,credit_info
014e0ac11181cbb965e95244bb21464e,statement
15df9e442faa4775ca588207000b2dc2,main_screen
e283b807cd6ff3862bdc6840aa54de97,main_screen
9bd3ae78d4c2cd816d547773c6b44eaa,main_screen
79c9bd3f28fd3515cc107d593e01afba,main_screen
0892314693719dac8cb69de2ae746b2c,mobile_recharge
ffe58a08499ee581dac34937a7373224,main_screen
b4b4bff9a0f3f71ea3a950f65417faa4,phone_money_transfer
1b343e4921e5ae34d28a20be289f943c,mobile_recharge
7b5e8c82bab00f30c28e65c8f2a4d220,statement
aee612e4f0903c57daa2fbc93297a073,main_screen
41b981a29589dd133e3847d3be79f40d,main_screen
9bcf2789031e19b89dff1ad80ac2549f,credit_info
ef302c7338f0679760e6dbb877f107cb,main_screen
1bbe3c896477bee55320cf351059e2d0,credit_info
f2bbd81c47d407a6323c41a2bf38c96d,main_screen
5e2ae5e665de99886f535e03f83c7b08,main_screen
29b3a0166f0c7123b17cf9e18a724e24,main_screen
cd0d750db5198f7f0af7a6d2b2bb9bb9,mobile_recharge
653b471711050af37561d3bbd6218247,main_screen
dc2d4be62614c513848d72504980f730,main_screen
4121b3dde34a53327496c2c7650e1b63,statement
0fed2c4928a77babf4e82d4a052131ec,main_screen
6ff92598ee9ac4d9fd5d65eda04ddcbb,chat
7b5b4e4a092b09986c37d208e3868af7,statement
376377ecead7db40bdd2bf36e595f887,card_recharge
eca20d1b128e7e3bb62c7809d8bdfe6c,statement
8044270dc24ff577f7e5f67bba4204c7,main_screen
7577b7bb1102fb50698c45b9ccde058c,credit_info
4eb81069e24eedb318463a425c286f5d,main_screen
6a35d5419f26d8cb94f072043f16a1e5,chat
5f39739377b150a58ac04cabcf2fe3e0,mobile_recharge
effaf22f6fcda21568d5ecc0f69ebdfb,main_screen
f051a2b071d0b920097f096f63fc1a15,main_screen
191c58b8dced37d6263a8bac767ba579,credit_info
c0255d94779071c121a09fefc483a7b4,main_screen
bbed4d1327e4ade86ad301edd7846f7a,main_screen
2981bc849cd1e27e69981f737e53d3b6,statement
3f14ab76f0c1faec957de8c11f515829,main_screen
08b91b85eead89948ade3dbd7a594d05,statement
32b04f5e19962dea47497af4818a3788,mobile_recharge
e7949238d144e3d6de389d11f3721416,main_screen
b851ae5015181c44df7daba5aeae5d6e,main_screen
61e0bf338897c61c211deac51f4ba367,main_screen
934d455e0e42292e110053909016d25c,main_screen
636fdd2e73ed459d410f189a0d4b9a41,credit_info
0f852b26f01da65e8eac159357e2cd44,own_transfer
77801b787b5977ab2b98cc467e34648e,statement
f70dff83da373256d4c9f6f395ab0a0d,main_screen
e596de55367b68d20551640263926641,statement
7e96e62c3071b7facc513f9a7f295d9c,main_screen
6387e997dcecf3210ac5b8fd3cadc540,credit_info
6ba66bd7799ab7b35ef9ae1f25bd5d68,credit_info
c29411bf0a15793d09c5bd8ee6d0af8b,main_screen
082c4cfbbbcdc0bceeaa00dbc182b252,mobile_recharge
fb1078f28108f6740f979bb833f7e212,main_screen
67f2c271411480aacf3fa5adaa9c6aab,phone_money_transfer
6890ae0c3f196a33aa52b896a031164f,statement
fa888b65b89a83f42ba2163f6da1fba6,main_screen
315bfbef7fa8a646e13b9d4aa8b90ff0,card_recharge
39c492e69d6e4916afaed0fa9c503333,main_screen
3740baeb94b1a49d0cb7e4b5bdf924de,credit_info
d305f3af6b59883698449f82512bcd20,mobile_recharge
24351a1767496a0a35cb020779bda7da,credit_info
404f759cc9582f5eb5a8a7947514c9e3,main_screen
9435e11029e3bc3359ba92d80f20dc9e,credit_info
78837427c1dd9a9db04da4457976b956,main_screen
f7a28c26db629672d8cd8509012e8fed,mobile_recharge
8353a88ab00e9fb17acaacdccbc6a417,credit_info
b416048e304049a36fbbffa3b194b08c,main_screen
c81d0f806b9b10592471809646e6ee05,main_screen
d9144454a498dfa54a5db9c2269a693e,main_screen
7dbb4e3f5e8d8dc2f6ccb74494855735,main_screen
22d3649e1a24d2d252caf63a1a9658d0,own_transfer
3c38fea97478a2697da2c7a1d3a01c19,statement
dd2a186490117d2d23604769917b33c9,main_screen
143d1290687d292ad7dd67adfa3e70bd,statement
6c3d1424936586487ba3c58adb35b594,credit_info
3b013a5e1e1ec26fbae3cca6131d1fcd,main_screen
69d0b86a35cba0db07bec3482b8f2a4f,main_screen
cbb8a3102f99bc2dc7312d9c930caed6,main_screen
298627380e3a212978b03343a463ddf6,credit_info
7e98fb65e37fb6fffd8e74c8951e3d9d,main_screen
803babf1c40b35c811fb2961c0758a63,mobile_recharge
7f4dc9c9f0902aacf0ef1778c305d68a,main_screen
16ff961e2a393a36d548cf6d6fd4bee6,credit_info
e8bccabe7fe6394e2a1639ecba5c2848,card2card_transfer
789fa7769608133472bb862fb2b32ab5,credit_info
06fcd936aaa130e569af8c887a5f5083,mobile_recharge
56ba1798451fc85f0bdb80454a0360b6,card2card_transfer
c31b2c0d2e436af20dc07c0c7c361328,credit_info
28677ae9db54cd64bd4c4fff05c0a777,credit_info
3fe4ffc803f3037c683113a5423f9fba,credit_info
08609b68e658b78c42b9aeed6a767b93,main_screen
5f01a1d13900b2978f76433c3d6724f2,main_screen
a833f39ae3eb28fde77337be02c065df,main_screen
4a991d532d87fcc39dde095e9e7acfd1,chat
adc76c57ce821911925b20c3077bd4b5,credit_info
a3647a79b6b64e912f3b451bd0b4a770,main_screen
e0f9034d832231e07a7127fc0392fe9a,main_screen
c0e753bde2e59e895654b7e7be51c54e,statement
5c042454eac3ccfe3a3658d8a1e2d1a7,main_screen
e4cdb40b155e4449d3afa41b2267b150,credit_info
7c2c1ff5db0b6196399b1e4be4811d35,card2card_transfer
efaa7a364dce58ed0986b91a7734c95f,main_screen
521eee782efe1dc2d4ff4137fee0df9a,phone_money_transfer
da2ca5f07b977934433376618a36f592,statement
7e472649e5317f498c17c5bbef6c3bad,main_screen
cdb80e9e12ab50787b1d84e9ff6d9562,main_screen
c2cbf059e8a7395aad3b466d8ea3676b,credit_info
c3fe2538fa55f8d1598b368d0c5a0d47,statement
0b2dc6751fd6766bfec4c624ee5d6f65,main_screen
c63db421f6efc96cf3a576f5a3ece90d,main_screen
253d4fcf91c801007ee67aae3193bf8b,credit_info
58c498b2a43c0432466749eb54cac998,main_screen
116321b824c1353359fa2455e3048d94,main_screen
42ceecd44220efeceb6479b7983ac3ad,mobile_recharge
59cabccfc96b14db706df30eb1484ea6,main_screen
1df3087f1f65f7a7d550235f122c15fc,phone_money_transfer
8e372d4e92e20e9fa01ccf96d9b24937,main_screen
c4a557080cb75774aac3adbb2de1afd8,statement
55f783647f7b2229da6de306b9919685,statement
6cf8d8a3b64c6b1c3ca716f04697a771,mobile_recharge
5d87296e4b5b22c1e6ae5483352ead50,main_screen
a12660984611e137cfc6fa625596e6ad,main_screen
06d291d60e603ce3ee6b2e45130b86bf,main_screen
8d669f5c4d50a6b5a059aa1e848ad87b,statement
4256fca452e70963142723733a3727bb,main_screen
1d72bc3c1f058e04b3da32aef7f41491,credit_info
e06d5c90fb166206d1984b8531c1d67d,mobile_recharge
b6110544312eb0bb9ab9dff375c12a9d,phone_money_transfer
b1f48e9b8fca7381374a3d74b8298216,credit_info
331d359fa42ac141f2e1c1a27c5caf98,main_screen
5d4a2a219b10baca5e4333253284ea33,statement
54ed9e309ee9e728389e0da4db20d332,main_screen
73a4489b7bdc3618d6aa3e2665b92ceb,main_screen
58c25436e56f45add17f29a83042b24c,credit_info
7e20d21e7c2768935911a57478770ff7,statement
020a7cf99023473f4e6b976f141faf73,main_screen
854e1bcf716785fd844adff93047df9c,credit_info
4728d048ff8862d51d075d622def4c58,credit_info
f872886572fbf7872e0f2d8f32e55e3f,credit_info
02eb7b57dc99a29fff6bd88f541eb02f,main_screen
6d4e5b4b4e28ea35f01df1933e25b80c,card2card_transfer
856e8a417eb41c2b9c25c505e6455311,credit_info
69f4154da432b0ca2912a593284003c6,main_screen
ea4f7315eb971e4d9be4a6699d481782,main_screen
aed189924770b9ab0ead9af27883b358,statement
c05a680cc03debc9c172a5b2f86dbe7a,main_screen
37d036d7236795d8879ee50356b1b157,credit_info
712519e6e651dc01e44bccb6ebdc85ff,main_screen
46148074d808d0378f3f454be5ff622d,main_screen
e78344b31381dca2b6cc501f089b3986,main_screen
fa65778bd05348120cd595d52b9194b1,main_screen
15f4ce0d0f1b4e12b32f8bf49e75aa52,main_screen
cb33d318a5496d71deb5582169e2b4c6,phone_money_transfer
48453319bae0cd1d5a656c11b1818c11,credit_info
67537493a1019e7e7488257b1a59d607,main_screen
fec7ca02e42209363068c804cfcb6b7a,main_screen
863690ffab9ddc1939aa896ac33d0591,chat
34715c5851bc10189021afa6e8736e80,credit_info
ea0a8e6f59900bd12d52d7cfb0b600a8,main_screen
3326c47e252cbc56f9ffca23b884055c,statement
321687ce92eb5f747aca05e913117672,main_screen
a59e4864501683b05e8aa276db12fe5b,card_recharge
8be734cdf61697d02aa46faa7fea704a,main_screen
1b93784cbeb0441ec0e17b3a0b0bab0f,main_screen
5ab0eca0d82130f158a3586279b21ff7,main_screen
79b710502f42c19a18eccd21e3074bb9,statement
89ea1021a6d9ea855b4adb64b79cf71d,credit_info
b87ff02486270d5835f42feac82fcc8d,chat
7862443886ac7549f859b3137642e387,credit_info
be9845b03a10bdda46003ca39835ea45,main_screen
509a9e9cae506129c6900c78dba90395,main_screen
c46eb0d978951eacded9eb3ba62bf02f,own_transfer
75be263ac93ab2acb6b0ece84980a0a4,credit_info
cf72d059dce1bab6a0028cd1c6bc76ba,statement
6679047e501a7441416bac450e85473e,main_screen
3a8522ba85970e2f9a16c7a9400cb99c,card_recharge
11af0066c9befb7bd41f124e85b3529b,main_screen
2cd00cc0e3715306adb81d72fccf179d,card2card_transfer
8b6845f322080d9b1796fc054bb9d0c5,main_screen
7812faecaaaba1a4bdc76752d0691b36,main_screen
7c1a572c6fc702e112d42fdd2ba316eb,phone_money_transfer
28eba2bb6b70c1605014df92c3870b37,main_screen
bf1b6d48be3045bd09ad81c89a1db51c,chat
83b23807b83860a822a5a307c48cdd07,statement
b5ceae320519356df0109fa83bff4762,credit_info
c61e6aa9dee6c8c00ad75feb30a054ba,chat
e60de1f5516c9a353fdcd813b238d36a,statement
684a6ca36ba1ce4dc850e7f2d57ee892,main_screen
2c1c9705ab5c4bae5bc15205ca5898fb,card_recharge
e774969c6b9e5be63ffc9fde6a6eea3e,statement
b824f84bd3404abf948da8f4e8000f28,credit_info
7a18432b2f833721ab03e868a2022cb3,mobile_recharge
06233c790ca35abf1ee39201306726fc,credit_info
297b3c79042b37aa49ab8bf5b6bf0715,main_screen
2ee0edffc46fbb904d91028c14fc2f13,main_screen
edc9da28b99f26fdf50a75e0f75e8020,chat
ece11e8a240f64d3996112c5d56158f5,main_screen
0e5f9337c5dd5c924ccce572a49aabf7,main_screen
c089aab02934d534551dd1c11d9816ae,credit_info
6b5adc2ef2e060b4ef62f0bf4e5db9f6,main_screen
899291ae9c62ac87e8b854eabfe50243,credit_info
083a63c3663a792299e5b6f45d40f411,main_screen
e168e98e9c08c1a47b1a99c9419fa0c5,statement
cdee70eac479cc7e5195c79e60456dfa,main_screen
513e28368bb13380a832f8e15d5b2d6b,main_screen
49b9dad4efb78da11fcd42ee3eb3bf8e,main_screen
24eef8d27fd4b0f5ab2b97f1d519e91d,credit_info
cda9df098c2c7d937872546b0a60ef22,phone_money_transfer
bbc93223041e157a6d09a57947e19018,main_screen
0070220eef4e2624654e867763bf9d80,main_screen
a9cee4b8ad1e3d2b069d8e0c87e9bc4a,main_screen
c7479a1b48b3d10df42e05c105c59542,statement
9fb81be85460edbaf9a6a6aa1e439527,main_screen
65114cd9afa73b4d99a6c0650de3379b,main_screen
4fa36b9e8d6e22ea887a5adbb5920a08,statement
9eddf96b72cd9cde3ef950a0c5a73045,main_screen
a36bc4aeaeb55dc57b5182e4d469c1cb,chat
1f984cb81185b9d3f4ac84c740f00b27,main_screen
3abd33ff2e9075337121f3119e2d8317,main_screen
2e76aba2e70b9b3e0d90bb369aaf9869,main_screen
fdadd299e9c2107d1d0e897ba402104b,main_screen
6e785cb666f520adcbf6c84dc347331a,main_screen
e398dd151eb9ec1597863c3723e75ed5,main_screen
30b1bb2a7558121aed2df9d953daf1b1,main_screen
1fd82fd228e425247d7323e605c6f4d0,main_screen
655a9dbe57a5bc67cb4bc0a92f5bc863,phone_money_transfer
4277dbc78e799f2de5ef1adb83be702a,chat
37a540810ba752cf4c51153ea8549db8,statement
12d6cbeefa2ceae506f6346f4c1fd772,main_screen
fde78f578982936346edb7a0e5d0e9b8,card_recharge
952683957a29316e76d76a3a892b5b2c,own_transfer
95c8eb0a86599dbf20600376d11860dc,own_transfer
ced0aba6cbbec5b57cf9944fc607e4bb,main_screen
e536e9ee734b914d0ca3fabdfe208ce7,main_screen
dd7a5531ea360253ed826ce8264d9e7f,chat
80350c15904b3e6f94179c7b45d0a25b,main_screen
c9bb54acac0f2f5751133dc606aa8f64,statement
965b7f3651f2108640fc82849904fb19,mobile_recharge
ee4bce56640ba327f1ec1844b05b3125,chat
548d09d2b7c02f492f01d54e3c76deab,main_screen
4762dd3ccfe1ae3715ebf941512580af,credit_info
4077755d1e5db3a847a275cbed828721,main_screen
03965f18cf3ba360dd4f3f78d34454fa,main_screen
7c41e731cc05465056ef868e4fc96f8c,main_screen
c988f5efe5c5640a5d8a9d221de6a1cd,credit_info
06e5d81d8ca307a227492116247a7d65,credit_info
c61b7714fc7b9e3d2eee3eaeac3b1dd0,main_screen
d632611dd09fee5a0b8d4af5ae975409,mobile_recharge
3dc44a73cd71087497a27851e87f8b61,main_screen
64b3d671dc216f8e692cb006ed1f4aa9,card2card_transfer
30b002e6c19cbf354ea591210a60618c,main_screen
44540addb28d95c1db8f69485c342560,main_screen
a6de5cfb750ed07a403f26565cff1b98,main_screen
3cc6994da83ec6762b0ea09d83274599,phone_money_transfer
6568611012fbec70b8cb438d8e56e00e,main_screen
0e368e78de7848711f9a8497c2d15772,credit_info
be2a0c530784a4f13786d859243d63e1,main_screen
2c1bd47425d64c8c63dddd0dbd06e5cf,credit_info
5952a697e78955cffe33125b488f6992,main_screen
0adc200da94b545ea69e8ab798d49cb0,main_screen
0b5c872e9272a2c2f6bbf5fe84b9506a,main_screen
7d6c91ebd0527c73c158de73fddfad4e,main_screen
5c651bc954626b2eacfffbd511904b17,statement
e26a9ef5d60e54bc07992946bc3afafe,credit_info
572b5ecb53d6c7757c797fcdb62cba5c,main_screen
19c2a4794c156d72b75db5215defd822,credit_info
a41a711b137327d3695fc9e796cd679d,statement
69b456f5c12faf8038a3d35dc2c36aac,mobile_recharge
57ce97ad8d796cff8e8d639b3c2b97ce,main_screen
cca52fbcdd3c4633d6d7d6574691b41b,main_screen
d41008216b1d6438116a4185ae64d798,main_screen
daec24d8c457f197b8c217fbdf2e6e43,main_screen
e02e17a908ca813dd8077a94198c2f46,phone_money_transfer
02b6b3f7c5d395c98cfc59b8e00e28a7,own_transfer
d3626d7e5a868f1f18f551878de737ca,main_screen
983c8f924128c7edcd31a53ae463169b,main_screen
f6cb15d194438bfd5ba6319930644385,main_screen
bc8fb9828e33f54ecd413340d8b78ac5,main_screen
5f52fddc87435b155a7c79b452af912e,main_screen
0691648742b4735db4ea7c832e1dbabc,card2card_transfer
498d00935216eea9d9579ab1aca1f417,main_screen
4886d9f58d64489138d682b87901571d,main_screen
66fff0dbed66db27b15a180b3796bbdb,main_screen
23c9a4071342361c71113d9ab3215638,own_transfer
a63110caaba22de27de5beb137bdbcec,main_screen
2e5d167748bfca023a9eb88092e37601,main_screen
2b69b85f338770ccab298bcfd7424cd7,credit_info
6b5563e141a3cb8730f5c60927758152,main_screen
2ed6ba367daf26b6a18be69fbb192a73,main_screen
4c4a7a57452389e4b26a707ffde690d5,credit_info
577957c1f3bee9bc97b950e24050def8,main_screen
f0953941908c61acdc491928e7f7d008,main_screen
125614e727581243597bdb92c06db9bf,chat
bc2ec87f0b3080f6f856f66d75115db5,main_screen
db141ad5bf9ab44a4fdaaec59fdaa123,phone_money_transfer
9506229dacc91d5bc7c77032027e3da2,card2card_transfer
ee71920b946d3adc8cbed5fcdb493e87,credit_info
aed4a65e2dbacbc7610c1c6e88d256f6,main_screen
802be5bcf9ab4bf6962864dea29ee6f3,card_recharge
30e2f8102447aa1704da0cf5fa83562d,card2card_transfer
6f5b9b16af077d498c97e9da6ef2c8e4,main_screen
d8d8f95aad14c5d7fd544b6713475e66,main_screen
d7bd67d99bce69dc8c01b12bf109a632,main_screen
3a3ccfc2b40d8b356160dd83362718ec,main_screen
9ec39238e5bf261a55b927aba9d6de1f,main_screen
cbaabd48e4068e41e1a41dd43da9c733,main_screen
259bd0050b075cbb79c640c3122fa1fd,main_screen
b5d0256a32fb98e478499d76308a431f,credit_info
c7effc0c7aca9b14d1b9270e502ed782,own_transfer
be40218c53c3b369694344f6d8571cdc,main_screen
b4c286281e26f55cc86f821cff4e9465,main_screen
a6d540bbb1873dfb7c616e2f82965237,mobile_recharge
1e778c70f2654a2731c706e30fcb793a,main_screen
c727c3d46f92644027f80409677edd00,mobile_recharge
3ade4b9db52311a77a80315abb7ce29c,card_recharge
e34a1f5c63119df0a726916e8e1f74bd,main_screen
2b9fa5f8757dde0a9e07329e0a3d4ade,credit_info
0db0b7d40356da625d39db84088abf52,main_screen
83450e26b87868c79cc0c01a9cf299dc,credit_info
9710faeab1f1ce76c88be4b7b33636f6,credit_info
dafe900fcdbf5162857fb06c02bed44d,chat
021ce3331ca6321175cc78f531b2d099,credit_info
4873158f361bf06893df17e16bdc1200,main_screen
8849351a7af63bc0beefdfa161514691,credit_info
05e782900981bee6d0089505ab1cce95,own_transfer
c5442de312155737714e658dac601cf2,main_screen
809f3ac4e6339a06a67283866e985fbd,main_screen
c05114d1f680978d7aaa823c585ab339,chat
9f44567b8adcfdfb1e3090e45262f3d8,statement
da4abfb7145adedbc503ed42a4bd2ec3,main_screen
16ee4ff1c71bdf65eb613023bc3b162d,main_screen
3ba0ac4f3112356638d5e1128c661c55,mobile_recharge
188dbfab58cf9e076b40acb199c179ae,card2card_transfer
81b736c079daea77e01a76c6b1a81b0a,card_recharge
2fa3d1332014ee5158e1a1de44ec00fb,statement
87ddd55ca3f7a386e21e5842ffe6891e,card_recharge
2d9967c2829f552465d69bccffd3ebc5,statement
73ee4ce3fc79007427d517130035735d,card2card_transfer
a3cd73229e30f61e18ee87333cb0e66f,credit_info
4fdf5be7650858cd79a47dccdc3635f4,statement
9f2bb98c237f1921e90351a023f663b2,main_screen
ca1eede6afe1062b1f6a59dd76b24a79,main_screen
050f6e8d9689caedc0f66a92eca2df3f,main_screen
c6327fc3ae66a1f39681a211ded3a302,own_transfer
a34fa25ab78d769dde25866359087e9c,phone_money_transfer
a5372545d656ab9d1ee14205e77677b9,main_screen
bc4addcdc009102d0892f72fb67e5fbc,main_screen
cbd73837c076e08bfae9871bda7d3cfc,main_screen
6fe47b2ecf0c70562c1f7ee0168aef33,own_transfer
3a29761c28a9ff760c9ce098accc4593,statement
75bf050becc142fe02cd7b27186c1340,card_recharge
cd204089f8e4d597702b389376801c76,credit_info
29d106e8345172aff644ba9a9d97be7a,main_screen
149ffff87bb793e49097e89b7634f048,main_screen
7852ef64791099d8c6dd3d9914984ac5,main_screen
f01133e007c515b3fe97abce0dfc73b3,statement
fdb814e92624490edf21da40a2a53426,main_screen
1fb34f0798bca411563ed9be9ae9e99d,main_screen
55e6e280e86121312347a1389d17ab17,main_screen
653a1d33ff9b7de601c7d3f3a730f507,main_screen
1034b5f31a47a9b847cba9c37804349a,main_screen
22cdaca26a32e5f7d08025d935ad3986,credit_info
089336b91a7ed24a0a977ecc078ea00d,main_screen
5e5379c91b14bc0a31b7eeb61dbd725a,main_screen
69bc8619317506fead5587f01d21dbdd,main_screen
31f66853fd82fe37bfac0e5eb71fa5a5,main_screen
3aaccd5c065615e760cdc3e878430bb2,credit_info
e15d65ed3eea022c458fb295a87f2f56,statement
5b5757b22f9b134e17daca5b76844831,main_screen
a1ebe8afe746ffe497cb56ce8c2efcab,main_screen
807a4a4ae42e5a92bcd6d4c0d0587df8,card_recharge
97a10d086ac2d98b39c51b4c02965574,main_screen
189bb63bea2f6d327d29ba637f89472a,main_screen
375798cb34005e0493e427e1fbf4f5f1,mobile_recharge
2f3cd8d7a501bfc9af43b34691a78e0b,main_screen
641e19b4d7c83fac8b4ef7b0b2a1ce92,statement
53512e399854b6fa709d4d0050437d07,phone_money_transfer
f337a70a80fe9f832126a7c255ceba1f,statement
0481832ef4d176c9c06f52be1d59a91b,mobile_recharge
cbc0736f8bd695e319e22b5bb54a8ee9,main_screen
e3a8bc82bccda4a660af0e9b11649d46,statement
0975c54d29dd666ba8130e8b8b640e7f,main_screen
2479bd78e2855e6224cee7beee112517,main_screen
7ecb0eda83490fb384663e6052f0eb95,main_screen
49db07b67f37a3f45e296d4e485c760f,statement
04aafe74dab72c46470802931127971f,main_screen
451e3980a1a3a9c5a04db49aeff8795a,card_recharge
371e5574a11981b15239fe27c9fbceb1,main_screen
c2cebea63c17ac1475434f3903353a7b,main_screen
4bdd4c6613e0c6766e522640f012c3e2,main_screen
93f704db6e54e7b4832e99a75a324960,statement
89e06b18e1afa8ea18aa9d38e49c9ecc,main_screen
342124e81727832fbe63d8917158212a,main_screen
5ff21171f483ee956882d2df8566d30f,own_transfer
230643065232d4fcec7beaba6801a651,main_screen
c0ecb13ee5ced9f6b8eb9623f64742fd,main_screen
1c1514d101391256bdbfcbacd0ca5e10,main_screen
62a810c5a862abdfa7bcadb12167fe7e,chat
86f097acde01d9ed12f65423cc6f0ce6,own_transfer
05c74144686b947f6d1b2bfdae9ac1ed,statement
eabc99bf970799da2bad952ea589d5e3,credit_info
727006c4be5c3771e440e87a7fe5db61,main_screen
cfc1fdb6cea6a346e00707045ab856c8,main_screen
2c3c5b7a00b5faeb7d9635b341970d12,main_screen
864cd1c7f1dd93f32e654eba2c89b268,statement
091805013fd3f1646e9bb735829176d1,credit_info
307c8c25f307ecbe499fd505ab542a18,main_screen
e68dd8a4772ed3ccdd43ca437da2ce43,main_screen
ebe76632950092064253b4e20171e9f4,credit_info
b7f3915e1a8e56aa7a134304756c0741,main_screen
c72e083c8c9cb00876ffc17c722228f7,statement
f92f522239c8dcf5eb1b81b136bd1485,credit_info
2a5d332b1f2e492a016bb767a154642b,main_screen
a17d0c77f84508604ce6f8e43014454d,main_screen
0425632863eeb7d6d87b4fc540d741f2,main_screen
913902bf28fd54227d5f825a8c623ff7,main_screen
9219bd8cfcf27619c93d507f911f36d5,main_screen
6a18af6a5247f7d8b06d1f05a73fe438,credit_info
2df55d0eaf168d9480b43229af46a2c5,main_screen
2b0174a8ed8507bcc2a72069fbd78295,main_screen
d096bf0fa64cb04be8b65018a274607b,statement
172aa3b8a687e9682c53b44fcf92bd77,main_screen
6f76b38caea7760118d880103ff2f2a3,own_transfer
9f3e4d3c228875c8002458676efc50fc,card2card_transfer
310ba73b44e202868e36b3506cf41ffa,main_screen
debc41436b712c85180c907a74c3ddbc,credit_info
3eeb2fba254e77c4cba3e52ed2033714,main_screen
1a7f23b6cd86021b16737ec565ab1d6d,main_screen
12c3ce9faf79fc7c4e92d41ef9eb8805,credit_info
da00bedde98f70c3ba01b5e241dbe0de,credit_info
ef0f5326daf8c2055bc322980c3ba467,card_recharge
7e1f0fb82ed827b2fb0dcc4dde0a1b8b,card_recharge
17751dc82c28146ff6b4cfe6ff1076b4,main_screen
8b1647ac30365cbfd5a62fea0efddb21,statement
e8d71c8255e1e88de7c1782d91e174a8,credit_info
23ed28bb74e3ed4440df521eca722f39,mobile_recharge
821d380f0f76cfaef63a8b63b90da796,credit_info
fe69f8912bd8e10c99d5bc88d7b5effb,statement
639e5d04adea936fc234098effa8d050,card2card_transfer
7cafbd58aaa080217565f769a4120566,statement
1b11668ca1e1f1317b9f29560f48d8fb,main_screen
cb14cf7f4cfd4da5685f119173d89e00,main_screen
734a369eb704b71004918d3d41f84f02,main_screen
2d90e0885258401a168110a2d0f7941b,own_transfer
70192a276acdacb948b4d79d7284d31f,main_screen
759b30a9bd88dc1733069a47dc6ce738,statement
7aa2e01d06d98f3869dd12a390827829,credit_info
25e08f1775c5b6655c2ed26d61e6de20,card2card_transfer
18c82b47e0585b165561fc077679bc59,main_screen
ab0e0e81e85cde8fc05d618dae62475b,main_screen
5e017db06b0159c54e57cc3c3aa852db,mobile_recharge
6bd77cecd9a470e6081078eb7a7f7d6e,phone_money_transfer
e8b01e3e2b9bfe62cafdba1a064adaed,main_screen
5dce0fac7640afeb274735b175522870,statement
ad2da1e84967fed87c5d9131424e3331,credit_info
d571697c07a0357f4b8640dd056aea12,main_screen
e4b9e46ce662ed1f50b2dea9e06e70a6,main_screen
0a93ba72e51683edd8a5a895f6d79fb5,main_screen
487d722bcb3725b6e5d4d08f5cf48cf3,credit_info
2571d8e21020bd4ab7a1c6319fdb4bf2,credit_info
8bac164229ab8f2eb01c16107ce44444,card_recharge
6035b5b901f2690147aca7c667548c56,mobile_recharge
56ec8d3b9cf2d7312c2737d27b331e79,main_screen
ef66bd20e69919ebc1ce232576e9963e,chat
a42f4a118edff8fb0cb6598bfe7932dd,main_screen
f0a589e7b84e75ff20de167b35f56bea,credit_info
6acd28e9428c604cdc245ae95a2f182e,credit_info
65b1fc724e956b9749849048e92babc5,main_screen
84284fde8fdccb0ad2c8123eae631e00,phone_money_transfer
463eacdec985040e6ea4f55dee4236e7,statement
76308422c0920ebaa4b4d7f62940f388,statement
e5f50e580c100c5546297bd3132cc914,main_screen
3059cbba45f54eb7aa331c8b64b03fe1,statement
dfd8a9430d303bc6a050ac82e29707e3,mobile_recharge
80999b6dba52b464fcdb016ce785c69b,main_screen
fb3e2f292c6ffa493bf4fd2465db2fb6,card_recharge
cabed25600260a09e8ae3dfe70ab50e4,main_screen
47e28707e2012abb62d11fa11518628f,credit_info
a02decff7070e389ee9f7064c427b0b0,main_screen
6dfcc317b9290849bbff2ae4a6460c7e,statement
fce4b24fcbe16dc6d31b43b82fd13c54,main_screen
d8a90dfe4645dffaaccb986952151140,own_transfer
50b57c04bb88fbc32a15300c75c81864,main_screen
2414b184ed826d8aea4f5971d137ae76,main_screen
7bb79fdff7aadb43d97edae947f0aff8,own_transfer
dad02a3b8e5096a9d944bec79fac02fe,main_screen
06b55be2d88fc6982e16f4020fd72ac3,main_screen
3b5751ca6e671afd4b8b0d0afe6f56ed,main_screen
4cc3b661b48949a207053a0807e1472e,main_screen
79b772d31d1f8843849037645dd975a1,main_screen
68b6b634a51eeb163456f93755a7f6aa,chat
4db86ab3dd7d418b271b0c74efcf108c,main_screen
28bb9052f927c0c78f103a5382f46829,invest
22eb0ad8e6d3364d8e557e55ca86c855,credit_info
23daf6d538934a0fb940e603952f30c0,main_screen
390d87a6e3211228b53d1dbc48aebddd,main_screen
17b7e8da2a8dbb6ec3bf596bf8e84dc1,main_screen
c485159aa7506f2a8ad1df8370f094ca,chat
c4221c5da6da771fb3b1df57c230e437,credit_info
6d953c9c5d0af037065d60d958c41b1a,main_screen
9d7fc1dd8ee3296fc292b7e36b2da0fa,statement
3f54532c59791fd0ebd6730604c5b711,phone_money_transfer
f47193031fbc7aae038cd74ffefe0527,main_screen
9603125f936ae2eb2a793f3a466b6b83,main_screen
8bef3e53a301a49a9b2a7d31db7a3e71,main_screen
434fb6b2a6b28f4667d91787a43d0fed,main_screen
2bd02d9daf5c68fb41a7cd647aca7889,card2card_transfer
344f84785a5704dcb62aa474923f284d,main_screen
92e9ed65144a921eccf8ee91f6afb362,credit_info
fb35aa7403233c76f61a386704187e5c,statement
3380999aca40ccc3b5fa6668cb5e60e1,main_screen
51f13cbd9e1c6d3b29b6c12a9d08746d,credit_info
62c1cce5135796df452417b01296968d,main_screen
b5bf0875346e5cb36daf047096cc7f6b,main_screen
d4b6a38c22cb9f2ad5b36a488bfbab8e,main_screen
2b53d6e455e2480196edf893517c0634,main_screen
ca33873b341153f6cf881b80209178d8,main_screen
da8bd07418fc057f1ceac380aeb90b82,main_screen
dea09a915d7ae581cc93c21666d9d301,credit_info
ce98e5d5be6bc62eea97337693de6023,statement
54846429f13d684974ffdf41f84db72e,card2card_transfer
51b57c429e8c1cd482002897af6f27b7,main_screen
f5cde1167bc180d4757c6e3afe6bc748,statement
b4c77a92570f60211df2ca358bc1e8f9,chat
62aa18046a58affbfe12ae8985cb69eb,main_screen
a34a2f80a28fc9601acda66a886134c2,statement
681645e1397f52b6be99d877c33afd91,credit_info
e56f1858c98e93b81bb29d7b59d6b863,main_screen
41ff13043613b636385816d3162c0bb8,main_screen
9a16b6d827d0162464deb088373e63a3,statement
ae138b13898005e1b77024a6b4c29958,main_screen
1b6c9b78f116dbf4a1e59780e9e70902,main_screen
aafb02d7cd30d69f909a64153cb56a50,main_screen
1c066cc82309bb5a172faf8b249a6871,mobile_recharge
65cd3a26aaffbc1c7212c0c7af4251b4,main_screen
30edecb0a33ced720c4f121095379fc3,phone_money_transfer
18bc8f51a00b85a861d0f662fcdd4930,main_screen
3926fe52de4c95e1c1edf184bfbbabe8,main_screen
c69cbc75a0b462c3cc9c2e1836021791,main_screen
1e16724047903fd100fdb07f9beebddb,credit_info
18c1971b67bba5a6befb0a8b9bbee0dc,main_screen
8923d9b9140690f3f7e0620dac1401bc,invest
61e41064af59493fbfc8333d4261ed55,main_screen
a7319374ae5262edfa4b493d1aa226bf,main_screen
77723dad3874120ac638cf8b1d6d7e02,own_transfer
8fecbc2d6d86b4f86326ba6d27db36f0,main_screen
3b17909fd50627816fd0c48c08247780,main_screen
5f264a7d865676b30a3008ebe19ccd33,main_screen
c6daf49f739528668bf32260e9979fc1,main_screen
f0db6da6755be38c609f950c5a13589d,main_screen
272d0131822690f9eb7478cbd8e0be1f,statement
4dbb744dddc01bcbffd4f062abb10bca,statement
c80a62ad9fe36c471dc11e883426960f,main_screen
491cf416633fdc85076ddee71a00f24a,credit_info
3ab032d4cce419025f95c26d1560881c,credit_info
23d189148a2a95de4a639d90a81cd469,main_screen
0abc08237581a630c4f3f8068fb8c763,main_screen
f57325d8123826c89e81a690d9245aa3,chat
a5cf7ff381ecb0dedaa2b2bd29954219,main_screen
fb3edef812fbee395aa4e2ce2c150c4b,main_screen
0b1d50d5f877e1ccdbef5072cabdc831,credit_info
4d2a6953f55fadb15244be05878c1c12,main_screen
27c2e38ea023f3cde63289d44f7ba8f7,statement
88ac9efd29b1849166a69de4c6319441,main_screen
a260df30d360ab8d14d049e769a15104,main_screen
5983de7e08e002704c1bcf02ac35350c,statement
b485ceff82886aaeeb1e9f37f70c87ce,main_screen
bced373d869d7abf5e48c46279c155a3,main_screen
7ad38db9f9850c7de49db242e5f3eade,main_screen
ae0e0c48024f50aea299b97f59455b47,card_recharge
a8b193231decc09a1988091a42a1c199,main_screen
24600b5d8ace91385d1c1fd28bbf13dc,main_screen
2d1c0c848321654ffc2d94a21d844508,credit_info
85b25bce14714a06cf14022cb3b2820f,credit_info
0735600f78e009bf73caea90e3e50f8c,credit_info
4a94c19f80ccbf041e4f778805b52230,statement
0aa07c657f0431dd20e91b7fddb8d0cc,invest
ca64c0317dcca27d120475ff9c02cd47,main_screen
41528c91539956a23ea05d17b13f92af,statement
d4fa6990ef917aa018ab3b626c0a47ea,own_transfer
1a7981d8eca9dcedaf6e42910ee5eb4d,credit_info
721821b3b4fb320d6014f6d6558d806c,main_screen
fdd3c9a7fb7310d0a7dd674959f42ebb,main_screen
a434d23aaee42ba9e66409653adccf70,credit_info
1f9b3d4e03dee263fe35bfb70b209ca1,card2card_transfer
03b17d0f31eee5b7688b2ea5e304732b,main_screen
c7b3f806c6382ba1efd9cc49a5c25f3b,main_screen
f278d8015abebe0f752edaff6781fd98,main_screen
ea1282dab0530c47bcba0925ada27a5c,main_screen
b39fa50b7db7d9b98d19e49247fb787d,main_screen
de8c3a2ca5a70ec824cfe1c9173fe29a,main_screen
85aa8ad5d979ada6e182c4ea234652f8,main_screen
be95ca555c00ab667246b6a2123fe983,statement
0fdf85886d2ded28810714ab4ba0d8b9,main_screen
67659331c6716eafed1d6f8a1567abb3,main_screen
9680243d20abf698510df0561e3603d0,statement
3bf3184d74bc833adc26088da5fb0b83,main_screen
0fe3304a8f0a9aba39cbe777e6dd8b98,card_recharge
3ff71efb9b6ef0f0e13f32e73fd4f174,card2card_transfer
95d89925d1aaeed4c11aaefd64cf08f1,main_screen
88ea876e5684709992e3e60346f085a3,main_screen
efefef2dcdf3cd148044bf09e9956fd8,credit_info
6cb38ea380351c2240aed0e19a3007ef,statement
45dd26655c27ad223a8863013530c05f,own_transfer
66fe6748489bcf4f17d525e3cda4a36b,main_screen
81b831d5557cfa2ddb5b5876bad99546,statement
23971f8aa25803a89e43726c48da0d89,statement
9aac9b4085c933e592d296f85c3ed754,main_screen
4d73b07aed38d3b3370385177b51597c,main_screen
b3c19e4aabaec5d4011682dd1bcfeaa2,statement
ef364415304b786cc7931ce24964d64b,own_transfer
10cce2c341662e2b706a73423915e5ef,statement
aab106a39494950f54cfbb8ac2183e05,chat
2375670f66bc64a1ef59f591c0bd5b48,main_screen
46779e1b0f6d5f369ba3dc1bd36f6526,mobile_recharge
9ac62293c92883478cdbcb0ac6a84e27,chat
8b845efef854da921311af99225011fe,main_screen
a18b1aacaa853259482ade7c586e88c0,credit_info
362a2baff67bee449c6e11846620b0f6,main_screen
8391b75f45ad50253f2f42d8e187e1eb,statement
a06319acf4bc088b6eb2dc6b48caeae3,main_screen
72e922bc4abbf4d96b958f8a3893af3e,main_screen
3532bb81ae9f73a0a5add5e8c8022275,main_screen
ddd323417e47d00806ff0b561bf7908d,main_screen
0c54d8116c399ad83f2b764a2c70bf51,statement
b6149cbcd6628f57636dafb0e0a94e0d,phone_money_transfer
ee7de9ef91b36611d618b495593bd475,main_screen
92ecf211c707547ae262bf428be381a9,main_screen
8865fed01b46c1ccf5e37053353cf057,mobile_recharge
8d7c0add001fee7d3b69ceeb8749a6d1,main_screen
6b866a821287708ac0eb982863196a19,card_recharge
61422cc3bbc06f42632e20a43747efd3,main_screen
cfd6864f89a24c748f63e33b7af1da13,main_screen
694bf9f891fed0230860579276c773d9,main_screen
a498172e225be4d454a27f72a4cde8f1,statement
d7940b38e346b3c307fb652322fe272c,statement
f053fbc7840620338def115f827728b2,statement
c4bc3cfd79283ad7b5ddac142a720e92,credit_info
328d8e904c9367b5c595c8f8b4f84065,main_screen
727dd5327d7850793072db31f3bac615,main_screen
3f6b2972a16b498680409bc72b48d9f7,main_screen
a4d14b203ec3b9e02d657d5d4d1184af,main_screen
168b1366b8d247a8cf6cb85783498ae3,main_screen
660b29d3b84723d58c133408b9f70026,phone_money_transfer
611bb95b3e290e9a1c64e44d99ab5dc2,main_screen
ee2f6759c76ef6083b8f5f406e431060,credit_info
6de139d6816158174650560fb68a594e,main_screen
610fe79c053e8ce11e45d56247be22c3,credit_info
54cce3b43ce7ea89cf2db20d109b6ee7,credit_info
7cab11eb88549d2e173932a7d509a83f,card2card_transfer
8271ae8e032514ec4f69b499c55b1b5a,main_screen
a47ceca31af5bd382b573d7f3b9ef424,chat
0c7f7be1fbc37217417f97cc7e38f9b3,main_screen
38caf8ad921a794d689810eb7fb3d2b8,statement
1dd6e0c4dfa8980ac6e07d69ae5456d2,card_recharge
e73f9ccfc6458578c7ec76f5ae876d3f,statement
15760763cd22cb581d86cc960e58d3d6,mobile_recharge
8ed99e920c65f98457fffc17af253b2d,statement
2e9b2af4e84796d98bdf2e439cbcf2d1,statement
40a184a62999a3ed4ce61e88e0975585,main_screen
a6c4aa95a45f977c41340bc9b2fbcbbe,main_screen
16ba1b0cba10b8d3587f774fc2e93586,credit_info
029e8114aa2dabed6b26767e34aa7348,main_screen
00488fd7358b29b7ab9924f5509b4645,credit_info
8426b9effa4f4304b3161e3f7e2aaf8b,credit_info
3dab9a242553bf400c4b6e5514b949de,own_transfer
e0d96d497c97873c5cc3a8506b061204,main_screen
7a957920617154c52db598234c0edfd8,main_screen
555c17a714f370907ce6fff7724f5911,main_screen
14039f1eb68d9597b0b8933282802d19,statement
735c9082654ba2aa91478b7472be8d46,card_recharge
e5c427b5fb0e5cd5401a0bdba6832a36,credit_info
c8383b0d20dcb86d969ecebf874243e8,mobile_recharge
c55d8743a3b35f38eae5514606fef3a3,main_screen
99906ddcf3a45b82c12f6b896cbf7a1b,main_screen
ce56a4cee3dbe3039d086f69f3a83254,card_recharge
19a86d249976f0e6504a2efaeb2d58bf,main_screen
0be65992850b5b9cf7b4dd847d6960f5,main_screen
2f1d9e6ad02371d3477c3f7358de9ddc,credit_info
0f72ab70f4079fd092be87913b5a414f,credit_info
7741fbf00bc95f47184613c023054e3d,main_screen
785a271aff22610cf8e3a275088268c9,card2card_transfer
4d7e678dc2de140d3f93e90e633a67ad,main_screen
e69478572869b277c0faca6e266632bb,main_screen
cc98e0a53062fc04de1c36c60be7f667,main_screen
276b569e21e4bc6e312e15579c736c26,mobile_recharge
eacb714d55fc3a83e4ce7e3e20bd901d,phone_money_transfer
a64aff58cd2cd765cef3b44dc3b85f0d,main_screen
6cff046e879b6deffc22b67ff84b78f4,main_screen
9c7fca57d6bbd2e60801b4e9ebec6068,main_screen
f97be9f22eb7285a75376d8bb19bdd20,main_screen
f4e3cebcc13d9f0c59fb0f680281beec,main_screen
c6eb4ccc1d8af46f5a75e70c48df9935,phone_money_transfer
4e52fa8edd9c4a80cc3ae0b1a86ef50f,main_screen
44f23cb53d7977e961803a1fc8b57d18,main_screen
0216e78305e43bc36a0b8b7b95ae4aaa,main_screen
ccc6f1aa191aceea76c6d67952478f4a,main_screen
a133bc74597052e260a066ff43170b7e,main_screen
3bfd0c7a060b23946966939c6a880104,chat
ad5d7cc55c19068ccbc73a51fe190ec5,main_screen
41fb9b9b7b83d8f2d5bc84b2bb9f9ad4,main_screen
07454d65583a72da49a01c508dd3994c,main_screen
3d3d9bf2228bfc4bd65da0ff18c48761,credit_info
fab4f3f5aefed2e8810e34f9036efc86,credit_info
b7d9442d49d0c6eaac4829441d5926b3,main_screen
56ca493f747988b792be917e5cabd481,main_screen
ec0d6a11135d93c7354ef0514c977f25,main_screen
0afffb15d0cd3534a855b91277057ac7,main_screen
b67f51d8e634757a5b06361808922aef,credit_info
12acb1e50cd1bf1e1e74b2ebbdf7ffa4,phone_money_transfer
9c59857bebc55bdd0f1c5ad3626ff1aa,credit_info
1b6a6673c1361322012d985f98638d9a,own_transfer
4a88744684a67de1c6187d18e1e79293,main_screen
722881d45b1961bfa9532f0b6f04e975,statement
793c80c02e4734eecb7f29f2319b35ec,card_recharge
f4fe8703aea84aa3ad91679beba3cf5c,main_screen
2fe7b1eaf208cc18e915c5da4554ed5c,card_recharge
9d55be9035477656e6f3507daa956b60,chat
b4eb2192238ae633c58e920ee9b80af2,statement
f9e5927e34410c816c347b7f1e7e77f7,main_screen
608a09703ecda1a8c8dd83b39f4fe094,main_screen
dca8d1cd279df9c19a5789c9ce916b89,main_screen
c709f5b2ab6705b97e8719d7ba0ea08a,main_screen
65d69f414ea27a64e9e390d63ff2caa1,card2card_transfer
8df47b09fba9f7906b25542288b37e28,main_screen
09268e274403490ee97a6b13ffa47a10,own_transfer
8a1da69d23381c3bef9a94a94d3d9c98,main_screen
f39aa8297bdddbe12a04cd6deac21978,mobile_recharge
21ae5cc04a6d3518d3a42b234d154c9b,main_screen
2ce695f086d0b2032ea539a5d691dd05,main_screen
15821bdb0bb0f581e325e0eb25b58788,main_screen
e3d12d734f09e9007cf02da0bea1c927,main_screen
86bdcd2a8fbd8968bb521283b1771120,main_screen
1dd6410731551b6cee2293c45989e82d,main_screen
89f1075478e927a90783c247800aa1a5,statement
8fac9b3a22081347979ae2b1661e89dd,main_screen
b84c0f8ba7ce66cef9b9bebedc50eb11,credit_info
ffde57a0df7ea949e1cea710d9a5e91f,main_screen
8389d94c68e4aae9991a8ce9347d684a,credit_info
de172eb737f744ab58064a24c73e6ad5,main_screen
8cdef3530f6a772f8d0ab1a3cc7632b3,credit_info
654625e117eaec8b925fd00d1aa631e7,credit_info
62599d976734160bb3dd62b56ee25ea5,own_transfer
79fa54bec378a07ebae7547877177a65,credit_info
1fdf0e486a15ade07a7f9b92d9a52346,statement
d9592a6ea205225439688f7ed01713f8,statement
41903d9a3de4618108b532c4bf366e3f,main_screen
df0189c4896680c93842c04530769a74,main_screen
63b483afa415ae577d08c8c661e5b661,main_screen
eb0d68a7ffe042302f1c83406dfe80ac,credit_info
7ff2a8454fa711cabbe105b800f41f26,main_screen
d8ac8ffb6b87e1ecb9a1b6d875cf248a,statement
efd1a14e403d51a494eadae67c93295e,own_transfer
06cfc7aba4a3aeede97fb40afad5d69b,main_screen
4cafc15c25d318ac5e7b19fc28cd70d1,statement
adbeb5e2b5e4958a4db5e69d189f0fde,credit_info
013ccbbdf5ceb99d3ee54fe58b38706c,statement
ed49ea17f32f70045c376fcbb0be4ef8,mobile_recharge
e4812a77f1d5b45bc9c02a522aea87af,phone_money_transfer
47cbf72bc8774e7507ee83b6ef0578a7,phone_money_transfer
bd6b5107d0c4d8e4766a991811584f25,invest
61c97e69d13b96bbc0569f7fa27c450a,credit_info
59d1a6ccf23120256d65cd3f4ae8257f,main_screen
06bba28d8fe2f920a48492de0d4274bf,main_screen
f3d9393d3141bf04ebb0a92c52dbf66b,statement
8a8f4068a1bc86ca67b21f8331d99736,main_screen
b09a8014d1b59f2b88dd08104bc5382f,credit_info
bc07a00f2b1b13edd603ac7daa8b61a3,statement
e5cf0c7418e92e4723c55dec4d3a8847,credit_info
3c03336bf9b7d701c804c29f0e515ac5,card_recharge
2d3d297542e39e520d870c4005497d22,mobile_recharge
77e33c60f08aaf9230f70e58c55a866e,card_recharge
cf3491639cb9e3046d6e824f4f3e6879,main_screen
4f7d29152df9098509e693c45e2961de,main_screen
3e138df31e87fac642def1efebe8ad2d,main_screen
248148a375becd84e9c99aeb40ccea6c,own_transfer
8d7bbe7c5422c0dc0fbd7ef314c72fcc,main_screen
4735bfcb393224e95e65b646ab72570f,main_screen
ab7dc9ef9036fcaca68c71e39df8dff1,chat
325f2ed0a1f5afe70342606c9e4ad7ba,main_screen
e054e5b05b33461f495488474afed7ce,main_screen
c67f53333185f2c759a44102467f3da5,main_screen
f7dc116645bdf1373aee52a41114d892,statement
f75cfc2f24a43bc06ecc7208e86473a2,main_screen
b4ab67d958b85a7d20d083074ae8661c,card_recharge
57417f14b109cf544a938b48fc8dc505,credit_info
3d1808e7d8eabec7b4e8d672b325ef97,main_screen
107572bd14a73368a6750d24cb2f87db,main_screen
5ed6292bc07a40277f54e99de98453a4,card2card_transfer
063b4f9a5ea840c7350c8bc6db1d8ea8,statement
c7e31c7a27ff83638b982838672c35ee,main_screen
ea2c368ebded8e3ecb23d1282fad5a84,main_screen
d67d00a771e4ddd192686b62c674c7eb,credit_info
d079d320028577b4a5cbb0451cff4f7b,main_screen
481396026c4eb97ac44d9911e86570e6,main_screen
148caa60fb848ffef07a2ca8c7d49f14,main_screen
285ee5c034b1f13a6d4aa2ca47d53a9f,statement
aaa585fffb0bcd5d2e840f3f025f6def,main_screen
560c4f4277bff009ae437f4a015a0324,main_screen
f153b38381c9b3467f76171698f42d6c,statement
6d10310fd54cf8c37a8e520e04b1709a,statement
cbc67ecfa65a46cce50610d851662af9,phone_money_transfer
40ee2cf05ead468c5b59a0f4b00e3087,main_screen
fa6bbb3300c87087c549c9a264a470b4,main_screen
03321833e518bf77584f9a0b873bfffb,credit_info
188da6840fe979040bd421e4a588f120,main_screen
b731893872e004c6ef638596375ad1aa,card_recharge
3a77bdc22731a8a3f3bd382a06ba83c2,main_screen
615f812eeb1868280d613440b96eef7e,main_screen
d4d45aee309eb4e79b0b2e44502543e3,own_transfer
f5bb7d89bdb643ccfda5b0e7eb697143,main_screen
4cc90c8eda86e8fa4e45057d4f120543,main_screen
8d2ec0448363e4edcccdbf96b6db850a,main_screen
6714f0aff6a19557d5ab3184e8a9c11e,main_screen
e570d3d7687a368ea4450dfd8be0adaa,own_transfer
fa2d215822777e23df61ef71ec1e2eb5,own_transfer
9bea7ed5ad922d92b50ff23e32b0b1da,card_recharge
7e16d23a393c43078f07ff38f064a1bb,chat
83ba4846078ea386ee0dd97fee4857bc,main_screen
c594c48233b9f0c04529258e60c64b76,mobile_recharge
709705f58f76f1d0d6b6b49051a9164c,main_screen
4e2e78739b3842913edb778e4e411ea6,main_screen
4f3a1cf952dba5d61341a1faa9714bc1,main_screen
1e86493b4c70dbfe2513744709ee5dd6,main_screen
7ee6e032c7f057027f34099e978505f9,credit_info
d666cab354b14bf493e6143f2cb41648,credit_info
bc68efe27b6cdb46393f7599c1191261,main_screen
bd8403f5fef1a9bf67d7b3f4d035d027,main_screen
3234867ed763b346bafc13b9f86cb5a6,main_screen
4d73a288e216898c2a9c59dca7180bd8,statement
abcd7d8b054c64a086de4b146a4fa6ce,chat
c917b21b141273980c9d900780af4ccc,credit_info
ea1d6365f2b9e4ec86a1460686ac7357,main_screen
865295f00802b22110fe739899c69cad,statement
83c8b33f4dc29b0dda242732fe73c944,credit_info
96cd24534d6f9170ecc8631a2ab0bc45,statement
f48f2f189946597a4ff7fdb632495e82,own_transfer
9d381ffdb30fc466754868ccc1666d1b,main_screen
a160367803b221cfea4337f6753d3f21,mobile_recharge
9ef804dd4d656a3f871fb03e3d9eb4d6,mobile_recharge
33b4da5141c138589efb1adadacded44,card_recharge
bdd58f92a61305ffb92c51a59d634f41,main_screen
00fe0f82e76543890f2ae272c0820f9a,chat
9c8844b53b83ba4a536cb0fde1e51ca2,main_screen
07478e22740c3808b26adadfb4b69599,chat
7def5c2db5b785506539d5d68a4db4ba,statement
1939e325fc9b230a1efa94dec7eb116b,main_screen
6fa038a1627ab8f5b24cdc61a0b61daa,main_screen
ae449b1f33f73ef685be4cd3c4197cf2,statement
5ba9d9545325196b636c436c23f997a3,main_screen
9a9bc41d907f7f4706832951e87fcd9a,chat
706352d974dbdac10c84d8ccf112c452,chat
6e6d14b590ed0e6c529cd590927f2db5,credit_info
e62b866e55bf4537075c55ea59fdfc6b,own_transfer
fd76acee91deb4839e933b71ba52e000,statement
0c74f68498a7e478c0fef154922ed95e,credit_info
b58df6df87d196c910c0aa68eed1f62f,main_screen
59347024f9b4eac4d5a0983562bb0715,statement
af112886c55f1a58faef125f24a416bc,mobile_recharge
51359c2271ddfef4c954cdf04cb9afd2,statement
ed4b74e607a28bcb9964e5ac65ff1f3e,main_screen
26d38cc44546dae3c351854958d579d0,phone_money_transfer
7661292366d11e6d74e0036eaeb14017,credit_info
8dd9704dde473fc7dfd74c0ba7302f54,credit_info
68b780549a5dde269240750c87a8c9c9,credit_info
f1c60d627b9a95c02a927ef5faacc17f,main_screen
f7882f6ab05119f6ebc3b58bd3ff7781,statement
76e3178cc25b8a305fad9a7d08e3941e,main_screen
dba6d62d3e2249806bccdcaf204431e0,chat
d6d27acd136afc1c6ea6e625af0a6319,main_screen
02a14f12be29764f97554303d1ac3578,main_screen
ae5e71c114aa093e8f0329b04a694096,main_screen
7f46bad367a715a8e2ec95363d75b8ec,main_screen
8e0d39a3c1bab90046e2afdd3454eafe,main_screen
ba4ddcb392ed89116d2280e90416daa8,main_screen
2f8169783fc1ee2815731707c8ca6de0,main_screen
87da6bdff34ccf1bfcf7cd74b031cf72,main_screen
cea378482c8997714cc5c8123f39093f,main_screen
49a7040e07057bc844ea5505d42196cb,main_screen
84fc52716fa1cbf5033714f474aab911,main_screen
ef6e8f40817d1fee61690fdec344635f,statement
803a163ee5e3da104bda9dd58f9677a3,main_screen
9244c5e75693d1c06e36e88226124f5f,main_screen
f9a921f691d6482cb22d721eaf6ff831,statement
b201576fef879a4d9a6b09d5772fb57c,credit_info
104c3a45906154f76687fb9438e73383,statement
8b0eb38e8e0c0e35f527cde9121f5d88,statement
15d0f040303c5e9f1ec58aebec618502,card_recharge
4e2eea52c6d3640df13f73214b0dfaa1,main_screen
3a8de5fa3161e8d6f596abe599f38258,card2card_transfer
97e4fb144682600b030b814e49da3c3b,statement
8fdd0d7f128c3e3152b4c5eeca79fc52,main_screen
f5f4588ff3599b1382135d04ecde25b7,main_screen
675509e4b930b4c4d5a0be7360f73c4f,main_screen
0d69f2f32a21e8507e066336bd8c0040,main_screen
93bb65953132c8e39c96811c7ece9ca9,statement
2a789cf5865aa6ada3bb89eaae3708b9,own_transfer
91fd4ad12fd25fd89e9257405d7108bf,card_recharge
6b75558618a0f87228186e416790eb1d,statement
fe0908cd272d2e1846d6d3532cd46f6f,own_transfer
9bffdbd0d413339dddeb57921bec22a4,main_screen
8947322ec181d56dfe7326be04244fd2,own_transfer
044f75bf95ad8cadb5def4b63826fd9e,main_screen
a1ffb32092b88c8d7de5bfcda12cf78f,statement
70c4010542e15f416473e84b9d932319,main_screen
cc5bfea2e310d06849e96bcd16be6c40,statement
a41ec5d292886bb01f0d8dd7c7292093,card_recharge
b01827120620e8d47f61688aa1f7e5c0,main_screen
055732ca051fdf3d6259626e5721943c,card_recharge
0ea2456d2e0f91c245bfdee0f904f836,mobile_recharge
b14810478e8f84b9b3a3f2a5a4709236,own_transfer
bd72c55aa64bd79ed8fc3d0bc97142b0,main_screen
4ddeec8b79a95a81806e44cc20e0782f,own_transfer
8a02190202cd6fa9ec1f8aad3146025c,credit_info
9ddc17a98a76ed81ad557ea8b0eaefdc,chat
5a5343075574fd1e2bc325e800d4161f,main_screen
d78501247e70255a66eb848e340863d5,own_transfer
f5b27e3405c355915a86a96e028c362c,card2card_transfer
d6092a418a520f74b91b5f5932cdd187,main_screen
bb264f17fee64633c26d2ec2892f418e,credit_info
b1ba21120a0d5f9ba139dd3db89b7988,statement
b901a449cbda362e6c28b60ffb8cc375,main_screen
2d619cfa2851262260de69e329faf1bf,statement
c95729c97fa3860464e20894887dab8c,main_screen
446755181b3f5ca2ba807e4fc3cd91a8,main_screen
8251e9c2ed977537d4609f1b739936a7,chat
eae1594cc6a866a1bc542aba6ba6aa0b,credit_info
56e035e9e8665d64607cf026af2b86d4,main_screen
847b4420e60c4c24e8e62ebede310231,main_screen
f997e20332fb9907a591d8072751890d,statement
77eeb9cefcdeff382e83c4308543cf09,statement
85c7718c49e97a40b249b62693d22955,main_screen
326b474b40ed899d387e8a1754cc2275,credit_info
5dd25af8d3b84a9ae9ef8f94fd22e320,statement
464d7a9517142432367ea4526d7ec878,main_screen
0435d52aecbfd494d6245433f46b717c,main_screen
f01fb5a391fa26147e57c283e0e9a47c,main_screen
8fb6b198d6b20958f27b85c7f305a183,main_screen
3f78a21b2728073af539c38905c4ebef,main_screen
e82c34e9cd8bf679a7b156cc41e9cd02,main_screen
0c8591de810c4815832e2f71a3dc156f,invest
6a904cc22706443586c71feda6f9a083,statement
24e619be0ff86030840c97cd9c62a9b1,credit_info
6c664c2c19399893c51a41a7feb8e0a4,mobile_recharge
5afbdde90a1b2015766288992cbacfaa,main_screen
9adf25ba68764b19437089156ba52fc4,statement
9199c29809a403f8ddbdf1cc1d1941ae,main_screen
3ae73d671eaa9252fed8c5bb5a162f9e,main_screen
04f265310f188f2cfdb4b0909c2f0488,statement
fccc6816eccdb848080fa79635c66f5f,main_screen
84a3d5cf09cce41820bcf74bdc9d697d,own_transfer
fefee6b64a4bb3b1ba550b0a6c1d2141,main_screen
33ff8b69eaa974bd672957b5510dd85a,main_screen
5f3836c417edd617cfa35b4f3647a340,main_screen
54f87e6a094cd12109d79c1f8cecd800,main_screen
737cadf4fde6041ac2ee89418a34bb09,credit_info
7b9821369d68fb1314d39d5ff531d5f4,own_transfer
1f3cb0339ae5e42578e97a5a9db7dba3,credit_info
1ae35afe3cd2f12bb0280b804c09e35b,phone_money_transfer
603d24a306acfe6d21aa915bb74aed29,statement
5869a7520f313e2f1eb328d165e00d87,main_screen
f63c1bb867de41eeac612a90546be298,main_screen
8fd43b3664f40c408563dd7ba7e1f2f2,own_transfer
8dceb58387a99790eea730f5a60298f5,main_screen
f7d03d029bf144cc267b8de9ed3a7ad1,main_screen
85804c3f81c4d64f3c6171f9c47a5411,main_screen
44e03bf8cb118172cc3a8aa825ac6bad,statement
28ceb0feedb9972d20729fb2f593bc85,credit_info
1b1a962dfecf2b8f3b4bd115fb503421,main_screen
2fe036025ea1f472e4807cd8cb494092,card2card_transfer
329237a47f57fae206fbfcbcb4f8dc4f,statement
5514bbd54c0cca9bfc95b4fd87c454f0,main_screen
f04045ae577e3e99cf6dd5f8a6e4eb22,main_screen
811e5917dd26aef6753024883513e604,chat
83a0dcbbacb32cfb1a91232cf1d7b0b3,main_screen
72872ff6c20e68e576e40b712df46601,main_screen
de0b9c5bf1e92e6e7136758d011fd5ed,main_screen
b60130b6b9b9452774324a86afb8508a,credit_info
000da0402d36fb66c3be3bfc2053d1fc,main_screen
20a0f7998c021af51ab544460f30cdd4,main_screen
8189ac02b03d096f2fda27326e79b134,statement
51dbeb72f92b8d5b2ccc7083b3188aa9,statement
d3b313b6d386e6b36be96aa43245360a,statement
0fd988aaeca5a7cd79d6c6aa47d63447,main_screen
de82aa190fa6caaa700ca10ab9c3161b,main_screen
39ff81698cfeb0a4eebeb6af1dfcefb0,main_screen
0283487ba99710a285d6360c862a1ad1,chat
2a27744058dae3b71868b1b0493874a2,statement
dc47267e4fcd0b6c07509f413a4ee5c4,credit_info
e7b8433bb38ed8550d68366f6f037ba6,main_screen
e38293d267b22dc42b8e798b1a85825c,statement
9bc27a1cbcf06419f0f2278e8e9def39,main_screen
53e32b16c5bdf7d8695cdf0683c41a87,phone_money_transfer
8b2d0eee2c6199da0af28a441df8b053,mobile_recharge
20cc6105d5d57c860072145bc4e413f1,main_screen
55d45db9eed5e2074ea405d17b2d5c06,main_screen
8d274b2fc368f1e3c23f3d7b982b1819,main_screen
882d4b79d0cdfea2ac3e134af63f7d45,statement
40f1927e68b96245d62ad4aaf2337ff9,own_transfer
cba4bf17012fecd5dd26a33fb1928b66,main_screen
87e37be0bf74a19c1a08ae6597a43bc2,card_recharge
e9c0af19e9654657f867542c5e70f777,credit_info
ca298468d9d29ae893116a5c01310c4a,main_screen
7fd621230e093a1017b059da2e929bbd,statement
f6f26db7f323d0c54d16af0f71a4d082,invest
4183c41f21eacfb87f27814ba6734f8c,invest
d8ff23cf11002a60dff36b799f39a920,statement
24947457d0025a8f626bbb39675a0adb,main_screen
c34faa9d8cba920e6ffc9b602e1de66f,main_screen
7dfedca4d169f23524f8701e56a456df,credit_info
a21ddecc1688ed5cb13bae40879ccc16,main_screen
1e2291bf25f5be278b4a5c82e2d74bf2,main_screen
fe08050fbd95ddd85f4453116f02c4c4,statement
739aeb3a1c9635a4f4f1d408e4c5ce6c,main_screen
3b608ce20170aa89cdceced41db5986f,own_transfer
03f0901cbd6897243e8659fbe3e64e52,credit_info
c001771a082ec4907f17f6ef59a1f4c4,main_screen
efda69eb34961abfe984eca183998dc0,main_screen
3338d7f53f62d7520e9f05c9c644dac2,main_screen
392f12acc0c9c9c2714dff18fdee3ac1,main_screen
531358b0bcf4b38f507fe88b27ba0790,main_screen
8606e5c35364877fa64298ac0247f7f7,credit_info
a610b67678cf14a9a3bc17bd3eac10b2,main_screen
8741309723facf751e8b6922a4fa0b35,credit_info
df02b3a5fe8df3dc1ef3a198f2d6fc8e,own_transfer
9a2a01e674f875276daac8d65d1455f8,statement
9d1da81b8392f9fd1fdc4e689418e4e1,main_screen
64c478ee9a3b3493b4886d9ea7d7e5ef,main_screen
2cc15ab5a415cab30ee82f46f9fe306b,own_transfer
789d399ad728fe037faf1bdefdd45e88,main_screen
c01109340759f9b06c25461fe4ef6e24,chat
9517311ad5de7099e0e94adad62592c1,main_screen
93f838b973d669769eba78788b7999e0,statement
a956a96d3798d873cbe28770a2ffd5ab,main_screen
720d923093df86ee0811ebbe378d50d1,chat
e89089fe925918431cab2d5fecf576dd,main_screen
e2a75971139c5c9c260ad1bac00818b8,main_screen
0574579d01f3b76917d06e8047a84966,statement
24cb77dfcdca327cd35aa6629c9b06ec,statement
3a55f36119975a92ca193e815b61fec3,credit_info
516b640d35b918db2900ab1a99ab6116,phone_money_transfer
15c8cae107f9bef835f9bbe504a8c558,main_screen
4a07df018e7c91b8a045b409acfe24b1,card_recharge
af5b288d96cbe0276f70360c2db85666,main_screen
635843f301b1ccd54914e5fbcac5d479,main_screen
343b8ddffaa423c411efff316b2acbca,main_screen
56e46191b87dc5e38c7dc629de79b03f,main_screen
344bbebbe51d39f764da46c43b637680,credit_info
adeb4839a5e09134b17f04d7422441ca,credit_info
4133703d21245e9a0f7cbfb5c036b7f7,invest
11e73584aaf6642aa9e74a9496285511,main_screen
094c86649edaa6ba05ed4d8571115f62,main_screen
a877d4bffb32674aacf0d86bf94506b6,main_screen
7bb6e4c34558d09d29c6d168e8f2ea25,credit_info
a6920cdde0f680d8eeff4866f1f5eca1,credit_info
1cf573c3702ef8fc3e51efbe6667c95e,main_screen
dc7f4af1656fe81a913ace541b57f4bc,credit_info
5a268e656f4bb1f91acb10ae3a1ff169,statement
7578ffa0baee2c80739e52affdaa99fe,main_screen
5d4429ca2176215422bb40e8ca003cf5,main_screen
e0490b74c64a8d4349e7bf9ec18bd422,main_screen
d29107e3bf2967058666aa9907843d59,chat
279a91599a7310d6402bad5684ee02cb,main_screen
73dd46032c456c1e40436876c6d7dca4,main_screen
e87ec8f5cd393d8d585ead4e8751e185,credit_info
aa9eecf8376bc8d17f7bcefff0d912fe,statement
ff1a684421e9a7c9a768daa6ef7ccb77,statement
1f43e68effe79c188ca89bb582f8e4d4,main_screen
6993911ea4004bc3e2d03ebd06a726c7,own_transfer
2dac2cc427dc42dd2459a2ea717318a4,main_screen
77b96955ab3525b12ccfd9124c20ebd5,statement
4c5da9be1f7ebf65a671bcf2af585aaa,statement
485b629563ff005c21c5ef67cba8302a,main_screen
45cfbf5eb7d29a8467786425470c862a,main_screen
88c202e5a00e408b9156606a31aa45a8,main_screen
0bce282af64280c2283b7fdc4da4b04b,statement
70ba748e99e8c2214748ef036c07b51c,main_screen
1f7eb1dd12f35cb1c7f058b1b4d7e2e4,credit_info
c0743107323a385b2db5725c7d1fec29,statement
3709da22b92a6eefe176651a78c8e23e,main_screen
26e1e9b326a0226090d7e9570d65a219,main_screen
9f1b1b58f403a45eced26504cd87963f,main_screen
756d52ab21f09e8c1ff25009f891f4ea,card_recharge
98bfb122250f8a767bd138c4be7bf412,statement
ca841646ed5206c848c4c31f39fbbf41,statement
abaa5acaa35d005667f4a8fa8a9ecc17,main_screen
4b13fca907514cc21767911765c1ee14,chat
245a080ad35f5ff50ebe2a0b82d4a252,main_screen
d7367bb25fa46cc9dd756af37459ade2,main_screen
d9ac3ea50eacb6226ca7aada03e65439,mobile_recharge
d8e91571921da6667d202b1379cb3bba,credit_info
1b9a58a0767f78457dbc03dd2377e331,main_screen
c85f80d688d177e82bbdacc9f587a303,credit_info
a4164f6b87550d4a7822d08d385d77fa,main_screen
97558cda6a520b8653b60262bbab9bef,invest
716c73196994330e53eca21cc09086a4,chat
a20006fe328bb386619bd5eafbd1d3d2,own_transfer
72db8d49b18364d7525cfe1ba8727c5b,main_screen
b17059dcbff7d2e465c512ff8ab4186a,card_recharge
08305fa31e5a1e2a36028e7e883b6c69,credit_info
3eb334fef1cd8519ccb674d7358a86aa,main_screen
c94e3477dcbddfec24fdd8ed43f40b53,main_screen
66368d6b18ec2be1c6b7e09026ff04b9,statement
aed8e2b35705a04c5ff2a78a29e856ef,invest
d5e27551bf364a551bd269d7bface623,main_screen
54a8444fcad3bb3e401829011b005195,main_screen
d571d7983d1a15c297f087a18ec459af,statement
8d59214f57ee7d8d1d994c6b95d01013,main_screen
5b1346b933e6b606c13c196314f057b9,main_screen
dd072f1b2f996a4352153c80d92030b9,main_screen
cece583e9864c49ad88b78a3222de5bd,main_screen
3169a1b32fdac143fe36db9fb83acba8,credit_info
e712a35df98b87e5891849e4213b8f2f,main_screen
94f5ec79bbac8d3e820f4adea57c6a79,credit_info
391df8a239104e49aba2da8fbc46baaf,main_screen
6fdbcbe4fbeea5eba34a3386cd8e4e77,statement
e889700eec56d0bbc5a1db01897154a0,statement
43d46b1c0bc1fbcef2bc87987cd51abf,own_transfer
79cfdfe37e31c8a33a2a2a3164a933a3,chat
e0abb0683d42907e1346fbea141fd88a,main_screen
e19e7040bdafd36f4a74e8366191f179,card_recharge
4169920f53550bfa7643a7913b63cfae,card2card_transfer
c2c711d6bef743f0557f7d794aa507d7,main_screen
693b65d5b864df472aee0df2011a444a,main_screen
d604cabae7a7fc2260e62a35a856905e,main_screen
debf5ff5c02f5d98ab9aa9e4a0f20aa0,main_screen
7ede28de7f95bf1ae16247ad8e4c5ab4,main_screen
b2203bde8b80cacc0699fa4e636d0f05,main_screen
1c87ac240b85c33c003f0b2d4f6c778b,main_screen
194f64f864df288313fcda1720ba1c3a,main_screen
ac8424345335815ecd1079b9817ab539,phone_money_transfer
a3dd47d9fbe6c4501344095d5fced421,credit_info
fb7abbd95c18bec3b29822b27ffbf7c6,main_screen
ffb86077d9e246b407d02b01469e176b,card_recharge
6810ff1abcda367404d3f83f341794b8,statement
593c24648e79428fae03c91428801ccc,main_screen
c9e4ba252bacc1cfbac2fda3b44cfa59,statement
531762d95c4c565fd1e847538040be65,main_screen
7e97d5d348e6dcd9d8634e94d040f981,main_screen
ef7d998df24304be4eb0065e275727ce,main_screen
388cb0186434c78e51b2324c60962746,main_screen
24eedf3c273d6d5868dc7112066f0928,credit_info
cc07e8c36bf5f0a27010c80903e2443d,main_screen
e13e2336bf7fa9a11656e714a50be40d,main_screen
ccb1c8d051451c9830cfb1213565e87f,main_screen
bdc8babc8c0446d1d4b899cff55afdfb,credit_info
a239fac0b72de0a01ecdc2a452bc1f0e,main_screen
b61a26e5862013f0ac86f45653665d8f,main_screen
db16860c69b7e0e9ce0374d088037519,statement
3fd59448e9996dd085d5090226cd921a,main_screen
cde7e75790f96d7a18cbafb095a108b2,credit_info
e7318088527da86e436301f911fe9902,card_recharge
0b7264ad821218d9a5f15a21f0429660,phone_money_transfer
0ea07206ea7b6306a003d5f5420d4cc8,own_transfer
1707b54c61d455c3872c9775f113d31d,main_screen
712da29146d1653bb98f6f69732460de,statement
cd97ac7e7aa73cbb4a1607f8700d45fd,phone_money_transfer
f3e29414e1faf4960417a702ef2140a2,statement
612063b0586b0106b4d88b7c9070a055,main_screen
e2743479aff419eecc586918a00f5117,main_screen
3b73272831f0aadacce3e7186ba1e82a,main_screen
04449a30da46d07079e8773471f458c7,main_screen
19339f62999e9ae7b14bfeb8faa48bdb,credit_info
e50c9e993596909ece432ea4e4baad8e,mobile_recharge
dc8c3e86e17a4e3b0e348724562cc7ed,card_recharge
87107f4bde86484adee46ebf686e245a,main_screen
de3170cb51c036afd414c0c9b087d008,main_screen
4073e1e936bd13dfee3424a51a8289b8,main_screen
f709cd7c6aafdcf044eee30366fe168f,credit_info
83503d075d77e394228a2439ef3b319e,main_screen
7f63c3f307b26644f34340d4c042bdd5,main_screen
e80cd127ad0203fb7d1ae234358c3dea,statement
b3af58710765d7d4642e4d3e627ba1a1,statement
f14b680c8d0c3d7e433945d26a7d30c9,statement
caa7d5d397370f9d476131c3e8e542a7,phone_money_transfer
ec71feaeb08c7a0af7262987ba35501f,main_screen
d2800d7c813c44312da908178eeb1145,statement
5e236fea3481fc7bdf94ac1e6b78591b,main_screen
1876a59c389b9d3aa2dab17a229576a3,chat
5e77643e66a8d209b85fbdbf68d0625a,phone_money_transfer
a96ec940f334a309457a78ff735cabaa,card2card_transfer
831bf065bd0c934e1f1083cec70154c2,main_screen
e185a4ad9f41095cae1412dad1ec67a2,statement
9935974d1dbc94c90174a8b3d0756944,card2card_transfer
9ecd1d6c4fb78934e2d778e4de267b2f,card2card_transfer
b4a568c7f44310ad2c1d37e30d2576e5,main_screen
77ca8fa8d8bffdcb245b836b1676025d,statement
4bb2f453d4119956fce8ef69e9fe0d91,main_screen
a1f3fedbb29423ce21ac748390c064b5,main_screen
3d9bcd0dfb58699508acfc7ed2d317be,credit_info
9744589a7d568a85badf845b471a3ff4,chat
4798a792aacf7a29426a5f727fbd00d0,chat
7248b17230e630fa8ce547f9fd222b9d,credit_info
6c59b16a09d0091ee4c2f3e536a4bca6,card2card_transfer
09b9492a36504e65bb4eef6e8670da96,statement
c30091b06e671433a08dcc316dd01c87,card_recharge
9e498b447a629aeba5e60717dab8c292,main_screen
1eb6d9f140ef04d9becfabf2a4b116f5,main_screen
103a6abeb15f04c21e282434afe887f1,statement
bca745ee9ec3699480bd978a1d164e9a,main_screen
33d078e32a25d325823fa7ec34cbd3ad,main_screen
d873d484b18080c8e1162873abee48b5,statement
85c200b4bfa88aa9a51e477fab180c6b,own_transfer
21367768c40c1776113315641214c310,main_screen
d58002d934b48163e7a4d60d9c9d0c2c,chat
7028f1ccfd8d13ad3e3777d55fd588f7,main_screen
a53de3c67b6b821e20af7b76dc858efa,phone_money_transfer
d5b4aae794e74e9f5262333a94faf815,phone_money_transfer
451accb0aea79374666a8fa9613e525b,statement
363bab577a58a544154c06a14626ec58,main_screen
3981c5436b8f52e6a5c1aab3726cfcfe,main_screen
650aa44f4371a97dfe96ff18025dfb4c,main_screen
829998e92576cec4f049c8bf8fc25a58,main_screen
77dd4e5433f50d2ca658c904c7ef435d,statement
315d854656eeb1b9124df73b0da02975,credit_info
ccbcd0dbd6bdf7fafa37bc6b34036b05,card2card_transfer
198972b3a7f822def22d30cda791e9d3,main_screen
e47c016e348692692101443be6d559c4,credit_info
d7e4bec9aba616d9d94e6bef48ad1252,main_screen
2d026f032e7801df8c1b10d35d5685cb,own_transfer
2be190ad2cbbb5f2f8f588720fef601f,statement
a32830ed70b60395a1d1d6d7656dd4ea,credit_info
63ddfe1c5aa9ce31d358ec3f07628369,credit_info
b74dfb5041e99e2ccd952e296b76c822,main_screen
e8e4f391c45cd14ce9d496536c96f7b8,own_transfer
b098e6923d1f4f489796192c50791858,mobile_recharge
e5a45ba4a10a5c33fc4aadf13a685f50,credit_info
de934baabb1bd1b7b3099c6a66d162f1,main_screen
1c74c1874c0c9ba29d739bae045b7d30,card_recharge
a270a361d9e528a2e020d84ed7dfffbc,credit_info
17c7ec4ecbcfdf3ff685bcae91d452ec,own_transfer
6ba267de6f12d74a1d94909fba8d326f,card2card_transfer
6612d8b8f8050ec5bf3e63befda7ca30,phone_money_transfer
163012119461dcbf2596bc9825efd8a6,main_screen
2df01e3911d7065cc34a705f29674e62,statement
eb402d4849bec354ff5a46e1a66effd7,card2card_transfer
9e2893c0081278172c24b553003368c7,main_screen
d76cbb09f74330f1a24010287599688e,credit_info
f6acadaff055566a343e241b9778d001,credit_info
cf6a1bd430328f63bd492e1e6ffd0815,credit_info
acd11338140698716a844e77811682d3,main_screen
daa17a1630e4ef692259b3526c4fef67,statement
7ce7a9078dcc4ab6411ae7bdddcf8547,invest
532188b058d76e102aa7e84d935f8788,chat
2b83494867a5be61864fe7bb319c1dd4,main_screen
2e0f5c4041157f29bb12042f3d8a5535,main_screen
c387edf22d13d2ef2505fee0da7e7f34,phone_money_transfer
1436ab890f5c69c16148cb4632413157,statement
e27fee3b8109129c867a482a52a4e50b,main_screen
c4a6bab16f8ad98146ed66a0b5223951,main_screen
fb328fb60fdcaa2d59a52ceccf2db687,main_screen
d3b14ab76fb8d8d9a212c3a677e91e01,main_screen
c7bc70f0fbc87bd45e92e70e2070e8db,credit_info
7c67974d919ed73feae4256288c18832,main_screen
4da7b652c9caed687e34c8080396d1ea,mobile_recharge
954ea564f02376c8b1e4c45680563be1,main_screen
98fd4066f92e9a2d55e220bd800b8b25,phone_money_transfer
f43d24f3e570bdd9bad71c4642648872,main_screen
45ea62c010439356bea8a2fed6dae562,invest
7f58be79dd468a7ee9afdc3360727402,main_screen
92c63d8800dfd02173f4c10f34a056a1,main_screen
b14b3e300eeea381c089d991a6616874,card_recharge
c5cf8bf371f4bd973bff3ef12a9ed7ad,chat
335ebdd60e0948c6c077cad8b28ecce7,main_screen
14eb297116ae29151df676fb54b53e1f,main_screen
7618f4cdafd54684cdb94f50d6fd62db,card2card_transfer
84d9c21dd123dd78318b658caee5c8b4,credit_info
d56386c34bd383c12b27d437f3af7985,card_recharge
7bc33e6236ba094977a3d0db9c2a4fd9,main_screen
88aa25cfb95d5ec7ff62f476e01c68e0,main_screen
dab60e4426b977a653c846ecae62aba1,main_screen
1ce606330b1f3b2054c4975e954cfd30,main_screen
1d9fbf1a5746d2030dcb5d205720552d,main_screen
f5c2b2e146d6e3e53ffce925aa00c9c1,credit_info
fd3d0ca9b04ea51feb8ae5133add6638,main_screen
d288462bc7a2dbaed15edd483f327554,main_screen
f104954daec1698c49a05fb32a30f672,main_screen
1752598dd511e9da73d299a9257975db,credit_info
2f762d8780745e092f2c08eba0ebd74f,main_screen
3c8cc0295b2c0fe6ebac3d0ea4518255,main_screen
126b1aacb1482c7d33b00e47d6928520,main_screen
75b059779168cc047126725f0441a2bc,main_screen
d321a7657964d1e4bf276711ac78dbe5,mobile_recharge
9812356426e6b7711a3b4762c6628857,main_screen
c79f1ecc0ca094363bf103b7d6042e96,main_screen
a8feab3ff8e7e32a4e76bf17a7485edd,main_screen
56e38cbe23a2eb19deab8f3ac9b28d47,chat
7b376a9bdd6637d5172be1bf2bb37168,main_screen
56ad64a780dbb71ccf2649343d1892c0,main_screen
d3ebb5b43c106894b191c593051e39a5,main_screen
2861caee14e42062d0c43750a601a1cd,statement
f16efee848376f77cee646570d2b39c9,statement
eed265843653cc42465860ee6c9e8c21,chat
e10e30bf0321d48ccd2ad0ffb0bedace,card_recharge
9c72fe30179e8ba113d4bc131cbdfa5a,main_screen
a019561607740d6da3d78461ffd7ea65,statement
c5e47a73a5a7050641fcc725bb2a6236,main_screen
a60a12fcdad30db82d93e86780e57dbf,statement
93b7a7b200409ab1699293b09340e81c,main_screen
04b9ec9662cd953ccb2f9b59483648a7,credit_info
2b340ab555a2ad52f7159db6e4d779a9,card2card_transfer
c9237b8ff4aa4cd31065f1d362ade973,main_screen
c06cf3bd65b06e032d57d2c54349247b,statement
b5da2617dfbef3c0bcca5154ad4fde03,statement
695efff184be4052dff4e03ace2afe3c,credit_info
2052002c5d6d583bb5b4433029fffecd,phone_money_transfer
e39abaccddda3e581066b166afb15324,mobile_recharge
524633740539d30d97f0c22a34e5dbee,statement
f26a298a2c17119c0ec2d296fb91bd91,credit_info
b12b2814330e47c77dee86a21d2a355c,main_screen
f6472d78ed9a2d82c64e9a565e2491be,main_screen
8b88294fa217b76fddaf42bb335607a8,main_screen
dedd6f95e9454ec5a820d7fb13ea0b52,main_screen
e97170999bb49f59f21583e44ddb4541,statement
452862ef350df893f826ea77fc1d0d2e,statement
af8e326cbd113a7ef010901a65f234fb,credit_info
d4810b31f13ec33990ee88b370ec2369,main_screen
56c5e877f7e4ccef47de957d2e8d82e9,main_screen
a712afa4db1c2a40c21204d38dc9baba,main_screen
609564301488e3c886136f66dc9e2d3a,credit_info
a6f6047d9bd845f9fda69c78f52b552a,main_screen
8396f6d6461b12da909e4a3b052b80fc,statement
47fa0ed4f8676f5d56d4ca6858e724d4,main_screen
9e5a30a53da14839bb0cbd8985d7af31,main_screen
fe5a930d2d655e4d6538f05b6d2c140d,main_screen
a6ee752e07ba06b9cf57e50506987190,mobile_recharge
f0a96df08884285f46d9ff4023e94c8e,credit_info
1bbf4e3262dc4504effa2475f85f0f3e,phone_money_transfer
09f2329edcedde68b10028e3b8dc5fc4,statement
ba57865298a04f8e8053278b1c696b82,main_screen
97bda212dd3fea7f31ac9e204116173a,own_transfer
a1d3149fe906f7c11fe2dfcc70f3bee0,statement
5eefb957d4bdeafdf4dcbc4c3ed46ab9,main_screen
dc3d051b03708957242717ed420d2354,statement
296d1ef577ec1e618b02f12704c2751d,main_screen
9923df33b26ccbfa835a26f6225fabb8,main_screen
bcfde8544c1a99bc32b33161dabed88c,own_transfer
691d13290e2b979a3c3dadf20ad733a6,main_screen
34327c6dc92493b6419afa65865e60bf,main_screen
3bde149d773652b468dff7960f325000,main_screen
d19429a0c52278656b920077596603b3,mobile_recharge
8fae41ac91e51cebb496c418f46a9b8a,phone_money_transfer
93f097952943d27ca6e33d3faa6e0734,main_screen
24920a117e6c6a06dc6d244e6ba34a6f,card_recharge
90dd2747dc6326d55bd60feedc07e43f,main_screen
29af14fa54642e5ee37369232c741583,main_screen
7d3ed6f6e585d196273f65f74ca4942b,main_screen
fe779f554f2011ec468daf080295ab1d,main_screen
e086f4d1b7258562b44a613586e20c98,card_recharge
56881d4f2acfacaa4a369f961f3dab62,main_screen
d2451458db6f5eb184de7b0b2aed5b08,credit_info
b69501f1cad307fc8c70efe0d3f43cec,own_transfer
a12b036a75b69cd3ee95ae153f23dc7a,chat
97ccfcc0b58212934df8256bf0bd2c09,main_screen
a494ad1ef9f8f6460af5d427345314ee,main_screen
70726543bb57e9f7cfc0c6258988801d,chat
386b8cd9d70c9948b22b58c030d8f2ed,main_screen
bf656bf1bdbc67f2edef428b4f09b562,main_screen
e98b7afbd1c55beb0d90adcfafd2c70d,credit_info
273494f8939f15eb3623df5c418a00d9,credit_info
ffeb9e8494675b4c80f3c496026887d8,main_screen
27a328e7c0dcd018812171d1d08b70c1,statement
c466071e29fc1796d0fbf6fb78cb040f,credit_info
f44f42760fe4800607a9826077b25a6c,main_screen
cb4f53a13fb346abb116804a8ca0bdc4,main_screen
755b04e9da7b9b142129e03fcc655d99,statement
5528d01bec869c84b96b9d45e393f74f,credit_info
1f593f91fd723dbc4d90444f8670725d,phone_money_transfer
6fc3f567a6b852c354cf57d4512a6e36,credit_info
3ecaaaadeb1cb597a25048755f42f2ab,main_screen
fcc27eef55a7b56a0e5ec95cb803148f,own_transfer
01b0477cdd1b2c3c97a78b805a7a86ad,main_screen
00fdd46ec5b977f97c522386f2132505,phone_money_transfer
f6a4d55f37381af726414cfa241e0ae3,credit_info
029f45247a1fde666f94f6fe197cf46f,statement
8e079389c86dcc4948ac83d981c5417a,main_screen
79dc599fefea06f1f423e48ff7e593a1,credit_info
51ce52983235412f448dac0b4c00a575,phone_money_transfer
ba0d98a3ae0bc3652f214d4b56223200,statement
21d0c210cccfe867b597fa9c44e001fc,main_screen
566f9a1fd27d402630d7d7b9f07ef04a,main_screen
04f1c7b1186d41f324fe3e6b23118588,credit_info
668322e8807b467dc763e0eb0ae35010,statement
27abc3340f8f1008d535b10391b5255d,statement
5595ed68ca41fd0d244401485c756aea,statement
d7ee01ed084f1ce504b89f120904b9e1,statement
3034661d3bd998b4952a14769d5da118,main_screen
96b8f8860ab7d19087695514ad47dddb,phone_money_transfer
ecce5527edcd8c6447b23696f39321c6,main_screen
acf00dccfb1d637b67ecda21ea1cdf49,phone_money_transfer
fc3389c6ba02152c2a8215c737e83074,main_screen
c015aceeaa13cdb3502e9199afe1c2bf,statement
fd7980cb29594f31dc41c3f08c3b1570,card_recharge
31dd4c8c22689bcf0b675880353542a5,credit_info
d319e1c3872f6ae17e40dbf8fe9bedd2,credit_info
742f57872cee129833dec4a1109f8831,main_screen
82f33b443692f240d70101c8feb6a5c9,chat
6e43549a90073acf58b3bde3ff42b245,card_recharge
f6ebd6f21c33282cb155fe1536f1f830,phone_money_transfer
3e0eab305b6c79be331d0d4a724571a1,main_screen
f2a1a54efc57df33afcd79cec0e30b38,main_screen
07456007c5bbf033c5983585c0aa8c2d,phone_money_transfer
af0cc16154477653298a7163cce0ce26,main_screen
08891e00e6ce4d76043c0a80cb8fd811,main_screen
e19990dc890c7beaf4bd23b3fd021dc5,main_screen
4b8db38e57f6cbdaac6da58a625ce64a,statement
314fe3051936614fad8d7fb7700e4fd7,main_screen
dd4e1b85bbd5d0add0d41b25b361297f,credit_info
fae0b1e85d3cda1205af0a12fb37226c,mobile_recharge
b2136fb36b0e66c3554923402f185572,phone_money_transfer
f0eb28bb355e9c0c10d950a045d2e92d,main_screen
46e353504089b6727bb393f766765e9f,main_screen
e004a27acea3ee98a2a4b3aa1ecc1d6f,credit_info
e7c3cad0439c67a0f2665efa1d803f48,mobile_recharge
f4dff3b576ff97e42828fab1f50e4b8a,main_screen
6e9d12fcb5b0bc943d4699cea4697c00,card_recharge
cbc9be48f839bb50b624aad574d49bf9,main_screen
1f4c65f7bd184aedca972e3a43313711,main_screen
f31fb6f653f903fa60904819e73d6503,chat
a6abfc7389f30a6e589a10d9b1818200,credit_info
e76032831ba67379f5a50dbbb5b5a50f,main_screen
25591332d06caf630e3cf7a30ee50ef1,main_screen
28c86db5cf363938a3ffe08e37a54d2f,main_screen
c5741203dbf67387384b1d87173bb933,card2card_transfer
5de335592c5f81a36ba013fb9274a289,main_screen
b6864aae2e4abafbadaf03bcced5ecb0,main_screen
9733343a5c6d99e3648769ae637cf498,main_screen
2ced379a917cccee584716b5da10dda2,main_screen
20471a031d9702c3987ce9d12b17962c,card2card_transfer
71cb23fa5c469b404f1179d73a22b3ba,main_screen
8ebcf47fcf3a61657480146dffdc5b66,main_screen
969eee997fd84632c7a90a38648b4d8f,main_screen
3d02e27f7fedb44a18f1671628e209b9,statement
4a425d8a224bdbb089c6ecd3d20f1537,phone_money_transfer
9a8f39bf8d2de881a52376bf9323b680,main_screen
1e8325a658e5851a09cfe3bdb5b64582,main_screen
4703dfd050909437abeff218d0cc43ae,main_screen
d214395afe2f58dc61da166f5d4bb478,statement
249c012e9472a1cc3c387878992f375f,main_screen
a8154dcaada99b1af7e78386b7afbeba,chat
e711ad02200e06826d69806fde18ac7e,chat
240d0626b05a0a98b63e0f3e581b5e9f,phone_money_transfer
ab0f0eed0992cbf6007a46b2656faa53,chat
8f1dab0fbc587744c3be5ece9ba4ddb7,credit_info
3ade83a634bb8d9b28a85af04c45c8c1,chat
6b7d02aa7f8df8b1b603e39589c90647,own_transfer
540e2c91c0375a08d45aaa9aec1552b5,statement
6658df49a6a0b5e97e656f3312e7565a,chat
81d373c589d132d61acf356f721c809a,card_recharge
e70f773c109831a9f855aff367bfc81e,statement
a03d3d59e2c64be3ad74f44ffabe71f6,main_screen
debcb644f8c8f6280e7a615df1d5d585,main_screen
cacce6371eabb56cd153dbf6952b22da,card2card_transfer
a15da01d23e61155c43c647ecee54b75,statement
eec7a6df43d37513aa881e8911cd2bd0,credit_info
a1afeb6afabd35b2b1ae1285624b042d,main_screen
e6e105f6255533e77b6163e4c540bcc6,phone_money_transfer
5a5e68336a59348d83660bf899cc009a,main_screen
935b59e867df5f6e5a63937668def9f9,invest
732095fc8fcbb370da88d8aeab3e5760,main_screen
256d5a181982910a5343d1a9e5661f57,chat
797c732e2e3ceaec822f82e04992bff2,main_screen
2451cc23f4d548235d4b910b25cf41e3,own_transfer
d5becfea81cf07debc5a2260b0697f58,card_recharge
49db26e12fbbbf29aab1ba5180d98a5e,credit_info
aa6ba23b2bba39f006f74286a7464bf2,main_screen
5b6066e08fb84c40ac8b8d36ac6e7b04,main_screen
eb9be988e159fef3c7d32b5f1ed3c1da,main_screen
0e1e65c339bc0e0aaafde1634399c934,main_screen
f2dbc554f5913e15148569bebab0c9c3,main_screen
8cd3fa285ee3825508af8baf21807433,main_screen
9d6e2de597ca8a2220d68b90f6328973,credit_info
ce5e8520ed2b0f26438db689f7aad0fd,main_screen
7224cb2acb97561ff5c24dbe95fdfd61,credit_info
0ff114b912ff67358fd3e3864c11c5ed,main_screen
dd20ca41702f6440bd16fcb7a3213c3f,main_screen
4415472bae3740e683e79c9a88e18fbb,statement
7bebca9600f5b05dc23e1e14f4066155,main_screen
9dafe726afb00ca1afda63af25f11aca,credit_info
894e26c5008ac1da10bdcf6d663a3a7f,main_screen
752a1e0b5bc7d6eb741b75e30f4309e3,statement
990b6c28049e996b0a2eafb83cc4e249,chat
1bb814fb87b9058db007d0020ca7d065,main_screen
5de53235534a2475dd7eb43ef50d6fa6,credit_info
76b0b1af289f285bbb053ad93775b76b,statement
fb1c0c8062fb70d52b91fc6903634a0e,main_screen
030caab9859da14d98c9a8390176fe94,main_screen
b6766ca2885f4caa814c2ac92b78e270,main_screen
8d6ab2e8b87c05c42a012af8cc665e93,main_screen
d7af53ba734efc000f26f0099844ddc4,main_screen
4068fea4ad1a20a7267ae6e393f3c5dc,main_screen
2aaeb61716769723b528c5d312cfaf34,main_screen
ece31f3462df076c6844225ba846d478,statement
46fa95d6cca3176027a3ed09105ffaca,main_screen
1409df0a54691f2d835bd189629ee281,main_screen
19f3b76df5503c1742c71c7c5b4c0fa2,main_screen
8c108901bc808157e9bb10a042cee600,statement
b3a0e325299a510e5d86f5bb44bbcdba,main_screen
9f2a2b9346eaf19a2eaaa827836af249,credit_info
894fc6da4d9380a2d372eb4604f9d648,credit_info
c3eec21d91cf94116ea453d7ded08011,credit_info
eccd4feac331c96c9dab6208a855343a,credit_info
41620a99d6d7dededa18567b59f7a1c9,card_recharge
d21482034edc6580acbf0234ce17b08b,statement
58153e08d38cdcae921eea13b13b9798,credit_info
f5530f50c6ed7b3fc9d424cc7e6910eb,statement
34c8b7ee54a04e678946dcffbe4e6c09,main_screen
96b2b2ed79037f853a61ce70153c5b6c,statement
c5cd494cd375cc4e3ea0107b02e7c650,main_screen
f3e9c53684d6d560df6539c350b3ea01,phone_money_transfer
d873ed4ebbe591b9a03cb3437e0a3d75,main_screen
3ce54e8c55782f88a2816433b8e6ca75,main_screen
ee8cfe3bad5b27041f5a5a7f57f474d2,main_screen
b865443d6a6c0903fff82e7672dd1346,own_transfer
652d5f0741a4357eb9a9688a6e8458d8,main_screen
d00ccf33ccbe1faebaaad31e5fb95604,credit_info
229be9bee4283ffd52b948dffbae8745,statement
e0b8a2e1f3f3e19d405c9092df837be1,main_screen
a194e2c6be74634ee4e2a0c12cbc94aa,credit_info
7f507bb833359e5080f2cc75bb30dc52,credit_info
39f30492525b8942932038108221f5e3,main_screen
658a5d8eeffa4f8f703e091a26e2b2fb,main_screen
d19e701251df313e6fdd60b2f23f8648,main_screen
6262720a8743458ab60ea7ec4146934b,main_screen
850e858f6b4aa792a53887608de47193,main_screen
5312677d348a26fe7910292ad2d30ee7,own_transfer
b99ffce54c5ce6eb1b0f7746feccddc9,credit_info
0dfbd7a09feefec7ee0d56b34180c3d0,statement
bce8904a35b29de0f1a4931896da5098,main_screen
776c060f0aa450a5b3bf39a66c3efc1b,card_recharge
27ce53e2e8f0fea9686137287c7b59f1,credit_info
2276ea5b37c08ae1df74e990530e302a,credit_info
30e87c7ea2109a09fc8ed0a11e4b60da,main_screen
05b214864a672d7d0f61da40a32b5e5e,main_screen
17e685886448fb3f881436ff68ef640c,main_screen
4866126036cd9f8fa65b283ca8e7b613,credit_info
764ab2710ed38ffb883ff07830edb3ae,statement
013219ad99502042ad6367b554e84141,credit_info
3db34dcc496a7039755495ca54d15aa9,chat
ca51861c757cda67b386e9ef2d3c115f,main_screen
3b7cb249ce6f0bdb479b65ab1d843ab7,main_screen
a2ee4b0531fdbe8a4051572714b771bd,chat
3b1658395f01f5e04495ae30af7a8da4,credit_info
f82291d51965ad6a9821d4a94a68db39,main_screen
a9b260e477cfd2ea643827493b359277,main_screen
a30a0a6c6c2251c639ad5890916eab8a,statement
4dad40e1c2402081eef9496a7e69092f,own_transfer
2b8ce965847a2a4a3bbf9ba93dc1197c,main_screen
d096fa304df208240c5a737b8ce62ed3,main_screen
4e50a41a9888125cfaa8173bbac7342c,main_screen
463bad9661ae37f57a8da166256aa5b7,chat
c7abac08cd36cadf6cc6893a8906957b,credit_info
8883c444c1bccc6d997ea67ccebe800c,main_screen
bc711a53ae3e48c972c293a532df03e6,credit_info
10cd9091b593630c6c6358d1780dc379,main_screen
8a316a0223198044407d31634da7ec07,main_screen
5edf13553c05c5a82b0fad9a3440beef,own_transfer
3effd4ca3d2a4ac2eb0e17d042f48f49,main_screen
1592630330e67ed6f8c3e9131a9ae019,main_screen
276ddd41207249003a7ecb17d7be46ca,main_screen
c0b0518cb85aa8c5be46547462640113,invest
4a6d06e8a80c88cc8228308cab443369,card2card_transfer
0bdfb37e9d09318e095af43c45a6fb2f,main_screen
a079a207fce452ece20377532bc5d366,statement
5e690e99df20a8325562379862837430,main_screen
3b2a2e71fa6f3d6587228c60efe4054f,main_screen
8ff9f9503b427bc455e503d9f85b4f4b,card_recharge
b94e7bf11d1ca7bba9f8e642e01ad024,chat
a9332f8f9836c57c811c2087ae5f970e,main_screen
1d3969584f3c74be0ce694e803168584,main_screen
1d03d8c1a2b06d517c59542642be4c9b,credit_info
7a71a2552d6a25128b33ea7a75739cf3,main_screen
7be186328c7a99c26a17f647404df67c,main_screen
56fcbc45870f18102f9c9e3e7060474d,credit_info
38597c8f589dc9d87580469c1ca52b07,main_screen
007c10c235d42b7a69d64074380469e7,main_screen
fe1529f12001f56c39d9a59fea191b65,main_screen
280f8dcc018b6de3242c8b0a9399da4a,statement
a334f99f2ed8bbf584c58c9ce320e03e,main_screen
4aa8bf5b6972feae9c5c1528cfa121ef,main_screen
e141478496d242c8f9161ea303a7038e,main_screen
318a0688eff4373daac82919858413cc,chat
049056175781244654c27a7efee7e58d,credit_info
712e5c25740daf2a66c991350db8884a,statement
6ffd4b08e753d4d9b01cbb784bc1c4d0,main_screen
374b22afe30503861ccf21dbaaa367ee,credit_info
10fa2422c52887afb5730dc1357dcfe9,main_screen
b51a401110233f804801e3a04bdf057e,statement
bf43bc3ccc9af5853f31b337b42a7276,main_screen
4d56339189484cde6db2805670303450,own_transfer
0bbfcf9f6d6c7b33ba1b75f00686b4b7,credit_info
c8c930460bebcbba07e17c28ef9036d4,card2card_transfer
9a7042bc85c9a2f600ad5798c73d9652,credit_info
dc484e726a97a5d12c567dd7d5e132f5,credit_info
f4d3cad6d4f5d3f957ed364098220d5a,main_screen
2300d9699409dce46fdd345de5a61ea8,credit_info
c31d4105dfb0501e99835de1cb56485b,main_screen
97bd602ccb37968569f47b6612c98edf,statement
698fa0b261253ab4f40dc03dc6d26d13,main_screen
8418b678af1f27fd8284df092697bf74,main_screen
35943abd025265e84e3a04e82e9dd29a,credit_info
5c9d2e7586b893944a48880bdad09872,mobile_recharge
03eeeaaad23fb3aa0dd87bf23a715868,statement
dd7ae1537af46f92282d51c573ee16e5,statement
ecd0c1bdadae661eb411a39c219c1f7a,chat
e7ccf5ceef9f569a37250ed86e77bf59,main_screen
9e50f45495f5bf4e392074346ca4fedf,phone_money_transfer
f53f8a46cffd96c085f64a15f2571cc4,statement
a33ddb3646aa2714f4aeeb468822205e,main_screen
abf18e2f4b7c9d81eadd1664049b4985,main_screen
44753c77a8c6104fad6b86140eac1f11,chat
400d4c545b9debf58fd99a59e0301f66,statement
4424cdd9000a9b9ff174cd55e2aa4df1,main_screen
06422861825b273d5083e239ed4307ce,main_screen
e60cd563024034e853074f12f3e9d7fc,main_screen
acbc63e751db752bb99742ba55769e23,own_transfer
c17b11fe4a84c096557fa35c2c9e59ad,main_screen
65d7ce5bd5819ae01b0a795243bce78e,chat
e0375974b0c7d8a1184d36871e1e975f,credit_info
24d44d839d601c86007f10b91a7f6808,main_screen
883b7371d601a59952a95bf2e38d640d,main_screen
9a767ae234d16a3a262c05374654e4ec,main_screen
db6843fe1228e3176a3181e61f98982a,statement
1579eed905e05ca156cd10f6f8fc8e8e,credit_info
264f874b7713e65cdc060d9505c07fb6,main_screen
313bdfa30bc9f9ff5d86fa2733da4255,main_screen
6923e481404961c52237b6aac4e3b4a2,main_screen
64c2c9ae00cc2025309977bd3814b682,card2card_transfer
313d5e4e2b1e161cbfcdc7e6d689d7e0,credit_info
fb43536adc25b70d03b47a25c53a2341,main_screen
75a984e7017e40709e2ea1452d36eb81,main_screen
3fab173987404397779c310e274a9a7a,main_screen
b98d818fb3a1ee557810d99c15a8f673,main_screen
59ab7019dc80b88b08e2ed9d569ce038,main_screen
651ef42a8f49f9711673c30dddc42fbf,phone_money_transfer
8a36c40c019a0a9973548c16f6259980,statement
e323b9e8c61bf3ee9b221a6684afc3a0,main_screen
873e8d308b439fb57c5870c9e31ea24d,main_screen
731ef5b504687de8cbe93ee9dfaeb7ce,credit_info
f306fc334e994c8a54378780270ca3f3,chat
090f731b35ff4e2a345aed2d39c04705,card2card_transfer
d7246d415f96d030c19833827f498544,own_transfer
fac85489687629ead810527897c3e955,main_screen
eb639acfb5079bc110fe10ad14d156c3,main_screen
f84b5bbe0c18a898954b41bb1e089a3b,statement
c62215bb541ca2e42a5c6c3234157159,mobile_recharge
a9e7bc4f15b25943c71baa3b2b56654d,main_screen
7b0797d54ef1c9c66c3d01226fba69b8,credit_info
6a8776e765353cb9a78b514056f21ea9,main_screen
20b5dca4e80c9aae7b87a37fdbfab4e9,credit_info
d5e83f48755224f74d89456b15a84664,statement
a676df5131bc7d99b3c01d054659c632,main_screen
12b35736b05051f4b0113c4f71da17b7,main_screen
931c6a667cce89b6df8a8605c8df93aa,phone_money_transfer
0ff3d65ebfb9a31168efcd773850bcfa,phone_money_transfer
233b55169729a8aa400f00f3ea7349f6,statement
67298c79e988c4c5c2f520b2fc65c336,chat
c181879db0b8d9683232d7c183a257aa,statement
72e243f3086900272fd0a198a21b786d,main_screen
45363ef0c7979d2df67e3e386e3dcf6a,card_recharge
d5cc9f885a94fb7eb3f61dcd45b5eab1,main_screen
5599e36a6ce94bf6074d72602ee0482f,credit_info
64fab6d0312a6c1e5d78dfdd7f20c4e5,card_recharge
2233b6d08d1aecaef9fd2df94133f588,main_screen
95d0e4ae75ca9057a78a627dd3b78153,credit_info
b618d14e6559e8e5c303196fd4eb8f44,credit_info
22031b886aff40c9687cd8f90389f32a,main_screen
b24fde211cd0d86910f937f1b744f467,main_screen
c9132c6842798347ce847cb30f6084e2,mobile_recharge
3246cbbad666f9e54b524abf1d3ad78b,credit_info
6a477cb0fbf78174fcb693ac84be86bf,phone_money_transfer
4e8d95c17f2122e2e13186daea5278e2,main_screen
f823d2217f8c3784ca9988e0a7419931,main_screen
bd9d237c6b01dcadf8bc35223bf16873,card_recharge
92e08249e6dcf5f2b41a9c0987440c4a,main_screen
6fd87d61d07226b9eeea286afc276c1c,credit_info
beb5a2815d008b3e178a10077133e458,credit_info
f7a66967d0b5a8c829461d6b5b593c12,main_screen
ea3c33414f3308d642766454a37b188d,main_screen
efeb3e29b54e730963315c6d1a96ecd1,main_screen
fdcd831d7bd10f0dbd828f26d4225676,mobile_recharge
240f52d0107dbec18d96c06f4cd6b240,phone_money_transfer
75964d0f1366bb7733b3646bd02b9069,card2card_transfer
7b48fb38d07a0e3cfcbc10e2fd8f4e10,main_screen
548d6eec646d866dd3e34750acb50b96,main_screen
666c564f14aff1fdae3c1cd34a343db2,credit_info
b0ca3692161f7671ad10cbf511badbca,chat
7ce2713548dc78eddf61f05abefdfc7b,main_screen
292c61a18a2f510738a70a865ff683ac,main_screen
ede41da6a222611688cd91147e6ab977,main_screen
70046df4add1e7f9b75cae7235b1087e,main_screen
5d66049f2f068c63fbae204438a694cf,main_screen
516d1f7c44bd020f3f0aaf5c06f44e19,mobile_recharge
72681b9ac4cf8927369cf439dcc8e925,statement
9c54ba6ea3efb06053a502ed2d9143c1,chat
6b1c54ffee3e5fc55a6bfe5d7770787c,main_screen
b42c31082248d001853c12e72e76fbf7,main_screen
ef2439921c7adf740385e3adb0face00,main_screen
fa77150357eec985e9b7b492f0adf8f9,main_screen
743e1d22e3a6fcac0eac5915f2c6ae2e,main_screen
26bc3552f5ff4357b729db5dc6bd3a25,main_screen
f76a762251a6090dea2eaa9129840084,statement
4f810f272883576991a187484b272cfa,main_screen
b883e22b4b124b0e1839d34765e46826,main_screen
263d0bcc1bc171da6abc176e32c99ed8,main_screen
c31b95300f60a7ade40dbed2beef6204,card2card_transfer
a4fd4b5a8f120eb15065df8ba31a2437,main_screen
887c5c2df321e93c1eeca7c81be83dba,main_screen
eb33669c39673f3a9c037f195e1a0920,main_screen
2a616163d898a6caf269e04b5f6e521f,own_transfer
2b44208d7bc8243fca62a5b0104d60d1,main_screen
00ceca501c3e001036b93d9d309b3e49,credit_info
9fa32b8f515c6b29ad9a1e29003314f4,statement
d0974daaaa102d9fac0c23493452bb3f,credit_info
6387170c791c6650cb0b4803cc2ed510,main_screen
19073151f266cb723ed622dd53d932c1,main_screen
a815b666625c7bcde2f466ff75e2ff31,credit_info
0177546f887ec30a27b45e423b3fe810,chat
9ab85a3c57b1f75b6c45f22e7f5d343f,chat
49dc8160600f0750b7923242d98c8d75,credit_info
da7e6cb70ad22ebbec9b54930c1e89e6,main_screen
9b46cbf69f322cf610886534c5a141ab,statement
aaad0fb2845ad864cc7e8c33db2323dd,statement
952f93ccb00939dd6a5fc56254a3d5d1,main_screen
7cc5206e336d71bbc14148ec229c024e,statement
158a86f2acd08b2c46b9b737cc8fae94,credit_info
71c97595d009898f76c36cebb5599b31,credit_info
1d6b681d03b933a4ff1a74268044c11a,main_screen
4cae27d1915ae81182f186389aa73c42,main_screen
b40b724de4f3e2320c2384ba1f54403c,credit_info
104a729f5b6d52fa5f37b47fa459bc56,main_screen
06b73e7dd6d91e6263a194e506d6be81,main_screen
d1546424ce6dc72e219c5503d5a031a9,mobile_recharge
8c23955fff14396644b986ce84672d60,chat
15f0b9dd4e722c91d41f350c8986c8b2,main_screen
a853e0fdc741c9a10d138a4452947e49,credit_info
34b4903f660b45548f687b6df4c2745b,own_transfer
f6093620791a827c803549054d271af0,credit_info
5807765b65470b5af7716cf41ce791ec,own_transfer
5101462f10b0ed764d632afd19c277a5,main_screen
12744094cb76f6804916c72f66e15774,main_screen
de57d0cfaa48074ab5b90989d89de16b,card_recharge
5dd93cab77ad30ad1d19131573ab7b8c,main_screen
c50c77feadb95a503b3946b8669b5de6,credit_info
cbac370a492f1d8ca0a9c700b17cdf76,main_screen
355980447d8ae6f521f36fbdf40ff7bf,own_transfer
e02b329ca7bfdedd6aaae6078a8ba375,main_screen
818efe5f22095c20e65f786c1d61d7c2,main_screen
79681db31f06a8c10dfdf4a4ab2ea6c4,main_screen
3d01803fefc7cfa657e47d2371d694a9,credit_info
72b4a6df04c06820aa7023b0542c0ddb,main_screen
b567922c7ea976c48e76329c5005f4f1,card_recharge
59e342256a7db6f0dc8982c814da2f4a,credit_info
4ce918b2a2beee8c87fd1d05a6aa14c6,main_screen
ca8f2f734b2d5a0ce1bf81b4b2064547,chat
72bf3d149f8e2aa6c631c5a15f955add,statement
9c2b2cf74d0b5addc4da0f48598c1b05,main_screen
0a102c45a77db7dee812d02cdd30acfe,main_screen
f12f1e94f53ffa968f4c08c57fe6d1dd,chat
2f5e92914a453b8a9379e139a7dae0ff,main_screen
986e4b73a2094b9d76f7fa7fc163c29b,main_screen
360a02c26fa0dd39d545bd990c355502,main_screen
80ebbce497148cf466503640d7045af2,statement
cdfdebb0019bb7f06208a34c87a6cb8f,phone_money_transfer
ee6ad654db61790e5d987c258e5a0ed4,credit_info
2eb91529c1378a0c9f63848b4fe686ae,main_screen
8247b84ee8d69600396f5a6885f0cd97,credit_info
3f85d41dd14a1a2db52b1e93740675fa,main_screen
9e04c9bf13b70a3cf3c1d60b3003ac37,main_screen
de98775d97d3fea7c740d64841540d40,statement
be13ebf9ebb85fe969476a0d6924231f,card_recharge
d784c60524b9b1642f97da127ec89dff,main_screen
ceda5c1b02cc0af46227eb6859539411,main_screen
2ea30af61bf6303822630cbea32e26b9,card2card_transfer
08b497a0e6299109a34c54de379851ec,credit_info
0368cbfafb5255cae46836921fc36cf2,statement
87f6644a3466266c498b42778f742f3a,main_screen
bf20b234a25a5ff37863838b0e3d7698,main_screen
a2f7a9af3adbd06c789e170607875ef5,mobile_recharge
a90c8452dcbd45c76471d6645f3cd30d,credit_info
56d654fe2be380c3cd13281741cdfc07,credit_info
390366d1227eb4b3d695fa585faffbc9,invest
6ed45faa45fb8b3e17e60fb9b7bc596e,card2card_transfer
8f03f4b880ade3449d2a04843c4679c8,phone_money_transfer
93e9e205a7603f9b8edc98c21587fb38,statement
f520aec07c04e23188a8318b845996d0,main_screen
7602a108a52feafec1dea3054b24490f,main_screen
87d6e0228477b99983086574736309c2,main_screen
3a989b0404306d5f9a0e96bb79f4b8ae,main_screen
a77a5bffaa070ba114b8218ae8234b69,main_screen
a0b3152afa60a538bc6593549ff0248a,statement
c09b7bd748c1695f3b35cbe4597f73c6,card2card_transfer
d83b9a73cc2cb5baa9edb370559de7b7,main_screen
ea1957681aaef40b679f18c8bf23c954,credit_info
9159b2aa57c696d506834892810328a5,credit_info
9a83c51098a21a9b8c1465c7dac9a2c4,main_screen
5e1a32c48359ff2fcd7cf833d8ece8c1,own_transfer
dafd14ad0b1fa6b316f22376ccec1ad6,credit_info
fa3c1bb823b9956c6777577ab50b21d7,credit_info
5b9f676eb46cd342b7585ef0ba9adf11,main_screen
d92aa2666fd2b345e062a90dbfe16072,main_screen
8af2555e564836d486dd4e62ebf1f8a2,invest
c6400337cad3cb116c3c47b74c128b86,credit_info
85b61fd764d2c1280eea78b9c1d4cbc0,credit_info
a54d9daf243ed4678ad274eb36b4045c,main_screen
15e57a46c46e1fa5f0ea1837545f7e17,main_screen
aedad5b6c7b5d8b9392a1194d7fbfbd7,main_screen
36d87168f31f189724a6204661cfe229,main_screen
b8cdd5f7dbc409aab6ba917f0ba6762d,main_screen
64726871766bfdcc5fb0018fc7c6b407,credit_info
8cd40106529500c6ffb6105384de7d4d,credit_info
51e2085763c6f5db6804e2bc5a0fcf4d,main_screen
390e58405a0deb1b72b6120fdef1fd54,main_screen
9cfc919640f63069319aa278b261c5e4,statement
514e5493756e8f0d0f9effceef5fe029,main_screen
c1435b177fe803c71ff8259c21ac9d4e,main_screen
15f60ace5718d0dd8c22677597918530,mobile_recharge
861b381020a4a77bb6aa74b6971c6bf1,main_screen
8a3be15cc56f3305d58de474014254b5,main_screen
e28681c3af5ce581bf5d3398632e0de3,credit_info
77537ebc500a19a30d1a9179468feae3,main_screen
5825579291e536cbc5e0d9362e70d140,main_screen
43f86bb1bedb63c3bd201d065a34ef70,chat
a357badcb410260dd22df610c22bb5da,phone_money_transfer
62e1f16c4f6ea4665bac3215a71f4b19,statement
45bb403e5388b7bf50d62248cd196812,main_screen
f11472f8255420cb31dc834c60a2dd6f,mobile_recharge
c0334ee341372bb8a0baf7a8ee64871c,credit_info
0da66bdb4943192564cdbb96efd89241,credit_info
62ddcd9d0b7e782eb76fbe1a197da54d,credit_info
fcd66cdce6d56246f5aa4af6538f166c,main_screen
4ee3364607fcc49c7d06f8ff1e813561,main_screen
49ac2e877620c1659201201ba1f2dc7d,credit_info
6db4922e88a941735418cffade07344a,main_screen
3c4f705d19dce2bf7a9cff93d142ce09,credit_info
630ff2f91ea7039ccaef09e5dfdd331d,main_screen
abc7ff38b1a5883f07847104dbbdb67c,main_screen
170b362fafceb8ef011cdc3b3f06e9e8,card_recharge
1cbd2da68de2f68863e2e398a9540da3,statement
23d4b2429f74b243b3e39edb2036638e,credit_info
48973c84fca1f6cb20bd03915613c961,main_screen
d8164efe3cb0342ed4db66eeb0a9803d,credit_info
6d4813bb97ab9697785145d4f385b4d1,main_screen
1ee183477942ff98a2cbf2321d07a5e0,main_screen
e92c7ee1dd65dc206ddafc0e6d9c30c3,card_recharge
f3826cb539626c3c09adbeebc8e2ff58,statement
a41c228f2341047e658150326b583a14,mobile_recharge
3668d55ed028fa09e94a20a06ad2ea81,main_screen
a46c40e5eac3b1cfa0abdbecadd7eca2,card_recharge
099aaea4d33129b3d9469c7cc9400759,credit_info
89ad852b7ad5cb3343f175c1aecc6819,mobile_recharge
f2db43a3da165b2fa6279ca2354fcf7c,main_screen
d6b4e4442b34ebb7e7fcfc26aaf72379,statement
ac727479c8fb9e07fee0c30cc9315532,card2card_transfer
a4afaa55d39d485d77200c27e3c1a26f,main_screen
34141b5b141362b2fdb70824128a186c,main_screen
5eddc58956164465ed62100ba205eec1,main_screen
0f2dee07aaee3b44b924f831e46929e1,main_screen
d37b14464c01c941af970cd5689d9d43,statement
b242a5536131e9ac47c3dd5909031e94,main_screen
1efb0e77b4f5f26260e45bcb7a4991b2,main_screen
8fb0a02729b01e0a134f4214275745ff,main_screen
b4962e890a3059059b3acfcb4fd2717a,main_screen
bc5967e18f201c83fffe2b76c9912037,own_transfer
2b2ff118e85cd3ebc56b27c74c886fb1,own_transfer
d832b715358aaf3d02de68fef5b3aa9e,main_screen
16270f894ff0bc8b3447f47d5240e7fb,statement
1e14d3fb78238cffa5119dedf585c776,card_recharge
ed0c05249362bf520cfcf5c9972122f0,main_screen
4a91bbb2016b5ed852e59a341ed73458,main_screen
40a98db32f77e03a8a945d569ec95025,card_recharge
5b3164bb435e697485b388afda523def,main_screen
4636522686a39ea6b09a023b7f79820f,main_screen
1b7177b8a3aaef1fca17b71b34655222,credit_info
cb680b5e82a36d3e006b463974e86290,main_screen
2f9479832f67eea4ebd8e6f892240d61,main_screen
53ef689b577a5ab243862292bbbea51f,main_screen
6a47a2ee501ae30be76f69d89ab665a7,credit_info
34978d6fbb620f5a373442fcb6140b05,chat
cf53158b870f64c1aefa2959461e668c,card_recharge
9268143a717ac9f73946515ddfb9e086,mobile_recharge
0dee800dffaaadd666fa4951e5914f7f,card2card_transfer
838c6e14dd5caf1fbb0da05ccf68bd69,main_screen
7b7d68dcfefae5508e94112a8bc74901,main_screen
a50a6ca9c8860542d134097c2809c64c,statement
7b391d89af3a1f3aa96e6c49af177eac,credit_info
512b138e664cd607f43e2f83dc02d971,credit_info
2f49b0f7efadad39ca8a37cc610b039c,credit_info
e7bc3ab5be8e21e522b9a7fd9eb6bd95,statement
eec4c76b6d67c17c0e1bc32a93fbf4ce,main_screen
018517f0b4e5f800dee56ec51ab82e4b,main_screen
d602b18f3ecc8b1dc64470d6a37b1bd6,phone_money_transfer
83ffc63dd7030248bef029dddd156966,statement
631518dc01be4508cb1b93244c5e16d2,credit_info
1e4721e96587d21b8ca2330582bf7a16,mobile_recharge
665fca327df989286c0e762b12a3c6e2,main_screen
516b54223864da06019579ee5b397254,statement
cf949b5a9273b21142c8a75878600513,mobile_recharge
9c608a036f2470dee528a5f4b4f35dd9,mobile_recharge
8ce9d87190153361d3907c1e78b35911,main_screen
6357d0a6094afdeef7794327f0cc6bcf,main_screen
59c38111f0aa73c041e32c27fa4a53a8,main_screen
048fc12f47e1e73792cc24af2d808cfc,main_screen
47e615b0dcfe471ae475b73fbaa93f03,mobile_recharge
dba91b62d1f1118d83d4416bd44e4fe2,statement
3d6cbba93ce8262d0c7a64061f33f254,own_transfer
89273183b24929add5000a0e2f12ac9b,statement
7201969f71a9e48e5794b7f4f1c839eb,card2card_transfer
23961213dea09bb6f590cac084710510,main_screen
5ef7d17291e7330b158a3e56d5d87e3c,credit_info
a425ac9906eab83052328cb61a787763,statement
c15d73a7ac77f67d34b21ebd87fc1af5,card_recharge
b1aa555ac7fcaa3e6dd37e90834d48c8,main_screen
03d96aa067e19baaa3b4f74ba7401087,credit_info
f1d8f4f32979cbff3cd3c8ba2c4f4a3a,main_screen
3a8f37d2eab63d4c6efd5703064bce28,statement
897f539237313dc664c5473207a24195,main_screen
e8ad453dee12dae95df5f47eb5e92d59,main_screen
8766880ff1d46120e856d254dc6de235,main_screen
a440702fcd0f2a342f748b2d5ef53332,credit_info
87b923b309e952c37bed67d467845e27,statement
19a6711294fd2764f46ba5ffa4a3d142,card2card_transfer
8d98e2e829c9b8c9def80f121d05bc4d,main_screen
a637db69c1d9cff8f105d9da25eba4eb,own_transfer
9ee066ebcb95cebe0d7f43176c722fcb,main_screen
8bd20166dbd01632fab06ee1987ab0f7,own_transfer
c4093012a5822c0d5a3ce3c2251a1dbf,main_screen
b2a1058e6a533d96434daad5212e779d,main_screen
f4620ed54922545b9e8f173b154b5918,main_screen
2a3a2a3c7c455dedb60047591fd15547,mobile_recharge
751561b75cb93f6fea007f51b8a5e31c,card2card_transfer
4893e8a4ad34411be065d7dbce54903f,phone_money_transfer
ba7d3202afc9599d447b662fcdb765ee,main_screen
d0e6ed303bd129ded9c0c09756148453,main_screen
9c3b7e0b9b2d59e946c73fb634340d8d,credit_info
d331783df3815ad901e23ba909ac5664,main_screen
a75f3104aa7cd54a60762bfeb4628635,main_screen
e682576db7c0aad25c941323ef45c483,main_screen
c656d401685e6c2109de9d4f64849b17,main_screen
8cb25145f8fb382c6bbcfafc0ff70acd,phone_money_transfer
83e813e8add9f52e37e75906ddbc6291,statement
59808375aa51c1144db2897bb270e6cf,card2card_transfer
15157038bde5184d987d6504d178df95,main_screen
a87a73a483ec24b18f3e0d788580fb0c,main_screen
5d9f3392feffa49c79c8d6952b38387e,main_screen
7c392f86585d12e98ab097aa814ee86a,main_screen
f43b88987f4eb46e7bb2a82ede4e01b6,main_screen
0266d9b54d644c6cdec6d3c00495199c,phone_money_transfer
2f32570100d12b5713781c242952e13d,main_screen
2fac006c702d9bb9f6277993e9996a19,main_screen
47541840a93a75528dd3b13238068a4c,credit_info
6f191a9e0bc0894fcde527452530a6f6,main_screen
7648ed62a31794d23168a092d8ff6f5d,own_transfer
c770a9c52880c46db1155c01f6100750,credit_info
c4d684237e271f61d6f97f5de5136012,main_screen
3ccc10c82e0893737c40226f54fde9f6,main_screen
6aeee5f255ccd3b8f3a1cb30d65e8118,credit_info
59bc51e00998b26473e64fb060e89ece,mobile_recharge
1ba345c0a24b98d11568aca456f78888,card2card_transfer
5b4a4094792825d6d688fe5b2950f71d,statement
f9215c50ac383eee575cb7cd632691c8,statement
1b5af8a43a82b242d7999200fb843805,statement
9f95d9f391fb6ad19e35ea4ddda16d16,chat
6707bc4ab22a38484c6b58fccf7fa0ae,card_recharge
7f8ebe105859f585ef913a6088312ea4,own_transfer
cb83478ab3fc97e3b91d253f0069c8e6,chat
f45c36f918e5e8d627712dfd4e121c71,main_screen
017faa3844e93ee4d1174ba173e2ce7f,chat
198e9f3549ee4152ee27b04328b2590c,phone_money_transfer
727406df4ba369017b78825ee27f1845,main_screen
76e47762309cd1080454486febbabb2a,phone_money_transfer
8d319ec28edb94074f0bd73f27161bbf,main_screen
2a38c16a30399989e60dadcf97db3ad5,main_screen
53a639de10b2a6d200d20373e797dc8d,chat
bcb73a62505339220b03d508fd5030a0,statement
e2fb6f22d8739dcf739220a67dc18812,main_screen
1cf3b0eb3fd23f3741c03b1226a8a44d,own_transfer
a96bfa15dcd7fe88c24c7a9df68d008b,card2card_transfer
f59bb3a737607f628b994b75566c5b96,main_screen
d6c8dc25fe11994d81feeafa634975c3,main_screen
ab2b7b67f1631b636dca5cc00d856b57,statement
73dd91a4467d0365f88c525d2ba8607a,statement
c654690ed6f4330177d45d0a903ea5c5,phone_money_transfer
ef572d4afb1cb9e6c3d0b8c5e58c35e3,main_screen
4c59434b6726dc77a9a2590a9aaad88f,main_screen
76626b24deabedf96d92dd3e660ad12a,main_screen
d85f4816098c8626e853681c6d2b8ea2,main_screen
4eb716d901af942410acf1d522796eb2,mobile_recharge
5de0044ffbee40af4a788854dd23e7af,card2card_transfer
fe4848a1186621702a3e890eab9d0ff2,main_screen
2f753b3f321a97618d3ad833543de992,credit_info
24275486ab9b92321f5b48e6ec6b0dc9,credit_info
770583cc76e6a77623b688546cf433fa,main_screen
798c8a78a707f383ed87e10ae57bf3a1,credit_info
e0cd13c9e30a8dec58428d1f33ec23fb,main_screen
daf4d63d9843928612cd9b545cc131b1,main_screen
07178d79feef35bc6b749e2f9468da45,main_screen
2ac9d295b100a79f7ed6d8b59b0f5d8f,main_screen
878de552988f09938768dcf224414c7e,main_screen
d54dd817b905b62fa203b819a668b5d9,main_screen
2f70004438ffcd1127de367257b59364,credit_info
0ce15fff6d23b7ab160bcef73febf43f,main_screen
0cb7d716e7c3587d661d08b8e0355228,mobile_recharge
dd6dd20c692fbfa408fafa283c774f50,credit_info
09482c7ef3341c18fbe82474b0aa7f69,main_screen
8d1e414ef19c8b4b48d518bfb99d902a,main_screen
57a5dd471fadb0eca12fdbf4d5e5737b,main_screen
aeaace2c5fa52905174fd5ac972bf71e,main_screen
62ac3e4c90b6c98c293c185b02bd4246,credit_info
53eb7336edd104db98ae620114f539d8,mobile_recharge
9c03828acb4995291fe797a42d9ddca1,main_screen
450a6a1b83c4b4c6d7603f27dd312eed,credit_info
f481b10ad3afb2373ed90645dfd92921,own_transfer
e056039b9bd25738f9c2df7a987baaf4,main_screen
1ac08590b0c71eb924d5ec02fa2939bd,main_screen
583ba2ee8020f039ef3298502edde9ea,main_screen
a1810db39ab0bd3470153c9a0d0e0a9b,main_screen
fa4f2c73311f2f32d74075b2776f431f,statement
db7b9d387584fe2276735d08cad3871f,main_screen
5103855d591334aed9fdb28a20118248,main_screen
fc94ed72748e2f5dc11974da3ba64c76,statement
d4ece885ef841ffc0f21c3953f9de31d,credit_info
6f3b1debf0c0b45875dd4f415cc21cda,main_screen
907941d5745532695beb4a71e9a5ab4d,mobile_recharge
0dcf7a68e4b477d2b3da39ca4e00d2ee,main_screen
417ef35be61e55fc8f8cad031a8d978c,own_transfer
d51a6e92ac6ac22ec56c069bf7555950,credit_info
44a76eb6bbd324096ad33ac83650e2e1,main_screen
b9c703325dde1d9d5bcbfbc2b286d678,chat
720b4666dc996f922cf838b8dce03c26,main_screen
e1c082c6c1d345ccbd8e369def081ade,statement
4e33e87269aaffd84a61adb31843f2f0,main_screen
fdcca8d01e62e2f4aed0473eaaf636bf,chat
588e57e309e7ea30f01aeffe3f787a78,main_screen
0a1ad8f4b0f3d8063aa96c4d17915e42,main_screen
8fb84a37e439441c375bfdc7e4f32328,main_screen
8591e0684f161f734d2e8e26fee57397,main_screen
7741ef541f432c1b77adcf5f60bce532,credit_info
ea6c5a64c011cf38fd61d58118048bd2,credit_info
96c07acb7284828d989c050b6e7304b3,main_screen
99912a302a6e3c2d375f92b6666d48eb,main_screen
3cd9469f7dbc570461d39b9d69106b7c,credit_info
9247c1f0b7cb60463a33351b64aa2a10,statement
7f257815f0a33124d492fdd74ee99a84,main_screen
b719eedab3f8aa0c3464a913a1672e9d,statement
60644a00ed3146b924d02ccd152e2fc2,statement
c1e273e7e4a37867edb324891f4f3476,card2card_transfer
2a2d63d40ff442045cd43f94a771028c,chat
042df3d960354fbb9bea44d4940a894c,main_screen
6c0bbe25a5697fdaaa1f4322504ca136,main_screen
78932d389104bba8f2992eb596c29f94,card_recharge
286edb9b7b4762e01220e9e866e70904,main_screen
45f24e11a69a4b966a9fbbddeffba146,main_screen
b4563fe2f90404243d1e2b38e877bc18,statement
261a0483fb34bcab33b4d1e68e85d1dc,credit_info
a6d98abf2144689c554302122eec1bfa,main_screen
78f3f1da980abb9f968884ad38f5286d,main_screen
78e1edf31102fce8a97f8f6f4f98ff0d,main_screen
5cab7942e1959591159c55b01c025ed3,main_screen
700380160a37bbdab4e7cd41f8a4ad04,main_screen
984eb2cf905931abc987d5752f4858fc,main_screen
eaa0c728fe61c663101443cf4ba047d3,chat
515303b13f933daf504007501a8cfdba,main_screen
6fedd72945257e218c31632704eb7e85,main_screen
8579b15caf9234680582ffcdb71de0e5,phone_money_transfer
3b2229d39dbb3c2dbed8bb03ec806748,main_screen
bb3ac9a14eb20490dd02629863b558a0,credit_info
7f92ee9d503c6eae806389df20a4be4c,chat
6858e9e135182797cf47847ed739af8a,credit_info
334a7a4e6e3df3f339743d221405146f,main_screen
360faa9b6b0acea881b29b2044e24767,card2card_transfer
7d2c9592b451bd1bdbeafc64c6c42d0c,credit_info
5acaae8049d574de2a29274a88b74c9d,main_screen
08818e05a24d638f2af8351fd905fb6d,main_screen
721c9ef73f570fd48884ad4dddf84ff0,main_screen
3594c6702639f0f0d9fe357127eac803,main_screen
3aca72c412dce26d46734eca4b7cd5b8,credit_info
172702a77e17abe5d815b2570b122fc1,main_screen
350c5a31d0f830aa747007e2f4d7eb29,main_screen
4c96a8f6ae565c4923f600d5c019aabe,main_screen
15b6caa7c2521f1179b1b5abb5475b6c,statement
6b4cfa638e94a62cd713767d99a224ce,main_screen
131db8ea4efbbb9af92c7ef21281c77a,mobile_recharge
8e13aa7ade81f8e2351f92198ef3ddce,statement
13bc622787cc953c6904d79eb38f8e58,card_recharge
191c23fa673d466b7c07af89ce9651b4,main_screen
c9eaea784820beed7c188849a7d8387d,main_screen
96c45630805bfa44ef499431c079f09a,credit_info
b6210900bbcb906f2e863b3ad9015e5a,card_recharge
35615457409b4d5a841f55d934a6057d,chat
b14c60a3ae70ecede6c3ce5fe5d5706a,main_screen
d29bc3a5cbec6706578d3613d0adc0b8,mobile_recharge
c0d04932656fbee4d91db9e6c27a881f,main_screen
b7e872ad508edb295b161e4e8c8da6b9,main_screen
18b904120bd5f42048b1a8689769f554,statement
d3c79ea51cfeeac7b6f052e10c7b5419,main_screen
7e5cdf859f6cd16e3d3a5ac1f8f51b9b,main_screen
1648b163817df355c14431b7e4610266,statement
e0235194d64c469904c7001781d2bb65,chat
58cca4b7f5a46a4bb78099e7c822f9d7,main_screen
d4c08fe5bb9cb13852067b0279e52c97,phone_money_transfer
6b2b928985d66de7da495a932ad5a545,credit_info
a81416cb30980c6e06624e76e8d6325e,statement
9745b5df7faaac48c7f3bc01b1b2dcef,main_screen
ffd217454440f24589d33bed1d1b3f5d,main_screen
f5e3d0a0372c019cc097643424273f19,main_screen
0036974329be9a72a2ba2ec09f3ed4e5,chat
625d32c2ccaa5a0ce9ae9df2ce9726cf,main_screen
5890c78729016ea4f12084db05347c90,main_screen
069aef4119a7c644ac8d80b5dd7b4c2e,statement
0c6a2b524bc9470726d46ed143cd2aab,mobile_recharge
feb33292853f570ba6931ccba29047f9,main_screen
17602285c01d904eb1962bd526b99015,credit_info
1b0a47317cbfb7db264c41d06dac50c0,phone_money_transfer
01b90ab64de6776266a7fe2bb7fba220,chat
7fb3f27740da60715630f17cab5a42c2,main_screen
111a0c86e6a3c17118c790b950cd168d,own_transfer
c568c0c2e5dcbc0aadcab66876535884,main_screen
15aa01d75dd466e0cd0b71f6a1a838ab,main_screen
94e7234ac30b685efb6d3e88ce4a734e,main_screen
b4e78b90bba8cd1c2c9dd446d2299b7b,main_screen
128ac4224e6e9555a2bf7b4e870e7fd1,card_recharge
2308c1551da6e8832192978f9c1ba3c9,statement
d34f445722ba7ceacc545587d04bc6f6,credit_info
d94fee942aae1f92f1957cc165148391,credit_info
b81c9406f44767be8b20ed20748a7a95,main_screen
f37412de8209693d570d8a54a136b46c,card2card_transfer
2f904af9900d877456d22a0621f4418c,main_screen
8afee74402464130d628edaca26b8f06,main_screen
054c70b8cb1ce89ebafe0b5401038918,credit_info
e959c39fd5097c76ce4bb6a33e7f94c9,main_screen
f557f28ed27b11da862c35085d451261,statement
06c4f00f9fa0bcff84f044de289ef6f4,main_screen
d7dee6c1282c62bf5ef4de4d31881a74,main_screen
028e2c82154756562642141b09cfdb85,card_recharge
f0298a4c82589ee89f1dec5cbaf8ff12,own_transfer
15e6e710b34f6ffc9d74bc8526d99e37,phone_money_transfer
e4077b121227b98f5f7cbc32d61a8246,main_screen
ae86a759ba78bf1a75a605ca8a767aae,chat
670fb1d9ef5fdcb17aeb696931420a9e,statement
0e857bb90810c2411e242946d9ad4d6c,main_screen
1f5f7d1022d1f8b00ed260b947db8f16,statement
e8250b6956f47383df258d0cbc1e2b7f,main_screen
9250ff56a9011e600f1250b00f9c9f73,main_screen
700558cf9536a7699c5822e7ae18d38b,statement
f95e3001f625ddbf274e3e81042c27f9,main_screen
ebff1ab9dec383c62115f05f32c74b55,main_screen
fdedf51b03ad68b15e4ef27bd27d34d9,main_screen
0a57edca300bb9431235c4ed7a72ec24,credit_info
d1a373d7259e699a9119ff0c161cf292,main_screen
42deab2e4112eeb794bf7e7512de82f4,main_screen
c4fe1d0cb18691ce6989368c2a2622aa,main_screen
4469a7dbee5e8a6ff0eaab5068bbffb0,card_recharge
cf717a67d9295c616487b1ebab3d3fa2,credit_info
7f17a67f8f33bf64cf0ba34d3389cfdf,invest
5b2e8b30bed412056abf51a2c3ac8726,credit_info
66bf843b9c35377984481e0c5330ed37,card_recharge
66c3b54bda29b7d56be0d82353c0dae8,main_screen
e748f70fc462791ce9f5405ece3a192a,card_recharge
5cac9ece6d11039b39ac317de5540dba,card2card_transfer
2caa7ce6220e429c57d611cb2ee05973,mobile_recharge
1e79c70d456694670184d843b6122cf6,main_screen
f8ce4b0132a83666bf6d7f4303318180,main_screen
bb4d92a4a008555da3af565211bc8cc5,main_screen
cddcc59141cd4dcebb9e7539ec440a51,card_recharge
e3117f539fda1fcf3fc8e19423490f56,mobile_recharge
0768baa81cdc723aae852cf4e4195377,card_recharge
c988dd135b8efb13c59af81b070e14e8,main_screen
778b77c7ac8ef2f2a57c71563cbcd9a0,credit_info
a26b4a095f22c3f955ce22ddab53b967,credit_info
2dabcba383cfd2300a0e052abf88c0e3,chat
0606cd3206d06b4d4c4625d6bebdbd4c,invest
8ad84d612972b2f41140b70ea1eac093,main_screen
022bfd2a2db989012781384d9454f517,main_screen
1a1e524bf39807cd98698d82a5c3e19d,main_screen
e7d8ae1d48f216dbc6c24c2ac0bca09c,phone_money_transfer
edf984146be037a015489a480a774c6f,phone_money_transfer
82838d59bfa30df2c9e6243a67ccefcf,main_screen
1f18175ecff6f2e789e1eda15ddb5b6e,main_screen
eeaadb30e468a2b811f45129693552ae,main_screen
51e3772fd6e98a9df101f45c61b27849,statement
cc3614f0b8bb851f62c42596dc0abc7c,main_screen
72e202bfa141929e3220314a6bd63fc1,main_screen
20d78fe91a65e2037c1e92fcb2f048de,main_screen
743e7995116cd0916991e512fa4eb818,statement
9ee657a3a3d9f5c76b8ab99f5b6986ca,main_screen
2482034cde896bc4dc17e4b6d3bae62d,phone_money_transfer
e8f3dad6c45b494911280e3489394694,main_screen
d891920ffccd935c387d05c069f3c261,main_screen
3173556cfc991b0219e0bd8cc1289711,phone_money_transfer
c5c74643a2806e3d9e261dcf482cebbe,main_screen
5684b7c26dbbdb6bbe35fc4457665f03,credit_info
648c6a00409ff49811bb00aad4a5cee3,main_screen
cc731878cc6c1de8668a9d5c8e935964,main_screen
6061e83a5aef6b2140af32d3165e9db2,main_screen
a1a50566fb8f2802d5f37d10c5892700,credit_info
d1c2f6b9ed74100f94e9d24ebecbbb7f,main_screen
1724d0fa0920b7adb495a9b3c3ae40ec,phone_money_transfer
768f1e93a6a26df8342c12905fa09022,main_screen
42420c5522d252da09c72378b1d8c4ef,credit_info
f162edda57cd5638211d876e35e133be,statement
2be2147077c64ad761354e6a44bbe313,main_screen
0c7368b53d53a97cc1e9a07af081342f,main_screen
1b6d44335657a71743e5f4becf0ac5ef,credit_info
3f92e8051ba7b97501b76fbdf4cb6a48,phone_money_transfer
0a0fed559a87a85193d4ade597cb2a52,main_screen
4d484ee6a5527decdc2d7c0b02b0baab,main_screen
3735c9483def893bf9d741f5911580c7,main_screen
e9e172a8fe10e7947a23a2befb43eb7f,main_screen
8114123e93d3ccab08e1c14d0750712a,main_screen
998f81c8d63ffeb598228d9cf9f14866,statement
f2381ff0ac3c05b178de1b71b7809070,main_screen
8259b1bf570a4ef5e702242a0a839d8c,statement
049d612a030f79a83788981af566a3bc,statement
b39f8413b0fea31f62ab521018eb0212,statement
01108dd700cc063aaec5980f461072a1,main_screen
c8499de7dfee4dc017b3317b7b9c7b49,statement
397bd9edfb5a8389d9e99d32f9a3557c,statement
ff9483fd217f580a4c9d5fabd1b02a0b,statement
256725ad24ee3942f4a7af3af2023fed,main_screen
49ac7a0ce68690a7b8f9f31fd634d997,statement
42f90f4373cb20b129681c5fd3681f26,statement
a98667a17071db5595612e815cb63eac,own_transfer
6e8dfc4824274932f857d5cf48e94476,statement
c96c9151f716ee1315c67d877c941646,statement
e13ec0f97f96f817664e02cb6ae96346,main_screen
666dde91cc47209db73dee7dad967e68,statement
bf3546497574a5838e7393f29fd948f9,main_screen
25e5c360387e7a1064635b266af14827,main_screen
3ddbdc9e172e993710958dee2aabd32a,own_transfer
e15e95cd71c1b8e4ce379c0faae1bc99,main_screen
f30f335e4c4cc8d0ef98e4b13e9b561c,credit_info
b20a8c97f27c040c2a0e4c91028e345e,statement
2dc35af2a2c76cde4fadf8ab213c0005,main_screen
511720065e0370da18df81f563678571,main_screen
d3596f1a10b5865be200691164c66c84,main_screen
e3b7cd27f88a9b350799ef1012bdc205,mobile_recharge
812d4db33553f4dc1562fd3c92cd3df1,chat
db85b501c5afa88c3096c2d628c85ae4,statement
096393edfbf308b3ad3a904a06213208,main_screen
86bbc4d8a85ebc11519a2f15919f6df4,main_screen
f445b99089611050756bc8fcbf61bfb6,card_recharge
4b60035e768f2713da06771b07094121,main_screen
4eab098c6fa403f85ba365b4db318291,main_screen
750d8be385cdef994e358ce64d520717,main_screen
63616e5fc350dcdaa3ed066e13e41389,chat
2b65fbdcbb7c3823782ce48a7d034d31,main_screen
3f1df4783b8a027d2b42a76cc999aa44,statement
c2b1359d61bc240bcd987a3bd8898c2a,main_screen
262ef3310693984a35d428ea1a54a1a3,chat
efa2f65caf408ab4db63c8fabfcf9787,main_screen
fb8d7d76de9528eb325bafcc35eda8cc,main_screen
500e44e67ae714e7b9c634b57789a28b,chat
fbf28f7189e754f13918332c09e2f414,main_screen
83b946f2b81b38da0134ce6ba43f2708,mobile_recharge
022ef64ec9279b35ab93e8259e9fefcb,statement
996f7c238fba05f60bd473e4624730e3,main_screen
cecc42628c797e1ec3a338fc0b4316f2,own_transfer
1ef37449f48f6e348f87936392a46be3,credit_info
462935f2cb033e463d462a5b344114db,main_screen
fd352012884215328396d58301038f8e,statement
664b49c7e68518c12c96189e4b6ab62c,statement
fd7f5c50e7ca9975b3647b2e6f33272f,phone_money_transfer
034999cfb8c55499f5589e8841cf3abe,main_screen
54a199ca2b3826455a888b8ded2e9715,main_screen
ec66a976a7e0916f43196308cf962f49,main_screen
52783f65f4f0bec3db608c3ac20eec73,credit_info
81b4805f7bd2c35cf170b6fcefcda52c,main_screen
071be097edb92ed49e9201e833c67ab7,main_screen
b94a5e48691e94bd49d24768d7d15428,main_screen
c293feda4b338317410e3a26eb3cffcb,main_screen
20da5f1f0488a8b913222830e1afa107,main_screen
d3a2ffb532b93e23a6e59fe34ca696a4,statement
643db690eaa9d7cffff86dc73e18a59d,statement
bd169c57e0e969250104381ffe602c52,main_screen
580245fbd3858646eb77ba878d5de2cc,credit_info
69438e580a870c34de94b15589227cd3,own_transfer
6a196137534672970a582be04ce87d68,main_screen
d7513cc1b65645d886cb5d17339a9811,main_screen
a4f6a2e9d5163e7f414b1d0c196b9e66,statement
8704b0d4df393bc5bcaf2f39731f3ce5,main_screen
8aefc7e880c3f24997094c9e8d19c126,main_screen
d4066b85ea6d646d505c6ebcc2192547,main_screen
ac63f89eb70d3c67d10ab3670d7b9ee1,main_screen
035d2cded45499468f0aadfe7cb87221,card_recharge
3e491882aedfe3234f4c003e398e0b21,credit_info
4e28891d0cb8eef0eeb04418be4dbb04,main_screen
6a8a27e081590c12cf65d2fa8fff26cf,main_screen
1853692ce67ca42a88b06452e00f4116,main_screen
7ecf02d8966be5e4262a7638a6760472,card_recharge
7b44da5260ce7d2f9d0f742ae07454c4,card_recharge
7f65ba653f27cd01e38fb957eeac7b08,main_screen
6f98e8201d70def6f2f9ad1a281d7b15,main_screen
a5424ee38ddeaedaf1d549d7d7f02a1f,card2card_transfer
ef2752f1b8216eccb795fac16c303f86,card2card_transfer
939a75566848d71eb33bba10aea3eff5,main_screen
c4df22e8e6821c6d465de76bf6c1d228,main_screen
5efe3bb59569c93bd7910ff185360c46,credit_info
cec48bdb628b111f1f43c624483946cb,card2card_transfer
f21b3603041abb41a8165f173bddbe26,card_recharge
d2517c508f6d2980130129ba0afb0210,main_screen
12379156791ac2b3966822ab68ea71bb,main_screen
63fefcf6897952b1138098669359c3e0,statement
3b5b0db3f876c48e2e3fbd962968624e,mobile_recharge
e654e852cfaf16f51b5c4c7275b175b5,credit_info
0020a572d686ac998f518a70d7652e52,main_screen
9696653da54c32f3ebe3ce8cdff3507c,own_transfer
3f2c00e24d2a6a41b28bfd84c27b2c34,main_screen
9ae5fa7b79bb6e8c51d26d89343f795a,statement
1e837821227dd74ae08ef09dc85da6d4,main_screen
bb0ef81241ecdbdc28b2c1be96d010b2,statement
6cbac3c98e7f608806e2ae730d15a03f,main_screen
a8649232385b013af3537ce4a37f05b3,main_screen
976f382dcb6fe12f15e66b614e3b9461,statement
e2e279c407763f3827c8d8675ae8d49c,chat
a84a5bb41f401b42886480d078166088,invest
3d53843d959a55fae4880b64a7f83e8d,statement
49a0757400fae4c432771416c52c4e56,card2card_transfer
5df4d768bfea6c869ced4724f99ad6aa,main_screen
e7c6a7a2c6f44001f62e7b4577d0b0b4,credit_info
8f24a6d3997ba9670c32b7c34faaca4f,statement
ce7f2328e3f4a6e24dbb66ec86b05093,statement
faa40365e8adfe135ac7f7416349e177,chat
f27ed296bd6d055f649505d854867c2e,main_screen
03ba3496e739474bfd711bf65d3d271b,statement
7c98b49fe4efba3534eb3dd5cde9672c,own_transfer
8f9f86d4a58e67d3b328b187072126a2,main_screen
c57124f9b7ce0d3306c563657fbba923,main_screen
4d7a4d1bd7f9afcf8acfc504e9ceeddf,statement
54994af1b08c2317f4ed12a74a8c3835,statement
a9fe673a1267a0aad4e24d8ef2056680,statement
228f88bbc8b296a4ad12398b3be85bd4,own_transfer
1f69f84ec5a5ba804953dffdff741bb6,main_screen
7aa41bac1a5b937c16d4f3ca24d30cc8,card_recharge
4f9f23c7a27026bc149cfedd891d08ea,credit_info
562972a20ebe0169ff817a61227764ee,statement
9505f3a0d4f094d04751804bf60bc426,main_screen
da579d77df702cffa6dba6c6bfb39978,main_screen
55f6438a374ae97a5b0db355322fbc4c,phone_money_transfer
a4729b5e4c393301140441866c2c7673,credit_info
45359d3507362c59f31a2b3c7daf2388,main_screen
16c1918be2cb9a82c179d9e336ab0de4,phone_money_transfer
980a2d5f1d0a0047c3965cfc852f684a,card2card_transfer
441bdec6cce237084b1f0a6975f97f58,credit_info
681814c00412451281adb892ea4b9c7a,own_transfer
f518fc82f70db9ac7fe63bfadff1af9f,main_screen
bc9c1aa3131f534891c8fb5bef7e2056,card_recharge
e085c8a48e273c615e5505ab33ebf502,main_screen
7830ac18bc531e0dd7c18bc83b212b1f,main_screen
24d9fe1d751c2ca0fdebcdc1478dc4ad,main_screen
f8e466c427046e66645dbd1c439c6dbe,credit_info
61243b1e4ab05c5a16689370633c116b,main_screen
7ddcddb50509ed1d0b3738aa8eb25448,credit_info
391331ec2727e1f8ed0ad8796f8d9567,statement
73b372260894cf710281de73fac4dcad,main_screen
2f114db6538d1cd86924eaa4f61d3738,statement
d65a1274b0ce4aba25fd61e748d59e25,main_screen
cd5fafe79cbe5eb6a3aa2087ba98a9dc,credit_info
0cc56e89993ab0b0eba8d75425c0fe12,statement
aebf564cd8fc50a4db93f20e97b04773,credit_info
4c3282fb80ae2cb6d9a9a31cfa24be40,statement
e0f43c0093f745774064a3df55466263,main_screen
7ea22a829f4880dc3faa1edca5fa35d9,main_screen
090a5f767bddf868953a7304c6233415,card_recharge
8390273dfcd10e362f09e9e35403a415,main_screen
2c0fc7b7adb26e662e160acc9c35dc47,main_screen
5f585de095c04248211adea357f86437,main_screen
0ffe4d63c3664252e7e1681af5a0b798,credit_info
c40270f61278e26d75b9f8afc0295045,own_transfer
c3f1449ecf528b81b19a979a583e2c97,phone_money_transfer
18cfe38196af91504f920129270c0216,card_recharge
880b221b7f23266b515264d3dbbacb8a,statement
e4f329daeaa3416221a2da6f0bbb2b12,main_screen
c41b7370d67ea89402759ba6436887b7,statement
7fa4febaa40443688dc8a840dcdce1bf,credit_info
2695774c3129f2b54517b857efb2042e,statement
997e5d53a3015c041126c09a00c84c68,main_screen
f4dac84f34f535367daddae2121e8c1c,statement
76d8f2475d3e69c667511e1882e19b28,main_screen
51b10b7c2d392aa6d8204525e8c6a6b7,main_screen
751a6f9efab10c8bbecae9b4c3604093,mobile_recharge
e2a50885a7421bb156e7f511c279153d,main_screen
c0a880b65b74a0d666b1fbc998776383,chat
0f4a293f3842eee5c4ba35e90711efd1,main_screen
045be530d2673e8481d87f4b551a46ab,main_screen
9168ec56c174d9f9a20e3ba55fae7151,main_screen
f31dc21966cabe2d5fcbd823036f3672,main_screen
519631d18d006cb00338b9f14b9260e1,main_screen
4a7d59091a9111c9f92f989ac389803d,main_screen
c12b44c707ee5f963dc90389db1b819d,main_screen
f70dc45370d61e59af8ed3a54974c263,card2card_transfer
bdda22652a398c800a4284d0348c196c,mobile_recharge
fc2124cd1082e898901dbae3799fff5d,main_screen
51089ed22f0b09094087aa06efc80650,main_screen
276e11246d127e8aee2da125e2ef819a,mobile_recharge
228e43f4e1b31b85ca755574a372c4df,own_transfer
403f52011c52f96bee4ae91cbef19048,main_screen
0ecc34a2b6110f6875d059cd71ec8ce8,statement
1ac729f2d7a05066bcac165dd7a4abb2,main_screen
a48c17b51d958d28585f916b8369500f,mobile_recharge
40961521261134acd62edc5f524ef907,main_screen
0cad44831703c5772b606654d6ed2020,main_screen
223f7cc2b6273a9f725172270164974e,card_recharge
a94cc9e24e2c06cd512aedc9ad2d997e,statement
49f7e0c5fe2774df7cfbd5587750d8b3,card_recharge
1e1f18d38275bd1d6e20a6f927cd8342,main_screen
f03c43a75f1d533b10e26c50714f0ad7,main_screen
26fe934d82268cdbdc58dad8587960d4,mobile_recharge
e8c93e77377c146eb65d31b7d0399154,credit_info
0eae4920d60208b79c8377b59b2ca24d,own_transfer
6c9a670e2e0dc5e988334530e8b90d09,main_screen
c439daa0258cc4ec6dcbde2d9df56a1f,main_screen
a6b86d1cdae618e0b7a67b977bfd2227,phone_money_transfer
35a4c2a926d3f32b46fc06df894e510c,main_screen
743376651fa4aeb19e1cc229b000565f,main_screen
4211abc88fd0105c5a01939c0f7548a8,card_recharge
9e3805b2aa4fc3297d6679e48009536f,own_transfer
16ededc2fcb5c9537ca2914cd0b588a5,credit_info
b646e299f76c7fa522406a55995d3def,card_recharge
b206a1cadc63d42db620176b41452e3f,statement
36683c072726b539136e92984f46ce2f,statement
7b58b5150d4965a4860dedee17434e30,credit_info
26e753203b620f92cba8f7018a3ad7c6,main_screen
79621f45217c232edfe9561697ac17a7,main_screen
3b0a68d898e5122be08ab136d52461f5,main_screen
f65883736b222cf5343a122873313875,phone_money_transfer
fc8f08fe14c08a53ffebb8d265ba382c,own_transfer
a257349c396212a7bda7b8a6aa09efe3,main_screen
a30688eb94122ad62b22b3c9a431997c,chat
b91cae3f394cbe02cc3492a66a6dd63c,main_screen
3f99a8eabe7d62b41e9430b78ee12f40,main_screen
1242a76660d57611bc802e91c38ad0c3,main_screen
4adcb2aa29b04fd607a1ecd5292fccb5,main_screen
e467fa7319c11c33a7f608fdfc3f6694,credit_info
1884fc8e395d925e08b0fee821a5d246,main_screen
d3bb6301c83c10345c8c019f7ac2eea5,credit_info
975ebc918520d40a094d39c6dbcf3f4b,main_screen
c029a134b2fc848d5b4b79575bdee227,credit_info
a38a2f0056cbe97b83ab7b79c5f6bd77,mobile_recharge
6f00047a22e379224c4598e3568e211b,main_screen
6fc9cd35565e72ed865786dabe3217bb,credit_info
6ca80797f1e6557853a936e0fc8e6575,chat
799ec6aa6cdd39e01113bd33a0d8b7c3,main_screen
0fc2acbf6eda7c757f59f6abb0c6f35c,credit_info
8a1eb04ec5f166e73ff72206acbbda3f,main_screen
3b23641509b57c26450d842519a0e970,main_screen
54a44d608ce286a285143b49c9083e64,statement
ac87b70653a4fe203e5cbf2ee26ddeca,credit_info
cd277db04fb3b60c66e0786184072ad1,statement
86c05f27ae366adb04f3ed339f925a98,main_screen
249eeee2babe8010bd0092afada18ab5,main_screen
f26b046086044f7a0a5476c1798f6d3f,main_screen
41a06fed83efb12363bb83315217c366,main_screen
bfbb56539bb7e7a73f6432ff04814aaf,main_screen
13e55f3c32e369e15d51c52f5cb1b356,chat
1f24f55ac5aa2e1b915043f468251011,credit_info
de36709ec4ef93f23df35bc74e7dde57,card_recharge
cc94edbec0581f9fb34cd4d6afa1e1aa,credit_info
6300041e95d4be24726faaade89a1b52,statement
592e35557e9af4f56d1710b4c3cf8850,main_screen
f0c70de3933ca98095b27430f24b2237,statement
4da4da9b6bca5b91cf57347c2142348f,own_transfer
85092c242e2054373261f496cb7fb022,main_screen
d30afee6598cc0251e3b25d0932574f3,statement
905997d6cf97f1eba7baad1efed0ff9f,main_screen
68eb1139cd7c21a406814b3abaebe2e6,main_screen
c76e77d40e83b070130761f0474b5912,main_screen
4586d66f5d1a18296508d841fbd9eee1,credit_info
72c524e47a51e13ce1ff21b06bf5b7da,phone_money_transfer
3ac90c97b158db03e2d1e86ed71bc4e2,statement
b541c92e15647e7f265a98ed1a886cb1,main_screen
4d875297f18dcccdc662789b8704b700,main_screen
a230434363db3d2836a083f39d58f193,main_screen
a22ae41936268eec935291ecbc69e6e3,main_screen
3174115db51dc62339f15cbfbc062468,statement
527cb924b9e74fce10c0485eb0ac7b2e,main_screen
5257d6a3485b1ad9a8740c93429a92c1,main_screen
cead3d59b4f7c317db96946c269d5656,main_screen
fcbe33d335a3d30e908e61f214d844cd,credit_info
f53944a928274035c107c9214b3428e9,own_transfer
aea898ff1aee5444993b08e8454ce472,main_screen
8789efff9371c8502e49be4e6b3fbb90,credit_info
de94676488551d34eda88b7ae24478ac,main_screen
5641fc0fcfb6babc5071656fd1625328,main_screen
d781099a248535c1fe694c74bef505b3,main_screen
c9eea0d1a4b2702fe6ec2fc0cc504448,card_recharge
3085c89ab90a4247ea6adfc6f425d662,credit_info
b156b54abf5362b10ac57627e19091cf,own_transfer
56bba920e5cbc24fc7ae66b0b44a13f5,credit_info
1f3c336536345c09e71473cf2ab80b1e,main_screen
f885f28ceaae87dcb28d011e5f159911,credit_info
191d229bd09b3a185b15da9f2d9dbdf9,main_screen
d275aac8af868f861e61640f7250ffed,main_screen
0c22c9bb073c6e514a43dee115b56faf,statement
f3cc330b8e294fb4d58de787f2af1c94,chat
49158a93ac33eae3e0dc988614dc1f55,main_screen
a4b5609249badb1ab68254d13635ae83,phone_money_transfer
c996c201a100da64b9ba0de5bf0d5250,main_screen
f4da9f5437287b27e326de9064b6cbf9,own_transfer
6fa7163e3995da58d3e1257e08e763e7,own_transfer
e10c300371a1ba031796d6f88911f548,main_screen
5f75f4c2ba53d55e5683215735d7b18d,main_screen
13f730e3883eaa3f40c9bd1650ab5f92,chat
217daad63788ac41575ebc2a601fcc6a,chat
99c55154a1654b95f74f00c46ab41707,main_screen
71fd5ad3ea264138ea3b2db88a89b445,credit_info
249640642ecdb3501b094fe06f11b020,statement
d3f7bce502fb57843ca2fc962d7cea5a,main_screen
147ad277ad9c3f5b842d8bd13aca5c0e,main_screen
fcfcee49228b423902f86139e9727f10,credit_info
e44405db26290c691beb66b5288e34ea,statement
b3c7c498827f198215759ca5aea9b03c,main_screen
05107bc5f72e78813edb292a87623924,main_screen
dbcdea0a68f1282c95bf6a6b72a83a09,main_screen
71d5b5d4c660429a9cef69121ed28da8,main_screen
4546ed4337a2397112fe15646e4f017b,main_screen
270d04b6b5f789d816846f076d99e897,main_screen
98e5fe7fc4c2f78565a76774cf17eb74,credit_info
702228ee111614c1fc8cad20d30f3a07,chat
62b9c566cce7a3dbba698c2323793bf3,statement
a5bca1026c4508863501d09b20fea155,credit_info
93b4605a56f03a521f070d10d810393b,main_screen
511dd65225339fba992a174392b69c49,card2card_transfer
6fcaa1b70dcb1e91dd8c1cde362c6fe3,own_transfer
0d9b649e478bba112c06c40ba11ed879,main_screen
040860de86e4fb339c4e9496f1f71e06,card2card_transfer
7711c5b7acc1270f6ace43e60217bf60,statement
2d09822c96e940662d341d9182dd7c9e,main_screen
4879b60ba229f785d99b499232b50bb5,chat
af94fae757dc8d6301a387f56cd3c1f4,chat
f6720cf045d0ca901080943a83430df0,credit_info
80d76ca535403dd586bdbccc9271bfe7,main_screen
c41e9b54de1173b9ee009507b1690cba,credit_info
3bc0233414c616cf655e0eabe1a8cda8,main_screen
033f7546909f108539a849a5fbddb459,statement
20182a5acd7747111fdd25be8b66b149,statement
2fea366309ebe09fc53f5b11be726f7a,main_screen
490b3bad756a46d06c70309675a92e32,main_screen
b87cf14b623ef0c0c79ad3933de042d3,main_screen
35130b73b13e553732f9814ff5cd5032,main_screen
29b8e6efd69d0b2579d1e3180056c397,main_screen
5ed52f6d3d3662441a13daab9cdba9d8,card_recharge
85242243beaea030a2fa56fcad101493,own_transfer
6ec10e1925277b9d6c7e0bf4813b96a3,main_screen
99bb55e1c67ea2733e4367cbf5efd979,main_screen
de434448e4fa0b714a8a85687a831652,main_screen
7b4a089401563dfd028b624a7f007ac1,credit_info
d2ceb184032c53492b1747aaec7851f3,main_screen
99cc79127b36e461b47f67d72a19ffa8,main_screen
26a8cdac9efbfbc32e0580c40cceba34,credit_info
12bad6026723a08cb97b5ceb5d5ff046,main_screen
81ae4e34d342b854677a6332f11b9edf,credit_info
015f0d567ddacc7fc698cefeec6cd64b,card_recharge
7bbff5496abffa877517f085bd2cea38,main_screen
b03199f8d4e07a177dd87689124de944,credit_info
147390fd9682ba9ebef7bb4cc29a6556,phone_money_transfer
5dab79217c1674242fd9798cbb296303,credit_info
2c8630b769857aa0ab21a2f7687703d0,main_screen
5e6648c513efc9421f9bec2f691cc116,main_screen
61530571d1d6903ad48aa95728ba2a1d,main_screen
29ffe85fcf8de1b2238f5c047cd4e7a7,main_screen
7ae8dae8f4ee1b2f47a5be2ba1e3c348,own_transfer
8cbb7ce06e50f4ea6e3837d15fabbeb8,card2card_transfer
1eff2807a0fa6ba70822176cf84b5d7c,own_transfer
acb9353c39d87a35aa49c450288d0a91,card_recharge
44fbadb0a2924e3a80b6de7e77b68d20,main_screen
914b3a620cfb5443b64e7815e43da83d,main_screen
e216480d2d06acc28961ccc668c5235d,credit_info
c3631f8aa7adde49e8d0ca26b52d0e58,main_screen
64258771eade5ccdb9eccb5cc361feb3,main_screen
2d058b78c768b6d8ba4a187f36dd3958,main_screen
af4adc9caecb3223d6292314ca3d7377,own_transfer
63753d5efb5e948b8d44dc5277d4f7ce,main_screen
0eb7e1f1eee639f32fb592be4757ffb8,main_screen
b11571112bafb264351a137eb9976cdb,main_screen
a3d4c7b42a4ecd6b28c6209a1e9fe1d2,main_screen
294cf0d88654946e55793634bfb44beb,card_recharge
a35a138d0c00cc65c3af9355529ba0af,main_screen
f305692859260b2ecb3c802b3a2b20b2,own_transfer
c5e1869e7da73e6073a9a1ba6624805c,credit_info
95fb2a8fdbeb0b7425273af9ff228fa6,main_screen
8c855f9775e31b989abdd38b2a6e0a42,own_transfer
7911092990a39fcc344454d4b2c52e1c,main_screen
45528633d3c31b9fcb06f64b3ba9b7d5,statement
a143c4994a531a865c79faeb1781ef94,main_screen
1e2c2fc16afb5ed37f37cba734e9b898,own_transfer
010a146065e694602828264f76a35e59,credit_info
6353ce1de7067f3227362b7bc3e446ea,main_screen
cc5b6dbad060577621fcfe680ff4efd7,main_screen
b74a98c140bcf485649af42c76dc2954,own_transfer
fe184697de8f7064ce8586b809d3373d,main_screen
e953de02f160cc37342032c16fec747c,statement
2bddcca5ee12ed6e8b7257925741b25e,phone_money_transfer
14512a4d32c26b40beceb3f3fbb68943,main_screen
e0d9fbe6a6ba646c88f713209b02d812,credit_info
e520197c30d443bcb8c1c3133f98e7ad,chat
160757aaf4a950bcfe381d246249fce8,main_screen
038de30557ccecef8d2aee46d87c253c,main_screen
811599de9edf1439a85f0d2326f7ff99,main_screen
5db022eb68afc451536bb83a8d74c137,statement
267a0e9f56ea0b6b40c2cd20973766ae,main_screen
3bca49fe3601b6093040f482be8ee18d,main_screen
f39a9464eaddf48eb4c2178876ff14fc,phone_money_transfer
6231d413ab971823fe01d6b05582fad8,main_screen
fba2cb8f4e3835f63e93d162163ed26f,own_transfer
5cd4df6be965c3b8d219be9039717b83,main_screen
5aa5469f951048d184a73e7efe59bddc,main_screen
70ab129c03bb4a151a1c3d0e1e8713c5,mobile_recharge
b2fa759e94fde776b82925acdb177019,main_screen
1b703a2396faf82e670f87e00025e4ff,main_screen
cc6e7a82c465c4bffc5753808bc4f8a4,phone_money_transfer
27919d8af5594dab922a3b2a3abdbc6a,main_screen
da2bd034d68133906c293085b5f0557b,credit_info
a4a12549d0fd64759d30d02b5e972665,statement
60ca87025be234c27dc7ed3c67296534,credit_info
4948c4bc6b2f0186d849577e6d534562,statement
e87284ce67bda548508b0052237d2051,main_screen
0ab1b3c15c1b5a468b35745acf03377e,main_screen
361ddbbed0fdb02790d33fa3e88ac2a1,credit_info
fefaca88bf8aa5ea362e40496d393945,main_screen
37960f3b9acba2c3f4a5cad226493780,mobile_recharge
436787f61ee3ca47feb2b045acfc49e8,chat
6a9afc06bf52e376578bcfcadce604be,main_screen
2c42a8cbf1df35c1e9518473674fa77e,chat
9dd7506bad1b44d2d9fc5254fac283c9,chat
de84a5f0c5d56a99e5e7dafb383ebb5f,own_transfer
b19bea85ccae24fe2c42ae3521e018e9,main_screen
d33cdb23e72467f0007915965ef8bb7e,phone_money_transfer
5124e8061a22a45b6e85257c28d5d870,credit_info
496d6985466aa4aa2b6458d22aa151d7,main_screen
41b4ab2d6e07cb64366f902f32026d8f,main_screen
43d8b35cab54f7fc5b7819c03a2d22e4,credit_info
c443ccebd4148fdd29233d9fcba8cb57,statement
5b247965f08cf770841ae1883625d531,main_screen
17791111fa41fa187b3b59ec75ce88d2,card_recharge
4de4e55ce3842064c6dcb984361452ad,main_screen
4f46b2ab57a3e2ce3f41dcd8605c5930,main_screen
9b003d591747f7238c9eb12aae0b6a33,main_screen
458b7b619e689451d9965e27406fa602,credit_info
12683c2504c32a830daa2983412ec49f,main_screen
f5acea6326f521e90a15375addcccf7f,main_screen
eeefd57e323892c4f65ee8b48ec31712,statement
9918c9be77e448b1ba5c5930e79cb317,card2card_transfer
50fbb1daa91641329fbc46d653c0a713,statement
61a4c9c33ea18e440c6490d6e990cb7d,main_screen
f46904e1b958dcee579ff0ba1a97a466,credit_info
a8481aeb13ae67af22f733481a0cadff,statement
7cded5ba0f0a8181e5603799b58e05eb,main_screen
fcb242715b8ff53e6e0017b37586c771,main_screen
c991941d973139ed368edc253b7b3b12,main_screen
40372fb26ca7a9ae51a5d2b49efabddf,main_screen
d69ba4bb98fcd8a3390082bec494f715,statement
1b781310843e0eecc3036a4a01e9b993,main_screen
e1246659deea3060829d00633359696f,main_screen
cec6f267956c5445adb5221529cf8f5f,main_screen
8b66fd9d500863b1f4de8c99aab75183,main_screen
0151dd4505a21e7e29d3a475fb45a395,statement
8078f2fdb9a12961c1595ac8ef5ab637,main_screen
1cfb5950d8d750dd958a36b3cbdb43f4,main_screen
ad5d0339f036e958209ebbeb8c550a57,main_screen
ad73a8059614459fe291f03bd0f7fc25,card2card_transfer
3b7eb488b23f13acc045048c6bb8d50a,statement
940298d91be364efba9aba382df81b16,main_screen
1f820cdb09646ce7943544185c74bb7a,card2card_transfer
e32e3d57d84be40a80611a7b4ec8dd0a,statement
d0b2f6e9570f31152b4b4e8e5b8ead93,credit_info
d6c977560974e425d7f50153c1ffa899,main_screen
90ffcb805042f4a12c49a2250809c352,main_screen
b7f7e20b6a17c92aeb444c24f923af8c,mobile_recharge
65d4c96a851822a64abf78aca1e415d9,main_screen
aec5fd51aba1120d035297e455d64ca1,main_screen
17c79c36b5a5064fbe4a06322c8a82ef,main_screen
356660936b4a9d1237f9e6065f0efc99,card_recharge
795dee9dd6ce37990c9dd13b3ced95ee,card_recharge
51d141e5eead406bdcdb3ac8db003e6d,credit_info
7dc98ecb4b02775a36110cb3a0f3ae65,main_screen
f79021750d125dfadd9d533412f933ff,main_screen
0b8bc5e594119f53a3b94b3ee6f4e342,main_screen
6c8b6ccce742be01fa2debcf2b6aab7f,main_screen
393a460bffef11f945962266d4b0326e,own_transfer
0054ab18195406c9a4c05ae90058a9f0,main_screen
4dac02e9177e48dec798d8b648c50319,statement
a259f331932f4fbebc7714e51e875b6a,statement
e74edd92d6047c2f60b7d82b29a103b6,statement
f3351f7eff0154468e198b767c6ec9c8,main_screen
72b2fbad678d1984205b465010d2a20d,main_screen
a59919c5b6ea5c58062cdcabacbff91d,main_screen
55df5dcf0ab51d1f3f548146bafac8e0,main_screen
f96e1ff7ae73ea072833347aaf9d22d3,statement
ac6966100e51e69e4cf40ea80c8a9fe7,main_screen
cbc4ce313767bf872056943d4d23cb6b,main_screen
e4e5547b6b93bd50c941fe4348736101,main_screen
c2ee2900a45bc16196a29fc56a9eaf07,main_screen
07cdc5cc6cc6fd83d072abca2631055a,main_screen
34316a62b256331436f1fd16015cf203,main_screen
6e7166969b8dd3c135a3ad7f55c7f24b,credit_info
f20fb47f382d933afc453ba101bc6885,chat
e554cc2ac59742c9c8953c02160111e4,credit_info
188bc22b654d42dca238c6adc75ba14f,main_screen
a27d3471b256d3390370e85d60a848d3,main_screen
5d2ef41ca196b96bf4a6331abeaa300e,chat
31d6c1339350b61729ecc219b8bbf6a1,main_screen
3d1afe832185de15f0c739c5b6f8f596,main_screen
2ea68a2154701b42fba2a2726c736f8e,chat
7071b4b35a46827ca3f9f9201b721d82,main_screen
bff86cb99405c9c784100037a6667352,main_screen
9d4f502b610cf32e2ae62957940b311a,card_recharge
08e0ff9e3d1079f1a4365b635bb11d24,main_screen
00e40186cfc075a9ed322cf1cda1e504,main_screen
66f1f70e7862b3eeae5e42b90e4931e3,main_screen
575cd7677bcd6ad243a6b095dc0285c8,main_screen
4cd8dd4ebcdd1a3facb51a68ef589bce,main_screen
d14498d41a0ee14ab5dba5de779e2837,main_screen
5f99d2dba2902a00d5f5db9a148c6427,main_screen
ac848379861a58ffdcef318f6fdf9389,main_screen
21d5c19106bde7dd2efd72a690b16437,main_screen
a920456dfcbc6c660538c64df67c9b02,credit_info
5ad354d8d6f1db5a5dc020ace55230ff,statement
b3c46e03f9c700232bcfab788a1a8e52,own_transfer
f804317f9534dc071aaf33fc6978e53f,main_screen
82a0a1ba85858b1600ebfdc77f45a158,own_transfer
4879575592d5f275617c79b7ce492f27,main_screen
1e86b7f2ba92b6b991e4377f9af0ccc2,credit_info
571da569d33636bd30d7150a062347b7,main_screen
dc2ff39f22a99c1fb703278b5dc10834,credit_info
94244ac43cea3b7400a4b91e32c1ce78,main_screen
cba519fae17dfdc33f35f5e8753aa621,card_recharge
bc19fc2166d82262b1dbf94c4bc0b96f,own_transfer
82a6af425eaac1f7e64ca9908c1658d0,chat
abc64c02cabd3cc6d90f74deecd1dad5,main_screen
a52dc3663ec740e6556221a8c9d8fd0a,main_screen
d10e7e01461a96aa0484669bf713f4fe,card_recharge
a54bb76caaa639a5b49380d4eb472a6a,statement
64dd0410271e85835d3050d860ba193d,credit_info
c153ad709bd185357047e1123ce0f349,statement
019f5d8c1c6646794898c6f603af4f60,main_screen
dd6c37ba9cc8c8699f534d4dc0862d84,main_screen
c3850bb25d45f018729aaf35f77b66cf,main_screen
ae0ac099f0fa034ce4e2324a49b792e0,main_screen
8d034410d62dd46b766bf9ab0277d4d3,main_screen
b21baf2cb21060a3cac4aec211074416,credit_info
2822f63cb2de280a585341889afd15eb,main_screen
50dc9cd5f4653aa7463f1e0c465cf461,card_recharge
53071038c168d2a6dec04b047fde85ad,statement
adfb72679acbaa4e5c621051b2824d54,statement
f17324053e1c7f02fcf567ff5c1b041b,card_recharge
b9d92ec3884f1e10c84f8b125834e88d,main_screen
47d260cb5f8d05fdffdb39a48b0731bf,credit_info
da67d35e5ce9cdc2e8d2b119ae604c34,statement
b4c34a7166f5d4fddeb08e05504f5473,statement
854478e7b1598ca5f9710752c9b446a2,main_screen
1e5922281e503413ad8e3c7c27fb2cdf,main_screen
2d3dd9e939d999fc57180218ff7e8b2d,main_screen
16d0feae4c1a7536852edbbac96ea07d,credit_info
33c0f33d89001b8da8d538067b81f9d8,main_screen
ac6cd7ed7e71d62bf2bee9d4b04071e6,statement
13f491b6ca0ec3bf853931fe6cd37bb1,statement
f041c9148fd149ffa146c58f405acc00,main_screen
f22ec51121f6e319f500b5e411d12429,statement
0194de76c5b9bfb5a4aa744a500326c4,mobile_recharge
d7fdf1db886c6d60dad28b816276d5c2,mobile_recharge
98a7517de3e041913dc615526703b0a1,mobile_recharge
fc1f2d3fb77c08bea8dd18eeae09dc5d,main_screen
b7c021ca14d4ad6c852026f0df03b962,invest
c0eafc7a76997e0dd6431d685136757c,main_screen
0597fb34ad11417973caace54d78c71a,card_recharge
39599a005579a1710f102398cb32edc7,main_screen
d755247eea29c3c5d3a7a374ec8f4be1,statement
ff3aabe417f5f7f7fb499e5cdfb10da3,mobile_recharge
78fea21584bcf0e92d53abcd2c85f328,main_screen
d9a1eeb1ab6027516b9f0a6c9f153005,main_screen
149e0abc8fc4bc92093c2d382c4d6f2b,main_screen
a4a65f282247f104a40bd66fa898a39c,credit_info
9747c63542b899077fa376475794a015,main_screen
7a39fbd17c991e627934b7073f784dee,main_screen
7b7aceaea607c2001f8e4b5519e42e05,main_screen
df7efddc763b57fead69cf6f675c7c09,main_screen
5cd02d74f82d8f147c77f0b2d4860c73,statement
24c6be7a34cf63fda93e336b26a6b859,statement
3e10a81d1fce679eb6eef782a4744347,main_screen
aad0cdc7474d074b8bf5b1a97faed675,credit_info
c8861af42b55d6591bd844c4c5bd071d,main_screen
beb61d09505655a4765a31d727de3f81,main_screen
90a9278be530f33ec9c201b8af798c0b,main_screen
f5db1e6ce6cdf989b319438973fc8d3b,chat
a91f224096978958965758e5f13d64de,main_screen
1ff4f265c170a42bbd09d1d3e0916306,main_screen
58806a75ee51cb65079967d0bc7fc33d,main_screen
aaa21cb1ed9908745da15e1fcf9430a0,credit_info
81fc39a19bea7b570ab664465c5fab25,credit_info
5f30ce17f0b33d8e10696d894d16868d,main_screen
33151e14f7a3b80cca075603c0ba478a,own_transfer
4414fb5a135829c58d3ffdd1f204db0a,credit_info
75791192cdca58574610781cb990bdf2,main_screen
01927e730948428cc38375b03849b810,card2card_transfer
64215842e551ddc3eca956d4365f029b,card2card_transfer
249886ce333fa05788738928c2272b82,card_recharge
a1d9a9f8252bf30fe3027913563a0a33,main_screen
2b7ff37e0b6660519b3b773e203f9f46,card_recharge
bec713821451bc8564a95e5317ad2dd5,mobile_recharge
bb3a00d091d143230d573906cf6be19a,mobile_recharge
5047821b92446afdb283597330149db2,main_screen
5e4d24329693a75d997cc2dc759326cd,main_screen
53e1431bcd267a0a56ec069146f033a7,main_screen
37236a60d36bca274c42f59d11b39460,statement
44939b0d1c752b2b8eb293e2aa8c8f7d,credit_info
e327670635cce9fab43c4f4bab4d0606,own_transfer
44034237c16d1e399ff371cf210a2cab,main_screen
701a92ea46c3f05acac4401cd0501743,credit_info
3ac4cef0fba72a4bdf6f655c70d20cd2,card_recharge
64231a322171e9488d0c8f05e4040b9d,main_screen
79e00b4827042fe7ff4d85de48308445,own_transfer
d58c0af1c27f2f18753f4b9129902087,main_screen
939bea754a2044cf306c13e9f69cc221,statement
2aa02f3c090f71af8f5a5a8671793a17,main_screen
139d1b9ce5b6529017fd6ec77924b211,statement
432cfa483ff537204117db8111c0c8e1,main_screen
90d9dfba180688f9e656c25d7e35e2e9,statement
9378ced8d1cde195a52c68089a41af73,main_screen
ec217368a83899fce6e93d7f3f3fa737,main_screen
d4d31e145518afc607df00bef05e94bf,credit_info
bd33e515d3389d013522ea61640eda56,main_screen
f442c2395986b37fe038315aa88e2191,credit_info
a2cc8fc5d5dffd9aa9d99478ba918128,mobile_recharge
f10008277b7fb335428ebae0892b8cd3,statement
b74b1139e42535eac23f29f1360a94b1,main_screen
618ed1b56db14413320f473cf52df048,main_screen
1186e9866dceae58eaff51a49acbaed3,invest
023e474fc8e8a37bae9a4fe4823ea836,mobile_recharge
6836a915cc800f97ad112533ef4ee028,statement
ea5c102a2e3709c30d720809fd411146,chat
77c896a3bc125322c9b0f11f9a0e8442,statement
d9008acf8a560515db619b5b249b5e26,credit_info
f780d28ff41b915aef6599f77208321d,main_screen
06c15ceeb0b7dd471b859dd61959adc5,own_transfer
6736b0e5ff793548e999d3ea7f623656,statement
d1d8986506c29d8c0bcbc03a98c097e2,phone_money_transfer
fff8ec1dfcb2287eea3be8010177dbeb,main_screen
0f964fb75d6e0450a915756c022038df,credit_info
db330cfde19095333686d7ee44532c98,main_screen
1961eacb64f1e9554b52eddabeef164f,main_screen
5bb6005c37b050e4097072c427d6029e,main_screen
ca24edb2bce7ad85e5b304616451bdf5,statement
5a06777cab6e046dc96a68306362d32f,invest
6af5740ca51fcfdf18490b540205d544,statement
447c1c1b538826758bfe6aad548ec4c5,main_screen
3d9bdee3974900207471a9687c71eaec,credit_info
7a03e66935c4a2b1b3c816679474b0c6,statement
30b9b47bd6529339b5824229c14cbaac,card_recharge
a5e8eefdf0a87014f59d632c31a71323,credit_info
33c66c54f46927c71db105f28ffff435,main_screen
0bc7e6fd55f678f5440ef7819448248d,phone_money_transfer
d657035f0dea3504fa5cf773e108884d,main_screen
6170bb58e68a735435d8ece1bb12cfc5,own_transfer
c4a9ccc0c1d604c5250488e5bba87cdc,statement
7cf8b3bb288b8a0899c2424212ca3ad1,main_screen
b03a01b1aad13f36ac41d85794e69983,credit_info
3460c117546997d88cda9126247b80a1,phone_money_transfer
97a158083ef31670f8fa9ba6440d45f0,credit_info
d7a4a008ffd8a91de4c375f00823abc5,invest
480b97ed2a2c83a8a41ec4291eeceacb,statement
d9c159c204c85c91569834df7e0daa9c,main_screen
d99e4e3c1915357e88b4fb39fe2fa68f,main_screen
aadbdb22a2ba44f0f3ab31119192066e,main_screen
c02c30f76e41ff59d3c72a6b6843df5b,statement
5456e5bc4d20d921a3a758b4c9277f02,main_screen
066214e9a685d7ae2caa98aabd5c8e69,statement
10e49da9dabdeafd0902411beb5ae9cf,credit_info
e18e73cb8f5fee4d4e256769be5c5468,phone_money_transfer
d9471cb4607cf8411cdac83cace0cda8,main_screen
b79d1209a8cf7f7ac5f4e8a8d7fa7091,main_screen
cbbf1474495010caa35795b848786769,main_screen
36fc3e5c7b90691088f1c67bcf3cc921,statement
47f0c8a424ed8a1a3df36470f9fe19b0,phone_money_transfer
0fef0bee3843a67a2b42dece16183c0d,card2card_transfer
66b039501400cf5131ef12ef49725023,credit_info
8b8f7699cb7afbe8df78397a46496167,statement
cb4dc3ce33ebb09ea367ec47b36ca329,main_screen
5489f2ce45b4f58862b7e2cebdfc004f,main_screen
682608696f26dab9829d12814c9445bc,main_screen
4d23019f49c653a0348e2d32abf1b024,credit_info
ca876b149a9f3b5ef483bdb310a3d6e6,main_screen
45de033d6bd3864aeac6076e33d280a8,statement
aec02b78c43af2767bebfe13d5827c76,main_screen
f776550fa63ff201ad68d610899fc87a,main_screen
c36b0cb2ba4d7100ccabdbdff3211788,main_screen
a1c4c65f441ec2087f263b023029d213,main_screen
4364606201c2050ed4edc5bf2a96f41a,main_screen
8238eed311af134c1774e13437322235,chat
e3346fbfec540a7e8a7684772b69f7b2,credit_info
ac4beb815fe14382b0e8b7ba06521a5d,credit_info
6d3ca50580bce42be0fa5028adaed830,main_screen
017db8517a937db59d482b8615e15d66,mobile_recharge
87e15b78ffc2aa1fc46b5853e852cabf,main_screen
37a828530c41d5572c1294acbc6ed5a0,main_screen
c27466f2c966924a61342b6fff638014,credit_info
4308a089a6a524395e3013439037f939,main_screen
b96a9360cb44daa3f7b048c3a214b967,mobile_recharge
8af008f634184c547568dd434f86f098,card_recharge
c3a4ebc0e5733b9a514659408e398789,card2card_transfer
4f2d3710b023f351ca951b80409daec9,main_screen
2c1534e4670e67792f743cda635854cd,card_recharge
835caa99b5a435e7d4348bc1b1175999,card_recharge
45d10c381096ea273c2da187684d778e,statement
9aaf629d1ebaca18deec4e20169f47a4,own_transfer
ee7c8014ff4edeca069e55cc5a4c5a74,statement
49944bc428b1423dd5ef8f445aae2f3a,chat
cfccb23102e657c42007ec01ef66b0e8,main_screen
eb095a61b746e0eb5212a49575c71ccb,card_recharge
788a57381cfd0fa16c6c4ed4a0be924e,credit_info
ec7c07fd2e24803c8a3fe53a8680aec9,statement
9bb29b69193704ad1224a2fb092bbb63,statement
c00f97f5f544becb2036db7703b17638,credit_info
8674f68fd72085a9c25bcc7ded357793,statement
3317866ead0d2e86c0a2d8f592d2e626,chat
802c01f7ed59f16fabef9153b9157791,main_screen
6df450c1d028a041e03f6ed490b0b5b2,statement
6e82f745e1d89514fe3d1155e77a8b8e,phone_money_transfer
c1ff4b442c55d609dc7fe8c5d7a4640f,main_screen
a4407aa6b001db873daed362c3e17cb1,main_screen
ae04342ab7f60db3a7399e9e5e64173e,main_screen
56fc989bea7aed461db0178eb809b505,main_screen
fa4410ec0c165faf2b0dd0a04ccbd127,main_screen
3b80d55500ccfa73df70c052c59f0142,card_recharge
72b6a566423ebe22c75a78f53ea826fb,credit_info
b4074dc2a8fe34c5e4293e02c6aa88b2,own_transfer
ca0b86ce68d3be2c4ee1f0c4ae7a35bc,phone_money_transfer
48dd8160c701769286ba2ea667866ba4,statement
3d5170712339d3e443567f2230c16354,statement
55f2f439ebda5b5085948c736ae0b879,main_screen
b7b4150438e0efef019969ec60583192,statement
0464f8d5d40556662a6e34d2e2ae8a2c,main_screen
06fe8c6b3a41bcbffab82eefb38a8e81,main_screen
629486e94bb1ae4af62d521cc7c213df,main_screen
52523d02633e26b760131b03f1643792,mobile_recharge
b1fd8ae4af6598c174181b2528475800,main_screen
cfe8b306ee03e098dcc7ff61408457f3,card2card_transfer
cb659761e2ae11cc35a469277c9ca201,statement
8c44f93952aebd47d6c8fd14eb92de1d,invest
59e0fd1f609f89f5bd16588ba49bec78,main_screen
7fdbe16fe52fc3b0b013e7b1eeec579f,main_screen
a2a4791de35f73002dc896718e995281,main_screen
8ff87fe48ce34b38f2400e47a9c52ace,main_screen
ddeafc9301c1b425821af7a0b6ccf5f5,card_recharge
fbc08e05cd1b721d99c2a36c1d46beb1,statement
fa357fbc64f226a23e9a3568728a4d7f,credit_info
1abc8409facdb19f86eb98abd747131b,main_screen
32bba1c84a9561ff5a9feeddb74edf80,mobile_recharge
1602a1ed4a94b0592ee0a4cc83160af0,credit_info
773eb044d530961f7c24f300c171c6ec,main_screen
8cd92ae8110bb520811a6f1b4115e6fe,phone_money_transfer
a9f663937bb6c474615c03ac7a1303f5,main_screen
d79a2cd949e99471a092985bee1d96e1,main_screen
0234be4dcf0d59e64a43052bd13d9ad5,card2card_transfer
97d4c13ddfa189deccca581e75164d39,main_screen
6c880357984187e49ceac56bd55e2d03,main_screen
c47a167a091cc8b1da48bd4f8cc4147a,main_screen
d15446126ede1c34b0f00b99b0f49bd2,main_screen
1f786ee035af97ea58fc86f66555ee80,main_screen
603fc85ff8ec5945b5c41b7638e7d45b,statement
9056141de1d2b420941623617f15155a,main_screen
09b0b0a63a1bf4dadf225454dde825ae,main_screen
907844571e03ec431ce1ea24b87d2f62,chat
0292da0aa93c946457bc29b29e038d8a,main_screen
163fd9bb9da5e12cb329516f2163bf46,main_screen
d6559cf2e0786e4f6e6c3186a96a5b07,credit_info
46ffef01c54443f40d40b11bd3168d38,credit_info
91c1f75b942de5e9a2857339686b6608,main_screen
8314e17d751c7ea823818ec7156e09e2,mobile_recharge
51f53d7c48f2cca5341a13c6d44156e5,main_screen
eadfa2f96b2c82e71da8e0cf315eddd6,main_screen
a673835c0488cec33ba3d64b7572f9ae,credit_info
520da4c32489a5e6556283bf89186179,credit_info
e4d02dff3adadf3234ab55598d129c9f,statement
81538376a5abd954d60b21ffcb2708c4,card_recharge
198d9fa2fe539609f7d04e4da14e8c90,credit_info
d7522da735d1371747aef1936ef0dffe,statement
c33ac4aa7a80bf76ba3c56102153225f,main_screen
306ba0d1f3df8b48ef5af98479d411ea,main_screen
3abda8f069b57b582d666465ff091496,main_screen
863610dc02fc7295647b237653aa3abb,main_screen
088a86dee7cdd4fea74228b351b7bf88,main_screen
2cfd1ebf8452ae4b0b0a450e3cee3bbe,main_screen
c8bc359421abcc4076a9f3639c0e43e7,invest
80cf7372b0efe42ce674e9c18077b68a,phone_money_transfer
0593fac6a43c9ebbc67caa49f6d2ea39,main_screen
111447d814b92cc19e631faad8c080a4,own_transfer
3309c2f609aec5bf1095fda69324842b,main_screen
24e22c223c52b2bfe282755c2730e249,main_screen
d35ea382322f2382f6b34c28b01f964c,credit_info
fbdacec3f2335a213b8b14773b61dc43,card2card_transfer
fa79e8ec362f27e6341609eae3621d3a,credit_info
8651b96097658916d21dde853c282950,main_screen
8bfc069f73abb86ac7c3270714df2e71,statement
4e501e66d6660f93b53f11e7b9002707,mobile_recharge
f892cfc891c3b80ecf5f2a9b5994553b,main_screen
c764caeeedf74bbc136a11f24b645ab8,main_screen
1c6e5a22f4f80dbb44d4a156f33debe7,main_screen
d51bfd12659c460dcce06e920ae3449d,own_transfer
281679e1e32862961ae03a56657e98e7,main_screen
a6421193eda0647e29fae6b29e63612f,credit_info
739f8f438a9950dd89825dac09e1975e,statement
7344afe9fdc54bcac24ef9fb0d2ea90c,phone_money_transfer
5620c2110d415b523920e34890b09397,credit_info
26a3caae9702dfe3be1eb3c3ab68beb7,statement
2a52c8ac4142c4d565b302d4e817fcbc,credit_info
6603ff54245ef4f064ea2dbb89ab6265,statement
6bf95900da3dfd556dfdbad39e393704,credit_info
2e182145c52cd5a2ab8b5cb0154229a4,main_screen
404cb1e6eff151afb27994cf38e3dbf6,statement
d41d684e027a95ec2f1f789fd2acabcc,credit_info
57b020913f8fe6f16ddf4d64dd40c209,chat
bd996072b137f4e78d3b0a8442a551f7,phone_money_transfer
881ac2d8510be25dc1187c7ce7d4f93a,main_screen
a80229e2a553f19ff1c23783ec105890,main_screen
7d26490932a0b34292c998fbc58336e8,main_screen
65834e90fce7668acc51ab5e6a132845,statement
6f7b468dfeaac668620f1bd52a5a1cc0,main_screen
74705ddf79a8618ba2adb75b87861580,main_screen
06960b2da11eeb50ce8c80d6d7e2ce11,main_screen
8694c0be4edcbfa1656632361006169c,statement
12c8551662e6e53004cf86abc3ee8069,chat
0208c1edee715975e7cfe5ec1cd0d1ec,credit_info
e4af3fa57bb3b34fe07ae5ba034a7e31,main_screen
663db162b637cb21322f2738e30daa1a,card2card_transfer
48167a574dd90c1dcc7228728a19369f,main_screen
44703e6e5c5252a9fb561398d21a68c6,main_screen
d7c01ddfed778a4025519bccdfe4d701,mobile_recharge
ce28c96af7e5a0f883e55f5077b2b206,card2card_transfer
5a6e812bb406cdfabe5678dcacfcf7f5,main_screen
f5911a8cfff9bf3616385b85d3bc1f48,main_screen
1159bb42b3ace5f0ae4f509d6c7c9b65,mobile_recharge
f9fdf0b076d95d9604692f9f75b9aad4,own_transfer
3581944f47ec200e7e4d55fcec94d203,credit_info
87e7a521d795690dc5fc809f4d60df3a,own_transfer
3247db72944dade27ab91d2f823d2a0b,statement
807c40bce61b958a002697ce020de5b1,statement
9a07c5bef5be7dbce9591384dd91c0cb,main_screen
1ec000813ddd636bf25184ce0b437164,own_transfer
2393aaa3f415746c61d345fdb239a7ca,chat
568c042b15d785b6a005d73e0b7f7506,statement
cb9f03a25fdfd8c44434249567291960,main_screen
3f56efe2120f65cb7904b25f12912726,main_screen
35d7ee8e12294e4cd33ca492425bb8b7,main_screen
be62a5781a1afc9761daa78f7a25a2bf,credit_info
6134adf165ea03b05646c78cb71918aa,statement
ecb8a92ca272156d59d0e2307fff2bfb,statement
f77683dd1081f7e258fc982276bf4d4a,main_screen
b3e5523dcd54f1fd60a33a41ef57861b,chat
def0487a7e980ed8d42a562ac9ee81b7,main_screen
51ab6a125df3d27fdc21687d6ad0f217,main_screen
8960501b0775b0559b1cfeb4ac0b6755,statement
d59f0d7b6617a9b9377db945d8bd5356,main_screen
dad09ba53480d6fb8b1c4ae30fc98281,mobile_recharge
023c83c1ce37c35b302440272dd5f172,main_screen
da853dbf736433deb6825bd1d25e41df,statement
03580a3896e75ed2d12047b62d40df02,mobile_recharge
176cccb500e0382100d52fdf3a5cebb9,chat
7775c65ae0dd7367549b8d9425c56711,main_screen
546eb6634cf9e17999125f15e9a15f0c,mobile_recharge
42376d44ff4dd027001c32d7a245541f,main_screen
2ee7d4e9e9ec40adb97ac067650977b9,main_screen
e8411879de25468c8023bd29deb2979c,mobile_recharge
1f6f4808d0d6d895ffdf22ddde5210f2,credit_info
bad1f430882fd062f5df0f5cda5795a8,statement
ecce49d225466a1b093e9ac2faa9c94c,main_screen
be60c9bab5378c12f16f5233b5972618,statement
89dd5f2a38e05dee89db9a59f321aca4,credit_info
76cfab4c3082ad76958057f635cc1487,main_screen
a313d7e579b54b28ec73a8bdad8b169e,phone_money_transfer
38f9d418395b78b81812e44c9dd4c4e3,main_screen
b23cfd7d68318cffd67b24f5b17997a5,statement
377a1045e4ea8f46a6229473b617cf33,main_screen
4922c7217563c8c86b097c5a1a0a7a1d,own_transfer
a8ace454090ee1f2003c682d398ae0a2,main_screen
22c726cd817f4f5a625cd51d70b11c34,main_screen
a0b8fe2996778d944906039537b45b27,credit_info
bdadea79b769fb063f17df196c318019,statement
efe2dd050cb84bfdba7beb2e66d99732,statement
6a24058cd303c9d60a2ee3b600d90213,statement
1676a02047af9834c4e87d503d366122,main_screen
a45c49efdc1789a28f02847d71b55965,main_screen
75b853aac3d27d2949892a282d4bfbe5,main_screen
339f3abff5e46eaceb7b2df14484a50a,main_screen
2abaece524a202e8cd0f8a68f6a18d7d,main_screen
75f302dfef9b20410d5f53b3a203c723,statement
5a81a3cefe437c74f59eca0d3c38d972,statement
227abfe1dad4abc74760aee610038bd5,statement
76f5fd01e70232fd31eadf3676200be3,main_screen
cc7f5d74ad3ad83e9d4d6d436eb740b8,main_screen
cd61b8cc466a502a280cd031d6920b6b,main_screen
3353d64abb8e2bcde6ee461ce49ff50a,main_screen
512cca32df5edeef65b46c978ace5d24,main_screen
7d6e2972309dfed08b18e7353f07aa49,main_screen
bf864e9ed1b1a61ab55e62a6f36d0242,credit_info
e6ccec3e02b36acb88281ccf713ba87e,credit_info
fae4558cff4157aba3d1729d028823c3,main_screen
6c13f31ba426d96124a580bf646fc898,main_screen
da05d352e9a1ef8a2e96392ba13071ed,main_screen
9635110d63eb24af79fa18ae216e581e,credit_info
19f7d6174b40faae962ae1b8002c77a5,main_screen
c1b0efcb0622024e24f671b860cf6dfc,statement
c2d67a16018e24f5651aa968f5514769,main_screen
c2cd9220e2e3ab74ca3d66b9944b1d89,credit_info
5247fedf691fd980f7676d7f5b739353,main_screen
f925750c2b5c36832278717e831151a0,main_screen
7e2eca9153cd7233ad15a496a75bab72,statement
a66ff4a81eae4ed7075491ff3c4edf04,main_screen
b33dd1ffdf6d659573e5d4d83aba425d,statement
ef0e75927d59cba657020528a351c1aa,main_screen
7ae74addfac9e92e2da73ce4e2e8b32c,credit_info
cc4e083e1dc6f7470b1318907f63fd06,credit_info
1ad67ce0bff1748195d976e563716e7c,card2card_transfer
d520f42c48f690bdd08af88f99b0f897,credit_info
3fb540f53c5a38972a8895a9022060c4,main_screen
376d8e38e3f00c51d0c0af09e83a0dea,main_screen
579dca6a0cda65fc7fa555e9a959dde5,card_recharge
b1fce554bf65d5fbdff2f888bf2d5d0a,statement
e8d89eadd1502381c6a565e23484cec1,main_screen
5c70ee0cbdc4940a37bd99d278cbece2,main_screen
26fe6ad0cd0b1b7fff906b08358d2cd4,main_screen
f9c7de1e73806fc8e7398e2910d6c10c,own_transfer
576a1450145532e3b8f6e75739fc1ba0,card_recharge
28a7c5b2bcbc7bfd136f71b5d00ff5b4,main_screen
a371046ca3382d4a8f1b2572167def3b,credit_info
be04149d76fa103511e7b3b17cb02599,main_screen
6d385b5eb877764abb5f0f9da467e972,statement
d05703456412fec740cafdfecd07a18a,credit_info
74d7a6c76a8cb6467eea75684d20740c,credit_info
36d6f60570799b3fa456576fc970e6c3,main_screen
84858467c125d12572a05a887bbf3651,card_recharge
6a0aad2470b14e92f2567d21e76d447d,credit_info
265823d752169d54fb907659d8538ebd,mobile_recharge
4be0228db2438803de5af642cb56da91,card_recharge
947117a19f1f6dbccb0d081c74f40444,main_screen
40cdf657b10cc19c425e7dc3b9081e18,main_screen
82bc85af647707934891832ef0f11c2f,credit_info
daa10b9598989b76361f43700533b2cc,main_screen
c2e0e4d44e6c4b188057b114e88ec5d1,own_transfer
9d166b9a3e0852df079229f4c4460f1d,main_screen
2b1b456eef18afb10f0d08677c19c500,credit_info
f2538a0718ebb8d70573d81d9abb897a,main_screen
e6dc510e9f767367cc1b9b61483e72d2,card_recharge
b15b276ef789420d08739abee0a6dcd2,main_screen
5eb54d672ab76f3884f17d2570635c94,card2card_transfer
1df2b26135d8ae8445154a992552ae13,main_screen
855404c2f75a871922d009ac06deca9c,main_screen
170602ff20d7735525466ac5e50ab7b3,main_screen
315e7642b35a700a7427f652a0f9acdb,credit_info
05579595d32711406a67d4c6bdbfd11e,card_recharge
daf34120a0caa967a541616ed9d47946,main_screen
eab4bf0c5cbe9b2a903500ed81cd70dd,credit_info
2357845fb77f1f9c04b31148071c722e,mobile_recharge
8f62666319da63ba895e484cb8e9c5e9,main_screen
da85792ef7a6e25903b69e5faf5acb45,main_screen
feaf853a966f4f27be42227fa11d9077,card2card_transfer
2e2439569959ada6aa609411c6b351dd,main_screen
773d49f366eff5997dc6d14b21c88d92,card_recharge
3c4491445918290e471dcd27c8985e2a,statement
f1cac6b87cf31f6310c3fcc867d66c00,main_screen
b9d7f11760b85d4d522d75285bea4db1,credit_info
42ebc0d0a30eacf1a0bea1f10dea15bf,main_screen
6c1c910ee396794f448f9682c2e72de2,main_screen
8d60e2e17542a94ed5e8bde2a71118ff,main_screen
0a6892fca244a63e48a5be3770ac0e33,credit_info
71e1b89f01eeaae885dcf5006b036ae5,main_screen
d4a271348fe0a1780e4cf378281248fd,main_screen
864a3b758ca35846589ee6913a572ade,main_screen
e7b5a33bbdb2d38caff06de654ed4479,main_screen
312e751b492c5df103e3d07dc82bcc59,main_screen
eb4c7740f1c0cef84945311bb0149aee,statement
cd07a4104edd51546a3239427563d6e9,statement
aa032e1356c116de7c451d87ad9bf06a,main_screen
1c2767f2cccd443e6635e02ce2468fac,main_screen
153e90c8a85abc84f0cfae1198ce3006,credit_info
a81847cd89c103c82c337749d26d7888,main_screen
16b9a0c71e0f5b0810f3949717641b8c,credit_info
042cc29f335938f5fdc1c4a2dafa4331,statement
6ebb67196a28277bd10cd8130aefc64f,statement
e3f375af16ac21c807d29b5ee4095430,own_transfer
7ef08cbc6569abcc8ffc5033cae5c826,main_screen
3fb20580af4b2cb76b6b7feae3d84b6e,main_screen
e2414303eb4e1cbc203be0efca714dc1,main_screen
d7a0b9ffdc9e108f82efbd11a2714bc8,main_screen
626dcbf07e86f7716198c7bbfe64f2e4,card2card_transfer
4d4848000053d19589b4a25d76e7ab42,statement
8bd15a7cfb83c729c5baa83d413bcfc8,credit_info
26c884128a69410f31877b661dd953bb,main_screen
dd0432595589591258b6d94a072ecf48,main_screen
808f2f2ffbf80d65cbcfd99715cd26cd,main_screen
142cc736aa0936ac1016b8fcdea6fa6b,main_screen
a57dd0f96793de2a9926c16ba159a850,credit_info
89b9caf1b01e4ec70e48e93379ad3183,credit_info
d788796b019c568472a05f8768063c7f,statement
282faad9a1aaf0eaccfc7837f1e697fd,card_recharge
99407cfe629fea9d4cce2cab66c71481,main_screen
bff8473235698df5079d31d518c539d8,main_screen
f701b3f7582e7d5b16a02afd7045a508,main_screen
e8578d239ab225bb073ad6152301f1e6,credit_info
21d3bdaf6f92ad3e0cd243756fab9271,main_screen
36084275639e625ca257ea4401b4f9e5,main_screen
e9f79eeb3778f413905ac7418ae1a255,main_screen
a067605a1f005b76fefe5ff735e003b6,own_transfer
cd94c37c7ad79acaf67545f4d1562e61,credit_info
2cd9bec2590081f06ffb57612fbea040,chat
9abf7bcd6afe5c6c181863b7eeff63bf,chat
b49eb5c625a6c93c9d21ea7a034707b9,main_screen
bf71eeb8356d6a3d035d65b6f819c96e,card2card_transfer
dfb7088020a2793327cf569565d0551a,main_screen
45ab42681124c4a7f8a3bbc3b21018ac,main_screen
d028e4d5785be451ff94e3ec6f9bc2c2,main_screen
91a1be016a72a124e34bd1e25fb61f10,credit_info
d95e30302226d787dd8c88f14db66579,invest
6a37be702d3961f24ea108d210d8ea74,card_recharge
000ddf296bcb179ea2634df00b412d20,statement
ec03c276fdb630ec93d7bd37c1acc0ba,credit_info
7050566fec77777c6b2eca5077dd1057,main_screen
c1f075cba5acf48fe8ab1caf09fd2901,main_screen
26f099449cc550bfe9130a6c6c49471c,main_screen
9e29afadc37ad4e690ed56b057f94e9b,credit_info
70ebb8e0b6e536fa63f462398b74b6bd,own_transfer
c20ccac65c94b56237e0f5a85c47dea6,main_screen
31f95255ccfb4dfc33355587b9b3e7da,phone_money_transfer
511ad5aa533157c0564f1519fa2efc34,statement
5af928d51d59f1adb4c8379e241f876f,phone_money_transfer
b15bd9b482a0c0642bf02426dc49a2fa,phone_money_transfer
3f75c2fb67655e0c186040522110152d,main_screen
9e6cfb598bfdc2a20077ca62f069b790,phone_money_transfer
22f369a16c721e3b04954b61972d80d4,statement
db5b7e699eae587baf3bfec6312ef83f,credit_info
f5e67ea17984aabf319d54c365826936,own_transfer
102028ba59c5f1bd9f861c5dcdfc0539,own_transfer
7d776a29ecc1e13db73d77d8db3f2b4a,chat
1cce83efa0d557013eed28cdb3765afd,main_screen
6afd03839a6e3df535d47975da94993b,card2card_transfer
6ff76359a3107ca2d05c7b41a6c56c22,main_screen
28def3aae3e393886386e80a7a64da6e,card_recharge
afeafb5ac5ef4cfeaffde00bb2c05964,chat
9987badb7135c97d379ce12f83b4e3f9,main_screen
2c7c74fbeb245582edce3530a62f878e,statement
d4734b52d19f35f5d7fcaa51a2aa2958,credit_info
01b82f3bec7863064bd308239e96872d,own_transfer
23f7b26f9009c36764f93d544cbfbb97,main_screen
bfbef42145fec022a1bc48dc211c410b,main_screen
30e138ce51cb2edfd4f7dcf39a08f9da,statement
e2ac1effa43198b3f77dad8045772601,main_screen
6e093d78e8cf25b9ea5540384a4d689f,main_screen
80401015b7a660aa85453e8049336091,statement
234b51586fa493183bbb63303f87936b,main_screen
cb2c02991b26dea63befd01d6aec1026,statement
60f9b2f9dd54b635cb15588c92d0e0c9,main_screen
86f415c4387b1b29e83bfd020f046f8f,mobile_recharge
bbc46358625f26a1fb7ec72ba7516196,statement
9435633f4643551b31c97d554fc765f6,invest
2d1c1dcddd5f9b88f04a7b88e899debd,main_screen
0e5b7c9d53bfedfe86d9030985b996a3,credit_info
480d7000c1083bad594d3752afbf3b3c,main_screen
40d9983bb70a009c8043242c4daf294b,credit_info
ef838a2f30a803df3eb1e042639af429,main_screen
82c59fc2f95c5c4a8c86cbe35ce0a877,main_screen
da33d3b9c1a35bc21b0cfc1284c47c9e,main_screen
795f3751db97244f9d554fad6d79996a,credit_info
b39f4f4ce8e45d9099eb1720f9673a62,main_screen
0eeac1c6bc64e531e6934957dd5c55da,main_screen
9646fca905f3c9b2b03d095987b48a76,credit_info
449c3ecb609ed89399aad8f6329dba45,main_screen
81aa13f8a0998515d066f31f82316694,main_screen
d010e735191c3a27571534f6f7ecbda9,main_screen
ec04978acfde08f5adc745f81add6228,main_screen
9884a638e3365a42260d059c5ff3ea12,invest
ffb21fde71170f4bb9372bfe26e5c602,main_screen
be43732d7e19756ca749011fda52f103,card_recharge
b9f750c873dd3bd9724c36a484e2f58c,main_screen
54246f7870f6452d64fb7ee342154acc,chat
8ec31291c1a104b8d49875ff9a47eea5,credit_info
d796b3bd0761368c5068cb0766b82366,main_screen
4c66fc51dc2398a33d1cffa7736503c4,main_screen
dd2f1bda8acd4e215aa89961a29b6b16,own_transfer
8442c891ced2d434be0c2698e1928b3b,main_screen
71b9d0afb289170c0c78f9ee61f3791d,main_screen
470a150b402a66d55bb2f5d10db0b28e,statement
b43d4d5c25c25bcf205dd2c23a0e9f2c,main_screen
8e251eb79001c993544de52322cf6916,main_screen
b830108b4daebb5e925fa02f46887f1f,main_screen
35e522b6ee7c2a4410cb34026fa205cd,credit_info
29934b159d583660e2d7ca9f462f82e3,mobile_recharge
6c15dfc8712570f0fa3c73f48c7bc9c1,main_screen
88d173b0fc0569c7e0b8181f1b91720f,main_screen
e06e8536ef4f15e0f8a65404d59a2296,main_screen
573339f57a66143c1d8b4f7131113276,card_recharge
6257139f44c21675374fc983043a771a,statement
07d92d2dc07cad36bb0d011bd4c5a93e,statement
f333332fb572ac500ee099e11b60cfb4,main_screen
96886d3b46df11395356620cf730d88f,chat
45efc34545dc546d2d4d470bfad13cf9,credit_info
36b88f3386f5ef43c73f1a487ef7307a,credit_info
de82c0840a3728ab1d5f77b6f485bd78,credit_info
c3f3a21f8b6f5131380b20f36f904a99,main_screen
c962a9ae299868f1b6444571e88229e4,main_screen
902c0b6f538f0775d075d1900b554eff,main_screen
380a80e6389c13f3e0e2df2fabd9c209,main_screen
41e303e538b5d3328774951cbbce5428,credit_info
2c6e3b00de644ce351cc7cbdf9c6ef0f,main_screen
512d9fb0f90ffa3a25fb0a6a4e8a9672,mobile_recharge
4c184a87df75e62749408d0ecd35c44f,main_screen
62cb5035192dece91a05bcc85262f3c3,card_recharge
5df4c0d5dedebe24dadde1fc94bf3c1a,main_screen
bb4940f853c1ea47f923697d664a501b,card2card_transfer
6be101be5ff111981ba47a2383e04c19,credit_info
7adc2b80be39b5759fc6b03efb46d57d,main_screen
1e51eecc92c80e388d401338555bb455,chat
c82c8a44402766773bdb552b6583202e,main_screen
92417d328b711d36b9598eb3909cdbb4,main_screen
de9ebdc42900a7fd78ccc24407a7e401,credit_info
2433c6b88a9770864bd6399b48be91fe,credit_info
93d6d6479b6f78b856e2b00cd7281cb6,credit_info
13d8630e5e3ce6a414e6cfe4f0d9b44a,credit_info
15a7ad46e8f05d4ba89531ca3cc6e1eb,statement
25be1e2b33db2b90f8ad920411f85c95,own_transfer
6f71f7379396cbed10f9a4daf3e3e047,main_screen
c60bac74e8389ff3ed173a09ec6ac1d7,credit_info
623e17bdaa92e1bf80e650c98832cd5c,statement
5fb3e2ddec43df86a4703d858d08c1ca,main_screen
6138d7aedbf34d574c9d5fc5c09136dc,statement
a0fdb2a620daceca74c073b2e5696332,main_screen
7cdb3d97218796b31f9ff9397875129f,main_screen
23fef55de4a4873711a6c7b0fdbfae32,main_screen
f26d5d56840f8c0476be6b333d4822ac,statement
a219aa607c0684554477d0f4dd91a3dc,statement
bfb046e1564e5b3c21fe906f677e4609,main_screen
c6aed30243f3102577a361702c8c9a9f,main_screen
d2c3d2008b725d73829b8717a8f2eb7a,credit_info
5f2e98ca562c6d81f4063a0ab3ced71f,statement
7d571e5bd694400d0989d92d2b925ebc,main_screen
994c02a8192affe70cdef93fa33d3b2a,main_screen
e77391c7c00551482a5da92639b59fe9,main_screen
8f142351f08e75c3f2b08ec87a0edfb9,main_screen
ae78746af1d0173d8cab019d71474077,statement
0b7b9b925d04c1ec795b88e8ab5a12e2,main_screen
89813af97be9c889d0767dbf99fbbb59,credit_info
976709afe5f62ea1bf02d6a61f77e50b,invest
ec9ce553dd90737655fbd099e5066db1,main_screen
cfaa3f1b01a177a22c16903ac916d8d1,main_screen
93bdb2a2411962489397fc85d30b7068,main_screen
bd7e5c536f50fb24858655b66b1d9f50,main_screen
baded6659d155ce5d3ee03061ca9348b,credit_info
6a69a83a1937c296a395c77bd0737b95,credit_info
836decb3674ca389f61db9286f43614b,own_transfer
7f82e274bc45c146adfe2dae7505360c,own_transfer
1d51ea1c500b2381ace93753daf12d7c,own_transfer
6f77a4a830129cd9ff33c486aa843cb5,main_screen
1832284b191854e7d9014cdac543ae44,card_recharge
681cf0451ea593a7a29f3d50d83c4eb3,main_screen
facd74ba8b8877cb71d3f972ad3dbbe6,main_screen
02a49b2986902f66967b22f498111a92,statement
1c76a2eb78b9e1d01a8ec7b750a25608,main_screen
689471582f15fb5c1acd1b40dd890776,main_screen
092445b8fe88d05d5bebf507ab879ff7,main_screen
8c1a8a59fbdf06b2b5f71dabc8520e95,card2card_transfer
3f994f27c12eb6fe514f50fa59d5395f,phone_money_transfer
5b7b764b5c7c3a032e8f9e5b678a0a9f,statement
b53bc427a69ff2aae1113e5a08b1b65c,main_screen
8914afb67de31b4656485a9787035724,credit_info
b999e4825c848d4e79ce37afd7b829c7,main_screen
9ec3e96314810862002c0b416b473993,own_transfer
c41ecfd6f19667ba708c87f85cbcb34b,chat
7c80061a2f8551b75b355b2d11547e7e,chat
52181b07bdcaeef3b28c95b99793e674,phone_money_transfer
4428119bee02d152071846c3d6e4a5bd,main_screen
5d8b71f9b1748929bb287a0f98c827aa,chat
af15795893117a41e414968fc4baab74,statement
735a5fc87d45f4c42be8ea1e74759b90,phone_money_transfer
b1feae1067766ac9143a9330ae7ca871,main_screen
db4351e8c294184186ff818265cae483,main_screen
15f3f11690a6a14fe7c80abd69e79b3e,main_screen
ea205778d4e40fdb2c73790c972c6086,main_screen
d83ccc01b9abe0d5de0e39cd8d17838e,mobile_recharge
ad83eb996da6f7514f5fb494dd978a72,main_screen
a682269c594ba55f84329241e4797601,main_screen
8ec979db5f28c471745bd7f6eb255370,main_screen
fa17d2740e6892b5a42bdd4a9efbf229,credit_info
95a7f0765787140a228595d863bbd360,own_transfer
00a68e91e320e1ab28c945bdacdc97d5,credit_info
22ee082b62ad4a9b7fd0679bbec3cf75,main_screen
ba1b73fd7278d6b2249c981b98a96c45,own_transfer
3067b20bdee7c8057092059dd02167dc,credit_info
8053b1f3d456974a56e589f0354d5c34,phone_money_transfer
fd3bba71dac4a66e9265de841233d71a,credit_info
17ddef61efdf1f99cedc7d65883e59ff,statement
141d8dd715bd1ce28bd196e891543f93,main_screen
f774bf3a3751d417c61b3d258aac07b1,invest
012c38183409fdd08226cac8499ba961,main_screen
95165d1f84642d30d444103f9f83f1a5,main_screen
b135c21689b15977551fc358e9fce824,card2card_transfer
f9325b585bbe1e9cc75c77a381b8cb2e,main_screen
f8365fbf987aa653d5f63de0819fc195,credit_info
55fd7d0d2613b234df21f49bd50e9271,main_screen
c95b5e408bc5d66d96bafe2f38bb19c2,main_screen
0d8d37e13c28fea3c68dbb2647ee0555,main_screen
876f6f8672859d45d92ade269dbb64b5,statement
7f510b86506876e3ecd642c90aba210c,main_screen
1070030d2f776d9eaec000ab7749864a,statement
96011f1cd928cd444a630db900c984d7,phone_money_transfer
c02550ff825397b1d553f09f3ae53e80,main_screen
3608497d0cc473d11857067ae78e919a,main_screen
7a6425d8ffbb6d87910a14b84da61b7a,main_screen
de8ccd3e38bf4347c937e861f7b5c90e,main_screen
55d507611181ce24d0aff84ccb3f9045,statement
c08c4fbb4bb03dbe7bdbf923d3e32e82,main_screen
9819223513acb10f1726361fdd677c58,chat
d7067997f8d9bd232be386b2410b5f44,phone_money_transfer
658265606d159539ccaf7ca206b1bea1,chat
386af265f58a86f8dde83b78a1a8c664,main_screen
ff4021182e8b835b0378a0d46d2b5024,statement
e87d0c3d87e63e489b59281397d75e3c,statement
80e20cd0285a365f919e0c9d1650b0b4,main_screen
3a4120798e8bc1536fe69161b5a35a7c,main_screen
84a52cfac0d8b9b6a7dd8506ca6768eb,main_screen
6127b1cbfcf5c3e405f466be490b4491,card2card_transfer
d8b0d035dcf6fbc3637819741172943f,main_screen
5365dbc634951254e5e51d85abf489f4,statement
e9bf34dcc050925f36e30550d0a546b6,main_screen
7652cf5011e3d2dca083622b8464b0a4,credit_info
a4315fe820f91a4b02724222f7fd543f,main_screen
c0f17b81b3b229d5bc0856ec3b7f7cc0,main_screen
233a714ef54c69a27055f5cb4e13c765,statement
be294609d216e1844b671b30803b21bc,main_screen
d26096010a41916c008f64b798347081,main_screen
8e689c3284a1f5f9bee8411dc4cef531,main_screen
3a400717b4f03bb60c05769786d1128f,main_screen
b3f8b02507eb596c13b41ae2ec60216d,main_screen
53fb2fdda6bf0805aaa960735d901eb1,main_screen
a054c461a4d1cef56814445aeba358b0,main_screen
f15b65376c5dac8f32a76c240cb6a6eb,phone_money_transfer
44c213c22f6f6fe80cec4d29bad7ec03,credit_info
1610b3235298bfb1fc05eff5cafc094e,phone_money_transfer
8e6540fd63e0b6d71f716d4e68732188,main_screen
38fc7d431d20e62241c48a62a0adf662,main_screen
0e9a11e6b7ca3596cb0eca4bc2f68d1f,card2card_transfer
2277c20813d2345c33015d9804e12d11,main_screen
011c6da5e80467a78f61d679fb1931d3,main_screen
1d4e4a6891b9a2366c4aefd996061d63,main_screen
dfc8bf59df2405c86f2ef06db4a22935,card_recharge
d71103ebdc6cb19e36432bc495029be4,statement
9219d7ba4b2a471eadae7b279db36c3a,statement
e2e3dce4c1cafae4d0571f3e059a4538,main_screen
32ac2a65746dd14b34b60989cce1abf8,credit_info
f1e3c23df2eb0f493f928db02e1e2af3,main_screen
3bbe72b6ad70e095589a318e1a54f18c,mobile_recharge
2db30a9cbab4fc46b9e8f87badb203c6,main_screen
e25652a421b1468eee2851e4a6a25fa5,statement
dc308ea6ca1a286083f29286f5f9812c,statement
9b0c54933c021bd65babb7477e6160ff,main_screen
7db09938930645a6d7238bad057a1382,invest
c8a481f6b17ab26a6b5f43062c1d1da8,credit_info
7c179b49e515ee79e0c0f272b2969ca4,main_screen
cc7132af8c500b72c5de91fcd2b919f6,main_screen
8a70f039626b8b7ba9dbee0bf1d07e81,own_transfer
b0fdec9bec506ae17f148596a76532df,chat
50f012a9fbf051bb891849543eb8ba71,main_screen
c4c0cb99c99d07ca1516b8d15775cb9b,credit_info
fbb739d2a3a2565f3fdbd8cbbddbc674,mobile_recharge
86b1a94e1e67001e0e9b54e440a10d28,card_recharge
3774f6273a64fa0b480d65b49b28af5c,main_screen
f1df86930c994a3e62eb5d78e7fdb568,main_screen
3f5f46c4525340fb8e7280fd4d00a528,main_screen
64e684c90e5487d292b84d7acb52bd5c,main_screen
3dc66ee7bc5e38039f3a058d128a60e1,credit_info
fbd9a31d20c701304bc2f7576f2fd51f,main_screen
1758342fa30556e4271db6fbfc49363a,main_screen
5596f5769366f622e4b8c087aadb4023,phone_money_transfer
ca245593e731cf1efa34db401bc4f8ff,own_transfer
f09dfa10657391af2e16f6a94cad3b84,main_screen
b42361435f916fa3a28c88405c6f2125,credit_info
6e6c4da1d7735f66e1f1f122e96fb0d9,phone_money_transfer
9e9b933165e222ec8220b40fac709220,main_screen
6a8ea374214397fc056cce3026cc4045,invest
9c50d583b3b083244c135b9cadc7d4ed,main_screen
bfdaabcd43b1f73f54a1c7f1d4aba440,main_screen
e2874ef338620aacd26344b94112fbf0,card2card_transfer
3bdc2e096d62df3c84329c1e900e8959,card2card_transfer
ce3e85368a694a7eb2e529afa6984e51,statement
82baa6997457331e52ebd7aa0c376f8b,credit_info
d0258b384644d6a3dba2671b4295d7e1,main_screen
a92b8f23e4553acc889788553af47be1,main_screen
57120f078692f8f416ba4267ef3c2d1a,statement
1f1c0a21eeddfa22fcb1a4a581f958fb,invest
4fcf7fa6ca5f7886485dd14f934777a7,main_screen
9b175a2d0d5efb4c9f63adc48a7d1b97,statement
988932b22fd8341afd6525ca5f7707ce,main_screen
1a68a8c3c996cf122672ac1ff70547f7,chat
26d33f0dfa78115712e9caff09794ffe,own_transfer
5b2ba0001cb3691cb3129fd4db0a2cf0,chat
a6265b98755cf1f4d58858cacec101db,credit_info
dd91dddbab6b128195ad9732bc4dbdaf,own_transfer
f17c22f83e2123e6128726a83ab1dfd4,main_screen
29928aba9d9bbf5e0377ddc6ec6f5294,own_transfer
d9836bf67bcbf091af8df460b43aa82a,main_screen
c0bba88ab68902841c122fa67cc2dfb4,statement
5bc5723e50e95729c7230370d4abf21c,chat
3f21ced941a0510cb4ad06e35672e5c0,main_screen
0620c11390b1e4a5209690494c3a5a24,card_recharge
97093bae874b4c4d3464ef56f80d1bef,main_screen
48c0eef7d20bc02ad8d17628e1bbee54,main_screen
ff8bae03959b35655409f5bd17596ad2,main_screen
ca7dded36456c990552267c76efc58af,card2card_transfer
fb168109bd67603e884297b771db6807,main_screen
949f22628b8f6243789c25f47341082d,main_screen
327611a8132ca70bf3c0a2a6069c3f92,main_screen
70ece6ba802db1a0afd5b072eefe4c81,credit_info
9c0c5bb83ae9628f9aa8eb10b063e0b8,main_screen
f994f9cdf28e8e473544a508080dfb9b,phone_money_transfer
7bb1a6e61dca07d91450704f8a4d7a73,main_screen
9814a0c7192243e55b3240d74c8478cd,main_screen
b2891e9d9c66e9f1f2e4ab5234ca9702,main_screen
c9ac7d5a0440f6606b12e006729cd9b9,main_screen
ddd3b5dde90415f2a0576940fbad900b,statement
56d552cdb5924f5fa33f2710bb80e495,credit_info
dff49bf4e85512f29bca233010c80599,main_screen
009a728e3424c4112d98cfe579afdd58,credit_info
78f1686cd26b1e61d9fb062560971f2a,main_screen
129fdb27553f3e57bd7ea14e63873c17,main_screen
32e2ac13e5af5c0f438f9dd8f2f9360e,main_screen
18509d599eddeac8e01e36550564095b,main_screen
78e7b64d99ebf1a3c9700d1cc7cc0ae7,main_screen
7ea681a28919e48cc23f8a676b533f57,credit_info
f274f0a274dd3f8fb064631c27e72746,statement
6a7aed667ac45bdb064d0bded6a5eb9f,main_screen
933358c037da72d231bc9776ca39cf64,chat
a57ab3a63c4baaa34906a11950b8ee20,statement
7ccf18349068246d3c934a0ec490848e,main_screen
89fd24aee1717b5b04c61a925d375854,main_screen
d5488ea4b0a0b8682248971f421b044a,main_screen
619e41e0f617fd8e3bf5baeb8ffe2d0c,main_screen
b0c6bed00e2b0d4188d930020f428cd0,main_screen
248bfba278277c353e8b5a31fe5cd337,statement
e00a9dd8ee29f24fd81f01239091c230,statement
09854225baeddeff6139e37597ce210c,statement
ce445a460a6b4076e99ee22acdc409b7,main_screen
a3321cfbeaef800bceb793f75413c2df,main_screen
062ecfa5b7cf0b29c91bb11211a5fc43,main_screen
a9a4aeaa584ce43eaaea236a0492b8a7,main_screen
285387c2d95bfcf3655511524678a4e6,main_screen
01c4f47c268c0dddd5479fb6d376bc7a,main_screen
a5d503dfb7bfdc9785b9e1719bee16e2,main_screen
36e786f0bef0df6dcd7e6947f5bbfb5b,main_screen
050f25653ce31026cf0b7d78f6267384,main_screen
048b3234a97a706e23588c519ec7781e,main_screen
3c97f8a0b0a542d45dfd1f931bed1c7d,own_transfer
22c9e4cf78d2484b5fe4d8fdf34ce3d0,main_screen
c54fd9f4f8845ffb8d6bc6cd833bbbc8,statement
69ff953736a83e18404b76ba914cc303,main_screen
0dc44a2401bd4affaa815234ea887e9f,card_recharge
fd0b571935014e74773c56d4991462ca,main_screen
cc96fee79a10c84d50f2354bc473d59a,statement
7c0519fd59593b37b369c35db5ee6ca5,statement
c78e8f20f1b098b9998e490c6133744b,main_screen
1a12da4dfc98fa56d63ccccd362b05ac,chat
76f2fecdb821d2517bde637f6c040326,statement
aad1c89cf920b60774b3af1145dedc95,main_screen
c112835255edc8e918217aefa8d5d144,main_screen
6b4ee6495eb3664a6c8c8e248db5b0f3,main_screen
4a3c528558460da1fc8c81f971446aeb,main_screen
1aeb84dfdbf3de83293c4b7061451218,own_transfer
0c78643267f0c6c1045eec9015120529,mobile_recharge
0c254ec43c3a9e26cf5bb4a1db1a26ff,main_screen
864dac436b1634655964268c5dc48e7f,main_screen
89b0f761f30f759c4c778d3bb4f71804,chat
ae5f4f45d506b7897c9a925d1e1f5df4,card_recharge
966af2e049128a96b356e3c09281d2e3,mobile_recharge
096f669f88c2c460b6f723869a103eac,main_screen
88eec62fa2932f4c2bfff6628549d20d,credit_info
8e94a853815437dd114489e67e695c4b,credit_info
780b94bcff4cd7ccbf3ad41eee8e6b30,phone_money_transfer
37658b87cc1f9b198e82e9283dd494ce,main_screen
718fbc270aaa7405bd5c54d1ea90f1d1,credit_info
760c897946cbb9a7ac3b0c53dc4dccca,main_screen
4334f8da1dced3d61708570502c258c4,phone_money_transfer
b66ccca2357933557bb689688e785362,main_screen
eb566303bdf8c88871c4ed848950e5d4,main_screen
59372e741ce9072672e8830d16cb57f8,main_screen
728086bbf172b53122c2bce793bb0f14,chat
85aa881ff8558da6b62ad9599c39ad40,own_transfer
77428111d55f8ca227e9a1994450f19c,main_screen
9a68cdcb9812686840ecfabb0d456c4f,main_screen
62f838218555e1c2f58a97544bf9b77b,main_screen
0d1d9bd9adb61694ff7963acde16e4e3,statement
2ebb951a27634275f450ab83c3c16b3d,statement
0c522f633a4cac653b53adf29ddba951,statement
ee1e6a2979735dc5a6271e78e4a57e17,main_screen
ff12fdefabf62c1e93755a7395f5de21,credit_info
4bc0f1e412b1844f0f1496b65f984b6e,card_recharge
dab9b749a69b0ee79b58d549202af143,statement
b96fe72d8933908dd1039bb7e392ba50,main_screen
7e093b5b7f3671f36dcf9a98342ade94,statement
d984d88da1057d722734c6eda1ebf1bd,statement
66d5f5f72c4ce5f3cb8e8a1bde702d04,chat
ae66783f2746db36e01d474de6035a2f,main_screen
8d507fe385a8ffa40315d50fd5368de3,chat
95e5c8325e58ce11321c5c28f7947267,main_screen
ef79877fc2cdd9394d24b22e69fcd1ae,own_transfer
8374057d0eac823594807123f15cdb54,chat
0bd41cfd87b5da93f3aaa42050371157,main_screen
6e37cf0a9da4a85bdce2f3a6159aa058,credit_info
8b210c5c0fcf3c429b4c73711738b56e,main_screen
1fc602381c9625f3853ccae28e9fbd09,card_recharge
a99facb61c3b29fe17733c045672bf9b,main_screen
b013741590e0941fedd190359747f10f,mobile_recharge
668347958ceeb3b0ddf8dfd7bc173844,main_screen
ce3f39ab500484418033bccc5483cc5a,credit_info
22ddf0e524c334c7dbce2375d41dda9c,main_screen
354f2ae40e1d2a6ab5a7f555c47258b3,main_screen
5338529670d0aaa95f2f8ae700a2854c,statement
955d99ef929f4f9053a333f55d3ff8f1,credit_info
99582a23c15695b0751905fa5b0cedad,main_screen
9e3b0c90c0e82242d07446dffaaa3fa9,card2card_transfer
88fcb189eab913d91330c905aaf290c8,main_screen
d7fcc3c2fd5159961651a170a16aff3a,main_screen
e52f733bfb868921738c295efb7b2136,statement
722f70c5f1789c522ce3a3987427b5cf,phone_money_transfer
849fa6ca42da35b43af2d25b05f9e807,main_screen
b586c4463ba83d72830d4ef0385f9a97,main_screen
dc9f9035ad565cedf2bf2c6d4616230d,card2card_transfer
2d4fed82116c968e85836ea059910872,main_screen
af68c25fead0c56e0d55ccbe53509ddc,credit_info
f646b7c6a3ca6ec3cde283ceb043eaee,main_screen
f5aa8ca707ced01cb8719b6b5d569183,chat
c74f0e723cc5bfb2285363254493bbb2,main_screen
4dba3ea3460059ee7d05578e8b751bc8,credit_info
1f0862d599f868afc94cf448c5c0fea9,own_transfer
ecdf5e859c9114137e595841c434a1e4,statement
428b44bcf5fbc70bff48c0f85d135368,main_screen
3da94515b570986abe4349afba3d40ad,main_screen
ea7b65c21912cf8819f13f762abfc816,credit_info
1b90046ac78fce4d635569b5d0603cc2,own_transfer
ef27b64756ece1dc48c73e3f797fe7f6,main_screen
e3075c2445062307b93fad0e5f810961,statement
97887e8bae1fe39a05d2aee42b34741e,main_screen
45784b624f851ed5446b18baa3927dd6,statement
3fb8afc9deae0a3ef7a655062361d818,main_screen
bfce84c72e930db156d6e347abae70c2,credit_info
59ea25ac6116943acc0062b772c34e87,mobile_recharge
27661344857fb19e03e193a72819325e,main_screen
a9d1935f607043cb5867c63ee4563450,credit_info
8ab94139f53d2a2676a3f90aa35a7f8a,mobile_recharge
3c31a10c43f2d38b3a67d10eb4877544,statement
92c3307004b5abf40597dd2dfaf6c1ec,main_screen
05112edc76cfa3a96149af7a5d9029f9,main_screen
33fbda8c6eb9fa43a7c0c27f63cd615d,card2card_transfer
26912b9dbef5bcf68db70595d2a2a659,chat
d14e8f92c775fa6da01d47edf5e6fc0c,main_screen
6adffe86e3be18ea76202183b813c8c6,mobile_recharge
0b0b9a17fe96654031c3ac2404791a8f,mobile_recharge
111005e622641347cd60c42406c06af3,main_screen
574090d54c66ea593782f29b8839211d,main_screen
ea7312cceac85c467e860032f6ebff96,main_screen
9b638dde854c78e5b2df51170c4f46d7,credit_info
03252ef55ffba8cf4a3eab59a29f3233,main_screen
6dd82cb2691cba1733c410d570ece929,main_screen
a81696e78e20e0e60931e43e9eca76ae,main_screen
720a038ee1b4642e38c49f413c91bb0c,chat
073211a01b9c7d338fc0c5441c73a0cd,credit_info
265ea8023b68005986b9befab64d78f8,card_recharge
24793c113129bf257574e4a7ece448a4,statement
ec5c4187d0b107124c9b264b2cff7663,credit_info
f29132e25b9b8950901e2ef69640fab6,credit_info
453d8c44785f307c57970aa6728cbf2c,statement
7dd20ebeaa0b28eec22c821c0a49a4ee,main_screen
fd0363762511e626518027b871b5df47,main_screen
6d5e39c6691934b1ac8d693d8e6deca2,card2card_transfer
1f0d3300593063883fe070af176abbb7,phone_money_transfer
72df1e0b196206af712abb1b8ab0acaa,own_transfer
7068e5f41e69cf2203518e31c520ed51,main_screen
3f27c45eec081b3000daeed84f2564ef,main_screen
f9adbc95f0d78be8b43cf7ac5e39b22c,main_screen
30dab7306312f9ed65e2fe584dcf25b6,credit_info
e3fa92567ce880f8865c65e867552724,credit_info
bd5979fffbf9d2e3d66203474df97898,credit_info
6d62b29f93fa2869df38698dc251c73f,main_screen
bbc8e1a9eb08efd0cf264ddde12edba7,main_screen
9e0583f4161f697f84f733dd023e9e8b,main_screen
963d8c1e172a8099b34097ceaea5ea77,credit_info
c6515999c5e15df811c8302262df6c48,statement
1a0acb9c59aa3733482baeff8512183a,card2card_transfer
7a3a5aa88b2527368c3f945c72ae1fb0,statement
2f542c43e1842a55264e92b3e9a13b09,main_screen
d2c50507051b6f40a0916721b48927db,card2card_transfer
9ca9754ae047d356ca91526cd3d4ef3d,main_screen
0977e03f73eec2d64ec3865b9222ce69,card_recharge
41045f6d9f2f71ea1e84ebae9271a6b0,statement
4eef8cd064542db8eac2a917447e141c,card_recharge
eab0246ed245dc22b159694dc648ac41,main_screen
05c169e9f9c85674a9d9c2eb4c7241cc,card_recharge
6e09d7f1ff399a7d5e75d88d02063890,chat
934c477f1bde5750b032a9c4a130af74,main_screen
8180db79be0458b1806837856522211d,credit_info
5317808a9ac4248e1b369780b979f004,main_screen
47cc111aff517f738517c3332d79c5e3,mobile_recharge
8b1ad93d52e88a89942fd6c80bc010af,phone_money_transfer
16b335876c4522866473360fd2c28adc,main_screen
a9763017ed6438a59d07ff47a64781ac,credit_info
0dada72f12bf27eb66ac61f3f7b6020c,main_screen
e61d2a6a6210bad7141e6bc288663fc6,main_screen
0e7d663c3abca7a965931bf18f5b6f9e,main_screen
33d0f37786713c071fe9604dbc51a337,credit_info
e927473e588d1a98f218afc43f5a3a6d,credit_info
4e47558c250f6302c705361eb636889f,main_screen
9fc9024ad9e84fce95b9dddfa01357f8,card2card_transfer
240bfb3e86f45790b667316b9476ee8b,chat
354662cda7afa22b8d72fea1ba53d06f,card_recharge
3ecfe5e5268b2151b83db22fb06b2801,credit_info
f477d388fdc4a2a0f6fe476dba57024e,main_screen
f6d8541001fd4b94851c68d3fa48d562,credit_info
a116acdf2fe87e0ac1433b6fbe39d8b8,statement
19f3209fac88f3dbac6cf20c3be2e953,phone_money_transfer
8d2fb66fccb527659d3c96b67d94fc34,main_screen
d0e418a04c616f52ad98bda6f0405022,credit_info
76f1644f40ed0b6b9452ac8139fb8476,main_screen
ec08a417787658928845f968de633199,main_screen
1434c918d8f00a68c89aa9ad633f8e09,card2card_transfer
45f49784ef7bb165d845ed3062ac3123,main_screen
0484eafa54beb95864612bfddf84bb0a,statement
af58a7b809cd645815c071a644cfef18,main_screen
34b873ca38dbbff927f039f3d4011fd4,chat
6439c6c6f49548e6730e3570e5ddd90a,card2card_transfer
423af0cc6cd839375824d6ea3f749b02,main_screen
f5a5c3f4528e945a421e08aad8b37eea,statement
17e93d7b113b0b303035cba2a3436571,main_screen
4ede1e40d57a28c094bd7d090f423c2c,chat
739ef2f6ea86f58ab2a9777987a69f5a,main_screen
93a4605e7dcfcb5fc1b6ae0176c6bb27,credit_info
76d0f0a2ceaedc15dfd95d9d0eb70f29,credit_info
7409a09eadfd0b5311e1bf439d8c4d32,card2card_transfer
f1956ff4e3263697e421f42a273b9140,main_screen
d1accc7ea1792875263a1288759ce376,credit_info
5d94260369afeb8ece16ac833b7c5571,own_transfer
97457dae26771304d55411da880b8a1d,statement
21f8589143611779ec5f3b1970198c7e,main_screen
a72111d4d03d99f9bd324580ff9ab9c5,own_transfer
cfa4ed9bbf9dd65bc0061afa9353edb3,main_screen
4104e0ee5a7ddbb8ed52fcdccabf1274,statement
52ada108059c353ee10b739a6291e791,card2card_transfer
12b2ce07c77d7e81abbe9b0ae8b9badc,main_screen
e7c03424b664e605342206dc62e50eee,mobile_recharge
84d24b9f2cfc5b8ba2eed965d0744f8c,credit_info
cd5fae68b6be9c341aefde6410eed35f,statement
bb941085cb79f2ea3a3098e8b0717b91,main_screen
de8dc7df75e8a721561b2deaba21f226,main_screen
5b2813fc0ca1b8a7f5316dce255132e9,statement
ccb05c6470c780d3f4854c21fd7cad7e,main_screen
d323e2a7e34d8250355dc3df4f854f0c,main_screen
8cbc34dc8fd7210d978329fac12f0ddc,credit_info
c76de57b175905bc7552481f3a687357,main_screen
6adea1e9da00bb712e66b1edd9c37bfe,main_screen
b1c4638a11b54c89ef5fe37357663f4d,credit_info
3c427f236dae3254d100d0090a76d036,statement
01af99ba3772eb88bdc3b9aeab759585,credit_info
c5398296c473386ea1b24c5769de94be,main_screen
7e33fe2e2b638c87ab559cf4c88225ae,card2card_transfer
a2d3a76a967ab90aced66c580f69e1c2,chat
0ff3163c3e00da239efa7b506d75ccb8,main_screen
71c5f7f0347d3e3c54c7159d19b0825d,credit_info
3d7f8b120e8d246a4b8f340c9331e7ff,main_screen
b5fceca586673a9a53b179bbb16ee121,credit_info
65f93c7a8f48e713cb1b7c901f892fe4,main_screen
c4b4b38addb034cfc32cf827a246e3be,main_screen
bc18af0a731bd105cc9b1bfb91414502,statement
cd1ad5ed66f1a4c450e2ce080e7f696e,main_screen
d3583c07944f79fd49e9752d0074dca3,statement
650cd75e4147bfb6eba9109b5768e9c0,main_screen
6079e75a0eb171afbd64207ef9eb2e9b,invest
9b5452109800c5be0619dee9d0936683,main_screen
7e3d15efa38fa2bb63bfe202e42602f6,main_screen
619f242f4989ce557f8f9544eff3af0c,own_transfer
37248fa71b0eb1392390619e84768677,main_screen
130dec99670d50397b5f6f2ac293e721,main_screen
3e51442ba08a30ef7a3ce50fc807112c,main_screen
5197c522d6d8bfc43b9bb93cdfcc5d22,main_screen
63eeb9d4afe6ea7997c80516e0c10c5b,main_screen
80542f68903cb8193e3d6696650f12a4,credit_info
fcc47d12dccb235010ee6df182c5b5e0,card_recharge
93b8db7e6829f2c4df61475d227a0a8c,phone_money_transfer
1424e035f9530b2cf63b324bdd8f9c58,main_screen
3be5d420dbdf2fd4a8fe745b3993b3cf,main_screen
55e5c03c89d2ba1a3d3679365cbb1e4e,statement
1894ae27c27c37a2beaf681c7f03e561,phone_money_transfer
6060ba2511c963ff952aaf6beb94ae31,card_recharge
bda203f3a8f641164c604334f270d7a4,card2card_transfer
c2b702048bb7004a475dca4aff3b4bc6,main_screen
f04c35783d7f6932948f770476ad654a,credit_info
d9ae8e7c1231c57aefd14dd2d2bc0649,mobile_recharge
f9780e41f016e18b884ee749fdce0758,chat
d54869f8e74c539270ebf2d8c98f1bea,credit_info
5dc21e37b13c43500175209424a0c574,main_screen
4dab800ebaa176499c338093f01b427a,statement
d3f0fc7431b84d7d872fd2135403ed24,main_screen
ae2e94714aec591c6721782d10b9bc69,main_screen
2fcd0dd287c0a3e923888d2f1d59845e,phone_money_transfer
178579ca57811359949eb38f0a9e00ae,credit_info
ed4add669f3c07abf4fcb0b246920b5c,main_screen
cc9d78f89a159f826c8b7da7db431d11,card2card_transfer
3d496de68ab6be5476f9711cee11217e,main_screen
d427b6dc629cf285174f6cef6488d842,own_transfer
3285ca351bc1fd0c987396cb7841c4ea,credit_info
a609e26c2f05a2b06ef50b517e5935b4,main_screen
41363b9bd004ca1e1f0187a555431bda,invest
a342f030ff5d2f5aae0b342f60849eb3,main_screen
7fc8755d068ccaf91ab3e8e0bd339608,card2card_transfer
6beabeee9828bfc291b532e728d27148,card2card_transfer
7109fdc753d48aa4dadee4d9438c972e,main_screen
2fb6156e500283e29613d09bc27774d5,main_screen
18820ab6b02eebf2b0f4cee36a13c803,main_screen
b289f84b7e66bc9389d36bfd8c9a3ec5,card_recharge
71b321e61687f307b416324938b99aab,main_screen
2c2f5cc73cb844bffa096ca5439026c9,statement
aae84d0b9a62aa768afb5137716b9284,main_screen
22d42076d0a1b661156a30ef4e1d7073,credit_info
a353f507c0cc42fc715711d88cfad789,card2card_transfer
acd0553b0c68d133211ef481763534c2,main_screen
e64772afca8c6933af0a05fccef4de8b,main_screen
33a9613b09923f3f1c9bad31c3eb34a4,main_screen
a36274ff39f3461d90c3d89634c1c4aa,main_screen
375feb2e063e298eb0e4995833f08dea,statement
9841318def70748ce5eb2b738690827a,credit_info
fcfe0fbb18145eec14cd5869654f4bd6,main_screen
c9659492678c8b269941afe9e0a94d9f,main_screen
afef5d3c50a29c3d928f7e39cdc3c77a,credit_info
db2c543a5b41b67e92a8a29ca80c82ba,main_screen
48f94ead2ce81d469546a9acf77dc574,phone_money_transfer
fcea145500949baa7dcb7d9532339215,statement
ca5c840c24de85e6f77e6ba9c7028f35,main_screen
2b50cd589b8463e7f829bcfddc6d5bce,statement
4289a1619160f2f0818eda8b98b9c506,main_screen
4de272747ad1863789615c31866ad578,credit_info
f0b6f058fee30e334b0ff15f64e4917b,mobile_recharge
40c361081eefcc3069e79bbf953a142d,statement
48eeaaccb681d67650ec8d68dc6c7aca,chat
02e17cf3aa9a18cdf2d964faf4111422,main_screen
86f9a38286d7e9bdad39fa15b105eed6,statement
8742008d456bf4382cac454e3a4bc435,credit_info
b43015d88d1b2a3025af70679917a1ed,main_screen
512be72fc9e22a4d29906f38e30ea315,main_screen
62017872354d817307747dd946d494d4,chat
77e9897660574be0a36b948d973f3954,statement
54aef7fe41288c088aaea3fdee167a67,main_screen
60b29e358b48b49f585c80be3d75bd6b,own_transfer
17b21d1630f79aeb5bd7f0dc8c08f03b,statement
032210373fe6b6e38d6f8025ba88baec,main_screen
77ee17d9c298c3b36f9e98106bf35911,main_screen
7f02b21cddaebe6b553c423ea371ca13,main_screen
0681fbfbc6795953a68992276d1ff8b6,main_screen
91d40aba1ad10a46576595f01804ccf3,main_screen
30357b29156d60a2a9c562d899d2e351,invest
8a3f588dd3d31a9778c5211bdd4ad920,main_screen
63c05ee7eca2474718fce0bee25ea6d0,phone_money_transfer
9b0b496bcb4eca7a14f12afd2d6a17d3,main_screen
e94e6709642d146e4912bce9cc9f5f61,credit_info
6482602ea53717db975a3b80f8445fec,card2card_transfer
187ee7c775114d333315ca4160ca9fed,main_screen
b8202741c2071eaff37c5243dace3bfe,main_screen
2a648cf61122202c152036b2c4955221,main_screen
92b1aa3fa44dc66d28927db2b6786f21,statement
e70d8c5443b8a2b472eec91147516db5,main_screen
0c03c591ee4535124b1ac68ea9015ae7,main_screen
0db5c659da41814ec8ea322e1e19dc00,main_screen
e9644daf5993b3fe8ab742b9736552cd,credit_info
a934ac1030bd7b58ae8965e570f1ed40,credit_info
56997c3b69378daa72c689e788ef67f3,main_screen
2f179f82d670485751a3fbb75624ffd9,credit_info
7303469abf59b3c4984a873493e2ee2e,main_screen
2e1f576b786218a5a310f4793c722f57,mobile_recharge
2d92fb855d26e8c31d3b1a4593ae2455,main_screen
41ebbffadb1aebc9be43624eccc59cbc,main_screen
55c343fd0f65b04365186b3ea5a62934,statement
5654981d571c44c7cf495efb3e0c61fd,statement
8615e0954a084a005464449f67d43ef1,main_screen
91c040e8afa7d72d6cf44f92cec5337d,main_screen
d215eb0af79f6f71ead9f7f6af0e3080,main_screen
9274ca463849b3e74a47a1cea7637e7c,main_screen
b5636ced097a1520f0fd44a0cda16c33,credit_info
d54b9c7c7fe5a2389a7e0c2b85e14d20,credit_info
d431cb656d764e8e81b31ab90b266948,main_screen
df9deee5bf527873865022c266187a14,mobile_recharge
44e74c04b671a64c47d3ce4b2eb5b2ac,main_screen
14d21fee73dd8903f63bacc403a68a3f,chat
ebd9e3b6ed347632bccbe3cd2fb84f76,statement
f833c872bbc3217a6d18e5bc2f1de49a,main_screen
8d455af905e470e0121dc86f67b1e156,phone_money_transfer
ade765eab64600d4242deda4bb1a2e00,statement
67bbae65a6873487f79fdd66364ff8bf,mobile_recharge
9795af2e79b050e306dd0479953c7763,credit_info
75c61bf10ea3fb754573718ca41f1722,main_screen
7aef7eb312a91391f51091e53df1c5a0,credit_info
23e79527f3489cff79fb9bab57845b9e,statement
a73e6e8458030a7a2d6f090f06b572b5,main_screen
3e6ab494c4293f9130b18fad2dea6cce,statement
a98ca2672ad49a2211df9f1168ae0c7b,phone_money_transfer
e5f99797a6facf3766877d0ebb2b1337,statement
dd93e8579eeff8d8dcca6f629d29e44f,main_screen
31da739d554d6de1fd4a5f31918a9804,main_screen
a6a8a73ca08cc48019f3d4ee409366e0,own_transfer
a144cf261d23d38f6295ab5deb18660e,main_screen
86bc006231b081c1045e1d9ed4d23918,credit_info
fbe483cc13a1fd6ce8330decd63f810e,mobile_recharge
c5f7f1961f46f22a9e55dd749b9f449a,card_recharge
183f5e16b543336a5abe4f1f811a424c,card2card_transfer
d20a6e9a962e48523824eafcff756c6a,main_screen
f65575fdb2ddb7cd99c5892e824b1c5e,statement
b20c713525cfe31a6574fedf3ec513ca,statement
838460c92512c340b52070a322c501c5,main_screen
080e4b3ab86986bee53ad1211509a1c4,phone_money_transfer
7d2a380de3711d5a811fdb65a2921814,credit_info
c93d98304efb22d0ce736a3bdb12cef7,main_screen
594c6e21e36f7132e1ddbd370d41b8da,main_screen
b28f868f688f35fba4d5897e18c72ee5,phone_money_transfer
243458a349441d5c6b6814dce9c2d8fa,credit_info
eab7bed001ea7e24e814b9cc7f93d3fb,chat
0832d72c3eed744f79d3ea6b11b049b6,main_screen
f6566a523b95460ea3a6a2444258cffd,main_screen
76e83bfcd07319dff7431acc51af698d,statement
67b2b698917d2f59dc88bcb665c9c9cd,statement
fa40fe3ac88ad7ee7c28d53490682002,own_transfer
5be54aff266f25fbcead4014620239f0,main_screen
7416a39d9e773aebc22ff794cbb5dbef,credit_info
fa7feb8c3d959320ca3f2b094ddf5873,main_screen
e72bb91a2ecd753c0350f3af2652a0a9,main_screen
64676c97a2ce1d9387899ef1e133832b,card_recharge
50ef4898b392bc95d662331453fe96bf,phone_money_transfer
695bf72ec8d84f8a100bbd5f37032688,main_screen
00c3b3a9bf4167c8c27896c22a7e180d,main_screen
2e5884456c0edd8b4548a02a518bbeb3,main_screen
fd8fa33d6040dcade80ad9313108e9df,main_screen
14e83ef88fc227f478dfb428ad0ede08,credit_info
997aca5e87c6ee0cb9770b2dfb59a5fe,phone_money_transfer
928090b3169d54d7947368936b987bc9,credit_info
80a7722790233339cac86ecb7fc9c2e9,main_screen
d5f1d7283a801799e2f77b6627475f77,main_screen
3ff19f2f821dc1f22c84e3e9560fb253,statement
d663ac913b42e156466d04bbc0a01a95,main_screen
ddefcd17021487b40070f4e49603a9db,mobile_recharge
86d5a0d0ca186a53417ff9339b98a3ca,main_screen
4e0c6681c36dddfc302ec67060a1739d,main_screen
b27c0409f8329a4883dc47d13a1cabfe,phone_money_transfer
c24380e49b00250560626aaba27553ba,card2card_transfer
1ef57eb0883f116a96e80d78e1cd965d,statement
8bd955e85a7bb1c79978e12905f7367b,credit_info
596c619a26aa03cd17efc2cac8b45a52,main_screen
690893ea958b179bcc835930e52d406c,statement
639d477565479b5a9a4d507347a4c9ad,main_screen
2df3b37c0c3ac68bbbd538432e722127,main_screen
2c1b20895e580a990f6502b524ccd3a1,credit_info
7edf65fc3a85e9d83a384d78245c3bdb,main_screen
434b74deefd7593e030d652c03b6e687,main_screen
c9dc6bb1375107b4e8a32479e9311f94,mobile_recharge
d0459f4fb68533a0b0d6c98299ce07aa,credit_info
f1fdd2feac26e8ba86e05856ecb99476,main_screen
58602e8b3ff2ace9f7d998bacaf75060,main_screen
01d1ab48c6793a0bf7b0aa863b02225d,invest
927eed40b312192f0ce8c98563fa185e,main_screen
8272b20b0011be9e623a5e4dd3886aaf,main_screen
be7b4a905e494112784cd113018a2534,own_transfer
60ba619b3cc5261426da2b8e7fd7652e,own_transfer
92455d294b32263c15da77e04849131d,main_screen
ac386ed2a47ff29142125674d6622306,chat
d1d2a46d4d2ba76bb22645c6dd1d9a66,main_screen
cbf74844cc10dc9da5a4ddb0690b947e,statement
1966847894b5bfa17af55857d82674ae,credit_info
94164fd91ca79aff83d98884822bc824,main_screen
834a276db351cfeb5c79d4b1bad6c3a1,main_screen
b17b68169dcf383901302bd06ad51684,main_screen
9636e57a58827a52bb87e112033eab9a,main_screen
ea78ab12e2411687e1d746d7de8b7c6c,statement
c26e94b8dc320406bb8f8b3442e00bd7,statement
210250034f29b09471f5ca3ca4ac5ff6,main_screen
756672e1a554c268d61c6e8e9b57ce02,statement
7897ac67c73ff3eea56fdceab10c31b6,credit_info
f39948f2fece4a6bde430d9ce91de15c,main_screen
0279773f688198d7d083cb6751c61b1c,own_transfer
7d006d2fe472f48ba78f06daa0a1c218,own_transfer
8238aa0e33a5c5d76890363769ff1975,chat
0df7917e2942c1e9aaaa140507349848,phone_money_transfer
ae973edc4ef52feb610c727b9fde7b74,chat
afa6ab7df25ce2d4a8e2f89d59f7c9ac,main_screen
37fe6322feb6be24093e0c4d261ab8b8,credit_info
0404d1b674d44df8f71b4e9985dd14a3,main_screen
6bc1d303a006df5043e394cf1c3bc695,main_screen
03e507314638468702cccfa8973760c4,main_screen
db04f985906ebe18410826a31b60b8f3,statement
f8f28e862316068d38dc745829d401f8,phone_money_transfer
217348a4bba63f0795ca95d76e981de0,main_screen
e3ad42391e446ec89b39521d0f9dee16,chat
8fa58c575a8519401886ef781f6eb26a,card2card_transfer
a6aba4075e6522c06396f3d0f991aec0,credit_info
7b024cbe36ed04c79a6eb77308a2a47e,main_screen
d7e75c92289aff03da88ea6acc4a97a9,statement
92f8c221ccd680efeefae83e90e1d8c7,main_screen
4923eb702e5600098b91167d31fb5996,main_screen
4b1daeaaa4b4c35cb340f5c0a8d1996a,card_recharge
2d424b45dc0df856663fe2cf6061a3df,main_screen
72228e4e2bb56274a2b73bf551478d59,statement
c6d1cf84989890475b6ffa34f6a5096d,main_screen
401cd6739d2b3329f7051d9b9d86f9a4,main_screen
bf2468e1fa0ee80055181047aa48bfae,credit_info
a5d55a2e60837ffdc5332a0fd6754177,credit_info
aad5366dee50f80a099faf292ebecc97,chat
8497378af67075678fb463a8f3948ca3,card2card_transfer
cc439953afb2ef7b9bc1a80008e61022,chat
028e249fa899a86c8e4ed64a04dc3942,invest
c9342bb85d4d53468c976fa3e1226a05,card_recharge
b5bd053bc946f3864cea0dab40e5214b,main_screen
09d262f83db8ba795b36a38a22b8cd76,main_screen
3b6f5375411b36326a11e1feff30b955,main_screen
0034d24079898f62f54785e217c148e0,main_screen
def96e0ab53ed4fad7ba1f9f554949e7,main_screen
ac146dcff046e64de8ad6e4c96b6d1b4,credit_info
b785749aa8e56bbbdf5c40824b8456e4,main_screen
07e86f6df94bdcddd33b98e6f03f6d01,main_screen
a76c26a52b759a807d650204bbe32a25,statement
017ac8d69ecbd592b53fa33e15f3b0df,phone_money_transfer
b9495299bfbc6a9b4048104bc94543f0,credit_info
f7ce2239d31f1e6d0292b59919abca20,statement
c80daa41507b09d4f7c3b8c895525393,statement
abfb353d7be8e57f883ef412aed0bdb9,main_screen
702a1356770cc00cf90b388cb8c604ab,statement
f42e55dfaf1a191e4f3831b1c8eb8141,main_screen
6aa734d244b8732d580e78dfd5c0d07d,chat
a4fbb8b7e7ea7665c7d089705c027aa1,main_screen
fad5ee51d34ec8873ca0f7f9e292da63,main_screen
228fc29f7d142c230438e3106a771dce,chat
6971b5b5baa701cbc3de6cac02c93082,main_screen
8bc2ba131ab4fa9881622bdc18ab8ba4,main_screen
04ab9cc2f9bc76263f0a9a97aab68267,phone_money_transfer
c4dad666763d822de05297287ae3e815,main_screen
f1fe68c2e411e8c4964ece14cb8c58ad,main_screen
5581a93543860f3721e4f374a812ba7e,main_screen
07f795e9ccec2476f692ad6c43fb23ac,statement
081e55ca973d9838ebd0c1ea135adb84,own_transfer
8ed5cf2ee1642e50b1cf443b5d92117c,main_screen
3d3b3e2c433b3001bf91d2ff8b6072db,main_screen
40d46e3de4b027e3ea867a5b08a75be2,card2card_transfer
67044d2523f75941c8269478ecaac0c7,main_screen
f65aeb4c313a9c5da230945d127bba0a,main_screen
e6e9c0009c1f7f01a257f9ef10904c07,main_screen
b946f78a7cf9a4ca6e23f701cdbba701,card_recharge
433d863a5aef342064a1a9abb0aa9058,main_screen
b7ecfbd0d9cbd00a6c1eff78e20ac9a3,main_screen
ccec3b3a4b087939fab56ff8398df1ef,main_screen
6261682c60e4738ae5dac45f9da37f11,main_screen
9496faa9d3780b45cf32207bf9fcfd1d,main_screen
e5021fa51786b1605e52ede77b175dc0,credit_info
d793edb2eacae64f935cc7e553cf62d3,chat
4c1a63ff62ae21c4ad58cb741c38bbfd,main_screen
ff9416c983ad225cfbc045c8f458698f,main_screen
1e7551f0bc210d75e2e115ea34abf0b6,statement
4d71574c4a8f5b159e1bd79de9070f65,statement
0ee7899c0cc5deb04e06794beceb56b0,main_screen
ce1acddd207142228b9598ce7c4433a6,main_screen
ff987cfccc7e5fc201d27a343c8ad93a,main_screen
1441a9de18c25547b2776c84b2c25407,phone_money_transfer
3b9bfbb34df7df7bab3a33f96c16c282,main_screen
7e0dfdcb6467d5fdf3a4914d18fe2757,own_transfer
cf227785e53da5a27dbcf1d36662cd1f,credit_info
ecc17ca61683ca3b9006ba826510981f,own_transfer
7ede8f4bbe45db71fab674f1ff8bc967,credit_info
6198d88a78e3a3ca6ce1fd04b6a19f3b,main_screen
d502e964c712511aac8f03b52d312ad1,credit_info
29fde77199515b188f665258c1101c82,main_screen
8786f7a653e6ccce1a2549f8299db48d,main_screen
2352c3e1a17ce61b6f23030e4e0b44a0,main_screen
96b1d6853c20eb0a9efd939600e5626d,main_screen
a5db7b8405c0e11449525a7dbce279a9,phone_money_transfer
58f46e06921998fceb5c8dc65d2f484b,main_screen
b124f2fd98ed1eefc72221061001d513,credit_info
528cd829324a5c25a50be65e791b651d,credit_info
2be0c44e55a72ebdbdc0b33a33d4e5a2,main_screen
da99b5db8f76d3423bdd87a3fb3e58dd,main_screen
bd1d09da8e4a7fd5ed60745dd7db392d,main_screen
f17a47039a428e01d8fd740d7abf0646,main_screen
c1654d526505b791865d51155297f73c,credit_info
7f8ee0d862b34348e2854da6fe4dcddb,credit_info
fec12ae04ce05d41159aa2e50fce6c78,main_screen
91dee0dcbc59ab97b96bca075d318abb,statement
becedf531ced41fe40843476fc65e378,main_screen
175559a34487efebb8417d2cfcaab6ea,main_screen
ebadbe8ad6fbcac2ac4241a606a1bf3b,card_recharge
17f5233f19b79a9902bc6d32df9eeaab,credit_info
52da9acccb0b595928aed5b0aeb60905,card_recharge
e1c13a6aa96ade358c4c93c2bcf0d998,main_screen
ed7df3754dc827c402b43c972435f311,own_transfer
71bcce3ec12a9504b94e0d062f7a02f5,chat
30f90a6b4ba76a686065433f2ea11742,credit_info
efdb87d5d53470642afa07089bf17906,statement
155f679ff839ec25aab0eadf7f62d1a4,main_screen
a347d5fa85ebce9a695c81fc6a864523,main_screen
5be8dd1d0e83f43feb61d23f1ea6d12d,main_screen
759c425d8923f5aad87b8c807a0fd481,statement
a8f3168eb2724e357c4bb827afa13bc9,mobile_recharge
9af8856cf7275fc364aed5688188303b,main_screen
56f2ac821e671201de6d286d826b3cb6,main_screen
b30580887db607b95ead83f2aefea6e1,statement
e5d8aa44cc57ab77d0aff34fb861eb2c,main_screen
c7d7f8cbff26dd513a4bf7e983e287b6,main_screen
2c1defc54216995b8031d020505173c9,credit_info
2693e3b681a22012018b0071912c3a73,main_screen
8eb716b1d566a35ba3df8bdf12f61d77,main_screen
11c255a794200720730a89db47d41d38,main_screen
3583bffb5ef08d6f3671e5dcccfdc3bb,main_screen
c680fb7aeac1273fc916df5c5df61da9,card2card_transfer
534a421bb054785be1c7a4876abc2a7b,own_transfer
7a6db48c7650b2a762eb21d050f6a69f,statement
937aa9172250a541e8d5fd11497d309f,main_screen
adbba6dd5e1b2785c66dff742468ba69,statement
7daf40a722cf88f2fc31a30580b390c7,main_screen
ea8cc3fab342b47610142b577e2fb020,main_screen
c4e75f31baf683b89e520f9cdf76c053,main_screen
9b977f6e90d996f495f7f7fa53d5b702,main_screen
6b493f7e4de70ac16896ac21c3d67c74,statement
13c2a80f3660dea343fd7dc5c14d5c37,main_screen
a99ab46dceab990d16c857af3be1b562,main_screen
a2064931d3aefc4d82ed593c19bd1533,credit_info
26ff2a5b7cb6e0fec1b1a9ab9b85c434,own_transfer
1811ba24986a621cf57862ad8b256bd8,credit_info
ac567437dccac6ef8da8cdc6ffbc6ec6,card2card_transfer
bf26dfdb08fe0993532fd90d74b28a50,main_screen
620c65a1d6c8948251c46471c7e30bb7,main_screen
afdd77eebc542631dbe0c809ef70223a,credit_info
df9e07dedc3010d46a763a036a1f8410,mobile_recharge
39a14408932ca96be250c6dcc08b6e88,main_screen
5db482e8f1041aefb43fb73371f7a096,own_transfer
dc489f6aa9313ab8719825e60fee65ce,main_screen
f41f0bab2c5ceca84ee90d71033be0e7,statement
7c59eac4aebf3c1c33d0f776097f6672,main_screen
76696ab123b68a2fd3342ddd4d59d75c,statement
d0ccc449d2265aad010bdb0bb8aae7ee,mobile_recharge
a4a01b42f7f2a7b9040fc9983d77a038,chat
399eedbff08c8d553eb3e7afd3ea74cf,main_screen
27803726c27958508fb3260820fd3517,statement
58b0719b784f8103ea53152762f31306,main_screen
b6ab97c06ce0aef753216bd2d4217e2c,main_screen
d3f3c15e24ab957eff5fa14c90d600ca,main_screen
5c6ba348460f149b94c04782cc216752,main_screen
f676ebc34e552d16ccc16ed8ed89e94d,own_transfer
922239413dd62890f114973375ece452,main_screen
4ee0775bca9dfb1b688c0098bb3b5c38,chat
5b966d04a3902b5ca267c77b2d62674e,main_screen
58b4cdd996c440310e361cd62a155db9,credit_info
272b9a8dc15289892f30b00b321b230a,main_screen
d9344e8f9aaff96fd892cbc3b9337fe1,main_screen
bf86002b1b4b8b111f00c50df93fb724,card_recharge
2436a62d001db526c08c1a132c976a9f,card2card_transfer
e1acfcada1f567f443879d0b1373dfbd,main_screen
8307273077b95f52f3074460038e1a7c,main_screen
a2e09d0475bcac7f9c24ea1d6a286989,own_transfer
87529d09625746c790edab29b2580ea2,credit_info
27b4c727773f20497dc5935214379af4,main_screen
f018f996ab1cd9c0e1cdb2a212812496,credit_info
5b025f9d8cac01adb886dcf21be14701,statement
e3d79420a2d7e26e9ee15015be48f1cd,own_transfer
869ad187d90d3219d718e862a0785f83,main_screen
44314fdcba99be21f35a197d23fc7aeb,main_screen
45eb6313de35d99e6d4dc37e4ccdf869,main_screen
66333bb094db08330f95de8f11185aa6,main_screen
5ee215b08bb849c272f5abc8e7455096,main_screen
879e24501e200595892797ebeca046a4,main_screen
2c4fbcc2a547f0888f9455f968b20003,credit_info
72f089ca4c6d5dea06c168a426f1100f,chat
9f2966d19f0ddf00e64931c236fc6068,main_screen
0099e59f21f2ec40419311a5cb9bad55,credit_info
ca889173d2fcd5cca77ead1dd80f881e,main_screen
4928b61f1f0a5ae6bee9c78a6dc335c3,own_transfer
9a426e96216ce728c284b23f3b85bd62,main_screen
3f5c073c9e809effdc5cc555abf93c96,own_transfer
e14270697966f004a8b7557f94444721,card2card_transfer
455b6399b41b78f696d13e7d1b4e9174,main_screen
43bc3051d9b8156600b24df69931aa76,phone_money_transfer
e2f53fb3c77a01dedb33b67f1ada575a,main_screen
5479542adaf41a1fd1ffcf11f0087447,credit_info
74d67ce9c4694824c6f82d75d309fbfe,main_screen
a817a959ef709d052ed942539999bd65,phone_money_transfer
f66d351d34b3986d1c9ea12fdd9ecf7f,main_screen
0d6550e237c9fc3bc211c280fbc81b61,statement
25afd9decbb93c749765fc1daceaa660,own_transfer
8d2c708567116d76aa4ab3bd6571a288,statement
83238540801e2522966f5447bf5a88fe,chat
29930390265d3b61dbf1b72b27eb1608,main_screen
f1369b68139dc1889b5887ce0d547f39,main_screen
73e7e165ef37c47abbc679886ffb0fa2,statement
9dd936978d5ce92baea481f39d09ff3b,statement
94781718f9d4c3a59f33384edf741b2b,statement
ea165a10c6ac0f22fbb847e9d2060d78,own_transfer
281e8f802e953c63e778d0e27c294c7d,main_screen
51617e3427d51ffc30e73e2ce9b505a3,mobile_recharge
b384156d89613af947fb2ea4a44f8526,credit_info
f556737ef352f9da88f1d962c82f90e3,card2card_transfer
8566661d0e74b8a0b179576e52368029,main_screen
610ce3e8f7e08d68546b9f7535784eb0,main_screen
2bf2752a15a2108ef42cfcd7bcc195b2,main_screen
208d1d4f63fa6f61493c89d38c333354,credit_info
8c4417a56d8a33b6d5894e55811f6e9b,statement
c6df961c45103633652a07994f029239,statement
fcf29469336145bdf89fbdad1cebfd9d,card2card_transfer
344ec4762b5c5299583490d90bbc2946,credit_info
c845c116ce9c3a1eef439b5461ae8ee1,own_transfer
0bdf12594ccd70050f8756752ae5b2b1,main_screen
0f31a934ce6fb74cd1c1f53028b53440,statement
3bfae40ca0837b4af06d46b4d4f2202b,phone_money_transfer
0a08487e7455eb11e75892653899223b,credit_info
7fbadcc7177013bd04356b2c8c77e010,chat
11dab2383a623c5ac9c746e23f0be067,statement
e6beadcb5756bf3a8bfbcb0c1e9135fd,main_screen
27a2168af0ac881b7eeb7ee61df363a0,main_screen
e718774ec2e4beafd54e72d4b638412b,chat
9ed25103c4c92a1ea1eaeb869b06372c,main_screen
fd93f0f64aa0c5916525bcc1ae9880ee,main_screen
3c808c979ffa00b47cb87c072468378c,credit_info
f2f05d07d0e8a202c6791d1e0e0f9acd,main_screen
b42ed02642a39a15cddf080ca14157dd,main_screen
dbfcded272fc75bf06188b293e643ed0,main_screen
ee7290089e5b365e176554c0595df4df,main_screen
3f349e865cdd4fa0619ecba6f957ee96,credit_info
827da53f8b38eae840a1974241b75be6,main_screen
0b9d2ab0303e14b0c316d1b32f3daa26,credit_info
ff6783b643fb577f8873661f21315195,main_screen
5cfe0bb417f416238c19869997c05271,credit_info
1a9abb92c98894fb83212d792585a457,credit_info
15b3e79a22359096b541ebb88b449af4,credit_info
c410a4ebdacaf07004f1d2db568dbe4f,main_screen
438810401efcd509aeefc3377332077a,main_screen
b306ab9fdd90abf1afa8cd49da8e8961,card_recharge
8be4673bb38b57d97850659f9401c482,main_screen
c139a1f768707ca9c391ae803bb695c4,mobile_recharge
91034d037fdedc954b9273402efff32b,credit_info
0f6c9825362c89e6d4252466549c1742,chat
7839e3fec1875eb67a07af92659d09d7,credit_info
8f41359186c771043b1306cb777aa5a1,statement
de6c8578b455add13fad76cd9761f57b,main_screen
3faba445045d27e86193b8657877e018,card_recharge
21e68fd9e79682ae6ce60209aba723c1,main_screen
7669d06e47d66e1846c9d7ef07d65b08,card2card_transfer
722d018c2b63314bc226decce347f46d,main_screen
7698ac85cafba7a0255c8cb116c99e8e,main_screen
82aaa848369c6043ca3bdc04b8b63f4b,statement
e3759127bde9d285646d8bfa42698cc5,main_screen
37f66a73dbfa63ce4a57f1a238241ab2,main_screen
645b464dfc31a597aaff45b7324245a0,main_screen
f8d77794baebd9b810d17b196125a9f7,main_screen
1c6516495474be1e2e0a425f5b991f73,chat
14e460a441d517323f6c746e55c15f61,main_screen
2bfdb6db56e3711c491ec3e6888aacf2,main_screen
e49e47047ab7b6bc80aafa52919d2a8a,main_screen
49aa3db8829491e4def0db01ff5f1f4b,main_screen
aa0a05867e6a85e815caad74107e89d8,main_screen
4caf45ca78c1aec09394e8e0e9e425b5,credit_info
adfa4a9d61e2b7fa79a6d1976e3ff646,main_screen
f80f9f8f3f7d82b13dfdfefae08d06ad,main_screen
a55a117bd901adbfaecb13c80cb8dc1f,main_screen
49911f91efa6e4cb03cbd218194b7331,main_screen
c6aa2ed1d1abb5a932845f7a41cc6a98,main_screen
7fa7e34cebadc2e01d2d4705281b3bbf,card2card_transfer
d10b65c7b4bf6477572c400b2f212434,statement
df1cd4d9597a1c21c0763de53c4b9333,main_screen
eec5e7b836cf869f07b383863aa48afc,main_screen
01338a8323a061b1749c7ebef864c4a2,main_screen
42d901110640ce6a2c149198891c8b14,main_screen
3368a14f8594838d3f4b9c89d00a51b6,credit_info
3c4703431370d1428baf1ee35d617e74,main_screen
66bafc3b782ba537fba626e02139e7f8,statement
92d32124d40fc340a08c30e66323575b,main_screen
626cc4f227da4706436bb886ed3d6302,card_recharge
c233c6cd2280fa9bc16ebc4bd2ebe019,main_screen
59064ffc2f044e2ade7ab97eb56bfb21,own_transfer
e3ceb2ebf95bb80779c9c6925c33c827,main_screen
1ae7a37929e957c14dc6c0ca014fdc06,chat
60906c96a209f6fb1d7b125bc65fb3c0,chat
186aec8a5fe646f9e118e37e262391ab,main_screen
82664009ead17595f4ff2266ef896b9b,main_screen
0eff4a6a2741a6cb67ffc83fe0c6ffd6,main_screen
42b55f15d6f49bbb79bf4be6c6d4144a,main_screen
dd21f5cb9495b832c81f760c078fed5d,main_screen
620c9994ae29428b07793314db035aef,main_screen
bc3092217787fecda531b63372fa9561,main_screen
6b4510eaabd6f5f64291212d28f7a1d1,credit_info
a5caa6b60b19167ecaf7a912f187989a,main_screen
6e08d227e5f762f6fb8415afb6cf2d82,main_screen
2261b07b053a44352b8faa564431c0e4,main_screen
cb6af6455db751b3d86aee87ec60b80c,main_screen
4f458d45f3785e43fc23804455c8de87,main_screen
80915eed4dfff906fc2fd55a4cff0ea4,card2card_transfer
794922a8fdcc3760a92da29ad1c07c01,credit_info
a9ccc6710e2f87895cfc7d85912b5f33,chat
e1e0d759e8c4894c12222cdaa3ba5105,main_screen
52f5561d9c19d5977989d8d5180819d8,invest
c3ce64aa9cf5b779c2384c1346ff8253,credit_info
ad728f6e054c3a15a1f0f72d5d6de258,statement
5aed21225b5840c2af94fc206a154422,statement
aadff406d5aebba5e8ef0426c7301432,statement
b6a556e32bcbf5c1f57e3c2e45e3bdbf,credit_info
43b2d11fa40889ff14483d6cd5aacc5b,main_screen
3647931ad5b5a273458fffd0a308220f,main_screen
60ee763904b25a8a00460a512b80106e,statement
25d80041a38b697f4e494c9eda1c51ba,statement
ce203653c75d9dd1f694059f63c908cb,credit_info
bd5746213d1c182a7ad70d205f9734bc,main_screen
718a6232211ed3de7c101421c6537be1,main_screen
00a92d6074c5ba7f22d911bc462cf04f,credit_info
cb02c2a04e4bc73485559e809f31d68c,credit_info
132fa281869eb1f4807b39f18f6f0e52,main_screen
0e5dcec109017ab5aac4e75d21f6340e,card_recharge
5ac7783c758269108b2aa0730ba8bed7,main_screen
81e499e70d44c6e634acef4d50de1560,credit_info
fa814b6488e51800bf9dd59bbf8ad6e8,card_recharge
5ea1195e6a165c5673bbecd8e579e71c,statement
1551ed391ef415ea681038010e6eba87,statement
a73213103e477937f74319517b6d6fe9,main_screen
91bce20e516077873ca9aa65c64b9409,main_screen
43c6773d560ce3a7ffa342f8c2514823,own_transfer
daf99571385c08e61d6230047739535b,credit_info
b18c24d61e553b4bd02ba1da317e6e81,credit_info
e31f08a7d4047d968f449a649cbf0391,card2card_transfer
9471714e351a77476c2760d5b5a1bb55,card2card_transfer
aa82b04b79d57ae00c606ac3500d13f4,own_transfer
0ba0cd94dac5c144a727617563139be0,main_screen
acffbe0bf0f1a5794e8697c562894fa3,main_screen
cd985685f2b1e1e4b40720519d3c7e9c,credit_info
530483b9d8e934e1c3cdff30a41b0cb3,statement
5456453c8e70f0bfd0d94fe41b5b236f,chat
e277de73ce5b962ecb27029a3d59e0a3,credit_info
714298e2e540a488a04958905e2de7f0,main_screen
f7984a7b6cb78d9336c85d88b16a6b5e,main_screen
8d33349f0ded523e4398509b97abd853,credit_info
ad0cd90701b5f617adc3c2957378ee4f,credit_info
6b0d4aca43e30ed9bd887e04ec3cc1fb,main_screen
050d0c59ed3958e9bcc905ce0bc67975,phone_money_transfer
67ac612adaea6c1b1a19ae74fe57d9ac,main_screen
1924b9ded87fee056fe306324a1df895,main_screen
1056a411d5f042f5b1cf3a3d50a5985f,statement
97621fbf7fd6333e1a0a2d66f821c36a,card_recharge
db92a969fdd61b48f62a80e89b763a8a,main_screen
3d29e931684ebd9070d728e08cff83bc,chat
a55ef02c0ab58896bfd79eaccf16e73e,credit_info
da932dde86784b0ba68e0e8009adea04,main_screen
1c96885fdaa514fc187127804b709984,main_screen
7bd8b132250f7bf68b34201becd9fab8,card2card_transfer
22b983100b7e06d5949f2024f516763b,main_screen
bf4545041092372616b6b64c5313d33d,main_screen
f2865d4a717e15194ad892a5d024ee4c,card2card_transfer
8e0d3f9ca64c027261919cefdc4b2668,main_screen
187249d14e2905c6c6de58f0511c1e4c,main_screen
9a67025898074893e189292cdf183984,own_transfer
f4428875c0e2b7f17a90c6d452b5810d,main_screen
daae02c8ac35f00927293e62a1117336,chat
d09765e25f87ac6963a64c2000348ae0,statement
b6fd9824247bd694a2bdd2907f1cac2e,main_screen
3eccba71b19a5736d812d9eb4d5bcf1f,statement
7108f4e7c65b66f766fa4482ea3afbc1,main_screen
b8df95ad73b766b814ee53f8077dcaa8,main_screen
ac47a9e5e43630d224fdb6e6c8107ec9,card_recharge
456bb309c61ded9ce133809581936bb7,statement
4f53cb3b923081c18fbc1308b9d7ab6e,own_transfer
999f10d041f17dfdddeffd7a25f39848,main_screen
666a04fc8a53d17c7535cdd1719fe214,main_screen
422007c19747998c5ce83e93f4431e68,main_screen
e4f005df7efc2125111c42d807c927ee,chat
d9727cfb7722d0176f73c3393c8dba1a,credit_info
173a98a90e9acc6c0db85ebf779ca36e,card_recharge
cc621ede1124b79d4fb1d7911e1fde3c,main_screen
055c2270a66c1671669866a12cd0dc06,phone_money_transfer
609aebdc42006fe8dfdcedf48c231bc6,chat
abbf2b339024df628bc18d7ad33d4300,main_screen
d15ba181bece168941d4c5e722a6ce94,main_screen
54c1672eea1a925f21cca5f80c77fe9f,credit_info
2cb443ba12c6e8875ebfdcea3286c29f,own_transfer
03646e27494c762e088bc77551cd717c,main_screen
ea2f490b58059e0f033e534865b49b1f,main_screen
0fc90ec3d2f3bcb5ccf22d173b3c76ef,main_screen
f2e63c999a1a5b564248f88e3682943c,mobile_recharge
fdc0a85dd1b49412af19ba4c0d59579b,statement
9ef605d40713ceb6fc940cab3dfda105,chat
796c0f4a9f3f8acdd1ebb1af32c5a51d,statement
232d6caa55e97fb44c4a3d3a3a0958f9,main_screen
4c60f2c43ca0d00ddcd660f92b3edfb1,main_screen
821625e89285fef0c87354f15f9536db,main_screen
1ad203c6e2244a144ee23919ec245978,main_screen
5f9a6e96a3629c96464416cd41d5c3df,main_screen
5ecdd43221603400193a4623d52fa653,card_recharge
42a3f9cac1c8d44c8134b17368167032,main_screen
dd9954cf029dfa30ad2a5bad0dbcbfa6,statement
164b8b5e306de5f4d926f88e6cbd9f6b,main_screen
552be898e7d654ce3aa6b45a47616e01,main_screen
0ae4c426836e0270b4bfcbb8c4023dc8,credit_info
603527a03c1ae69a4a23bf0d5dd27017,credit_info
47d1208dff13d600a67b74f94aa097e7,main_screen
cbb86d933afd7091881e0d9dba2588bf,card_recharge
2800e2a008ba64dfdd0ff726c5dff80c,statement
57be646f4fc813adc23b72c5e4b90268,main_screen
8c35dcea3294724a497361dd227db690,statement
ef05dc1f28ae2215f072df8c7d567ff7,statement
3f3fb0b2b2901fa6b26ff10a050368a4,statement
e719fa6cee7db85cdf57a0ec1ae325f5,card_recharge
73983736ffa07fdc2607458008678587,statement
c69824686061168b2df9c73208156d2f,main_screen
760a578c32a7b62b496eb74e873c5b88,own_transfer
56bef49762fc531fd70146c5beecd703,statement
7bf00d2d88d1ecad85a30066d1b021e5,chat
7b1a5876ae5a7383f9c75276a30692d4,main_screen
4406bfd7770da78d2a97c2605fc33a03,main_screen
0d82c3e5e48e0edab220806d65c42498,main_screen
01d5fa10bd89f84aa295c46993819e5e,main_screen
b1cb540c188fbf5b829d3c9bf04c05af,main_screen
6c035dafdeb17783a6c51351ad25e259,statement
1cfaf2acd4623ef105e0f1453cb458f9,main_screen
888e6314b79a639323752fcc55578147,main_screen
63175a49a7d1d6b6871fe7c718d60c98,main_screen
a42fc4f7a09ec778a6fc1a6ad675aac7,chat
6c7416bedebd40e668cad90544e818f9,credit_info
171dbfda1765d93ef88ab56fb0e53882,mobile_recharge
8c579b3fa8c265562ea64247ff30d57c,main_screen
8bf81cd168cb4e905caaf1c37c9feff0,chat
9d1e217fbf291e1508e69090458754c6,main_screen
c9c6772bbabbb486646d0e53890bfaa3,main_screen
a7334239f61162e7e33b419ea2f2988c,credit_info
a11086efd359431c72f63bffced32f01,credit_info
dcf1eeed437aa2fa741312913bfb08a3,main_screen
77f5db0debbf3c23623e82311dd0ee06,statement
224f67b3f083d433fc61c13eb7f8607d,main_screen
692593a6cef7fff2daada9d710ee9295,statement
85c2edbcb130c78af4a09849610755f4,credit_info
6438eb85d546a6bd38d61cb0f6f40f14,main_screen
de20611bb862b2d55fceaf6359e92c17,mobile_recharge
e5b6599a3672480a9b67fe0a6ba37a55,chat
9e451ebc6a73bb7e5c71accc79a58f78,credit_info
29aeafc493aedf2b3b27cfc8be5c76a6,main_screen
a6273b10f52dffbc172ed2e270cbe8e7,main_screen
79d30bae4073c23e4fdaa72e7c587400,main_screen
698de3273f450a26953290dbc01ea3c5,card2card_transfer
ad409a8a241fd74ca242e8821f31dd8e,chat
4bf1985833fc854d04b64737b3a5da7d,main_screen
e1d0f09cafd35578cf01f36ea9a07a46,main_screen
544d54c8dd460fa263c404b10e1a95fe,main_screen
c40fa80f9a611fbff3d1a597ad3db7ae,credit_info
0bb71d1c17b6843cf4ddac675cc551c6,main_screen
ca9fcd93c377b1cb8cd1aa8e4c2108b2,own_transfer
80f4d6eabf9cdc97317ae1e236bf7173,main_screen
d4afda2bf473b60b2858e71cce149ab4,main_screen
fee124b352632a4dd9bd1c363f015c6a,credit_info
ab7afbca5eb1122c684215bf4da2f05d,credit_info
25120bc39e31d3734d6735ed30caac32,phone_money_transfer
7c02921007afcf810d1e330dbb3eeebb,main_screen
35ce3713516131d654987d6272b9cd65,statement
2af3867a781c29bcf51eb224548284f3,credit_info
1a85713c3c9f02ad95268fb9bacac6a6,main_screen
a5314f54d18b16f7d95ba0f793a457d2,main_screen
96a3634f47334ef163619e775df9785f,main_screen
254b1dead2de0d9402567f9aa112aa4c,credit_info
9a00a841c1fddb0a7fba07a4723071aa,mobile_recharge
c3557bc053146457f497b651ce25b620,main_screen
b69585b800e1fefd6806fefd14dd0816,statement
f97b090e919f91aa2bba4fe5143feafd,statement
416fd094ccb7c69579c346ebb0b6776e,statement
0530964af24088d6828d3ba18aba2a4c,main_screen
14451809d24a00964fe46832bb85467a,main_screen
56613c1b2c304a89387d77ed463a8485,main_screen
d446460ffe7b27e97228d5ed6111bb5b,credit_info
d1b796700937f96c96019c8d6f3ce160,main_screen
dffad5b25ea7272860ce28915f5eb8a5,main_screen
fddb7138a974eac1adf4e4ecb8f47ed3,statement
0ac67a09d0f0950e361d9eaec3a2cff6,statement
6a75a87b189cb7c8473a58f779f7625d,statement
50c34300dd552ddccc7a9a037f573993,chat
7f68bae0e7757f3c1de987eaef250353,mobile_recharge
3911d3ac015e64771c94a8875da1bb21,main_screen
2db9e2e4ee673b789c7eb8a2d6ff0be0,main_screen
5fade8d02516409b8fc1149d9a9fd30b,statement
29f9caa8dcbe337c545e71604735c9b7,main_screen
b7e4341f9e751f33f581168c53e0f823,card_recharge
c9421a1aaf4aa2dbd0c8e3a9d3148d8f,statement
d2aeac634273d92951e8b33686792d67,card2card_transfer
176bb70b6f819a056b4e8c733b6ef4fa,statement
b9e0a1aac583851e2e6e99055504e0d7,credit_info
1513938675d745eaedfc8c4b01968ace,main_screen
6dfffe10f8b3f4ed092762a3bb56fd6f,mobile_recharge
010716eea0e29f38558e30aa74bf284f,statement
8c3333eeb51f883d1752d46ded2ab425,main_screen
3d9b69837083c699cb6439cd9ab8ad78,main_screen
a2f90e7ea6708be41ca14d62e24133f9,phone_money_transfer
fd12940542a778314e89809b878553f5,main_screen
a11a0f09aa1abe3ab80b5320ce85a40f,main_screen
32cd33a939a59b53d3b55d117a91c5df,main_screen
920c19cb8d03d6f2d372ba15676e47e4,phone_money_transfer
e09ce2cd844c222eeb7ce1f5c0efc1f0,card_recharge
3968a3038db3663989991bb090e89688,credit_info
8b85f96996c651f70cf2afbdef4bb4e7,chat
e88a0cc7c8f032040c58c10492bc504b,main_screen
0976a1a4724b65ad7dfbb433e0193a27,main_screen
9b75e00c4645cfc8945042be7c69d5b2,main_screen
f26404b198f696c04c2f131aa5c7fd77,main_screen
f1d77e2f0ea72b744e70e287736f50fc,statement
e61f596d963650f8e6e4737905d3aa88,main_screen
89384ab9bb83e16e29f3f11274dd8d64,statement
ad5d1d77e00403c714872fc401d1efce,phone_money_transfer
67aecbf00e63133077952a264ed46ff7,main_screen
56fd50a41880c89ca5d279e484a9acc1,main_screen
c09c7d7cb849e652159fadb5b4492087,main_screen
d292c7bfead38071bb1bead876490236,main_screen
3c92e44dc804ee5c0f392f422cf81ae9,chat
d2257d99875d1e60ae1e3aa327bb1094,main_screen
a62bd4451ae5144cda834a7974dc022e,chat
8327fc19598d0f6ca43e5ae5be034984,phone_money_transfer
a0a6c6f5e4d9ed70e0c50b8e4d61c9dd,statement
0a73954b251feec4f6cb455c4f0f7f32,main_screen
304765e5fb6b63e0a384ad0c460bd20e,credit_info
34305ccf8db3a5f8883ddc6716df5b5f,own_transfer
376fdf774afcff05ccd8bb2bf6ea5d37,main_screen
6f505c536d47597d816bea3ff668bbf3,main_screen
d2783f0ac3d48218f8f3af241ed1e4b4,credit_info
29e5cc38e3ee6dd0d114da829aafcd45,credit_info
1ca046e2cdc3f6c1902095bc4ccd9203,statement
5e9a79371b3fc028ef32e1fb1ad66b6e,chat
659f82c2aae13e186400798bcb059fa6,card_recharge
57af309c84c76850e4fbd750d0f19c85,main_screen
abad8fd99c80a472ce3b2883cf7f66af,card2card_transfer
4c49efa28fd703e8a32632b7e5634b99,main_screen
0c2398fa491a8861a8ddc0e220f1b5e7,invest
4cb4070ee4a72c86e841f0ec45c1f07b,main_screen
e09263790bf26e27b3dc8328d7d26b2d,main_screen
a51d26c9a688e0946a8fbe7498229db2,main_screen
e2ca991292a84dbdd1bbbd7215aab483,phone_money_transfer
80823b9619c966a42801a750a7c09c0f,credit_info
017478227223b17671f2ff397b73f94c,main_screen
3a961d77c705a98bda07c95340054ebd,credit_info
c13d7a1ac586b7af29fe035bf930cacf,credit_info
f0ebca56e9eb374fdee9583748038b3b,main_screen
a5fab3677be9bf473390cbdbf8847714,invest
3f05642d9b704c31fce553f87a8de1bb,card_recharge
d2a9a96113b17fea2f19e8ff2cdd1ff3,main_screen
894321cedfe602dea0cf144a14260413,main_screen
d69b88a0125928d0b58623b661c19d02,main_screen
564626f74da1c436c4fd2818677d81b0,main_screen
7af6ec502b13a2d7af4225233fe2ed7f,main_screen
64b5c7144132cc19af00c5d266b05643,main_screen
b96fc02269b3f2fec0a1657a1036c74b,statement
7da890e260adc70e2a282802c3d44f1c,main_screen
699858692450e0beba94d5113e55b04d,own_transfer
02c835aba38f0424788e3709862c7189,main_screen
c3d9eca48f709048b57c530444cef867,main_screen
431c1c5dbf638279b9067cafc56d06cb,main_screen
a27e5220f2c8d1527f2556eb6ac510a0,statement
8a9580d44987a817bf1302185b46e231,phone_money_transfer
1e6560f0db046eb897603dcc9fcf56ce,main_screen
685b5340b07e12445aed02117e13cea7,credit_info
70fe862f2cb7cb61bd2089f394a4fb23,statement
36fa82085e148fa9cfdbd2a4551dd120,statement
9d4a427bf62df5488446e1bdbdd5224e,main_screen
37511c060ded232041d74a0b4366112b,main_screen
ae4cb7d7efbd15141459131d3ca04f08,main_screen
9c172ed83327d3d48fabaa30b2bb6044,main_screen
fd045bca6f215502b6e78c10719b1eb8,main_screen
b5f97aef22ae6aa338c9712569693af2,chat
7cd8ec1ed68680aca79965c92982e157,main_screen
15283902fd1c2f76a123c5b44851469d,main_screen
dcc5ecf10949fb840938816fa05745f9,main_screen
bc6a374937f539de136d90fd93571857,main_screen
d70367ff7386ae6cc01fb30d04f63570,main_screen
39fce79f113670aa5fc61efadce1138a,statement
3dae113a1270e309e1d9b0e6690e1d0d,invest
0e16a492455c74246d26a021fef7cc8b,main_screen
132017723eb925998b46b8552d812962,credit_info
cc7046dd4e0a063e24fbf2429a652510,credit_info
23caf4a54b08c47f860be50c5773f566,mobile_recharge
9ac74160928daca7556c0f075a5e0d9e,own_transfer
25bb6e4f80655896cb682898942bb660,statement
d053e9d392f1503a3883889550331f3a,main_screen
240859eb7c2d78c5a59a87e77fe8bde7,main_screen
eec819dcfe73b23bd397dc18cabd0958,statement
fa1e2a58807e55d95638d88e1f90325e,main_screen
f47b62eda053f2a46c8d9fdc6d15db28,statement
16728b7a4eb7c1e3a1f35fee6916deae,chat
d455fbd9bc435f9cae5aa9695b36f1a1,own_transfer
90ab6a9b27097ff7146ab368fca7b175,main_screen
0f3a22717012c8e33b53a329fbf5cbbf,own_transfer
06c0ccd13427d222ec5a47e03eda94a6,own_transfer
5b6aef8f7b8eba33db4a639cdeac1b25,card_recharge
f6c9afa8e0088c6e0c3d80125d5d566b,card_recharge
76f06a2e3e7d96c8b1ff08a021265d57,main_screen
83e2f9f68bbe0d2cb8a20bc832aaac90,card_recharge
ba10e5718f3c275ae84222116d8ad52b,own_transfer
6825bddb53a5011604f9ae5222afc0a2,credit_info
7408523eb2401d05d9ce2f181d3ca817,main_screen
12f41689f1be7aaa89e132a6b187e278,main_screen
079f7fa8a76d01c5dba83aee926c5791,chat
a31786e74d5eff8383b6a11a86ce54c2,main_screen
3466f8b458d2c8ebafcdbbe345f36ba6,mobile_recharge
a1259cba2917a2a8042baee3728e25c0,main_screen
6b86f388b016358f827e5d0aced89a9c,card2card_transfer
014d0fcf13dea8ac5d4485b4a4da9ae9,main_screen
c05f950866f193fa3545f91db8042079,statement
9cf50ad05ed62082487f8847070a40f3,credit_info
0529891f73942cc9b6b7af8ea5334ff7,main_screen
b5f4d93534af49dca8b908df14ba4c94,main_screen
a80fdfd57d9a20d2774a7460ecb394ce,chat
64b1065a4cef90a5579be5a976e024f1,credit_info
6b4e93ca7b0483a6d0b9755c0f249588,main_screen
94a53bd1b2a9626c38593b39bb433acf,main_screen
1c19b04df99247dc3ce0fbfdf1c3c296,mobile_recharge
ecaae4ee25c551586d11a04dc38cfefc,main_screen
1b05c3b21cc9786a0d5e4218ba3a6041,main_screen
f172ee5e96a691c249e27e801523192b,main_screen
bd0d86a31954f23734f022ae16c392e7,main_screen
4495de93038632176f9392e21ab686f7,main_screen
4b96d9ea8bd3c6ba2c177eb81073a768,credit_info
c02fd9e54b7e8900c74261e44570ba47,mobile_recharge
ecd355e5f541cb1afde60177d098c1c3,own_transfer
92781c0bbb75ae5575d512fefa131cb7,main_screen
b19d3c7e8b59f583b178a5687454046c,phone_money_transfer
6384c7ae1893f4bad60929bf7b301849,main_screen
dc7dd9d5a04c2f616632e60021092a05,main_screen
81538233cd289d5068a56a75cf8e251f,main_screen
1163f9139b7a875414fe293c08c4214f,credit_info
73392919c7e0d9ec40575ef365c45601,mobile_recharge
6d49937336e78cb52c4052adadee16a3,card2card_transfer
b05292c181be915aad5413145eee6454,main_screen
5f66310a83b779efeb9d6a45cf34992b,main_screen
c9c876427e667a8b9292ce988319a89b,statement
6042de9d8298496dc96b8b097ab59171,credit_info
3e6063a5259209c0e44d6cb142fc2dec,statement
b2a6f78e93337578b17fc0d47015817a,statement
12a33405e06693d187aaf0ba2b02f382,main_screen
57f394e003299eaf4a5a481d3af0c398,chat
03d75b23a908c3d1c6fa360c9c0995e7,main_screen
f126eed8c30272c008987d7b228a4b8a,main_screen
ad153b318065b766ec94b32aac598cee,main_screen
e9a0e85246884949b423a4ec01ffd88e,credit_info
7bb17c87dadb6cc2a1973de63668ee04,credit_info
3c9655cc01c74882d0d2d9147c34398a,card2card_transfer
d2ce047f981697178a3a19f156c49368,own_transfer
a0df3fc3ed3c8bc520123f79a8b80116,credit_info
5740fcf4e5f90c5db82d471cf35efc54,main_screen
4ad99f225a37cea9fd3566d7c05e9d8c,statement
0592a7af5272b0350e83176a459c3cb0,phone_money_transfer
66ed09cf34cded71813c34082f639f4c,main_screen
0d2e2932863a57efea0d98bf3bf1204d,main_screen
8dda46b03c4ca2a12bf91efb5944088a,main_screen
9ecf76b5f9a33f0e19002510c67a8a27,main_screen
9727626698c1921434809abcfb0cb7b1,main_screen
fac827ea0676fac3ebe7a3fda067d82f,main_screen
6099d7d708ea93a6cd41b28b265771bc,main_screen
fa9564f5678d0d87ca043c5ff0d1985e,main_screen
d4c5ffbbd47c9216da93dd0aaef28568,chat
cbc7307e48a0a3de32a29690c1a28406,main_screen
7e538cc0c6e0032f3401127a70dc9de6,card2card_transfer
fc45b267254eb32f08cf128a24519c24,main_screen
d218a6240993d37e56f57aa920b7a20f,main_screen
82e056a0753d284763262dab24d086be,credit_info
bc5b6fdb88f3262d9e1c0ef12e56e1d2,credit_info
197c4cedd4da1f3d70dbeff35c7195fd,main_screen
c0bce5fc2501ecea924ad18b56df18fa,main_screen
4661bd737f52c6ee95e23046462558bb,main_screen
1839bf9cb78820dab00ebdcaf956cb52,credit_info
b20e473fb64de331778d84884dc2c8b0,credit_info
9237e5e7971c99b54d2223cca59da24f,statement
fa632eb997d101ed8a13fdcde9d4c99a,statement
fedc0ce64147bad46c7184033cbaa07a,main_screen
c413c2db8ba77fda553508f769e61740,main_screen
d03271607a1debba2eba5cf59badf571,main_screen
6b3047b6ff791e822a612310ec0edc46,statement
032b3a2f80789f42ddf6305a368f0e95,main_screen
10f3851c54f59e8a8707b82f90ab4c4c,credit_info
cd14323da237570f6a51a19a6680b7b2,main_screen
358100a51347c119fb9f14b3a6b960c5,credit_info
628df0e08d16fb12e157c2062652d187,main_screen
82698e83ab0c340f7f82e0b93e3c4820,main_screen
1d0fb0fce45970d8e2170dff20b80b9a,statement
62aff9fd3e8b69eafb4f806c5ee56de1,chat
46dccf35f51d2145c0f40cc749d66bc9,phone_money_transfer
7528b15a1a6a8bf075f95c3c4f56978f,main_screen
a3e37b00368ebbc36348a52fccd890ee,main_screen
52e0697511cef35e3b401d91be597927,main_screen
aa936ba2cea22f8d4adf5d1e5897dc04,credit_info
437a70bc1893ddb22e623f6342b0307e,credit_info
51a3bdc14ffb4be2a8247429e36c2ca7,mobile_recharge
f2f15142193be8a3e1a5285eaf5f9ffc,main_screen
efc48dc126b43a6e9c6522f0af267ad8,credit_info
0d63f376e293bfb3e5eb1893340ab391,main_screen
323032204f18d43cd68c97a4e4977bd7,own_transfer
03d3f46c0ae10103d9a29cedbf9abc45,credit_info
1767c12bab4b436b424fd9528c5ec668,phone_money_transfer
dcd3a3252861dafbca6e96034e7e6c60,credit_info
b3d065de6a91bf4e03fcf2616954ceba,main_screen
339ac0e9d8f2823dc7c348be67ab25a7,main_screen
00de7f317db470d6e3dadea240ff9a56,main_screen
2bb7172d08a6fcabf9c3aef6d79e30b5,statement
f793ade412f74f42ebba0cf411bad655,main_screen
f97857b630e21fed8af6e4b242bab96d,main_screen
322e834cf08d611fb2bfd2ea640e1cfa,main_screen
74c4ae6827c30534c7e71af0a184ebdd,statement
e28ba6c8cd42108d825de45fd4e7340f,own_transfer
c9e90b2e62189e4d71e55751dfb49c15,main_screen
87646c2e6fc42566bb582d3ca6d66013,mobile_recharge
9035bbe8cffa745c884d6f6738b865cc,main_screen
63835a0dd3dcc51f108879aec7bbd376,main_screen
ef158af1376450508f3ecbc77588592a,main_screen
4cb849674f553f0303921934d746513d,chat
8a2994a99490b0844b8ec3a59f60b9a8,main_screen
bd8b0d8d260a1c6f6fecd17c95461e1c,statement
bbc897545148a632622d278cb869b5e5,chat
014115a0f64d81d5bda9a451db2c645e,chat
ad2c1be5dc16224f485acc8062abb498,mobile_recharge
b7af6ef257780a1b7cf37b3ed22a5910,main_screen
cd7e9fa63b5f542c66057ed9e4407af4,credit_info
e55d93047ae4f3bfe5b2bd04a7531cda,credit_info
7c73150de035313148c948ab948d402e,chat
d5e1def991c2acfcdb4f8485960c1b66,main_screen
24bb5da7cb4e57d327f2f0365605b582,mobile_recharge
4f2f73ef8b6676376fea938501d14f0b,chat
72b1cd2444f60b5cda4b1561cf030dbe,statement
8495512a6dc50689d37d229af24732a0,own_transfer
fd8ff9deacaf1cee6fadcdb2ac116384,main_screen
2fe5608357ad2161aaf9f644a8427050,main_screen
a40b39008c64cfef8561d1ec590cf3af,main_screen
bc8929903cf5feff95ec09eef90d2e01,main_screen
d4d02c0b0f8435dc9dbacc4541e14d1f,main_screen
7b696a0fcb96033e3292e92bcecee46c,statement
4d5c5186cbcd8cd1cc493168559955b9,credit_info
73e6164053ba1b9f79fb697b574be685,mobile_recharge
964a12504af6934784cd52bc971485eb,statement
a1bf6e82b56026d4b89739830175aa3f,own_transfer
33569973b181b52988ad496cd8aec28c,statement
6e3fc57b88b037b4b88cef95eb48d12b,main_screen
ec647c2651289e9a6f8251b55a269a1c,mobile_recharge
9c4415efc6ecbcba2b64f4e70d8f214c,statement
8363919867de4f8affd3e78e165718b4,main_screen
c50e5c4162c5df618893c197808e3935,main_screen
c19c24291f89b1a20f7bd15f98e1d2c5,credit_info
2e05155886d832ddbbef69f785496f1b,main_screen
ef1953b0ca9dc09c1c2415a0db852554,main_screen
0436581a5b728d7a02593a1d30391102,card2card_transfer
452fd1145feb481de338a6f3ef829723,statement
a00881a234fcb27941d17e06e6613e00,main_screen
3281e4b738297087a4f0b0af5e6b377a,main_screen
65ce15547c4202bda0ac553f7d9d44c6,phone_money_transfer
2bfdfe36021b7e0bbff41370b476f928,own_transfer
ff6e31348fd043b446852348d11b9630,main_screen
795e24cd8d64f0865cf3a2872c5e2f7a,statement
7b2f154bcfc8377c3fba23137b02ddee,credit_info
6b6efc8c6338561ed084cc663ed0814e,main_screen
81e6800fff558762d627b1512c376f2b,main_screen
25ef614f8bfe98d88dab1f2a30224953,main_screen
24d8d481d6d13f21b9d25a58f58a35d5,statement
231dfe7bc885eafb97a551420ea54d42,chat
af323bafba7d3bb5fb6470f929669f93,main_screen
f41ec6665bee55dee98eaa9e282cd87e,credit_info
0d79350a0a5dfe37deb021e6c9e1b18d,phone_money_transfer
c2f402dd4e9d249411f16d24695ead80,phone_money_transfer
ff760c65cebf0199d5e5ae44a179f252,main_screen
e0b4d7ba0ad6a2912e157b3eea675556,main_screen
908f4f3633392096bd669f0fb54705b2,statement
96d18b68bf08de3e657af6bacaf4571c,main_screen
73db6d93e7256cf0e4952294623aefeb,statement
6850e6bf95b7b1f7bb4bb3209f6c1884,main_screen
4cfedfda6a57f4eb656cc3507c496a8a,main_screen
97d0f95a78300fe6c5f539136acc08a5,main_screen
1ae27cdf1ea0119ae013114ffd605e9d,main_screen
ad2eaebdb9c6f63192e2fc49f66cc8b3,own_transfer
b18bb976b20aeade5be352c22f06e8c9,main_screen
fc8e4828c318fc68b804429cad7ba14b,main_screen
a1468e91b6906ed4bbc85cf35257655f,main_screen
f50d289536f1f722b23ce2ad4ec701f8,main_screen
3830801b50c08eecb81796a4928b5ddb,main_screen
c8365c68514a43b89eef39bb8713c85a,card_recharge
29ddccb11f7f5dfe71ab91512abb6b50,main_screen
7fbb70bb683408ae48c263deb72cfc7f,statement
27d88e4b4cd7c2c77ce7b2d8f9886008,chat
7c90f35277d1284f746afc0c4a0fa48d,main_screen
ee291675182c556a2c0fbf856853755d,main_screen
23bc36ae8e246e73289cf19f12a9b51f,mobile_recharge
0db0670370a1a53e9b663e0d5de913a4,credit_info
cb7d142436f72923881af2fe1c9ea629,phone_money_transfer
c03925fcf5196105df3d4904054bd0b9,mobile_recharge
51ea4c6bb8627fada83a30a1b7078daa,main_screen
7769061f4ddc22735827b5c4748e9cc3,main_screen
704741480249ec89b2387b0c60f52458,main_screen
59e5d992a5eb2ca79adf6e206e7d0dc9,phone_money_transfer
b5a7d65b6c74af0ac2d088b0ffb03552,main_screen
698d8c615a9053652fd6a80a42e9d9e2,statement
04b186c4dedf5c015661d0d2746e7bcd,credit_info
a7457db91ee07356d9699bf8c8e9c055,credit_info
55ab85c86d3685409c2ebe27a378a943,chat
d2c88f5af389bb4e50eaa8cc96df1164,chat
5c8c6d2d2192ed8f7f22ebd9019af50b,main_screen
484acc87d83a881752c6ef06404c27a5,statement
90294ea3d7ff9db74923d0cc60b104f2,statement
2dc51e113a73d6221c52bb6ebce50cb9,main_screen
dab4b52a88bdcd9d8c86d6db7c8d0359,main_screen
86d8e1d5e56193550f5a2f607519ae95,statement
d50196fe50922dccf5142a2613f2778c,credit_info
d97906b7f236916e60b87127c416a9b6,main_screen
0b903e4724cf6b9890ec98cf145136aa,main_screen
479624eea4dc6965e742b3b66f9a783a,card_recharge
d98df47a6a0de495c6787daf9a96f325,mobile_recharge
8597e856f8b18a07f31607d2c1a616eb,mobile_recharge
b7310e76590f1f08e93bbea98a0220fc,phone_money_transfer
ad44fc921bbab436b444976701f998d6,main_screen
d96c2fd623d3aae033605053c82d0bb6,main_screen
92b9523158a0d2b5ff16f60f51a5434d,chat
0ded10ff1a9ea28e69e95471a7fbd222,phone_money_transfer
8d0c128516e8870e7c5cacc733426c90,statement
ae3aeb6dbacfc45b2fdb0124d4a5dc80,main_screen
bad20c3c178510534fa8e88cd9df028d,main_screen
2bef15fe831ee7f9a96f2a26be2979d5,chat
9ecd200fd22af05bbae6811f52897768,main_screen
b2397e9532f5e0bf3dd8fc3952445a3a,main_screen
c5198f951dd654c22b53334b3bb76dd2,card_recharge
b25bee92d0ecfa16b3a4703a45a8d25a,main_screen
a1aec21199a2a814230598d75a57ccda,main_screen
51d0011f34e3bc64f3f3bd934ee7fe67,own_transfer
ed33ed076d0f6e0441eda277cd1335de,main_screen
0726f1ec9ecb3be3ccbc8b678fe05852,main_screen
15eb9565abdc19f8905be8a8940a8c94,mobile_recharge
fa2e5d35dc688dba3c60cb2426bc06ea,main_screen
16b502ce5e657aee06df39b457f1d208,main_screen
80d37245d9c40a4a9c50f0c34c2e62da,main_screen
b193dfccb5f3d736f74126c63a4eaa41,main_screen
675b17a230f9085b6f3ae24a248c1ad8,card2card_transfer
798aeafeaa09d83cec28a0c35a6a921b,card_recharge
ecfab19594dfe1cc80686cd68e58357d,main_screen
bdc97d6fefae03e26d4c5790107ad6d2,main_screen
c902bac2856a144abf7a8c752185d31a,main_screen
4408c461f61658849fbc26d8abe9b1ff,own_transfer
389f33b436a7432c31c71f0ed93375ce,main_screen
66d141083bad58a089c2f56e6d198d40,main_screen
3edc47f0c9d2d271a371db25f05d9c5d,main_screen
e32c819e780ae59a4409705dadbc5953,main_screen
667f2db3934ba6b8d39cb322b1afa3e3,main_screen
78bdfbc6f20a5261f265470aa0372890,credit_info
cd6d66605ae4dcbd34a45d130744630e,statement
cdcdc2857190822bc299d44e1d89b99c,main_screen
0874e0e613b90d4f37d2ca24eadbcd26,chat
8e8704ef3881f49932942a35f7ef5864,main_screen
45dd1e46ce59b465987257f2e12a100f,credit_info
c621bebae3af442af4acf3ed2013f2c2,main_screen
8d97326e8a333beb1df55c5fc20a89b7,credit_info
c194dcd1154b1f6922912841b5cf38f8,main_screen
76cb090c241ff41c28de92c65ece5acd,main_screen
7a6dcfbb2fe343488ec16e97bc7eafa1,main_screen
35bd299c302812b62ed972b18e657a75,main_screen
8c37bb13e8798c271604546caef5d45f,main_screen
3c12cb1ca8ef4c7e21fa1ca46cb095fd,main_screen
2e71405279b6699ee5a7bf4becbee4e1,mobile_recharge
bbcdcf6eb1cfb38abf258ab10ba59136,statement
67ecd222d46a60ace6306c967eea8be7,main_screen
f8ac59a706d6377acacc6db290ffc53b,main_screen
b9ef18663e6e36f7e0be66e3c6a10d72,credit_info
a84060e74d239b5076dc4b03ef185ab5,main_screen
b8ef9e1061551b187ed927df58798729,statement
b102e88da7a15d0f102a30ca9d6d84c5,main_screen
632f5cd492aa4681f69db4981bcab2ad,credit_info
a4502f17b9137b44ec1e3a50bd729aca,main_screen
d632225d401a37f0a094e476401f4d76,main_screen
93b4c3cb78d33102fc66de8b466672f6,phone_money_transfer
28844774b4eeaa66a0b028d421883396,main_screen
e2d35a3c872e23bd6401c9636c6289fc,main_screen
7da85d293b0eec70694ea5f4120436ab,statement
cf438bf7c808f9e90a41512ffc1babdc,own_transfer
4d95d73d52f195ac2377d579381bb61e,main_screen
8397df01dc95fa50d7e78bc09f9aecc4,main_screen
5378abe193832b9d79602a91dc2e3f3d,card_recharge
2efea7cb39a77e68b0fa72f89b37e98d,main_screen
ca71a8af810297fbbf8a667b28f35f54,main_screen
6c74ae6a153650e20fdc4e6f2f640396,statement
379a88688bbad9c0d6e5eba565e70d5f,main_screen
3fa792df6eafba8b4d10935b4c4cafaf,credit_info
9a3854acbab3cc2c4b93a62f692bf7b8,phone_money_transfer
c143833d9e13028c63e2e13bd97509c7,credit_info
7f4e86cf2291c7c15fe7886c94be1aac,main_screen
09cefda6dd30e2946b6c88f1a1ff3fd7,main_screen
2e6f48e3e9b1748f7e92f07e6c86b95d,main_screen
b0aa61c5575c9b3e84f8d62274123a46,main_screen
f32ccb3869891c72a62d510695469c55,main_screen
36a307f4480e2a41755c0b1c966a6adf,main_screen
83aae15f105954170287c9e01441d76f,main_screen
fcc25cafb2794730366d34ef6b3d4e10,credit_info
7fb2cb90accb4ae1e7984c564582f554,credit_info
41190aceeb8097ea72c0889b9a48f072,credit_info
1c7be3e506110c7ac08d520dfe8d9d3f,card_recharge
8342b1969ad98d9e113d66d3533a6742,main_screen
1e72f0063d8e558b6583ad2e6ac1c989,credit_info
e62dd28fed34639122677cf45769c57f,credit_info
1072ab638d0f32e818a35b527928f7ce,main_screen
e660ba3df7c5f9b5979d47b385112079,main_screen
523aa2e07cb92edf654e4aa1d53eff0c,main_screen
d08109e50f707423aa834a9a13549a84,main_screen
877d8dce460aa440032e8905feb7d7bb,main_screen
463d38672eb6bad47fd41529e8719875,main_screen
dc9391c1d65bdc352f687395ca157197,main_screen
5af994910743e91924fdec6f96788c81,main_screen
970758b65f61f8c287d5d8501a0cdf73,credit_info
a5bccd3f9d4b9299b851d9838a18ff72,chat
d57963035395cecd409377f2b1d36c8a,main_screen
dd1d35b19b6c267cb26a682367d01dd2,statement
08fa5a2d6ddab19ec4aab3862a02d189,statement
b442f6ba2085828391e414ee9fd2d261,main_screen
6ab049076822d591a2ad10aae86631f7,main_screen
828a08e3ecbff1419bc85b03f98ac4ca,statement
5acc57663f955da547dd9dc23bbb91d4,main_screen
cea50e852bc545fbf6236082ef6b8185,main_screen
4faa029256a5ae56bbcbe0ac8252c753,main_screen
a3518d0441c8c47e330e5c7bec8cad88,chat
0b203daf0ace2a7bd2db89b99860d80e,main_screen
a47c247ef6b02fc6c94a5fd8b70c0039,main_screen
3e0fe5be67407e7c3162f1ba6be7f79d,statement
b57065dcdda0202f59ff906104c2cf16,main_screen
e0342451d76336a74d9fc5bd4151e940,main_screen
53128aef5da5f5dc01cc5246011cb9fc,main_screen
d2eeeea38f4fe35789fa93f44e460173,main_screen
360d1f7b9d1d444146f77aeb0e3eb6ca,main_screen
3e155a9b4a6470547258abd14353e439,main_screen
88e360b744ddc1aefe578d87492147d9,phone_money_transfer
df8d94358dcc1368a586a474bf47e46e,credit_info
8a5b08afbe6956b3d9c94dc890cbe5fd,main_screen
f3bd0f0be66cefdf6daf571a46ddf3f9,main_screen
ace8db825043edf07beda6be6f0ac949,main_screen
e3330ac2824d10131061e26a9115e64a,credit_info
ecf788f3c3eab6a2c046dd7b389e512b,main_screen
8c25a70bf8e05969986a5a4417ddbc88,main_screen
ff5c542b83488acd452210e152607c2f,main_screen
b9ac0f11c93264fce8f7cda85e01d5f4,card2card_transfer
6da476c766267f5da35f518b4e3b709d,credit_info
b5cb623272a47b7b1d8ddb682f9a7dfa,main_screen
ebbfc8c52b361ea7384ae956cbc3921a,chat
aa55ed02b7f6762585a0765ebad14d0c,statement
6a3afcc9b62771294ded5869a3d73b91,card_recharge
5fa9bfb0dfee41e4f61e8ce02d255e90,main_screen
d58163dc62f7d8c26b098babcf9d08a4,credit_info
9bbcb7158992331a5ff44ee75ea72233,statement
c983880cde45f38df99ab9430a65a6f3,main_screen
2def8995204e82477ba4fef2d979240d,main_screen
1dafddd925d197b71bf4f1804bd14959,main_screen
8369b9732040e47f11d1149f7aa776f2,main_screen
33f95fbf9f829ccf15f9359284a8ae6a,chat
5b534571f980e87b388efc35c2d74a5a,main_screen
971a1cf6f795eb053806a1d41cc4c4f9,main_screen
81232f35ec35e84a7fa44cb53be5a900,mobile_recharge
7eb31c5a5e4a9267af4e3bc1de0c4c07,statement
3aeb24143e81857ffbf776dbcac2495b,main_screen
954967c8fba7d400ac718a728104cee4,phone_money_transfer
a428171f17eff801ca481f9da7583935,main_screen
3eb2d682a514a5f4d4721171b7d89f0e,card2card_transfer
c69e7236f852e17a38f2ed9019218bd4,main_screen
4a115da70f78e64986e97ad1e78d6c1e,statement
9ce2139cdbb2e426240c4f13460ce536,credit_info
c9f2d00b85d0d9723c71dfdd5387078b,card2card_transfer
73716b48ddc2a9281cf978c122003c96,main_screen
76432aba3e4f5811ab0b4fcd9aea9ddd,chat
d9e6d05f512cc38931a9f15e04a3c470,main_screen
564c8856b16d7ee4ef7a78567e649f8e,card2card_transfer
e63ddccaa1c362b319e16b83d56de4d8,credit_info
56c04bd53e165efa143ebca5aa5e3d8b,statement
45bdde713f464234b70841ca553f5e7c,main_screen
66b12a297501eebafe2686299d3c2e7a,main_screen
2d266e5ec463c08bba773577f373428f,credit_info
a94bdde5b46b3b3278a821b53c4406db,main_screen
e4ec0475e83432c462b3e905af87b7e3,statement
a1b12d5513bc67efc95baf1fa1ad0ff3,main_screen
89ef070addd44294ff44c9ba4cc5941a,own_transfer
f252ddc7a57c2485ad18d94d22044017,mobile_recharge
986b0beaf3228bc21176039c937202cd,main_screen
bdb8a6e6de97f33e4c9cf88f0b5e2581,main_screen
b3f29095a6a90e6703161e27ccdfc07b,main_screen
db8e9370df2ee2fb538cf5dff5212acd,main_screen
7ccd5892eeddffaedc53ea6beebac37d,own_transfer
e6d3f2f8cfb422f292ad38a744694950,main_screen
b896e7ca4f532e2ce51644c63355273e,chat
ba8d5535574d5d3def3fd89d2ef87b27,invest
a190a5428f39dd036bf2fc7dc39fc005,main_screen
cef651eafef4d7a2509f3789438e6038,main_screen
7da343b123c1085f4294cbe1aaacaefd,statement
b244fc71a27c14f57504613328cdd172,card_recharge
41b25f1ac65e3281a60260777a620eb1,credit_info
04682223f89ec5b5ad25d96afc56c828,main_screen
25913080d81baa1457455e0661046dba,card_recharge
0cb6ce4e4ab7d4449cf74883b7b15029,statement
4590f2efc4098d0e61264da88928307e,main_screen
32e114efd3f323c5e9072f99e0463be1,main_screen
e1e56f69e412852b95d4e115d8024da9,main_screen
5734b18717a59545bcc8b1e82bdf0bd7,main_screen
e8c6ca9f25935ad2d77c93088b167fe0,card2card_transfer
6ff1f8e240d20c066d03bfa5a0c4da9c,invest
e6ebb02e17c51b4152fd2176f8291b80,credit_info
b1594d912cff1b82ee7e19ad0a0bc5e9,statement
6c45a1333b8274657488e0a5e173cb47,main_screen
4156373475ad9ad8f610e7bfb64e1614,own_transfer
ca5cd621446f8ad84f0f41c260ae243f,credit_info
5261123756b0bc54f1187620e8de3202,statement
e2fb189d02a89ac3de3290c8aacf8fd6,main_screen
75b218a1058cd7beb4d935ef141f5dc6,main_screen
724ac64a20bf6dfa2c905274ccd0fb52,chat
34e7880074325cc2c68a73c0d2487a69,credit_info
e5860cc23936b84dd69f3015f2d7005c,credit_info
2fa2ce11292d97f50755d2ee964843ef,statement
71cf350e32ef6f1c997e0773fa787d74,main_screen
84f8829e70b42cab97dccfba68067e48,main_screen
98fb5667b8c102c9bf57ec5d1fe812c8,own_transfer
6248b46e180567f16e46956794d020bf,main_screen
90dce081cc014b0fbb6fce8fe89ffc08,main_screen
2e22b6b05be72c2866fefb6e2fe2f650,main_screen
4d622f34b2d8285657b82fe6bea41c22,credit_info
3cb14704f057c6956f3db9a70de121cf,mobile_recharge
aeebe1fe60d6ff29f5d7e5547dbd068b,main_screen
25963a1a865d02285e9f1f1d538ee9db,main_screen
0ac8c0645514d23b9985cfcefe24c05b,main_screen
f15864860ca366aafcee6e58ec4a0047,main_screen
f8007444c1dc537fe5cf874ae2494ad0,main_screen
293aa34c007f6096e3c8ecc5a0f79e75,chat
414ca2dc58bb75d36d4e9dca18c35dbd,credit_info
63897f11baa8b25cd0cfddf86731124a,card_recharge
b6f2087ee19db8e5d1cd02398e2dc521,statement
ef5fb4163c35ea0c71899903596a8043,main_screen
3b29959939349023e998fb5c23b94b21,statement
d90c94c1b1073f342874dd40067c3d86,card_recharge
ebbb87806d4edebfb94a79f77a9f031e,main_screen
c6d0fcbbe88993d668e6076ae6bed7fd,mobile_recharge
fd491a537b44de68b2125cdb2cfd4330,invest
4d2925fe4de4ba4c5d7df327aa7595d6,main_screen
7f61e7fa1a803bef552a7ae011b492a5,main_screen
8bb4ca0c2818d1f69b4f23c656b630cc,phone_money_transfer
3387c1e9d4da7550a440cb187f4f4e55,mobile_recharge
6f553a864b559543f67f2681ea80cf17,own_transfer
0b6e8d3b656662231df9ed5764606509,credit_info
29efc16753117c5a95efd947a8d03fbf,card2card_transfer
788972c8dfc075191cbe25d44cafcf4c,statement
71dd9c923d1c6021da555eac18336284,main_screen
9e3fb26262d99c16731dde5f5cf2f9da,main_screen
99e8e00bec1ffe338959261151bf1490,main_screen
170374d3e5b5b169e7af10a3477719fb,chat
b662b84b68dbcf7f8855ca7ac8d5cfa4,main_screen
9ddbd9910b2c050935e4ccc0e637d578,statement
c79c3e2c6fee46a4a839d8b5f1a7cd11,main_screen
3538d7616f0c377102c5be15e17c0f38,main_screen
66913121a753deff06de87362fa0e7d1,main_screen
787fca185f9b2ef76fbf739c57a83c9c,credit_info
8f0711e577557b251be6ea188557039e,main_screen
ef32863d0fcfbccfed91c6c2af2c5cde,card2card_transfer
cb713b7ff16a5947c4fcc79caa1d7e44,main_screen
f62cb37a684f3ec632fbe5d4d5e89803,phone_money_transfer
309466da1b0095cecd0d4cc730441bd1,phone_money_transfer
f2f5e80c15d5fea0e1a27010b0c61dcc,main_screen
728b69bba1bc687c82b5119eed3de936,own_transfer
b57ae03ed97480d903852783242e6dc1,main_screen
9b32e9878ae61827bbae3af21f276bd3,card2card_transfer
1998757a722caf2884a06ec39c6efe5a,statement
6aef896d62533f8246462f454925c52c,main_screen
f70136612da10b0e5f766a8e19d52718,own_transfer
8e2002a0ee814579abb7e55c5bd496f1,main_screen
1e0cf501f1f712c71ae6db65a4709528,credit_info
4a82ec6851669afee710b6f68eef0bc4,main_screen
ebf44c68215fda00d3de8a715304993d,credit_info
68d5120cd76ccc7b463849cf3acfb470,main_screen
df8431e26ce7541691cb80dab5c2c4f3,credit_info
4b43d0f4e81a4c77b7a3d94e0adefae6,main_screen
347322b63499d7147cb90fd1b2b25b02,main_screen
6bb36b862b638afc66fca5107ddf6604,credit_info
5bedd9d59302cdf7bc2fa8313f6c64bd,main_screen
e8ccd80f75850edb099c4ac34c0676d8,main_screen
3f4f1f7fd3d82b96b02db74c895467fa,main_screen
1f43d213e9f5e9569c72400fdc5d90e9,card_recharge
852facea9f7a01ffe85c94135e8a2e3d,statement
f9452529a76adcd605da7d0f0296cd20,main_screen
412bcf1636cd1121eb3bb3833bd8f9ab,main_screen
7d2da5658151c178b0f8d21243534ebb,main_screen
5c0638dd7191ea63ddbafda653c89c23,main_screen
f9403402d836d3fc74f7b382bfff7032,credit_info
649d04c1d893b6749e5f03e3f67e87e1,statement
326085175ffe595ce99f6b5cb5c24096,main_screen
4a14ffe12b7c57723d290651124eaefb,main_screen
3f3b0fbb3b44dd6fbd1fc3df2cc927d0,credit_info
ea69b8a6ffdb9a4bcd9dfaebc3f7b5cf,chat
a9e5ab87a9da0dabee78fe6afd783c05,main_screen
59c19fa27d44640e0867fba1a0d15f99,own_transfer
3b1563b4d631c8b2cb3e78c9f8fc21cd,main_screen
eddb66362403a37e7943b46c4e8efb0b,statement
037285567c3a4bc174cfc2ad1ad81f96,statement
ea809a4e3bbcccb24bf026b3d3151d5f,main_screen
4238f2d9cc7eab6f96cd6ad0d769bd36,main_screen
bcaa2b4a4653e90b04f0478eb7f61094,main_screen
d6d374fd07a384dba01e4ec9647fad48,main_screen
48a1ceb0af375051aef1685252dd480f,card_recharge
4eec31eb0b432a5fd9d71c5d1a2585c2,phone_money_transfer
5f35340173138f771534253bddb7206a,card_recharge
a11093da3fca1b55ea9c2b1c3fd67620,main_screen
ff4ddb9b3560d1acc2b128555c3ca4e1,invest
36e760a3e5271c9f5bad97e003e2f082,phone_money_transfer
40b4b02aea96c15ea252967ff2b550b4,main_screen
f738c9ed9b4ca90f50edc28d4bc802db,main_screen
9c385539c1c3d0d816ba3f1e3aff1e02,main_screen
e5a3e9ec62b28431e92adfe44430e06c,main_screen
1168a8317f274822fc6e4c4e65d636f9,main_screen
d1b718c7f8dee277a507d10acff69768,phone_money_transfer
8765d8779d04ddf3c6116dcd84192040,main_screen
7cbfdb71df77e37c8386a3cfbf220b0b,card_recharge
2019a525e779f88a03e88d0369415633,own_transfer
287b9c02d11e13469f2909d183f39199,main_screen
683804ce0107c71c937734ba14d50058,statement
ea00ec9f5e6850c9d4b7323067db38a2,main_screen
bbae332094db4739c935df63a63fbb69,main_screen
9f34cdd04a2bd88f756acd5c54544321,chat
84e97f18ec16bb5a3f9d953a62aa3497,main_screen
6d7bc7d0966ef366a0fd8e56166b4fbb,statement
b81c932aa930bd1484c10769cc13ba87,main_screen
1e306a0c70220a1202e3e128ff5d37ea,own_transfer
75547a86fd11d8b718a4bd5e636bdfd4,card2card_transfer
d4364642f8e85378ed6b9bc9a1545a78,own_transfer
006c4ffd41de806fdd448aa8da2de4fb,main_screen
edbc0a9bc19480edf55b29966ebfa125,credit_info
4112744579c2dbaa5c7d890bb745b312,mobile_recharge
396da089439f34d9a587ecf2d8cdd1fc,main_screen
d7b489135972e00b4ccf4d3a32ca7f6d,credit_info
27659a8586b79dd6e229455b857ead92,card2card_transfer
adbf3534ff9ab8a111eabd5521be1896,statement
87fd26f8ce837401ce1c4bed8e0e2e5c,chat
0639061c053d792de6b1e6403628183d,main_screen
15cc72206cbf1f461eb2aa48506dc60a,statement
81aa2c58a22a66d8da1cccd5fbd7c757,main_screen
96a2f011b7fe39071190eec3f1bccad6,main_screen
7f54146b5124d6f507312dd3da95325a,main_screen
de26edd4e52839b3b9798193af528f6e,main_screen
37389a6823cf235bac39a179536aa3cc,chat
b87f4ea46b3955c1c4caa5ee2a9a9021,main_screen
ff751aff5e2eff18788deb492fa9991b,main_screen
3d0ea602fd03140ccf8824178537b707,credit_info
d7888f0221452c959bcba2a6b5626488,card2card_transfer
5aabddccb423e17b5d569228df0ed9e7,credit_info
5e92c3f69fa60c0c19ab011e11a051dc,credit_info
806e0e1467186a9b2b8403c10a458fa2,main_screen
c09e873555aa436375f9a46fe43f69c3,own_transfer
ccb5627686c81c7ba10c838e43c8561f,main_screen
f389a6cb23ac77ac076324252d9040e9,statement
b678193e1dfebf95699eb712afb49fe2,main_screen
fd0f14af4e5bf4ffce0b7c461e7aecc9,statement
47d59eb8843090e4cf6efe96a6fb9ae5,statement
076807fb48db4e5bdc9bdc6b37b9319e,main_screen
5274cdc8829169547d04c75e878376d5,statement
bf6e3e5c05709721673ef1521e7c8cbc,main_screen
a2ff3151ea42bc80b0167f1f07390c48,mobile_recharge
c22d22239d7bf956089f54467e794d21,statement
8245893549866c000da2e5258d3d8646,main_screen
7ad7de10438d4d4e42d947374c3419e4,main_screen
094e5427e9e234500ae1fe579202cdc2,mobile_recharge
4b7f3a672c2535ff81204a355fbde329,credit_info
45b47b47334d8e7d2f7058b366a71fcf,main_screen
cdfcaeb8d2f45836730ef85841bf9be4,main_screen
eef385cccad1c07566bedba3563f8a9c,statement
ea9b018f55ab2eec314000afc60d7a44,main_screen
03859de650da37d18cac439edede76af,card_recharge
42337b95e594d0b09455a3c8e38294f1,main_screen
a6e74e1f95c3eb6b8fe70150cabceae2,main_screen
c5989110847448c4c0a1340a10c6f80b,credit_info
22ceafe550f25c9a179241021b33aa90,statement
971354ac76bbc321fe50a6fa9699b071,main_screen
e4f10051fc7d79388d19e83693bea0bf,statement
2815cfa3a5f8b3bffddf48fce4040836,main_screen
3a65fae35e4e6311bce848afc33f7244,main_screen
8ea6794da791fea582a46caa2bbd585c,main_screen
b45d786097469c9d782b12d3583a625a,main_screen
ee6b20bf9cb78e78b02b891a333b7dc4,own_transfer
1a39deedea781a5845b6d68d28d5df4c,main_screen
aeee49d45b3aea7dbeb531adef1373fa,main_screen
84a9c9bb0d8b830c084a82988a6963aa,main_screen
6315740269e668eb285594f8181225a4,main_screen
d9c3db57c632304905a6bb848f8e1ed3,main_screen
af46ee8d1452b224e22f72e045e38cd1,credit_info
04cd1840dfc7177eb89d135b1a722c7a,statement
b64ff342327b6f1ad88af387fda5a583,own_transfer
c1aab62eb9e14380521a6e28c3c0d682,main_screen
4d8256b73c6edbe93d76d18e6ef8d6db,credit_info
c1b92a9e37f9b05e159959d6b1ca5505,main_screen
942826a4c95905a3303699a22e99a018,credit_info
c9d27d25e5cc47a22102897fb9aa5dc8,statement
25071dc9da288ce026ac049802eab3c8,mobile_recharge
6bad53eb1bf3ca5ff05d1daa763c6dd1,main_screen
4d62ce490e17f57005fc45a0f10ce3d1,main_screen
beaa269625a74941cf0c8fd34f3fd68b,main_screen
2941ff8d05569dbb879e8e22b2608920,main_screen
78e99f17dc007b277a02e07fb85cb609,main_screen
cdef35f057807b80f759dfe1402a2901,credit_info
5b936e852b6c81c4e076d32d8e9ebfb1,main_screen
caeeb4e06a631164ad4c067fa06a5cfa,card2card_transfer
9980dfe2f8248d2d70c1275b3c3ccbd1,statement
ecf9d9d3bc6f2170ae83d8361e607c8f,main_screen
e2d808d7101c3dc60f7d3554ca10c3de,main_screen
7f496cfc9e8b2b9bea3b02c15d85f13d,statement
5185bb9d1f2f62f6767f503c17deeb1c,card2card_transfer
b425f5548239526f929e128ad6490ae6,statement
ac049002bf0161aa6b07e5311378aeb5,chat
d6cae0bf87fd59dbe4db35dd149ff862,main_screen
2ede2d76938102fbf61e51198cd16c37,main_screen
93c382a1f9394ed9d8c986988e519da8,main_screen
e20a60ec8aff3eb02d877da02b38bc4a,credit_info
c35b1f0172300c156a1bca38c2527d88,statement
93c33aa3fb74ba4eca147c623f9490cb,main_screen
92a9b40f8404aedbaedc05a916f19e88,own_transfer
41d6ca347217a6450858f51e1952c4ab,main_screen
ebb7080832ae01cf313c80c7040b6de9,main_screen
63077c2937c32e2ceacf0703aebfa70a,statement
29c0df6396e7e38b42ce7e68cdf3471e,statement
f22f200304c5910b2ea46f64d82e2675,main_screen
92221147a57129033e2b77edf7dcf01a,main_screen
e7487f7282002d390700c45002d610b2,main_screen
c827a7f28436afd6b289aceb790bae1e,own_transfer
7a4e815d72906559d78eb83d91a24274,card_recharge
361ebdeec13b2648ed56b667f4ad0a15,main_screen
95162053034cdd0220997a5464910c4d,mobile_recharge
5c58244a7d09ca8fa53e390578668698,main_screen
93a2f0ee8b3af23160fe4fbca9184ec2,main_screen
ea72d28abcb810d4bfc2fbe39c982dc3,card2card_transfer
39d25a16a39556f31456f1931686918f,credit_info
ed1c9465fbd26b8c9250628fc8fd449d,phone_money_transfer
77ed9541d58138bfc49ccfac3210f6d4,main_screen
2529b88a470e3eeaf6ce1c51b3bf3738,main_screen
6b38925ce1ada98f12816724ca452176,main_screen
d044d4d071460747c9ac6bdb37fb9a71,credit_info
2bb4664653a3000a2f5c57ca7ce923e4,main_screen
98cc7d3dd02981de48fad8f118c7ef6e,statement
852304a175aef31d9b201630576206ff,own_transfer
2710be72ba985f0564d631f7a5b91489,main_screen
5f08b6f4f588675b02a5acb54e975e2d,main_screen
b9b7c54af72f7e61fae7b0c04ed2ec0b,main_screen
ec890b9b47170d5266b14a4f329575fc,chat
9822b3548839f31de0c63bff544b3e70,chat
11446f9d852e976f18281df2d91eced4,main_screen
ee0eace7bb7c5ac4a7eb2b8a27a546bd,main_screen
bc767dc09f9a49eb1b97c2429778a1d5,main_screen
7c2f9ee0863a547619bf27552869a224,card2card_transfer
b7eaa52c4b6c09e5b2b88b50431f5b8b,own_transfer
4b116ce7894b8f0d40fffc88d0fcbdd6,statement
e93ba3cbecc9b2db6abd62edc7f8d418,main_screen
9675e3bcd8ba54fe5f85665a7bb68e2e,main_screen
f9143c6cad7dae4ecfd3ba810e04b9d1,own_transfer
34a54c060000f75f14c15e416143a4ac,main_screen
77803d59236b1b362cc5531ad880e318,main_screen
1c922c8831054442caf1f4a36594c788,card_recharge
a1c4c55ec9cf55e49fc303fa83ab762e,main_screen
2886eaf004e431706bc1446dd6ee5bfa,main_screen
6cd855a2d96105e71697018e2639f9d6,card2card_transfer
e952f77eb62ca81f75578bfa68fae906,statement
8b7cc24e2e217dd6488fc540cd78d4a8,main_screen
f8b9948d6c007fed01877e4680147fc6,main_screen
3ead2843f19468248f1ff6edb2e1aae3,statement
8f4f83c63ab6dbd448fe6f8d7eff1fdd,main_screen
96a9c42d4199309958768e9c60b8a132,main_screen
bde1e93ecc45810b81c17d69cacb53ce,card_recharge
7bcd08df77d70c968649f9befefc63a1,statement
defc4808197e43a607f2f3fcbdc5da4c,credit_info
844d1aec978b06f304eb480521adbeb8,main_screen
b1080d7d8d01ee3f8928bae987cefce3,main_screen
d009e760f99e65566034b6726c3f58d8,statement
4e0c384eef92645cbd92254d5b38b4b1,main_screen
cbcbe46f709ae4bb3427ceaa4f93a755,main_screen
9bc1858a633dd8913fe4d668ce374a1e,statement
91f80a7920091d900dec0539819fd8a1,main_screen
46262213aa99427ae3792e9307a14b4f,main_screen
8f8dfd54435c98116dde25416210e3fc,chat
c7a7868274f057b5485e2d5a0b8e6cd6,main_screen
32121e3b3263b7a1d5b7df35e97a5b8f,statement
6e3d71bde06ece21476311a686a78154,main_screen
3f5378facf3968703bd82a74c9433c9d,statement
a75c15caf1ef22935bc41e958781b765,credit_info
ef6322edc8a93b77a84842b7f558d400,main_screen
6e6628074e2f14f222d68ec1cfc87dc2,phone_money_transfer
5d0465a7e156e20d2297f432a3df6242,main_screen
e691254a55802eed68652bb384588a7e,card2card_transfer
2380281cd97ff5c56f8f93e00cb4a66b,main_screen
1963490bd178b6136d8fd23a8640bb24,phone_money_transfer
947fe671e5be1cec3623f3dcc386508a,statement
a7031e30c5d1454acab8e583dc65e5e2,credit_info
461cb8e02ba5fb2676c257754ee56779,main_screen
03b3c50417becff3289719e8a49fa76e,credit_info
cd8cab3bba02366c45d485fdeb8ba480,credit_info
1fc0a84540bdc885392503ca6e7d4a77,main_screen
bc044e86dc4385e03ff5d9f1fbef1711,main_screen
363d7578d2a74d24b8020f4f980e3348,credit_info
119f558545596628f4cdd0a77908617f,statement
6e0195cfec0400467195bc7a4a7c05e5,credit_info
75b00c43cacbf5de3c6a3c300f8c13ba,main_screen
53b5a9b913920be071de3033c241982e,credit_info
d50f70c547e389650b37bf3cec1b2f45,own_transfer
d99087f872d0d709143b4c688900181a,main_screen
ccecfe54d49ba4cb19027abc407506c4,main_screen
06b8cae4fe39c7f24a1cddae76724eaa,credit_info
cbd3d5c6088447bbf372b9538d68ee0d,main_screen
15d6e005e0f76a2f72c447c8627c294e,main_screen
c4cfd8276b1bc16e6e10a90d7dc40bf9,main_screen
7ce078c1f66489352bcdee51cd050605,card_recharge
ad2d686c1684e6a2a778858ac1d3497a,statement
46773084de727d02cba61320a091239f,main_screen
64dec7ebe03a0b8946679b2bf067585d,main_screen
f1bd2077c79038875e249e46a811aa30,main_screen
88922c49d1a8109591a9f6173573dede,phone_money_transfer
61b558b2c0167e074aed30c4137cecfd,card_recharge
b1c9646d51b08230003695eb41fba6c3,credit_info
5374333adf51c17aa1d37a09d97e0d0b,main_screen
889882c59ff38e51e9633516cf4b3089,main_screen
1f0f6600c918cf985f413f56859967d5,main_screen
5e14bea2a48255c40fb58ac8311d3efe,main_screen
39518f43ac784a4238abad7e15ae1d55,chat
294a4ed695be676334295740435818f6,main_screen
cd06fdbd7337c9f1b4199f5434a9683d,own_transfer
52357f90d91a4a416de2e8e1de1070b6,card_recharge
89798f4f4a2ce215f781a14f5123769a,statement
9bab214706990d22421b80aa18cf75fe,statement
c8b28726159a32a1e6a0f4bbe7168610,main_screen
9722e1e4f5cc359e3f04b0c822d7f73f,phone_money_transfer
73431e9b7be079575b1e5b82afa6e7ce,phone_money_transfer
2598048e25691d3f02bd3e9c83625357,chat
c1f9af31489a1e7cfbc80e1a63643aa4,main_screen
81af443b66beebb705c17389eb2c20a5,credit_info
b076fdb56468555a279527ca077f096e,statement
b3b70b9b1b5fe0035ceea4d570cf76e0,statement
177965cb2559b223db24c1606486adac,main_screen
9b870baba1b4525cf4edcb7fedd574f5,main_screen
875a635e0571dc5786bfc5c3de5580de,main_screen
301673236d4a91bb30f72543c9bcf814,main_screen
5d7fe955abcf09b8a5d9b21cfa0a363f,card_recharge
139df3fa3437481af4c5fb1e1369c598,main_screen
9c8e9145e0a79035d84d6b972050d26c,main_screen
79e4b8fde939050f32b3729c1ef96f1f,main_screen
09441ce7df97d81197cc3403139e3adc,statement
f392766a0a98ef841520aeb8e78f1859,credit_info
ec257e9a0b7cf96c47277e91582f6f31,main_screen
ebe3c56e702fc5e9c257be3977056193,main_screen
d0005c8679cbe20cc0cf17e3dc31187e,main_screen
ed23fab882887460d8ae1618c557063b,main_screen
5206722f8aa27605fdf27f53fda4babe,statement
bdadbc05d4bdc5c218908de4d62302cd,main_screen
60d6b3f67f93226bb6b14f3e5379b9ce,statement
f9c4357fab4620d0e8bd7b20a0ca9497,main_screen
fe7280557fc41c9d8d7537d3bde58cfe,main_screen
ee5bc3f0edc86ad9fb0409de7ad8f0aa,card2card_transfer
978af75c0f5f475dd482285ab7547e60,main_screen
608634db74ec95c62a79ec4b5d383504,statement
d8ef4bec8ee0d5b9f2f8771fe93c63a1,statement
f3e35bdb6e1e561893ce4bd3b3c11a7f,statement
af426c63e1b7f9c9c7b5fefa38080f7e,main_screen
391684f1032f0106aacac421ddb53f1e,statement
6f8ca1aaca9be03eaf018e5d1465d7ea,credit_info
5ad075fd6c46d2181602de5ac5a85be4,credit_info
f0201f854beeeef731ceaad2e51b4c12,main_screen
9e20d1a5d68dfb655a35baf6f0cd7bcf,main_screen
8cf24790953e6cd30864a329285dcdbb,main_screen
96e82e7bdd48e2d6424287cbc6e421fc,main_screen
1369fa3d3d73c07d2f9c96c3312b3573,main_screen
54f4b6515688c1705a2e7d8ce8468749,credit_info
57b9f18114f780ecf668d2554d754f5d,main_screen
2700dc066dc124dc8b9385996114d431,main_screen
079b0886a33440c016f3daeb4bdce8f0,credit_info
2abe039272e06b879438d430614a518c,main_screen
3d271e29f1b70a5689d7cf6486468805,phone_money_transfer
05a2d159e100fec702307bd15166ef93,main_screen
a348fb17fbd40611ccf5e466260bdf10,main_screen
d130be51b59957720212cf0d9c888980,statement
97fbaf12127f24ad2e7f13bbf531d390,main_screen
8eeddea2d4d7d36f59893d19484abe08,statement
8da0ab15ca41aaa141bcc0618f5f7972,card2card_transfer
39b921493bbee0a5b0c081b4995fecea,statement
623412466c8c3495631821a45a803e8a,chat
7780612541e83aba9d5eeb27f2f56b79,invest
bfa369ea18f0157eac41d5d97161907c,main_screen
d8920388dd3026ee5b348ac34b9a0656,main_screen
046d0aca20fe7d85db4cd858566423ad,own_transfer
281fa7dca12b348ee169372b8206c05f,main_screen
109da5885505c9dd0eea4b5bd7db4ef7,main_screen
28631efd1d7e6924629bc2a809c7fc9a,credit_info
c6dbd0a82c0709965ef6003aafec5b92,main_screen
ba912950427782b18aba373980e23e7c,main_screen
3b3f35f40c39ab182a9a8b3507d1c600,credit_info
f007959e012fb3ec1892cc804890c11a,main_screen
854b8c4f49c0df478f8359cefafed355,statement
66597772d3fcb6e73fbee0231f38434e,statement
62063f52757a0e8a518bf971508cd25b,main_screen
883521ece4322eb3155a0ac160e1d5c2,main_screen
f96507821a668a2bb11595c498b8602d,statement
90f7e86d3de1c6f54afbaf52bc24178d,own_transfer
6d87f630182495b5580faf49e2fa1c88,main_screen
676cb3bb5a9278737f3c290eb027a014,main_screen
444e5383121b870cbb647d5a857878e4,main_screen
b6f5f21841d47ced2d2ef864ec4e37de,main_screen
98ffdf81dbcc07c17d0e9c6f9a09deb0,main_screen
e42db2401ed5d99e15a399f93afdc535,main_screen
f47e78ecce7e01597a6ece4102bb9ca7,main_screen
af9d36ec07614441a1a294a377076c40,statement
90f56f6f9e09a9f9526ef76a2e9142d9,main_screen
56590b3d4dc2089e84a4829036715fe8,main_screen
9065643a52cc7749d0074ea683fe6166,phone_money_transfer
7b13677bc00a9c20bf12ccbcd730ac3d,main_screen
baa454a71263424400d97c536a56c0d4,statement
579d9a912a2d98a8d0bdf07cebb50757,main_screen
266992a64dfa86de1384221f6421052a,statement
3aad38b9d552f6bb74efc49658542135,main_screen
6c409d73e4417b45daa5ef3bc0cd3d84,main_screen
8f34949d6781ce9f8bf78f60bdb0cca6,credit_info
0f380414eec8ef3a3bbe52dede88d226,main_screen
2fa127479ca9bb7002b17ed65136dfa5,main_screen
28b2a7c05efa2cb1eae0fd945317b882,own_transfer
ee141f71f492fbaff00cda424af3a17d,main_screen
c6d545352f8e581785d842fa0dccdaac,card_recharge
e59e072fefbe1638fc84a7bdb6168797,chat
5a2d72db612c0aec16f47558dfc81907,chat
01a2bcb3f762c6276a7fd3925275fa64,phone_money_transfer
498157631e0622c1c9acea668cad9fd3,card2card_transfer
255a205437115aee43c4141d4eaf2314,main_screen
2ea3f9bd8fbdfc4c56abfe2938bb814a,main_screen
ecd103cea337673d42a85c2efa7817b6,main_screen
5ce48447508f2417663cf660e671c340,chat
c344f1120893262ade59c213ca38a566,main_screen
050f395404a0c11686f1f07671e08b8d,own_transfer
f4a9bb0fb8dd9bfcb2fe9f1370a46644,main_screen
d2a1ed81d1bb6c4afa42de158e1c72ab,main_screen
b16b7ae6781d3207218360bdc252e72c,main_screen
a7a204e95289bbcf1da410fb8abbae05,main_screen
1645ad3323002b5d09c4427cbe115d48,main_screen
9db6a6606f0e21dd58587f2fada9d807,credit_info
4cfb70297209fd1df4498b1c8aebf869,statement
16aad4ca0c0d33062d81eec8bd0a39eb,credit_info
03fc3b8a74554e7dedb4cdc087f10368,own_transfer
1b049e2b480e8326665e28b859dc3c9c,main_screen
bdcfabf3377fa6f4dc0dc01f2f548aba,main_screen
0b3bf6dac70580f4e0c2bb5c7e2fbdf4,main_screen
4e6c04ab936fa5126b8ca7f92d81fe34,credit_info
7e7a247e761a403b9f652b908373923b,main_screen
e0c3460e3fbb920cbe1e2c811d7064b6,chat
cc69b8d3de0dae8ca8fc4c880bd8a27a,main_screen
ebfb464c287378d27fc9332bfd5117e9,credit_info
201184c2ba7d9c2cf47ccd8b428c5587,chat
7c9384595f3030469b4889df460b9757,statement
905dd276e9b7e5ecce4e91a577aaa7aa,card2card_transfer
b10375515e5f40e263e440d6e808fa4c,main_screen
4c47f42c21cff0486b9123437de4ea0c,main_screen
eae0fcf92e905225ff196b4b3e4dd855,statement
9dd62ecc5eb150a60764ef1e4a1afc3b,credit_info
459bad00689ce882137e5913aa9dd12e,mobile_recharge
0a66125f3caeda6f21eed13103c9e5ba,chat
ea7c8eb71ce6992740f9862b2309bed7,main_screen
0d40a8c37a89fcbad65511cdfd80f7cd,main_screen
270b8678f3bda90be33930542d4b5f64,main_screen
12bcbf4a3b865a74a037ea8a09b46a73,main_screen
65871fc051ab31f8714a877ab0a79596,main_screen
842a43ffd139229c1fd011279f0ce642,credit_info
32c33adf3372966e3c189c4935bcdf16,invest
4152e22dba7a82f282248d8e9ef7d4c1,main_screen
805e770520dfe2f226e903794e257268,main_screen
fee10760c17d65eccc100fe2db6335b5,phone_money_transfer
3d93e96ece9255641375d56fb3b71097,card2card_transfer
273743f12c204a22335d601a4fb186eb,main_screen
b57e3057df301cda449a209698d62909,chat
00184febce51548ad00e8c16ef9c4fe7,main_screen
a88baed49356f4527932da18825bf156,main_screen
17edc51102756be9d2e21b5802c4fe15,statement
7c53f5197ec34038286cf5a3b6775746,main_screen
ccc96d780e73b35b75b927c3c53c785b,main_screen
f7f9a86ccd12bb29f40896c8c360d382,main_screen
c29637c13488be3929a73ee28db3003a,main_screen
144aad43c4a9acec96ff68dcc83010ee,main_screen
03e56fdc4cfa30ee24002db660071510,own_transfer
7b89d6255f9d4d479c2ca4660fee31df,card_recharge
93e7bfe430dca8e786f7b64755263c0e,main_screen
ff2063ec5767c444f98752eb13b2fb94,mobile_recharge
ee3f3005e96074a0c39f42168431135e,chat
79327993ce8443a36132fdc445188fb3,own_transfer
2e2aecbab46130f00ccbe1b845f458b6,statement
1f218144f4d33a07e6f01f33f527351f,statement
685b80301272e0a4d3c60b77d6d69db6,main_screen
0c31c55baf189931aa571df2df0d9995,card_recharge
57b3cbb0396a5f94d72ad42b3f5d2aa9,credit_info
3c51abe6e69416d7a4de73179ab7de1c,statement
7fa5ad68f2c70c5ac0d7b85f6881d55d,statement
c9803fd13c012d5f777a900cf2494862,statement
f7334e5a95eb5def1e401c32e3acb197,statement
e8d674b8eea106b5cadebc6a05cf749d,main_screen
e49b65682aaab25e80eb2c8821c240e8,main_screen
71914ebbf9e30d2f1816d9be9bba2eca,chat
01ca00ba6b0d5bad181d888fc49a57e0,main_screen
ea30d1f2104241199bf84523762d37d3,main_screen
1b301e5f2872e387b2244901f6497225,statement
c3e12147af034ec9e450db9ed964fb0e,main_screen
0295870970332d9c66bacea98f11e279,mobile_recharge
7bd4da4954cff62ea40cd63a5d80e502,main_screen
307af91f7da1ab2d31708d8703649cdd,main_screen
597533a1bcbb780433ba830da30dcb16,chat
4f850708f1c813bfd88e58c6fd55e495,statement
6946ab3292217c8b3668d805bfe28ad9,statement
fe0f298fea1e9efd5cd062d32055575b,main_screen
d7dd9d96105a46c72d93e277d1446a69,card2card_transfer
651a30f4179e771ad6535a2743c12508,main_screen
0a3ae623de638d94748a032b6ea9dce6,main_screen
ba3087532d2b26dc000cbdf1659782ba,main_screen
00e60c4c90055e9d053d5b25a3f435b9,chat
4dc12f92990e7c48fd5f32b687049145,invest
02213061d6606355c8a3b5173852559b,main_screen
c546461d06261319849a066bbadc61f4,main_screen
285503347bb2a5f4df96a2d5ba459b5f,statement
2f3e1878a714ce0aab08eca70cdd67bb,statement
6728974d1654c808249a691bb21cc6bb,statement
3c11737a5fbdad7331b310a81cf2403e,main_screen
812a872a5842e4c6b25128e3346c60e4,main_screen
1d6bfc2053bffc754541e2a2004b8516,card2card_transfer
88b9a9f32b05cba4e8c25d6662f6c25a,main_screen
f2bfc201541111e016249cde0ee4a415,main_screen
1d6d835b18f6ab7f723f1a658207238d,main_screen
db9a760585eae92ce3caab4117ec5d4d,main_screen
2512777dabd2aefa2aecb72dea2352e7,statement
f6799970863a833d21ea6fe9bb96b393,main_screen
ff20798f91df6388f2a9b34d8079522d,credit_info
aa3d0d37cf960c59540506b43f8e2106,statement
ac8decac0a6fdb6ed242c10b495e5305,credit_info
097492c8e8df40593c95915842f28e53,card2card_transfer
37d3260bf435130a552e065d4ade6d63,main_screen
82ca8c6f903fc006bad4f8236500985a,phone_money_transfer
3167b8bf0b00e7965aa8a754a4957037,chat
15f384f68bd2ca50d66e7d93dbbab5e3,main_screen
1481e10aa10c7b726019c59450ca1e7b,main_screen
17bf0f5cfe82eea5a80ef4096afc5ba5,own_transfer
c242933c02b679ea2f2b416017b0f727,main_screen
1c9d9db5fb081384d6a1711e60209677,main_screen
53d19fc513fe705cb496f110be9c927b,main_screen
154c5486ad1fd0d4a42a3641d3038205,main_screen
87541655ebaa3eb0e400e171d5ddeca4,own_transfer
6de53185a9649a05185a5d3716278de4,main_screen
c497748dad56dc9f09ebecd162699fea,main_screen
666867aa125b957d10083040f66dbebb,card_recharge
08349b9ac5bfe94fa4845fde74f2f618,main_screen
664e05cd5a87439e0c24b1e320203d51,card2card_transfer
99bf88c78eeded6cb1c5896d4c62d004,statement
7fffd036e6a0eb58bc796ba691eb8103,main_screen
4e338f13d3b108dd9f6eefab4a1d584c,main_screen
e4356129ffad8e828f5f51b0d83cd926,credit_info
a96fb4e0efd12bbde9d596b0bcf35dbf,statement
eb5f340ee3c9d81f285b6d245602ce01,invest
7d186059cdb199038fe715ded939480f,credit_info
1c0162fc72da33138fbeba7b06492aba,main_screen
dd66bd89b106082f87efe6774fa8b26a,main_screen
4793b5b401fd588a1077c2fa14303f69,invest
d224c0db1cfb4cba5de3bfe2a6b82774,main_screen
d09a6c8b4e6ddf182d0141c1b85be18a,statement
59a569e502a6e2cbf8c024c7d806bc7b,phone_money_transfer
568ec4527847c99e6dc2a9f7ba607d15,main_screen
c00b7514f92d1cf8de3ae729d7e74e28,statement
5d31ce1b181b51167863432504709111,main_screen
5448a836cb436209598bbc33fc520303,statement
f558400d8b03be2c090d2e383d1cca00,statement
b7f63c05665166351404a2481388376f,main_screen
0af4410d7ac1acc022927ee47d174695,main_screen
d83e1932c262ad8251d43c7453244dff,chat
648fcd2555e5cc26b49049d58b763de5,main_screen
1dc72030dc68a85ff2227862ae41c3e7,mobile_recharge
33e7e8bfc7b028e7742b841b135ab171,main_screen
c2b4e34dc77f52af1858d82d8409f2b8,chat
bd718c3d7a36d291e2fa4e56b9a6c0c9,statement
90bf64a0950339e417c58f9529be535a,main_screen
70d6908689099de450d28b983bb576d4,credit_info
f683d51e836341d154c3f6fcfddaf68d,credit_info
23a02e3f3d605693ffdc92e57a9095b9,card_recharge
ea5188aab3ee74fd71bd654ea4957822,main_screen
e08d674d7d795aaa9914793e45b7297f,main_screen
3a7061387e3cc2ba16d62a03cc2d1c97,mobile_recharge
d425eff222aff51593042144fa38f217,main_screen
6dcaa1bab2856849ee0c830ba0efed07,card_recharge
67891236655ea5f251f74ce2b66c9cec,phone_money_transfer
530bee839f0c29ee0f884bfb4aea3741,main_screen
b5dac5f713f54b77ba7f3a2907ff5aa1,chat
7c57048ef602c25147312386680e2622,main_screen
26dd11f516362d0eaad7ff6d6ea2e37b,main_screen
86ea950cfd85dbedeef89fa30f88ae84,statement
70e0789520509f1f3450d8e5a0e59f0d,main_screen
31beec40e169bfeda0512065884eb4fc,main_screen
6f40152f9d735f856272fb85413b3399,credit_info
40b9373501873aa55e51771bec429caf,invest
67b7b9e7e5ef5b62cbd8a8265ce7562f,credit_info
f3f28e943334e0408812df554f5f01de,main_screen
8326883da2d0001a92a7b3499fa0594c,own_transfer
98b0513f8d6c036ee4af61a4191eefdd,main_screen
b007c10966cea28765b81703f4002598,card_recharge
15014fe83d843cf695ac0cdc7eea6165,chat
679a56f0cb09225ce9065e389501596d,main_screen
2c9fbe778849f72e04b037201cafdb28,statement
83ded55e8a659b042fff235d3b2a117b,credit_info
0f605f54e557619347427bf0168b3909,main_screen
340ded853a715f3dfbd14036f74729d6,main_screen
7c4c611e4350999fcb299ab7a16d0066,credit_info
43d08bb5a422c6bc875e5df02e1e882c,main_screen
44e30d64dfde9641a9b92a32940351e0,credit_info
bf8f95cde4f805380a30484032c791a0,main_screen
c218919f08f79fc7f77255a897b148bc,main_screen
79c5b18efb47f0fd3f5eb2327ab0e7b8,statement
542bbdd9d825409bb7488aef32a4a270,main_screen
8cbd47739b0af3fbaac50825cd4905e2,main_screen
c886d701fe7dc26ce542c9e95171f708,main_screen
740423757411733074c5d29afa6926da,main_screen
0573875eaad8a41a8e1aa4bdef223447,main_screen
646ace8be0cd92a04ca110bf68d8318c,credit_info
4e18b2d49060b9e2e84792e82b54ec97,chat
95a0201dd9ca1d45bdaf47c4a7002221,main_screen
4628fac4cbb98b52cffd2318e182f9b5,main_screen
25a772f2a2d25c8228fb3756e9e941f8,main_screen
fe2c2f6f094aeb61c5b73f6ed58a8718,statement
956958bda2e29c5e5189947618025fe2,main_screen
513f29806e6e86173ac1723a06bcf05a,card2card_transfer
9df8ac404e9d07579cb7537e11505945,main_screen
71f3328b599b24cf6689dedcdb3c7fc5,main_screen
fbce7364d3385f7c893cc369238216f1,main_screen
0350dbec705f68b54c48722bf595b1b4,chat
e271ad3ab09c59989ae91dd6a0424986,main_screen
97f075a7b325238ae64d098432a150bb,main_screen
c0b1f2c63209464a54fb51f1be1c1b5a,main_screen
eaa1d0f24aec8e233b1164dda3f54a0f,main_screen
dee5fc736f9a4647684c678672101228,main_screen
c2baa4baa8c09f6019c786705e403fe4,main_screen
7b16e9894fbd8fc3137ed5630d759c2b,chat
a1cf3a51df0b997d38dbbcc8875681ee,credit_info
8d826492d649573e289d276115fa3492,own_transfer
008d55b6411b984f165708087788307b,chat
c46fb683f62b6572ec2eb407b4b5bd8e,statement
67efa05c21683f4727ef900766d93f47,chat
7741dc8feba7290aabe3fb109fb3897f,credit_info
615a451beff83328353149acd6227b59,statement
5d071c6ffb98cca91b3c7ede02a10751,main_screen
afc067d17f01be01a1f0fa7054af106c,mobile_recharge
2a7b226502e802200d6a2c44e102d4b5,own_transfer
9cc6317e3f3462a8d85bec9a54773e37,main_screen
43eb40f327f0b1a8e45aa531eb3b8a36,main_screen
bf228586fbff9fcab59e252fd008b9d9,main_screen
2383eaaaf3f021fbfc14c5f25cf7ba9f,main_screen
b3ae1862832b0b4a771ebb8660953b78,main_screen
fbd4af78100c871f4edc52746783d908,main_screen
3ef8f44162791fadabef030ffab51fc1,main_screen
a5baaa0eebf418780e389781ba55e433,credit_info
ce4af5ef3b6d5b0c600f5cb940e60b18,main_screen
c6edb7991b778bc7e47f1f79f0f3185f,credit_info
ab4a299dd7fbdec954e56dcf1b86c8cc,main_screen
f9fef0ec0d7b7d84e728408744afcf56,credit_info
633b5c4444d73a4d9f1bea7ff2719e37,main_screen
4007c7793719e6663e7b359c4402201f,main_screen
1487c383b589b6f7f8d85bc48341dbab,credit_info
7427ea254cfcdcdd8702973948358a92,main_screen
a79e774321a8e946d4da90a01611d70a,statement
de64d6c4b07922b1c805f05668d1514c,main_screen
6fdf9ad97ac264bbbaefbc732c5a5fe9,main_screen
be5940d81e03bf3276940b32772f8e4d,main_screen
9508bb41a6598d06fda82ef769c42754,main_screen
b28ba54654a454f32171314722327bca,phone_money_transfer
e14af4343b7c5d5ba37588f75a5fbc78,statement
60d0b47ea7d21c8f18698fb0869dfdf6,credit_info
0a7fe1498ad2bc8cf5e3af73129645a7,main_screen
ce8b98bd6f966de6be39628ced1f2b60,card2card_transfer
596bf44bf0ab88afbb38314bb075744b,chat
5519d18e34cfc59ce5c0edd09bf2f590,main_screen
71034b756bd5132ebfb234ef0fd28260,statement
abbc22797d0279d22493e2b8dda46806,main_screen
6c491bfc9d1e5dde69990f93ac351bb3,phone_money_transfer
dd6f275c535510c227cc09f2d757df90,chat
2ade101b4ef4aecf56dc3c5c6d9b1f51,main_screen
a1ad74c65bb16bbb77f8524e88806ea1,invest
eeb179b60eba608308ac96cbed031dd6,main_screen
0072b2a3101ce259f34f261292828eb1,main_screen
118ddaf94975bf313fa83a5f714e583c,main_screen
5e9272e439668bc8dd81c944dc2f5ccb,main_screen
8aaab0f9fdd45800fd02c3dd2daa26fc,card2card_transfer
7e114c9f01d3264eafebfe8847ded639,card_recharge
c3d1bf4ada65275bdb9d2d145520fbe6,main_screen
597f8c6cc77a4d3b130d92082c71efaf,main_screen
ea147957185b7e6cf980daf91d4cebe9,main_screen
e1fd0b2a0c56ceb1937c721389a9664a,credit_info
9ff178737152cb0a6592154c541c33a5,credit_info
20c1816185cb49135a7a271ca3758a0e,credit_info
5bc874d8b0d2cd581d884b43bfeb9f14,main_screen
29a57204a77bfd3695c6960194db1a91,main_screen
cd15efacccc7406037e82c3a55866a7d,main_screen
fbda5e1e95baf7f1f3b9068f5b476ec3,credit_info
792c0295b89078202e6a63902aac0dd0,chat
a83d9e0a8f0784bc8310bdbd77503e6b,phone_money_transfer
d54f21de9682779ef2d9856af31c93bc,main_screen
8e617152c5452a6dd82eeeeb526c04fb,statement
a568ca89ae8aefbde4d42673b4e666bd,statement
f5314d3dee9c015e677bf7a8297faf3b,credit_info
9a740bc10aa166591182d956914fadbc,statement
236f21cfa605e7c08ca2c9dde0857970,statement
d03927355b5c0f39d73cbd16bf7408aa,statement
518a5de330941ac71f1bcee5855b0441,phone_money_transfer
7d503562239f8cd8425200db5de51809,main_screen
5ae308957e93f169621032f915d49b6f,main_screen
c5e0db14420f7dd3142900a9186187a9,statement
5e88565ba9cd77b9cedeaccff620fbf0,phone_money_transfer
c7a854d2f479950f69341e670cf829b1,own_transfer
d2c313292b2bd7a66daba4227bfebe70,own_transfer
01398d1f360eb18619c57b48699f5783,main_screen
f8e06a0de1474502f59c3cfa1b8b265e,main_screen
93ee355dfcdc4ce7773dbe9966f94acd,credit_info
e1722396e30a767e5352d5105f9483ad,statement
2f6349d5f755378111be22e8f28be298,credit_info
b7ffe26af275683ec3b68f5f88df403e,statement
01338986e6303bc88556402b5331242d,main_screen
d1e472d17ef85ed560040a87348941fe,statement
dc145bab9ad215233eade2768c91deb9,statement
a215b56f36149d872bf5d3b02c50fae7,main_screen
87527c2ba4d9eb86ad5d870b24ab1314,credit_info
5b9cb488b12b06ef8e775b460c571370,statement
e848a91bdbdaaf9969f3d9d1e080f835,statement
c436411c1c857878bcd84697ba325607,main_screen
1b01798bd5524fefd42d4a8667589fc7,main_screen
3ce9066fad1b30a181d78d8c5e5094bb,main_screen
e8705fdaacf29941d1456a62b65d1e4d,credit_info
066c5fe6a46542f984b533d0d1e8bcf7,statement
57d1d8206d25309e948015c6c3f84780,main_screen
12ea42b2d85db012d5362a0f15c6ccc3,mobile_recharge
a203a619ea8704f584d08744a6366d33,main_screen
9e43a87e7d29d0c4b6a38e3c2240a7ad,main_screen
6df77b47bcf1f42c035d5fff62f179c3,main_screen
4d37dec4280979fc600c181d39388d00,main_screen
57914d93e82120296463dd4f082c2358,own_transfer
4bf101e887f1b0249569a03c1ba2ea9f,main_screen
454b9233cad8a2f9cb2924b0200da411,main_screen
546143877df800df1cf8f300165a3e1d,main_screen
083fabd9b8d3619631c8805ed373f2c7,statement
d448e362d4b1007d1d36118276e8cdb3,statement
c586ff475c5334d39cb3e048e5af3d4f,main_screen
9b2cef15cb3944ac79b6f717a6046ee4,statement
a19b85cd6a5297a862eb783865c3b22f,main_screen
83d7b207f22498e9de6e850d4b205f8f,main_screen
6392780a2183cf5dca7a796382e4a167,own_transfer
f7ef8a9b386ad7fe6ed1ebb39a388aed,credit_info
56f1d18e966a0984122c1a3cf9e988c5,phone_money_transfer
7899779e0f6f32a162a1455b26130c16,credit_info
8b705b5cf9e7e138c6081bd654d4c8f6,main_screen
2307197e6c81f0b92140c74d271f3377,credit_info
71920c1f44bf9919356c6b210632c40a,credit_info
05d01cdc91305411e621d6cee48f2988,main_screen
63fe5e7a55f0228a68974b220a839b6d,credit_info
f53d8e240a323534c5530c7a7395e249,card_recharge
9f46fcfeaed758bae46b7b6ef24dacbd,main_screen
8a245469feaaf29e97885321b587fcc3,main_screen
3898efb1699c06a2bb29f884485c1f71,main_screen
f5e086cda383cb4299963b24b2e9df15,main_screen
3e75b7bcb1aa2ffdddfdbd7b28502aca,statement
958d00ae72e6f931ec0cadc67b551eac,main_screen
eb00ae1f3219558ea2d150c7099a62a6,statement
b28297e7ba9d76d55a3ca0a03f914c35,statement
d79bd7d9b98caf8e85e25f00619d1e68,main_screen
602b85b4836daab22347a67931ad5cde,phone_money_transfer
80ffd4f3313a97c1578a74bb2bbf2d68,main_screen
48f5ac0d6da847f1fd5195c0eb6d85fc,main_screen
6e688fff11835ca9f2a47d1102fe7989,statement
70bd89fd64b09cedff7141f48cc984c9,statement
04927f972c135874280ef5f061d6ac54,main_screen
a31e0b004c0def45b2b392420007de02,main_screen
d779d0230c51c5cafcb9dc005c1a5540,main_screen
897629893394950c822c3324f8e7821e,credit_info
874bf8b55eac3f486323c7f9ea418703,statement
5618165e2ca4eda35aeed18665be2c60,main_screen
84c8502e4a27acf21b41365028cba707,statement
b4cebc5108f80279b3381cb826f3f5ba,statement
a59773ce2c674f193fad4e468dd0fb93,chat
98ffafcfc9e7b05e927cf8e83202be5f,phone_money_transfer
b6ab4408deb7dfbb35be716ab62736e1,credit_info
03cb766e440e7b882fd28ed4dcc1c5be,main_screen
df259cd7d6d9196694c36dd5fbb8e090,main_screen
f5c063f029648ba64262b6a21c2be79e,mobile_recharge
73c0cf4e7aadc5640810f7bc28bcacfb,main_screen
14b805b052344846116dfb701d4bd4f3,main_screen
b1b9a57309b83283a746c50361ca6fd7,card_recharge
27d31d61eb7465b18a3f430269b4cfae,main_screen
98b604e7e82a3d56047f90773f4d2e85,main_screen
975541b274ab022ae081853f22a1b142,credit_info
a028bcb438e2e2bc54421e11f23c2c9b,credit_info
d0d1098c182eceb9940ad1f1d8ce52b0,statement
0e6db6737ebb8fb9e254ce92da48b922,main_screen
241b988446f253b960f970d5c6feaa57,own_transfer
4325c6a63ec4108e5380e3597216af64,main_screen
fb14b47f664e5331c049997446b2aaf4,main_screen
0c50854abd01e1f7a5f60f35aa9e5fef,main_screen
304fbc2786b327aa85984dc3bb35553e,main_screen
a8850263870d6dd9f72ddb4450bfba69,main_screen
433e2a15e337eab34a4b5be160ec32dd,statement
d5766e703b6d892da6a5674095e82edb,main_screen
530f1f9f1bae382808107437eac49973,credit_info
f06bddb6226732a759f6c1ebc9b3048b,phone_money_transfer
1b852896063109c3892a25d72c2b54d8,main_screen
c5106c8993ba113b1885e7d2ee1ba445,mobile_recharge
a3ab858f68d24444fc17064077575030,main_screen
8221fb01ec2134dab971c7d6369fb683,main_screen
0b15da0e64221db2d1d350d894504303,main_screen
01b3c884de9fb934dea522a5a4f61ef7,main_screen
1e82c5d818591433adfacd3a31f75372,main_screen
d9ee162679139bab9a93128ff301c801,main_screen
ccb61823cf99f8d80921bf986758f65f,statement
89589ac92367770f32a6ff1b51ee9e41,credit_info
9ea11b90cced7d0d5f0a561ed66a8651,main_screen
c2f79701cdd47468b605ee1a6a585adf,main_screen
a12c8860ea4e18514c2b2b21cd45ec56,main_screen
b3993d95048e7b8bf8bf67842420ff3e,statement
359fdd5c0538707a7dd4d7735edbf966,main_screen
8224a65339fa2f57d973e3dc0427dad9,main_screen
f07e53bc0e20a3c6f566b312e026e8c8,main_screen
f5f9eb481596cfac0c987aeadb3f3033,main_screen
dcbdb1f25bd7e9e7e56d39f432d513e4,statement
f5f44ab4b6d53ff6b38b79787ea09450,main_screen
e828ca8d3ddb6e551be57235f31bab02,statement
869604cd87e592a6c42c10ed615d1ab2,main_screen
028d88b80b57d4037419bdd54553ae3e,invest
2712b84bc78562c70f849104d4e55d1d,statement
31689e4ce507ace15f08c61034afa5a2,main_screen
9d1cfe08d756d67af6cf3758dcdf553d,statement
a9f765d1e7a91df8210d14989ec0377c,main_screen
e3c2432833ea88482de7fc39eeffd53d,statement
4af00059bb141b1c8cc9c6a155cc0dfc,mobile_recharge
e9a75c3aa943c1b8f390219a8186be37,mobile_recharge
44bd8f33d6772411b45f45379bd9801b,credit_info
afc5f75fe51f2555358439fa61def7ad,card_recharge
2612bfefbff29fcc1d8d18af96ef16f6,main_screen
9d3f715dd721bdc230d75812e15ea23f,statement
dd10b03577a144de0f285353cfe13812,card_recharge
f3a9331fb01814dbca588581e9672403,phone_money_transfer
d29c081813a3c9484b9ed70ad7a65524,credit_info
05e0e6073e63d2cae4c676ea6ed11291,main_screen
ad49b908dd6519a6c0f65a1a6defe536,credit_info
ea22b48698f2412863f59d2fd8f8ac80,chat
fc4f8004e8067b1da871e1bcd32637e0,main_screen
08414bef541c1eb0784234a0c332d8cb,statement
d03a053cc14bcacd5fd2f3e2b166492e,main_screen
ef9672184f3af186b9e00249cf1b5422,main_screen
eae4348fddf97ff773c9acd937875a85,invest
23216e58d77836cc38631cb4c6b58597,main_screen
059328bab74a25a7e711d66b798b8f98,credit_info
fd932e59eda8ab625d927b6db0fa211f,main_screen
fa84a09332b06c5c59beed63888eb2d7,main_screen
e5ade7bfb93e8c128699e71c4ba38f76,main_screen
6924a7d64075c7098312e3298a53cefb,main_screen
68fc90a75e380cb75b3b49915735f8e6,main_screen
11a0a67b0b74b492142f91c8e5800612,main_screen
b2abb34ed39d48e7d94a19b87c763efc,main_screen
b26935ac3566c33e91c8f65a509e348d,statement
62def37ec8c1cbfe822e308e22262267,statement
f26e8f7f3247e7ece7efc69fd750a9fc,statement
b8127e0e669e038fafc9fe387a09742d,main_screen
f8fa7473c06fbe74889bdb72e10482c7,main_screen
65e3b3b56b1d5466bbfa845d80c50fdb,mobile_recharge
4a5d830bcbf10f64ed92602125304cb8,phone_money_transfer
51cd611e8bbadd7b374f71d77b7cff85,statement
a9abbbc5d8c615ea90c2eb929dc6c6ca,main_screen
707876994f8076b6a6226aaefcf2d7fb,chat
9ae05c9a36c721c300542eb4c572de5e,chat
a827bed2f4fb7acda95f79c316a0e885,main_screen
92588d10ce8c573c6db92a5876412bd2,credit_info
9b9b6f94ec16d40870f5fbfb3b328476,card2card_transfer
7af658c5a0e02d9b42b914c9f6240091,main_screen
30ae0b7699a5f3691672db3b09a1dccf,main_screen
2f9f588fe7ecd674940cabd5cce36504,main_screen
14fc24f2049f79eb6523c6ecf56c2dac,main_screen
fee7df236d7d2fca82a6be561fd87c2e,main_screen
62597021d6335543a40d3ae9cf2f2c04,main_screen
7306f79927c2e23c58cc9e1b4391e31b,card_recharge
83b621c9f60e6eca8626d41afe101aa7,credit_info
15830ab1b99e78a47d80134af7430ee5,card_recharge
c1b0c62eb054a47ea3ace569d322bdd1,credit_info
a9ecb2e93de82b380063e95895de96ac,main_screen
6bb1cea285df419b3cdd20c3e371dfa1,statement
f824c0cc81efc2d21ef61d44de683d64,main_screen
199fc7e8b31cb4cb3101d60f2ac6eefc,mobile_recharge
61a9befc0f36a1006bbfa27b6850ca31,invest
22d41f0a38c61f02fc0b002189fd3a66,credit_info
06e625e6a3b35cc2889a5fa0f2cf5b74,card2card_transfer
bc66f8c79fe913f1378060410b22aaed,main_screen
fbc6f24b1b84560cf1cf220509f173d4,statement
6e06454902809668843f720a8d5c5637,main_screen
a6f4b0dbd73ecaa5da4c5317691e3cea,card2card_transfer
5bb6096b65d730191c59c77ae18d80b0,card2card_transfer
ada6bb750a038c81924d97d7ec227898,main_screen
a5e2ca44e9d88cf8ab9c749719c72399,main_screen
e616cfa5008cc8d2792ae38caf3b9de3,credit_info
a5aef4756aa11055fa82025bc302300e,card2card_transfer
a5b21c14989c0cab74a99b62e5dd1d9b,credit_info
d1c9acd2260634d9f9ff172c4974580b,credit_info
7e164b1af0c36234e3ba4ccb46a36d93,statement
6440ddcf2718388045d0081181306561,main_screen
7e6f593b087d154a1c78084b2ebe2f4a,statement
ca355a94e75df42f8e7e9f9992e9355f,credit_info
ca2b696f5b1f39c28f30385cb0aed5b3,phone_money_transfer
6b260806dbbc82a476289f8a6513e734,main_screen
c8670165d6182ad53e0ffba364916452,statement
87e67102bc7b8065bc609435d8d040a4,credit_info
ea30335fa6d542fe62392ade4a6ff65f,own_transfer
00a36d3df760f104566acaabb7581fab,main_screen
ce576c986d2d4ba46bbdfb18b91dc3e7,phone_money_transfer
c1511c2ea7d6c130be13baa23e718167,main_screen
591a53714eb009d3ff6b0da49635e9c5,main_screen
7e83be7fcffef427d12372cea146fd58,chat
c5d001766f54d694095a33705edbc572,chat
7f2a469c41c091ab64c8ec8f8f73d8f7,statement
223e1f3764900638e2178c008904d06f,main_screen
af332007d19edfd37ea63e0b5e8c7721,own_transfer
d9eb5b1c3255976de89f1a0e1601a270,card_recharge
b0d77c33a3f88f5d5467098645992489,main_screen
07ca5c9b13472bb2f8405b45e2e9f1f1,main_screen
47cda872c7e5bae251cbab024bbd76c1,mobile_recharge
28460eb83118914b96804715aee8482b,main_screen
d7ee2c454f8c4fd970aa5c736d29b4ec,statement
a30db7d394ba399e6d6e566e4a93ce41,main_screen
ec9bed7c2484e15bdcb0ab84b494eb18,main_screen
744cdb0fd1675fd5d9a6747085389c72,main_screen
9f14ebeeea699af5daa3dc2a419e5fa6,mobile_recharge
0ee68cbaae565114a429d525d905ac77,credit_info
08c9271dae72a2e2e887837c721ece07,main_screen
e0e1eb45d8981b4f377ab7263c1e6e9b,phone_money_transfer
bfd573c8776b0390bd742a7b69b0859e,statement
4015ae4f0722fcafc3c4a4617a896b00,main_screen
f15af5161060d57a4c96b235e4d156d5,main_screen
11ad1e9b2254a1c583b40f1797969694,main_screen
3cf7d1b162c96fb259989f9a15090ad8,main_screen
e945051960fe67478d820c34ee92aa95,credit_info
0fc4a31de5dbd5ff2834c70a8b329894,main_screen
def50369380706984c43252bcd4a485d,main_screen
72ee94a8696602670b741ce6e82aae4f,credit_info
ed0871299c4fdddbffd1cf5c86aab76d,credit_info
3493d0f2e12e5255848945a3c7702d2e,main_screen
89b56a657b9d8459f048043bc9665868,main_screen
58002c3eb7e58aeb9b0345b68d99ae7b,main_screen
c20c6bb20fd876ef110d0df1edda579d,statement
2fc8737f5432b13556d3e03977693c52,main_screen
edc801e730f15d486c3b1730eb9315ef,credit_info
ea262d1e2bf8b61cd0b0e296acd70810,main_screen
f6dbd119b06c0cc4245942f706780960,main_screen
1b4621eb85501375a751280b1f73c3f9,mobile_recharge
2d88e3cb28ab1bf8e6a10eb0d39d8f34,credit_info
e7c925559c535e2418b76d542f331827,mobile_recharge
984803998945e623af6b661055873d98,main_screen
9237fd58d311db8db6bea1d74e3e9dae,main_screen
31029ed10e628ca1ca9a97fb79f3ecc0,main_screen
abc89e3b2adf9de781f996419dfb5abb,main_screen
dd957428ef1bb48b9b16975490414dd8,statement
a1671815cab3bb1f84ce397db0f078c9,card_recharge
1d8b4b6b5e2b02cd1b3c5cebfbba92e1,main_screen
8a6a806239f3e4fdaefcb715c92ba3c7,card_recharge
4a54d56b03170932fb77323119477a0f,invest
ff052861c1ea547b6be19649395c05db,main_screen
4cb041ab8c93eb9c9f645f9a078c5163,main_screen
cb80a81b53a041331844bc27cbbbaa1e,statement
99aa30b402de025199592d05be28a4d1,main_screen
0b524c0d30d31da01985831255baf987,main_screen
1c2e4b2b9cc556c81b8af27d68a8b37c,main_screen
872cb37208bf7ba6e0e7c135c0cf5ef2,main_screen
bb2ca58a3ef6236a0f5f98ce3f607bca,main_screen
0f19de7b169eacb8212d5597ea0c6487,main_screen
5dae4c39ab72d67443235fcf66e31f30,statement
057313efc42f8591facbcac1a60b2e04,main_screen
6fc3c45baf5b96e6e01223ffcae25e70,main_screen
29c5ead4363c5a8a60b59421deea76fc,main_screen
1c7b591396ba7add20eb9ef6112c6b3b,credit_info
9aeb42a50e12bee912ea3dde3362a632,main_screen
22345a18ed64875dd2609e0cca2b69c2,main_screen
96bd8260410078de77352d83321fb450,phone_money_transfer
52654dec58f418506d7cd972ed665133,own_transfer
1caf7fabe67b9c34f67eea25b9a45bdd,credit_info
421dec77c76feabce9e6edee2c53b545,statement
f4cb3a37f51560a7dc069ba062703451,main_screen
e604b54f02310d038cac82b2a80282da,own_transfer
48352ff849262d629a46fd69a67a98f3,own_transfer
ee7c6ebf8b76de5d6353d69e78c24820,credit_info
9d3b62ab440270cd869ffdfcc0da5059,main_screen
c7e113a1c76fa32a66dbc13415b9175f,main_screen
a0d77b09fe0bc34107daf372d93fef8f,card_recharge
e6a301fdaf78ace42d179792375c3eba,credit_info
8b17a16a86b732addf9563355109866e,main_screen
bd7ae801e3e7b9aa7ffa8f1ff1260c2a,mobile_recharge
f26e14897c8231a559ebadfd327f1366,credit_info
fe1e3c9aeeb88ecb3861faf97698f629,main_screen
cc900a19f3b5ba56f7e51657f3f6c646,statement
c3f2558aa928b6a6fb5e9a6cfbdae56d,main_screen
61a3112f8247f03b86569ad0f1219b88,credit_info
acd77ded8ed885a895ef9877a7cbea04,mobile_recharge
eb3b8f64143e51ea39cdf271a0c2e202,credit_info
d77a5a2097ca9be99c61a1a6f3632804,chat
d9095a838f1bbc4b7af55081918e7cb3,main_screen
cf87ca2b888fe76d6dc856e1959ae13a,credit_info
2809e5973d582aaca28ec9acb0c6eadb,main_screen
66e157015cdf3f385e98f44681996e1d,statement
626e5eac8c0e3b016973578ad1cf8189,main_screen
6da702c56eee32c5a65108d96fd07be4,main_screen
86c0536500a09e494e4442fdeef69225,statement
1606736f8c2f96ce23650ff78756600d,mobile_recharge
51b7a9c7ea44584599029f90fa6e935b,main_screen
b2ee8df00e028ddd4ae7f33267ec7cce,main_screen
f9d3f6e616ea880353f79a319ac2b9ea,mobile_recharge
b8d993fe73e8ae77fc657cbe530c5704,phone_money_transfer
3673412864f30e44386f14b0253d77d6,statement
bc5ed9bfd8224b167dab7cf449861220,main_screen
794c07c05d353432bcdae873c689405f,phone_money_transfer
125ddeafc812ff090ac6b1e26bc97b92,credit_info
82e328935d4d657c47bfdec47bf11597,own_transfer
4caeae71f4a8b97c3757584e776fe57b,mobile_recharge
bb3b942172ca4315b4b41045e6d3d873,credit_info
a5800f49a60f32e1a1f34e67e86e7575,main_screen
0f82a06a35b1041cdbfb8d165f9cc63b,chat
854e0039402299bea52deaa6714ebdcd,main_screen
3847977f0b096bed708650639dc9d402,main_screen
09cc2caa03daaf80f8f79798b10c24f9,main_screen
55917ad216a3cdb04d7c77a7cbc1e336,credit_info
6a314ab6b843bb68e213cfd9b29c8793,main_screen
89298e982f8cc6a1333a4ac909f80200,main_screen
c18f185752907d2f0f3c42d2e2d7fb25,card2card_transfer
60325777b025e2368e35bda02f06e8d4,main_screen
c33da29a5477c554afe851dd90fb2c3f,credit_info
6dde48ffeb6d354628303c9d9b6721be,credit_info
d54ce63b3adce2fb40e7cd390ecd23e0,main_screen
a609af82bd01757b5fb764f7df8f530a,credit_info
2a9bace9d559a54d4c827d9cf41c79c9,phone_money_transfer
cf4d2ba135bb7356abcf4899ab81a51d,card2card_transfer
e99a2bdd3ee9ebe771cf41589e036499,card2card_transfer
e7e6002f3872621fccd9634060fcb0bd,main_screen
742008799c12d2b9302638280a94589c,credit_info
2ad26cd1f46cfb0b60eb2ceeabaf3585,card_recharge
fca9bcf19742d20a3e69dfae3111a499,main_screen
6d17802ab41a88b2d7b076a10f4a21fb,credit_info
2e5f58353528f12cd6bed3e315cf9f95,mobile_recharge
5c4d89932d96380e1a3f58915a18aec2,mobile_recharge
77df1564e0721fd508324c974a9f7cc2,main_screen
3e23b7ccd103d5c992e5db182513924b,main_screen
595c89063e8117bd671519b356faa6b0,main_screen
653cb8b9f358cb4c38aeeeb7a923a9fa,own_transfer
2a758901edd06e0bdca54174da78adad,main_screen
bdaf63061e141860f06d6b95e05def34,credit_info
503a16435838e1def8458df6dcde6389,credit_info
f2a669aacbbbb591766f237fe5ab1802,main_screen
8e6b7c7d7d36b415117a35c3f5d9714a,main_screen
5036b05a9386c002dc6b172d03e74ae7,statement
cdbbfdbcef725aa958fe60484a9a2cd8,statement
2bd61f3757a4d4d4e81652303a8ee336,main_screen
6d86e45a1bb23d9df4b0e81a95e2f1a5,main_screen
714a127326b5a22009007d7e1a0799c8,main_screen
73252e262ba96b76bc6bdc2b6932f1e2,main_screen
049ffaf035337d7b5027bcec1eeb5123,main_screen
bd5f1ec4991e725301ab92fb43d57dc0,main_screen
f903141d420e73ebdcd490be05244c15,main_screen
eb12cfef93e3ce45ea9fa089a49ca951,main_screen
76af2854d2d6ddef5c8b991dab539d49,main_screen
b9bc4bd39db1236ff8b5fd41e38fab15,main_screen
b7a2e5eb6c1cb944f4547aba54304e35,mobile_recharge
dc88fdfe1e174f97399581c2f48329b9,statement
c6c72288703d1b7ab470aa145c628740,main_screen
67a638ed88a6024c00db4d9131dc5c8b,main_screen
a20ed634ba3f176575155d03f84c6f69,statement
e7ce13c1dcfb35ff7528fefe6f3fd49f,statement
7e959990b125f5be87f6fe817a349f8f,main_screen
668af95edcdb74994afa11bb7fb29dcb,main_screen
1dcd685e8129bf367b75c8b46ff4c9a2,main_screen
5408dc1ee4bdb8724cb70093f5d50881,main_screen
9c551cbce3c520c16377c612ba685ca4,main_screen
79c1a74688da94c4e41253de0dca7997,credit_info
6fd2cc4890c9ad337799356f6c8c362f,own_transfer
bc6fdbfb694ce856950374bdc45f085b,statement
e72f2de0068650ad2833a60fc9f33417,main_screen
55bc479aa87fe82305695d2f9611a174,main_screen
9fedd30718b646a0793ad5f4663733ef,own_transfer
0bdfca5b4ba502873b210e9a327569c3,main_screen
fc3eb444883fa5b1b2ad1a287b469968,phone_money_transfer
54750bd92c21aef342399a44b0926354,statement
a5459f9f575b50e6900616d2ee27a85e,main_screen
47a9c4a63092a04071a4632dc949c8bc,mobile_recharge
71f7dfed874a519efdb07999bd295946,mobile_recharge
1f3b936af33861ffd5fd9f713732380b,main_screen
0d31649ef3d64828207b2b0824ceece6,card_recharge
b354945a0e07f436753c171e52109862,main_screen
d505030a596d5f6210fa601f16edfa8b,main_screen
f376657ec92a3c7a765a530e2b8806c8,main_screen
d73b1856a9cd5fedd1a507715b0a8426,main_screen
299bd986c0d8a8b5b370bafbd78d7566,main_screen
551fc362c88ac0d7c532519d57a72dfb,card_recharge
11186d927aa46453ac31e7f90db20090,main_screen
ec8e192de9e889b9c3319a3e480ac6bb,statement
debb39394ffff29f0d51b6c942e284dc,credit_info
9b992b559c8855d91b1059f20058749c,credit_info
5db053053beebae9ef4ee6bee61835b9,main_screen
a5e546ddb201e01bb9a55ab1eb0ad224,credit_info
4829516a0e7b8a2de42186a86c8ab9b8,main_screen
328c70fe45f76ccdf2b601c14af9de66,statement
9f8d25e319c114bf2beca3f26968cae8,main_screen
014e1da166b683833afde2386acf6696,card_recharge
74e4e6a4ee898dc87f19c0ae5cd278ca,main_screen
831c63458f46fd09a64a8b577951650f,main_screen
e042f8a9ed5c3b905444d1fe6bb631c4,main_screen
02d72ee6828a27e4f47740d34aa862c1,invest
c3d6e59d3eb3572e15391fe8f946e0c6,main_screen
3ddc55e86369224b68e06c093692ada1,credit_info
69119fbc10be739c36e7e8410fc9ee87,card2card_transfer
45187fea5659cff15df11774c93220a8,main_screen
5ce81cb0efb67fc8191434bf57077141,statement
07609c0c4d46f218822c1fec7021a9ce,credit_info
c284dd253d0a75f73afc07792050b897,main_screen
1bf9a1fd68543b34128cff5730d82afe,chat
a5cdb560f2290a0d30a88d8691a90ead,mobile_recharge
f9d15e5be84c4be6420ae03413446351,card2card_transfer
7b65a0d16df3c997c6d22dc422e6883c,main_screen
f550637ccd2c4e3905eb1484dafeae85,credit_info
12a74edf812a29368eb45bc4a975af69,credit_info
9ebfbd9bc7289807a4f824df5a927738,chat
e658fa763c4c620df9aa048a32d1535c,main_screen
8bebd6220574701e1104c6761c57ab94,chat
43deedd813f67b26d4310099a3f15344,main_screen
d12817f632177d8462a52482b7a7a87e,main_screen
95926c583b354d5c3728eecfbb7fbe33,main_screen
49109ff1225baf208e9b00aa39a29083,main_screen
c9166e72d9356474bdb454b3a128991d,statement
c2687b36a56322e89059dbc46162abf9,credit_info
dca239caeee648fd2999e49159561ef4,statement
45ecdee94fa5db076b5bb280b4579710,invest
96d65c14d09dffea5e76eb5ecca6d5c7,statement
620dfbec44a979fac2c5ca1e6e03b5ad,credit_info
01352eb540f363798f90eb724f33eedb,statement
ecb844480608fa0b8123198f994f70f6,main_screen
67c1e17e91c6038a152a65ef97308210,credit_info
555f6e7826172880b74a3f5b5f882308,main_screen
18b87d88fbecec85ad4334574b9d5d89,mobile_recharge
0ab4ec5fb23ec5056d72f643b615b545,main_screen
97d5b8f9b0b0300e49fc6aa3d108eb35,main_screen
44affab633a5ffa7d54990c60d4d428e,main_screen
29f5571b3a589b7e9495155b440b8885,phone_money_transfer
6a9111bcc228284f2d286dbe730bac64,main_screen
dbdb20c4b04b6d9dc01913a6c4e660e5,statement
c383716edbe151f467417f43aa83e625,own_transfer
5ce90bc07e7338f401a35d572acbefbe,phone_money_transfer
8d486325feb53e5e4c97777cd380bd32,main_screen
3c9a70d8283e3f629bc23458b608378a,mobile_recharge
08bd78ea59a19dfe0767f4637611533c,chat
e2e0ceb164f1a3622b77ef9e4502cc30,main_screen
a37b971ffd21aac19cb0d7bac350a9e3,main_screen
01bac3a41f8945402a727385ada45b4b,main_screen
140d637f85729b2fa60b2c001fcaf970,main_screen
9126757d795b3cb268c17006c548838e,main_screen
dfee381cd6acfbf02c1fdc85f8ff8990,main_screen
4b1d55839f973f9d2006f8af8efe9e71,main_screen
3a018d7796d269714b0d31bce97a58d9,main_screen
b09041788ed8d624fcaced7081371de7,credit_info
a4222900536b45525641cf4b378e2454,statement
7f58c72b2aad541d9318daffca374607,main_screen
ef4c071184e8613c97135b4e3bf42d2c,chat
ba7fa58e2301108f4071dc1492f479ba,main_screen
d0b0dd7a778ba50b1fcb36a2f3629d79,phone_money_transfer
493ceacaee5bb20ed0fe5183f0e4833e,credit_info
cc68818f1362d876ad3dad5a4ca3fb17,main_screen
0525fc9d68cd13e52252480d8c374f87,chat
46f9fd9f543b74a1bfc32ace23072198,main_screen
f85c62798f83af23fcfc6579f9a4f55d,main_screen
40e91cca444ec82b914a960cb25d467e,main_screen
3890b6104cfde6d3dd0de951423a98ee,main_screen
33354078d8d80f3c0673532861ebdbcb,card_recharge
4d6f99742f75eb6b3d2e5458425fccc3,main_screen
d4a8e7e476c05413e47f859bed5b39d9,main_screen
7115f5574ca6409f8c57f11e67e4002e,statement
2925225c38d1c72e0e41b0c373b38a8f,chat
4a2b587b4ffed3c0f3f65db7c32bd4a7,main_screen
e006d2c5b9299a01082b385e716c2168,card_recharge
2e34020230d6d2ce6ecc2d00aa2425c9,main_screen
b9dc8fd461969461df132c7704b72b83,main_screen
936afced25975ad157354356465bd2d7,main_screen
3d5517d419977c7b15d4dc55e7510714,main_screen
f7fb39a24b3100a00eda4543273988be,main_screen
0701fded82c2414da5ccd731b03dcf5a,statement
e75f7b31b7e846b115a1c8c9ef0ac0be,statement
d30b51a55c9742933f91819acff43f1d,statement
e251a4d6d993efcdad39d1e5c8fe4c3c,main_screen
f07b265ef2d6ddda0adabf1e2b5c4b96,main_screen
de03369da06c52e3ca5c1c3af6904986,main_screen
a21ab34a9304b59e9747002062004ffc,credit_info
9dbab93b6924424b5e9a4904e9c3bb6b,main_screen
cded02684897e6f4f604b2ae2dbd12f7,main_screen
b9e4c30005c8ae6b905466f8ecc57d1e,main_screen
68c4f48a754921ab4ae7f91bf8caf023,main_screen
0fdc81cd7ae4bf5e389810c9f6b5763f,statement
0fd70f3a7eff9b70d42f3d12f58f4344,main_screen
a4b96f0b411c5d46f94aafcd095ef6de,credit_info
707fd5a84edd0e56b343e78d8426fc8d,phone_money_transfer
aba1a7c93cf4c826866ce3a0f59eb38f,own_transfer
209fa6add6a719a535cd406e1c504c54,chat
0b01c2af69964140d289fe72a0aa3704,main_screen
e316bfd472146985047a061d7edee215,main_screen
b55f9fb82597f98140eb4c3d0d5e780d,own_transfer
dd06fbd2ceee514b49ee96e1710e4e47,credit_info
1514d319c612f654a12ba4994a055c77,chat
54228bd8ff9305b5bd79c30f26e346fc,main_screen
be726da2b8f5c128fa528f7c9494959e,statement
7fcca02b7b48bf3987fa32d537488f88,main_screen
75729d2a90523b55f62fca0f434840d3,main_screen
a0112ae8a3e5876a119ad74d4ee70694,main_screen
fa0926a82b9d95072e97cad767b2f979,main_screen
a679cd5942de08928f13f1bdff4471d8,main_screen
21a182a63e3119fee476412b8949a0c7,credit_info
a33c65334592e24e2bc0708d1094ef84,main_screen
14d7764625935f81ff1c852f20fd7801,main_screen
c83c3fda928dd3ca51365e811e139258,card_recharge
2009627f740f0137449a5151a90d1ad3,main_screen
3b949f9bfb2db54776e374faf6c801d0,main_screen
ef13a227452d107e375adf8f8c076fa0,credit_info
f743922d72d037a4b26e6cac4fb51f4b,main_screen
6de72d69cbe205ef85e52c42cb1bdb9d,main_screen
64d7304c76f0d4fa2f6ec17d807054da,mobile_recharge
47e559f9a5ea9dd44eee211bb44f85e4,main_screen
4d488e84d09226a1f6c3380c86798512,statement
23ac83c80a7b7493312728310102562d,credit_info
bf661a548e46e4ed12670a25518809a0,main_screen
8f2e25cb403cb8173d3455053c99ed4f,own_transfer
926ccc297653442ba468a5c838400277,statement
6c6d8e49ef35ba98234beadede033217,main_screen
7f664b46f75a352134b3443e9d68e8eb,main_screen
09757fe41d4f6edfedbdee1e32217667,main_screen
f5a69597e0d8862645396043a2055192,credit_info
d67c8f0953fcc8df7f624589751d233b,main_screen
a5fa40daf649b18653dab866470813c2,main_screen
fc4280ad60a8714c05c7d0bbb1812f83,mobile_recharge
8c8963a766101fcf7a0f0ab3a14df79c,main_screen
eea4b3a82b0604b8db1b99caedb2c378,main_screen
fab70ce19d2aba2d8c1b4af7a6c8c205,card2card_transfer
fa95c7521997cab7468e36233247bc14,credit_info
fec75e00bb480cd3346aefb5b62ab3db,main_screen
36632a44b4ec2ba36b0762bd4718792c,main_screen
8bdf841666b60d57ff1a3954b8ce37b1,statement
2dcc6a8a948af4be25e40f68aa68cfd1,main_screen
bf514da898c03c5103f36281541e547d,chat
a486b08099d03809c06a1097f21ae5b7,main_screen
48a1b21b8e17a8653e0185191fa609a0,credit_info
4d798bd5b5e75b71a6778dcc45663557,chat
d8779c5c9cf4b3cd1eb7c6fa81cd9d5c,card2card_transfer
de0fe008dd2e73a7de3d48346e96fd42,main_screen
29d0e5b41a8daa3e6ec6a8bf6ba14899,main_screen
85045a819f2944102e71a7c7ad63f93e,credit_info
0d36ec88b60b99cd0b4ae647307affb7,main_screen
bb1c36a6ec358c65718fee7d51dc991c,main_screen
88faaf4adcfc64b3e981f65ad91ac593,credit_info
72a411f224e5fe97d2cf61dae83c97e7,main_screen
9dbe67e4fbbcd87db01879492609f42e,statement
6f65ee3a70c69ff332646ba9eb239e52,main_screen
579ef7bcf6d02b716d41d0f983130b91,credit_info
5f65dccab5995a41d5b679be65be37ca,main_screen
ba871d8dbac758a572d127af7e2614dd,phone_money_transfer
55180af18060ab1dc00653ae82e7afc9,credit_info
3bb42a0a9e87fdcea1d62d499abccedb,main_screen
14d1179c60c5764696ab75c7af92a464,main_screen
9e8256fcef89e9b1d2df3bdd968d6d4d,main_screen
6f5b4d05a6c38aadefdb2aee2451999d,main_screen
290cf6feee4751783c59a6515589f86f,credit_info
c509893a7fbb570bf686305a88d80fdb,main_screen
a23e4f42a9b1f786e603b75b6f3f1c9a,main_screen
28423ab3605c757082bc1f5fd3ae7ee0,card_recharge
a859f9c7816754c8542e4931a8bc3460,main_screen
eb110b7b172efbc2d02bae8a05867be8,card_recharge
3512532c0835c3b89f945dbe5f7dc205,main_screen
d592d5421a429b43e5648baef506d0a5,main_screen
4e64f64407dd442fff169b7cb9c9ddeb,statement
1dd304ffa513855d87915c2163b64336,chat
70798f3efdb4d934bb74267084365922,phone_money_transfer
6048ac303154b43df15a1d2817b390bb,main_screen
5fd4b956baaccbef65b1cb8db24d94b6,main_screen
9972fcb077389b9a108baa114074d762,statement
cb0481738192c787a8410e5425e9f307,credit_info
4322ff40b8c5dc4be221253cf4a1054f,main_screen
97a3121e8b1387ee11050525345957bc,main_screen
08149c835dd7ec0f7f9c5cb503025ee9,card2card_transfer
c68e2426308eeeba78543441d16bef97,mobile_recharge
bc3ca5d10bf43b595ae14c3e2477220b,main_screen
c65cd62addf87dee517e45fc0e233af9,card_recharge
a85eec62ea50d4eaf4421fd4cbc2465e,main_screen
61b068c26530d8741ea4200ada77a2a5,main_screen
4a9da6c4984e4acc689e3b5ac50feb9b,credit_info
a41a44ae5b86efd4c04aca0a51b3dfb0,main_screen
db402154353dfc2b99ad4d2b7b7eac7c,main_screen
b82565270dbc812c57bece122e5315c1,main_screen
5aea2f4beaff8627d2c3d337869f94af,main_screen
bed1e7ffbe7cc9a7349f366dcaeff81a,own_transfer
16383d7eee24bd40165f452f45fa7376,main_screen
facad84c61cac6ddf89799fcf28b3088,credit_info
b5e84123215fecb3727ce606a4bf2dc9,main_screen
13e5c5395739f25db1685465aeedbc5b,credit_info
38e7bb59447e6525dbe3c18d9fa2f244,statement
f2703077ae5d5a863c305cf63ed3797b,main_screen
2a3a5315e70d800d67c08b324257fb8d,statement
7fd78f2c0259949c4b51826e339c3452,main_screen
4fa7da825c8b934461ea8c78378e1d98,main_screen
95a086a3694db6fe3246a939e2a1b3e2,chat
a22028637f1817a16f1e1ac53c908155,credit_info
bd50ec5ad9100312c5172436afa93f92,main_screen
2961b5aba003713f9b0d58d002632bb1,card_recharge
dd324df3796d28173142bedf35d90acb,main_screen
265f595744c8610d4c691290ba4fc0e2,statement
9b621d15479d4f0bfd74a69fe6bb5082,main_screen
e9c53c30bbe0d3336af72295064836f1,chat
3ced8511efc8ffb1d1a907aec024fa45,credit_info
ced5b1e86f64f2128fb97f0e60ac4984,main_screen
de9fd31c3f7c55f6ec853a45357320d2,statement
d1837c8d25aa6d58cd5c114b3fcde578,main_screen
c51afef188d49ea210048d8a5c612d2c,credit_info
afa37a9b6d3b0a2241554ddcace0c3fa,card2card_transfer
742773044c60aa43f327e8c2844c32b9,card_recharge
86614c6b6d80a6dd5b032f67d25ded78,credit_info
6e76115390a69b578e1b050bd55d975e,main_screen
339a004ccd0268109b3897e8ddcd0b30,statement
5e8c008c013fecb22bf73800570bd40e,own_transfer
ba3f755b38f70b191ba949075255a3ce,own_transfer
a2a438d6978bae07b4b34375444c7ff6,chat
bf392031a56dce13134dcd322a8771b1,main_screen
0cb8c42a58f63b07e2c08a4378c954f8,main_screen
e3d7855c0799bd450780dd17807f553b,main_screen
d491c81db03c07fcae5977683cb94d73,card_recharge
bc10b12232afdc4859eb7b0e5fde70f0,main_screen
5b2683115e37227dd01f43909575c1fa,main_screen
c51ecd246709cbd3c15a460ef0f6a7a0,credit_info
fc34050a58ae2191a000a1ffdbad056f,main_screen
51234702de0b8f739194fa536f501916,main_screen
17c901445e2c4513b259f8174a73040c,main_screen
45b8012fc6b5139f9af43b89ea39365c,main_screen
a06be37bbfe755aab6640cba40d0edb8,credit_info
798d7009ae42cf82ea31e55ecab96f6d,phone_money_transfer
29e72d2720fb9cc3aaa49c61b297499f,statement
74f5faf2b56ad7d24dcab44eff3d44a3,main_screen
63eb489e3c7d6784b649fb8c1b16131f,main_screen
73b68355f22a525829f80ae95de39654,main_screen
d1a0cba2c315c3eaf45dc0f2b916e678,statement
8232d5e51c813ef217181ce32577efc5,chat
3013cd2d53f60f8567d9e454e08288f8,main_screen
19973dea07b1cf2e0b511a50b9ed5c0a,statement
9cb29b7a8794997285558d46abe1723a,main_screen
84501906f9763731cdc686f517621aa9,main_screen
cf765f581a9e05c8abbb0b9cb8000a1c,card2card_transfer
663bbd77e29d54cbad1bc9edf125b0d5,chat
375bb918b063e2599bfd8bbf8abc6742,own_transfer
5c91015c9157796258ff93fe72a0cbe4,main_screen
6cd49c9e3a3910a83ca4d5c838bff770,main_screen
a949dd9dcfe178bb2af3f3d8c932d920,chat
14f1b04906296955762d38bd30aed7f8,main_screen
355d0fdb65038df2f966e98c0f48bd2a,mobile_recharge
b4250c459ab06cd12f5adecdc5bfcde3,statement
15437c882d5a855d8602862915c3c3f5,invest
6f6a9d9d925f4763481d51d1027165be,card2card_transfer
bf3c986e4e836a2982c809660edcd139,statement
b542f81006aa811b21e1e40670efa84a,credit_info
e718e63ce0bfaf2d5023e608796a83ab,main_screen
c305b870f4f9e3fa8d30ff1ae50ba659,main_screen
ea00cd99401d3c29e09821ad71d1693a,main_screen
7c64fd959fc54c01d8b7d612f697f188,main_screen
a9667a44442f737ee712144f124d5621,chat
cd48e299a1501d254bb569398fd3148e,own_transfer
3ad17c469b59b9d443ad24cc9c22b907,chat
64f3c34e5a47176e3b95c4792ae39e66,main_screen
9c33703265abc94211ab961d5c1a5371,mobile_recharge
4dbe14b90345eeaca79c63e26f8ce98d,main_screen
c93c7236c59b2064aa52e63c3d1c1ce1,main_screen
124b3d48e62a938fc80c8cb321e70068,own_transfer
051d3022e6e1cf3ba11460b6b697613f,main_screen
d47b506cf3a8b6ecc5ab7efa90ece3aa,main_screen
2220a7db5ba1d2c80a32f3d7352c4664,main_screen
0e3b48b1b02d6416573e859b15bdb7ca,main_screen
390aeccc6d24b7ddc17a0727147fc55e,main_screen
ca18e0c1d813fe9338379340a3065dd7,card2card_transfer
dfb9c5d416870e82f228417739006a0c,main_screen
d134afb335db850bfcb36af36f4aff07,card2card_transfer
ce5766c03ae7b43de0ba391cf0df6a24,statement
84978867e803740f44db4298e80eee3d,credit_info
0a8a203a8d5d8cbd0dc6ecb9d9a6afaf,credit_info
f4dc9e55eff52b8c4c779fd17542e517,main_screen
5b91f1d6b5a6fc4bd65a9410819f8390,mobile_recharge
01e78f90e1778b21aaa8742e0bd45ea8,card2card_transfer
54a27b4571ed6a0155ce88a40a31d6d3,invest
b1de5656f1952096b2bce5c6bed1091a,main_screen
0b43b33c7f4f1f89870c70fd6000bc47,main_screen
dfacc2e9bebcf65f9a298e44f28c5aab,main_screen
0a9a3ec783aa38f94024640f3a1c3ac1,phone_money_transfer
7ed231c45e1f82a1f2df7146bc41d4c1,main_screen
a0838bc8643554743235d4e250202e06,card2card_transfer
f725b4ff11c5603bae4d7bb8adf48f09,credit_info
2d7850e00d0ff6424cfa8795527267ab,main_screen
d1ec43dbe1108be85bd3283952d54524,credit_info
8755baed2567811d96d5d7a815241fb1,main_screen
143f0418e48a0a471dcfc6574fe94681,main_screen
90ffd889d7e4062b4eeaf14d8e60fb9b,main_screen
ca238b2331cae020be45a408d2db5a9c,credit_info
c1fd17ab8b30b7689a07116aa517f812,credit_info
ac3e560a104a1f41cef7cf694cbd1c77,main_screen
7951a5846d68f46fd7783f432172abff,own_transfer
40ad0d1cc5da9c30550dc735294d944b,statement
757370f91781eefad6b8925c3e4ea72a,main_screen
070b1c11f36eece37291cac67b489fb8,credit_info
9a2b0a08b836b3347d12c4dbb62ffc53,own_transfer
67e65b101e43eae9a86cdd9d1e37a9f8,statement
e156334dd59376e5560d46d12b8690dd,main_screen
9e40e251496e93a6a3df7f3ebb78d293,main_screen
4a0f42d675e5de2b794f8be38c80225d,card_recharge
4c21f4960d11714cd2aa76cb7e94f5ba,credit_info
cde09402e62d5f2c3fb41ca3fdd205b0,card2card_transfer
2cda174976d7971e5ef0f8917dae6705,statement
311608880d8ba2bacd0a4726bfc96cd3,statement
0039414b8d165658a4064478b3c1604f,card2card_transfer
5d9dabc53b6b6cadee41354a42204ad8,statement
2a2434069433dad857d3f7f9b39050ba,credit_info
754f0481d8ace0d781ece7b47454dddc,main_screen
317a882393925b02ea672b2fda3ccdce,main_screen
f319271dc00d4c9c07ce13a7201db6f8,main_screen
613464966ae5222a0f777811ea6f4cf8,main_screen
377fbe29039b74a43fffbf7ebe059491,main_screen
9697c41ae06bc3e12bc8e20a40385e69,credit_info
830203b31108fe0bab90895255001a13,card_recharge
c3b8437d3dcdfd208aabf431224d7e35,own_transfer
d5f9b167ea030a109bf2ffed3613fd17,main_screen
842299125b974a4277291307a53b1c62,own_transfer
914d1c6ac40d574946074822901e0120,statement
3dd67081c9fa88f495a03f5e2462ed98,credit_info
8aa23ea6054c9d56bd692c3b8db1f633,credit_info
16f41cf0262ddbfa1532bf3862bd5a82,mobile_recharge
8486f6f86b52f2eeb2f19898e9c95789,main_screen
5c6a368beba8f5601fc6f5f84a163d23,card_recharge
a96bbf22a9816bb470648830d288e251,main_screen
ac11ec2392faf4a12c065c5e00ac4f68,own_transfer
ce80024b6536ef2c3feb1d3a65c0456d,main_screen
26796c12d0a1dc480b8eff13137e0eac,own_transfer
b8a8ec9716abfbfffc3ff1692f4ffe20,own_transfer
0024d07322c302d5a3e3780adac0a673,main_screen
f2e631bbb4f6dec1c3bfaf98eeddd957,card2card_transfer
a6735009d6d544867aa3951bce8ed409,own_transfer
09b9e9c67491d83abb65bc80b28260f4,main_screen
9171d76d8d497eebee70fa3e75c37b14,main_screen
b35a0d2cc98ebc516e56cb92664ec4d5,main_screen
49f5ee5a0a5e1d688786e3c53c59e748,main_screen
f43c3fa006f5f0ff409b5b757a8a3f7a,main_screen
bf3536b57ac4be5be835d130d42aa420,main_screen
d7dd15baebf81ce2b9b3e8f626011269,main_screen
e2d94cd1517d87a0c37b1282880e0246,main_screen
31fcd8232c2e253e2cfd963558cb0839,main_screen
50ea87aec1140f181a258d19d94287ca,card_recharge
ab1a0326b944b72546d793f69ec93f02,statement
b0d8cedff4d4a47c34f71eee43475692,main_screen
a4272f5586aa2541074ff2d4a6e7634e,statement
3661b2d34e8479746ce495e5bdbdb709,main_screen
005b433727c59cb8628d36a25b86eeef,main_screen
456e02ef86ff342a5a69c77d51760675,main_screen
5c997788cea483ba8388781e1fd42458,main_screen
d2164110ef8ebb97df2087755b87d622,main_screen
8be4d05da227491390a4dbc5618d7c76,main_screen
3c596ab4d147e7fbcce52f4afad7482d,statement
0ebb92f5e879b9367d62804fe7c6e5db,main_screen
63fca621ed713a81b41046363ea2ab61,mobile_recharge
949d6f8cfe15218c49f9c7043f8e797a,main_screen
c9cd5b1137b57f18063c54384e4c46cc,main_screen
f2483dc3aa60f877db1a90839d8edc26,main_screen
c5e8080d64a1f95c71deab39a42530fc,main_screen
a397d840c7e1d354b70872fb079bcdc8,main_screen
d680e5a422b596cba066fcbabf51462d,main_screen
73327b25025d118c042d88278eb9beb8,card2card_transfer
853e405b94d0439df7e20dc6a5846de5,statement
f9bc8cb9b29664965f11944f1026a551,statement
97f118e2ab662d9d095b51e27ebfe7cb,main_screen
628ed96e86e003e4242c49bdb9ad6989,main_screen
0d8bc87b3a66eb17bd9e0d6d63e02e63,credit_info
a69db798bbb77ada33db77cef4ba7019,main_screen
7779497cbf168d8a841ef3bb1438b5f7,main_screen
878f6d23be339105003771ee62ad493e,main_screen
27a0cfedf648ac49d29002dbac57501c,credit_info
dda99a23a43cbc1601f473dc29f7e8b5,main_screen
53ee09be2193ca1d48580e1bc85e0c78,main_screen
27dc1235abbaf9c5739fa54102e7d2bb,chat
6b7321450359319a635645342a69360b,credit_info
05815a9b80bd10e554862ef198c14b57,credit_info
045a7206cce8a1b5596d56172b4972ee,main_screen
281ee33bf5c567cb918c60da2cfb3e37,statement
3c0c4d92048f77c94a4264f26a2193be,own_transfer
e7060679ea155e8703511a1b4cb520aa,statement
884b742c7ab2e284c12f3f9a82253b2f,own_transfer
c27e97d5ff105f34bbfdd1ea02400a83,card_recharge
f0f96f9d6ca254e7ecae1efcdbbedb00,main_screen
1d29c631ad68df7da969d2ed22157a7d,main_screen
1a2a0cc92f37a5951d94a7f965fae48c,main_screen
e559b824a5d12923392457cd6d8da19a,statement
e1f148167f6839701f44cd8fff86af72,main_screen
b8bcc1ecd58fcb9223208b9224e018c7,main_screen
31753312e0bc3948a72862cd87f6d86d,main_screen
4eccb4718ce03ce47d13953850d025ae,main_screen
359aefac6f78349d32da5e92ac2d200a,main_screen
145af5607bdc9674db341bd1dd34f5b5,phone_money_transfer
1de47709bca849ede5bcf52fc3c27f99,main_screen
872d0d97c46d12bc8965cff3e3578dd7,main_screen
410fe3cc1eb8f267a1e6d17b5e12b869,main_screen
f0f8ab1d85a02a27a5ff2a43c15c68d5,mobile_recharge
5af7ce65fdd6b279dabfbb4985fb5b03,main_screen
da799aaf285868465694a19f2df40574,statement
6c0ebeafb48dd82602654cc0bae16e2f,main_screen
e58396848ade9daa62f39728930adc22,statement
4a128e0de9314ce937fe650e8b935594,credit_info
83d59aec2e09b341f9044f890fde57c9,chat
7204183d0c6f8f8fce2080c65f254e12,main_screen
6f26e5de7985dbe3d6a7f4bbd6e44012,statement
ec5abd3907957c27962986fa6e4db209,main_screen
0219d8ebf1a49f5116ad01c94ebce367,main_screen
a74d24e42b3d7ea29d4086a2eaa952af,main_screen
f235853ebf4694518f33b026bac116ea,main_screen
fee4923ce74a8005e610ffd3872878d9,chat
1348c85b078cd9b1d6577c9d2c6313a1,main_screen
f600604341896c41ee20d8723076af1b,statement
bb4bdff5663942674a0951dae1d5a7b7,statement
736dd36e54023abb3d329f96e4b8869a,main_screen
8624ee504ae2ccabeb661838d4f3047e,main_screen
52a3513b65fa8d4226677ddfd5ca252e,statement
d2af843a315ef130081b51918a9f1e94,credit_info
431d568e856fa26225a9eef0a5452531,mobile_recharge
fa9cf2faea7b3e45edf22c31e1bf6314,credit_info
c1191b78531d49a5969c8065ee791cc5,main_screen
e599ea18319c4e5666ba9c689132678e,main_screen
f9e73fc69f4e2b48efcc4d90387f03c8,main_screen
8f1b50dc80b78b6fd7dd4b64665836aa,own_transfer
ed458d8e7c84d24bda26684682c32cbc,main_screen
f1a95d35b51f11b65a652782d546663c,main_screen
7b64b66d44e1cf3a4423ddc6e3d48d57,statement
3ad4758a52bd10a70fb9d49a75750528,card_recharge
06320cafc14f53589dd24baa200baa5d,card2card_transfer
fa97799474df55ca53f199738532509e,statement
6fe2541a4889aee7684e008ea6e96473,statement
2ce0f740cc3351405b64fc1c6899d8d3,main_screen
2d4bd14466a299575d81ef4f55d3239b,main_screen
6aae7ce033c38cdbc4334d2c769503d6,main_screen
a712b0ce42b8eda9451dd33471d9eebf,statement
d18da392d68cf057cf59f015cc710375,credit_info
c4e98baf3436836d1f103dfb9a5938e4,statement
ef37cb8b4b0a7fa8678612cb248299cd,main_screen
e5eabbe356982742fc3cf296d8e8d65f,phone_money_transfer
cf453fcbcc9d57cea1d645a92f34b5eb,chat
337e230e4daa26f0aae309678599db76,credit_info
00d968904a96fa3ccb7b4243fe23bf36,main_screen
9917a4c49368b67dbc6af0424ea78c66,credit_info
5cc550f3bdac107320665c7a42abf10f,chat
113102b63810d1275d29cb8cbbcd194a,own_transfer
694b078840f26eb25b64e5127538fd5b,main_screen
403c7b26bd3a8dd00dc7b666daac2d87,statement
ba75a8d86ef1c6309d1a07e2f4bad2dd,main_screen
4064cc7b94b2ccc7f8bf9b6b9db617cd,own_transfer
386c19f6cb2385fe813113d97e591a86,main_screen
023057b3dadf19cd14043507404f0e3e,card2card_transfer
66a7b743d65c34c87abd42273a24286e,main_screen
db7d804bcdc2729e143e6addfabf75ca,main_screen
ef94ff3978943f88229ce7bace12f21b,main_screen
cafa385d516f733d88cdbfda2bda6fc8,statement
cbbc37fbd2a621370523dfa85bb5a2e3,main_screen
4f22f238fe1f57eed6cc7568801e8fda,credit_info
acec0eca0f6449a96127324fa5888e75,main_screen
d35c7dea091d437e68ec7234f68c78a9,main_screen
5f9a3082aed526230f42c5e4f915f1ce,statement
3cce336aafda51ee8ef3dbd41c3a4d94,credit_info
977a8bef3cf8ca3f10c73ab4e6923b27,main_screen
3bc2e74d43cfdd1600a48e64a0fbbfe0,own_transfer
ec335081e4b61375206bec9bbf068714,main_screen
f41826b3566f089c5beda4006c992f89,main_screen
fbb55e12348fd1aed0953c5ce26cac04,main_screen
411d7bef4b93043bd338b36db8406d1e,main_screen
e07097f8660a5f954f4d64ddead7a394,main_screen
bfdb5a370f73d5882f31f096a017210e,credit_info
cec4765e208b91d10c2edb098fab1fc8,card2card_transfer
d015f0b4a6ee7321a10eb9e480019e7e,invest
a5167f02833f04d38dc28ad62ef16137,main_screen
0dce4a4b4de8bf7d643182c34a317120,main_screen
d4be4fa2d7c9f2657978054601dfabb0,credit_info
edadb3843de6a00229d591e387cf9b9f,phone_money_transfer
f621e010eda57a0016c5267fb3ed2940,main_screen
4d1a2ed4f674fa4f9290df7bbc961dbb,main_screen
7bb8e595f1211999633132c7defd8107,main_screen
14fe9845823635d199a490e1fd5a8c61,credit_info
83fc67fe13ca11e9ba85474c64423feb,main_screen
98ae30c25ce8077bb832f779b516a11e,main_screen
5afe49931dd98788d514f62d7f4e7775,chat
4b54d6da83938b4d3d337a4107442c1f,main_screen
cc184383c7c113a8e882ff14c5297a86,credit_info
43cfbb5587c548afdd2ba6e35b4654cd,card_recharge
f8844d36c8ae20f94ae1b4ba68c14148,card_recharge
ea9ba6b28df26e5a7d02cb1f4da3c652,main_screen
9deabc5834da408b57a85a23333b5b60,card2card_transfer
ed41490851bab24d0caa804cf49f88cb,main_screen
049456195913379826c192ab72b5fc3a,main_screen
8691956d9e6a9716c7a087c1487a690c,chat
e90958d1822e899d9013cbe716c9548a,main_screen
abc8bb47d89b1028ac02054832c91e6d,main_screen
a2ca7d3b4f2558893270c2e219f49d17,own_transfer
cc18fcfb4e760bdb1cc0abf7e57757ca,statement
6b8b93a9db52ae9316a94a666c7b07ca,phone_money_transfer
15d1aa733322f137de5d16dc73294289,card2card_transfer
8a8be9bb69c08d8a98ce4f6bd7a72ce9,main_screen
5c7d263f4252c3ed409ae35ca71f5c35,chat
bb2b17f6b9dc1dcffa1324f6678b094a,credit_info
a059704326553f7df20afef676169393,main_screen
ba2711d050d406bb338c378bfe80d336,credit_info
0eaaa65acaa8819f469d3468ccba970e,main_screen
9d5119f17a7e982344b6add8763296d7,card2card_transfer
9dda30f5acf74d76c93c92ac5c820f69,main_screen
0cc13ba6eaf80a67b310892e9fd656c5,main_screen
6316b78292f37f2840ce1719e2d451a6,main_screen
8a8256c759634815cefc9cc0fb10d1d3,own_transfer
d708bb182e301e89d10a75c85fef94d7,statement
a4addb0f0be4f1dfc5d0f3b1247ec31c,main_screen
dd54abccab004896f9c2d2bff76e2d98,main_screen
438d7b59d84fd4476a81521b4dfeb309,statement
aedd8631a8bf4120db1309db62761d7b,main_screen
be03bca25641faca1d17f57223afacbd,main_screen
78351f53a0f7510fd79fc379f155bb3b,main_screen
648a9ef31e154f595a10a84270b44da0,main_screen
3d6321c05ba3df9b339942af0994307e,main_screen
a56051de152bf38534bd316b36c9ce27,card2card_transfer
706b99d566efc0490c37d99ccd37440c,statement
d1ca9a61158b7d524e482e1f0c3d7792,statement
da5646fb1c481bfcdc314da80d9490d9,main_screen
efe8dfd778cdef7e465ba4bccfd23ab7,chat
1082601fcb4bea52137c4c3e5d9ec49e,statement
3b1d4c64e1ab858d59993f150f91bbad,main_screen
11e9f9d49e0c4cf68912f3767858a37c,main_screen
b806f546498b8086a4b472b4aaa4190a,credit_info
b29b52e53c7be3e0820ede60861cbb65,main_screen
600651b5fdbd2f64c812ffc5e93f587c,statement
4d3636a5b9c9f388d59bf7a6a06b4343,main_screen
50c91f2d5e943a1066491732b52faa0f,phone_money_transfer
18e0df440813219189e39362db4a2264,own_transfer
aa7e09eb0fd476a186c46481ac1c07ee,credit_info
1d8df8f285b448046ebf255803556153,main_screen
87b189fe438f1adcc3ac29dd842cf2f8,statement
7647873762fa25737a17459439f70167,main_screen
0798ca5ceb8a3703520263f670d238c4,main_screen
6516a0598b0cbc5e3b3353d1c889dab3,statement
5d2adfb466c55a781637ed46180f597a,statement
0939433d6affcdedbdca76e2eef260c4,main_screen
e40f353ad37acef1e210b0ec33e9041c,main_screen
dd15f8991bd7766eeb8aa38b82249a19,statement
5b6a98408b99ce6069ff4bb794dc1d23,statement
2dbadada08565cbac2d0169785aae0d2,credit_info
19735eee5ec010ce4157f2fe1d9dca87,main_screen
bb6a67fdbff616e4433cec75c192390c,main_screen
6eb57bf6c2f94bf828f644ce3111d773,statement
4aaf4d703240eace9baca8dc39698822,main_screen
679b5edc6700a780716cb6845dab6ec0,main_screen
60626b9021a7b24249b49c16330d8c4b,main_screen
e0614a7410a53bd6c93afb2b9c821f13,credit_info
78761a6cca6a6f30cb47faba63f3cb56,credit_info
7272f421ef0c0b189b6a8effbe43c778,credit_info
182459e583246ac229ba5c34c04c2d2b,main_screen
ecb13889e6a45897596dfa80ae4a47be,mobile_recharge
f52e11422b84d1ace37731ae01709e5b,main_screen
a7c009377cc7276908a90d3f84e8b837,statement
37f6e9e71918956aacd313111963ccb5,card_recharge
46ef08dd4c657d80a97364ccc96a5273,statement
f1ae05cae4f7bd8947f503c9eb059d18,main_screen
f46192cb044b56b624519de55bc1586b,credit_info
8269fbea4ec868f0da240b43c19f719b,main_screen
390af88cbcfc8fca204cb4c84b8bc744,main_screen
801b0a69398e66e1f12f967a6c575a7f,credit_info
91ef638dafb1345c44905de1ec35420d,main_screen
16b47f49075ce8a3a0b6b9aaba9501c8,credit_info
c916f0a1a2efec962cb79219c22c9636,main_screen
8455a71f9ab0c26d0b624a05938d6589,main_screen
d38ab58cf36611a820dd57b7a99a200a,main_screen
77675b40c439911d74b02829171d2a9c,chat
7d7842d1742a7e18cb2d51869bf60663,statement
db922134ac8a3026c01c1d3707d9b155,credit_info
14d5d801f1181f5c24ad272dea4639d9,main_screen
a97d54385dc051c2f68f7241b33eff88,main_screen
e6e2ebdd4e38d378abc7b584eb1f8b34,chat
30d9b561f6a3b0d51268aa02c1282468,main_screen
3f68ef28018067164ee0141bd6681a11,main_screen
65b0045449737cc6a48ce25c92877017,main_screen
e5822856baa30b981f215b66e4647d4a,statement
2d5723785f0f5d27c16fa3847814e2b9,main_screen
e488733f1094a3b10b27204c4127a4bd,main_screen
680a259511d5483d63175e2948f758f9,invest
ebf043eb78cf1bb7ae5ba831a2e2e25c,statement
b79469a867576af2ca64f9aa6eb55ae5,main_screen
8c74acd8221b24fb49ab730002da1f22,statement
eac7484feb61499accd706f277a2077b,card2card_transfer
3d36394339c066b05c208318c8f13736,credit_info
8c78c94a36cd2faf3d2a0df8575da985,own_transfer
ea0b7082c565e6f28c043a6ef6c95f90,phone_money_transfer
f35b608b759bdd2fd19545e8cd568e1e,card_recharge
7ca61e2c298cf09bdf7acd7ef9483a0b,main_screen
c3158d2c2c6331d25f829fefc760f33e,main_screen
36af4bbe606e6eef7a4a2bcfe29715c9,main_screen
b485c368006c847c9629a79467fdafe9,statement
3f5abbb17f1caa4c5c7aec3e634e3310,main_screen
34ca22e4804f240ebaf490078e98e4be,main_screen
7b7206457d7e3d18ab49181c00f10625,main_screen
a9a4ce3e52f3722687007de4d4368432,mobile_recharge
25cdde7e9860ea73929e4bca69e6896b,main_screen
804225f6541127704cb4ce9974e47049,card2card_transfer
99673e18a65b376299baacc69ebbbd9a,card2card_transfer
d09793b52940793b4d04277728a3fa10,main_screen
9f1752224388c303947fd1122600e0e9,main_screen
26d3e4585845327f009fe700db5e6774,credit_info
4d4bc246c5bb3d4d8502b2b997679152,main_screen
5dec1811eeb926e3b8e86de89f362848,main_screen
bdbef4bb9fde7a84fe4a6b8d60927bf7,main_screen
ce3803e454761bd2bc15008fc258570b,card2card_transfer
3167824773970c456f25b739c59ef9f7,credit_info
4ebbd8053849fde66cf01631a646b908,main_screen
dd2e81d18619e20b702206af0196a264,main_screen
05d21920283bd7f8252aaa579c5b01b2,main_screen
a02e5a0822efb5ea603a4b53e291ca43,main_screen
c27c1fdaf21f20faca6ffe2bfdb656af,chat
c2818a02317fd392be320c27507f2e4e,main_screen
c796ccc8ca8d03c227e0037d1ec880b9,mobile_recharge
195027704b9370313226389a13400bc7,phone_money_transfer
ff64781595f952016e653e8b000fc2e3,main_screen
88facaa1b09b88c4b4a0125d0ac84c57,main_screen
2253751a69d6ac90d0e987b9bc1ede5e,main_screen
e4e38063f69f178076a43e02be3bef6e,chat
b9173f224bb3ce622451c4b9d423819e,credit_info
e87ad694a4d2493b6db83932c3b0af18,credit_info
6578d94e1ed54a91d9ae2c0378f7abbc,credit_info
56fcf1b023c5c560bfb67864a75c99f5,main_screen
6166aa7b0aff3164c39e6a4f96863c87,main_screen
594248b0bb4c50b4ab00a52f03c808d1,credit_info
39e1d114c88db80571fa10b4606af912,statement
5f2a041d2fc6b81d14c36d1422a17d57,main_screen
b8d91afaef83163ba765bcd0b68389c3,main_screen
62cd5e25ee17c61f577577adaab88724,credit_info
49a6e4ba48c2bf8972d9cf152c1af179,statement
894dd389dba264bdccf1099901600d39,statement
f9c76aa50dab83016d13ff01d10b0ff4,main_screen
112ce2884066db6688bf85f72eb60187,statement
9c74c6e3bb8b1fd3011e293c21d31466,main_screen
ad9266330b7b7a45e5b6a24882586aec,phone_money_transfer
a1c88d45309b4664b35a82edcaeb4f75,main_screen
769065d037f5385e3a5357ba19f9d40b,main_screen
fbff4c2137df3f1d7819f9a783f878fc,own_transfer
9b97dc222d7f800a4f4fbf1d6e894000,mobile_recharge
bb022683971431238baaeb7f2337bb2f,main_screen
17599ddc7aa2958480a4b7611033f1fd,main_screen
0028b1cf44df49888506aaf35672174a,main_screen
67289d614144a7aa3860a7bbaa20804a,credit_info
d8900d40183e22d65aea23ab02e1da6d,main_screen
6523d2cf1359605e7c03b08bb2680124,main_screen
9963b078c8eab31e17bf3eb4c8dfe132,main_screen
ae478db9b47197a42c0047c68769035c,chat
09811ca1760f134ba77e2d0d5c91180f,main_screen
90e895fd3802359cbf02538e51f4a4ec,credit_info
fada8d1df26b911412254520e6befc87,main_screen
31d2b09ffe9e3c3bacb73d983568db62,card2card_transfer
17a85a88db959910c14afe4b404d1c73,main_screen
40fbfc6d391d5f86518d04f1f8749799,credit_info
5cf2cb20df50e510f519e04881ebdc34,main_screen
859ae897236375539e1e54b939df06a3,chat
b4f4d2c404298b12350f134dcc999b7b,main_screen
20686f57e2dad16ecce9d9be4e246217,main_screen
1ef62cec290e1f0a05c3a1d763911342,main_screen
cf334a42e54e509eb829b3baad088fb1,credit_info
747ad4bc4da0681e749a2ee09ca2a326,main_screen
8db172f5d4eba31cec78e70cc4f6ce52,mobile_recharge
d939916aded626efa9dbe65fee311954,credit_info
31588070132a6e11ccb8a7896731fdcc,statement
fa8d91d00cf5dec658e0e60e7a7c8533,credit_info
1e1985ef363eeae3aee2371b4e5850b1,phone_money_transfer
0c8b5b09d13b9367e9ce1d25246440f8,main_screen
1417a947b8491863a20ec3fdeefcfeac,statement
64b891b120e10e384a43757cb593ac27,main_screen
84f2def2be08f9bcbdfb742ec6988065,main_screen
4fa967bd8cf7589f78d09c7bc646b259,credit_info
036b14ea88ecf78d5724fbf3482b779a,own_transfer
aa06be9774d96f9b4e3b3d0aeff6a6c1,card2card_transfer
146df45045b0ebcaf3fe386932d0b429,credit_info
af49c4d41e06292b2c21b80fc0e13215,statement
fe0db343ed886df1f88a3bacff23033a,mobile_recharge
e5faf764e598d42d35c47af29604a235,phone_money_transfer
ba80719c61a474877b3cd4a96297f60b,statement
0dbbd5a558752d2acf8544316d814135,main_screen
fecff83ce9d660c168da4c2bb3038da5,main_screen
8d5594c50281be9926b5f50052311031,main_screen
6320781049339e181be0a8ce8b4ecf2a,main_screen
ad95d77aa347f9068bc866e7fd685c82,main_screen
d201dd7bb52092728a9c7eca62877ea9,own_transfer
04364760e76a3c78d57cdbad15bd316e,credit_info
0a14380295f7a94b35d2e4fab31aca54,main_screen
73ed717e2232b6d2200a3476a3055440,mobile_recharge
5e4e9054ead9eea2df03365eee625c58,credit_info
fef35e4aee49f275d47759c366ba77c6,card_recharge
d14ff55eccc75edcf00e876001e97521,statement
b762488dec746028fdfb845f75a41fe4,main_screen
4f15dacbd80b8343a6f897259498da76,main_screen
bf62a737047111cf32739198c59a3ad1,main_screen
b9fda6e210824a95e3ac9a481fbcf27f,credit_info
e328f6a5b82b5aba1096f4ac39e62f3c,main_screen
d82f6e52b1d5e6ed0beecfd2b08e20d6,main_screen
b7b8235b428fcd617bb42b95cbffedac,credit_info
fb53ea6701ffa05649ce7da600b61f78,main_screen
32cebc2bf18de6ac5fa743018c5ac0ae,mobile_recharge
a664a9eafaf05079c378fccc2161a088,own_transfer
50de99971702b0c7e81369cd0591e881,main_screen
bde02a51dedc7e68688776aa2e11b271,card_recharge
9319eaff506b7abd946b4478b5a67cdf,main_screen
ab9b88d70ee9d4ba547f6bf1b22375b4,main_screen
740af2a1a12e348b9579d1097e40170b,mobile_recharge
ed75bbc464d630a39e0059fb678b6f00,statement
6778dd4c7d26d383eb7fa1b6ca70539b,main_screen
4a4b45fa4b60ffaa58472cc9b55ac0f7,statement
2056691e92c35207d3161d47c0963fa7,statement
31a251536f4260557aa9cfc9cb48a1b6,main_screen
4b8e0215b5b9918046c0ca8c6edcf3b7,statement
faf6d430cf2f9d978baae4254cf7c059,credit_info
3d709a649c6fea001b594839fa5f7180,main_screen
50f3e90d80a00ff265bb76359e39d780,main_screen
8fb8f52474095fcb79d8dd55d608c404,main_screen
65f4e8c50f90d70e238bec41f17b8d35,credit_info
ad53cfbdc4181daf765309899bba8654,credit_info
66f14b6ea812bbae853d05cdc3d9cb8f,own_transfer
4c45cd65bf45562363e747f819c32317,mobile_recharge
dd2f75595c65937ad1fe8c506acdcc62,credit_info
15d793461791fd5c8a80bf319464ea38,main_screen
b6f7a19b6e84aa2873e3430c38fd9eae,main_screen
da09cffd0155fec9de6b06ed27e637bb,credit_info
cc597de357200bc76ded6e7b373f16a6,card2card_transfer
09471dcd4fd3ad11ccf9c02162870ab0,phone_money_transfer
2cf8a073aab19257e15dd9fe86103e87,credit_info
c6f02abf542bb594363d4191341024be,chat
6d973bb0d8d34aa783984dae1e79257f,card_recharge
93a7fc3d6892a3f8045585a5388e6129,main_screen
5b53f182262b0719e4da28272e4545db,credit_info
a0b18580fb437ca6cc62e1471ee8dbb3,card2card_transfer
505fdb98f03ca692a26b0e19f8ab22f4,main_screen
7f6603f2643e9d340193eb65bafaa45d,main_screen
2e731075809bc0a392748814385408cd,main_screen
c47f4dd840cef01f8b5aceb2e5000df4,main_screen
75dbab6a0ab8f44d0b4aa40927e0ddf9,card_recharge
dc5c288dcd34c639a9097e4e619d31dc,main_screen
2b476ee1a3ac4ae53a0d8d127c15d670,main_screen
319b15269d6582da975de165729e1f5e,own_transfer
bf8e01a4ea7ab36f70e9d0542eda4d90,main_screen
ff39f26adc2c47cec60b504781277a2b,card_recharge
43fd53bb657ffea2f2f55447c68e3e11,main_screen
c017c98ab1b675eaa710e66b37c1ee20,invest
8cb69f958431a6f15118305a8e60fda4,main_screen
b9e76f44771e27e64e75de69c2e27437,phone_money_transfer
0394d454d569a552049bf9b6293c0f2d,main_screen
4a58fb0a591b85e2d7c754026c5c6b9f,mobile_recharge
cad4ee55ab1d4e0e0779687b02c8ce80,own_transfer
e04a1aa7382c5d944bd6c4bd3153555b,main_screen
bce1c426f5e4e2de088ba2fcb41a9a4e,card_recharge
31fea954b4cab98ac83264ee4ce0b1c9,credit_info
5cd4ff10be14516de1ac3bf493974d79,card_recharge
add3c6e344f1395bfb887782a2fbd9bc,main_screen
e3b597faa1bd652c3d6f100df123d78c,main_screen
9cb815e6d3bf1ff9ea52da49500ec92b,card2card_transfer
0576bdfbaf9190bd6f571d7d0b0003cc,main_screen
88274fc8f7858d8a7dc44a1550abebb7,main_screen
f71febfaef0c229fb283e147cf668599,mobile_recharge
2feb5500d999db127519e0b21541712c,main_screen
3f192c4f67090628c5340d2a56636e80,main_screen
8c7c250b8a0a48c1c06b83f5698d2068,chat
f6934b374f5ea610d8ab56877b293bb0,statement
07d909840950a429030c0c2941eb0f8a,chat
14d5e63844c6bfaa39a430b3f26bd8c1,main_screen
3aa51da3f19da9ed08733447e4066d34,main_screen
bc05724896cbaddbaac7baf04f2dd3b4,credit_info
bba8d4df3b29a7e2bce608f6f130239d,phone_money_transfer
f03bfdfb93141838fdfa0f28c0283e86,chat
b116fb2021dd066ff947c5ea63a26f82,main_screen
50c86ab800792fb85d41fdf97845ac20,main_screen
2f94a8e652d426ed22fb3214941c33e9,main_screen
f2daf26d4e2ab2f04bb335416d897f0b,main_screen
88bc4952df54d58c4c6820c1e2a9e6d0,main_screen
696ba9549feb188633ebb197a35f7d17,main_screen
15b7da5ed20f7f58207d650f38f79eed,mobile_recharge
74cd189699610b8d985e042f058e04c3,phone_money_transfer
d8e44092dd4661550290d190cf8efc83,main_screen
a893f1fe189bfa4a941f1def845a5400,main_screen
27521def2c3c41274926b3b5c753f868,chat
e4bfaf6f1b441fe97110b7d9f8b1b37f,credit_info
e22b8b62920a5375a952e8a6930ded73,card2card_transfer
4aeb72c2b129ff6d18be8a47ee2d2178,statement
4d1bcad4e6406f1e74bcfa35f322dce3,main_screen
4630532b73802fb8d856c77ffbef4bfa,credit_info
23d185d676f15593b29346682ea682cd,credit_info
693c5d07c74e8a2abd468be6f5fe7d13,credit_info
19ca4a709d857ed3100f00142bb2005b,card2card_transfer
d7080c201fc0cbf7d1a76c80b3388477,main_screen
5b2065e5761675cde24ff10bc2235b1e,credit_info
177ed1e046631a9c0eb0dd06e46ac833,chat
f3ed291b0af8a83a8b2fa37174eddb5e,card_recharge
75a38a8d91df7d4dbb89f4c888398523,main_screen
23391ed32252786241546a6ca4745ef2,statement
3b06d50708af22aea90a24f979ca790e,main_screen
6dd6fe2fd1938c92c2e2dc4b3b345ab8,card2card_transfer
edb5e755d335ff22910d0e34d225ff79,credit_info
cfc8ddf4782d6e8988e225bd6f42b2f3,statement
7fa9eb831e4c7cbc5e0813cf3f4611b0,chat
a97104de7d656f48d36e7fd28b59983a,mobile_recharge
b29a681e99f095e29e1facc708aba381,main_screen
ec0a4382ccb93261058a3d52b3baa5cf,main_screen
165d5f0d71945cb566d6ff0feb7b7849,statement
6b43ddcff3546a7f1fb6e1d9095c5cbd,main_screen
0837e4b5833fde041c1cc78b013486db,statement
1a3590184302503651745d658c27e029,main_screen
a95c52336ffda3ebf4b4d4a997e37e0e,credit_info
c1ee53e8a0953461e69abc12188d4dd4,main_screen
7c643a21627dd4fed5f15343a4258a52,main_screen
226c2c1cec0b1cb0dee18073ab8f5899,credit_info
7625828115e1af9b1a66f30351979800,statement
ac5aa864860306c51cc14120bf0f50cd,chat
a607be20c582c93d33d968531f8e51e0,main_screen
0d11d2561ee79cf1598ed09e4eb254fd,main_screen
570efe64f46f3928b600ef879fa8e6a3,phone_money_transfer
a79898543688b23a9f598391f6dac283,mobile_recharge
54f195e855baa56ce644092600cd4bae,chat
3c3121f8fa827e841f1e811d35d8a198,chat
72c453eb3f83e53f5e695602e3380c82,main_screen
3a982edb74ce92f256292e9adc8d7874,main_screen
72e133eeb57ad517a984bfb810e58b42,credit_info
786d5cb73b70a9a5a6b51b67915c4823,main_screen
7c7770d8c875514593972c8f2d111802,statement
009133d2e6f3be84617c81020d16daf4,card2card_transfer
9266a6f43f71a809b78330e0164357bd,main_screen
fd05dec4a4c15169c49575bfdb037d09,chat
561c10e21f1ba1352be1bc3964033490,main_screen
d61684306591e5de39728df7fa4d5f65,main_screen
0f92826ca8d615fc9ab5e0e7931e9bb1,statement
b86ef236da0d25814f5c37a53b4d35b1,mobile_recharge
3d1abf0366178502ecbdbdfe2edf6b72,main_screen
c2651c862f35492672297a1bf83f356a,credit_info
1d1c5d966d53b089413c2b74622c498f,main_screen
421fc5e674cc1fbe3d7025184aba400d,credit_info
4d6d238f84044b04659454d7693cc2e6,card_recharge
c5e1bb35d7dd3ec08a37e0c9c66f2a59,main_screen
9d64248339a7b3197bd3d957c170fb77,statement
a6296041cdb2bcab85e3e94ed53c4128,statement
08ce18249ec81aa7fefc7f817da9ca0c,statement
ff72dcab956887522d8b285152391fea,main_screen
dc769749828672cfaffb8a9f05fe1ca5,main_screen
f83b691bf54b892cd0a486cfe405cad6,statement
44f83e5eba0f49371859aab4620b0584,main_screen
6ed38777e26e40a37187505cea20c6bc,main_screen
66643d60cc284e6b246ab99e858d4d7e,credit_info
26e6c6f2b3b6ea79e97fc7aa3561d490,credit_info
b04ba09baa23d2a2e53d59892d7ef2e2,statement
125fbcf6679b46bdb76a6a4a2dfd80f1,statement
9d7fbb17593d86bac967e3793f41de1d,statement
353a27db66fa09086c6c255d7a9746d7,credit_info
06d5073540dcaa9f067e7e154c265fad,statement
502e8cb303a3e1c65f8c6298fc80f99d,credit_info
57518852fda1ce69cb2c19b4951d50ec,statement
453372a90077da1c7db0dc8db9d183e3,phone_money_transfer
3d7e574ef6b603e01556c615e9d9adac,card_recharge
6ba50a872bb4088d17b8d72048b1c5e1,main_screen
b4c342915662e2083560e05d9c887aeb,mobile_recharge
53c0a5684adfec7232876521aa250c86,main_screen
f1113adfc1dc8f9142fe47c3d451e62e,statement
49e5690363e1945fd4cfcbd49f04d7b8,credit_info
d061a587f7353884d1fc100fce67ea11,credit_info
7ec43c41b6424fa071b221e1ef2296e0,credit_info
2984e6b9e935f8c520def35d32ca6cd9,card2card_transfer
5ecc0047b607dcddcc45c302ec25bb54,main_screen
e4adca58712ae236c9ff02ed2d37f81d,main_screen
30aceea72c9eccc40bb7b0d0adf1cc51,credit_info
958c61fcd2b95b1f86b855bbe67cd900,mobile_recharge
f4cd8bbdec5a83ef345a88eac3d61dda,own_transfer
305eee93c38440dccb89505ed493c1a2,main_screen
36a656ef68b55ca63a9d553680a6563f,credit_info
1932ab823826d81929312483e5cb5b1c,chat
0cdbf2e54a28bb273aa290599679451c,main_screen
1a206a14038511a21590cd969e97c91b,main_screen
0544f41b38651cb07fc7176da11bbb36,card2card_transfer
3c88b2a78cb7c74b0e32c4487b683b6f,credit_info
a7a21c4ab3fe754ca1cc5c2c2aa4f560,mobile_recharge
1a780a279fa5c390b2bff7fb36515b5c,credit_info
3beea803f2e0d9e76442a541d5eec13b,credit_info
9c27a42e1c446377c884450bb8199484,main_screen
61224984c6203395c16e819cf31743ca,main_screen
fe2e482a06ff6a86ae636705298848e0,chat
63bb8f7e48062f8aa998591ae4939849,main_screen
2edd7b38783a10855e8b772cbc2bfd36,main_screen
0e894f9c2149ed224cc3e4d222adec66,chat
f8fd8bd18f71408bc122b882b2eb1a2a,main_screen
376d7cf523ddaaf712caefb51e31c02b,mobile_recharge
304a9b5e4213bef6a9f1604fa6a2ad4b,main_screen
3a13ae3a79f29ec4fc544a55188ce208,credit_info
a5d82cd7138da0902500edd32d4adf9a,phone_money_transfer
2f931d8f02b9210802b7becc7308e4f2,statement
7cde1cca3a530494546de15788dcd4c2,main_screen
c8574fcc24d244a81f08aa3b0e9931e9,card_recharge
0ed43e606884b676a25579fa033efa96,main_screen
f3fdcf63342b576cecdd585d6078c6b7,credit_info
f5c67ceb155881b5aa2d9c2cf1642eaf,mobile_recharge
99080152087f2f97fd0eb135d3ea05ac,main_screen
5aa08fe4a973f9c0dd551694923c6b23,main_screen
6b22014e27d880b6f99ee51f7590dd45,main_screen
27590eb1794d2ca92034348ce4df151b,main_screen
dc5d6f8ff4a156e5f4bb94d4f1caf5b6,main_screen
ecb4b22addf1a0b148eb89be8a9d2aa8,credit_info
650385392ceeebc440c1264fe9ad393c,mobile_recharge
f2b266ef122547d14520035f70060aa0,credit_info
264623c97164cf7e92c4eee045b8c20d,phone_money_transfer
eb4ffd23e624b8111e7bac55965e3ddd,credit_info
4eb5fe0bb1f274491575706183d99f99,credit_info
d6a9980c37b694fb61136dd3c16f6bdf,main_screen
69c2edccff77819fa6d28fcefca14421,main_screen
ed26ea24cddea561665108d7e62d329c,main_screen
8bd04eb944d147ca0da5bcaea542a10f,statement
4e3ca7a9353c1888a38cf70d842b6832,chat
2ba69619e53f4501e5a6cd646e4ea023,main_screen
c6fa8d4dabd8b5476bef53c42d4c25bb,main_screen
7a7f59c24ba2885a857903a93ac29870,mobile_recharge
74a7bf19e3a6934a507aa279544061e1,card_recharge
323dd772f9d65e4832628cef2bba9130,main_screen
a1f58f4ee8f07a09e74cf96df1ce30f3,main_screen
02d15bef473c1310e8594dcd0bacd71a,main_screen
ea9763c3957a244e6c86bb4996acab66,main_screen
20bc01b809edff0a8642c3a37c4f25ce,main_screen
979f294914d071039d4a2bedaaa1be76,main_screen
3c2566a878f51fd13f6e805af1b0a6bf,main_screen
6306e822e4bce95106bffeda69d85245,main_screen
ab0656d8743830da770d96bd60dbfc4e,statement
c2d0a27a6061ae4a3ec92c38daefa30e,main_screen
d733773d36a2f9952b8ef712b55c54cc,main_screen
88a0dcf2c24f7fe134eb404e2872dd45,main_screen
d9e771da90fad44b645c78bdfd20d98a,main_screen
1c859e6ab114330bd6694f58f27a9b0c,main_screen
0fbfce13b791ab0735ef4fe9e45d326f,main_screen
93dc57ad823de9b7d69ef6af953f3fa9,main_screen
8e0822f58c623fa104f6515673ebbc2e,credit_info
70f13714811950d49bca64078569189e,card2card_transfer
2375b59dd559da43cc8e24cb45ee24f0,main_screen
c4e0302360782577351fa58ae6b5eee0,credit_info
ac3162322c38cc7b1cd6869ebc7af135,card2card_transfer
032e8793b31d2c8d89f2b4eff0723883,credit_info
cf07243ff25e26af8cae8d4a4feba4e0,main_screen
2e086e12d546fc84121dbc540e154c73,phone_money_transfer
5b6771ab398a545f5eccc13b8dd56475,main_screen
7b68e2bd460445ee53215466fefd76bd,main_screen
9491000a132f71e8c8cac34fabf03786,main_screen
67b20ad2252bac6ab9c29ee3e05a6775,statement
6922319d72e71b519779de3ad14999aa,main_screen
21b54a8787058dc940d86b0decb9f256,main_screen
c09056980abeec6e9ebb1e0d33a5786c,credit_info
3668c49d8a83e9455e3086bc2152adf9,credit_info
a13622c5871c4668ea86464b6eec3592,mobile_recharge
529f091632f345b5ebab9970e77f10cb,main_screen
116f8810753393e7b8fa323ac2ce5754,card_recharge
d402820fb8fd4e6840634caed72ca1de,main_screen
855318abbf0e3e35d2e86fe98073ee4b,mobile_recharge
0369873a7a1022bba55d6403cccd7e6b,card_recharge
25877b5af4c233fdfaa1e903ef225a4a,mobile_recharge
863790efd2814679ed94aca0235cd54c,main_screen
af2f07fa99c24b21872b4a81aaeda90d,main_screen
9818053dd13e949f0aeca8b9f4da0e80,credit_info
b805f4b1f75ee5286d227aa24b5e8536,statement
5e436a5178eea0403ea011a2a2941b36,mobile_recharge
73ac8071c77c048f39bea47f5664b739,main_screen
c905af897a24d7ddadcae01a4aa015b5,phone_money_transfer
a5425b9a6aa61c5f4f45f7f7330f32de,chat
acdb6f5af02ac12e5733fb80e9b1bf54,main_screen
1afd0c52528d0f71914e8b02720f0f4b,main_screen
ac79c504e9ba449cc6d811f93492b26b,main_screen
9cbe5dd4d952df1b9b3df3baff2d6c24,main_screen
be37de6ad9eb38f1cda0a1afec934679,main_screen
690d20b32fe31f43d0c99e5153c08745,main_screen
a9d823c3bf51ceb731cfcb34d3338e73,main_screen
a95f54fcdf4322d7d0eda8fe295c7bcc,main_screen
d0e44c589180733d973b4c32b48af833,main_screen
c759ab96824410b4edb0c5aecb28f06f,credit_info
90e663e0a85a2612097254ff974fd368,main_screen
620437744b43188eec948bf2db0e14d6,card2card_transfer
bbf967dc1c17a2a3be19bcd81832057a,chat
479bd82c365206d3b1ab9092a9f83e9b,main_screen
ef0523e371f7490d916dff91f876eb36,mobile_recharge
7b877ed087775256ef988ae28d224feb,credit_info
be093c9ec2908ed9eb55329c01f4216d,credit_info
49b590003b51479559ceb21abe9e53df,main_screen
75206f3f242340530914a487d7c9065a,statement
015229ff7ed4d6e27298f55119181d1f,card_recharge
723a31d4c10b8a12b0af2a9f652c51ba,chat
f432f1d7eed5fdf6ebca668f48bc0ddf,main_screen
10fd027b80282f256477b6ff88c939a1,credit_info
f3944775ce0bb7832f8b4078c7f0b51f,main_screen
f639443b2a44b91ef03abe358ef48cb1,main_screen
7c2c6cf668c58f6266f3917b9ffa4910,main_screen
65b6b0f606179a304b102fa93b681b6a,statement
14ccd1fab7911f7e7136b0c3d820164c,main_screen
686771cf8f17cf3e12b30d187d8549b0,statement
93c7ddc1f3abe981f2369c1a0efe3beb,main_screen
fd55d2f331edba07e2b36db472bf96c4,main_screen
9a478bdd9073fd97327056e58a89eb25,credit_info
79699bf14b03ba60fda052b66f35b5af,main_screen
0cc62cad9725de22a0c4aea5504ccd9d,main_screen
2191737a113778f3fdebf06bebbdacf6,main_screen
91fe03e628107b6bb10602237ac75ad4,credit_info
c0e03032192d3953a99956e8a8027db2,main_screen
0c16cef6d4910f96a1793956ed7fd604,main_screen
ff7c612bbbf0103bd24fa618df45c715,card2card_transfer
07ac716b716aa9ed17c5b8b051d77ae8,credit_info
353ac953cf6179803faf7bd74c311826,credit_info
93f1bda64d5d70414605cb9ff2f58857,main_screen
c3288979617bf2686f323ad20bdb83a8,main_screen
ed21cc169fb67380aac4063e5314774e,main_screen
19da7e00406d57669e4e1bd3d66afc76,mobile_recharge
4780d9d8c07993d1860db0ff7a8531f9,statement
1fa81d131c49378dfd4c822c87b4f2e9,main_screen
7d7222a5658bb695fefa89204aa04165,main_screen
82c3a32a5390432d3554a1939bc1e728,main_screen
5cdbc404a3318f242b6fd4fa1d9d796f,main_screen
d942dad731feb74374affb70535bba8f,phone_money_transfer
94320472c244df190a44c51c8e6926d6,main_screen
985dbff3a2fe51e1bff8205a5813e3e3,credit_info
fc2d98f4d2a2ccf85e76a527c2d02b6e,statement
85c3d19f6b2f86b50cb0878f32208d62,credit_info
8c9f785d3ae61bc89e005ac5f70fad08,credit_info
556da0fbe9e6676953b572f42996891c,statement
a89de99d50eba153bcfcc458d2bc6a50,main_screen
1e61ab705d16776e432fc6a68be18e7c,main_screen
5979d4d31ac3deec2a058a1fed6bdb41,main_screen
2e95f2374632b1af71394839a7c60adf,credit_info
9c6a07182c0bf496d17b424640ca2caa,main_screen
afe513ea10a9f352ba8f051c287fcc3f,statement
d3a03396cd659101c0f821afb831800c,chat
6cd9550bcb10869a830a731fc82dc9bd,statement
38bd5607b26befb0921b61565a7545bf,main_screen
b773044a6e509a83ea8ce5f767d15404,statement
58cfe5a5148820ef13ed94263c2f80ab,main_screen
bc7780832b0d3dd266d90fe5d7cccff7,credit_info
52113df72972e98f1945665eeac1728f,mobile_recharge
c1171f635216072a51a60b0bd75631e3,main_screen
367f71035af08e0008eea604e451aa47,phone_money_transfer
233507338564f2a15d46a32b02d54dd4,main_screen
84cc3ca4fb529b6f185d22866566c742,mobile_recharge
961c5eb302168ac3ae650b3b81297fce,statement
e45ae7573d54ef1b2120d5834683307f,main_screen
c87468d3ad5620fb9c850d7a63b1e2fd,invest
036f128142eae5dbbfde90d9f5d30362,main_screen
07319fafdb9ac0c95c930de66ea68f31,main_screen
0a10ea497c57047ae63f9675cba5a119,chat
55860db1fa17ac3205a7758ccd0f3bd6,main_screen
9833500e43a74c65b886798eb4e7405c,main_screen
efc2c4079664f43f2744cc31ed5ab6e9,main_screen
ae1bab17932df299b9610663040af48d,main_screen
e7c782da50af6b8dac924df8d9828f63,main_screen
654e51d87f4d754ef92be7d9994311c2,main_screen
e5440055e0948ccdbc507db5089fd12c,credit_info
4c693e0306528dca01984f50aa55a25f,own_transfer
d8dbaa484b6afd165256b22098d39098,card_recharge
51a757fe94210476d52c4c50ce53429d,mobile_recharge
88de94e9eed4f12f87eb793d5d7d1ae8,main_screen
1304822a6ee354fb1a754bdff92f219f,statement
8c7eea30c539494a73e6f0fcedcf876c,phone_money_transfer
098cca49369bf957b748d58014d892d8,credit_info
d43625927e03755ff4352a559ca457d3,credit_info
ed7e1431065f230b2a061b6a7848c262,credit_info
b1a104fb756c4a2473cb1bbfd73788ce,main_screen
d490675964f52574b149cf24cd657017,card_recharge
55d27550ae352d55ac8ae71ff2977a9c,credit_info
bdf0c153a2f8c964ee25e35a9540fef7,phone_money_transfer
3aec1d10a39448c4526dae331e6886b9,main_screen
cbdc35f4f016e1a4fb2d9b4fecb9cf8a,main_screen
499b9b9da4466451e2ba4cb72dc87712,chat
0b44e0259038607aef04273195cd2349,main_screen
36f4a152cecc8f85fd961ffc5c6ecfe3,main_screen
6049c6731b84c73cd2d0afe57dc09a71,main_screen
e6efbba5689d0355e97ddb2cb3f6ea26,main_screen
4a6f1af68743280721198ee4a104a1a3,card2card_transfer
bf15008ff3e72027d65fbf1fe0c665e3,credit_info
8b070319fc5a9bfdcd3f7773235f0833,main_screen
a955c96aa2c85b2b20e2574ae1c4fc16,main_screen
9f5898858cb89a841dd77e8e96c15d8f,main_screen
9c5a07c730e6d54898ea39d0cd12ae68,credit_info
68e989ce2fee5bdf380a86dc1b1ce561,mobile_recharge
11c67e7e4b77a9e7c307b4f32c01fbe6,statement
c778b5772cc2eb42d4bdd43fac0063c9,statement
5af4fef927fdf9d1fbbdee81d5813124,main_screen
8ec6ce47b7bbe8afc2fd837b23ade789,main_screen
7ce0d862a8aafa97597ed408fc82f594,main_screen
bcfe185a641e3f567ecc0b83fb0fbcc3,main_screen
3a8ae437dd38efad575ed38e769b8ded,main_screen
e5f8277b75bbbd1c66bee14f9a6392d8,main_screen
d50a0808fa26b28357fd272cdf2eb8cd,main_screen
58c69761401fdbf8943ad8215db63c22,phone_money_transfer
8a0cc2270ce6ab0f9faad6b333b58108,main_screen
5c245797665cf7ca13b8c6c242454b8b,main_screen
2013da68a0c2fac07f8df85dd237bc99,mobile_recharge
116e02f1e06688dd4f942369337c38f9,chat
5a46a6d6faeece36ab45022a44ea6197,mobile_recharge
21ee4b32770fd68122cc5b8dbafcce61,main_screen
48e2a1f5ae4ac2155161afd67fb11ad1,statement
f369d71fa95c72b4e437d5e74dcca273,statement
460c423e682e518870ff0bdf976a13db,main_screen
df73aa8c6208435eb420e5cd1c740dea,main_screen
f88bef6371c74e2cb3262fa350aeb12c,main_screen
a82ac752499a8dab60e7df743c2d6418,main_screen
dc905b0f6c7ed8567ac8f26618b8da10,main_screen
83cf294b94173618615e108430acfac5,main_screen
080fa3041c76b1e090ad0af0764a7a01,chat
00883efedaed3f775331b8e7e359ef03,card_recharge
ec786059064920475d6d93f2a33fc9fd,main_screen
088073672c159ea2384234d18b73b5a0,credit_info
61802f33897b3a2205f729e40de465f6,mobile_recharge
3a6bf3cb325ccfb8ae37db10e8a5a45c,statement
88aa30e351e5d10440cc88d5ed43ab97,mobile_recharge
656870498ed8e9e3f8e2f83f6bd05450,statement
90b7c85722a0c66d72f7c91f1c0a38ef,statement
3aa2f8113dd23b0441997c4deb5947f3,own_transfer
e51884558ffea17920d1f7d0cdf10a94,credit_info
974230a81b8c190d717c593ebdb54f12,own_transfer
5637593e1f7c171f835f21832c43f70b,main_screen
4635b5f1263647a22b72e7f4fd1cb67f,main_screen
6a3595b693799125edeba1eeab396774,own_transfer
c75df93621b36425996c205dce76ffae,card2card_transfer
88f15c98d7de0fd1d794a9f45cc4797c,mobile_recharge
77bd0ece0f63cdd1e310cb378849f830,own_transfer
b5860469a1d699593379b444b2c72de0,statement
7ba614f45dbd9c092df61acd74121f20,credit_info
58279829682b70ffed53079507e8960f,statement
b870e00c1d252aa6b59723de7f4ad5e4,main_screen
0908e03a27a5c08ec97d55254d2e988f,statement
4f38c264ef37178450edca8951500989,main_screen
162297fb03a282d793f033dd71d46565,phone_money_transfer
741c067d655a46b084f30183218103d7,main_screen
4a9de8c5fb7970e9643aae6100f6a83e,main_screen
3b430091db0609e8eede705cadb1d3e7,main_screen
70f41acc125b22f56992609d79e46eb1,main_screen
b96c90e15a7ba0cb9dfe7c8f7799d50b,main_screen
3ea141316e74d5849362b9f85dd77600,chat
150e3030a09598f1856578b28e8390f8,statement
c07578589f929f793f069e4686478a26,main_screen
76acfe6b7cdca63006c87703981f211f,main_screen
e5eaf7f0d3e84a18d68fa765186b126e,statement
d5c942eda7f5fda073ba519d47232e4e,main_screen
00da4bff77bfbb9775f871a3dddac73a,main_screen
e2b424855ac9d3a3a2d9c2f1e2bf71f2,main_screen
9f1a12e6530597e849c97dfb7600cc16,main_screen
a206d858a027016c8cb4e2c83b443887,credit_info
ae5d61a71628ef2ab308f0f3454bd6b1,mobile_recharge
aabedc23f4fdec82dfa37c6b0123ea45,main_screen
0a19d9098650d841a9c0ef7952f35f3e,statement
1b44f903471ead14e81e5aa602f406ae,mobile_recharge
9c965000aef3d871805dd844bd3616a5,own_transfer
64f2b65011fc9fb9bc01d605fb8c6134,statement
7bf5b5a83def758ad744c6f6bf171882,card2card_transfer
b53ddecd25548eac4ea41bc70f19c4f0,statement
93bd0fc14f9ce5c365b59d5a842e5163,main_screen
89159196521a91e4ed6830d1cff2550f,main_screen
b2c2e6876dc9c9d91378448b297e6ac9,main_screen
53bebc5080cd53d0cbccf8971e1a66a9,main_screen
cc3eb5454a4b62823f6400366c4a3298,main_screen
7e69acb86a3cdfc7c2ca9010469c6253,card_recharge
1f6cadc0001c94702536675c5dca6905,chat
0a97b19f5c10a5433833c8575cf51c45,credit_info
17373ec593591fff1c581b787738bf2b,main_screen
deea57d21567f57804f754d02c6391ec,credit_info
4422597c8e31561a2265e03b652d2a81,main_screen
e0055d3e543fac5ec4785e702d5b4ed5,main_screen
ddae0a87891387b21b3d623597972c14,main_screen
a7551ae7ce56773ce564a5d6c26c40c7,main_screen
9b9a8668d8a8be963c3b6bbec2c5621f,phone_money_transfer
58eb2bfd533d8d4a66e7679caa31b575,main_screen
4b2c70427e2adcdc5c257a3f9fd5dfe0,statement
e1038eab64fa6b468b13b900b6f22ed0,mobile_recharge
1f93b34750545f1ac1db1f33672bfd70,main_screen
90a0dbd9e32f6ebee69b5f1890836349,main_screen
fdc66869558fc8dc18899e7ba32493b1,main_screen
0db81a8a16d655293140f7df8523652d,main_screen
aad7e94b024289b55d5f77a274d83eea,main_screen
3d4fd950577f68db4f225912af765538,main_screen
3bd897cdcc17ae8ee20305922dc7043b,main_screen
828e8ca30955c9c16c12305f5492ab7b,statement
0c025d4018544dfbc2ad628fc2bff232,main_screen
ad5b4b423995080970126a64667c35ae,phone_money_transfer
006e82a66fd7e5595ec215d3b68e6fca,phone_money_transfer
5471d7b05d338d771bdacc850dff111c,main_screen
995111a17a054f34d8baedb9b2ae7d48,main_screen
4122847e11a5db983f3e4a5d0ce55592,main_screen
4105d1f9603c9fd062d2609315499634,main_screen
4bb171e865e88e1d877554f65f71e41c,credit_info
4fcd594aeeb93b94eaea0d353b246211,card2card_transfer
93366aaf8fa7a25471c28d73dbb3ddd3,main_screen
af999b30115a3ac12de38eb04d566db1,main_screen
57649c210cd38635da1ed7305c66686f,main_screen
efea413e6eb10a9c9b0bd5eea8b45ae0,main_screen
f77178b085bc5da44c6602cb877658dd,main_screen
0e67316b9f8090593a06a7aba554346d,card_recharge
08f9090c60a14192e562f5bc5d97283b,card2card_transfer
3a0962f023dd81cab21666cfe4cbbca8,statement
914b1191ff0efd01ffef2685e6cf7c32,mobile_recharge
f0a1715a06c29645ebbc24b5fe1506b2,statement
3c829c58261844dd1d864466ccdfef16,credit_info
82ef51bb35a839b6d2d8fc9be26404c2,credit_info
cac374543735b5d90a3df668fbdef8b6,main_screen
e02da83a636e5fe73778fe94b128402a,chat
4df5f288dbae36e4ebb7a034d52547e7,chat
3d59d682c0b19bc07e173e758b653f53,card_recharge
be7099e17d84d808d26479f666fbd29b,main_screen
0a5efc5c3b7c97aeb03ab7e99b48e5d6,phone_money_transfer
cc9da6264d183774e83b44835c3ce56f,main_screen
3d0a5d4ce6a169efa5f3a8a05254e93b,main_screen
43d269de5ffb9fa6d238e0c78655549b,own_transfer
89056965b579bcd8ef873379dc46f731,main_screen
183e90362d95ea71d155d97ad354dd05,mobile_recharge
b2cb5aa3a6646a17a0bf034c05bb21ef,main_screen
a32da29d958d5703bf511262561df3e3,card_recharge
6966c236cf129e2db7d28c4880f41a60,statement
284f5261a7c9f00d496005e9259664d5,credit_info
6457be9a30dc1c59b27eff2df6ee5813,credit_info
c10998f21f9e07f6b78419fcf1586308,main_screen
58441fbe780a30bc58b34883dab69e16,main_screen
eb42e960440b21e4f7762622230b07b7,statement
022b96aa1a5c6d60062946fc8d2b5ae4,credit_info
56ef1b74292891946626c188e4481832,mobile_recharge
d2adc3b5f6fda6f425314bd6dbb63269,statement
c35b7fb4ae76417a37a609e8298c4074,main_screen
61207510183aa791168685b363e14b9c,main_screen
4102426083b9a34a0eb42571dbee6cf8,main_screen
a274bb12086044a33cd509421f7926ca,statement
3afbaf1dd2979797aa3251e74ef02a53,statement
8b85e01b1ac1f432ff82f8427fcecfb5,main_screen
59c399112c85010faacf3670a1240ec8,credit_info
36b6727932a4c7ad121ab33cdc62e1dd,mobile_recharge
83ed1e772e0fe016137e3088f47d7498,main_screen
6603eea942fc7b735f9acc91b9e9a308,own_transfer
aeb1ea0d782fa4741a86a799659423f2,credit_info
4371626e47d2ab5b86bd526612255471,statement
4111dadfefc2350485a27bd609c116f5,main_screen
34b800b70c53b132aa358595e9a5e59f,main_screen
f4379b976af8b0eb54e22a90852529df,main_screen
f1dc565e9a84a3d76d9d4d4eddbfcd09,statement
dc77bcf9437b908ff1f0401ed8e18553,statement
a034f2d61b7a3e3fbf7236c203b9d6e5,main_screen
6588ef0a6e5f93733a56e9ecbff9a2d2,main_screen
72cfe511209c7d1257cc28ebe5d3beb9,main_screen
e99e8528399f8365983c2fff0dc07e2d,main_screen
15468fe1537f8ce161caf5c238d549dc,main_screen
4db301910034e867b61eff405a69078f,credit_info
8712bdc57ee73468d0c9ec81ac65c43b,main_screen
bd5c5120df5a63b1f81a5301f41e9d6d,chat
f8f73bc4358f39f4e719f76a13c7c121,main_screen
8b89a8cce2d08aa5b47da8463eb920e7,credit_info
a5f6105a8b4d464d0365ed9dd78f76e2,own_transfer
dbeba9ce159ed966ba379ae17e336fb9,main_screen
977aabf27e8d3ed0d9724bd108563e63,main_screen
3699dc2c6d3e1bb680ef6986044c3ded,main_screen
465a4d81f78615736707d37ff6e4e7cc,statement
ba2f9e7d92563c9259cacf923d61c0ec,chat
dc2f644719719ace3a0155a954824f35,main_screen
a3e0632019a6e0ff0a03ade8c0ae248c,statement
bfc66b25771c582c465dd04d900f03e7,main_screen
f6a72f4a32be61a89a4e7dadf6bd5fc2,credit_info
26c1b10fcf962d183e85c8c73d15814e,main_screen
7d1fec267c0c2707995955ecb840750b,statement
51812176d69ffc4d98fc40dabb9596e7,credit_info
d71f69cf6777510fa53f7063a9b8e280,credit_info
8daf1a5e2c2717dc549f1febd65b5f5e,main_screen
fee5b577d39a58070c27a1875cab9bb4,statement
fffe3152daedd0b3a17eec9849be7247,main_screen
d4376e75aed06137b9fc570c95fa2100,chat
b50143b29e0cbf8b2410bb4e9da7ee2d,statement
de9ca1f7853b1e92b090ae24dc45b912,main_screen
5cbef4a0ba55ee41428211cc512f7638,phone_money_transfer
346628c624ba4e822423591545c9f32f,main_screen
17e458d360ed9cb4b254820079d45a99,statement
824f1eb9af959310a8bbec7803e98946,main_screen
9a2f8f7e88bdbca1fdc0369380504897,main_screen
9aa4ce29355ce3baf1204f64be7b4fdb,statement
08c2e99a5201543a2f85a4bd894fc87b,main_screen
213133768e77d1a5fc5a19a92ea0564b,invest
f992e4a47581ca162610f6e50e081375,mobile_recharge
af7c41e51a553f0385831986c2c43871,main_screen
1b1730bd598d977ed51801ba77724ec9,main_screen
125d49bcd16831e022f6d8708909cb6a,main_screen
90745b460f08c6acf492d397ffcac12c,credit_info
7420937158aaf1c06ff77c4feb90688a,main_screen
4d7b78c10d1fb0174389f671f0b167ab,statement
7ecaedc2b5f39633b7356f7e594d213b,main_screen
ecb8783752aa8e35d556d6c7d9221c88,credit_info
5ca34a4a7c30121a368ee5ec7d3bba56,own_transfer
a921aeea57f35a95470ec03e97fc9855,card_recharge
cc7419390449c45e413f074490b5f275,main_screen
b0b2642ea876a9629af677b0d5ee4436,chat
21c9f10c3432357a28d8d84ee8dcf99e,main_screen
4078e247257ab926e03944a5276f0402,main_screen
1371a669793cbc182106ee8306625859,main_screen
01daae640e770296e2b69dc07c4ff5a5,main_screen
d4e6593739228095b00f1901678b6c13,statement
82ee0b1cdbe05bf3d2446fd5582a15a0,credit_info
ff3c2f4b150857b572bd237b728b7417,credit_info
017e2b8eb4f3487677ebdaec5202ddf7,main_screen
c941f6a440dd120abad58fbd9b6eeb00,main_screen
b65b5a058476a1f7573e01f4f2ff33e9,main_screen
73b3dcfc7f60c921e713a50f5f260d62,statement
dcbae7435f6aed05581287c80ed8e9a4,main_screen
1a9b5a01ba8c8e95433549a3bea35ea2,credit_info
65b309f49c5243b3d6f2d79abec489ca,statement
3ffba937f6cc93c69bc7414a9b404fe6,main_screen
e52c52f3cbe358939ad2242e87b4f6b9,own_transfer
35fe252a250b5253c63d0c774e631167,main_screen
ce1d4216bb68ccb14c8507616354d64f,main_screen
c5af5c231178eaee5b6397fc6f21b417,main_screen
64b2baf852063bc90cb1ec9f61db1480,main_screen
0771aa4d507126d85ca809b3f7943a03,mobile_recharge
e38fa429dca2ad5c9add17f12d6d1f23,statement
265ee222a6a82f75d3a510d34841d1e1,main_screen
2e0912ca3569d15b012138e88de77ce6,main_screen
8b20920d27a019f6f27603428dd8eb83,main_screen
51911cf889030636ca8549bc17d50e53,main_screen
226d12a6f31651bd7ae6546507fbe2f3,statement
38e8724abf0787644196f188343ae596,statement
e847d2d3bf4247481bd8d7f92a1a624d,statement
f4e964a809f4140a9614270b35892184,main_screen
f0f78b750a89cbdaecec91a6edd5f235,main_screen
4e910f1f9774b5f4fa4c8214bd375f92,main_screen
e959a315df0e1f4564a6c395ab558cf1,main_screen
679242bc1059a44337bbe059db605489,card2card_transfer
d1bc06210e394ce368781a8b2588b1a2,main_screen
33e85db52a96153cbc0e8ecc9f725f2c,card_recharge
b23c010330e24daad7ee0beff34b24cb,credit_info
ad7e23d73fea3b1ea4c72b0558048d2a,main_screen
4f3324fac721133f0981cf9621467e26,chat
ae7cc61e00de7ae07e5eea0ae9704465,chat
af25334798f12222934410774ffee943,credit_info
fab5ba4cf0dbba6cbaa87869e8feffed,main_screen
f4883478e65acd730ba00c6b346406a3,credit_info
2761b6e7f26b0c50bfb494c837178651,card_recharge
2671c2a63e9137b6e5dcff8149b529e5,credit_info
c11593ecfc965810dd2f28439f7e134e,phone_money_transfer
79d4ab00d79c37dc5a9c9bc8ac9a42f2,statement
1ef1fe2bcac3fdfd9d4a16887927d583,statement
fb21725b3edec0f07006624d1d634a9e,credit_info
6feaa58e5118ed1dc1e061d6dad7408f,phone_money_transfer
968e9169278547802176393f6d08aa89,main_screen
9412cb31a5713281bfbb50ec2fda20da,credit_info
77a4b09e651f96b869f7eb51d769e7a0,main_screen
f36123fffc9945fecbee6beb6d48bdca,main_screen
f1c8194bb32d7f03e8681cfb649b451c,card2card_transfer
bc7740c33e6931bc45b07f50f02a7a9e,statement
8d0a41f5dfa33a07bb7248ed211997d1,main_screen
b7adb44a18a8100dcde75b3e916b9bcc,main_screen
46d9a4eeaccc54a7fa50cd65a711dfc2,phone_money_transfer
bbe3a7766e19ee89b12d70ab07a20213,main_screen
59333db5a97184391044ed667913042c,main_screen
240e8980d312bfe8272b3a7d93def0ce,credit_info
a80eacaea39707618e019cb9271e1478,main_screen
99a596d114c8a9393ed7e4d4e6dbbbca,statement
f32547dbae7d68282e1eba63c076ffc1,statement
b06b4fc44fc5cd20a4900146628c80a6,statement
523dbd3821c6c6bf5ed489bcf5386da3,main_screen
b152ef9fe155740f4042d998e23be91f,credit_info
68de491cfd83123df87a7c6ee1a8b5cf,statement
360341c5207a3424c417ed13aadf8689,invest
64b7a61cd5655c350f43f8bdc2a9c2df,statement
131e3c5e4bb16e1f7cf08eaaea32e194,main_screen
446ea5b52affb2d5912768570d196c4b,phone_money_transfer
0fecc6159f43290af2df64aef0a835be,phone_money_transfer
4177f3c671afd673eae52ac0201459c8,main_screen
9177bfd3cf881bee8adf5e83b819f1bd,main_screen
32a4ca66934dc6c83eec407f37e7b1cc,main_screen
fe3a0228e42ff44e1b55379a30362e8f,statement
21c5a1d07bafaea15dc7f48f43599ecb,chat
a9ac862c2a98aa558264c512c2faf5b0,statement
6fa92d8014bd8fd7be41014926b66c19,main_screen
94683a6ecd3ac32387e8dea3a0884937,main_screen
22d2fc67d4f75dd17e7218e0e38554a4,main_screen
0b4377846abd03d507cdcf2282e81651,main_screen
d8aa7dc87101936852ece77315d05aa7,main_screen
e5d0cd0c2a1b3c87ffd930d1ec76ba2d,main_screen
64ca9643df6d5c784b084567a9e1a959,main_screen
c1af9556970927e41a48d5e4fb200e21,main_screen
ee32be59b0f5266190d0dd1ef81177ff,statement
9858e32ee84bad64be28091413380b17,main_screen
b19c50a80842fe9dd3994e7d9c093592,credit_info
d51cce49cc01df1b83c6059e8b924a29,statement
4f257d909a40c27186fe5263397d4ed6,credit_info
7e555f27d3e1540c4ac3a83c9a8681f8,credit_info
9759d7c085a21d92d320e3f71b0c543b,phone_money_transfer
c62204b1a6bbfd9350b76870906f71cb,main_screen
224369212a612062d7e3e10c679dbddb,main_screen
c10a5d4f085ee85618bd6b77823ca6ce,own_transfer
f130c237420b133e810614ac6708a7c9,credit_info
6c56fa27b28effe4dd64ce17799aad1f,chat
98ec2aa0d6df9345174ac8f988b8e407,main_screen
0a2c66728eed675d1f0be9dce1ceca74,credit_info
4c3f63f8373aa4d97b61c4d1163a6e8a,credit_info
2373104e3bff05ed1c8cddd5866f3b5b,credit_info
3f34d83278f9e069fe694a6fbed69877,main_screen
965603f40f536f81dcf0bc45ce2ce070,main_screen
afa5a9001d580c3a65293175c8125b65,main_screen
856aab5f5fafb4a32ecd9a3008bc2100,main_screen
ee40df04d825d274001b422674611351,statement
a2c78eeb4955740a5eed1325201c3351,mobile_recharge
47668db16810a0f5a10944ed91f45873,statement
fc9e302c5985ea97fe91dbee2fe2fd26,main_screen
e8c694a588b828ca5c6c2d0321998e1e,main_screen
1a78e4b2c5f916635d35ea1822faa48c,main_screen
26975d2fac5ad7b3784622edaf72e709,main_screen
755e4d069bb48c46b425af69c4c17265,main_screen
d9bbb986b25ee4f4e9d510da0bed6b8e,statement
739bf0f32f178d009e7581b623c470ca,statement
5f427f7c583e20e2ae2b1e149c6f9f3d,chat
df0bd66cbc3211b1b9a1b4db29b0a5c8,main_screen
62c8bdc00cdaceaad4ca8dbe9713d835,credit_info
4bb81533a1ddd4989c437caa7702dc49,main_screen
50f7e99a6e1b711f84f5999dbd26cf44,phone_money_transfer
c3c5f1a6fba07c0ed975886fc5778fe7,main_screen
664ae530abfd5bd945229c552b2dd109,credit_info
a79a62b26d602e3c970a84cde4f29cb3,main_screen
b93199f8c6608c8d94c16f864927c3db,main_screen
e783c29bb59a6f8c69bb43f3fb819fb8,main_screen
86ddfedeb174abf239bbbe79c97760db,credit_info
d61eb540437eaee144f24285b8399792,own_transfer
fe039f36805aceeacbf479a88ff209fa,statement
089fcaaf7b56e315abb9ec80d5deb96c,main_screen
d5fab43465f9619896793249dac0e897,main_screen
cd74a18d4f323759ae50ab861fc6c264,main_screen
af11a1315b8235ea9a0851b91f2f56ed,card_recharge
be4cd5e816bae9e9dba3edd949bf2343,main_screen
13af52df3f1ee293bbc19dc564293053,main_screen
5a670510e03f93e3af0014d222292a72,mobile_recharge
6779a184ff7a58229559ea4ba9988fa2,statement
3147a374cf507d3d5ee413e95452a1f9,chat
d3dcd15cdc03a8e26e05c51d8babb1ab,main_screen
1254b549aa02da0ff8580bc80b98e88e,main_screen
cce9fd7c39d4c4dbc51ffaae94ae9888,chat
c4e6d82d9b5a6bb849f62cbc8397136b,main_screen
fc13f33974d84bff163cd111ad643508,main_screen
376e4c94977295c0f18e81a1982337de,card_recharge
0303b20635a7c51a820def624c2f12ae,statement
a547455b85a12c363eb6e69cd6b7004e,chat
4110549e9721c7eeb2ae98aa2c816d37,credit_info
26ba918cfd29997f9d5b5f2faca26fa0,main_screen
fcc3b03fc3c1bf2572ea07c7e7903d88,statement
3aa245dbd42ea4b909398aac4dfbcec4,invest
53d158309c2908e75faa413f998f2206,statement
5984e517bb4fe86f353b66cdf353dd7f,main_screen
7f31221ce4b69442313d01a921236fab,main_screen
40220ab241858d8ed0c10a2b46055709,main_screen
f7c24a23a6a7bd4de3389e75a72fd9e5,own_transfer
dbc41d19192b0f37b553fe0698dbad0a,main_screen
2d1ba50616cbf3e3739340020cf6d7b8,credit_info
8f6d12563af589ff6e2dd3203ef7cb12,credit_info
0b470931a1dac0925674fca5a08aa7aa,statement
3a6a795c0c2437b0f85cfa20adeeb6c5,main_screen
0e96b5fa2f9e65dad7d43c338c8c2388,own_transfer
05af1379004f3a790fef54805d214075,credit_info
ec1dacdbfefb645c296d40ac1dcf5e57,statement
d20e75548ac34fc02215f481d78475b9,own_transfer
08342b70019d45238aeff62a8dd50c0d,main_screen
fdd3ce17f52d89a9413f5847b40610c8,main_screen
43255225322c1c5fd33835f381e8f524,statement
cf3abde18280229d8f0235aaf970d169,main_screen
546ce34d1ae6844c58ee843573e56552,main_screen
c47203ed3f91f92e3c1959bab4fc25ed,main_screen
35f0dcbd57270d2c7ff0b6edf2d1f22a,chat
44ee80cb9ae9fe6005198f0db597aec4,own_transfer
57b092a9e138cb34dfbb4497770aa4e4,card2card_transfer
1faae0cd6bf7d57f72c3dfa0b7e0b9ad,credit_info
f726d4e5056d992ff4bff7ebd86154f6,statement
cef11293519020bb0e60a720ae4af1f6,invest
3c60719a9e0a846c652249eb453ea0c6,mobile_recharge
6c067a871e7aa5695757b08a77c12937,statement
84dcb0464f1525fe64db4ea7d459958f,main_screen
30551f701af99c19582985b9d1e87895,main_screen
5591151a6968c6ed7daf52907d4d7b33,main_screen
6e08963b39ff4fa1f6147db7260bb4b6,statement
1b6ef427f2fc870bbc4ea25b756ef3ae,statement
494ed6289e41fe5343240dc4dbde86ae,card2card_transfer
6d0dcdf54773670aa44671aa0d55e174,credit_info
8f71973e61bddc1496c8132ec408ce38,statement
b0442a34cb2c402d5d6528a01df3e45b,main_screen
8365ca158acc790b5f593b1b40c12a9e,main_screen
bf480ec3d7287cdff2cd1d3a898c24a3,statement
518729ff46e36d6de4a54d0f84fd158b,main_screen
4b88ccf6dfbd086bbc2cc5583c072bc3,chat
c66ff5f5686e2caffc86a2fb018fda0f,statement
44e8a2b166eda656aac205fa4987f934,phone_money_transfer
d775b773c32a9974636e9724d0a4cc62,mobile_recharge
831f0154a1f2850f4fba0bbc4e2f4036,credit_info
6eced0206ed995b7acc13d8fef9b5d20,main_screen
9a7b988b6d4f955c1e11e0d9d989075e,main_screen
e205d8b11120fbd2b980e662e3bfe9d3,main_screen
bc8eaae3e07eeeb4e4a7405b7c606238,credit_info
ea262c997ee5e9e8e1f4fa32ac77778e,card2card_transfer
24a4f86d5145590f35f7f8a45e0176f4,statement
f130ffc8d52b0be0f03f79c71bff6e53,chat
be71e28506b7a2b9ed89d0083ccf5627,main_screen
7f374c85be8e71617a99098517bc06a7,main_screen
900fb0aa8cb42e4804e9015e1d8c9701,credit_info
83370b13ba6767f995c66ea5f79ba133,main_screen
885a4a1abf28ecd70f3197be9d1e5f96,card2card_transfer
95bbdeb0bc1135943acdc049b403411c,main_screen
c34f470eeffc8edd5f18fc177bee979a,main_screen
3751aa5da93b2146200a8b00373c7b68,card_recharge
5191d859dcd315f3b756dbcc1121fa5f,main_screen
1c1a82fe242120111784c144f7e3defc,main_screen
2c3fc8c609c1aabc10c73a2f0740be7c,own_transfer
6104eabf11820c4028554dc84bb16dec,main_screen
f031a6aeb2cb4c3be7704afebe1a461d,main_screen
a6b180d6a6bd4724c049a8bedfac91f6,credit_info
92b7a46f533cfb7a83944207daec221c,mobile_recharge
9a5d5e17c48ad601ed04146b9dddb50b,statement
d8160f6b4a41915cb8887a24793a4893,main_screen
b9aee1e2cb0200e1804c4f4184848a86,main_screen
18940fcad5c78d68ccc481cb166aa7fd,main_screen
e6c3ed83cf2a62ce3ecf616ba27e6a62,card_recharge
916195891ffefb5b1fa45b2767678ec8,statement
9fcf86e1f097e2a698afdc833f90c537,main_screen
38580ab1d7cc7158d18e662a3c964b51,credit_info
490c23d5c587a77e37533fc201c8d3ba,main_screen
786f9f62bd7475088bb8d091d03a09a8,main_screen
5c4d32f840027f6b02d6879fcfcaca08,chat
a3fddf6f078204e1ea9bad5d6221e897,main_screen
7e804e6a811f5af06d9bf3341484e14a,main_screen
baa6efc96e49cf063134445db6b6c087,main_screen
353a4ab39b82efaeafdf7e2fbba8833f,card2card_transfer
ea30612198a308f7c44b6e2cb78c8f80,main_screen
47090831576c677ba4b50c83953515a4,main_screen
df0140bb7399a1af5b2a780c9cf91bef,statement
93f225eaef16b7bc8d61ba7848d2324c,credit_info
bf8a5c68fe777c9a7cb8222a8b585484,main_screen
f040996ff52ff4765a36b8c38cd25a34,credit_info
def10033905f5541fe53d6ab14e4ee33,credit_info
3a888febc969c7a423c79938bc34ec4c,mobile_recharge
297a2a0b13b1f9ba27ab5aed017b0ac5,credit_info
b1f4f543c9e59b32e69860570dacc20d,credit_info
eb58445010cf0b83eca17cf61feb6720,chat
9ec513e7a89475bab54a154060ddf5ab,credit_info
c56e55825690fa294a57221c9988f243,own_transfer
05bac7e41b048898ef11965a95f9e858,chat
52153fb0b3877a6c2297903039c19777,mobile_recharge
7b4da7e40ae7f9ad2cc773e076fd3022,main_screen
9b5060283ba53532c21a07c70a36961a,card_recharge
03dffd7d1de6e35f68bafd9678b78548,statement
7ea709a50fbb998a8dab1b8b2f246ea2,chat
0f1f86c5445d1b31218dc3481371ab88,statement
25802bbdc6aa66970e7fa43ab5f3bf18,main_screen
e2e78686f4789d446094fb3d527532d4,main_screen
fd72c70f2ad0d6790f5b5c79e9b1e191,statement
9350e6cd2bfc0888e1c65efa20f78e1e,credit_info
daf568fd260ff341ee40130106c1cc44,mobile_recharge
9f5911b5b35e46a3e5de3c4c611a7301,main_screen
c382c1e54dd0cee7b125c950304347ab,main_screen
c2da7017d3c1b344c739ecfa5cec5591,phone_money_transfer
4647d305e4023ccf75b3772939ab1671,main_screen
e60daae307cd3f1033a37b8f5f7b1354,main_screen
c17d10cdd70a1215ff133471d7b8478c,credit_info
ce7331ce838d23155729d1718cc567b9,main_screen
6b1b8ca55efdd08f56709505530dd1d9,card_recharge
5665ea310eb81679e1d2e2eb2300ff81,main_screen
bebb63d329524da6b855960485af3bc9,main_screen
c658b5121d5069c92f73125a90740b65,credit_info
0b5a30e394d8a3039a14e448f836cd2e,main_screen
18f66921354bf0cdb7b27dc4ac7e6009,main_screen
20c9ee25805e8999494fb2e0bec460e1,phone_money_transfer
bcc4a8c61a00e6fb9bcc944acf8fba17,phone_money_transfer
99ce08bf5952961ffd17a80416b9a90a,main_screen
09fbdb5e87d6fc89194b15e51b56bd7d,main_screen
acf1dc34042d371f0b9e88e63d801c96,mobile_recharge
a64d9a01a4e045630adc1f798b541847,credit_info
c5ab03224a8f88419def13b1a7bf46b9,statement
ee5f1e4097b15247ad67b56bc3a61775,credit_info
dfca84f9ed187e6a30540107288ae706,main_screen
2ee1e7b1ac671cdb4fa81c34ed6d3447,statement
6dbf8111fa3c21b68ba51d1b923000c6,main_screen
ba539356c2b7e14ce86ea23f7ba89521,main_screen
9771434aac7620316070801fe16cb86a,card2card_transfer
48e7e50ad7fafcefa9bcf23e85ddd6be,main_screen
7ac932ac5fb53968beb6bfc00606de26,main_screen
9c0960188103d40a8ae01c78a527c9ec,main_screen
f44b3d9ab540f3da4d675a74acf6b40a,statement
e236031ba7224f27bb59e35c6300fdf1,statement
e10f66ea08b889ecc5dee6c7de960c78,card_recharge
6047f9c7ea353adb27ecab8b3efd403a,main_screen
70ce60cc4c91ce2a01b14d522a39a41b,statement
e0d184db1673f9428070fceceee34bb2,statement
2e6d6ba2bbf472b4d94b1b8eeb9e7d3a,main_screen
a1d428ea61ce605388c541528ce69ba1,main_screen
bfeeea1db73779e6de0737578e04e6fa,main_screen
6517638c3a1c89c0d7dd6da89924af74,main_screen
236094a1a6bd1c79dc37c79e4d99c1c7,chat
3b838d037efe42b792228e58f788f614,phone_money_transfer
4fc92d7252034ec34e82b99f9eeff65c,main_screen
83ce51102d466ed09a2119a858787c2b,card_recharge
f8a74039762cd7b14236321e3981ff59,credit_info
4faa2039cfcd1eabcf54279be8481df8,main_screen
19f639365a18d430af6625475ccb84da,credit_info
7c56ad86c2b70befa49bfdb8cea96b83,credit_info
345a47d73d570588f398d3978724ae07,main_screen
09f29763ceeb6beb40be1c5fd4c48683,invest
f461eb7a6aa1c27c217e2135f7f42dab,statement
9bf331177cce8f9974e5629bf1ccc1ea,main_screen
0b703509a85d7318400546582ce3be33,phone_money_transfer
79f4158eb9be6fa5e7605910198c24e5,main_screen
a41d1665875eb734ee6cb475eff586d1,main_screen
9449d12d95c8f12c8e97bba89e500735,chat
87ff2c7622fc97075a74e576a9167418,card_recharge
bad7363e171a96b0c96dbef819cbdc1b,main_screen
92c2cccef36a59d7cb40e6250bdfc497,statement
8d362ac21109c5047779fb5504b0fe4b,main_screen
4fe35ecd14cd0eb48433e82d74e977bf,main_screen
68dfadb91eb4fee4ad331df6bfefcd5b,credit_info
cd68837d545f3a1c9fbc73d3ca8608f7,statement
6d43cef3b3a34ae42e6f66a9dbf325ca,main_screen
9cbc44f9abcf4679df3449f399b7feaa,card2card_transfer
63858831800fa6be97e845464c23c654,credit_info
2cd42ed339b17ac5881912476b352269,main_screen
c923c818b59d3c9a2838c57ebe218c91,main_screen
2278c4228d0827403880591ba13c5a01,main_screen
45faa2848f52cf38e2173cb4633a307b,statement
80a73a7a3891ba0600c082acd0ca56cd,main_screen
ad4be9a983b9a42ea989b195f89cc835,main_screen
ce75e2ab1d71adcc1e8680d3b7723772,main_screen
5e71660861afd9e35f72e8e4fe621927,main_screen
09184d08c5c85c98e6433e827aef8b8e,statement
259fba1b6c586d9541c1a3642a79ecdf,statement
784fa3298a575fcff47c4fe908b48306,main_screen
b994f02f79848c4a142627a8cefa7aa7,mobile_recharge
03f17591446cf024b8b5b3cd6a494af0,card_recharge
52b143cb84b597f9ae9f8aaf604cedd2,main_screen
9fd2c8cd980be35a346e260ddf1a817c,statement
70f1cea68a53a5716683d0e3bea75638,main_screen
c7f08222e27456a2a693fb9651a8f573,card2card_transfer
7f382b420aef1d7752c891f816dd3fbd,main_screen
d6b12357d78483a300dcdab9d455615d,main_screen
4872f17e07cd003da28605bb8614dd2a,main_screen
d073d8401a264c7c807cd43c8485da79,statement
92b9cd918175633a14af51080c39d52e,mobile_recharge
1953f74a44a32cb19f28b4ce4841959f,main_screen
b0fd189726f512af474107c197b9a214,main_screen
837a8ca6b05ebe878d73f7a9a0ac3b1e,mobile_recharge
cf5bcdea40edc085cf65f11716bc028d,mobile_recharge
b7cda57fab606c45e94f34a631bb0283,statement
24372efa819a1bce0edc288726e72244,main_screen
e1236085ff23be0634ed3ba45ab140ad,credit_info
e249eddc23b188579cf7cf1746506eaf,main_screen
8018e051c57bd57a169599c68719a152,card_recharge
44a5174f41b68184fe196cd5ce2bfb41,own_transfer
23872e56f7b0000acd1491d84643f337,main_screen
a2cf2ebcc6b26054235c0dfeb29ac207,chat
f19544b3efde44d9593ba578d87e01d6,statement
7c77dfcea6331bc8c356f5a42ab10e9f,statement
6b405501cb92f769c6e77e40e497f9bb,card_recharge
53d4f79a5c523b56a3879c675807e0b7,invest
458f1336f8e43696f3853f9f96454b42,main_screen
ca2c3b2d4d8e3df9c2c42850cd6f386a,credit_info
f18800de0d6c50a0298d04a2d22d8797,main_screen
ca61cb5c653dc0ebb61cc631afef304c,statement
f6f405b08aa6f71ba55ee295a44d2de5,credit_info
2d6252528e46f5f549ebc3e4d694163b,main_screen
dcbf4a211d87c9e40d417ddeac20ae25,main_screen
e36e153dcaa9623b2ccef13207293fc6,statement
d794641ffa5ba869c1aa1926f3697633,statement
e71244ec8745f6c827cbcf7951bde579,main_screen
1b0eb2845a3fbbcfcbe9e593bcf8d215,main_screen
305e4fb41fabc26dd4c0ec0dd0ad55ea,main_screen
19cfa0a307e8b505e2ea1714cd99ae47,phone_money_transfer
216a84d47f396f26823e25bb86d58ce9,mobile_recharge
0031ed1d84cd6fad4379469c79f18cc1,statement
d248a2abeb7fdbff18f16dde7d699a5d,main_screen
59abef580d17ff6a3d04484772166deb,main_screen
85712ed1c86771bc13d71014e1349b32,main_screen
ce7f576d2b2a5884126f6a3d2f96ab73,statement
75a461984f4f5046c27217135d00d5ea,main_screen
4225dcdf909efbaf29149d591550c8a2,statement
6d7a3ce898acc5c5824b3070a9e474d9,statement
807457c47e3ae4a0bfe8257b5fa029c5,main_screen
cd786487c40beee1ee526cb0b7a2c606,card_recharge
476677756eeee5fefa4eb3b1943e191e,main_screen
1d5c1c740b67c535ecbbef15a88b5345,statement
25fd1f8ce113157d479bc22c75bd2847,card2card_transfer
a8ff6c2d5a446cd41bc297c3fe58eec0,credit_info
1dc98337284157a4aa30be39170890ad,main_screen
c9ee1754b1c0826bded34fa7c1040303,own_transfer
17e340432a93655b8ca713500fe10001,main_screen
d79134a7c86eb4d94531661b9e424708,main_screen
00117dbc9d97976b70eb155cda62a82a,statement
598e5725355cc2bc249e3bf9b8dfde25,main_screen
97517298242519d6374d90ccc7ea2073,main_screen
8f047d7c63d65776a5d65dfaff3be659,credit_info
4eca9d61bb28710b1d4176303282651d,main_screen
d95684243684e9a3600f6d045623fe1f,main_screen
d74125dca0121c2f8952dc63fa1a3e76,main_screen
4ca72b9a738ad7307b85e9e43a0742ff,chat
7af33c8ccffafcf150e8b9e9f407e48b,main_screen
6b0ddcf6b724aa8636ef15d2d310ca35,main_screen
d53e9d9a0e9cf6d668aa7fe819108a56,main_screen
3dc281e7ad8ceb72b95b42c3f25e1bc3,main_screen
51c309635637c39c9a979fdac6aadfa7,phone_money_transfer
055f83ac17accee8ff31f9d6529d60fe,main_screen
9c8854ceafcbe9eeaf458a710b907c0c,mobile_recharge
aee91d6ec90f9cf8f580e6717c454d9e,statement
0d499b8877365af1a4dddf5e36e39352,main_screen
3efb23e25e17b9f390eb171d1b3ea90e,credit_info
b74c8008c61dd1fbd007ced214a89153,card_recharge
b2e7e34f5a271de184e247cfa88dc2c7,main_screen
3d579ad85ef3b949c1cfda3fde85d6d7,main_screen
2fa90a3d14e5d41a79ee78a9502718dd,credit_info
e75b89e2b7e62e0d9db4d0bfedc4f555,main_screen
e0beddfdeda89de991de6dd119009a60,card_recharge
45a57d92f3b8de103175491ba0235436,card2card_transfer
f4af9935aecac2c0ddc1f2a5801259e1,statement
dba7d152fad4c0effba1c70e6e101ab3,main_screen
f661ceed97c4c269d3d8aa178e203de3,card2card_transfer
cfd62b6d813edee64f1c200ae0dd3049,main_screen
e23f0939c199d0a0c34da2c8aa0fbc35,main_screen
8cccca71144adc6bf4280e234c9879dd,card2card_transfer
b1b71e41f52341d93ef7d6e7690184cc,main_screen
e8e3df51880a0686ffb2011216e9305f,main_screen
fe75d6b5cf25300e41a0034475e74f56,main_screen
42864953dca07a45a85ee753883c0660,mobile_recharge
4bda79b5ad8ce88210e0191c34393b01,credit_info
12fca20f93026f2e4a11b4f967c7d7bf,chat
8da9367658ddf410e1ec48b679b54519,main_screen
5cb8bf978796f78c7b831dedbee92242,main_screen
e76f785911fe8ef9ce34967b325eb66c,mobile_recharge
4e9ad4116b1d6a25c414205d54d2b757,credit_info
5e7a7f9a85f7b11609c9fe33cf7fac92,main_screen
2015d090b1d39dedd92a2b91052b39da,main_screen
8b2bfca50dc6b73774619cc50fd70f64,main_screen
26da9f13c7a4137f857bd15db6a0075d,main_screen
4a913ef122a7e6ba1432014981e5f1a6,main_screen
55add8aa57ee4807d0a4b904b8a9f677,statement
e5b08078941d2c4b698d9861650235d2,statement
8ad66b47da1f7e594b871879f7abedfa,main_screen
7d82efba59ab9799f32509cce6055526,main_screen
4c3a901c5eebf91f61673dc3ac8e3b06,main_screen
781d4113adf3ae27dfc3382693f7fee4,credit_info
9c85eb97598d958e7929637cedd4f0d2,main_screen
c61819efe7d9814075f9633b6c98bbf5,statement
80b48ea3177886505cf4ae64b0243304,statement
0634dd398b6015e92f42f891cb8c3fd4,credit_info
1dbacec984c6949818bea94ada21aa19,main_screen
ee23351e962981fa0c20e6179a13fa82,credit_info
7ab15a744d13d7c828b244b4b23159d6,main_screen
fa201d28ef2a88f4cf99331d14909638,main_screen
b7869aae54cfd880b88a273b65a53049,credit_info
6cc899090cec56d8393a57f4df2c53c8,own_transfer
3aa70d8be8dff4c460036d1f48a912ba,credit_info
5a88b9cc133317c8dc8359edc28f47a9,main_screen
67a72387ba0a0f3ab0ed47f2766e9ef3,main_screen
6801e808375c58b178817786b5992954,main_screen
71f94651a368942f3c71ec18c6cb825b,phone_money_transfer
39846675f1a0369bc15c27996c0eeb50,main_screen
d9cd3aad550acf9e2ddab3a8c49fbbc3,statement
4358b0188421c5f929527a3b5f52f7dc,chat
4b34b0de5275a14d7e5a1baa0ac961de,main_screen
33bacf9367b20084cad17019e5660c0f,credit_info
5476075f6af2400198c0307b8b8921af,credit_info
432d2b273c331f22a079d9ccb1f594d0,card_recharge
e1e43da955f6a24a4ddb6437ef56f891,credit_info
8b7fd6d1c13b7370d0359ef28f3b7c91,main_screen
5a313c180cc5b4d8e21c1344dedcdcf6,statement
92d42a7924bfb7faac317ab6b57ad94e,main_screen
b2715c0b3fcb3983c3c64d9b5677e338,phone_money_transfer
9939b7f153bba0aad8a67d49de4c3731,statement
aa2754e581053de3411bb647a30c49ba,main_screen
f02f3a4360e5e42a83303d314bd919ab,main_screen
c3fefd8ea7984a326e19e8734b17f7d4,card_recharge
4c70adb6b894a96db88d93bac56ae110,main_screen
f13190a20bc316e1ea4e9f8e12c723fd,main_screen
35bc11843f4b5d2f49225659f109b03b,phone_money_transfer
8c3065360f9fe346e56cb45bac73bded,main_screen
84165511a3199e3a322c9fbba6bb4b99,main_screen
695d49fb8a4edadbc23a0e4eefdc6111,main_screen
38e0ede890e797817181a446bcea52af,main_screen
754cc46c2fe9d1646fd50526a56987ac,chat
7bce5f7340f71ed52b19cf0ed4984477,card2card_transfer
1edf815c5af0dd0a8521c5e7b65500ab,main_screen
1bdb75de23a83f2bee7d18e08ab34a26,statement
f82ecc2b7d3e97a60f9f0fcfcc3414d6,phone_money_transfer
d9f1d35103c1be066472698fdce3cc0f,main_screen
3c728a0bab69ec9e1215add121477360,main_screen
25be94d200333262e38a17921c30d940,card2card_transfer
fdd3e0499a13e900ee0405bdac393a24,statement
0e4ab06316753acb92f9fdec25e2bb87,phone_money_transfer
44ce2202e10050dff908a17aafa37c89,own_transfer
61080ad23651d54faa911aefcdcf1b0d,chat
9700cd2d689ca517f224aacf893c8b97,main_screen
79c838e47e70acdc91720274f7bc566b,main_screen
d7820185afba7bf373c3c370ad92d47f,main_screen
cbe3f787948a64b479ac8de0c59fdc6f,credit_info
df3240fe18c59f3d23cdf5e7a98bd0a7,main_screen
67fc1fdb32662ac12445ac4109005cdd,main_screen
b477609cbc1eef45357ac732f04ac413,statement
42b8037a236ed20c6484637938b7292a,own_transfer
35de99d1254ac64727501126e2deec64,mobile_recharge
d75539647df56295ef4fa9c41e48b97d,credit_info
c6e7f9fede4c34623b11d4eaf3418162,credit_info
9a9e800121e36796e586017e3650bec9,credit_info
f3caafbcde538fb85b5a2f93088d59c8,main_screen
516b74bc465e14c4ac8830a839c2bdb9,card_recharge
26cd4f01ab9045fc441e5358e1b6522a,main_screen
813e9e673e47f0861148e334049c0317,statement
491d07766a9a3723075f2d142be5bf79,main_screen
950936b6b79bfcd425e922e08732d403,main_screen
9a3873054ac8f7f385ce362f16909ed3,main_screen
f64a74b8ed316ab5eea6d0ff7a8ac239,credit_info
f5c8932ef0154b7798358dca58b3fb13,main_screen
683abf1d5f5010c55ab89b2c8d5eb4af,card_recharge
151d517fb379b3bd1e2c7a11ba036aa0,main_screen
0ece24cd6731ce8b9571de0e280574db,main_screen
2025249c9fc306f100e72563360efcd2,own_transfer
0d2872d1a8374da9dcd459ec8b1feea5,card2card_transfer
13f5f38a0e4d6937b40ad55a454b2ab3,phone_money_transfer
e4fc5307bd4e77c3b33f46d174a425e1,main_screen
df77d79b9ef8be52b20bdaa898ab20a1,phone_money_transfer
f765a6d63c44d73b96920e9a66a2a7de,main_screen
7612f1c4483cd5995edc510eb7e8bf7a,statement
ef2c76b0e20c8e5380b3ecdbf3fc2560,phone_money_transfer
fe45c0cb52ea890cc8bdce8864cfeb38,main_screen
403d86638d99b6e338b0c4c4b5887071,phone_money_transfer
27de47e598babd5fc991b21d581aa93e,credit_info
0b2f0a68d495da4d8a1d4cc9983d40c5,main_screen
c25eda52cd3d3880a01303e903162e46,credit_info
20b2638ef15cdab724306a37936b3ecb,main_screen
a5c05d8b751c22ba47485689f77afa9d,main_screen
6d028c6b026e250de9e4616a884fda3c,card_recharge
0b32370f09f8b1bf9bf35c68b88f22e3,main_screen
cb83a5f1d09566609aecdb21d09abc14,chat
3574fde1372467b53b6affd58826ff27,credit_info
f63221b118888fa4a4338579b3305b75,credit_info
20cb123c0bd2c9bc9a49c198249edee0,main_screen
d0789ef46d1cb5fa6ec61c420399cea9,main_screen
aaafd58e703f07e34724d864a4f5c432,chat
886c90a81fd1117b14be5793a814026d,card2card_transfer
c1d6d48f5fd0cfc0526d316c024d424c,credit_info
6ce9e10f65de32f47371b13d310b00a4,own_transfer
119d6c1a311153edff510339c5cb7650,card_recharge
07fd7fd75a42ade62de79415c96973b7,statement
c12c90cd1ce83a32152e157e00be8c6e,own_transfer
f0ef7a35008040773416cb6b8360a4f3,main_screen
db9f8186d9b943d1bc91715af7d63b6c,mobile_recharge
13c7a6557db39c1cc52d7e0cd8c33a32,phone_money_transfer
fef4d07b427e8e7c054dfe8ff16c57a0,invest
34fe9f7cb7037a553fb19f8a082473ce,statement
7d0c76b4299d1d8a611ad200b2259f34,main_screen
ddf7e1937edc8e8c75b02984e934d991,chat
c52a69773dc6bee67bf0ada481470e91,own_transfer
2a03dcc1caea50cc429ece11bbd6a8bb,main_screen
a223b9d58a0d5909da69318832545147,statement
1e42cb9222fb747c8b556c4790d12bed,statement
0abeeed53806668f52def117e1be1899,statement
bd64c0a89882023a324061970118ba01,main_screen
5fd74904312cbe6d657f583f635b60ef,main_screen
cffe4b46221f403c04704aa02b80a551,credit_info
8657861fc4ebefc9bede10bea2a18a68,main_screen
a904d206ae6715d35609ad5d7ccae66d,credit_info
87de32e32f4ba85bd3c8a82bb0dd2456,statement
bb9c53a92d9db9771ce5b4365392fbd1,main_screen
2087a4df1ed3bc97173864338d245a7a,main_screen
f22c790b5dcf4389838983a945279494,phone_money_transfer
b98f2a8f437e0a953944852815492930,statement
5d35b82baf38760abcc34d667c542955,main_screen
4f0d2434bb2cfe410f93f498b1dc7a4e,main_screen
663e2e12f6e3f6ab11d6a0c96ecc0bc9,statement
e99c9bb53e6a7745241da2ae508228a7,main_screen
62fb3e67f7b19cb24b5b884ff9484ba9,main_screen
906892b83f1f4107c20c3ba2a5b2dfde,statement
be94478c03dc4e6358d181b2957699ea,own_transfer
94fb55f958ec402217ffa91db23f9c4c,card_recharge
4b82c85ebbf37002c49d6ca2c418a34e,statement
8f1bedfb373c90a0e45cd1af21ddd6d1,main_screen
4410daca9f27076583a2122065cff516,statement
92608d13013e15eeee8afb9f44b4af8f,statement
13cf200599040fd32426169db137c3a3,main_screen
64c55a150bba2b7b68d0948565e604c6,main_screen
27881d5a56bc729fdf96ef42773d3c39,main_screen
af3086c3733faded424c26a234e346a2,main_screen
dcba3b5954212806092c641ab47b4c33,main_screen
fab90d1751f130273771e396027bd518,chat
70a53ada27bf11048aa9846dbc1eb6c6,main_screen
e99a440f48b52683332ed77a37ea6c98,own_transfer
ccce9be10f9e5d8fc91a13c1ca6188f5,main_screen
b6403fcae955a95098c3184c480cf527,main_screen
5ffe1b42f9db84a56680eb46f439bf5b,statement
40336f51e92ab3167cf2c9454f3fa33f,main_screen
9fe7cc2981e7fc65dc0971f14dd60913,main_screen
459b0481ef174007a58037714211b7d7,credit_info
d65c1bca70541158ae6f60b19e173679,statement
355be9efb87f4f5ac92027c0dcc33d11,main_screen
ee3c925cfc4a8ee718bffeb2d03924f0,own_transfer
9f6dc21c63b47fa396c91d5ba4096201,phone_money_transfer
10b59234f3c74771c4e830763b91108e,chat
98df6729d30d1a65d46cce6da0146912,main_screen
6febbd15c88c8bc1acb3f3c1063dd31c,main_screen
bd1765c811e18f07625b0c74afbc6639,main_screen
78da293418a449e08d623b16a56c4e41,main_screen
0c0d93669b7384ac7f910364649edc14,chat
7980ebfe208120255c95e47951e3ba53,main_screen
6f7c198f7534b03d71cf2597de77d482,credit_info
4c3354f34cfa81aac6a1b844726f9d3b,main_screen
b247cd688014d1bac1e92087041faeb6,phone_money_transfer
fe3d816799984080f31c8f8254042c86,main_screen
10500fe54b95053212b0e0b7d4488ee6,statement
cb18b017900a0455dfcb778992c39766,main_screen
5a493b6649b82fa89c0223720a98e34e,main_screen
ae772f8e27ab5ef8818c7ee1b9e97b61,invest
73b54d063f79356b065f06fc8f59b712,invest
355a924cafc2fd454eba4ae0eccdcf20,statement
2db25216a7953d1b7c02b1b93b6b5616,mobile_recharge
8b15708a6ee253142dedcf1291a3b3a8,chat
7a2e3526471c8299a672e0e11ca04000,main_screen
cc1b1bb0bf2c1e13e67c00209f16bb0d,card_recharge
277e996e40f1f16891031ee7b4fb77f0,main_screen
aba6d8ed52dc35edd769634079de70e7,statement
60195c6fe8b42ef3eca8ef5810d09f1a,main_screen
801ca2234b8d85f60edffab5e361c969,statement
7720ba38e151a6802a48ce7cd56fc585,statement
3c881678515225dad7349a5e819b13e8,main_screen
3c9120779acf1edee85a08f4e68d46cc,main_screen
9352e2c1831f11510752db81ad34f8c6,main_screen
a144d697267f11b4d120d07edcfd0c30,statement
2422da722fe8453f04147e1f1162cae8,own_transfer
c5df532ee1c4fe5c884ad5cd8f0c9073,main_screen
a45c2f97330aff4bd450d2537cde9534,statement
39963b6b8cf2716116e0d2e357792b51,credit_info
6730230987c6d9adcdc772c90b3380c8,main_screen
66eb8f2f3a25318a0e6eb843c99943f7,main_screen
6f09b3940b255bc9dd8b543d36913176,own_transfer
5d504211a84ac104e8be7ad249d0a15d,main_screen
6929ff207d82e1a9f9205ef28ce698a8,main_screen
831887bf7e4f86ce0fe8ab538ba09311,card2card_transfer
d8b568703c854d1f98883e3494f3f2ef,main_screen
4b72a18e0c5294670117fb11699270c6,card_recharge
c958fca03dc6b53f91a1c848eaba73e2,own_transfer
ca81c87d21e5040bc4adba4cc4da6a91,main_screen
f0e01bd923bf455c8738179fab8745f6,credit_info
6cb29490f825b00091eb2d0ff7ef3321,main_screen
4299be918a4ff60b37a1b934ced89925,credit_info
427b859256852403a6b84b66469f7a20,own_transfer
cfa18a759190266244729887eeae9bdf,credit_info
667fd548f4364b77d454c621049c4158,main_screen
cff868174422fa2a701d9613555f8b5c,mobile_recharge
455f0032cabc0a1f7fbd11753ff7bda3,main_screen
c96190c0d6231a9c58d6f718269b40e7,credit_info
01e07a9f6a921ddb47bb1bf4106a7594,mobile_recharge
ddd2d4adaa68d36cad5064d29a151c06,statement
4ff4da7b1c38fae5d02129dc160b9cac,main_screen
e5feafcc8444703f5934bd410f83a984,mobile_recharge
56bde7b055049985678921601e3b2ae6,own_transfer
e6a07f91e914184ddafb44cb77b5a377,main_screen
1e57978d597cd52028aad5295edae1e9,credit_info
583a24de6b5efc5c8166951f42156642,statement
7f6ad7fb255ad68ba52f7cb039987012,main_screen
6f8d3207ef49812395a8b2ed79d9c4dd,main_screen
c3405a0fca944004aa212611173c2353,credit_info
5afaf853a51ee5fe15bcd44454eedc0b,main_screen
633b9e3f014d5f7dd7c112bb1e6a969d,main_screen
d88d1281d8fa79b7b30887a1fe4a7b60,main_screen
99e1c0dbe72300aa559e6738f505636f,main_screen
e352e1aa0d63ed930046c83803b9c43e,main_screen
a7d1beef73e72bfc3c6531f55360cd34,main_screen
b86a1cb7098c76667f2f8448a7665cb7,statement
589a7797cd21e04250128a8f578463eb,own_transfer
c6b9dd0929b48528d29ef351c4115c6b,credit_info
104c6869b4962bb61923baa8c5aebbdf,main_screen
2072d703e78f2bae9431cd3bafeaf241,statement
0b55028a2911bf3d0c45f07ac7edf3c2,main_screen
663c15fc313c078cb8ea2d7f35489db7,main_screen
7b4158a99c5692492fdd71b59062cc00,main_screen
de6eba2dc68493afb38102b2fc46d918,main_screen
450cb4c8ff239cb2ffb4b22887ff4383,main_screen
454ac6706d381f8d34c19782bf38a855,mobile_recharge
3bc86e9723b34c77d397b6965dc55f76,card_recharge
e37410d4caea17b37bf7d935be8f332f,own_transfer
7a8ba3e8af23a1195cdc4acc52386c62,card2card_transfer
e2040a98d1ff01b1f33b06214f677327,main_screen
536193c68f4a54303b53c648d860635e,main_screen
c3446ce9a3e0ee22d70676bf9e26ef59,main_screen
a7034134d9762603b909d1758e419ee8,main_screen
33920edb4511a9f7d6b25581b5c226ed,main_screen
da85cf1065da0027593c3686836563f8,credit_info
30aefde96df8765a7ccc82bdd64df5ab,own_transfer
9fce90020987344a4c11d5649203bc82,credit_info
7aa40f35612d68c5120a925682a27059,main_screen
8ab1afaaa4d0bc1b2a30efe9e3f62f67,main_screen
499444429524d4ead2f6ed5d92765cfb,main_screen
17c6f6c571ace78afd5c438b62ca3d70,main_screen
9453cbb1c701b8ebf1cfa485cbeb1fda,card2card_transfer
49c64c3e8e6704d4920414571780cd91,credit_info
f3224073cbfcad64a06e6127e79ded67,main_screen
2ba99d28731124223f7b6eb193211f4f,main_screen
a88f31accd06adebe9ed57e344ab0a4f,credit_info
0b2669e564211043b09ac94f15a21fbb,main_screen
5d82e609de9e765784c41fc39f866a9b,own_transfer
4d58a767931674567a7b725ec594c22e,main_screen
bb98a8c9dcd2cef73ccd18d10c935991,credit_info
72aacc7aa55e6eb4e426d08a5b371408,main_screen
b8cbffaf20a4b97bd5fdde84071727b8,main_screen
788e92d772b629308b5c3ecf93682beb,card_recharge
c248e693d8b8b18fa34895944ca6fd96,credit_info
41509b28c0ba651c75174655eca31a72,main_screen
1792f9a7e87e3ac3298a45ec1d13a0e0,own_transfer
e07fae48766cec99e32487f84b96083a,main_screen
e4d1250e1252b7fe9264c4116667bdb7,own_transfer
8a3e8d9f82fa31a327ad8a719719aec9,card_recharge
64e185ec57b96ef9ffe353c1fdf8553d,statement
1cce0c8c13450717adcda7e0889bad79,main_screen
9fb3cbff373f44e7d9d0f712ea48116e,main_screen
953ce5d323f6ddd015f1312ee627f193,main_screen
bffdf39defa948e4e8ce51cbf1e7e658,mobile_recharge
bf486ef19f7f9b3d3963dd83e1a08d9a,main_screen
4a0a6441417dbf1d8be7ebcdc5472d88,main_screen
2f7e8e7a7eff75c0891ae5440e5ab6cf,credit_info
8d1e51a07548942a38a80533fe613505,main_screen
7c4af88be7fe78ce4292672a2dbd430a,main_screen
20bad4e9c95e5d5bb5d885a8fca52e68,statement
6f6ae99c6d42050de14a2570fefc410e,phone_money_transfer
62de92d180a6ed29b3f4a3cd3a5f467d,main_screen
b3857dfb73b08aa7c80e8841b090bf67,main_screen
ac416d76c37fbc98c60d55d0818d1382,credit_info
bd7832a0a3fea178926e36eadfba4b1c,statement
2980c7e22c45660d931ae4ec063dc3fe,credit_info
9edaec02d0616e3ac1c4bbdab71166bb,card2card_transfer
ce0d31a875f751183221d78a9b2f8606,main_screen
749fea1171dd4ad923f359a28d39842c,main_screen
4d6e85246137776bc33e2cc6cda9be4c,main_screen
5621d79a7b6f696de2eabde87faf0ec7,main_screen
c60ec5fd6938aa91d5a46b7a216a9d4c,mobile_recharge
dc0556190306a41cd53523ca4f155287,card_recharge
165a75bd70d7a1664bc4591c46df0fa8,statement
16dee1edd4475c47580d2eb9e605947a,main_screen
b51b42c26391d58123b266ff5e8ac9d5,main_screen
ff54392ff89e1fd9015e7f72e6dc70ca,main_screen
ef611dc10eb3efb04d673dcc71274763,main_screen
ef6880598cfc100eabe512d4fbacf2cb,main_screen
7310a89af8680365d1ee2d9456d36cd9,main_screen
69ec2ad4ddc2d9940e530f0bee79e9b6,mobile_recharge
b0260203fcfa50f57dc3e639ff9381d6,credit_info
3f6c4ca09774a8c5c31e4783bc0c7886,chat
0ab04b34b6531ef2a354024a7feb5e2e,main_screen
3be96ddc08cc66bd371fc45a22050ca1,main_screen
a98f2b8f33848b3a26637eac279c1ce4,card_recharge
54be7edd75ccda2d85fc9269316d533f,main_screen
dfa763af7de090675fe9b95f12b6d2d3,credit_info
c90201f954ecd2f7b0c53671e16652aa,main_screen
b30f2966d74fa42eee410fecafe9cd10,main_screen
606566779a48e33e3a8bd5509c37d42d,main_screen
2d38ef33d8aa23c6d696cf2002e593f5,main_screen
27d98fba4bf260fe939c4b864d00c338,card_recharge
08eb02be1787910bf60442133ccb9911,card2card_transfer
81ab625137705920ace9e7be5c43f366,main_screen
9bc78fbf7b40ec859ab982ff2ce424f4,main_screen
d41431f86db036d968bba00b3607eb8c,main_screen
1920997faa55022464d1e01627aed94f,main_screen
a6f13f44875bc0bb4469a8cd6adf28aa,mobile_recharge
bdadbee9f11df6c583ea3f7378cbf402,main_screen
8909b2e35297c3c871450a95dfed2114,main_screen
63bb0454af6398075d728295bda4a520,main_screen
af786fe014da2e2a884626e204e25fba,main_screen
eb89075b30d6418774836458671ac836,main_screen
1bcd2e458dddfd18bc414c271343688a,credit_info
d1e7ace5d227de7805fe8fa11bd8dc94,statement
9cb69e82dedebc01ff8a7392ab1c67dd,credit_info
b22f08f16398949062076d72ddd70ec9,main_screen
8231a80e015e3b0fc912e554b7017dd8,main_screen
3b8bcb138fcd4f61409840432f72fbe1,main_screen
81dca465ae1ad446f362e0df986088cb,main_screen
2ee3d217337dfd2cf99626cccceb11d3,own_transfer
14b0b7aefa8cea6de7695e20b7c4ea2c,credit_info
7d22e07f38028088f1754ac4765112ca,own_transfer
4db03557c0fc74bedfea05384a38c145,main_screen
cf828b0a09f2fec490f304ee1201e02a,main_screen
1bb384ac81ce4acabf7145847fdef571,mobile_recharge
7e34b080fe5f4e6cbdd3e1079087eefa,main_screen
002d464cb3f60f32c5e3b9ac5483b55a,chat
cb3996164ece289789cf32b40da5585c,main_screen
e467fbc197720b4fb5da50ea06d5d7c9,phone_money_transfer
1bd613d054389826aad2d5da03d50bac,credit_info
73eb3ce750621ebd9609a3022de80291,main_screen
1daa8bf420050727fb8eb859f6c25217,main_screen
7963054f6f06628655adc43b4e323f91,own_transfer
15aa4ff322399d78d3b78a62e849f4be,statement
4f981f3fcf531a202f9edd1bca3f8a13,statement
21a354e366cf77eb43a7041b2f8de8fd,card_recharge
06efbd82bf19a2a288af11272c566025,main_screen
1876660265851dba330c61510033db0a,phone_money_transfer
a5b806ae90970b8d23e76ae2d04eccc3,main_screen
8f61d3a22c968bdb7dc22d64cd1df485,credit_info
d2de830897389ead9b2ad71535fd48e5,main_screen
37bbac7dfcf6f8d2e76653377f70188c,main_screen
581206fb7915e630461642d25e1fd43b,main_screen
c36b379e2c75625c48229e068707bf3a,main_screen
28628cedf8f5ea001b4eae1485e414da,main_screen
f9678e2b15868c587ff145cbc75c038e,main_screen
53385b723c273b0168eb2988a0e85b0a,main_screen
d29f2786c591d4b735bf9a0780bee6d9,main_screen
55fabcce2d29942e153b389dcd45ce05,card2card_transfer
7595a1a6a6ce2421cea63b9a27fd55c5,main_screen
74d04dde55ff9fe036ba2736d7da9ab2,own_transfer
d7e031c2d548ef6848062c951c365703,statement
39557afe77fe24586a6e9d713f46a7be,main_screen
970edc08ddfebab35bdda35e7377415f,main_screen
8ece028a9440e73d8037c4bfe40bed12,main_screen
04ef5ef19773709dc2593cb1c0a48227,main_screen
2068fe06a2b7a0f9b4b1646a365f600c,credit_info
0c99f7e3131b475875240fd13c88e73c,main_screen
38399ae51d5d626c6602b374695b3ef0,statement
a8ff7d511e53b8abb4c11d2faf64a4db,main_screen
10775b8d50f2db011f86a2259be4f19c,main_screen
094c607e69061a35585a579f0392d8af,main_screen
be1e747656fbb47aef94e4b7d2b9894a,main_screen
ac743ba5854f237327543190e200c2af,main_screen
c018e88c2ea86460ec1fa306160a0060,statement
f5914ed3b9693c826d5758068a288290,main_screen
0b08b7ed50f002fb11b3e17f07e91712,card2card_transfer
6b9477ce70853ad65c16586eec9d3122,mobile_recharge
1aa49cd4e0a78f6f3807bb8f7355e0a4,card_recharge
9e7da10b075cb3a039d3b1914324faed,main_screen
8e0f50f3df536f7629de9d5c872a4460,main_screen
50c84f1c50a1d187ddb80dc0e92cf082,main_screen
6e42794a95297de7f9a32ac07c65a999,card2card_transfer
18493c7f25728ae810a4abe48c18a3a4,main_screen
3baee92341e7362b1f27d9556e3bfa94,statement
56cc5e0e9d2df8f2360e215329e2506e,chat
c0e17571df275486b812ad90bfafec61,credit_info
f4ee9844f99d496511cfa1ff86ae0122,main_screen
ff48108b80c7bc3cac8cd2b04d40409c,statement
064c7f4e1fb330a225091132c9c2514b,main_screen
fb2a828cc4815668da3a2545e7ff643d,credit_info
86a1522a458582fea3d7818d3e76e141,main_screen
3b45964841ec52f4fb61e4104de11a04,main_screen
7eec2ce4b3a7b8b1aaba420b72196e57,main_screen
f78cf59fe61595448a88c841260af479,main_screen
cbc8d3eff13274d5ee5eda35f504a63a,statement
735b3f5bd23e654db43104827d7f4a1b,chat
5b2bcd7fc3b90514b103c30c8a907633,main_screen
7221c24f01352adfe2a346e4f484cc95,mobile_recharge
33d0a41059e2a0c446b3b7d94b3508e9,credit_info
d9630440319a5a140a964d966d47f801,main_screen
85762825a4afe8bdefacffeaf784f825,main_screen
508dcae312e81840c197beacaacb5fd6,main_screen
a8d7d5aafb6aeba7c7a9291e3fdcc212,main_screen
a1e181e897f8674f1f1685b19aa42df5,own_transfer
b79ce6c58ed6d5e4308b3a43a399f2e7,main_screen
a37408d31e269a64048ae8698b2fe742,main_screen
7f5e071401d2dec548007403c7352477,credit_info
cff460961d97f99da1a0302989f8c4fd,statement
ddd5db32e41c38adedd65eb64dd4a75e,main_screen
12aaedaee71314d251811f9118a2e436,main_screen
6b15ff8192de29cb8e3e86892e1e3d16,main_screen
93f482ba3da18aae1b9ef4a2170e4c6d,statement
eea5b17268e985e36c579552dbd101b2,own_transfer
d27eb009face32a29a9c7bb54bbaf3a1,main_screen
b8dcebab4eb921e4a112f6bef3d95ffa,main_screen
025453a90007906149b7c9899f3c8c39,main_screen
d3db48c2145f03f19dfa13844811a2e6,main_screen
5b5e2fdd193b041ec2f4e2d4be3aa932,card_recharge
c5257d12af66750e10fdcc91fd803c71,main_screen
39199d050fafee2ed6c754f88b95141e,card_recharge
a5c93ce2f40e84c4d62ff30b90eb98c1,main_screen
51c9036cc1323a1db88247efd13a4759,main_screen
2e60930ecacefe749b91cc442be8ab90,credit_info
75e598a47f95e32f351d726400c18c2c,card2card_transfer
c70350e2f8a82bfe3496ffe0d0b389fa,mobile_recharge
040ce78bb2fbaf9fffa6e47032497463,main_screen
216af511da703cf3a778be307b3c5c6c,main_screen
7e5660cc90775a0ea15956b05339270e,main_screen
5c043b94a6e342846627351ce20571b8,credit_info
cf6fdb7e1a9c82b56a0a75e2c6d79339,credit_info
90b7f496a364069c1be456ae763dfc33,main_screen
1a5132b0619897cd8d3592ae406f2e12,credit_info
c03b37f8532ced2e235d1f79216fd5f7,main_screen
3347213280ebf350388fce3bfcbca0c7,main_screen
2be24fdedf46f54af1ab7f52b6ff7f0f,credit_info
12919010aab9724971224c29a8ece2de,card2card_transfer
71052d8fd90683a8449cb41cb8417c2a,card_recharge
6341762de34c1a018388040817b16eb6,main_screen
b47836e524707ce737649b2f9c9c56c0,statement
3e0ec6f8d379c162ff2efb589c637af6,main_screen
aa1a7c6e920824b8ec2fde3329fe8edf,main_screen
27d8c7ce7f90439b48c1c612739ba095,phone_money_transfer
8f57ff94532ca389f4d1a6c740ad3e06,credit_info
30df62d868a4c4662cc7cd447fa4bc8b,main_screen
1b0bacbd4f90bcec1e3ef45244df06db,main_screen
e89001444f057f703064e3a705d8199d,main_screen
206d237f15176c32e82ec0f62f88cc72,own_transfer
b6ac18aa849c1962076f9ba128efeabb,main_screen
814652d4c5f05d0c94df904d05252bd5,statement
c55a50a6bb73f7834446e205ba8c5768,main_screen
f2ec399e047e3577a187478259a3658e,main_screen
44957f3c88e13513fa16e4a6ef900873,main_screen
0e7ed2595c7b16bd3820a19b6305e573,credit_info
e7f738ae40a5992ef8bbcaebfbca7aea,credit_info
36059fafdf1845e44d67d67e3c718ac1,statement
c27ea55d4d4ad6338f70ea45d6eeddf6,main_screen
f9931c4c3793961d780ed40dc6a0eae1,main_screen
d6bb064631ec7802ffecfecdc622b2e2,credit_info
c6053f42547d86e84416f0a9929c9be3,main_screen
5913e3ecd2232b1bdb8e9dbad8c0609f,statement
c1e4c143ab1f2d819384e491fcc2b111,card_recharge
af1d74648d32c684403665920a007f2a,main_screen
305870b0afa623ef502a920cbd03b1bd,main_screen
6ee959c2506bea6bd9cec02c8b88beb2,main_screen
b423b686d02314d918261b7fd9639f53,phone_money_transfer
6c9207a12e40298ec4f5c5e269fa689b,main_screen
50a770434d9fdd521d5b4a734c9e3208,main_screen
364b0e6cf867c8fe0c2a96912909a683,card_recharge
29696674c66388ad75e491842e770a2c,own_transfer
920d6d94c1eee032fa88282e305a3816,main_screen
ef34aacb319bc047ffdbcbd41ab40a2c,main_screen
3de2615d4c268d384dbf5da4dba2909e,credit_info
5ed599541a32f7c055af5f878ec2b9af,phone_money_transfer
95b96764ebfaed9dee7e340887248f4d,chat
0ea6afc01c1a51c1af251b783b45549b,phone_money_transfer
9d5d52189ba72cdef428d9d0579dba9c,main_screen
75ee58dbb32b2055d5fa8559fd396805,credit_info
dce5707c3248900a27004c4b27ccff42,main_screen
483b930d4037194026725dd775c52da8,statement
4f6e8d9b12e8c0c4b07b58782de69437,main_screen
4a2cc08841d88a92a46591a77c9e64b4,credit_info
c932f5a92762adb95cf2ae9999c07354,credit_info
3a3b1ac1d3af4d22698e6e5fff2ddfe0,main_screen
af4bcb53667793b47db5c5c71356ba9d,main_screen
c04557b7a21be0a6a2966e12790ceef0,phone_money_transfer
e6bd33545025eab9672d8d77b0b45ff0,main_screen
36851c15aa8b05c4dfff7cb1cca8eebe,statement
8468b82e3e4b3c8a7567c7dd009dce4e,statement
8a9f33458fe433075db76f229b694187,mobile_recharge
650b2b87d12938cd4ca36bd948dc6e7b,main_screen
35a6e6b1cfa050da725924f4b771d757,main_screen
db40b826dc388969dc0928613e0f5e13,credit_info
3ce7b2fef5fdb61952df6399c74826bf,credit_info
c64651b9b3ce5c422e06430ad2239fef,main_screen
e08d912382a9df2139aa2f4c98626b84,statement
f9b8c71182d74b73f51f6293cb2a7653,own_transfer
2494b914bd8c2eac2fca6be7308708b9,main_screen
a1ebff5d838990fdf78ede66a59f3ff1,statement
b7687b660a210a699993d31a4bbae4d0,main_screen
d69d5461ec688e9d438a6e0a9f17caf1,statement
cdf63ce78bed22315dfdd825a2b0c966,main_screen
beb8b96d69a9db8dda32f57a507b876a,main_screen
09d810c9038b25da6d66b3b8dd48ae31,main_screen
e17a88a65bca752fbb13c2418ba09d18,statement
4053cfce133387f05457d167f375f2d1,statement
f064c4b9270125ec520cba5ad0481aa3,main_screen
0149f821e4eec23539eb1d9474b5d98c,main_screen
90f576cdd9904becdd83417547ca1f8c,main_screen
ddf7f04092a50aa13e156c819ac664e6,main_screen
dc55dde643eb5fcafce29a9f5f5e58d0,chat
9b71a01affe93844c3a64764ce5ec016,main_screen
74d7b2965b7a3487f011da361cdce32f,credit_info
e5bda323aa86e6574ce74fe56a693ed7,credit_info
944ecb4d81fe8b474cd01e0134d17e90,main_screen
cde842227aec9423c4ce30c054451a7d,main_screen
810069ab37edb8efb72851534635bf79,main_screen
96b25c413165bf514dfff03058e0c32f,credit_info
f7cfab906c8400eb52e02235b3979383,card_recharge
66accc6ff3d3e15ed54cef717bf8e021,main_screen
24e89bf34974142ea42b6345ea756ceb,statement
186e63b4e75f7159dae7ebaae6523a1d,own_transfer
c2b074a2d2d70dafedba68ec3e8228fa,credit_info
bc8fd8bfd2c9c330d3e5c27651563cc3,main_screen
06b7f421acf111b2029689987c5da471,main_screen
cb5b28da8265a43391373fd3f99d2081,main_screen
3a60879d7a59d01e08ed9b2f9e04ecda,credit_info
ce90930f088874d64b858c1ad0f47b84,mobile_recharge
a495996c9db3a6d8c904e31ccaf454a8,own_transfer
49e18e16ffc1d4acbfda3a77380de073,main_screen
82c424cecd30642904777270c1cf13be,chat
325f1c7aae1ccb2ed7008bcf2d81a697,main_screen
b0a75d23477efaa0ece62534eb7ab315,credit_info
2b19ac94787bdee34fad61228804089c,main_screen
b2027a480dbc8fc1e8415f3ac9342634,main_screen
b1a420a0e5f2e1c57e938194e9c58d65,main_screen
08eb869f7d2390f855df58cc47c89b78,statement
23324336121588eee97b8b0ee0af716e,main_screen
126fd67f677958232556df6f5a312a80,main_screen
c6551d6d317c726a9792472783d52b8d,credit_info
6dd6a5f11087f5c234b003d4061c3cd8,card2card_transfer
31e3260d3e013a1fd8167d1c50680e16,main_screen
324e9f0ca236b1eedfcf4be5acd6300f,own_transfer
f77e930aa1f5f3aaad54df1a702682d4,main_screen
c684c2b3e474b2c80ba0e73e6466f0ff,main_screen
26e0f160d7990ff4b7d34aa966d90f62,credit_info
e9615ca7f654bd0ad0c6e7729f6e4a7f,chat
58d4c23422459b1ee69b777bc9291e59,main_screen
154fe2ddc79fb49a8128fba4b1c02586,main_screen
4fdbc310b749ea20c3c136490077608a,statement
640c42885e6e459d3ffac945e019bc2d,statement
945d2969f9f531e1b9912f010bf3ddc1,main_screen
8eae9381a281fba6698826016794a270,main_screen
c4296761b48e307152e566f52c1572fd,main_screen
ae22fe203e975af0f3beb752d4d2f100,main_screen
ac90ea8c9398e35b4b66b4bd64ca1f49,main_screen
86ea160858dcedd9387e0204143d6e55,statement
32886aba6f4cf19ea20e97091442f0bd,main_screen
2921933022e7a778e105ee94fc98ac08,main_screen
26363941c5639a0d95febcac850cdcf5,main_screen
284454e3584290725f8766c14d9dba1e,mobile_recharge
738b382d7c3dde3a769de8d44b938eb8,credit_info
7b42eb2862d0431fdad7873b0c83fe15,statement
bcab705f66c6ffb45465ee7c76bac1f8,statement
a5ef6cf3d5f8bbb51f38dd1277710b67,credit_info
918bc7009942cfb1314446e5468351b9,mobile_recharge
618607061adb6cde982006342294b716,main_screen
71f5591868de4b9e71eef356cb853721,main_screen
45e499446e4e58f77bab517a70eba4e7,main_screen
7775b65cf1988b09fedeffe92d08947d,main_screen
3c385529f004937649878ca549a94460,main_screen
26a8ed9f6c316c864092b6f66e129e69,chat
5f47baa5a54d6b029eaeb58382f0ad00,statement
356e4fe8bf1a8721ea85f7234ac38c64,statement
45928a77ccf09a4ee7e7822640bd9f81,main_screen
651927c85035066995b3aaacb723b4cb,own_transfer
76837ffde049f6486546cc2fd1fc6b62,main_screen
cccfd19891011dcd9dd01218b3e3e2f2,credit_info
272e3574dc8fca2bb210ef36861e2076,main_screen
011133cb3c995ae5b92cfb2ad875896e,credit_info
498fb1070788d1c0c0450f93a306ccbc,statement
703382fdace1be42845105f54d6050ca,credit_info
5a1dee407a717b0946d314543f7e05d6,main_screen
dbc47a7bc4a968f7aaf5e18a79e2cf17,main_screen
25025891116b12437f14b38f90a03afa,main_screen
6a82eb179fb566998447e4c1560cbd56,credit_info
32f58e14ad04a60785e4c844d8f2a4b9,chat
961ddd235f41bf6b268ac68aaf354179,main_screen
35d789561ae27eaeaa278bc326d37389,main_screen
4347354c4328f1eb9ac8c135498237f7,statement
bdeb983809ec7edbec7099bc4cfe9817,own_transfer
2e3a10c959a7f41cd5026ce1632e6735,main_screen
46e71b8dc11788fab8f551d9d85f7896,statement
b6d279cdb23dfdb5b3b8cf0509a2a7ce,credit_info
3200d16bb77215c4720f592ce75e6af2,main_screen
c43b97231c6e4be14888012ff7248ded,credit_info
6c53646f57bbc294049688fe42fbec65,statement
d81a05f3e44935bbb34b5f5a07dc3f4d,main_screen
d3f1f128960ad81f9d8a4412ce60eb48,main_screen
29d3b87e7a9ead75ec3ac8a7c72c769b,statement
125ba03a378935f2bcf4202b35e8f99c,main_screen
ca5fce15c3baf5d13e8c4e5b99193b53,main_screen
eb7f73a5f22af3f1f4192051f38027f5,main_screen
d12a648942127790afb31fe9b969ead9,main_screen
a78d865f62d6c48a544703820548e93e,main_screen
ff0939413a68e01f8ff78c462bafc8d9,main_screen
eb787b3b3df52fec801232b3f08fb76b,mobile_recharge
a3bb053fe4595e61e044d10924c788ff,credit_info
6caf5c14b26a4b6f2f9f548d0d28fc72,main_screen
2f498e7be88d66408ed8246215f17300,main_screen
2078aca661b5e72201e98dfed3e58b70,main_screen
b7fee90443d27e963cf1d0d90af5a4bb,main_screen
7c410ea135dc3a202c5aacee1039fc4f,main_screen
a011b46e61a3ea983981923e744fbb54,own_transfer
16eef1b5fe9c5a768b060bb7d7aa2bb6,chat
eaec478844a0fcf63658e2c5751bda1d,statement
f320272a8a18757c533bd2ae54837e35,phone_money_transfer
6bc9e560ce1fa0d8985b1d1559bddd81,card_recharge
266339cce11ea2cdd0179ebb7b824513,main_screen
f79628a467d4ee0161488d8b52771e55,statement
204f67f0e8eb55260aaf548555f8e111,chat
99b8726acd5fbdec4e3b8a7799fe6542,main_screen
17d4d5ddb682e45e87e66f2ee49a40f7,main_screen
9f16e87cf53a17de1ffa793faa2aaecf,main_screen
64df3c66c5082f4dad8194a64d31ac3b,card_recharge
af2bb3d6e90562c473647d9c725b4519,statement
2fb18077dc7592735d2dc243949caeb2,statement
b53da6a862a0c6c7a92953a9b9dd0c0b,main_screen
88f1eb29e04f28deddb9d861ecd228fe,card_recharge
223e4b87c41332ccee205681ac4de639,credit_info
0437cdaed62540ddf9c1bee26f5697dc,own_transfer
3fd4ac0776ef9d514cd0a6580d5ffe38,credit_info
db479abae83dae6dbc1cf7c3c1f82851,main_screen
883b147b8911b9c3697754962b97537b,statement
d3f899563e8e46800d45dbf6215fec40,main_screen
0f44ed4dcc022e936b88acc2314d8721,credit_info
1c91683e6edb6c573c88768bb2004ebf,credit_info
8c4edbe323a4deff0406d5fb66362335,main_screen
490b32aa6f203a71d35332fa1cc82f9b,credit_info
fff30d1bfe3fb7f1e676b825a8ecc5d4,main_screen
071a8c7553ec7bfbf1299b42b2e5c78a,main_screen
d57112dc6451b0e4880a8a883b14e2ca,statement
bfe401cfe4d334e62855283cd04875a5,statement
e40d57bf6feb40e20d25d37036d003b3,chat
b5ba02f72c7c54a7d9b0fa590ab65c8d,own_transfer
b747815ccf7c9d353d7cccbe64456db8,own_transfer
9aeb67d7922de542e9df9ff7b4111d62,main_screen
22521619a891ddaf1213f4748e15e26a,credit_info
5acf782b9f7ce65e00fd8aa179add02d,statement
5b4eaa9fd3bb5490bb0826a07bb1d1de,chat
fdbc7cb0c6d486753d193f01656bb21c,main_screen
af6d8237d9169e0f38ec7a8cf868771a,main_screen
2fd83f6da1d0460e7fd48543a261e8b4,main_screen
4d20dd0e425e6c3ce165b12802f2efb8,main_screen
23e7f63cfbeac7f13c2df10ac49aa42f,main_screen
0d1ca4262eeb3f6a7588b7e36b979dc7,main_screen
f36310bf781b2b4210bf4aa654bea45c,main_screen
23f0b360057b8b597596aef59d629f0c,main_screen
bb8328442423fc34018e74803306db40,main_screen
4b66323baef53802ba646764e7c463dd,main_screen
dbd398e189427c614d9e704ac9bad1db,own_transfer
f8d58509ff7afef459e92f3d8dcc1e17,main_screen
379d67f7dbc9cbe9dc2eb17c923c9736,own_transfer
8a5f2248526ef21498d4f98e7a1ea2a7,main_screen
049d02850205abdef034f469e3bb274d,card2card_transfer
09304ac654b59772d76d57a6048efe62,phone_money_transfer
4308f28da9ece6408d48cc5d76338ed7,credit_info
96999a9feed1037b8226b3b21358b3bd,main_screen
c8eadaf8388ff776c2ca8b3bb376880b,main_screen
5b0934f3a525cc4d2704ba5fe62b6e17,main_screen
774a5797cbe7f4b65265cc8ce379f4b2,credit_info
73d12f97a27ce8378549961f7a6d3c0a,main_screen
b63d4ebb27ffd8f760d43f2f2446808c,phone_money_transfer
0e8972e3bc3838b8d6006f11d7c0e525,statement
0545b0d1a0921e83f557dde829e9bd0c,card_recharge
0292442df68cbf052c8d5694c13e88ea,phone_money_transfer
131c689fd1f90d9af9f09a946fafe675,statement
bc9d96510fb19e2fe66d184ab6102694,main_screen
3d85af73273f8db211e4a94b5ee1d466,statement
31713a957ca4956dc74313266b8b555c,main_screen
efcada631a4f773393ce69b67ded1714,main_screen
467f881cd320c32f248b3b88a0614558,credit_info
0c1822314b8f69db7600e4ecad00aa73,main_screen
d67f16f33e3d39e526d271b577efaa9e,main_screen
98239dad160660b975f7b2ee46f5194d,chat
582de93d9764e50426d170ce240d9ab1,main_screen
91176bb09016e6b2116d3131220dd6ff,own_transfer
61784f8b47d76d32405b9622e1192fa2,main_screen
343bd2ab40501076429d65b2b14223ba,main_screen
0389e2deeca89c286ee40407d416116d,main_screen
80d1eff76674e377b3329ad03b84c0c9,statement
60c631169df0f70e9b5b855a1f5d8ff7,statement
8d217a482dd556364038327bd1278dcf,credit_info
35ee0ab2e0c9b248ad2ee860749e718c,main_screen
a79cba8a06108e6899fea8b77ec6f21e,main_screen
4ed5441c975560eada1537355242447c,card2card_transfer
05e0b1c69e483d6e0724ca6e9b780207,statement
4ed85c99b14fa79475e5795f3cd44839,main_screen
82d76ebd0de28904d23d5ffc9d34fae5,credit_info
aa0c2784b5d7b793ba93cd3f27fc09db,main_screen
b7ecb87c9161c4852708337c3ad7a8d1,main_screen
ba4f18a66fa97e0b4005a02da71d90fd,main_screen
a9be268b375559e1bbd323cebe78ab0c,credit_info
996c3d69c7b7193393533dd47469184e,credit_info
728073bba4e1439ff3ff8d5570efb3f1,own_transfer
355e832b402692e2c02dc0b8147ef81b,main_screen
6046ccacb8af9c327a65cc6f464bb92e,main_screen
6921d3cde397b52920001c9844f573cc,main_screen
ae9879bda7fb02c9326221a2e36e613f,statement
61b4415f24136a6c757cc72cca534f47,credit_info
863e9d13fe71c2710d7fbc3f2d0032ae,invest
22e9deac6594d08ea452c96316ca261e,main_screen
911b53e699336aa4986094de9d1f3398,main_screen
d730489ea4b32a8722dd2ad7cee09569,credit_info
91389ef1931b4546af5b62f6eb6a7a8d,main_screen
bfdfbee2edce6750c42bbc1f8b630345,main_screen
16322e8ae6b5346b4ef31b293353a97a,main_screen
c33dd62dfe9522bd5af47b3824a3f4f5,main_screen
6db4ea472173720066fc8cb405e40dc7,main_screen
4dab5f855051b410a1fc988babcb27e9,own_transfer
0b7ded7b48270a40385d9dec5f16690d,statement
f1015dc42563f540cecf0b24d8ee1645,credit_info
da19a16f7bbad8d8548471370d48e62f,main_screen
d1ef7c8a134e8646d2145c7f2246ede5,main_screen
3e53391cf7607a3e9e020b9d60cfa5cf,main_screen
9edb97a8ae3c8238fb742db0c0824995,main_screen
4a9502047b688982414a0e4a611181a8,main_screen
9c6561cd4e938284dd9a01e6eaac74ef,main_screen
31b77d147b04f9d16fd2f60851082dcb,statement
47c8c45e28c14f20548b7ee634eac01f,statement
1906d7b881792e268381df1e47c1c79c,own_transfer
395f636960d7abbd2c3c5efbf7aad5cb,statement
b6a2661ec64278763d9bc3cc42bb1546,main_screen
d0f2b1ff88976e90d7f482950bb8f947,chat
eac5e3135af7afe679f4d80348de8a16,main_screen
1371c5f75f34cba82fe9be5152fa0d07,main_screen
5eea3dc0edaba03055fd8c8516d18649,main_screen
a4c4ca6722ddf061b1191e2454483e2b,credit_info
f00372d5206c36c6b24c9d8cda612c71,card2card_transfer
bf27ded8b707783f2d56205d7808b6db,main_screen
b0b958992190b9d4f5a6ffe0cb72fe07,statement
4d83d7f3d3660207b8bcca6557090168,main_screen
f62b50c857e215f5d829206c68e08123,credit_info
8ad5ee9259fcde6636c03c7fc9694a4f,main_screen
33447d6227e3899ca8cc8d0d6bf47a20,main_screen
578174edf4a0f7df9c6d14df54315b70,card2card_transfer
80f495e73bcfdad3dad6ce9f6aad934c,credit_info
0ed36f2967eb764b1109ef2dd1a8d1ec,main_screen
cdf8f6aaa4f53b4112eb7e6aa52f0d21,main_screen
15fa966653ce2f7bb2e8e493132fbb97,credit_info
a77ec438034bd7b168e75feae76fa0fb,main_screen
af13f21bb0d6bf7fde178635d38f08a5,main_screen
2d2a68da886e9c29af683e91c69a0b34,card2card_transfer
e02a994821cd40f22edb415d3f7ad722,credit_info
a4a3edf551581725c702d0df48390fb3,invest
c0c2d94231d040977c9a5855d25f1207,chat
a046be128918efb40b310928f14e50ae,main_screen
a4d7c4ca8d97913e823e5a5b8915e406,main_screen
b63320f9945d02280db95491eb7b42d5,statement
b666f075daf17cc871eabd7bdbb40f61,card_recharge
115c435a1cd6500f4e9fc657a9bd4973,own_transfer
3279acb1a8d4fe61df955c2a45f76bf4,main_screen
05b9874dc7d0aa61288d1be84b6bb68f,main_screen
c686a9dc43e40adce59cc539c09e899f,own_transfer
d9f6319bc02b94fd11a1995c4f812aaa,main_screen
8b783ea3ceacc2f097a028a2a4e2f537,main_screen
2c420a092bad32a396befc0ac312cd59,statement
7805b76edc253c8244663208ca59aebc,main_screen
b962c95438ab1e364290b7868f9ee282,statement
4f87d87c609741b194323111f78a7f0a,statement
57a19002ed07895228700c394819ad86,main_screen
108daa1e5facd83a2ad64d63ecbef29a,credit_info
eb615d23a85f0bc04c91377618d84c25,statement
5016faf5d7937e5f35bdcc20675e7da6,main_screen
fdd8da2116b06dac85ebbf1be1ad1ef9,main_screen
70c9e8495ac1a7681d4467faa34db0ed,statement
7d3bb56261dbc7757698eb58c922298e,statement
a39c3b7dd740103c74ecd455ccb409a0,chat
aa8791160f038ba3fa8156fd06942d50,card_recharge
e8cf7c9312c82b59eaf00e105a4f3d36,main_screen
a9a35170413430216bc2cb3460961bcd,card2card_transfer
6bba42f538fd01e9c2b1ed3ed5da4881,main_screen
0ebea52f3a7845efe0c6be68aea88014,main_screen
8bd58c85309d7dda869616c6623a8954,main_screen
79392f12ccb22ed00354b51da72a611b,main_screen
c6f3e8173e6ca38874ec1bf39517ea46,own_transfer
c44e5ba66ac72dd566bf4d3a868f73cc,mobile_recharge
d4daf3a4dfe4a474411cf2cbd619ab46,statement
ef8df1c8f78cf0efa0827d3fa31da391,card_recharge
04673f1185a48913746bd0f669e1edb1,card_recharge
0c99689c2400f9990a0c55bce5bc13f9,main_screen
2668dc60dfdcb336ac9b117452a12b32,card2card_transfer
87a77a1b9ab435673982ff6d20b583d9,main_screen
0b16fe377309484e1b287630d56d2514,chat
a2d72d32f030fb5b89a9c3e83901aa46,main_screen
a6e0650127b8819f51a87457f6a66051,credit_info
5f55f2082586561486a900bc306e0568,main_screen
c94a74492a941588566f934fee02db93,chat
9c2c72a06ceba6361f6d1a56c4f473c1,statement
e3c80f03b4d2214822a30f3c74bd6cf6,statement
6038e865b6481e0ac57a1f18fde6bdfb,main_screen
97e31f9a3bdb586fb8468c1a96574902,mobile_recharge
9d31d76d1b092c262f7d147e3c11477d,main_screen
a861d1ea1ac23b7988adfb9679daab68,main_screen
2b910acd0d5b969a9e63ed40b520d1ce,statement
ff496bd7b8db7a4bc8c4e51ec00668d0,main_screen
e489b146ee268d6e7af34dfe4185b571,card2card_transfer
46a5748667e70fbc6311b1b00f06d173,main_screen
5413b429184637992237f175170e6c92,main_screen
9230c074b7bec28ffd0570ee2def9591,main_screen
659ac89a88a1622032ef6dcdc25504c4,statement
a031bb65afa87d2a707a0d49835f6521,credit_info
6c2463f851f45ab884623ed4c2bd4df8,main_screen
5b68010a318e48ce7a47daad3404fc7e,card_recharge
8af6a131ec51dbacf9b96cd9cf459708,credit_info
562164cce9b2848b67d0c9489200adcf,statement
afb0ef6e169a3f45c689fe90476e4749,main_screen
351904fe4e02ecf69408c205d0abe26c,card2card_transfer
0db0f61813e7749b6dcd20e83e4a9169,main_screen
e818ed56b5cda29f306f8d69917ef56f,main_screen
d9180810f4efdb982c68a077c26daa9a,phone_money_transfer
88e366a34269101cc488eda3c2b3f860,main_screen
d74d31f8bc990748bf93e5a8ad0c5294,main_screen
2794611a16f2154b8f3706e5caae2cf7,main_screen
c9de49c6f67cce6b49e507c2a47f4fa5,main_screen
8712508ee31d3e2ceb11760e4ac1f997,main_screen
026d560d3e97211fc5558f5d1aecb6b2,mobile_recharge
8c6b5f66a3cdeaa1794a3ea09b653d13,card2card_transfer
385c0f8469c0b9c1969f44141c7ce268,main_screen
e21b4f516c3e70b974e24efc1019b5e2,own_transfer
c8346a71705cbe8df128c1ac0d83358d,credit_info
746526f12a9357acf52a3270483504a9,main_screen
b88ae9201ae6300ed65b11540e9092bd,main_screen
b365961f7c476a84b350d0804994dc7c,chat
301bc9f46f779df00929ce688713efbb,main_screen
807338c9602fe08563d8abf88c9ef1d3,phone_money_transfer
8105b68d71f6b0eb366e4a5b438c3535,card2card_transfer
b9a81182f74bc73598a8100d944b8788,main_screen
a369d77e3d76f8ba44890bdf5f91caca,credit_info
3aeb51cc51947b58fe4f22f9364ca626,credit_info
361cd000e60be1cfa04ea2683a60e34a,statement
bda784703b768e31876a69aaa28f390e,credit_info
e6ab822dc46b1ffc3e99fd4606e82a15,main_screen
e293e73cd25cd3025ec389c55be4e1bd,main_screen
c29423f155744e73152c5524302cca72,main_screen
78b0e9ba0ce7f7e9356d18d39a53cd15,chat
1468ef5ba3c9d10c8122dbdaf6537110,main_screen
475ffaddf9d3a7eb53f5f1024b461757,main_screen
22fa19da9ec9db074207ef7aa6009823,credit_info
c1fdfb3a77ef41ba0c201c24955e4c6e,credit_info
1a8814877922f9d1c7087a090a35a7f9,main_screen
65974b2c3685ec2bfc2fdaed0d9117c4,main_screen
2b5289439454754ae87c6ccd3ab6a860,invest
3a9ef34e947f9f4accc04fb6fa08cb12,statement
aea53b6e05831212c355f47700e59b24,card_recharge
04ebd8dda2cfb9a6f8b1598606a7c212,statement
2fbd1c643f2ffa38132026554d2eb903,main_screen
520c4bd950481112aace790214cc4a4f,main_screen
46b0d6263b4e3f78a6a7e5110029a50d,main_screen
13a0dbad9d2916681e68b5872fdf2861,credit_info
b705f3f294b6e5079e24cd4d865eae57,main_screen
9758aea645be2c3d6b0a8608d96ee1cc,phone_money_transfer
eacb54ec144209528c4c39cafc425586,own_transfer
1b6335d8776768ca71c34642d716b84c,card2card_transfer
83160ddf6976336c4d2ca7b64b7e6b09,main_screen
2c6c513a93f2324d7f99637f9ab0d2e6,credit_info
57317e66d4c17bd5586584bc54c85b44,statement
87a193017977c194d83beea022d4f7df,statement
eb62f666aa27423f2098b41e9da42bb6,statement
bb966818870cb81e40c8eed40257b839,main_screen
6bd5881d6309d49103529e4b8e5fa214,main_screen
731c4cb852bb8b149e037a711c6d14c9,main_screen
fd2df2e61fb99cd7433df61bb612dae3,main_screen
675a571cb02e4ef6dcc5e9c99c96289c,main_screen
56d5f78ec7da09de9ac01edf49e2d7b6,main_screen
0452e0f1b3794c07bb7e620456c229b3,main_screen
b5107f1ad7129f9d2dfa984f8455f2dd,main_screen
b74b0f634f9351e792d1890f37dcee51,main_screen
5601321f48043bf4e6138883d5cb646c,main_screen
9f6982559b2bd062609fe863b4220750,credit_info
527b297efff7b848044208c997e3c96e,credit_info
2b3adbe4736b8e685504616c2b497fbd,credit_info
8e17feae37d616f451a122edeb6e4963,main_screen
f35012c79c9e3c7fc948741312fb00e2,main_screen
229894bfd47f3d687b337c1b7d9bd6cc,statement
18110a3c38aed6e89e44fdcc6016bce1,card2card_transfer
b9e6049bda807561a22c0f20da9bf0b5,main_screen
ca320f17b81f19e22a8d64e3999ff75d,phone_money_transfer
43076f36441fa4b5d17b942ab58db70e,main_screen
6d264d96923aa6fe6a48d04ebba0135c,card2card_transfer
2ad523c1544bcac05c18ad3cda734a50,credit_info
681658bab9388c535e9ced35ecbfaf6c,chat
de5a5a5e4585789c0865e752337568d2,main_screen
71af7e35c69f8f2b5c44ae98459c9720,mobile_recharge
7fcbfd782741d319e6aa89fbd164d83c,statement
42b52ba3dd9b46115ba7afb3c8c12e40,main_screen
256ce10a7bed435ffccfe80c6ec67660,main_screen
928594f531e3b6f46b59449bd77ca504,main_screen
013899d82d6efd80dbe451d5bbe53f70,main_screen
5dc9c9fa4c7e673a288b533874aa8c8a,credit_info
2e8304aa830563a24700738ca4d5a7b1,main_screen
6c4ff310590046bcf1f93c3f3ad5eb9e,credit_info
ebadd26040ef1311541212d872111fdc,main_screen
c837b8b98b75c8144cb97fd36e8fb27c,main_screen
7bc481940e618144d9b9d2db637bfbaf,main_screen
237e0ab852ba184db259eee849ab0070,main_screen
c21c73e816677c397a29835f7a5a1b9a,statement
57df9f9911471712c4e68cbba8b3106c,main_screen
34d697c8fa88fb3e75f2bf8ffa0b0816,main_screen
804e1714abe01f5fe8143f95a340f9d9,own_transfer
ce85288c8409ba631d5c4ef596e383a6,main_screen
98de38ddc8ee58ef84c5dea58ce03f33,main_screen
510f8f26a35c6c6ff0e976de5efbe6c1,chat
f7f5be27993059aa6a722b77625125fe,main_screen
b042b1c954b1f181c9d48741d2385c21,main_screen
a9463a784d5243c970335bcd6a3906b7,statement
3c60446f6444d224033b40c5c68853e8,main_screen
1daaf93b7ffb928ba081efa96164ed30,main_screen
36fd3ff6a04103b0743bdf0699082cec,card2card_transfer
5792e6f9f54770dda6082a993412298d,statement
c3d08f683584e818b39c763a24a9e7fa,main_screen
8c2287d295281c865ecbaef11bfe9b65,main_screen
4d3d515d2d321dccc0e804d2a867fdd4,main_screen
df2e13c4f26b69fc6925c6ee368b0d6d,main_screen
3a382d7850cb178f0e1ec572f5061fb0,main_screen
638398a548c89dbdcfc219f3bb741141,credit_info
7260e4f34b568d93b2e55624e27f3274,main_screen
32e7c0cf20e688fdd2b2456774d1da6c,main_screen
4e39b42adc75a41017bd808c902721ad,main_screen
c5083c4c801fcd5cbe26b5c8a2a502f8,main_screen
0d45aaf15120d035c5fcf29e9b60896a,main_screen
066fe05dbe90b5a53bf671a458b2faaf,credit_info
09b2384ff2af31f7ad5f58a5c7d8c4a6,statement
41a36c243ec03834ccf1d524ca602fe2,main_screen
5a5aa8e649c715dc9f0198de75e9690e,main_screen
ef3f6388f435fc77a876450422c28838,main_screen
1346a192020eea19803e0cf5dee8b510,main_screen
17792007ef7b7dc91e5e5d765a66e50b,chat
ae61ea41f46030977e502902252e620d,credit_info
cba1ca0e3f624709cc9ed71b5a212630,main_screen
359205815999d62d715665b86c46fe63,credit_info
8c8550cf2f307ce7be32cd7c643f5f17,credit_info
5ca15274533d069c7f9b7efa0ae4f447,mobile_recharge
b35b4506dd2b7cdac2876ca7344867da,own_transfer
719a3decacd8ccd8bcd2ef5f64c5d5fb,own_transfer
2b6f87d623511547ac7c83c611dcd62f,main_screen
5108985159704c055941e4097c308ee3,main_screen
d937627f01fa52545ad9fb11b544f9b7,main_screen
c6b91fd36ef0c6e09005d5b863e58d1a,main_screen
4ba0e048d9c7d552e4516627aaab8904,credit_info
780a4a713f04c0051e9d7d2d6f5ac8b9,main_screen
2a7aea17a5f38033fbe98b4c1d40cd62,card2card_transfer
d6f4bb13c7bea75f93d4be4777b9bfaa,credit_info
3fb31f0f5f467cf56df6cf477a8c1757,statement
4f27e58a4b680b79eed5638cefddc5b6,credit_info
3659538265812c136e8bab48d62cf06f,statement
034557ceff33fe93f1b936984006a718,credit_info
5460b082f6ce7dd46c9e7496736b0229,chat
f584515b02d08f1604a3edab47a53076,main_screen
ea46c5e708011c9e9ba467388d286489,statement
c726863d92de9fd9a3c15324f30dc1a2,statement
e9c8cbf5be414a8c4cbf00c052290b60,statement
39bd82af5515fce858477d977f9a0482,phone_money_transfer
49025c8b6d78e2ba4d45eb57767e4502,statement
071313d8dd1ff322c14bad4b8fd95bb4,main_screen
d58f28a2cadcff7928a9e6c64e2b3d79,main_screen
e10fefab2018ca961af432286ef3909f,main_screen
95105466dd67cf36a307fc4809448f92,main_screen
afeb7f2f7f01228d0cb357af4cce6561,chat
2b3294bd123589ef3e3b7e057af7656e,statement
9e2182ee30210c32c435c07fcaccf71e,main_screen
d72662a5c16b2d014b17963f9e38ffd6,own_transfer
c6f29ccb5ebfc908b193b6edb064f2ae,main_screen
d68a0cfc634c06ee6f9011d481117116,main_screen
ca5e8c05ed574ca522f2eeecd492b980,credit_info
a71637a2493584b7f2dc8707743e5a44,main_screen
cbf7e46df18fc92ec12513babddc4fa7,statement
bf8884bee3e578f69e79f44cf6d7608c,credit_info
2c6d79b66709e67f213f35973274b673,main_screen
fb35446e965788516ac39811da7692b6,own_transfer
7005c65a3a00fbea6c7518a33af90c2b,statement
1e8be3359d50c770b3171f151c13dd65,main_screen
73f674f1fd4a89aa8c0287adc3c44d3c,main_screen
771e328d9bb2e8ca8b418d84837951b2,main_screen
7d435765c8f00933817f7364ffd9a133,invest
1a7428610a40a6e0e9c08c8f6e2e191c,main_screen
f12cda2d3faa9b8abd71d904d081b39e,main_screen
e8b23476f9817b5a39d0113929a67d62,chat
4a54a5ecdfb3ed59c5ba555361af28b2,main_screen
ce03a303d560620366043c0aeb8a9111,chat
fbe901f2baf57e01ee0680f293db8da1,main_screen
39f3988c35bc12e9e0648fef694fcd5a,main_screen
3aced709a003d6096b8277f5af9576c6,credit_info
a12fbd4debdf58b79a8d2aea2355938f,chat
f8edc85a918a43dabfba2ab4fc1f8c30,main_screen
d9fbe54762c2052f9f8cc0131f4d293d,credit_info
5684b78583e47b4339f56308e762a6c3,statement
efcaec75939a6f7279e6cb7c6bb88d60,invest
9385669e7c1e080f0a4ee0f692184f1a,phone_money_transfer
f54c35ff2c8c5c81101c019c730b411e,main_screen
f6b849512d46c0b21df84e4594037969,main_screen
4decaac6b09e2ff6145fe8efb79756c6,main_screen
62b6f9b981b06250a37ef6f9a625ea5e,credit_info
cc19d0096e157f3e69437268260600b4,credit_info
419b7a2432d04a902b54d1874ec9c64b,main_screen
86301e700be1f519e79082452f611d18,own_transfer
6c3e638a83396648f29e24e142e834ad,chat
314a451703946e07ec9be22f0cb19c8d,main_screen
3ab030f8717163da5ed91e7cffac2721,main_screen
a3e65ace49d3457d13b3606d922dbf50,main_screen
35e3424ec5177f5fed1fee048acf4bba,own_transfer
9fc25ca4cb832b51f792b7c97aa87228,main_screen
d4c8df204b7cf0b27cdd306924f0d12e,chat
9f36369dae798eb106d8defa82dc1685,main_screen
cb3fbc94ab3240527434738cd3eb44a0,statement
a695f5d79579923742957557f18cae82,credit_info
fec20f8d6fd78c6541e2d310e35b9366,mobile_recharge
9f631538f8239718834ca40f672b8985,main_screen
c568c07d8b4104f606bfd80b4b087e43,main_screen
15b684fc9714e59368af3d5309f4e78d,credit_info
b44958d9b056ad4232aa56f418036c30,phone_money_transfer
9d49209962816bcd582f2c56176cca67,main_screen
31585fedd02779b331c288437be06e69,main_screen
091d145b84d0c7f6a1cb02b2827aab28,main_screen
bd455fdcfd408eccb7e7255571f40e29,main_screen
044da7e3563cf9dc88b5532f09e4d7b5,own_transfer
b9794d3721cefea2f09c9da4810e2147,credit_info
0341834196a8b4f03d77dd03eee93399,chat
160f359fd00b339cdcf5a6e93220eae7,chat
a37d964c07fe3b4138be395318c3e95a,credit_info
7087fee98c65439b4c9e0ec30bfa33db,phone_money_transfer
aedda8e70be67b6c98dc3050bff742ce,main_screen
98e3107e08b02cae5c80b6faaa2be818,statement
c55ac44e63cb65ed1333e85c72745c4a,credit_info
e16d9aa4f0361c4dd2feb3c3c4cb3104,main_screen
2bcb05fa75064be41dc91dc29a1ea063,chat
98b3ae723223cad51e295f468fc5212f,card2card_transfer
11841c2baf78c998c73afa49e02176f5,main_screen
f9cf4585fa9984ec3b829cbf3147f5f0,main_screen
51beec98e49e0c24fde038f2377747a8,statement
5e98c7f9b5c54c388e27bb85daf8831f,main_screen
cf163b5c56d7e6f6f95c1f174790e19c,credit_info
7a7f03733bfdcd655b53bc9c27edfd86,statement
8371c0f2b9a6eaf6af719724a81976b3,main_screen
33a7705c25228797544a7f2018181fd6,own_transfer
b04b267520cc29f9ed60b87de60158e6,own_transfer
be69a0f3275928a4531e75f6922e1b97,main_screen
b143ed61eda19b2ca10093145d5bb29d,statement
a30f944715942aaad6944b9c046ea5e1,credit_info
d4f4d26dcb5299a267897357c59b115e,statement
bde51cf07a3752c2b400ae0058488a49,main_screen
1ef228aee07e7fab0353ddc893b44bb4,credit_info
d67fc9259e06b683c820830d078b8447,main_screen
6e87240e25dc5630c37b00afc6ba1ddb,statement
14305ca174c6cf737353e88e80c48424,credit_info
164bc34b13746f7480d73264ed63bd87,credit_info
ec8e965a647f2532d40c3633d766aadb,card_recharge
1ec1299f3ddb3b18c83681e53e55475d,main_screen
52c8b384f578f8c56ae544f5811fa27c,main_screen
0bd9a75ccdda492ab6b3004d49be8f59,statement
3399233278884be3f04f09f95059987f,chat
c3d1ea074e1e7e53c2eb8a2c3f4040ac,credit_info
b4d349f5e917b1f6d727b235d31d38d7,main_screen
ce880009743fac5bf53e6e4f96943851,main_screen
0e93780a273c7fac6b33d124ebb29ee8,own_transfer
d11fc231beffd2da3b80c92a294e143d,main_screen
92b484b0f2166127b40958aacbf275f6,credit_info
6fb8aa16793a36113cb38ff3cdf15d0a,main_screen
d6706d6b04ad14ec4144725da9714f36,main_screen
8a74692f2c13ebec2e8a9fa4f114c4ac,credit_info
1978bb501c1962f9ca3d28683240d4b3,statement
6c3685a681bcb6519209804582fb1dc6,own_transfer
53fbdf60a3acef8a38910cebc89c3518,main_screen
45024a6f09402371ecb76be71acb5776,statement
c8693a06494bab2384f8cfc426995596,main_screen
4b705a29afc33680fd69d4f0e7a7689b,statement
e213404d66676804f1fb5e2a26825244,own_transfer
c0525ca8c2e6db74151f2f1c2fb424e3,main_screen
0af369dd831934c414c1226ec0696c3a,main_screen
3e74a39e5fa791ddca5bf708c57e2678,chat
cc9d2c69b689232b651431601b10d426,credit_info
1f7bfd7233a282fda8ad8f2c64e1e9d8,phone_money_transfer
a77e5f53f523c59b39907542e018d58c,chat
0e02f6e23cc625283ded02bb6fb8d3ab,main_screen
3d6ee09464a8b17d22de40bccb6928ca,chat
2811866f08df7255ac9ffab82827ceee,statement
031ae17e8c9b70ec1e35455eb5c375f4,statement
bbd15b7da9e6e274d568525569272fa9,main_screen
ed5f6ad530d047c78ce365fe1252b8ef,card2card_transfer
bf55970be44a24541734585a3276009f,credit_info
bc30d8127d31cc3bbb8aa44aab55e738,statement
7fd45d0a7508ffc828639871afccffed,mobile_recharge
947f3aeece6f06897405fd590ed7f3b8,main_screen
9f1b63698326294035bdb7087d22f7a5,main_screen
167f0c5c936f23efdf3588ea36492868,chat
e92a4290de34e94ab35f85b6c92d8dd0,mobile_recharge
881056c6457fdd47a49ca3aabb661467,credit_info
bd93b0bcd959072aedc7eff3df57b083,own_transfer
90aec3edbfa9de5da9de74c384af694c,credit_info
b9bab2b82be386e84c33bd08b2921613,main_screen
d0158fcdef75a1adc911503c6aaa0d7c,main_screen
c9442d8d9b08e851bc269ad97486bd89,statement
94252eaec1c74e65261afc2120b61cfd,main_screen
e066becfe31f18462ee9baaf76cacd3b,credit_info
53ff4cd0a4101a67271608b9d948828e,main_screen
34433203133d6ce00965dea7b5c48292,statement
94ba5aa0b267acc482d6e39f9f3893b1,main_screen
939c05862a6c32215e780b227658535f,main_screen
30b3cb0848d9b5671dc7cca7784b217e,main_screen
4218ecca263d1b34fe269c1ea25e374a,statement
a97f6a1c0f6bb3ea82198c1f3b07cb8a,credit_info
8fb81bf0e6a2160fdf6d8762805a5748,credit_info
1d4f6042a70a8b1e6a0f761d476c32e2,statement
b6fbff05c31940446d24849df6fff27c,main_screen
aef91df27050a8166d76c3c8f2048a22,main_screen
e5a77d030cf09f7556d1c20af79db35c,main_screen
ddf3f56c1ea89114dc7d6c39f3585f22,main_screen
973ee92dec29e909e43431817c86517d,phone_money_transfer
504b83aabf2d33b80042b2ddbe31bd98,main_screen
7164312a9683daeda454d9109297eef4,main_screen
589781f3729dd49426c0bef60e97ea85,main_screen
b3212b9860a81b0ee94f8c36a54c3362,credit_info
84e57e470c641b000fa2625f4de26aa2,statement
f04eaaa0d2f7469b405b93c9987c7433,main_screen
981cf44d4efdddacd1b543720831812e,main_screen
af71b5d68e545c8c857fa73539be6381,main_screen
03fd9f3e5bfdf164a91d4f36752308ec,main_screen
295b4c60bd9f37b4410503a09fbaeb37,main_screen
185e38c226d38ffa4a8d4d763cc6cc4d,phone_money_transfer
9ab79801547b27f97f5acff310a2c461,main_screen
789573fe63231b2ed88b097a028b79a3,phone_money_transfer
7b03e975d43f3761b177dca92618592f,main_screen
74b86a043a5fe90b06e2a881ab318fa8,main_screen
6c2073ea36000bdcfeb97b14ddd2adb9,invest
f7fe087fa8f08275327a57e5ea12b8e8,main_screen
40eab230dfe3caa0c433753fcd839d32,main_screen
81fdde66cfd853f3fc3d2afb14d0eb34,main_screen
60b8f3d40d32ba0ed36f8c1a28c09f0a,card2card_transfer
dfcc865b992d3ef687cb1096b1d5c9cc,own_transfer
2c5f1c8e0da4bfccbd85596f3abe1805,main_screen
2b3e211e6e9e234f9037e2659cb0e257,main_screen
013e944853db22d2a9376004a42595ea,main_screen
179f3cbe358483ed8a450013a7da0c96,main_screen
f07fa43a30ab47ecc1cfee7be23f602b,credit_info
ada08b5190bba2879b5f971624b92c65,main_screen
636b3cf07aceb9f7e84a8b33737e1153,credit_info
0e2297d942422b744fe13e7d999c8372,main_screen
f688bdcfe8a1b28804a06598cee1cfea,statement
2d2165a4208c5a8bdbe1289909208155,main_screen
95d0544a1739ef9aac7b03fcceda3ea4,own_transfer
2c9e5c7360102aee7ed285abcd2eac38,main_screen
1dcf17e60a9aa38e4a87a5b38270d5b2,phone_money_transfer
f282bbeb17b6c431f256375a7f9a6613,main_screen
9f3d5bb693804bced881949535607695,main_screen
ac21250b0924c6327c094828e3afb0a2,statement
657c585f60376ba7430e78e558f04ab9,chat
927453052d3c228ecacca3254da054a3,statement
4d625f57832ed77de7668460fe04a28a,main_screen
494aaffed0f24cddbcf19e57b650b698,statement
d0a344311a5e0a9c2e3ef209da896628,card2card_transfer
a8f0766ef18ec485dfd52eacdd15b266,credit_info
6415ae0ffbc95c0b52d7a0b41a542a01,main_screen
8db8adc68e75668d34a98dd69d75102d,main_screen
340473a127783f7003e2c66d249d85dc,chat
d0b8814e77591e834eefad05db4eac11,statement
73777d5b9d5eb2125df32789f8344b58,chat
38701b874511d88aa8439c02878633ea,main_screen
7920f9db103e6774d8b3e5f405ef9726,main_screen
63c889c5a7d96055e3e6e27ffe252fe2,credit_info
f3f73496229c72760b1fafb7b251bf83,main_screen
1905b1be51411dd75456add97b63f769,main_screen
46e24bd3b10d3ab1db736f84e521daef,main_screen
80ad97854c0008ed83f8d0adece8e1b4,own_transfer
c6d9786a3e66045e1c0e17b76339801d,main_screen
1d6978c55404a30d68b950cf3acb0380,main_screen
bb69d4f9908b46d1a935796e72456a12,own_transfer
9047422bf96db1d3a8f93d50674d6b45,main_screen
ba2da68ba3f52480e841dfbea0a05348,main_screen
f59044587d97e700ffb8004e233ecc19,main_screen
295ec9918920a9f00f20816506f11015,main_screen
0f2e1e55532b22d3c8d4950d8c7590f6,main_screen
0cd6185dbe70884260b2fbff02c05015,card2card_transfer
b4a755401ed78ada82792b3a5530517e,main_screen
4954990861ec9bdfd8be6692332fb0da,credit_info
b8454c1aa1c23fa99e708e0c73195d1d,chat
1a4612cc60ab26284ae808ec0642328e,main_screen
92a17e2c14ca8e16a844e3212beb3d5e,chat
3a08d24d2993843e54d86eb4689d677a,main_screen
f424f3b10fc44c563f9aa24e23a956c4,main_screen
f7ce4036ec3a75b6839c53a44d7195b7,main_screen
9be6a77a167f7a454d403b2cf36011d9,card_recharge
b001f5b3d1aeb6e52379ca138d52f352,main_screen
18988804b0d70da7fd131bf6e6ac0303,chat
a09441376fce259c45712e1de687e46f,chat
58c0597b04fd7a2a5e037f63ff914e6d,main_screen
e17decaaca7bdfcdd1bdce05ccbc40d0,credit_info
ae977d3506fa619ff4c6f3834122bfba,main_screen
7272e163e5d73a3a777a10761048fcef,main_screen
3d6a7dee0abc5071a99a68568de025b2,main_screen
aa3ec68d1212fd597db9cf4b3d766310,main_screen
5b01eef8ce7ab0568c420e954399085b,chat
c49905e7afabce8c09de6710ff30c580,statement
557e095d17ccaba015c0fa1aa758a827,statement
ab272370d9d0a550565c4eaaa1147d3a,statement
914555ebe641f321997b0d9ebed5ba3c,statement
9a0316e9e6bb0182270ebaf43228ea8b,main_screen
903f7d6213fc17b759452871e217facf,statement
5190de0f29da6e16ebe891f3f136ce8d,main_screen
39102251d0e94601d02858387cb58b25,mobile_recharge
2e2118da452284342650954520f1ae54,own_transfer
f364df0e7eefb5990d7d1802e6011589,main_screen
79f7b428e0cf10dc5f6ea19be11e3546,statement
a0b5a3414645902710711dc2f8d9d52d,card2card_transfer
bdeb4d7df438fa79dcb608c4f4834198,main_screen
d050ab0048caef1e45d829c9016c7b97,main_screen
a065e6cdaff9aa3781266d02d0d1c954,card_recharge
a9461d1a6e2649f56e2ce7034eceff2f,own_transfer
248499d14dea9d80173e0acc6e5ff33e,credit_info
c77447a09b6e7a133cc255bceb2c2d22,statement
d4e4dfc91ed6711ca3d9e66637a3ff2d,main_screen
33d0c867cd0d1e1edf9f2f3f406a7000,credit_info
f9fa271719dfa4a2cee9ffffb6f3fef8,credit_info
e26ab1145ccfaf29a19ea50bdf845d8c,main_screen
55e84bd89a7d000b016b91f956e5b3c6,main_screen
f97b66d86c3835b01bbfba138ccdfd5d,statement
d4243f296752e2ee5f7ef010cae87df5,credit_info
1e30a4cf32fb1e99abf30c32907f003a,main_screen
c911a1d09cdffc42695e5f12367c470b,statement
67d608e39e40c04d2b79f3668108fbab,main_screen
fbc292c6fd80518523d040cdf509de05,main_screen
91e9d36900f47db406bfaec59546ee96,main_screen
f45f37967e8ae02bbc835262edafc9fe,invest
ad16ffc6579724eaa4c574dacc1d7302,main_screen
4514dd831bd2015aecb01189300b300e,main_screen
ca3f66c2739e15b44a188135477adcb7,main_screen
2d18e7c26d9a154d7026616d74309a0e,main_screen
0824d5ebb8a80ee43a67bb8ddaaffe35,statement
8a880d382bde5f0272c3573900297a52,main_screen
6f8e34e02ddd511d0c53d3ad059f048d,main_screen
ec10c4708f718387dc1d188e485ced15,credit_info
952f04838ed1c44d0090e4440deaeeb3,main_screen
c6afe00b388157bfe0d6c08b6408e22f,main_screen
6b05a06ed3ed30d16e8e717a3031d4f2,credit_info
c9c7acd91772acdb022d5a170be50e44,mobile_recharge
819092bf5dbb32132ca8b54e5a0a5f0c,statement
de6cbe5a43ee863b645cb2276ebad600,main_screen
905c775c132eca7b28832908f356cef5,main_screen
86532df813c0bf5b52f9c8290b830859,phone_money_transfer
127a0e1d5fdec0cd4aad74d849cc7c8d,main_screen
34f061e1d7d579145a10613fe446cf00,main_screen
44cb9f93801e2dcec147d504ba233d75,main_screen
3ceb2c1aa44de4f6687a4f162e6c10e2,statement
7133f47a35973055560fcf735fab0925,main_screen
2052b79e2d2ccf48581396ec3b5dc7f2,statement
7dbf403f06bdd8c4da2fb89996ffe95e,card_recharge
5f746b40d502b95058985ba748ad84c6,statement
c1d6d936c0710011b1c3265ceb0b6c90,main_screen
a3da27a187c803a2c4ac5b26fef36e0f,statement
9fb5f77e42b59e4d5de6400e56b2e544,credit_info
9f8059cee4de511165936914b73ce4c2,main_screen
296de889c601116cd7c9a25504785b33,own_transfer
f41dafc57f55f1ef6c47853661933fd5,main_screen
7d51a406221a0bced1a4eec356764d40,chat
cfe074f8f6df495ecbec6ac3fc9bb4c6,statement
ff1de9a264c57f749ee66350d59a379e,main_screen
8af8ec45b170ce958020aa53fe05fc5e,statement
b24d9cf98f317fecf72974903dbcbf5c,credit_info
1b6b1e6c4a2e411789cb71e5f97ba139,main_screen
9cefe70a8dea43f8eb7306968d3d83bf,main_screen
3980abd64e82a6cdf8a22550b236af67,main_screen
a4a195fc0ab8486e4dc64d489ebfcd70,main_screen
7d45be4fcb38b20d2c048f6e299fd9f1,main_screen
221f36ca75a919000bcec0222d562cea,main_screen
67a2824466e0023848f33c76ac39b0dd,credit_info
97756cff60f33e70d5565e7180b69090,credit_info
7f9de9a00b16710cc518499f0e3e7c8b,card2card_transfer
c6a35cb7db26caa7cfd60d9c4a52bb91,main_screen
b351406d7111697c5b9fef157bc7c9b5,main_screen
e366e79da8b0de4adc81bf79443551bb,credit_info
443feb0eb5e45051dd00718ba916b541,main_screen
088955e0fac06e7ae6495acb901a35c3,mobile_recharge
d7831c7dd2dd28449585fb61810c0b28,main_screen
fc4b287d4993c71a4c74fb35a3e6a005,main_screen
3061695e9fdc44d684bc189f1342729e,main_screen
55a4a7f46bcd3c81967e3eacdec9f893,statement
aa4bce5aa4574035c8d4ac787a41c21e,statement
f155e1b59363238a243511799c2b6eb9,main_screen
8111d8a12c48edae261335abb67d1c50,mobile_recharge
59e01ee1ffcb6a03df299b0d5dbc9ed7,phone_money_transfer
6e76dae9e4329430b27685e4c9dbe2b3,main_screen
dcb3cb9d4f8168cd91c092505910de61,card_recharge
43a0708206963556d46787186fa769e8,main_screen
06af600e499d86daa91d18a83a6dee79,main_screen
ef184faf28b1da7075dee5b7c04d11fd,statement
22246b33c634fdfd7779776bb8a77205,mobile_recharge
cf12fa5a36db5841459130f3a37df622,card_recharge
7a2f2eb956d8a649ee68d50313074e60,statement
0ddaecdc2e6767072dadf0f3e2892c80,card2card_transfer
beb202642e4ebc0d941153cf89de0f2d,main_screen
e7dfb2a70bbcddbc856354b47c8386c6,statement
9e459da83bc133117ade5fcfa90f5fa0,phone_money_transfer
d3cc867b1e5f0a81f95aa722b222c63c,statement
da3586ba0ef18109de8336e8239a7129,card_recharge
fc1e4f665db1c2e030656409a4ca6eea,credit_info
ed493990908a6db4f0abfdb3dd311919,main_screen
dcb703b96b5ac87efc22b908e0fde99a,main_screen
cddc79678fb9de938bb43ccf9540799e,own_transfer
f9ad843a9e0f1cb442efeb3a62042f2a,credit_info
f555d7e72d176953dc3a10829bdbeadf,statement
89f763d740cf7bd869e87556d01a6732,statement
f7ceb056f2b4d4591f7e8289aa89359f,main_screen
ee60edec32c0f7ed6e6579f480dff205,chat
eb95fa38c67df480ab414da7b745b13c,mobile_recharge
4323487d426e2d942bf457f1a90b4011,main_screen
929f7e92b7271bae306bc5b59cb441b0,card2card_transfer
ec5c88a2e57c789aab036ca63556ebba,main_screen
29a672b3994019bcc045c7a682bbe9f0,main_screen
ca8ea4d878b755b5bf8e871016fe481f,main_screen
27261e2ac19cf312de050996b41adc28,main_screen
03b1aee17a8b7636ba651ab8ba3dba8c,main_screen
113964d9e1a3c866fe93d221d874e547,statement
071365e73e6f417300a1a586c4a09165,main_screen
09c4aaa2f2e2e8a1f3529ca7ce325f97,main_screen
5d0fa51e8bd9967499dd359041322497,credit_info
030ef30f9ea033e488acb44a38af6fbd,main_screen
2a68d821f2536ee59a0622a7e9eb72a4,card_recharge
f9567643aeccb7bd8f06db442557243e,main_screen
93e629a33b104a22ab4fcfca8a1c254c,statement
20b786809e6e40910dbc83db0b882b24,mobile_recharge
186f10c69a41f3ee898434d2f2dd8aa2,card2card_transfer
1b6fd79cde0fe6464601d9105d327ef6,phone_money_transfer
d79d5bc5bd60ae0cdbec18af3655c566,chat
2aaf1e54e4f05bf47f4b764ded127386,statement
81b983520cc6e15e7938f0cc5206c91e,main_screen
f70d6e5e252ef97e63e540937b5282b3,statement
19f0d280a07d80ae892f88601136c89b,statement
f4bbc87c41379e14b190bb684d5d356e,main_screen
396cdc569ecb0dc44b8eddb6d446b5f1,main_screen
eaa77ed55778de96adb187ffd4c52b40,main_screen
50f2a87fa855a36cb79f136e7bb23651,credit_info
fded34e0e8733ac47b3fe9423e06467a,main_screen
1b5b346fa83176654824ae1f9f4b6dc6,card_recharge
2d15654ef438da94b7ccae13ff2dd5a9,credit_info
4cca0ab32a814fb3feca9b86f5a56f11,chat
c8e264c10dc1eab6637580e5057982b1,main_screen
5b3c155bc3b7e705166718898c42a3d4,main_screen
6e09e221c3d5e5bd5c0dccace22dc6bc,main_screen
51ad0a68b9b036ff313daf4f88221da7,credit_info
42cf0db7339c5ce43822b0e0f56aaae8,card2card_transfer
d5cc90b185141f1e92f6ca890c1b9db7,card2card_transfer
6467f940180250ed205553cd80fa6973,statement
5c905c48ab71f6c792dd76312b650fcf,mobile_recharge
669c54a242a3eb4a727c5fe43bed0c08,mobile_recharge
20acc8744f6c7f30943d7316912de58b,main_screen
03cf6dc1d26ae16aafe19fa07d1364da,mobile_recharge
d8d4a34b5b6de82c2e3a408a2e7f71bc,main_screen
471c895b115cd1e811389fcffd02f82d,credit_info
a02b161b517175bea1c21efb195ca3fa,statement
578d4844e548c5c523ccd23a8d5691ed,main_screen
07900a918f2b1feff8415d36787ea52b,phone_money_transfer
a29a570ceaeff91a9c80ea8a8b47d921,main_screen
319167f295bfea2742533d3c70398d32,main_screen
b0089dd56526376d99484f9c8de29c02,main_screen
009da692f13f1dac63a85a9d95af686d,card2card_transfer
750365bf3f5e9d0bd6887ba4294636a5,credit_info
b44b595bfd6360db25d9025fffddf89e,statement
43e9c7f7957af56a7ee11eb4aecdc5b2,credit_info
fcf7dc66ae71dc1b964084eb6ab9534a,statement
6c7b8e2a74deeb437bd07cea0c73b712,main_screen
cfbd349e6c9bcb8a5167d22a4b28eefe,own_transfer
aa764274f70158c25bc0376894c94412,main_screen
abda7616208992d29214e9f5e97641f4,phone_money_transfer
6c40607274a0fc8155276d3abc413d72,own_transfer
74422a0122a65b666e83a4c2cf39db14,own_transfer
afcf107d1ab23b646b87d46f345b1433,main_screen
2b82bc956dd60a546564f3f06fe27e98,main_screen
e1eeeac9831db40780cd109a3bed466b,main_screen
fd5df33c068bbb628ba17afbfe12680a,credit_info
1cc772b4f3b002494e3b514e116067ce,main_screen
af8821880e10ca525c261f0845c4804b,credit_info
38835bd8a9527f0c4482fd9dd053f8e2,main_screen
0bf16155ec203779c9d7f4532e31aa08,credit_info
74004290a8b3a27d8638fe6820d273e2,credit_info
b48e774741b1d841287db557c52a2b6b,main_screen
b4be37e9164aaf1ca10bf74aeb149231,main_screen
6fb921bfcbe7b119429af5f2e011b6f4,mobile_recharge
89bd170d2c80cdf26bbb411e94766b9c,own_transfer
401b313f58b5de6a42942f0bd4ab9240,statement
4dc3e5296c9821fb14e250739c85bec5,main_screen
5565ca0e84437f6ad581c6adf6763064,main_screen
4fcbdab797a5acd0e598ef00b8cad650,main_screen
6287309a8d74d3a832ba0510950621fb,own_transfer
2dc27c9e2906d4b5a9a8f9cd26ca54c6,card_recharge
9b6f3de3cba06a5a516482573a49979b,main_screen
0fab20ee0a33dd41a6f5e9dcd82d798f,chat
e1218de55f1017e6391066ab2a589bc6,main_screen
350a15bd44f859ecc19229e9bfba85be,chat
f8447fd3846d5f857cb7a207ffff9ed5,chat
203c793ef787f36290f7c9125944f986,main_screen
b376ded060b115c4e2df883e9279683b,main_screen
ba89255a2de38cea7b74a6f3c58031f5,main_screen
b102322575a26d57efdda5c0a410ca15,main_screen
056b55a37cd78d3d380cebcf5c84ce1b,statement
4f86fb90e9f79e1213f5918ed053983c,main_screen
9ea6ce03e0290ccdbfb236e2263af0b9,credit_info
41a74b4bd39ff4ce4f125db8fd7a91cc,main_screen
e82c77f714af96510b4400615b71d66b,mobile_recharge
00b5261a5d5c3ab693cd5cc8ef6c1e20,main_screen
3e7395b885c23cc3ec032b09c3faae2c,credit_info
f0839d7d0393792eed3fc11f760bda66,main_screen
72a3538f79acd51b1513d07713a2c4b8,chat
198c59d60e34ad847ab39df758cf240c,own_transfer
880903f00d45274f807fe832311df836,main_screen
92ea4ace2ecaa51b8db9e2b859804da3,main_screen
634686514b04f28d4bbed39ae6bdb9af,card_recharge
637eed4e6a25c76a5b8a46019ff52e60,statement
b7500d887d1e9487eae7e718c6bba521,chat
fad1bd35ef1ffa7abd5d3787580d8649,main_screen
f9f1e3d63b81e3855532ae645292ebec,statement
7531e3a57894d2bdf0768eca44ae1e58,credit_info
28a374fd7307e7f9388ad3a3ceb3e629,chat
d3b6a4203c83cf82266d36d1ff68c0b8,own_transfer
d084067b0d0c6fb1c7cf0ce6bea92ffc,main_screen
fced42ead589ff2f2c72e7e5e7e213cb,credit_info
ed594cbb20d68ef8df53d26a7b6dfb2d,credit_info
90438a23051d1fa39684f6297e893f10,main_screen
7ddffccdc5627998a573664d8436dbe0,main_screen
7a7b1f9df556276d98bb64eb184ffd0b,main_screen
5ac21c241089ccc1d6eca31b3e742426,main_screen
64c1d1c446df8fdfb2839fba60e3ce53,main_screen
8f9d989d1386d42d73d2af63ea4144a4,main_screen
a72471e8d4634d341449dc7dc229c81e,main_screen
56bb1adcb51c471011a52725edc9b72b,main_screen
89f0634594744e4a1b64a204df7d39f0,main_screen
c489c885af3e70e3d5d230cfe9182266,chat
33ea166fa38fb052d4c466953b910fb8,credit_info
d403e67d59c94a6cb5e8bfe4e39f4cf5,main_screen
5883942dbe950a4d7ecbad46a3fe3dd5,main_screen
4dd1ab8481ecadaacc07d8eb42c8cefc,card2card_transfer
6eee9f9f84c85b4373e07c5f9a30142e,main_screen
fdd0296d7fd9306f77624b2240befc02,credit_info
bcc51b192707701714e025a6d7744a4f,main_screen
8e6dac30ef70c797a61b5ed0f8cc25f6,main_screen
aab85f8509d540eb4a0f030f1b11bc64,card_recharge
4b100a2bb8b4024f2a6f1ea30b492581,credit_info
79fc693d828e87b632a4ff2039bfdea0,chat
12d97194887348bb3233ba30eab15254,main_screen
ee12956afcf43d4ff63497e417cb25c1,statement
8bbac907421c235ec390c6a048b142b4,main_screen
e921c19b97d2d08683343d6b551440e0,phone_money_transfer
2034a465b95e38c245f4c7b174af293b,main_screen
08ead721b52c2281d005c49cac3cacb6,main_screen
bf50b79098842f14d5f0edb28eca046d,chat
2df3ae3caa0edeafe138c02c7ecade33,credit_info
156dae6c1954e98edd03e6a1a54a05af,main_screen
2cbe139ea67164a58390d82b37daaf93,main_screen
f4e4e3eb55769de78dc374b2316885eb,credit_info
e6e5433d3bbd65d7f229ffa16c9f5ff3,main_screen
72b55fad9d996d3e8d83a25e1cb430fa,main_screen
de5e7c20f9e6c8534b180f1296bf9d0d,main_screen
487f1aaa8c2bc08b8c446970004ac580,main_screen
fabcf803b1eca1c24f78d67327884212,main_screen
5e3382317186c6b28a0263a029d4d825,credit_info
aba3e08a0a8f96ab23549d86dbd18682,main_screen
0fbfaddca8de184a4d22399b737533c7,main_screen
edd40301822c4a817a16e82dc2f5df15,main_screen
68a318341533f9b9370b84e8ade1365b,credit_info
16a6b8152a3284ea80002c432d63003c,main_screen
8fbc520f2205b79082cf2799cb25554b,main_screen
de1ac471f6986b6dbe1cb5afc81bb276,main_screen
363cfa39a0fc7afd296ffe5dff091e41,main_screen
eec0f96d6ee40d55baa0853b62123c05,statement
c33a57e760045e70d9f177c60c2de1ef,mobile_recharge
603a4ed3eaa9e9de27ed0b869d75bd9f,statement
3f164d8f71ffa4cf90475823b34803bf,main_screen
a42e0d8d5f977eccf1fa87c8c29b1a2d,main_screen
78aa8e18444c605a34c17d909cc5ab20,main_screen
3cfbb41a54c16140e335aabd3453f7fb,main_screen
8eadf1b3952fde677c2475db9799de26,phone_money_transfer
7a1e0386bc139b81f4ebdea9c94ab09c,main_screen
1d72db3a1c8493a2fc7b7c030b7ed74b,credit_info
a962e7621ce0d70cd09f671f4a1039f9,main_screen
9f7a3e75206cbbb08911c7abdb34e758,main_screen
720194db51fd75d1560265bc0e1d5d30,main_screen
5a90186473e75bf201a18d0a0523d658,main_screen
03540e84102e5b7dc471d79fd1acde61,main_screen
1ade433053159fa08501bba9eb7384bd,main_screen
12b47d44d7c1acc98a4e7ccacc40d93a,chat
1d6096d4de8e4fa052eee63770bd20c3,statement
a38672eca53577f2b60694a97cfc268e,statement
7d7903d47c101d0db388710952ec9e45,mobile_recharge
d7531ea18fd37cc8f6c21480b00549bb,card_recharge
07761c5e46cd14a541247e752f64df83,main_screen
ad1db645b39e6145899dc9ea37702dfb,main_screen
06649b0988b1f3f7450d22d3f2c3a605,chat
ea4c06b459b8a51e6a7cc04e1b64b5fc,statement
77a097b27b8d160453c7565f52281e59,chat
d61d81f24da1e29d599bcda35b41c777,statement
7dda2e93698076a42cafc15dbe23cb3b,main_screen
225b93cd7b7d88d492c1c722e21bf4e9,main_screen
1fb42e7c962b22b75e9cfc849b200a21,mobile_recharge
616b3af9bf991025be6c24353725c100,statement
16111c7594addc51079ad5f4f2b9a0b0,own_transfer
59502f9d89b510c51fa1ce7cb52a8cec,card2card_transfer
634a64a25460a709bf731e32130bba94,credit_info
81bb485b8643cb019c78ca440bfc0082,credit_info
067dce6d8d47d4644a648d4721581d31,statement
aeaf48903e1a8cecebfffe56d3fa9daa,main_screen
4747d7fd095761a0c9aa89c3233c110a,main_screen
89d05bc0b94ee28947a06427913c2578,statement
f36e0c1ad4dc493d16b7fbe8cf5af563,main_screen
35dd493391021e00364cb84e883c5585,card2card_transfer
bf40e2396c982b0b2c020e0cddaef691,main_screen
18e1eb7941438412c29b274497285507,main_screen
600cfb12c777d97b294fc427d81ef4a9,main_screen
4a063f54c0b336d7866246d48248b400,statement
db81fdb09935ab2e5ec9ecd51744a929,main_screen
d1ce11027e4834254f188335e28de0f3,main_screen
1911b1497fb8853860e5ac73cb4b10ad,main_screen
28de33eedbe2892c6aa6ea4aad127027,main_screen
517def050574d7c29679cf228980432b,main_screen
9fa70449e2a106f7a3a058911d00c757,main_screen
d5951275dd7db6903336f9e29127f1ab,main_screen
4a18097a774aae776730def4b75582fd,main_screen
29993cc164c1c6340d48c6f18f865947,invest
dbea44f5c0736137b5578043fde942d5,statement
442fd51f0257b6ddb12fd052760cf4a1,main_screen
6598998fdc1518f7bad80072e39f0630,own_transfer
06d1f6203d1c142b6ee07b09248543f3,main_screen
cfad1e81195c9af2e1d29a2910aca28b,invest
f28ca7ea30d8b3bb05071e84b4d76017,credit_info
69816a6247c44aba6bf1ddd669d847a5,card_recharge
1eacb1c292b999f254e5990a831b61e2,own_transfer
1e003cd8b70413646beb6f4f2473eb01,main_screen
924b30dddfcbe8e67692957be2513a2f,credit_info
0337da89c96d3d3d2036459fddaf1533,main_screen
fa298e59844ac9658a2d7fbb160ce3e4,main_screen
99ebf0e96933bdfc8b590051917573df,main_screen
9889c0312a602c5d3e4b74190a0dd94f,credit_info
6396f05cbc5399b286655861494fe8db,card_recharge
431dc1805e415cbcc6fe84cc08ae5559,main_screen
e054f88807ce8a5318adfe938a1afaf5,main_screen
485df3bad3b66f027140e669dcb10afc,main_screen
32b283a228647e7c783ae259107e25d3,chat
2f415081700c8a21504115b6ddc75181,statement
9c92a9c6f31aa6a7b8d987f5c54c7d23,main_screen
73b251c324388053d05cefd32d5144a6,main_screen
a19ec48a9f8f317665864b6e1256aede,main_screen
931c14b4a7a29d4e9d805248953cc95e,credit_info
fdd896e950484617ffb83e38403b38db,credit_info
edce6f79ccc77077d2596c67b7d3059d,main_screen
c5bc4ac0de378028a851c9e9fe425974,statement
e639750b8d830f4b671aaf4e6171994e,own_transfer
34b3ade60de0f92ba1d4644332bf49f9,main_screen
aa9a54da39995376543b19f901a42c5e,main_screen
bad09e3b445610e8aa6111e9262bc97e,card_recharge
1e83ff3924dd730c71d3de6c468057a6,mobile_recharge
110be779327b1c4e6a232e3e1b544369,credit_info
6e496265550e813e7cba0b4f9e5dea70,chat
3289cdb72ec4d05e537b56aef5d3abca,main_screen
a41195437f2d3ca3597a43ec25331e55,credit_info
b8251e2b22ea3f3c613874e3b2e7e53d,card_recharge
cae560052a8dff91fa786dd2fe17d352,main_screen
88e937c9c0b264e2fbd31344c7c6b18f,main_screen
8fee6dcf49f3bb86bca29f1ccc9032b1,card2card_transfer
981c7e85e58a07f9f6f9c7a67b8583dd,card_recharge
373b91968d77c00819c89a902e6e7c3c,main_screen
07b053b11f841c3bbccdb4b3ed22a867,statement
dbadb40cc3d557e97e17b5a0a78b5510,statement
14a8d1615b660ffaf3878b3752584f7c,main_screen
8c1c990e026de2bdfae8279b69bc80ec,main_screen
576c0f3b759c8efac88019c042b0bec9,main_screen
d925d83511b80b3e606444cd588fa551,statement
cbdbf34d3bbd9a03a67e9ecca59461bc,main_screen
e0cf8fde06d2c84b3d0d0afee8efd4a9,credit_info
fe88873aa8dbfe9d80ec6b27217b47e0,main_screen
0acdfca42311fd8e1ff35e8fb162f4cb,main_screen
7242eacf003e0327d971e1bf69359529,main_screen
76cd95769bdb15182ec31f11692d95e0,chat
aad04d93c410550549bf85a86b30f915,main_screen
ca588c5b37a9dfd4778bcedae2acf2e8,main_screen
fae1a6393cc64f55b251f86ff8a710d4,credit_info
d81c59c287a3c850e432678a84cd0c38,main_screen
b467202d91fabf096a048506ae55a598,statement
c5b37810f264e96ad57708b36b638973,statement
9f886bcd7d2cbb2b75077a9fca572716,main_screen
bf973be49412259b6af30f668351e4b7,own_transfer
101a9c319d585b7baaf4a82e3070254a,main_screen
25fd122c51af308c500cb8153af047b5,credit_info
94fe189bf9c509e6dcf6cbf2b6258df5,main_screen
89364d88a8b2feef6fab72f9fd00148f,main_screen
b068bae9fb93c40e47f99af008709274,main_screen
b5d2c260b13e96ba3e35a5481dc496c2,phone_money_transfer
f78ca2959a41880bd97d66b43ebd891c,credit_info
f02c0848c2255d32ae0c1128eb974884,main_screen
66059b45baaa98409922c9bc72d526c8,credit_info
c03d15c236f1e77103571d2d89ac14b8,credit_info
ac3dac75c924299235beccc3fb462425,main_screen
d80116f447b27d489a57439d13860b05,statement
0ad4d6f1f1bfe694578ae6fa251263cf,card_recharge
ce5bd87bff5cb6a30d79fc428c39a005,own_transfer
0a2995c77d0956389dbce6417f8c2236,credit_info
341f331482ff36fea8112d979866cefb,main_screen
d2ce2a442799addfe0803ef380c3a85b,chat
34646d84bb06db8a0c17b3f779d7be09,main_screen
64e12cb9bac41a187bc9abdb99153db7,own_transfer
8215930141474c1fd834c522b7d0eb9f,statement
f5d5e7b00d3a19246120c151a8ccda37,credit_info
b608cfb13e885abce3425d84bd64971c,credit_info
ba96ff35ddf083fe9525b0738a1a3bd5,credit_info
c5667c00c9ad58bd209af4b2e9014a31,chat
d9b96fd391440d11ed20f5f50e428291,own_transfer
6e815b7e7ab0c697746b93b25d5d2f3e,statement
183249df071ef503541f469ca3cc4c4e,main_screen
559a085d816e3d75ea446d463f2f1e6d,credit_info
08c0cf12ad117f80ca68b36e0a84f88b,card_recharge
1e5bef348264af94f652048682c59794,statement
1eb4f4f5f88eb8481da3bbcf187fe7eb,main_screen
f1b58d25447c0ad4d5ad34b3bb4d27d2,chat
fa95063b610d732b794683db69da2494,chat
5903d0cf8c24ba9454ed92fd44c0ec5b,statement
7270191e1dd66a8d5bf99c3a71ce3d3d,invest
f48d1f33e2df54fc4fdad42ffa6bf8da,main_screen
fa8c80f43b91299b842bbbffefa45116,main_screen
a9253011e62e81812caf7fd9003a4ccc,statement
918333b28395a5d5355b2abfbb128d91,card_recharge
0c27f9469d74ed553bb5b0fa4a280569,chat
b8f1cbe8f051e7cf780a28232cd26f14,chat
6528a18f0d0563eb7ca0b55d67b69749,phone_money_transfer
657d83ab7ad1a7c235c6fcf7e0b70286,credit_info
96c0d931c3f9ed19fd635e70ebce9bed,main_screen
e31860ec40ab98da3c8dffb801700371,statement
9bff3cd507f695547840040fd8da73d0,statement
5ecdc8c0ff741e439cb2e52d4030a30e,main_screen
c4e0d09667ffb66a61b0e60e31862887,credit_info
b5c3ceafd0567aa10e262fc81e9bcd2a,credit_info
b3493f51f0aa4dc07d6cd15ff37c4b02,statement
2497a6d398d28deca2423f98e7b22992,mobile_recharge
ed32595b25bb085e1598c5e8b2c4409c,card2card_transfer
646da717faafc4c143464cd55d775125,card2card_transfer
679a35feef6a4b2f19e2112ae3fe2413,chat
8fde7b8a0b5951375a9803d83324d2cf,card_recharge
7bb04720761ef052a7b316177fc7458e,main_screen
92114612ccce2c0af9b17c8ca52146ce,main_screen
62af8407e430b2d2ff0f6d2babf22cb1,credit_info
3c9c0425b4d7b13b8a7ab256e1da5427,chat
3a0a7bd683c4dbc54339b25e59104682,phone_money_transfer
b71e5f0f6ac77eeb67e43fa77395222f,main_screen
63e4423b3fd93952a6da539c187f001c,statement
ae4ba0818469b956c11744692b3ff1a9,main_screen
4d747eda3ec56030d816fee5bd1c5a54,main_screen
370cefd30f8e65bded802ed9d58e4700,credit_info
6cacd19816bcb44d9a51614541960eaf,invest
1230293b8ad09b09ef7f5c4e7d4d2d6d,statement
7f0824e99a3788bcabd08dcc68fc48dc,credit_info
8b1ae8dca9d4a2464a6bf762678c2da2,main_screen
1d064253a8dcdceb5914ec13548f795f,chat
1fd7c1b4a94146b559b3a29c0b8028a5,credit_info
47fdfa6f84b5f36cd9211b61004ad97a,main_screen
1a28996788f7f41d750e0ca61ccf3718,main_screen
a210bcee699e1b73de2f29492af2c3a9,credit_info
07293aae134e51fbb6d9680e64c67b9a,statement
14277e54c9d413204952ec2e3c900a81,statement
2f682f4ebc71c58978e30d0ace5b7538,statement
90b698663bd39d35c51d462a65aa08e0,card_recharge
d6d8ead94bffaaae7fae8561d8836811,credit_info
ec00c8e9d13ca87a9fc671bf00a004bf,main_screen
de0bd322bb4a3887b3105e69388b042f,credit_info
bb728858e06c844a210c3cd76d85f558,own_transfer
464db9d7cfcc57f6d309ae765c481597,credit_info
c3917429636ebc0517e0e14a94f4ac14,card_recharge
2ed1b4f5f9d2ff21d6b53c3110d20cf4,main_screen
45e85cffefb54b0e9ef73dc5c0d101d7,credit_info
c933f3dd5a1faa708eaa01817b7a1380,main_screen
3239204b83082c030c8a538c76559c1f,chat
50e64321a249385a6fdf3f2c60886534,mobile_recharge
fb1838de9cdc6336fbd62d8cddd09629,main_screen
42e435f0ff04da1805582525ab6e476f,statement
4ec62cff005b5dcfe017848fbb3fcfce,main_screen
fcea0a327336917cb794bfeaf3023701,credit_info
201b0ff4b0228d9108048c7cb33e5f3a,main_screen
879c0245205f5c558694d910f3983f8b,main_screen
5c616ba87e4c45c8fb65a764a9f97bc7,credit_info
00307073c73a15b340f86eb26950733b,credit_info
d7a9485987b48d5cae8c2292c07802ff,credit_info
ff5695bdd0ae1ecdf53d4ad2dd986867,main_screen
fad6d64f2ebf20066502609ca53251fe,main_screen
b199adebc4f17920adcc6b904c0db35b,statement
99f3fd513af3443ffd2e0635772f42a5,main_screen
9b5503e091b15af21f45f7b578c69792,chat
27ca3e9c2bab1ed78139fa09e2fcd5fa,main_screen
c0148c08f164bf9a4800a129227cc1e6,own_transfer
6415b6f63e8cd75c6e608b073ae562a3,card_recharge
4179f0a615499e65dbe2d9b824ff9c47,statement
081bee7210ffb107c6996b51d6ac6835,main_screen
b6f8fbe8b01bb0d9ca62eb5b3865ff9e,statement
31b6f7fa995f5973a6d5a2f16ce63542,main_screen
18d49c70ba8cdfabaa1cde203ef0abda,main_screen
55fe00897916aa7399f5cfd5eaeb9d00,own_transfer
c579acc09a37b2ea8ad783d03f15f6f2,main_screen
be56f60ad35078d3784fb05bdd056f22,main_screen
b89486d140aa50a6eb255c61cceff967,credit_info
2fee03b923258eb6156c7d6e048f4f8f,main_screen
1b3119beed93aaf02614cd19290a4322,main_screen
bfa661b7ccb3ff02ae21de3c0e01b43c,invest
faa5e88bf628f0590ca3127272e3f6ed,credit_info
a9849ade4f6adf1400de761f6cca6dff,statement
3471d2ec88a3d342c0cafdcf4d10618c,statement
d90fd5b239151b655a2bfebc6e469c37,credit_info
c8126f6913cfd502dca06c853600413d,credit_info
453c30fa3bfbde3fef37d9112985e994,card_recharge
9ff0538c232d5cbb413fce07bb100417,card2card_transfer
81c68d085d0d2498c1d216747164fece,card_recharge
ed87403890ac4d5a46b02f53de86f192,own_transfer
8daf2f16d81d6b1e99c3dfdfb841c418,main_screen
0784f56e6d225dcd0ca299bec13bd0ff,statement
c6eab8ddca295a585cd24b5420831f9c,phone_money_transfer
b0ce478e5641b14f7c35e46c187c1575,main_screen
e85fdb8febedb07e6051577fe15889b7,statement
21a28457da1d83359d65564bffc39de8,main_screen
763c7f0824dc4a44d96bcc6fc0cc1d56,statement
90b8099d37cd8500a3a2b5b663dddf9f,credit_info
9a73dcbc7f4096e3c66da3516e369768,main_screen
9b1ee823407b488a5920c56673a26e94,statement
f5c6c93b37a7b92f2860833c4a94f3e7,phone_money_transfer
76f128f639e065cf82df78bd54691550,statement
8e4c68c80814b3757863d967515ec599,statement
b2b98a7df2ad0bf60d56d5b169730036,credit_info
aceccc05adfa7e00cc8da53cf9c1b423,main_screen
8fb484996f9578d73185a9fc19e4f396,card_recharge
802eb50a30fd739ae6349d2c01cb9d98,main_screen
12f7c754bb42cd28d2ba971d06bb16b5,credit_info
aa2e8d124d5906f7e3847e027a389acb,statement
cae8d0b5f50bcd7503d69da897731384,chat
5e66413a2598617ff91f02d6af974e38,mobile_recharge
161eecbb7d1feff193edcfcfc6e56b5a,main_screen
17d5c3c20a68fad1fcb97628b7957726,statement
370016d149850881d5a9138ab3a5ada9,main_screen
9a8cd333ab263d31ac3e4239c1328187,main_screen
925efc82653613e44d88156a5fd419c7,chat
3b86715ee7e684e7caec538fed81cf6f,main_screen
52e696c585a6c262b85a4d6c6c81e59c,main_screen
2fb438ccfa0fd99fe71c9413e37dd9af,main_screen
07449b41218612552d9d6c3d65650a2c,main_screen
515acd5024b5e307b205dfff432f4d76,main_screen
9126cd527863b3a42e47964fb530d67c,phone_money_transfer
fb16a94010b5f2bced4dd7dd10e07da3,invest
370cbb23983d92df9e7431de0ba997a6,credit_info
0076ca44de9ffc12f34261dd93532d3e,own_transfer
9ad470319d417508efb75a939388bb16,mobile_recharge
827f8768911fbab4e2d37da73b92d1be,chat
f5ec8f2eaf8e54485a33dc955eb80dd6,main_screen
995c2a382dd83d95c8149586a4314ec4,statement
84985ffca4296605608234be2b71f166,card_recharge
4a51f30fe50a454f2eafdf869e416a4e,main_screen
cc2ea811a64e3fc648e2e15b5a923953,main_screen
f0a00bfb9ed28336884f0f032a9c3448,statement
37d6491b5c161302e14401b8bda78b10,main_screen
3aca4d523a3eda884e8210880de6836f,mobile_recharge
19bd9b6ff1d5bfc34e15c758be555270,main_screen
768493d3c227ac5887ac8d3b2df8e86d,credit_info
9de362d8cfdc2387a022b3cbbffd458d,main_screen
28f1aed5e0de6f88019b7ded5d2474b1,phone_money_transfer
d5a25a092a7e92e0ccda944028c18e75,statement
6b5e6cd25f1b0c615259a3536fad6283,main_screen
f06434ecae7ece9ed3e8cadcba2a1420,chat
aa6e3e332a256299b5ddc29489b480ca,main_screen
b8ac9ad1c4f2cfe836e0124a8a7f2f41,main_screen
aa1fe29012e8b15b4224190882b4b048,main_screen
166a25b6a37ad08afd6a533ed711cd73,phone_money_transfer
67fb8ec56cc104ed2423738485937f2a,statement
88d98abacf3522b0f31afe9b2891049b,main_screen
93e49e388491d2d2fc296a4e6cd09211,main_screen
77f13edc6bddd52ea829cd36f65ceb51,credit_info
56f2b0d31f199d07ba97e509217f5b5c,credit_info
fbc131c3f0dac8b57b42229837caed1d,main_screen
d4229593cbd205b6065fb77fd7d64e1e,main_screen
ccd17d4c63841c0c6f61fe06b621d378,mobile_recharge
4c91000e6c16c12587d63f1c0158045a,main_screen
34066d91c8629b6e139ded80e712c3a4,own_transfer
cefacd0ab0cf894ad34be1fd528e4995,credit_info
7cca2eee618b1c290c30f01b2f2ba20c,main_screen
c37a5cbca83912c09b39db930f3d82bb,credit_info
fdeedc112d601cc64bf42c140c3e4e98,main_screen
fd0f8df2fb8ffd046538bae6f8f8c9ef,statement
49106f4ef8d1090cf9ee8cb1c992daf4,credit_info
aaabc5a86918db928885f74489217ea9,main_screen
d469c2840c4f56648e9f959558e86eaf,main_screen
4e7b7939a947dac32ebece0f1f7aadb9,main_screen
7bb5f7ee47070389ed93ccbab0f967ee,credit_info
a456fc175addc1a0e16aa81fd31590a1,main_screen
367cc0a30ea0a5b8c883379879580af0,main_screen
8169b1a62eb3ee10028208835a0acad7,main_screen
bc9702d83818f14535303204967b2324,phone_money_transfer
2998cb0e1459e2f28ecd7c47c19e6ecd,statement
5d45fdd3707ce581883a79df86f48a6f,statement
c2be5761b95fa19eaa2e9ac5c5581dde,mobile_recharge
ce1c6abd010c91b60a207ecf0d7f46d3,main_screen
6a84fa92ff8803a9580e02baa32a06f4,main_screen
855b30dc9cf18060c71a5134c0db40fc,own_transfer
0b527e576c33b4383e1721710ef44a43,main_screen
66b65baaa48862f2cfaa910d912e485b,statement
32b4fe3ad72ddd5abbdba1574ec92366,statement
e35032ff304901c91495e6b95b69143c,main_screen
76f052032dac421f12ebabca8a928bfb,main_screen
345ccd13386486a6b9a6727fa8f772cc,credit_info
e07502def659e182cf9366e24dad4e64,credit_info
8e7f913e2a60fb065c2be7070c7d3937,statement
195c7cdac2a5c943619f36206b0306b2,main_screen
403b43f4f91c1b8fda19f222f9876c86,main_screen
b5f49221750c14fedc675037969fdaf6,statement
b0324b66d4b9f39e623503aa183a5a96,own_transfer
067b518e38e4c47569735bd6775b0441,main_screen
63ab8cb292b3346d89568d23e7d615b7,main_screen
db29d1d3eb388d310a139f23d4786e09,mobile_recharge
81122f5d06f8a29b857e1fc21da97ad6,phone_money_transfer
7a28864cd57124a03313816e782a9eba,main_screen
30be7f2ad9f4625a7009e5363439f3ee,statement
65ec1e8c194ba9f490e94d25fee4e83f,main_screen
7b811d505e622e7d5455101e9ae993bd,main_screen
0b7f8c33bf5709025054ebf13a2ce61f,credit_info
3fe96d30a858c86c81941771709ed512,main_screen
cd6f70bc8563dab873751b730b636080,main_screen
0f046d6f9046c1d648fb862aac331c76,credit_info
0186fd68b27b919c29eb7ff0cc401376,chat
461bd1f35632e15d67112bab0fcd9c91,main_screen
0d32980f7dfe4b347dc836f9426a2b4a,main_screen
0b52621ab95fb6533ad8b07b8d99ed3a,main_screen
b42cfe5f4d06c2fee8985b29863bd92b,main_screen
698d714e1569633c9410352f82eb6a5d,main_screen
5da7cfba9c19f968dc60bb2c8fa46d3b,credit_info
37f8188aae72b4358e1255dc932c5ed8,main_screen
ac837d2144b0f8c157cd101d62ca67d4,credit_info
46cb4b1217e0d3b7c5bdb3885bd1ccbb,credit_info
c8bab77dd90f90fba532ef5b7e44df47,main_screen
aeeefde44e32ca489e1e78b6c4ac352a,main_screen
73336b378fcb4533ad6d0dcdb74759f4,card_recharge
7093239faf117e09bee3c2cc4710a5a0,credit_info
25283d4bc4857b1d58b4d91286084c7a,card_recharge
6568616cb444cff87cc9c0befe9a7f25,main_screen
8ce58cbc0daba5f615c589475d688792,main_screen
df8ab1388d63d99e59004c0607c80c94,main_screen
af5de599a4a4fe589573c8f9dc2f3b47,main_screen
cbb08ef81a3976a0c64bedba7c2089d0,own_transfer
27391c38692b1c3c4f6f0247c3837b66,credit_info
2354d47972067dd924d970d59b64236a,statement
067062dcbe0d0d8463a4c73de6f4dcc7,credit_info
019dc906c69baf6f531ac67bea77a793,mobile_recharge
26a1f62de31efaef0875ca41405468d6,main_screen
ece907cb07997eaeb0ae7b95eb2fa212,main_screen
8dd135b12f4d8646f9994fb4b0d8e149,main_screen
20d6471e110fa68e85549658e7b190d7,statement
8d0e3afa24bda2d084403376eb2fa458,main_screen
554bf561ca194648226a2b0df6e7d5b0,main_screen
92f21380fd8148b11b659405cdddb0e5,statement
f497308b157d23df4900d4725e0664e2,credit_info
ba9af36ddc591178f112c0358273a605,main_screen
095f79ea02e080466637533781195445,statement
53167e168d76981c8c51c44a99144e82,statement
399ff12bbcfbf3da807ec8cbd1659882,main_screen
9eef1b13e1b641bb117b9246cbab50c0,chat
b0a75fc0f15bf993fcc5b6e0d61b15c0,statement
d06c92baabaf29461128ce8881194b4f,card_recharge
f4d0a8904f963a1360204a0d0b988231,main_screen
ea776f6c69b7ed54a65c40863ee54923,chat
118935385fe0b5ac8bb2671982d817d1,main_screen
22ce086be95de1ac6cdc7f4ce9291edd,credit_info
1f8ecd54c9b9bb915f0e9d587564b515,main_screen
76c3e4ab9f581ebfb669e2149de29e67,main_screen
eb708b87680aaf559d47fb8817ce8697,card_recharge
d7f7b66b1097f2ab0bae0cb1d5ff12e5,card_recharge
cbd90ebd5ab7876355b0940f89754872,main_screen
a4b0c48829ecd111e4ce63dd4a224710,main_screen
bab76adae4160c351ede661a92dc413a,credit_info
0044bab844fdcec8f9340e2c1cd38241,statement
713c7b876524e11e8a0cecd5acf023f7,card2card_transfer
7a71bbe1200cbbf969711e816341c804,mobile_recharge
0f1434929fc3005c099ce96a55391147,own_transfer
3d380cd38db4b06a1c55add090a81bf9,statement
bc0b18c0b8a97a8a02cd6d2e1f690e1d,statement
f23cb6542889e4ba1e729efc886347b4,main_screen
bf0e87077d3c20d2b47b0f07381402ba,main_screen
26f9e8ed6ce1c5f7f109cb5b69e08a2e,main_screen
1c3ba0713b475b2e778b59f95fae7034,main_screen
cc0cb98b82da17e99832169159a2cf97,statement
87109b0e1b0b83f89ab7139c5c7e6628,main_screen
e71b2d503be5ffa615a701c9d220c13f,main_screen
554fb77c7851abde76c141c7ff4a3121,main_screen
cb3a0fdec083be1b181af49a2aedfa09,statement
5df5a2f0f85654be7dcbedcce4f87d8c,own_transfer
2d63195a5a2f97bc81bd501126ae65a2,main_screen
1d617dab66c67e4ece75b041ce741b27,main_screen
2529063246659099c3aa15c979458056,main_screen
e7507d7d8bbdac4002567fa28df76528,credit_info
b981004a55e1ab058221888b5cb35745,main_screen
9ed2fd972858e6bc126009fdb664116b,main_screen
f0af66d716d909efc915eb6a2b7a7b69,statement
76ab9bf3d1880140cccb37273b154c05,card_recharge
a8ebca1baf85ac656d2ee9522469ce7b,statement
f9be981cbe782c5265cc52218e28cc17,credit_info
5b0a15d91f97dd8d7c407ec97d513f0b,statement
37c3a18dec024bd68637ef75a155eb66,credit_info
7b298253303edbe123b8316dff48407b,main_screen
4685ead29fc4bdaef9e660d682c693e5,main_screen
ffbe44e0ae513b0a49c8c55ff5fd4076,chat
1240d9aa6ae92a7fe354081991cff922,main_screen
25a6e013dbafcf55d048925026fb5e0c,statement
d44241e0004e0ebd713435c4293c991e,main_screen
3daa49de366e1056e7fe5bb0e1b776fb,credit_info
bacf8b322a3f2e74c99600e1c43df28e,main_screen
ca6d4f27714106329c9f23375ced80dd,main_screen
47886442270b48884e53d417f9bdebb2,credit_info
40790f55377a6e0258d86e84aa6c79d9,credit_info
c60fa78d337765efc20a193ff278a430,main_screen
6e049a5937cb620c06da63a9d1496417,credit_info
70d7ace5a5edbe100bcd69deeb1bf290,main_screen
f119f72f681803614ab562faa6763879,main_screen
a2d9bcf665f846c838d463fc5fd49b7f,card2card_transfer
8c66c1712e2d9008b17909322b39aab6,main_screen
01c650d69ed94b70571387c0fbe004cf,own_transfer
04c124074878b9cf967bef5e4dd4938e,credit_info
750c7db037cbc32c0e36dd32da598a2e,main_screen
df243b12b362427bf1a7684703dfb726,main_screen
e3b7ce3958f1f89f06851edb3cfba3e4,statement
b2c4ee96ac6c30b3784abbbb6b5bf8df,chat
039bb3e0bf2099eb53d76f701c8dd8c2,main_screen
1b54749b397460d18f0c0e52c43ff9a0,invest
8890f2b055d3ee85d29a3db55ac6bdda,phone_money_transfer
f180f3de608285218afbab63a3a06e60,credit_info
c4a565141f4769d66bce6df030958de3,chat
8a16e17b2b59f7f9281c09f3e671d26e,statement
36579c521668245b686411b6483be27d,statement
11bdd3e454752c276c92b53c6174785e,credit_info
278b91b729ddb172f4b172f1709731a1,credit_info
4aa498515861907bcd2a2f7796d6d9d7,card2card_transfer
4657568538071888b79e15f2666d8938,statement
94aa7c19f3b88d7dfb6225aba9a9b87c,statement
cb71c48df4f889158ec26c4019e4548e,main_screen
eb5b28733da1da1a89e61422b6eee72a,statement
4d6edddb025d5e4a36d824ba04f34efb,credit_info
1f8776c6226413de3957fc4276435ce5,phone_money_transfer
040b402c6a66da7cb579470f9859b381,main_screen
567d86cd38139ab67c1e5931754af65f,statement
acf540e8c27501fb022176e9a9d67096,main_screen
fe3f1765076ba3eef98dc6673e85b7b8,credit_info
dead2f378b0bdd95670939abae1e2fd3,own_transfer
03e790cf7c0ed880e38a842b9f304963,main_screen
0d3742bc76d06efce867fc57d801bd34,credit_info
66f36f9059c90083af8c65b082619b76,credit_info
8907991b364aafc8a4ce982336e77ba8,card_recharge
c4480160fd9fcf9279242706f6551a5e,main_screen
a830b88fc2f86678c639558b1b8f3487,main_screen
9d547b1e4d8553449c7c1f0af01b9475,main_screen
29679881a3b798beec937ed65b90fad9,main_screen
d0dc93856a63f13ef5f2886346b2216c,main_screen
e3d08054069511fafac1979132ad2881,card_recharge
fa1e2edaaf667605ee75e63c281720fc,main_screen
1e0680c966dfe616710fb59502262bce,main_screen
7ddefc024e1d17c438674b47ee25bac7,credit_info
3870198c0ac7ba98582edc8a93244a4d,chat
a27148301ef92f21e40b6e497153c192,statement
69024384ea695ea2fc8bb339e5cbf4da,card_recharge
1f1aa86f00cd5306789121abac3bf11e,main_screen
00c086505dd71f7dbf5a959d3e6c309a,phone_money_transfer
b00f494cebef80ae2b3e1f19ce49f6cb,chat
078b5969fc5095a9da3b2c388aaa3a09,main_screen
2316c8fb1c6f76e6e6482e838389a0f8,main_screen
6a576a80db32b93eb7b5e7f9cb8db78e,statement
bf0d425c27851f732608e8b2765fdfc7,main_screen
0011007b99340e8891f7227ec65da8a4,main_screen
ff159fe95610c9a23d63d3edc4da3007,mobile_recharge
48ad0bc6ab114b8c988f3aa2cb8a701d,credit_info
634f8798aa5b6dfee7b4bc6c64a151ee,main_screen
2687af79ca543d8b0ceaac7a53b9c009,main_screen
f90c3c2f43bd9973862cdc0c7cb2d44e,main_screen
3bdef04ca0c6c733c1464227c426b66c,main_screen
e50ccb5bf12b1b780cbda76971375f06,mobile_recharge
3f1a540d10c2f4a181a41524f7d687fb,main_screen
9a78bc9bdcb6397f5a551652735781e1,credit_info
4085bece143841ec09f6f5b0022bbbf1,statement
ce53abe07f195bf68d3db8a61248c219,main_screen
cb1d073707ea14b4af573283ed1fbf9e,mobile_recharge
edfc2da6a3c88712f46674f1db084c9e,phone_money_transfer
bb2990e869ba3548270febe5c8916730,main_screen
76e8753c11aa4280cf9eb049fd30cd11,credit_info
fbd843b0652a7a16bf8917564013e495,card_recharge
c8494c19bfd0a83fc793bd97ef9b4ef8,main_screen
843311f399e42eb7db2bfbd735fc9101,chat
24eb31de1cdfbeff18281a8aa0b7a51e,main_screen
6372047ab717f35e8ac9afb199bb338f,main_screen
cf7073c1301fc620cef1deacd09b845e,main_screen
2e47e52ce8e8f454730f9686ef66ef48,main_screen
818ff0cd556dea163b72a3efb9d6e17b,main_screen
5c76c0ca066450ff6942cea3878d7366,own_transfer
1fe2083fbe9a08a60b2a2859102c8d17,main_screen
0c74db48b0239711b003ac121be907d7,invest
a8cb72942b911ac99773d54aad44f1d2,main_screen
7a8928073fcaa6e435431d5724eb90b3,statement
3dfc21d4235ddf4ceaf4736c5711e3bb,main_screen
cc25776b17b3a848780c2d29d2861f5b,invest
4c6a129faff1d0be0c430546cf294da1,own_transfer
f7328f2efa09e914f44dbdeaf6621061,statement
d1ba73bf9044c3a7b8672e27e4db9c86,statement
ffdc542a62fa130fb87c16ee5bb06647,statement
9d1900c4cba95320d41657d2d926afbf,credit_info
f07ecce153d045d89f7634195a548840,main_screen
cf4a152c7ba30afb32c3559d7a51a2c1,main_screen
d2c27bffa329d8c1a8bae6a8eb633afd,own_transfer
f6effe77ee1a512128ab315d50e7a0e3,main_screen
82192e3f0199f25e8042522ed9af4187,main_screen
87d718640dab6ca5bf9f4ba158150592,main_screen
7e80a2997375b581d7980866ccf9b93c,mobile_recharge
2a9883a36d2f5601d541147e46046065,main_screen
7d4d5d753da19815d86513fae75cb088,main_screen
b627f15e177b0e7489652014aaa6621f,main_screen
b8428b9b96a12a26aa984493508b2549,main_screen
7789bb391bb99957b6b5d4f6ccfb0d5e,main_screen
438965b509c39bba72424ec636237916,main_screen
1978a68158e40a53d139f028a6228433,main_screen
f278b441a14551d5adc83f88ab599d8b,credit_info
689e27b0cdd0fefb277e0868a0d14288,main_screen
1ba07de63d2036f9d268a5fbea072d0e,credit_info
2d3a80392114ed2323b3f84e02141b3b,main_screen
d364ae717975bda5da7eae88f3ad2bfc,credit_info
d4718c866f3acb0fc72a9fbcace5a1a6,main_screen
021b260cbbb15306d281bb999fd4b000,phone_money_transfer
4a20e82219a15c847dbc6beabb7fa789,main_screen
7a55582d27fbad5de69cbb6f2113471e,main_screen
717deec34b1281e40459cfc5592d60fd,statement
2efdf989ea0ed06fe6c0a12e964d544b,credit_info
458c109c052026c97e280cb2b6d39d94,chat
c1ac5f785cb83257069ed67ddedb979a,main_screen
4cf43157f386802c63567751848de746,credit_info
eef014884132330bb863913880002d0b,credit_info
1f09c60f74298072b953509f80c1bb6b,main_screen
bbaf67998a1e5c2c59fe121b176a8832,phone_money_transfer
0281fb54c82af17d138007cfeea8048e,main_screen
c9d9b36120176238c805e226ed18ccfa,statement
78877b0e03e3f74790ba5e9011430f63,chat
755b61fc2b66efd47fa690d4f8c64895,main_screen
81426c8a7ccef2e37047d53339715ff1,statement
98f7c0aecedd8db1ee69dce14be0b030,statement
f7cac47a746312da5589cc2bfbfc2a96,main_screen
a9368788134eddeb2653b39465947140,own_transfer
df57fed88c731f09f2c2c874952467f2,card2card_transfer
3f240dfb7576a5547984f96cb83ea076,credit_info
899a2dd4fa83eac27028bf5f4832fc9e,main_screen
f6676d4455101f7ddb8177ffa60b5040,main_screen
04fd21a23cc109378454084b44329878,main_screen
92fe1b2cd804cb6bf132f49213347474,main_screen
8cd656036b0b68f74d1d0da18ccb2578,credit_info
7568cecb25071e09d201b017e78a5c67,chat
f1051570bb69546c7a4594277c15a72c,statement
8cd361c5efea981de6f5608d9a7fe326,credit_info
e95c09e7786e0910121f481600691d28,mobile_recharge
8e1b76fb4eed5a89cdc39218726db6c1,own_transfer
9b7af0cf8cc1c1f40aa6fc0496a5fd8b,own_transfer
9d9066515f5d8bc315e7d8df16e57685,mobile_recharge
87ca479430ec72f8092b04813d6425f5,own_transfer
d94e3cec200bf01c9ce17b617054f74f,credit_info
a51ab16f5d66eed62ee97ef99fed5743,statement
3ea0a94a4a587f3c562aff0ef1a6a8ee,card_recharge
77a00a33c48b4e084d43ab575ed3dc1c,statement
17513c7e6ee214be4604d07da87837b9,statement
3b343ab1bd4b9f93d18ed6d08880e1e2,card_recharge
1a850b7316396b1cb92f350bf72f5c5e,main_screen
634d315ab44dfc982db1943e568dbd01,credit_info
e40e0183fc6f83faac5dfb3a6eb6e91f,main_screen
cb1730f777fcc0c5992f5ad12cec36c4,main_screen
78bf63017c5901e4bffdc880698ea89f,main_screen
d48f0e9637d91761183dfb23a1e72e23,main_screen
6463bd07414215da6ebefadf0ec4fc8b,phone_money_transfer
312ad3559009a7554603659bbae400ae,statement
dcb6a2b2befc5f828807033ad34754b3,main_screen
3c5938b48193b4dd3d0890fd1aa770d8,chat
67435e3fc9e8f00af2e4bf8825b9accc,main_screen
5cd09f3a12097cd5664ed33a2b28e4f3,main_screen
f09529a603d8f77d2e7501bc3b27e997,credit_info
c0148f5ae67cb7735aaa71925e792d04,invest
faff31a0aed4305a21aeff161d3780b0,statement
385eefd944b8b7f91a0b46e69471b70c,main_screen
dcb502f87aaf795c288edef085380431,invest
508dc1d022a508e514b140518e649a99,main_screen
c150a90126ec8a9dc04d6073ea7f6e17,main_screen
a1cd9876f6df10ffe61215dfc3e23c84,card2card_transfer
a3cb0a254928430bec9d3a034cf399b8,own_transfer
d5b6e137cd9b92df76341e383393632f,mobile_recharge
06b99187ce69ab90c73c96be5cd03259,statement
e4ba2033ea5cd19b6802f3ea4dd8fe0f,main_screen
6b99b387b6cc20aa27768b045751a8a6,main_screen
94a84b23a732ad3cffc84f180887403c,main_screen
0f219f73f9eec185ca75be7e3567226b,statement
5690ed10988e7dc61e240ca934c85413,own_transfer
4d7537af9ce21952c0e2673bc2e947c8,main_screen
ce1a4ca32f038f375cb63d21d9a0604e,main_screen
ea700720944c1a8172fae6c6adea7129,main_screen
a5e664b2a79cb42065403adbb7055368,main_screen
d487f90c8fe431900d5a9974160be42a,main_screen
aedfffcf1c2e19d7c82533b3587d820f,phone_money_transfer
3358619998fddc20cffdc06a25484ca0,main_screen
a435a8e04b93dd76712ea1d88c8bae90,main_screen
fee9b07280d6b7f1ea4262eb8a26d2a0,credit_info
553a3a6a5b6165e92336eac9aa6fb0e0,card_recharge
31e66ea83509bc8c3942554338245b8c,own_transfer
4ef5bba943004b6f62dc8b14efbc3075,chat
99d89c6e457e94daf69c6013de4c13ec,main_screen
f0c1e9d7f2377173f0ccbe67350d020f,main_screen
aec72780ba4f0cd246b54f086c489a2a,main_screen
f229cfb4bf9b12d0af1da7de0111822e,main_screen
5e7773bed5a624fb695c10afc7bd0cbd,main_screen
c42983443fb0adbbbcfe9e394ac42209,main_screen
af245d3b265cad48642120ae4454be38,phone_money_transfer
fe1944815bd62e1d1ce74df37ab0094b,statement
f3fd1cae1550c5141154cf9038d44f66,phone_money_transfer
da6d4496bb612ccaff614b94b49260f7,own_transfer
85543fd41ce5fcdb7ac1e6e4c52ccce2,main_screen
518c69fc91dae115874e95e47039b43b,mobile_recharge
e5c56ba289525f0d9a98080c39cb4929,card_recharge
a1bac702b96c4efa504af988f46dd6fb,main_screen
3eb529d642ec747581f76235fb6c1051,statement
1843b14760c279dd5c9169fdfdfc6d1c,main_screen
9c5d296839dc8795f10190e21d5f51d4,credit_info
a29c42b59f9f8c35dae6f07a8942ff9f,main_screen
4695fde1e88b45c5e2cb7febf68dca47,statement
d8ec52f2e7f169559a6f0ba557a0333a,main_screen
ae1ea539e4887db1be8cbbbc34064b35,main_screen
d02325907830618c5721d7ab7187a5ac,credit_info
138e375893d48522fff137cef7899394,main_screen
88cbd289da5979daed81319c7960b4da,card_recharge
35fc7dec6a2bb815d0ddfac3ff0cbdd7,credit_info
325e3161bb98f22989d7b4181696fae8,chat
94552690a737b798f7133817ac3aba56,chat
195f87d2856f2f345e896c7db6abdc71,main_screen
97d1e444bf146b9bf13ca4cbca955b02,main_screen
58d9a9a5c400ebf0f9f9d6fc530c5b3e,main_screen
ac48f34bce79e40a7f1af6ee606b6f68,card_recharge
13a62f554e8413fc48486d3ecf81e6a5,statement
529a87a817ac16f3e3e59faf1751cca0,main_screen
e6da6a614b84918d3fb89aabfb14cfc5,statement
09a2e9c565d6532fa411f4bf500ddfba,main_screen
deb339eb08508b4c95564b958f2d03bf,main_screen
8f7320b7afd495911baca5d5f29921d0,credit_info
6eb613b9dd20b9a3203a3d185adc52c6,main_screen
29004438c2234c6e185bcb4ab1320f88,main_screen
2efc0f2484c56eb3f99f5152c72ac25b,main_screen
6039d315362145c0cff10f754f187889,mobile_recharge
df775e31fdf30062917f02718a62273e,mobile_recharge
a75fa808b763c163c5952e0a942708f7,main_screen
64ca3e2920eed79b3b0a2cd840978803,main_screen
0a82940003aaeeb2bca10eead31c437a,credit_info
2613a7539c2267eea790428631459b74,main_screen
79b9cf02241f76831e89e567dd8498e8,main_screen
e4462e15e8497e915a40a34adb93f6b1,own_transfer
d1c5e6469e72604113185b9d98d7ea13,credit_info
eed13eeb081c96c39721ac1713c93c5a,card2card_transfer
531c6271bb3cbc0d3c105889bf3a9946,statement
510053317f57f5b92b6bdcd9557cbe33,main_screen
a6da9671198b0a333e05f1418051c6eb,chat
602de51ed7b20f2af5c5374d69f0a886,main_screen
0a7d5f445c60215437f082cf6919adb9,main_screen
68951004decf0f10130fc58f3aad8f92,mobile_recharge
ca32a6d8c315565677a264df9e39a0aa,invest
d6c1858ea2a5c0d63adba4e25daaaeae,statement
5a8757d200eb07699a77962cae985f66,statement
7ffba80a8b15e7153b8b41cf0bafb5cb,chat
1601165ecc542b2651d7405d020836bc,main_screen
e866bebcf8ae8b67303ff8272d64289e,main_screen
58eb3da228e62269525772306bc6201b,credit_info
d18bb0abf3ff33627fbd163d3034f16d,statement
d1216c383562f68e1499fe66a85f867e,main_screen
4cbc1e0903a78a5dabaa06bc2ebc67e1,credit_info
4f9f45991e1f40c8657200b34ec58dd1,credit_info
273c758aa52e732c1ffa6ce806157327,main_screen
dd09a38d56fb2a99bc6b1ce8d4c31d8b,main_screen
39a4c6735d7b2f443b3966e3279cb935,main_screen
699b00d5db18bafd743d54a6aa5ec8fd,main_screen
24f7e57f2a45f0cd67fcc54671e243a1,chat
50780529fe845175d5e6d77272342f23,statement
afffab2e32aae2f660cd8a7fa8be0929,main_screen
70c92e56b83e6f7bf0e943ebb06913fa,statement
fd124773d5d7512e9eafd15b9e664871,phone_money_transfer
5cc3468c0d60ad9e99b5694b3434e553,card_recharge
bdaf9cdbe97b0a29ecfbf720441dfa48,chat
b267e4412ee5662bca016dd74a8095da,statement
e70a0df55cf12abaf370ef0ee9e6f2ca,main_screen
31c253887f9727ce659d733233396fd5,statement
8429580a893981d6d2d0ecb42806aa5e,main_screen
4b937945185e59b997aa5706572d0723,credit_info
a64164b9e89582ef2ca5cb4c762ad556,phone_money_transfer
1d75a64cb7e5891dd48431c0e30ac599,main_screen
9deb3b96a3fd49a3949e64785feaf7ac,main_screen
416a99df2898c1e9cc92c8dbc6cc2b20,main_screen
0c14558443fea2e71249294fec206b90,credit_info
9d20b888d9d7436e02da7062a2ad7ac2,main_screen
51674502679b7f409af33694d927ebb7,mobile_recharge
03b119598f60c4a6f773661de738bbcf,statement
49d9a166e69dd4ec1d0aa2ee649b4709,main_screen
6b630b5e90e4910ef5954781faf60825,main_screen
aa9acd35a1483d2ee8542f36b140385f,credit_info
1fc01d83450317fbc5f18b17f21e3b8e,own_transfer
456cf4af8c6793cc81ab21f07e482a52,main_screen
95173255ea7fe5be7d9e1d3813cd77ac,statement
a931484e96fc9a5fb833c847a5c70515,credit_info
e6431fed5e1d38fb8a4378a7fd4f1420,statement
54e711b0701cde548414b7f1a8018a9f,main_screen
13dd78d041d2f6b9419e36df2350be03,statement
0cb1b75c679e385a5e4722764a58c38d,credit_info
0ceb98aee083cee6af0333502ee9aed2,main_screen
ab2008145b8792796c52cefc818eb976,credit_info
fef26f94fadf496cae287dca1c314636,chat
73d2887f8dcc5ecb3bf1ff4ee45b9dbf,credit_info
9410e250eca5d7b25d7dfe70fa75fc02,own_transfer
67c2ad5b566f029cc183be0c6358fb62,credit_info
03ee1cef2630d9230dfb188ecbe4db92,credit_info
1a05ec34ac2b7c2ea12e80336174ad7a,main_screen
149194422038d719285d8eef8a3990ba,card_recharge
3e433bf32346fde3cc973b0d47bfa34f,phone_money_transfer
077006adbb6ac587303776c9b478bbc5,main_screen
4a5879795c3f6cd4bf10ce87d776faa2,statement
70a7c3b69576822271f0691207e13e03,own_transfer
8f85c11944d23dc57cb008ac446c6c73,credit_info
1d7e7d8614f7f43a6d73bff577d0bddb,main_screen
13824c087161d845bb1c999fe95d6398,main_screen
e491bee2672be7f93349ec901ffc87c2,own_transfer
7c8ad9ceb8162e3fe11162b637ec2b40,statement
88d746455cb7863b122c6695e25903ab,statement
a4ca77120e774d7cb2e560052c3b7c39,statement
a885ab77d2609fb7b827a214e869607f,main_screen
248117e705053721e0e8681af907e008,main_screen
483940036386c96930c5fca862387060,chat
c738aac6f3d3ed5f6e2d7b01b2faef72,main_screen
a022d7d89dfc396a578f188379d6a437,credit_info
72850998f6c7969609d1b9314d2ba9db,card_recharge
b920fd96c1550378ab866dcb03621639,credit_info
e7acc79dfaa91a8cb69d8a8e45c7c64f,main_screen
e318295138c382fb580e3cd04d3611f5,statement
0c4c940c5578b577e93efdef59dd536a,invest
e300c285d8640777f84301837f98bde8,own_transfer
68f7de761b6548c8f656984f11add40f,statement
b9452ad3ddf473d552d1784d0b896790,main_screen
68104d22ba8af43438029e0f9cb3d6a5,credit_info
0d988dad6654a882d702060a098399e6,statement
ecb070f6d16a7b716d298b93a6439e74,statement
73358a18d3234b999b129a8bcd38750d,credit_info
93f4cb7e481a7a11b45901c1a2898e6d,invest
c8b9d57190281b7967563a60e8d2a392,main_screen
b9d449e361f6ef7720740db227ced8d2,phone_money_transfer
559efbfb5055fa13a99166965a65208c,credit_info
12a6d415f2a811defab4b05d208d0bba,main_screen
72ca6c71c60ec0e0073325801dca900a,main_screen
4b9341010efcbb796f2f1ac7aeae2d0f,credit_info
df6368d546cac883d55647fae491b22b,credit_info
78f14fbb21397013bc660cb34e338f66,phone_money_transfer
e27202af9189b8cb5ce6567cbc3cbcb8,phone_money_transfer
a06c9a4f86533e42a12a8cded7932972,credit_info
6feb81143e52dffc068dc8632eba3b3c,main_screen
cd39da7490df0e953cf330cea9884dcb,main_screen
33375e3407c7ce9608f933de8887ae9e,main_screen
ea05d5ec7372816bbbc00fbc493c2e13,main_screen
f194590238ccad1f84d62b4cf994ccf4,main_screen
e7c402b6c98c48dff54793a4a8dcb2d3,main_screen
2440fda4a62aa1cf60729251a3d2d34f,own_transfer
0f3eba1d242f60289bdd20c1ef2ae142,statement
e4ebc82b5c783b5ae555d15fbc8dc145,main_screen
02dacb0498ec8b8ce363dea891efe28b,statement
a27012ecec4c8ae4dc19c3abf137a32a,statement
aeb5188b86736776d583b08980bfa827,main_screen
1aa7f54e55ae569c61527d9a1bf0fb55,own_transfer
010cc4f00fbe1a8decac16a90e8c355f,main_screen
409bdf1e57a90f79020c0195aadb861c,own_transfer
56e042c9f732da4f521f62664dde54c3,main_screen
861cd369c2d44ee2db13d0cdbe1543ad,card2card_transfer
1d34c3ea4d751f71e9f0ce9ac52f9304,main_screen
6d765918c69bbc4dc33da67563adce15,main_screen
6823854bc868d3d0bd85748c071b1c56,statement
3adfbda09cc787fadf212db0b71ce8c2,card_recharge
87d8a5ead09c6fdc76e1f8b5435693db,card2card_transfer
f8ae0cf709bae7760888c2a1497529a1,credit_info
456b884e6199d7d1b71abac6c02173f6,credit_info
7f516a062c3c96a0c0ba23032f52a897,main_screen
bc8c5bec2c1f9421596b1dcf1a0cc2fa,main_screen
31e3e844cfdc62aceb6eefcec8f45ea3,credit_info
7def5c15ece03c964f5eb295b736d186,own_transfer
5d4971e80316d3fd10920dcc18e63419,credit_info
b8c59c0cf3d271758a61b4d9c1038f60,credit_info
4ab8c7b2f12df0422faaa9f92e43aae0,main_screen
f521cc19b5af2120a3f99ff5d5028fdb,main_screen
e70f7a98b4d6b53887c66f717528b703,main_screen
be605aebc3e20821a08be99782d3fead,main_screen
3fa99daac2157145d1cc8eccd8165fbd,main_screen
2a71a4972073dd5310d021ac167983e5,own_transfer
55d7490d32ad213467a35c0efd32731c,main_screen
2732896d8aa343a1404535307021d5d8,statement
259446cdb160e6699e25e4f983ccabee,statement
4be49784a99a02de3af40db4c629f69a,main_screen
d192a59699ad304ca8aaa74b4632cfce,credit_info
69e3cf0601a0f97744b23e30819e9e9e,statement
77020899c27adb5de30e643116c649b4,card2card_transfer
a470fcba672eca95faec3124d3a75b2c,main_screen
4dca24b7b215d4832a2e4a68b77736ff,card2card_transfer
45800f30f278baf5396c88702e39b84c,main_screen
5221e4f248bfefa286b14a2d19e0e039,statement
b1fbf56f230e8dc9e683e76a413fcbae,credit_info
dd49ba578fa28af82388a94830ba8336,card2card_transfer
3b64e30709b62a6d483614cd0d1e8128,credit_info
50e0fdfab23f1b718fbab4725ff99208,credit_info
719b067e25c7dcad7e1c16302e6dd26b,main_screen
13b2d2e706a9e6964182a350e5026cfb,main_screen
79269ec7eae2c4cc3fd72117046ace2f,main_screen
0ba9fabfa7dbd814c5de67f73fc8d04d,main_screen
fb00a7ff4e607ad65a902418bce975ba,main_screen
1ca4b4e696b66e6547df22b8bb6b73e3,main_screen
30139349c3baf58afd955dbe903c6373,statement
5d1e5389cd8c6d83eecf980f41ac2c92,main_screen
b2fe9e9534a7fbf4ec3f4c2406a8f10f,main_screen
6d1fd58d277e71672449298cb66268db,main_screen
e9df580106c62755afecfd287fd00a20,card2card_transfer
16febfc2036b17617ef226f76256e5d1,mobile_recharge
346895c0b67fa3d0b21df20c69d528ce,main_screen
8cb4032cc254546105e9967c4028827f,own_transfer
f60bf21dfe61854dc16f31801e425b9e,card_recharge
d400bcf00d7c3b45336fbb5023643cd3,main_screen
64e76d2fe06895805ebbdb56865f18c8,statement
15f3a4c8e5af3a4090740de0f1b38869,credit_info
8dad3830383a69a8867fa33136e093fa,main_screen
4318dac10c237ac5977d0c5b977d70a8,main_screen
ed34c974317257d1ade3060370535c3a,credit_info
df23ac743a7b3b6d36e91a09f3cc7b51,main_screen
2897f1ba8d5e03f3bdb505bb8e5177f8,credit_info
52c10fa4fc0f6aa4b2d7b0e13cf3696e,main_screen
f9a15cdbd9b7341d84071a5e9045c129,main_screen
1466dfec509e9d650bb153ad455dfcb1,main_screen
d2d210b199ab8802b6d44f5db4459151,own_transfer
ca0a5c5c04fb411d655f49eb02c6f652,credit_info
cb2d6df76f49d238ddcfd819db47e2d4,main_screen
8c115e43f4e442fe4ad242ce84277282,statement
d6feb8907864da81f6cbd1e6c8b0f61c,card2card_transfer
9cda496e43426318ac159b44fe0c6d79,main_screen
4170719230a5030e7790566801fda908,main_screen
7b5dc3ebaa407973306af5ef3cde8fcd,main_screen
38942690d41dcf77f9707cc4b6c2be04,own_transfer
463d9031e8898b3ae5d6eaaee4ecdd5d,main_screen
f64de9879aae6c47f1dc7ad416c365a6,credit_info
865e81e64dc839380578fe13769e251e,statement
6817e1e3acc41b6f2b027ee812d87ea6,credit_info
10bb736a60f74f948ccdea82f9720bfa,chat
fdc9fc03dd7ea85bc9026ad960fbc48d,main_screen
a3fd973b52944be208588282605e90f3,invest
bb2dcd9e33ef2f53dc0298135fdf4f6b,chat
ecb75d065a60c534ae5c44e9bf891d8f,main_screen
0167172de24b38ad4d69dc2fc04d6a11,credit_info
fa7073f261048636ffc71269cc43390c,statement
a48abf4440da7d5743953ec543c07ccd,mobile_recharge
50080ed1ee174671334ce14d77161c76,card_recharge
9a970912a2aeb11eeed8de39a86ecd85,phone_money_transfer
b6ca07b456184637b00c37badade2ccf,own_transfer
72b561d269defc7655e2312e8f55f8b5,main_screen
84ed1f0bd6180ac94e0d9a837ba169bb,main_screen
737e51696fa150f11b4b142b2357c7ac,invest
8551fe6baa6ee112a1c60d9e31be11c5,statement
9e847f5f8963eccc891a9cefa2361f36,main_screen
61c0b200ce5ef580d5fd512e4ee400f7,card_recharge
be44f3f1a5817226e279bae01d06fcfd,statement
3253cb8121873e28f25f0b58349e3241,credit_info
a3be7b84aaa3205f1aa19d8811063b6e,main_screen
b5d29f684ebcc021d695ce35fa0871f0,mobile_recharge
05905de629f0e03e1e6c05a4fb86298a,card2card_transfer
7763ce9df265af03ab4a7aafca6bd76f,statement
157208b882b961ff485894a233cbbfc2,card2card_transfer
107f334ac419eb7d1891761700a0d9f8,credit_info
1245f5c071b0ae0bc9e044b764970694,main_screen
52021ff94b0c1098d8400382a3da57e4,statement
821c250c053c109fc51b7d226cc3a441,mobile_recharge
b8ab68779ec98a801433a1237a716faa,phone_money_transfer
fe8f7ea377e618bac68d697655f89d97,main_screen
c9210b70c0210b896839e712beb1aab2,main_screen
1ad629ef57e9fced9f9544310400cb1c,main_screen
da98ad94e375834784350d69fa185785,main_screen
12d2a23b565448d8680b4c2b6d351639,statement
40bc6280154dc400d79ab4d9a0dfbb9d,main_screen
6598a8680f103c408e8f330b488c4285,main_screen
62aba6081cafea7e9b8bfae4ceeea92b,statement
952defc41ca2430ce46308951203c566,main_screen
6c9a9115117bbb90b5e9bb1b190b1b11,chat
9a819fe80fb4123aa2857f70ec27c6c0,main_screen
ab23d4be1568f7ffb6d91a3eb15c967c,card2card_transfer
341d37c98f1afea938ba796ec7c827ef,card_recharge
280034cd65309a87e5433f3376807fb9,card_recharge
d03bc5c4e54638de6b5e6722d71a1c7b,main_screen
f2d054b929c1cc97fbcbaafe9d60cbcb,main_screen
fcef57da1aabc3d9d4ee110a50d17723,chat
8cad6c04ce35f237707c65290274ff16,main_screen
9784e13b90c020f49bafa6c4a3f1b422,main_screen
67bf9a230db3b8dc66a0d7a40af5949f,credit_info
b5379c2693811a5c55445371ac3f7430,statement
3ac35c7a6929b4aaddf13dc03e4d5e41,main_screen
4cc4b8fd3a001f13c306f3afa89fbc27,statement
aafcb1717ae7127aa8b25e8774e1de97,invest
7daa1ae00ba942fc6a28233a0fc8c6f0,main_screen
794b12e9a525fb3be3dce207ecea9fc6,main_screen
446d8e573ad0cdaf301deeb5d4c3352f,credit_info
61c5e001f2384ec85669c7f55eacefd6,invest
c6aa7c05c37c5d398d2374bc8b15d075,main_screen
1542dd92bb20a5e53325c9fda48d2a0e,main_screen
d8d292ef3d01aeb8a16a9a4f2bbe9ea3,main_screen
a3db5994fac3180a439a2c33e5d4cf4e,own_transfer
5b6585baf12b49bb24e664f22c2b969b,main_screen
9929317c01fd4f403f6da12e211cd28f,mobile_recharge
f81064c0c007d2b3b8c03db76ba9d79f,main_screen
b422ec2be27f92a210904e5cef58e34f,statement
832e5439614bc19f60c7c98ba189f49c,statement
a048887119a7052c9e2610ccc97038a2,statement
ced3d9e234cf68ee2504f137087926d1,credit_info
d4c9982fa0776aacbf08b8eecf82f88d,own_transfer
1b47ab2cb1a135ca1aa8631924135118,main_screen
2c3df048d3fb1135a5b3681a4292a8d0,chat
486ecd3e577e0f7b625ad66c535b742b,main_screen
fc762edef4e2c2717fb1b8ad068236af,main_screen
2de68c0aee7496b46b5fc05a3a9c3448,main_screen
4bae59769e5f0c545d17320958a8ab31,phone_money_transfer
2d6982651b5c4495fb8e4e17a4c7a81a,statement
a02b7f275c9c4958e88f603275e18a61,credit_info
eb2257d7e7102c75bfe2da5d7433be06,main_screen
a487c0d830006d80580d24e60857b81b,chat
67f2abde947cfa7c0433cfa25e758603,credit_info
8cc93a74a2588dc24734ac12f7267a18,main_screen
b8b02d3647bb87d8663216a21f7e268f,own_transfer
b864c16479a78ffb6428925fc9b482d5,main_screen
5915111f647bdecb1b8251207dbd8d96,chat
ff380671f101ba13291dca6e8ffd4530,main_screen
af731a71a170205f4953c9b31034f665,main_screen
23d79bc3b90ab55854288615d03e1362,main_screen
093008a374a15518fcab54cb011ddcfe,main_screen
b39ef5153a48888794a4d1b8a560e27c,chat
7300e61c4900ee20fdda0880b7dbbad1,main_screen
01bd430afa8314559745792139a053b7,statement
0fb5303b1562f2b39c1dfa9372ed733c,statement
8576e8b1733066efe81867f532354fb9,card2card_transfer
8a865b627a217ea1af05daef24228a98,credit_info
f3f0ed6c40d05770ad4a6801db61d1df,main_screen
14005aaa1d01241e93f699819d199438,credit_info
0770e6ff60d30133f336ff6e4cb434c8,statement
cc5f7d33fab161b6671080e8df320435,statement
993a90cc716e4927e47ce7e0c32d7b06,own_transfer
8abca0e397eb978290400e949c22caa6,phone_money_transfer
424643e58790cf6b1a1ae63a52c1eec4,main_screen
310a5c9cc6b1cb3786661c4712fb5fcd,statement
a754588ba644a13b70c5b92b297d33ee,statement
226206b266d2ee12ecaf8c985756ff74,main_screen
24e4c2f1159d695989d6d682b74a6b34,credit_info
07948305ed980cd96fd5ddbfcbe955c0,main_screen
d844b6ff71cd73644039273529b48808,credit_info
870817ede1db75df37e18a0ea9a50167,main_screen
331dcc538aad4848a70ce1c3d541ef98,chat
cc874c341c940b6d514ade4b3f6cd2ba,statement
005e66a42ca589c88be282db27b30a89,main_screen
6313c27a9337eb71954be835b50f0692,main_screen
6ef421e1045df8871adf3596da50826f,chat
45a7e224e7128dae31ef6e0d04c70dba,main_screen
dcec6d5b007947c8b5695d55ccf71c22,main_screen
6746b6ed8cf6b2c3687cdc24e3ead93c,credit_info
0997ca02911a73f087b1af59adfa282a,main_screen
f43b6a3851dd597cea1170db676eb14b,statement
4d9584c981e6279ae5e117a2f6a03500,main_screen
c4c229c91c084dc31dc6b04f532275dc,main_screen
a274cf20ecb920f74cc18b40c1d111dd,statement
a3df5ab762edfb0f7318fd426d9ad726,main_screen
3fb7ae741419eafe533f0e46ace5248a,main_screen
c3a2271e96cdd844c9e085d47e29e84a,statement
2cb7d8b887944f196b44eec3ab6c8b07,main_screen
878c20368e9d0a42a52b170f80d3f0ed,statement
3489d64ac6effca2f71f82718db86585,credit_info
fcd51cdb5c40ec210bfd2f75f37b09f2,credit_info
b6ef443e4e65ec31b631c47925120ff3,main_screen
4c965120daa608d40e149f778f7498ae,main_screen
809268af8daee51014f7d9cccb290c73,own_transfer
2695a37d77bb849405f9b63b34e19973,own_transfer
aaaa069014bcda5d459875afaa5bbfee,statement
4f0558c2d647bbc889fc7f88635ed94b,credit_info
b1ecb8b6ed4b72744b6c9810fcd4d814,statement
7546c370898f14d392e678d71bb1270e,statement
68c1925ab263a6416a9bbd153f4b2d73,invest
07d3dd50f1c55b2ff829011197ca3d03,statement
8cc3f05e95535f2c813d92c950fd7891,card2card_transfer
4ed94a7d92aa30735e3ebe82ceeb1558,credit_info
ffe53c64f4501af5a643ce187dfd253d,statement
da054815ee37f5a4b5eb07bf88a6b903,main_screen
e09e7dfd1ef182a6620d24b348cf2eea,main_screen
69737f8a846b3330fb5841b60bcb0b8a,statement
404038bf3e21d5e8ed22c73af4849014,main_screen
ecaceafd7c898f8fd054798854075cf9,card_recharge
037dc6bb4963a1bd3be182be9e372946,main_screen
828db3305d77c839c788d3a02ebc02a6,main_screen
2f15bbdc8a49a83bfcdd581a3c7fd675,credit_info
23f2c441494c6d63b45515c3f2714070,card_recharge
fd02348379753608819d33d6197df966,main_screen
209705305a7d0a27a48edd40a3845182,own_transfer
9409de43db83712d3a40bd7a0d6e308a,main_screen
68abadfee59b4999fbd8349eb9805279,main_screen
7d5d3f9caba1aac617b8971b89231604,main_screen
36c8bf063f556c0de621fd2fc36ca7a4,main_screen
7f04a85aa7fb108bc44ca648d6272a0f,statement
51d1848a0c270635ef52494cb7a7743e,main_screen
95d13ea382161a0b1b25caa28e58867f,main_screen
8a1db41acca00474327daedfc3ec2f12,main_screen
0daac45413d1593a5b1697982ba4e1c4,statement
fc5ba6e73a4f516bf7ddda26e15dea47,main_screen
3cc5f81b7323b04872e4d50b91a1830b,card_recharge
b805c15b13f8cbda5146b08e7462db07,credit_info
7303bbe42f3a36c18c3fe2cf6d4265e4,chat
7229c65289fcd1f90c123aab64970a4e,main_screen
6fc977a03ff474ac8f9b1dd786732c01,main_screen
45ce8038236b341c8cf2f5f2e05bcf5c,statement
b5fb2ac9a83d1e2a68b4d3ec330ec7c5,statement
7ff21fef3614ef04e935eb7689779915,credit_info
46e9f5fee2d2faab756d0ce0015833bf,chat
d215a0d7d6d84c92a71e3e081a022ff1,credit_info
492a43e8f7eb7679059355c34f14ca60,main_screen
1a3a66384d84458387fc1cec26836c32,chat
52654cf97b9d1e89566d925d34db9aa7,main_screen
e413c7d62cb70b2e02ce8c84f049e18a,credit_info
06dd9e587bcb6bee9e8caa9f449cd2fb,statement
9056758be196085e4c2df7b5956e7bc6,statement
ab7c523b88cb77e1f717412902615963,card_recharge
09ba52f34f2a66c45ff2763cf1aedf9b,main_screen
25144524783da6ebd5a6e279844a965e,main_screen
70632000a5ef4829dc6bf875b1752ec2,credit_info
734e2a6124e5ca0fab2e93143b2cc033,statement
9eb24379e536fa140755c9c235c3997e,credit_info
57019a3cf2e80c66d2c6565f8813454f,chat
6291153c7b5cb7683627779c9820fb9b,mobile_recharge
d166db5f70dc5f672c86998074f5b1e8,main_screen
b767eb69c8e1cc4869f27be33e23bcbb,credit_info
80d7c8ee70cd480f1f05c128560d0416,credit_info
70bb1631cb74a721737e5d2cbe2cbbe2,own_transfer
df2380555809a8b9b855523728828f3a,main_screen
050e0fdba3abfa793a048de503c0620e,main_screen
a3f985997a1b7ae27e4b46a9428b5267,statement
35290e9700aa223e052b6cb075e58834,card_recharge
71c41cc31c47f8d8eca0ed833f4c7547,main_screen
eafbf5909f4873c1d3a116828cc5d9a3,main_screen
d8e191705abfb8fa3a95b3be8b35a179,main_screen
a6f49fdc4bb787f9926b8ecb595314bb,card_recharge
893a333100c3bff6178d2ccf08a7e408,main_screen
c76ed2c9be8ece303e75c58c0bac11aa,card2card_transfer
78f38c4a56583d15581b8c8e673eecd1,main_screen
2f3f9c13e47a18f732edf92b2cf9b46c,phone_money_transfer
bcec2c9d57bdfa1a81c898a86d4c7e12,main_screen
39047e6ced0003b60554b69060df9a60,main_screen
2f698cc57272dbad2c391c7128dc045a,chat
5970410cb7315ae0f90a579e55fee194,credit_info
d329badb0f458a7fdd61fa01d03932d4,main_screen
9920fbb01d0ea556afc628c918405768,main_screen
1899d383c84a6ab90420e0913f8c28c7,mobile_recharge
6ca9e092297f10c586e19ace87bc90e0,chat
0b583a971b2d10e268377af9d41b7663,main_screen
e8e799acb0f64e6fde646b8c1171e42f,main_screen
6c4cd28f23b7dc828619b2da779631bc,card_recharge
f403484b866966472f91fa0b05c9f0a1,chat
15c18b98090982fd1aa42e6b49322cf6,own_transfer
a26d95f5b339f1ae51f519910cedae47,own_transfer
0f4633a1dc3d66d2312d61baba653fe9,main_screen
99512462ae13ba8194583a6fed406b14,statement
9b737bbe42c1d2114cb703edd2b2baec,statement
e4b98c84087361b56979bd67a34c3524,main_screen
5ead370875e62f12df789f4beb9b257a,statement
d1fd9183fe4bb55876e67237b2610a6a,main_screen
750d9f7b2a35f849930b1f55fa082a62,main_screen
1c6509692486a23bf54d9bc4a43dcf99,main_screen
13ef2df0a5863da278821281b12e8784,main_screen
f3d98293b914b47a27a8a4bd380c171c,card_recharge
983114dbaee31d5e3400f350ec48f5da,main_screen
90ceda34a14c1de02ef779c52a9dcdb8,statement
cd957c29e63e60961acace846fb76849,main_screen
2fc7134d1f98e28f056506a667f76d78,main_screen
09ca73a0c71e311fa3f4e43e1aed64b0,chat
c6f578a8afde2b12bac9f9deb792b308,main_screen
1187841755fb7086006cf122c7a7dfd3,statement
ab4a51eb78a89dc7c43de1926c50a11a,statement
ee1aa9a9277598a8cc2c571a9311ea5e,main_screen
4665cb7383e6511930d5ef3958b29791,main_screen
1851932f1f3a49bc9626b4d13c9b6a79,mobile_recharge
6db76e2771f37c683c508d6c3b67f69e,main_screen
6d87e70433ee3b95b7e733cedeb0b013,main_screen
a366cf5120c201eac003a6455ee65e1d,own_transfer
51936348a3d96b245ca821be23c62e20,main_screen
9b957ad50991c640e950a8b43cf0ce4c,phone_money_transfer
799b181ba21b4442eecd7cfbfc4844e9,credit_info
3b5e15f44a28da756bee61a08c7844f4,main_screen
559e5233676e86445257c219e0ce6e92,main_screen
47af573a1b9a45a4bc4cf8e57bf88d73,statement
e1e593226921618e4d695e97d4de5649,main_screen
c515c3eb29a9ad98dfd5d20f21e0dd5c,main_screen
c8001e0c0e154109b48b71e3696020f7,main_screen
ac1b69c1a372e940957acffeffc873e3,main_screen
6965c69f306eccf46b14fb5319f3d118,mobile_recharge
45111504b380f5fe1fc8226d221aa650,statement
20fe053ea3256c464f59f5af810d1082,credit_info
ddc1caec58d82b849b28b580928b7af8,main_screen
cae47df63dc8c1f19b524feed4b761e2,main_screen
1e272d10aeeb9053c96c06ae6eff443c,main_screen
00d92b3f36dd1acbcb15d81502bc1915,main_screen
62918b8d3c077d9b5693d493c4824087,main_screen
3b00fbefdb61ca2866fe1650324fcf17,main_screen
5745fe48c079e3622c57abeb9d7dadf8,main_screen
bcc6aebfd77aedc484698b87d78026a2,statement
59d6b921e065014580cbf8808176d63e,credit_info
f9d688ec482c7b0947f1419a06644bef,statement
509bd49934d69876ccf796450c00c87a,main_screen
44ac572f6b8e8ab0a9e17d317e734156,main_screen
5dcb5d91f732f45979e96def5acd171d,own_transfer
a7cc95474b0afe4b879522a1e3dcc0c5,main_screen
aa294ffdb7fac3e3d25da208d23dda2a,own_transfer
35a1464cb0b942f122bd34e447cc49ea,main_screen
1660cfc6b3566e197129e5b8f4c68a3d,main_screen
6368bcadcf59702316e589bf28a4a51e,main_screen
346935df76357f43b707ea9584705fa3,statement
ce38c3f707787a36777e6fbd64f00d1f,main_screen
d6abdf1d5bd5dee8280024e15758b43e,statement
aba28fba1e01cdf38f713495f03c178e,main_screen
7e4832ee2883f3f91dacb7033ce20866,own_transfer
2a6967294c5dbd13d519fd8c69a83044,card2card_transfer
89283da58819d7c98010595cd8385ff9,main_screen
f17e38e2e6eb95ebd7396ec6c5c9bc60,main_screen
92e8b0507a41bcd4e0d298fddecf2b65,main_screen
04dc1fe26d7fd24b7f1f0ce1d4c51563,credit_info
a54dbaace980a9b4a216d92b562c77c3,main_screen
136d8abd93fb1b15c127b9179d0accae,main_screen
49b391afb0b3dc7a24c8c39cd2d5056b,main_screen
b35e35fbac4c814bc48588c3159af28a,main_screen
52bb828d5b876236d85e83ba7f1ca663,statement
bfa2fa5ccc706debba4770014ad8004a,main_screen
41b5fdfb6da58cea58d2ce0a15db7b4e,main_screen
148e95a2ad02b314de47832c2bfd49c6,main_screen
74b82efa475699e13dbd41f5143aa935,main_screen
fbe907b7afac6b92345c888c64e64b05,main_screen
0657e761c01cde9e460deb188d72a2c1,statement
9581d0f34906d7591ab558de7e3ffd73,statement
0bd9fd70da7c89ff8a84e9dea0dd96f0,main_screen
a36ca081b96be959c733ed1ce82b7c09,main_screen
5d5b9f2dbfafa906b78be7427c291510,statement
395a48af21cd0614ee7a588ba78415a5,statement
04a270567326a6d95d9968e9cef5eb8f,main_screen
1fc4da4b0fa764e1f978b386210e8f3a,credit_info
27221123de4553f4f3fa6ddb5dc9a7b1,main_screen
ab0ba11a46419cced2413cf67b784437,main_screen
16e36ecc392984443959becf0bb9c874,own_transfer
93f0196cf51b5158dc9288c7a8c14fc8,statement
087c7bfda3f1fbac20dab5fb633473f2,statement
f971b4140bc38e48636c3d3170a0e8c0,credit_info
2c580feb9b670bb15c134814abb62433,main_screen
8c6fb0f7846e4ba50f579a8ead0b1745,statement
384f11b96648a217ce82c6dbb52ca5b4,card2card_transfer
7ef56556f095f1457023f4c88225135b,main_screen
87e92451293ec176b4bcdf8f4f34559e,main_screen
9494a5a319dbf068fa68643e170997a2,invest
e2e8d3b66c9b80d11d9eb98441c57228,own_transfer
530a7185da878efa73cff92bb3abd723,main_screen
f15a00aa3b1aa5281a9c61364a42823e,phone_money_transfer
68da2f616fec844c1f4a401dbf61d3dd,main_screen
39690decdd06d6c815f5b03ad2857f7d,chat
2187bc30d299c5d17fdebe9e2b4cd9ae,credit_info
f4517227420f6a7f99ef8c5a1c1169e9,main_screen
57b895a0a0f298aa973cb8bae692b9f8,main_screen
a4e13c2033c6404fdcc0745ba61b9e0e,main_screen
b2c922dd13c935f1fd41a0b95da591d8,mobile_recharge
8dccd4fc838decaebb03f54a12fbb523,credit_info
48ff9d992c6c6f33d540a9b3820b761a,main_screen
2a4ba9d6ef4f74ff9c33a79527b0ba62,invest
4af8fda739a8d3abcb721ab8d443bf38,chat
49e59d027f58315e963ce307bf991de4,statement
4c0bd47c85aa8858d28bc81c3e7d9ecf,main_screen
c55179c1a79c1f11c5fa6873259b19f0,card_recharge
23118bf4933b0b842f7f3a6020b7c268,credit_info
0e7d2773262b23a4057ba34d52119e1c,main_screen
bbed3d8415ef2bfec86b18371f86fe46,main_screen
e597f2920af0549a67d847e87bff309e,statement
1c0e7cde08baf5b98d62deabb7f04176,statement
e191a15afb98f76e0688136eb427fdbc,invest
5fbd8d42b53a26a18bbc43c70441abb5,main_screen
ed124418b4a6c101b7b348e270acd90a,main_screen
f91de123440265e4d2365b3473ac3ab9,credit_info
3e920473f9385a8729896fba3b67667d,statement
fe13f13245345d1a264da48c56303cfb,own_transfer
dff37bb1b9c8142bd9737fec3613efcd,main_screen
f96b1a58cea5e14c6aa7ceb298a68b12,main_screen
323cfa9a62a594b79f594f6ede17fa69,main_screen
18d5995defa4110ee93e1b00ee46db2e,statement
5288c31f9dc54d51a3ec539d1d257a0f,credit_info
aa134b721faa7ea6d2489c58a69b4363,main_screen
06546838f5172d8ea372fcbde667a733,mobile_recharge
a4e6316944ab2655b9a70218ae9639f3,main_screen
d883581d20d5e01f6d6a1d0645665f68,chat
59f252f37115ace53dff1bf62942b8bf,main_screen
1163a88d8ebce0ee93b9315ae7468c42,card2card_transfer
19899aadff30e66115fdee8c9b89a988,credit_info
b02895641ad797434d04c2c6ebfc8cc9,mobile_recharge
b47889716e7fa278a026ddc79bc1257c,credit_info
fa805d90e6cd8a3814a9d4548d3be794,statement
b506635c450e4f11bbf34af46d7ff99b,credit_info
724d7bddc114c8960cb4b73fc840de5b,main_screen
28f5a4e7f3b053f7033a7df5a2a38f28,main_screen
19b54c661fb2913fc0bc68879d5eecb0,main_screen
edc4304bf1050ab8d201c6769403555d,card2card_transfer
da32fffdc0cbc346b32eac8e4ec464e7,main_screen
cfe340fb45281ec397a2170230944385,main_screen
2004f94034a6b717cf364b885deb8f4d,main_screen
e13757bf5401df2b0b8d0a01907f40db,phone_money_transfer
a2d2d62cb8ed54f93fc58fde36df1795,credit_info
773b216a67c7af9f1a33d07ec3a7002d,chat
992603d020d814aa16c0fe10e338eef5,statement
2a84661e56c1918b8357e8b78e92358a,own_transfer
d7d61f229b319195578cdc84c111500d,credit_info
d9135cf7a24c922a9cbbc13802ed81a0,main_screen
61790419cae998144fd69b5edaf71095,statement
2edff19628303d1218b37f831e1d922b,own_transfer
adbb2a11a2b52dd96cb104bb529e9ad7,credit_info
e2e53f59fb62ad25643515ba000cffd9,main_screen
2797d569cf9af2f9bcba7601b62a9455,main_screen
6c22027d547aa688d508eba6987b4980,chat
58b18f2e5023c279724ab88e4bb82a75,credit_info
ff84ab128821dd7812e7acba968041d0,statement
3e6bddfd69b6b4a28fc4341f8532ee19,main_screen
3a9d4d8f9feb58e161353d6c521f9b25,main_screen
00fa0a7fd72e913b507ae82d2179b57f,phone_money_transfer
51c4ce5ad7546a27622d7bbb606d52a8,main_screen
6ecc42af526a5c96d91849d705cb3c33,statement
ff4ddda601bbfbf78346aaa5527e6a88,phone_money_transfer
48f454eac94ddbf5070844366e4cbdf9,statement
418e7454cc3826bcaffcf5bf62bb1477,main_screen
dc0c2b62443ffcf1d88df92a5dc83877,main_screen
28e6d13121b3f84d2120ac3b5fedae9a,statement
2bc97643d85cacfab995ea7ae97bd634,credit_info
5f4f5641aa6126b291b4dd327a230fa7,statement
b60c71d14a0953555960debcf3055729,phone_money_transfer
26821299153039fdb0ed626bf717e378,main_screen
e89dbc8790fc963cab90d82c7b2561f9,card_recharge
aff6320f9d7904249889989cb45bf0dc,statement
e2c12e97384bc9d63a669b8b53166aa9,chat
8a0c9506e7146852457d8d51fe301ab1,mobile_recharge
bdae36042cc9d237dbfd35d71f88c08d,statement
cfe25be2118612b8742620e6d7c9743a,credit_info
5da2e97b545bf3519d3e77337c8a9840,main_screen
958a0105937757f15098ecb64e62c1b1,statement
17b13162cba2003d963a4f97c3f65852,main_screen
fab4ba58ce34a35d56935e84d700c16e,card_recharge
9e3a1b075482868a0e7c8b2f5a80aee2,main_screen
9d0b1bea6e68466239a6b8dabe932698,main_screen
55b785fadfe3bd34f910d131bc047657,credit_info
fb31c06a3002adc7cc5c9136f3e9f346,main_screen
7c65f878738294dbe1629c2d6a4400dd,credit_info
72e1a4ad4804e488770fa285fd842539,statement
b63ec7fdfcfba72b3aa5b736343c4b6a,own_transfer
41b3e679338b5471a3e1210cfb53137c,main_screen
ef8eace036b1c2c9cf3c8f6504f340a0,main_screen
7f12dfa82f287e71e496b7aad0e17910,credit_info
fe882b2a2f1d1aabe8d4a5bb8a255173,main_screen
246a263dc546c2b118f5494cb21ba57f,main_screen
ad9a5d774b7d95929c03548e38c14012,main_screen
98466a94d89757b568abcdedd07d2e64,card_recharge
244a49539546ca4c94d1cb3c4da6a3fa,main_screen
3a34e3fdaed6657c0862db1ee42ff39a,main_screen
f6666395e062be426ba98ca6d278bd6c,card_recharge
9ff689fb3cc226d622d3a7729a246c18,main_screen
6b2aa432aca9f3077f94f72eb55e9ee3,main_screen
4c6f75b8e662e2dc29cae01ee6a25ace,invest
df2c2d880451074c1d965d586e0d353f,credit_info
2d222db7453ad4dc9bb56b46c8805fea,card2card_transfer
424de421c4f0b254dc430c233362d692,statement
6d0a914325a781efa187c5b4d8e1d3d5,statement
d82ac5242c3201bf7f10b261a77ad1b5,main_screen
07be2d9f6cc5df59f91622689885bbd7,main_screen
ccd3bf66dac71520c2a9df9e7bcd3e53,phone_money_transfer
ffad5c3ed8601d9b94d0f97bd5132411,mobile_recharge
edae880f89da24e575230b55cf324a8d,chat
243e1308e45db2d4b79dcf97ac7c981e,statement
f8d1858da9216bcc401515882ef51fd5,card_recharge
d3dd58086ac5c04770bc9e445f19eeb6,main_screen
3386b70c32cc04cd5310672adddd81d7,own_transfer
aac2ba6ab9d8c7a594e6a7fa25bc5b73,main_screen
b9ee43bb95f517bbf0e9c138c06bbeed,card_recharge
a002a99e5958495ebf62717500ffe160,statement
56a79706e9ef9c996c621837f8e08c9d,main_screen
36db08af87842606569343ee8610619a,credit_info
2e97b2547041885d9c3ef04d5bd98d67,main_screen
7db1e2a2980c4ccac9751c87df589b2a,statement
fa275cdd264f72d7b6a44800b5a4ba51,credit_info
16803a3dc824282cd9deebe618f31750,main_screen
a1b59b1c707af3bef831f384228a6e31,credit_info
249fdbd2c174ba23e323adfc8c87a01a,main_screen
a15725032dcbaa91b6578ba81179b960,credit_info
9925f50b5048077d6816bc283477a1a8,main_screen
14d1e1be53934a724e9ec7c4ec8937f5,main_screen
1502a482905066fde43f6ec41c0fbd4a,main_screen
ee11d7538d49e9524469273cc3909b6d,mobile_recharge
1d2dfca9eff49498d3914bc7669b71d7,phone_money_transfer
8d14f5ea6aeb3cd7289aed09712175f1,statement
9ee07a08f6a007d325a963dfcb284217,credit_info
6d2fea9a57aba72963bd48a3f9a3b200,chat
fa54516d87a19da2fb86305589403b74,main_screen
8a98d30b28e4d78bbf48e08379c1927e,main_screen
5cb2aa56b54071a101033dff28bbe306,statement
c41bd02f29283f65e3331f8ec320d3ff,statement
6ce79219573acd336795d5b375753dc7,credit_info
3e298dab36a11134bf4d1031bc980880,main_screen
58d3c3c071035f8fd791dd279e1464f4,main_screen
4945be480455e336aeb8f3629d0feabf,credit_info
d5d3c4559ff4b591d3cfe068d19a358e,credit_info
4163a9eb8b33bcad3799cd20004566d6,card2card_transfer
bbb932bf73a2014cc86d8b522019e9f2,statement
ad1c7cc6f8ee01a5ac769299d1c9bee9,credit_info
f26cf8730276ee843f9867fbc29519ea,card2card_transfer
e4e360ee8abcf3950c83c9db5ac232c3,main_screen
f72c257552ddbdb69b4f30ecee0152ca,credit_info
71a6c7b1995c93c38d53af6ceb59a365,statement
3c76666aa2a29af97fb45e715095949e,main_screen
ac89e1c89ed77718f43a825a40890993,main_screen
83582bb1400aacdf6e8988287e066bcb,chat
1a6b60ee71b40e0dae966ffda19db948,card_recharge
244fb5c86c1cd79ca5ee0cb3eb07f145,statement
e2632eb0ea485a78260d56a53b0fa142,main_screen
491dd8384dcd11a7c094cd88e3150f1b,statement
b43a9e84a787496d74a082ba3753ac0a,credit_info
029339f12cfe7da25b9040082a8d4e95,main_screen
65513e4f4c864053b39c39b54d3d0c25,main_screen
9997b74ab6758e065a78602f4dad4602,credit_info
53336f509b30172f9f5a27660ded119f,main_screen
b0ee5a1fd1c0cd9aaca6a7bfc48f0f46,credit_info
6be072312c7a399dd270a0c18e15289c,card2card_transfer
548b2b12fb4d48c347c908da4f0ccca4,main_screen
d1dfaf0d154331abbdb2318970051ba6,statement
acc83ea7aebfe3443b6be0a4042bc4cd,main_screen
d45bd16562d57d72fb4dcd07f1b3adcd,main_screen
54aeb8126dfb528b4621a6539497f952,main_screen
38ef43bb032d9b665053c605257b21c4,main_screen
afd3ebec8cd6643cf9cbdf3a6b42f02e,statement
11137713349187a9245d6a7300b32462,statement
65c91ffa6712ac228f6081c3a2e8e1e8,chat
351b39a0a34435af153474bf676add3a,main_screen
ad7a0c445e00ff54a631cefcb5ea85b6,main_screen
223f205c6afca085d891a7b934e94893,credit_info
eea9f0f1569c5d218f3b2c7ea6178ba0,main_screen
25a3d11490c12c69ef266676fc8e5f65,mobile_recharge
6e570b11e1b69cd94bc61b5df6377f53,credit_info
8c5a15345f46cf0604cc89dddba69b53,main_screen
0981bfe68f4f8dd6809db1c2a44da38b,main_screen
645ecc004efa93bfc7c5fd83b32844d9,main_screen
ec057d7d8701532f844cb619341b0768,statement
bdb44fa19f28d29102637fa2d4a7c065,statement
eec1d1b662ae0cf79219dfda393b6c2c,main_screen
596c34e2ccc1d953cf607a3d3a674567,main_screen
4ef214b1fb232b88a7cc2e83b836a27e,own_transfer
0826b5e99a00bfe699bf56982db66e82,main_screen
8b76b7371bf18cd03db2e008e1db329f,card_recharge
02876dd642f67f684d3480889a87b0ed,main_screen
0d4366117080093f238c7c13eec40ef0,main_screen
82d9ad465c2d4bca601dbd424fb641db,own_transfer
c5e9ef7e4be1c1c602e7ca5e0cd21c30,main_screen
89ce3718f97c6f40ebf80ddc8419abfc,main_screen
30bc7a7fbf37b42b7b66d10109bcfb45,main_screen
420d6fc57751e02280244737fa509f48,statement
92532f2592d9db764f9959bee3022e31,credit_info
ffb245e994eb95cc5c05d93a3a7e9c68,main_screen
49275728856b87b8c26fa0547c09b046,own_transfer
02a80142aeea683d41859e046eb42df0,statement
d9c66905410de0e2cdd8179fd7447e7b,statement
add8073d86feb2fa51a33c4986b41695,main_screen
fc3e4f4fc2bb1c8e8708afecb621cf1e,main_screen
e023f67efe041bd1dd09882edfaa1ac0,main_screen
668cbe433e12351badd169ca441f0749,main_screen
e0c9ad445df07a795488ef37477a47d4,own_transfer
219e5395fba853d4dd7254e11701ab1d,own_transfer
007928c6485be6811f4f0ba40fd91c17,card_recharge
02fad0023c1e8afffc3d7b68a2c2a719,chat
c93aee4624eb951c914992f408674202,main_screen
ba1c58115206af8064476c3d78f175bb,statement
8c36aea121eb8aca1b69c5877e8036ca,chat
ea09a186ad4b782a97dc04cd6acd5688,phone_money_transfer
c3d3ce6b00c15aa89b9302dbedc5deb3,credit_info
2af8f30bcecf9b6a751dd5aca59c0916,statement
ac920b68a13cd1748517fed8c82fc1d3,chat
b9afa89fa7c6ba6b02f08db449e1f0d4,main_screen
c8a8ebfaf76c1d416800c6cd3b520f9f,statement
7233b92f0518f11009516071b7833b37,credit_info
0d367cc1e09dbd77ab612f2fa52c5a65,chat
f39ec63b3958caa947a12628cd923fa0,chat
893677a427cd149aebcd5eb7ac271dda,main_screen
bf110c91c66fda85920162569ffe034f,card_recharge
31cfd50877443f07788d31d6b76fcc10,main_screen
43bc7456366466a87d9aad7eea33c24a,statement
121288a2b893249e4884861b92eb2315,main_screen
316c39300f413949ce7eb1a5b13c90e9,main_screen
738820641dbf2d49ae915ab880950e08,credit_info
f3efc49f634b65470fc81cbbad78dc9c,card_recharge
22c141c41144919338a0f885a855d849,main_screen
916d09fd656d1cbcff2f50fa8a7a12a6,credit_info
d5d8bd9e78760d142162ddc1c94decaf,credit_info
903f7fde7afc18872c587a81db6c0180,main_screen
2323fe382f76cebdf07aaaf85c991789,main_screen
4fdbaae039f2bc8baba49253fe03ea77,statement
7231f5067db10ac56c6018f717179057,main_screen
ddcf9a14d9211e061f3cd99c573a69f9,invest
6020daf6944bcf414c689e530100d587,credit_info
79734290c2fb6549af23aefe144b0ad4,chat
dd259d9ef91b8b6f8d8ef99aa06803c2,chat
57aa62184adc966369dc3700433f605f,statement
55ac763c3ed4021e472c3cb2f94870fb,phone_money_transfer
3c94759ca7cf2bd7654c8e26adcb25f3,statement
9721a1e70c2c65f32212423f4340eb80,credit_info
1433b22e27f7596c2f4226b7200ae2a8,card2card_transfer
a5fec746bdba93a4b235bc6861b676fd,credit_info
e5b96158e00ef4e1ac1d5a5d5097742d,statement
5808eca75023bbd363520ee47f5232ec,card2card_transfer
b62ee2dfe50552309fc6af772caa5729,statement
13c038f7c3b37daba1ace56c187f516e,card_recharge
b53d73965cff2827985803af2d9efa17,statement
5c048942d5f06b29f126571998d62aa2,credit_info
d4176033dbc777207a601f441ed88195,card_recharge
74d6b2937dba95299d3ac4237db644f9,statement
6387248f7c4ea3ff2ff15aedd5f1fb92,statement
f8c3cb1661aeefbe08a450b9741953b7,mobile_recharge
d32d56e5e3a6bb9572604e175d36f9d3,chat
35010ff7af8897dd205b3a623a5325bb,main_screen
1d21cc68d6173096ddc3f7991bf4cdbf,card2card_transfer
b4c35d7c6ad9b78f247913c2bebcfe9f,statement
95cb267f6da88731979318628f6785c4,main_screen
ca8ffac43ed692a1a703b4556ec8fcd2,main_screen
2902ed951bc6aebde7b320e243b4e16d,credit_info
23fa37da432f8fddaf299f27c29f002f,mobile_recharge
e879be0039fb48fc4587a4bf8e391c5f,card_recharge
ce0adeca01beb9a4f277fac4d9b64fa5,main_screen
d356d88f7ca8d58a83293bac619799b4,credit_info
6eefb12af64f6a961f16070cb5114a1e,main_screen
f385d65664e282d25aed85ef7a41da5a,statement
774a010b5dc45b7219eac1a94cd8bfbc,credit_info
a026eca1b6ae06768eaf08a04c26740c,statement
5587e927139931d2a60ad7b103c9431b,chat
37005ac4d0ace834064823fc2ace5a86,credit_info
1a1d400cf9d0e35af07a7d7a8f9a135c,chat
e30561fa159ccb38b2e1e3bde9d53226,main_screen
148b703036205f96aa21dfe67f9bd771,credit_info
36f2c535544ab7c47f7ba0f926074af3,phone_money_transfer
cc08713729e44c063d26fae7e8551021,credit_info
c64722e5436cb4c3c57e8021265d4923,own_transfer
f1832ec5af3302205d4728ee4f141362,main_screen
6696f7e6eadb6557b1e62370c1f418e1,mobile_recharge
83fe4610a681ec3dfb4066bfb42df8d8,credit_info
9574bf1562abda38b7d106dfb3ac7be8,main_screen
0308603f2d2ccb543249a615e5b195be,statement
27d636bb47339757fd5920557527e82b,mobile_recharge
36cefd55b0e7aab354a06435b6066582,credit_info
47799c0c7bef0ef982abb0fa13d20d6a,main_screen
697ada8fbc93b04faafb831783f6c819,credit_info
a39b0e667596a5b2cc07405069dd305c,statement
f900b9d57a1f3ec40b2fe3206b7a4672,main_screen
6dc87295091cc10b82fe7e7ee7198d89,credit_info
52fa8f93f05fe158913146bc7a32d5b2,chat
f93097f77287ae4070d74c930c222536,card_recharge
60f6aade165df379477f8f161c2a2582,credit_info
87185028b1c64a2cd5db11342284b481,main_screen
da6d052573c1fc9f1ba3c0695398793c,statement
55695575c6767c89355e5adc57b63d69,main_screen
7c8ec72f25bf75cdf8c22db22d918da3,phone_money_transfer
d7c40e577303f8990399792113ee6243,credit_info
25b9f00b99da512f1168146b014fb02c,credit_info
12425584cba1188b068f89f34011e2c8,statement
5864bf9f8a18e5f142a3b591313cb5a1,statement
dd753f609900bfe607f9606e0a8a9f63,main_screen
bf63f2da175efc6f0a06c88e16826cfc,statement
19dfcc4faf868b7934a634e49c33d9a9,main_screen
989734de50d4f62d944105776ec627ea,mobile_recharge
b59b522a543b7dd444a76e54dc8d09dd,card_recharge
198469827952ee0f4551dc6d8e2ff899,main_screen
04011702a58d076db035bf42c8a6ee33,statement
19f41035b4a480cd68777861c52e0928,main_screen
937d9304051dd6cd8de83b19a21e80f8,main_screen
f26f6bcdbeb55668d1fe28039649537c,phone_money_transfer
2d6d7856befafbb50254a5e283600167,credit_info
d565b1519f0e14e12af615ba0996bca9,credit_info
e94750769e7eac29e790bad36b4d457b,main_screen
ea212d74f043c19ea53dd49672c97f2d,main_screen
5f62beb21ec0d500f3d928d9513eecb3,credit_info
4ec68a4b70476ddc36475c56a4352771,main_screen
0d179cd78f929ecd244d38fcb0bf94b2,card2card_transfer
158b10d1b04b73c327f78daedb711cdc,credit_info
ff476764025cbd61cfd29bdfaa3eb3e5,statement
671975cc80dcae54ef8e502d6c19bdcd,own_transfer
0456d180893b8830a7261c74d501492f,statement
ea75949791f1a0d8072b63502d6aeade,credit_info
130439403f189d616c7ddc5f5ac302cc,mobile_recharge
4f1db41b85b824a1a9a60f80fae39c46,card_recharge
0b4423f0f3a4ced8661b5b73b5d28904,own_transfer
9c0fb673e53735af50b1cea423272466,statement
b764726127c1331c2f6f5ed445027697,credit_info
b93321888001d1e4d701cab162c9f726,own_transfer
7ef5147776e91726311ee8130778ead0,main_screen
e636d296b71ffb8c807f94040f0d1e08,main_screen
1cfffabd36af7beaeef46b21409aafe7,statement
65c5a4970705aee4a00b921ca1ecafe5,credit_info
73541b072671c12b40604679841b593f,credit_info
f15b7a9d6772b08caaf9f315ce24b215,credit_info
497de12130092f3a93ef63cd56ebf19d,own_transfer
57bec00b5617fd7cda27c82fbb6e520e,statement
4ee689331d8438c5a6227614f3b1ebb5,main_screen
5bbdedfa9762e03a7f24b0dd636c9d69,credit_info
6e33da56ae1cd6fae52318eda8ddb2ac,phone_money_transfer
6ac39bee6d57560d481f10f4fb12d1ad,main_screen
9808465b5a218db12562337623c6fecd,main_screen
d4eaa94557448f94c0abc601ac28b913,statement
2ebe2e62465aef09ab620d6c70437847,main_screen
a0556b40d6d39312b6b6d7373e9fc12c,chat
fd1492b5fea20125a06463a4aa38b9e7,credit_info
45870f52b7017ad39fc256d22f23cf3c,main_screen
7e7aa46b7b310682e0172b551d8cf40a,main_screen
81fe7ae8a1c137ce2b85d39aa5a9e0f3,credit_info
a31b11c6792d8306f19bf3a248cb7b1c,main_screen
da2accb096820c2beba33cb5b55af5ac,main_screen
ec02ba8b02c663a04831eccef96f735c,own_transfer
89f24770cc0eaa428ee924be39307134,main_screen
28971793153d6ae7f5d51daf6da2ae5b,main_screen
8f57309c40e22019ad65579e76bb4b25,main_screen
c2f7385d965aecf676819a9cf4407077,mobile_recharge
3ed1e5c523ced30aa994034f51a6011c,main_screen
bd19cc4f1ee0f55629d418deec5a5d61,phone_money_transfer
f1bf22201afc4a179145eac8547a5704,credit_info
7d163ece062ed8d287e831e8ac55db5e,main_screen
41918b0bd0868976fc0537cfb5dd5fe2,main_screen
d0a1cf361186a73945efe398c2aba41a,own_transfer
bf752eb7675280ce152a86cabb88a3b2,main_screen
6add2ba7a7c354e6b05295a383dc6307,main_screen
72bcdb408e89642f3a86e4811c200dd9,card2card_transfer
859a558ff81931911fa0e94f05733b8f,phone_money_transfer
2fe45e3307aa3133c43a0f267901230f,credit_info
f12ad7b949e7bdfc984d62e0b7729c81,credit_info
856139c6ad762267cfc481707f046ec7,main_screen
c1ec51372a148a1a1cba1b04ef8d283e,credit_info
94e00e656f6ac33e619d8aec01ebc3cd,main_screen
28f114d51e7f4bd60ef76fb9c1f413b8,main_screen
7dc209be9cb4e3da8adc865d43ee7a9e,card_recharge
2b6e258578e892a654bc5e8cd5c02df1,statement
3601c28444b56fb4f5025c03ee5d70ae,main_screen
94beefaec2e9568bdac57a326549173f,own_transfer
989504dfa4867af32e8454645da1acec,card2card_transfer
55f94e54ed19b739176dbd0915a0e1c4,credit_info
9b757b91730814f9983335efcb3a4c7e,main_screen
a75ca905c85c5f1a132755434b7bd6e5,main_screen
00f2878e6f3711354ac7d0f5b1223230,own_transfer
65e30de3c93f23d07892fe337c091282,statement
b2bb0e143c9d1e759b9c574a41e11f46,main_screen
a395406eac006150d327093aafce3875,mobile_recharge
6fabada0b6e642607534344c4af28564,main_screen
24715ec181e89ddf92901f58436231d7,credit_info
b1910cf978bcc3f697fea5088a04b5cc,credit_info
ece2315ab253b65b63fbd2f34e842007,main_screen
b3e54002e21b431173d8fbd179b6d1e5,credit_info
147cca066a6c218a8de0de7040fe6969,main_screen
2147d499b41aebbb0aa5fd6aec1e9a9c,credit_info
8f2c808b01331a1adbfe19c28faae705,own_transfer
e92293d37899a6a9aaadf3200a9bdd09,statement
7990db40689d13639396e77054785557,main_screen
1bdb159e26025bd55dc04772edfa9300,main_screen
8f91d33bed5e76c4efde995d9fe091fc,main_screen
6a02625dfbb567f97e7b916ccb4ff233,credit_info
d9b80f794070b170136def11d38f30d8,credit_info
cef2c4236d1db6996d9f3885344edcd4,credit_info
ac043fc7f9b1da37878df807e4f1ca4a,main_screen
1a03ac623a5df4c7c286f158c9cec3d3,credit_info
29973614410a0eb4a16af8021627b096,mobile_recharge
ee0f87d110282aaa2959196c0ed1a065,card_recharge
961cd8b2fb0bfa8bbfca5cd2eb1b46c8,main_screen
c3476527c69a580588017da77aa7b170,main_screen
c9aede8a73c729420ec9cd2823eb0f27,statement
5e9f98bbafd2e70ccbb6306b0cd3fa95,main_screen
5cddcfa8f860ce14298989b90fbc4ac1,chat
ae39e81b24f3630a00d211ef9297a015,credit_info
9ea0d448973fc603a654cd6a3edd3aa7,credit_info
8ae43de1db3b36d3678a8c7220ffb1c3,main_screen
2e539c862b42cf391e97bd671ce64cbe,main_screen
192da11ee30814b8ce8becb6020cc60e,main_screen
f7995a1dd80a61045e79cc66e971b6b5,main_screen
262fe06afaa2cebd88c7067f6a1e07c2,main_screen
97112ff2b04d96dbf7d5987c986ebd9f,card2card_transfer
231e1d58584501c27b54a3827da808d5,own_transfer
37f8852936eaf683f9ffc6bed5b81da1,main_screen
97b20b0b96837fc60fcaea1024dcb409,main_screen
f56319d2b3e031ffe7162b50e93263fb,statement
d45ca8948b98f308e92083bc9e2345be,statement
854a05c35d2fa81af31636d4df11227a,main_screen
95e3f9faef887f56e8296efdb71f6f26,main_screen
37c562997b892c77e31153ddf73b9e04,chat
845dfcb19618217fddcc64a0f7eacb14,statement
5f99a1084ae5f2a5c54297b02849dc05,main_screen
516b20d2ba6e6d7c51afd8bfc1d839a8,credit_info
7a31d80ec12497c0d01cc28db786e51a,main_screen
29392ca2a896499e79438c3437b88bc2,credit_info
2a0c1013a2f95e81930a57d1969a885d,main_screen
8ef6b30072523128e024eae3151f1896,main_screen
e9d7a3dc867e3f519ba8d6e95aafff9a,credit_info
e29136000473a7e3d63069aae8752ce1,main_screen
9d16f2afdc43e5be6d4f8ccc39784f26,card2card_transfer
d4144244aed40afb1485999b82b68a2e,main_screen
73ad5241a986068de87a844dd7743005,main_screen
4b00c4f622c6df65f5d5bb0dcd8e0f53,credit_info
ccbb58ab934f15a16a1a1a5638050718,card_recharge
becb76d838f3c8e8d7cad0d80ce95d59,main_screen
6d9961a77d1f7597a23118e87c6baecd,card2card_transfer
9a1d91b5c8f21928e99ca575ccd2dc91,statement
616373ba230b2923abe152c5eda9a6a3,card_recharge
e332a6fbbd5d4db981c18858eb4b1d7c,chat
e0ca53e8b39c61b0b87d4e2f337e164a,statement
8c6cfc188705c3d0d793cd2c0513eeb4,credit_info
f1db5b2050f0893fa9a669d176aadf46,credit_info
54ef4f5dd02c8960949d0e3fec0f78ee,main_screen
64f37417664eee1012cc3c96930620b2,chat
3d049b4226cb844c59567420e15fbfc5,card2card_transfer
2c2fbb1cc58e49544d64e8899cc1f646,statement
13dae4c5beb7ea7ba4b13c5b62319b49,phone_money_transfer
83c926047d36ba6b5e44ebf92bfb2f59,main_screen
3afdca326e5ce648211b63444228885c,credit_info
dd13758eb9fe47be9a74b50b3fe64b89,mobile_recharge
972eb94faef6b5d995d03ac540f01e27,statement
6d23f4f33e432b7803856bf790ce7d8c,credit_info
8839aec02d7ddc9086d64d0d37e0a6eb,main_screen
9b1406be4c6ffbb5b58130f21052cde1,card2card_transfer
f63896aeff7d0052c7484f0d95c3400c,credit_info
3524cc54c0368a6e74f699695d47e825,main_screen
0ad84a4c5d8bc542986546c90eb2be47,phone_money_transfer
6617db0309bc723e04b3962f1255e599,credit_info
b19c7cbafa6954d032b56877cedf250f,chat
ffe4e6f64a5efb176088517c2b4199fa,credit_info
5cd439fe1b9aef779be51670f73758b3,card_recharge
100419666887ddf37eb3b067548a300c,credit_info
b65bdb52b12e2b218610bf98f64dcda8,main_screen
5d60bc27351ccf83924ccaf4afb29490,card2card_transfer
1598415d3a1843dea591035f5d9a4faf,credit_info
a36e42482dc4210d6b161e8c875ee78d,credit_info
810db524cb3a7c7ec666614e9a63b39c,main_screen
f37b6303796fa28b4aa7b1504b919df6,main_screen
306bb89395fc02fcf0596c6ec261778e,main_screen
86e38260ca2a4a8a888356bee0df106e,credit_info
37ff2a1197150c1ed10cca1551f2a2b2,main_screen
43fcafadb6ebff6bb79a1839e1fc2bce,statement
28bfc55c13491e9eee863c6a504f78d4,credit_info
02c44b3d1845c7a294e14e08e65b1f70,main_screen
8a62fac562514d3cf6069746b051c759,main_screen
6137cd59f708d43c12f092673b665baa,credit_info
4b383a55d5d81be4b57b4e766f3bacc2,card_recharge
8edfb385b1dcb85c2b4c10adb47ceaf4,main_screen
11400d0868511112a85466622a9df1b5,main_screen
bdd85b7e706c2ab3820a6c6d05ce4b85,phone_money_transfer
7d95b82db3d5fec1d26574ebbc3a0e8e,main_screen
986adcf5ac5a497fcd8741d47513b20e,main_screen
ecbd886ef1c90953463d391082a084e7,main_screen
c344bea5c3e313cd18cfcd2a99f0f825,mobile_recharge
b30acdde77b05973c94bb0160fc3d418,credit_info
83784db6d32829d7a66ba6727f9e27cb,card2card_transfer
872c95bb9976bbad673952cf003757a6,credit_info
7d42ec559d27e1ea0cb2c28c1fd30d32,statement
e3a345b86f1c5ca701d9525e96e9bda0,main_screen
0e7c89113ecbfc1c0be488204ab2d5a0,credit_info
c4a0442ff1c29eab18bf05c159a4fcf6,main_screen
bd883e4eaf7ed1abd6cbe8ab5f76be0c,main_screen
6fe8e0d16b4cc86f7d63f2c1acc3c651,main_screen
d635b962ab8152806f557bc6569ee690,main_screen
45bca6e2841c967af002e01fd1143c39,statement
6f724699f522e8e96ed561d257bb67cf,credit_info
8f5fa7bda744bdd2e5489b96c81f327b,card2card_transfer
3f8a9f2454dbcfe8a36fb64c6a6cc54a,credit_info
fd933508bdbe173b6a6edcbc4b7696e5,main_screen
5f6d34827d1e887a0dbda10ed3cbfba5,main_screen
2677cdd7775ca1358986f90b47230789,credit_info
67e71ae9ba51e4a92c80e5f90bd8debe,main_screen
9238b373876f969604e091a440869df5,main_screen
cc31ee4508daa8317f3eb242ab851854,chat
aa89575eb0778bec14de95c83af50d50,main_screen
2eb4b7ac231759ba8dd82d4159f4c3fc,main_screen
b4ebf3d336d823ad7d602eba322226a4,credit_info
e949a4dc7916989c334e713f6737d1e0,main_screen
ac09f009b92b47148239e9b08fa1c7b5,main_screen
0da0b04ed110ece96ab5a32dee9247ce,statement
2a5498635447f6db4f6546376d3a8643,main_screen
ab1a10da8e15d1910be2ba50bddcacfd,card_recharge
7cb088c317210329c18ac033b9ccdff5,main_screen
9b8fe51a31c936a74c21a89c74fbcd98,main_screen
336fd5fb4b491713c7f775023947c4b0,credit_info
ccf87ce106f75c03193f626de6582a31,main_screen
2375907ccb746f864212593085b4e6cd,credit_info
8c1c12efcf526306d994fe0119d88d06,main_screen
55f00adf877c83e7df9ffcd7b5af3953,mobile_recharge
f500a1aafa149365fdf5917270dad955,chat
4e862bd7dce99b75debccd5f7eb03450,card2card_transfer
9ce67f74a27f6ee4e9ffff72a8229bdf,credit_info
350a5fe594db81ac8748d4644c50ea72,statement
d69f49ea547c8f9fbe58254a002df198,main_screen
508c9af7d4659e3852137e08d10dd02c,own_transfer
e46b9fe3176826c30153c2132fed3ae0,chat
b38d025caa1bbb59f86b525a3a9e5403,own_transfer
4321401338a7635aefd2b2d733d39f5d,main_screen
a15f23da88d576b3ade96a0dceb25107,card2card_transfer
f2eba05abb501b08f02798eac1521771,main_screen
019020619586bf76fb42721d570f76ab,credit_info
c50fe4f2739bc3575528b2ae2b7aa027,main_screen
f5b180e0ca392b4424f99b079de340ad,credit_info
6d72ff8ffb0094d5f8bab1d9cef4cff4,main_screen
0721752b91e1606dee8ecaf49a8e5179,main_screen
293318122b7cbf6f76b07e297f029ba9,own_transfer
a675705a3825c034817939f081f9b8c8,card2card_transfer
a2107ccede272571c06b8cad6820c06a,mobile_recharge
79a0b707e009eb8af0f153cf1d08210a,main_screen
797e9f3270ed64c2e1679395ec221bd4,own_transfer
4a5712fb9eb6f308d1f16082129c8234,main_screen
210cadd7d0b6406b6f986f09718f2e6e,main_screen
cfab03bc7d47592839ca164066d83f25,main_screen
7c7bd18f432efbdf16c8bef084c12dc9,chat
749cc7467832f4e2d43b0f172ccf19ef,statement
0ac00eab083fa4057cad3751f7bb80b4,main_screen
24dbfc872d25302672958e77e885f9b8,card2card_transfer
a71ce3090bb8e09085115aa8ff7eb9a4,credit_info
a5cc620e2b3084952a881ed07ae98ba0,main_screen
5d0bf52275d5afcbd08fa90bf51b1583,main_screen
930cb073936023d14f1cc48e28cf0572,credit_info
8050d897c9b9487ef11f471e7f398da7,main_screen
47f8b3418e6d21bba77f5cacd25a0b3d,chat
455168f296e2b5eb36ce58ce2930e8d5,main_screen
0126e2ae61a749f7dc39d91475d6337f,main_screen
b8a5c5a5cde662c8af6b62f46dbc6f20,mobile_recharge
189bea5251f2a7065e2c582835ac0eea,main_screen
45cb37d891b31c48292e4fd6fea9207f,credit_info
a09907568ebe8aca18dc0eed37e0ac18,chat
45755104314ffaefce21066d0bdd9c5c,credit_info
b491c97e06b0d9d6936ada89b5f2412d,main_screen
963d5062a5d068ac0c03a828b2e62a0e,phone_money_transfer
bdab394940e4df3b76b8c10a9cc2999e,own_transfer
f4a83a28388b64244d96bdc7246d0767,statement
1ecac9e236ce5ca6735b58e13c38719d,own_transfer
053cf09ef2772e24ad14e1e87d1ae5a7,main_screen
5021c320d30a55c8043c11eee5d35072,credit_info
27822aca90942b09b84f6bfd2f91357b,statement
7f263a0a3579c319b985fbad011b7690,phone_money_transfer
f21786cb16529dbcf3aa6adb8ef4cc61,credit_info
a3c566e4ea8728181f293e4a19cdfe8d,own_transfer
2b13cb17533ad746df0fb8a96b123b93,statement
1d03d9c698d434d5cce73fcdee6bd24b,main_screen
1ac544bf32882ce07ad6fdcb0d746a87,own_transfer
3113d6ef40e961a93dc82088a1b6b991,card_recharge
38def8e3a40427dca0bce0e89f4831f1,mobile_recharge
d7afbcb89a18883ae003c094ed48ef7d,main_screen
07e93e7fc1d0a3489836fae3936eb935,main_screen
83671a6457dc40e4f963a76e5acd5176,chat
2f311d955a1c8da83c100bc12fbd047d,chat
786198f92dec44fd412ba2e0154ba352,main_screen
8dcb8cdf35c3e9b88bc5d1c41213102a,card2card_transfer
d372b14dc54d9420a766581d7f9b6cdf,statement
06fb50a24b840fc640d963dfd5605ea2,main_screen
0d7b6c3342e77fd87967470266b423e0,credit_info
9b35454af16602ff825a29137c44f53a,main_screen
6d5d9aab5cfc3aa1fb4b1e71aa51b3ba,main_screen
be52b4f3fa0bb1633dd512c025ae162e,credit_info
2017862f4e4cbf16fb6011d0d542d95d,statement
40f2ab5aed62b7b59803a167fbca0302,main_screen
c4cb7f6b65771c019cd439b6a93193ca,main_screen
b31ccfbf3f8450fe2e840718d209e226,credit_info
1b0becaa099e3cc4a372d85cba5b605a,statement
ad068a6d23a8396268e670f773ff489e,main_screen
7e7b2178dcbffa295fa9f474281ed073,statement
286ab2a84f28bf09c8278825cedecc44,main_screen
8ff6cbd458096a8308f8dda2b1e5f8d5,main_screen
1bb4c4d8064229cdee722da9fde68fe6,chat
ef936652782fbce750c14cab1407cc83,statement
cfae97de68265b7ca51fb7e02cd458b3,statement
2ffe18e6095e27079bddbc6562117045,credit_info
ce4c5ba69cfbd14dc3c3c283cd95f026,chat
9240a1a3f81b35053cd77673754eaa9d,credit_info
5dad507b7073ff142f4f579c317a06d0,main_screen
01e124bd6f469d4fc2030d9cd06fb7dc,credit_info
d73cd45c48d109d173bc0dcdf1b83755,statement
4ace2843ef3d59f67d69306e40e15071,credit_info
4db276c89a945f10632a0e18b6c0bbcf,main_screen
490da4e3cb5272f23154cb7f7d923c95,credit_info
8709e1c084a204bdd2795b11f4e98ffa,credit_info
3d1300f8ec1b63440ea041581ccf91a4,phone_money_transfer
d62c2a1508b040865b8392c1ef253669,credit_info
4ac535e03bf77d408c9d2984780f9fff,credit_info
92eec1bf6957a3f0ac3c303b6bbd8d25,main_screen
e1b89969e37f12d34ebd95910bf766b0,main_screen
afdece4ba489a7aa319a5ccfed343c16,main_screen
f36418d77ee57e8c138d7a85a70c3a94,own_transfer
24227ab0b374d154a84c7ef45730a5af,statement
0cd5ceda44fc1780d00a469f0c0bb921,main_screen
57b87ccc2a21515ca739152b776ce03b,main_screen
9d757efa3e995de5aaefa2ff15295019,card_recharge
a79a1443e9b5901de447a776d85022cd,main_screen
3ad128e612761605e6c20e4ffe773065,own_transfer
73af6c992ca4c61bc7567e378225e90d,card_recharge
4107a97cc3ae709d1edf803436e878a4,main_screen
1d821ebfc2f096afdfd102f14aa81bef,statement
936f3266cdc1930bc80bcd54301fabaa,main_screen
eadf1f12fe1e4688b28f72b96af24d41,main_screen
52055a1d5e5ee06fb96a1cee158854b3,phone_money_transfer
85fd25180c78e0bbb7273355a0f88243,main_screen
5cc00a49458bc4b547951d10f0f13163,phone_money_transfer
c8eda8093bb252fcd206274b391b611d,main_screen
48c75c10b896a49e4647ead56e80d1a1,main_screen
630dd9b09be81bc74671d4265f82ab8f,credit_info
733ee08d75c212646ac5a4b6e153bda8,own_transfer
b493c23bd23c3aa2e87e564f3781a1a7,main_screen
ad9b8b824aa23e7c2a93e6056a85d5db,statement
6de21ba97fbb05891d141d3eb5129602,main_screen
d3ad323c344a68405701fe3f327489ac,main_screen
3ce80a8260b89bd52e7ffcc78e3e2849,credit_info
16fce38854be1894b4b3faf7ffa3e260,credit_info
2aea23e853f03c46d1cc65e948a511ec,credit_info
30f2f7227ce53e260e487bb3492edbbb,credit_info
045b48e39beab1e93a0b62f44435a78a,own_transfer
08e2d2629f3acf7449ff9904b59ac23d,credit_info
dee537adb0745d6d46d5b68f69ad6119,statement
217bb42949afa455990d481f60da89bf,main_screen
f721f7460ee6360d9861006e6eaf8d70,credit_info
503956ac53aafa742466c428d46bc55f,statement
574be14f67ff3badfef241a4feb15120,phone_money_transfer
b038bb727a8f51788b3e5a874d91bf57,phone_money_transfer
b94f9995604b8d3dcf2da804ac16e9f3,main_screen
8dd4ec0e5860e02366512fac201c7d19,main_screen
bf23a84c56362540c379d8c19c085953,main_screen
1f7d62b0831be25a1842325962beb281,phone_money_transfer
15fdfcf7078a5e762f27c608eeabc855,main_screen
71ccef0e82daf3fff3266e1c13ff31b7,main_screen
4ec1867a30e3a6d1875266c9ecbbb9f1,phone_money_transfer
ea2b26b9f94ca97f7c546c5e760016c6,statement
b43d071f547ba2dcdcf05d79ef05f233,main_screen
9d519a26a54c267a7225d1025cefffe2,own_transfer
5b0aa8400e4a0214cca28fcb4824b8e9,statement
05ccc7eee8392ca25a8084db0e715a26,chat
1759bd5a54c069d9629bf586541e976a,main_screen
82bcbd0defbb69a07f6b751a7a67a9af,credit_info
cb449972a292c91ddf5280036bf142ee,main_screen
4d16584064333525fbf3d35210a02b15,credit_info
2e24982118312a0750231c6c34816d9f,statement
8c9616b0b2636a074e636e58a9a9fa95,statement
756885bce0576bede83a3b54a251e0f1,own_transfer
169aec830293170c02a50f303bb9bd45,chat
6033475445d5efd71f97bd07200edd95,main_screen
7ef07c45242fa78c0b651a0102751229,main_screen
0eeb17adf5643e5284666ae48da243f0,chat
c329775655704c0fb93716d82bd2c33d,invest
2235ac9f718881f1a222c274c7cbb888,credit_info
00877b1640da00ab1bc3abd9112551f5,statement
81ef9675ec99112262966465b12b356a,main_screen
765e5af93261ca84dd5046197462e95b,main_screen
16d11a9deec6dbf4b09819cff0cfd02f,main_screen
822111928afbfd9f5bd0dc5b144dfb92,credit_info
2f6cab1aa03d7bdb637ef999037949b8,main_screen
b70e0f24d81b9fbe06467202fed6c979,main_screen
33512fe7bdb6b1e83348b7597c643b8a,main_screen
95be79f3da051144c98f6b0550510f3a,main_screen
83ce735eb0da33459ac483fed63b11a0,main_screen
1e2a7f22e1377edcc63d995f2be487e1,main_screen
1e9a19d7396b329ac5a662d272395bf6,own_transfer
a5d761ce1b05c4b6cbc094bc67280057,main_screen
31e632ffa2448dd26efee908befb15ae,main_screen
c90938fc8a6fe47c94790e29bf0e8961,credit_info
e4afd71a9c7bf67113db3793519a0652,main_screen
cee7dd1192ce4ed15ad114416df7afb6,main_screen
e5db64272bf154cd05f939eff51571de,statement
9f456468cc6256b6726f378f58ab26fb,main_screen
38bd5990653dd10c55e12098c741f39a,statement
8f2beeac43513374e0c49ce831c6e1a6,main_screen
2e40b87dece7e3739504de18468e338d,chat
ecade7d100708e0125ab776f435227bd,own_transfer
9c02d681119d2a46650afbbd63db2be0,credit_info
99bdedef109bdae4c3aeb68144acd2d2,credit_info
da68a426bc56870c34f0286f3acfeb35,credit_info
4ab60a9fae0e8d5db5f6b58c739a0dbc,credit_info
0cddf5d330f5d4024cd3adcf1de6fb45,card_recharge
2884a0cd18ae3493da708594227d3718,main_screen
9463de5e96fe106aa31e8240eef617f8,credit_info
c78507e0f97fc410761383a1883d74fe,chat
0e188a5a26064ab298589b44be45b286,own_transfer
86e3235129d2beb6f493dcbab6d9982c,credit_info
5aec1beb71ce44ff2a060099c542eb6a,main_screen
6aa98724426888ef9a76f2edbd2a44f7,main_screen
79cb221c5797a28ef57dc593b0176a0d,main_screen
f686b7716dcb35a7553ea2dd19b197b0,main_screen
fb8cec7bfe720b051191e2f6caf03ad3,credit_info
45c023fa471ec8d97de74762e750d5f9,own_transfer
9766e428f03bcdbbfc8643269d538526,card2card_transfer
a3691b2184e8e1661d52b11ed5de8c99,main_screen
510c75d558b7a148bb170ff6f9020c3d,statement
fbc4c9ff996a3872bef658958d28f53e,credit_info
4138599cbcf3b804e55b425dd84c314f,chat
d717af1efd90adcd6a4f899601c34efb,main_screen
df7d19e3e4363813e2af5738e554cc6c,credit_info
7399cec1ff9b9f6cb5171624bfd43462,main_screen
a2ff0100cbb55c0da73a909cb27b9953,main_screen
8146f921ab2296c91cebef9ad7c82661,main_screen
2c1cb9073554ddfbbc34bcd183ec33a9,statement
8ac14652054d0d540e05377ff45fe4f5,main_screen
6babce74b758b91584be343de55fe8bd,credit_info
db1a51c29cd57b013f3e46b036d30e88,main_screen
1417180a762191ef0a08290af5496d95,own_transfer
4835f8caeba3ea2b7661aecae935b8f8,main_screen
63ec89fd49b1e87bbb576c5be9ea667e,main_screen
179969e4488c3960aa87b7a02406a172,main_screen
6c8f6afaf484db377f8056566f2c786a,credit_info
03f55eb6d84348a27eb652ba24b5f2be,card_recharge
9b473822268f7622fa75c9bb296fe377,statement
f6484505a61d7e450832ca25e3dc4926,main_screen
6d97a15b73f31756168492ea43118347,own_transfer
53f005afc908e7a3e956e6a96d3dfb6d,main_screen
bdaa96c5bc5fb35ba49d60e77a3100a6,chat
1239cfc8b195fd75a0e8e202560d8978,main_screen
dee44ed91c8603734c394be4fb00ebb7,main_screen
dcca3790cc31d9513867654a60c51623,own_transfer
d4d6c118a6fffa4a4f0e41578a909032,main_screen
190d2d6228d1c2ee5b0702cda16f971e,main_screen
38538414f9a66112b4a64244cdc5d576,credit_info
bcc8d189d8a6c33eb31d05d7445e68de,statement
112df4054a97db47f855b3affca56d2e,main_screen
a5194c89c8bbc04d10cf1fe15d280464,main_screen
2c41343aa6146d09e5c71dbe7a28491f,main_screen
5d9eb3f3f38d8a34470e60d6a60c31db,credit_info
f1a2f440c44f54b8f33ddc1397b5a19a,card_recharge
fa4924dbf79d827083cc30c2101c0e4d,credit_info
49ede6ce05f6b101b8b1b143fcb15267,chat
b0a9ca993a244de68b231b94f33aad5d,card2card_transfer
f4499f30e3a3afc6ec75cd4fd3311ae6,credit_info
8dc3aadeb23850b8051e17484b46e4f7,main_screen
1182fd755b7b614ee51857b06a34ecff,card_recharge
e91318be798b5f98074305a128a4af8b,statement
f7953347d485dfbb317b6f8340d53a07,credit_info
2d0e5c7f707153b16185c84596800de9,credit_info
d40ad3bc1238828cab2f2213c1eb36ce,main_screen
a00d5fc3e0faff412f62eac240656b3d,credit_info
1bbac23d7d2394c4b83862b3a9bdf4f0,credit_info
d71533f833dc731f1530cb8f5883829b,main_screen
ed394cf1022f86253f7819d423be385e,statement
947b8f1fb67545dde82768cca941a7f4,main_screen
95d869377deed145d4ad2ae1d636db1c,credit_info
8195dbb17f86f8c4e60dac08109af42f,main_screen
522fe665feb21d3bf766ae49d6e9a56a,main_screen
6665dae01e8f5c796af2131ddf2092c1,main_screen
deebcefdbe3fa1c8ce27a8ad8fe08524,statement
a0d8425e3cf273c6a943698c007c731e,main_screen
dbd542619d83553cb85384041a6650ea,main_screen
48b44ae6e3cdb94b53c1f91bd787adf8,credit_info
001224bad65902b7e0c9019b346ab42b,card2card_transfer
8c35172a6c8d770f5a98a51aee5ac7fb,main_screen
4f4d2dda5211808ffde5c3b94862a550,statement
dc2ee2fd0de34d5e0000f76f409dfcc9,main_screen
c96140a211781d3ae94f33827c63e8a3,main_screen
f8676340e437e91ca95ab6740c5233da,main_screen
fbea36b090b15021e3ab5e6f7703b992,statement
5accf43d653a3e94f9d33af1107f1eb9,main_screen
0c978f73dd9bbd83ac38f47eb86bcd5a,statement
d164760ea939022f3abafe88e7133625,main_screen
d27bded4a36be5a295fd4d010eeef2e8,credit_info
abad3fcd5a7fa8f4d02975436b9538b8,main_screen
f37e486f331cf9a9aaf3453664012960,credit_info
d06363cb3a1fac8ec31516ea50d93afa,credit_info
ea0fc1f3dd0b2bd6586c658fd72e4e9d,statement
39a2496f060e9e73616bb49b77565553,statement
8acc2db3d422201df7cbe61f3b270bb1,credit_info
ad04a4229b36bdff04c1a23a5e376e77,credit_info
83dbc8fbdb38bd0958c5244feb5ad390,main_screen
f27e27f124eccd041e730a617b163e91,main_screen
7ad8331ca927930eb56bd17741f92c34,credit_info
1a3d374b954f358f79a900cf057424cc,credit_info
ed77ff3f49da0f59b7dcb284cf0b4138,main_screen
89391e03018ad0eea81b4a5955954b56,main_screen
ab30bc45f732b9a67d99c8f0138a9ece,main_screen
2a17bb4d8e7d059f671c27f6d3e4b864,chat
eec60942fd086f1126bf970821045056,chat
ee7c5bb3ed76b90e2be2fa9555bd8529,main_screen
6872fab57596380549258540c39cd783,main_screen
397b95fd3246efb2a19cffbe97d64c94,chat
398ed7a8d000cfd8d3cd6cecb1b90006,chat
452b9aff2e4561ad27ef5f0f6376c5c5,statement
0e6651db020cd492eb860a263fd964f3,main_screen
b760585ce8c35d9a13d0f9fd1c783a74,credit_info
3e21f47e39ba1aab1c754d1712c22aa4,card_recharge
033abef4ecfda0079db0f711e831ef75,invest
31397ecdd14c2b7a76e3ac1d0d866c63,main_screen
1bc3bd32222e64d5d2dfd892a869150e,main_screen
9d51719b12dcb6ea3c62712eaada6295,card2card_transfer
76d06e443f0e9852afb7b1413506a367,credit_info
59312105be39b21fb07a2f04fe7e559d,main_screen
c66d1929890573078f0938721a3e0321,own_transfer
b8714cf6b71483b8b5f67dee7d8e9393,statement
61e58fecdba554c5fbb46a7f7e191159,main_screen
e95cc782abc8a57a959932b6369848cd,statement
0ddf78328c7cbf387520ebe99ede2a8f,main_screen
01b92edf10539e49cb49e0d5409acb23,main_screen
c714a91a9cb9b25f834a3ed8ece9de97,main_screen
06e2c194ff35718723768420fa6f12f6,invest
410362f6e41764dc19b29f057f2318dd,card_recharge
349a37d4ddb139aff932825841715dde,credit_info
73706a1c8eb62dc234350539557299fd,own_transfer
e1181cc81a6c85a07218ba97bad9b59b,main_screen
7f7611823badc19ac2fba328448accfa,main_screen
e2146cca74fa5aa23f9b2129872004f3,main_screen
f4580a2ac7956d4a0872febeca4879ef,main_screen
c1cb8e88236cb667b9f19c1a60e491ef,main_screen
c436ffe33a69a7f26e2d89c00106ed9a,card2card_transfer
7547021654e50e248ac2ca1cd9043c9b,statement
cb82ee71ccec3b82f5eb7776f91712ec,statement
2f86bc0b5f063eaeab44ffa04f177c09,card2card_transfer
36e8f065f7971f3bd26925bb7bb41ed0,main_screen
815e41d588359d54d17ba925025834c6,main_screen
f0b5963bf94acac76757757a64e61e22,main_screen
b1347570c81fed700e056f83e569ab89,credit_info
57d8dcc5ef700ae966992cc15af176ef,card2card_transfer
e30cbfce147ada793749e6250d669d9c,card_recharge
b4a7f6a639de4fbcab4cbd8355641f9f,main_screen
8c80d5784a50303c70f100b7a8f5c8c8,credit_info
5234e046036438ab969bdd65141c50da,main_screen
57066cbd701c0b2fd1d6f50fe5f29287,chat
64dc75bfcd9a0bfb71b5e35e4adda27a,main_screen
6a97f1895b4000ceffb59fda5c9a4880,main_screen
834e8d3a016ff8d6026a86b18cde8103,statement
313c8341e5bca5217eb7d392bccdca70,statement
8f5ee28f0390dd9fc26b2aa00e0be4ff,statement
de6dbca32c44f54561444de066780d59,statement
c63dfe08e4f9bf0a27a47c0b0a605d61,main_screen
e6c6ad99c1d236e9365c01115ba5b320,main_screen
fe00571f2b6577f02a24bed0cb1b26a9,main_screen
07d705365a0ac488d274717507903aef,mobile_recharge
2e1d759b6b144b6a36cf5e18968e0698,own_transfer
a0f5290d5fabe18c1e0148ddc48fd86c,card_recharge
3f38b6ea966b2f1450b86c308b4e2acd,statement
4523189ce0340ecdbc5a5b53ef536fd7,statement
fa18914386740928da110dd527819038,main_screen
8169a4fc1c8fccab830132c67f7aad97,statement
9a731f0c9c3b7c1d7191d1f27a9f3119,main_screen
a0cac8816589ba128e7d38bd44f387ee,credit_info
47b74c98cc539ef0cff3c1a40272eb80,card2card_transfer
518d9288d02e0649d6d6e08379f38ec8,statement
bbdab7e5582962783ae38a617d47f2b0,main_screen
7ef4e43a7790f553d3b87d3ba7dcb018,phone_money_transfer
c1a772b0fc6d1bcbb71df36dc94458db,main_screen
acdac21f63871d0d810de00767bde5c7,chat
86ba3ef0a6503bee7e57026660bfacb9,main_screen
7a7d86bf6ba74ae5646f71e2afcb47dc,statement
d9c7674115559479a499cff8b9d9b42b,main_screen
d64936848ec41d25b528a7e9bbd8146e,main_screen
88f4a12cfcde09257d49ec2ff715caae,credit_info
ca84f425c9e2d947f7483155825777cb,credit_info
ffc7843fe8f11f847ecf97147c6832ea,statement
05ad6a1ee69fde826b432c4e580e57f6,main_screen
ae227f2f4d247bcabadca3c562fc2a58,main_screen
ee98cb39664a061fdd6e42f56e5193c6,own_transfer
0ba7f6728a9a8cb3870936d980189705,statement
2e4e8c4de32771e17c1cd6b9410f2c5d,own_transfer
fe4b0d990ab171ff4b0ea4590fdb0c7c,main_screen
54c987c6a6e161f57f758558555ca76c,main_screen
6d3f817ef7c63059d0eece083e2afdcf,main_screen
8498b412cbbde4e49c80930c1fa064ed,credit_info
52a24d70f03b4f50831e4ace6eba8419,statement
8cd321dd72081b717ea26993463c913b,card2card_transfer
2c19548637450bb30f9ab8ec27a99f58,chat
abe835546c5f76129adf6b7d70bbe1d4,main_screen
fd4827400d792371f454efa7406c9e09,statement
d3fbf883a1bda93e81e824c73946d549,credit_info
7f96657ba16705189b8b6a45da1e35d1,statement
7039aea09ba3aebf7d5940d950c98d79,main_screen
76117c8a4f8d7768e0d60a2745a9492d,credit_info
31c2fb0dd499e60b8276830ace95da43,main_screen
27c61927c29c99b0877be94e18be0d07,chat
2f7ca0911fc98a766cbdc3afd468c979,main_screen
5442fb0d55ba33e02ef5efd824090137,main_screen
48322ac29e459f39e7ac6c6caf323ac9,main_screen
293ea189d1264c7a590220dbb8690769,main_screen
2c0959f08b4092d2abfa1e2b1c651d12,statement
bb0ed1a8ebae7c81731815d9eda46e6e,own_transfer
18132b30e5c9d4303cf7cb48f784d56b,chat
45fa5768c9fece0078074016dbcd0eb9,invest
0e9c8cc6e63de3f735d82423e362ab90,main_screen
8cdea7b5220bbe9381d1fe0e0eedfc7a,main_screen
849b162e403c518c99993aae15faa38e,own_transfer
ce74f3014bc1942bb6d512fd9d58b248,main_screen
80962c336e0a63929cde422b258896d5,chat
b969983d2602a83e1b868680c91ab385,main_screen
e16a7cf98152eca998719c6bd2eaa593,statement
b1c90e38446f83d3298f40eb3d60cc24,mobile_recharge
39dc17abd8e742a1826ae18cb8ac9ec2,main_screen
268be7889f770ef667cda2b20d51082f,credit_info
15c94bd6c2f04afd8710efa21b999660,own_transfer
ceeab940d6f834573b0dbf605c27a721,main_screen
3003a97daf336da835542b67edd9061c,card_recharge
f8237d5a9f3c241aa689d1d233aea4df,credit_info
a451b70ad29911c6005bd8c809b14c45,invest
6131b3723515bef5b9f3cd39abe773a1,main_screen
348d1fabdf4b91a22833fad93c2c48b8,credit_info
d540df01a59cd879c1e85e416a132478,main_screen
dfe07c94f88911147be374e32e149aee,main_screen
ea3585fee2974ad7de030ebb33e3740f,credit_info
edc0c2a55c23735c91ac4b9107704935,card_recharge
4c03b195d85b9c5bef00e32d4ad16115,credit_info
cb1c40cd552c20cf7b427c54bf183a31,credit_info
e1496c1791d0d9fa4feeabbd29cf01b0,credit_info
2960b4a7ef05921d36359088069f4b32,own_transfer
6ecaadc1f547adac5a18ee5d7541bba8,invest
fea18fb64a4447eddc7935a3cecd04cc,chat
19cfd40a39e32fcd6ee723cdcdb134a6,main_screen
b7d4477cb56664c47efb1d0b0a5ff5ca,chat
75f87878b2eae22bacbf7da78f02328b,mobile_recharge
125f7ad302d6ea15892bb4efbcfce11e,main_screen
dd3e396b1a1528faa97b60ca59017fa2,statement
c5890a367892b9839acd27f15f8bbcae,card_recharge
5751ea9fca15fccefb2651ea4100586a,chat
7ede6f7b48fe0394c648bb50e0c41026,main_screen
1bafc1bc09028415e5e1c87d48e34cb7,chat
d2290837275256a6e37eb0e417034b70,credit_info
07382ff2733caae959d13aa1f885d00e,main_screen
f777a92b3a571b5d396ac54622c2678b,main_screen
86767ee829621c98dece7cd0c7fa005d,main_screen
fb6a6c2e29f2f581bfe98fee5569418c,main_screen
7880d7eb453e21f139044af308269e36,main_screen
fe3a4e249466a6de79681322fca6acf3,card_recharge
f9a4130ac2317bf45bdfc8ced2786820,own_transfer
bf257100fd3eb95b1887e3f8ba80714c,chat
6e88bbb2e8ef62bf28e1981230dd5d46,statement
5c7485e99b94df0ccfa1917cc084f675,statement
91d3d77f5aa5e0cee160f454ef73dc2a,main_screen
1870c3616cb5b3f8f0e5d9d4f8be4199,statement
3abad663c0022791d5f82fb9fb28d331,main_screen
cad2a6bf69b5980be2125637e31703e4,main_screen
7490532af9481f48f7b6d3da726f5ea2,statement
29ae8742d71e1b498e9f6e5cc1deb2b7,main_screen
0aba05503771ab79cef6fa9b3c74a1d3,credit_info
55c37847b2d822270ac271da725d29e8,credit_info
b3444059aac1875abc6bf8329128ddfd,main_screen
e608097cd8ce30a56674d630732b9852,credit_info
6a586195b5537d04b9e7123d1281e88c,main_screen
a456eaf41976ad93205407bc1003db8e,main_screen
baf4dee0cc5d1e33089fce2acbe2e7a4,credit_info
38f15604ea912797ef121556a6cf6d36,statement
7dbb2e1e38e1902af44417dc965d24c6,card_recharge
995bec69537f46db51f8309c1f2ec1ea,main_screen
e89eb27ecb06a628f8a3700699fa526c,main_screen
1803aa44b6aebaf7b4ea494d05facc53,credit_info
a2f3d7b83fae7460b0a123afc34710aa,main_screen
495815fbdeadc1281c0c3dd125257dec,card_recharge
120445b4ca2f04abe3fa9ec2706dcc4e,statement
097d1f2ee716b2fcbe5a6e4a042de801,main_screen
d4e03e173d00f56748af50f4f2f4a8a1,main_screen
5cd19467c03f244ac6cfbd6879832ef7,main_screen
f9b701ea23c34077290f261c09970f68,main_screen
c096bac0311f77d84855c9b63af16da2,card_recharge
62fbb2447353fa0a2c6696bf2e1f2f29,main_screen
09a40310c07da978a3145aa8cf0c73fc,statement
b8cafb86ce75be0aa1129bd5b44ff533,own_transfer
15eba17020515ea25356021c9f1e7fc3,main_screen
2bf77ef0b0c48fab04f7f39b36268e86,statement
0d68e3313111a019c6b0e5b2b12dea5c,main_screen
05df97c722e559e190a6ac750cf1f6ef,main_screen
341a3277813886de109379eed333418c,phone_money_transfer
e508137c5f7ec477658e660c1f818efa,main_screen
c05dfda83c4c897a93a997584a28b036,statement
c5f4c9b6610e1606ad2658effa955287,main_screen
9c0baa0fdfb60a36d24b232d412795a6,main_screen
4733a75e30bc252fb8a47e5981b77f8e,main_screen
192efc0611d0be7fb5501f3570d3bc76,own_transfer
8bd5b71cdb87464d94c215ee2a64b37e,statement
92ebf9edc226807de3c860f225fb42eb,main_screen
6baa43dd74ad746d19c966273d245aaf,main_screen
4182d84be5389bcee691144885d1d3f3,mobile_recharge
2279f7de5b9958fc17b3bc89b037bc78,main_screen
a199ccdb7fefb10fb2494b6186cda6d5,phone_money_transfer
5f933971e03b1446ab0cb7ef39538a2a,statement
e8540f4cda3938252cec8506a435ea9b,main_screen
5294f31d7cc82b3dc5661c8a92bed805,card_recharge
bb6961deb3abdcce31ae32a2581a0a1f,main_screen
c9a8b5afb10c5eb2644feb50ac53ba76,main_screen
2418ef2153c51bae1d621cdfc76a6e18,mobile_recharge
aa9ab93fc7b491b018d4d1e3699ab11b,main_screen
8a723db1a1ea622b19242ce44aab43ae,credit_info
368835e8b29f26d24fd73b6e47b58630,chat
5060d06d00efe74927761556882ccc5e,main_screen
46191bdf4d0976e325187fce870bbf6a,card_recharge
f11a7f943641bff65e184ae8f5bc038f,statement
ac8ecf37f928f0f298c103dc774b0a6d,phone_money_transfer
dcd6997f7bdba359769897bf5059f8df,main_screen
ee898b001c8e8c4b65a9d41a5e1ac924,main_screen
25b07fb63f305dc1e2bb9a847282a0af,own_transfer
59b34e5f2de2b86ed63eaeb49a8adc10,main_screen
be10c18cd8ba6ef5347c83ede95d5574,main_screen
1f5b8bf5c7dd5fcd772d2d7afad7a5e2,main_screen
32dd597da31172446ad869a2d8a2187a,chat
124041466dc1773bdd0daca4546ecd8d,credit_info
51be0c9b07fa0ef43a0a220b43d4d98a,main_screen
05f782b38239387e4cd701683d23a2a4,main_screen
e769573b05d376f7808487417b819805,statement
4e4d359d0dd8900d5d439c9fddfd04dd,main_screen
318a31cb93a13450439a9ae02afad673,main_screen
5ab8f64d150ca203b675e476cb745faf,main_screen
a39c6e85a70a0652a441ff9481ae6c1e,statement
9e0f46f26b22f7746a1328868e628b02,main_screen
ebded07fb746718acbd6c03b14e9c22c,main_screen
b4bd9e7035f425a5a802a9588af29c24,main_screen
93a42be1afe60f9b25b48c344a3e8be4,statement
45060ae318d76daaf3096fc90fb406ed,card_recharge
8614da796563c60ed056719fc3e3aefc,main_screen
4d0b1ff551b8769268ed0eafe5656275,card_recharge
9653b01bb7d69bb33579a311b40adf82,main_screen
b297a5f53432dc1484e20dd0d443d0ab,statement
84db6e3edf0da1a64e56684e6413f40e,main_screen
8d64406be857f0b163e88a4d65151a92,statement
bcc4c5547c610c12cffc57ccfafa7275,main_screen
ae2791d69dfba7371a99ff538d28af38,main_screen
be4911c679c759071eb5229ccd47121e,statement
7f638307313c1153ccf6265cd6aa370e,credit_info
a68fc671ed1c9994ee8a1a0035a904c0,chat
ec2d3d65719f5a30335106cc539fbb19,invest
93f7f135b8d37f306fce44ed941590ed,statement
6031a2c111a1892a2d9083c7637a3931,credit_info
353d26466dbd75cc7cbee36f7f2fc994,credit_info
32d9d3df041e65d05f2a945bd2da9caf,invest
7a4f71f746d7b314462f125f964d35cb,statement
ee1a03db7955e7c185d31b90245f2e97,main_screen
28daafc2526667f1113dffef5f6a40c9,main_screen
c6ee83c4a538ec8c46ec41ca7cee2e04,statement
6e69568e65abd0aee9887693c823f1f6,own_transfer
997edebf1ed4cddf3cd214cbbb2176f8,credit_info
eda011d731d0889ff6779f1973d4e458,main_screen
749b849762a6efe9c6c369d69a88c4f7,main_screen
71d512a0646870747870e263dca3b6b3,phone_money_transfer
c9370202fbb55cec072ecd197f808d68,credit_info
7e84534b805c6db4949c539b13337501,statement
ee391988e959bd0dfdcfc17eb1d915f2,statement
f1f0eabfb6f35ef006dc2e9ab40f2346,main_screen
3fece3bdd76382009700c268e815c72c,card_recharge
87395638ee1ada6da08be59ced05a649,statement
090074f582679a08b10aa5edefb2611f,main_screen
fe33008147631ee665c50f251cf9f7eb,main_screen
d3b4284256aaeef748ffda7da08accfb,credit_info
d198be9bd1172598eb3ca46b43325f2f,credit_info
e83510e7c3ef0cc8cdcf2fc8840e6157,main_screen
39507621ef26e990635fedd33b3e23ba,main_screen
71b1a3287d625c0abb96bfb1c4d8813a,main_screen
63423764d7517d72247cbf6764dceeca,card_recharge
91e8aa6891007a6b90b9eee9f0bf9abd,statement
065c4df30454fa20899b2b66c512e718,card_recharge
36700de0042cf79fca63e98488afdb15,statement
eda85b07ea1e0ce615c05373b3ed7845,credit_info
a9af0801279fbf3c74948161b0074c7f,main_screen
4407e9a295d2c899db0a08a63a49dc94,main_screen
789e81c23895abac9e1db39827a94aa5,main_screen
e9c40cc52e1b9667582b59b53d3230eb,statement
cea0ca17b8e06d77ed4b104a0630cdfe,main_screen
fb75f43493f88d137148d11da60da37d,main_screen
5e1194b4d957d12f633a561a3ac9b8c5,credit_info
2c28be1daf53be179062f46cd4aabe1a,statement
8b303f9cd7e73478c165ab3181146f5b,invest
1c6e360c8dc22cdc4c0ef1e2bac614e9,credit_info
3eb7fb7cec95aef17cd07fc8e39d2391,main_screen
88298416ed18fcfebd6126dfce2076df,chat
c2c8f9043571692a1778e87525350d49,credit_info
fb4785816031c6931ff41d8b1366db34,main_screen
1f703cd0985df8ecf931256345f8d8e9,main_screen
b7bb651ff2911eeb89af0467b026d6ea,credit_info
d8f540db33db8a88e939d67f4ee4db27,statement
63abb86a4a5ef69190144cfa613f401f,mobile_recharge
8b22e8a126e665f41f02c67fc24d125e,main_screen
2b582404105b0fd52b3c3ef824f6d529,credit_info
fbbf5a97f4889354f57aec723fecc05c,main_screen
0109454f975a6b7e23b83d4681f4029d,main_screen
841793a386baf074b9b826b57cfad498,main_screen
4cbd897b8bb05a34e9c22d34b6c03626,credit_info
53d8d9ab178ac82eb1c9e22a75bbb928,main_screen
e62a6f145307e7e0d24b5708a9a353b0,main_screen
111fb4ad098dc9ea2afc74876416be51,main_screen
eff9d6e9335a73917aa9dadd62f2e156,card2card_transfer
2915fd4c859873a62d11a0f6dc1d670a,credit_info
3dadddda66b0d649558628db6e0792c5,main_screen
790b56e496bbf277e177a439dbd886cf,main_screen
c7115edbfe2097f47b7d4de0d8a6dcaa,main_screen
85405ba358179f5e375aec7373bbc222,main_screen
a1ef6b776d4acf6e91995fe105287c84,chat
71685922abfbfb71a7caa5f2a0f14703,main_screen
d6c8ec26a276d3299a3e7b61d7c30d8c,credit_info
d9720c10f0d8ac7f022efe59a3546e76,statement
5a181cb0e6f685e1f89ba40aeccd4812,statement
995698f3b44a0cbd183a9c3ba8dc2aae,main_screen
2a7e05ce0ade80194c55d82fd105894b,statement
0ee33ce7ba5575222d8293f8be05dc0f,main_screen
18a02c216e57d7242cce711d79bc95d1,main_screen
03fc954ed1e7b0ff4a7d196193d60444,main_screen
096c8809731d88bb61c3f38a25505da4,statement
952a44f5bf51cbf844ce092f840b4b3f,credit_info
3b3bbaa69bfd543ddf92b2a09cdf6c97,mobile_recharge
9fc08069f93f822061be25526c97403a,main_screen
44c09389941963c7d430ae94268f422e,credit_info
bb4e5cfc6b72e8bc1798a6fed1912e69,credit_info
32417a8bfdb5767fcaf134c8e24deedd,mobile_recharge
c9367d0b4b7090532be5af9a7c4a2c6f,card_recharge
95962201b9f2d59973580bc626bea829,main_screen
5239615526e47a4818530209de67a639,main_screen
87655412865fb2a38465703d49730232,statement
c3a66dc3b54f98fe9bfb20c44d51fec2,chat
667f8d6bc4fc2a38998826f20e8cc3e6,statement
455ba078e7ca22c1d23c9065cb27e451,own_transfer
0b898c221e45bd30465999ecf194712d,main_screen
38bffd80a48fa77eecba780e0528da87,card_recharge
781047a11f01c5e77cc66541a959ce9a,credit_info
8ce78fa78d5c51544b804dd13ada6e05,main_screen
5c6fb51617c63091c66c5f76eb92ff3f,chat
9220a160e716b5c67f2650ac7810d72a,statement
419cbf001ec43e0104e7c314c38893b8,main_screen
efb9dfc6a1f94d4a2adaf87c20f784f5,main_screen
6f8b9949fdd02feea37c506abc043f50,main_screen
652bcbbb7f7bf50655b7a1899c8f37ab,main_screen
5e923eb91ce1356a1b8f07858f776fac,credit_info
a483cbe968056a9e628da9a4c22b26a3,statement
158bd062c71a094e7cfaa50e07fe9b44,phone_money_transfer
9fd5819e5d581c245386c537039f7393,own_transfer
796e5c0f622478c775a2553d18d39f42,main_screen
06932833a6391d961369dd13538ee889,credit_info
7538c7b710257a4687fb59d7a419c7b5,statement
c78946dfd269c7cdeb5a17762521fc64,main_screen
465b85762465fc63f1632261dcc513fd,main_screen
3cad8e51ed016dff4f00d0ae87e010dd,phone_money_transfer
93b3e7839ddc7baf4aeac8900a45367f,invest
675cb256d50da659704ed0300f6d18e4,phone_money_transfer
bb07bb359a5fb1e74b24eaa3e02ae510,main_screen
20ab8d345f6985c7f46d7cdde7113b24,main_screen
21c2275bfb0c2202d70434b6958648d7,card_recharge
bb3902c235fee0f90a1b35fdde47327d,chat
989fe37d171bda14d7b65defaf2b2ab9,main_screen
fee19da0667de5424c9af689d4d2e4ff,main_screen
dd8c8abe37466ae10f339f5397164a78,phone_money_transfer
f123a0897291812bf0576b7543b755ea,main_screen
f06e5be094b9c96a6e6da536a9b4bb2e,statement
76335f9beb7db1bc2ef469853ff210a8,statement
b11e33aeb4708228cdf63736e22d596b,chat
cc055e9bc16fb7545ad078ab38cd47bd,credit_info
acb46254fdb0741adfe010a9c1cd0000,chat
efc36370ee5c6088d6eb5c10809bf46b,card_recharge
7bca8a90d5552122fc19674739522502,statement
c0ebbfbeb76e7e003c507e8d8020c366,statement
0e26ad8622a090db3a2010ee40fd5afa,card2card_transfer
8889da75c7aed8901ba666bfb0e09fb7,phone_money_transfer
7ae9fc86719a751584a2c0c19406874e,main_screen
62b7e3347eea05d65d2c4b530255cd62,main_screen
2f491156175d0c4287003f0c2429480a,main_screen
94d35ffac027bd0fe1e36d4af3b1c797,credit_info
635dd8f4c5c607f4d42d19a72bc18200,card2card_transfer
27e641d44ceee4ad694b36bf86cf653d,statement
78991603edb51f1a30952b2cacd12427,main_screen
df09cbf05fb225392fa906f9676dacca,credit_info
2590d7b93b2bf2616dc7ed5b00d4429d,card_recharge
b95900cb5382126197621e0c808fd35c,main_screen
41525df5de166854e32377de6ea272bd,main_screen
a066ebf16a36984ee506533d58bcffee,main_screen
bc0bc2458b2cc13c16edd472ba8a0d4f,statement
a43eed31a24ac60ee3c519196eba47a9,main_screen
b0a26714fb81cb26995a49e4d53f4765,main_screen
e0280a71f61b9435fe974885c41068a7,main_screen
18217ee7aad97f3208624a18e5d53cd8,card_recharge
b203d48193c52972ab2098d87777c1b8,main_screen
d935121c5546cf0e9ccd468f921b735c,own_transfer
d2c8507af9422eeafe2018ad6cb80c5b,statement
88d8fee9949ed972e37a647b9251d14a,main_screen
53fe1904dd3864bf54b82ef31e5c5bb4,own_transfer
0159f837ed1a6fe2904f3075afaeadc5,mobile_recharge
8c2e3bb962079136391d980740ca5b8f,main_screen
cfa01ebd7cd426bdfc8c94e681551d3c,main_screen
2ea47414cae7c28d3b1c2fb8ad64c048,main_screen
8c3fdfca04a8eb350e10d01df93c55ad,own_transfer
6fad0c13a909c78ba99b4c3a55c47934,phone_money_transfer
4a475e8f43a1e364f8e1520a98c66d1a,credit_info
745ead02d35d5f8602d4b07b59849e71,credit_info
482d9821e69b386df68a4c9e9ab1517a,chat
b43cad000a160e0a26d2ea93e3f3134e,main_screen
f222d02b13b8b09b9934218d8a351cad,card2card_transfer
45c9807bd7ce815d32dc19366894489b,main_screen
c9bc346df92c1f1c21a62bd5e3ac0982,card_recharge
ac0da90ff5ebc11205e68a8bdd67906c,main_screen
79e36944168c404a0617c3c9ee408cbf,main_screen
1196a87b55def223ee9e026dd92228b0,chat
14c76b47ca51783731c988db96277c8d,chat
9b0bf8888b925b68ef831d952643f57f,main_screen
b29cf5885188d56a4b9bf2cec88b0519,main_screen
9613e9e8676f7387cdf32e6e34b39819,main_screen
c648b51db6d8cb7ef6d8af3d8860f1c7,credit_info
2d385630e96bb03a5c6cd6105a9ae6da,mobile_recharge
8dbe57444c98a26a46f06aa1472dfaf1,main_screen
5caf14cbfab385763230e233d1668c74,statement
7f90887f8ee6a7cbe9c26cb9c395d831,main_screen
2b0a70f796e1ebf8f943e3f74fc9bbcf,statement
1baa4ab802b47009d0180edc05dc0532,mobile_recharge
b6cfad699fb11e7728bae5e8a4264421,main_screen
26f5575a183debf70d8d71ae738d9a12,own_transfer
2aa72f9dd0860b31d7004a47256bd238,statement
f138688014fb2eeb5c8f3b321fb42da9,statement
5c2cacec5ae3fa3c6fff46b5e055dcf4,main_screen
1f66010bf5a13c40d3eaacd86effbee7,credit_info
da237e0ebfed4f0873414a0f131266fc,statement
38edc4edb5d81f226ba43385a9bf9fae,credit_info
6423279120b85c5208e07cfc30bb5ea4,card_recharge
ebb2f6c9fb6329493a494f067b8498f9,main_screen
2028685b583f66a73fa0934341cf0dfa,main_screen
ff0fd62b30180d33dade3a18e1411b73,card_recharge
e75826615631d4dd8eeb740ef0a72c3a,main_screen
fd47ccbe1f6074c25d6fa3fdd9db2d44,credit_info
c56185ed35d8e4354b4ac7a8d75561a8,statement
921e297d519f7611efccbd680b40c9de,main_screen
ce2632c4e6d7715eae700a7363efd484,main_screen
b0e2edc47edcac2842cefe32dfb944f9,main_screen
59f243ab297765ee07df4ef0872fd4f0,main_screen
326c48af26a267dba16f934fe10a60e6,credit_info
056b75e0794907ac6eafd125c652e8ac,main_screen
efc4425827b583067f947578c6c9e6ad,mobile_recharge
cdebd10092e04083537c6855d5c83662,statement
633382f53f177c387393efc9b95e05d5,own_transfer
a7206c017710b130e9f1843fb0a2c296,main_screen
a55346c5cde066bbe7a85abcd2a1f2a4,main_screen
78abf4ea70a9ae86623c00f854f1afd2,card_recharge
fb1a02c54bbd8a84e13111678cbaa777,statement
4874228096b4c94c82dbf1e4e3f06335,mobile_recharge
b5a490b7b7d0cf1b1f8b6590709966e8,credit_info
088e466fc128883dcf741864d915d6be,statement
c31b4148251a0cd49ad4492a84d9b3b9,main_screen
5b2727e8132ae20fef0aa8a3101dcf1a,main_screen
6550bf5a14105f2622058698e11fadb1,credit_info
bfdffcf10fea32afe362810c589eea54,main_screen
d557a1ec751eba5da3d07e55099b008c,main_screen
4767951c1432a3a9c262ecb2e787e7c7,main_screen
f4d70225efb4b4d6d258355ce0a832e1,main_screen
83d349a5f2f8b784eabffcfccb559ccb,main_screen
dbe06797dbfae49f887626740c79d9ce,main_screen
2c70a877c6826dc058083f7b8b3b848b,credit_info
aadae4cb18e3fb52feaee408a004e732,own_transfer
18bfdb5dbfa43a9b2a532332c0f0a4bc,main_screen
39dac4724a683d5f5b1ac3378149d473,mobile_recharge
0bbf77b5b2024187bceb393bc12eadac,main_screen
f4cb9d448de761caf6808a48a847584d,statement
d76cfff8bf1cd483504d09adcd1b55ee,statement
39597cb6b97769239430ace016fe66dd,credit_info
e088d29d3d97f344941863ce97bea515,main_screen
6eca6c1794dd043869c593a18466eeff,credit_info
14991b186bd4782ddc75cd57513a496a,main_screen
6eca82cd29b3ec7e9344b5212eda9656,main_screen
e5a74def71b6b5438b35c05cd95c5bcb,main_screen
3660db9758680e5d0e66932c4dd8c889,main_screen
e31c047a84be469e841a94b689b68748,own_transfer
cfa1f9b5471c48dc8525bfe8bf46eae5,statement
84641869864f1ff34fed49df0254eb38,main_screen
377610280b991a97c6d28098e44c3e2d,main_screen
357806ba82ea21473b08c3fa89fc9946,main_screen
e8e9fcb44bd162c31ce6c533dddba051,main_screen
8234b896fc7ce9aaad341b33957f2d89,credit_info
7938d91859676838a029d086459a0c09,main_screen
70cd361bf50db349e6981e8cea292049,main_screen
19bebbcc4548584bb316cf4188101131,statement
36b3fe0092d359df2ffdaae7f3fb2018,main_screen
56290bdf726192db1e9c4ed07a8e35d4,main_screen
382c086e79a22c402be53dcd063b8e31,statement
0ee381d2336964d3bba173f865c22124,statement
77b1e9f8e6320afd04f6f4b27bb0795b,phone_money_transfer
598298f689ea6bf62156cc35db332cce,statement
7c1ff50e6abb3035ed25f50715f9aa56,invest
57e87bfa74432a324109ad743eb6502a,statement
65fa6c9b375389f570e6ac197c43d7f3,main_screen
ebf17271a50ffb147adb14ed4f0c4903,main_screen
91adabe0a479be5286853985d746f135,credit_info
46b1ca2f713a3ea0c28a0111dc0d135a,card_recharge
534fb50903dc1dc5456b520a257addc2,credit_info
6ca461dc8915301e10f386e8606b53e5,credit_info
31b91d71648a8f4bd5121721a008617e,statement
dda3b7e5f768ecc23c4f15251ca0845d,main_screen
33514818c2ae29c31af7b3393c7c48b3,credit_info
06aced2dd95fc9da3fcd0a1cc7330dc0,credit_info
2f46f149db54bdc6cd6423ac0c25fbbc,credit_info
a158e77b1571151c454ac371c4f3d2eb,main_screen
72c843d3fc6d863318589fc156277d39,credit_info
65c4c175da7da2f19443ec005d6cdb55,statement
e0cbf501fa1922fba24fa4c7ab07a249,credit_info
187218716fd0c0f52a5932856c51d8b2,credit_info
c940641fb02d25f208cf5190ffac52af,main_screen
9cec54bdec5a5bdd7f9dd9dd2f30b6ed,main_screen
2434fd5d2f38c76a35dd0adb719f56f8,card2card_transfer
9ec7b492a5f0e9e1b98d697d1ea92575,main_screen
cb5afb61057c186f24965b0957d0dc59,own_transfer
98530de257240071c9c9bfbbc019a42f,statement
69f0912cd543445b54872f10a239108d,main_screen
a5b96b2992c326a7d139470085bf4d8c,credit_info
40422ab9521cb6d636e231afd473d618,statement
0624632fa2aab71d852129a60a161989,card_recharge
6d3e33c8e314e8a9ef14c320e8b9e174,main_screen
4fb8332963618c5d34e69ad4837cd4f1,main_screen
006ad06eff993cdabc57df98b8c5d471,credit_info
c65d053a21ace0422b7a56922965d8ad,main_screen
82f195fd09ee231f681944eeabd6b60b,statement
d7c2bcaf401f126e22fbc521d847be5c,chat
35f56c5ed3b52d24828d06bce48dda4c,main_screen
f27b6f8bbcf851f92968a4d09f74f8e0,own_transfer
30b63bf7d847da829ce8e61b533dde9a,credit_info
0cb78808629220ea272aaf53c616807f,main_screen
ae4d0bd0258ec847392023ba7d8efa3d,own_transfer
de855d9b129745e00c6f50494f0f556e,chat
6b58ed6ebc69daefd856471676e588fb,invest
3f999483b22f9d3c86d87b10db7bf213,main_screen
61c074804c54df4fe94a8f4bef6e8915,main_screen
bb0fe417dc79c14fdc5af87939263626,card2card_transfer
2e2ac8e9c45ddb76d30d1f2d81bdf780,statement
b2bc6156ebf302a96866193dc39e1321,main_screen
bc95691d72e81546da8992123c0541fd,main_screen
0c816eb2a821478f377bdbccb97444f1,chat
1fe8cb85e693cf2afbc2db135fbff014,statement
7a13d5867aa0e777000848ebf9834a67,card_recharge
2f001a0b7815dc5c7b9b130f2a727b9c,statement
3750102b8538e3cc091a5ecc531fed4f,main_screen
9befb7b56785a61fa06ee582e941d0c7,credit_info
39172d55a698f104b7b5fa2c2ba55fc7,main_screen
eabaa7297295009c3e90467e0f6124d9,mobile_recharge
e4d80feb022e32fbba1fbcabe0f514fb,statement
0d87bfc5cfb83e9c72c0b909af85e35a,statement
643d82d22c429db556c19eb4775f261f,own_transfer
63820e6adbaa88e8eb1b78b46232fd27,credit_info
122ed87682b9f9ab61b569e70fa5cd83,mobile_recharge
cf73cc7983e244071b308aac28a9e4b1,own_transfer
8154b64fe988ff59ef601d4e71c0ce1a,credit_info
0f8e9de741787933d5e345f8c910ee63,statement
85124d52ead935a1944f14ce5a82b736,own_transfer
bb0cb86403441e8f64696cdf64806cd2,own_transfer
21a881aed85641faaf59a57a56cf29d2,main_screen
de9cb96f57c839c1fb926a26c184e84a,credit_info
45333e4856c52e75717098cf5c7834bc,statement
56817f8ff897c6ec202a43b721479169,chat
12580cc480d5a2d42c5dc4383870d577,main_screen
fbc2f29cf905b3cc270ff9766825395d,chat
cf0b38018d4d288d5dddc1e8fa3eb503,main_screen
e0852f54f0259ea84994cb9003571e48,statement
875a7b101343c09feed5ba6fb86c0419,statement
d5e3fd2f7f18a9aa73dc15fb05b5f5cf,statement
98488e8aaeafae9cd29c6fd0466e5460,statement
0eb0021c739eb68c8e4fa7292e297079,main_screen
fb6a45559aa77d545352dfa8d5ba6e01,main_screen
64e1810131fcb9cec9c0390639c585ac,main_screen
b3de6329229ad5be4b022953f3aaadf8,main_screen
faa523fa54577482de631f424cc63a9c,main_screen
f87c04c69398693905f489960711b370,main_screen
af60dc5171ffa6ecce03c24b89438288,credit_info
651268bd754a89c7d66a66d73b647137,credit_info
b33ad65a998c2b7212a2e6a5b5616074,main_screen
9f48b6b71acce0b512ee32c0d4e2527e,main_screen
ae2bb6b518b45c5a1ae222eceb8d66d5,main_screen
231d1c8b8d067765be466c9f4ec4c763,credit_info
3b6bf3a441a86597093382992b1d22df,main_screen
7492edb1bc93bbc616d8d166162727d6,main_screen
961f8e1011db526d677a023b6f75edb9,main_screen
d229d6b896d56993e504b052bf6d058f,main_screen
ffceae2df0279c7eb3ff4b86de8c9505,statement
adc2e11695915000187c5ade6ac04f68,main_screen
cea5158ed65e06166d6789b6dee320d5,main_screen
b9791278ef4405c5a4acb79c2a7f8612,main_screen
8061d865ec08784afa475437cadac1d9,mobile_recharge
d3bc724d1d44316227f3839eba5983f4,main_screen
ff04d132728e9a01d98a29b778637e70,main_screen
171ec809d6fd63d4c8ac404ebfdc45a8,main_screen
a215848d60945b48584a1552ab15f803,main_screen
9b0290e31aca714336b4f77e87479c21,main_screen
14420ac9a681aef477e86ec7e187d19a,mobile_recharge
2e0fd8a039397f155e403a3a842dda64,main_screen
71580f29c1ca287ce0c5e3492c8bf9af,card_recharge
8bb6dd27be9bd7f05ab13de8d68e090a,card_recharge
94342fdef5d55377984c34421701a0f4,main_screen
4ff525fe3af17534989384cf2858f1cf,main_screen
e748c5806b49ca4a3bade26d2f836f5f,main_screen
b9657ed376fb9ac1bacc3f777f701304,mobile_recharge
f49c3338f4c67a329e773109d4f14849,main_screen
88b5971242fb094a367744ec38c0be4d,main_screen
797a4ab9cd8e5dcab3fb4bf5208891e4,credit_info
b0d847b85cf246232c87189a6f98f2e5,main_screen
30e1bde769ef2d97a9b30c220f3f5c81,phone_money_transfer
ac8d4af220a871e14d27f202c1b0cc0d,credit_info
c1fb51f7467755bf02555d3bbc0179b3,credit_info
ebfcb2e6209231d57b0e918279d1344f,statement
c441a3f5f142ca00ea38baa768528ce1,main_screen
1dd317c59c18f6a7a651d0e8bc667937,credit_info
32d27c332fa0a1af2445bf39c8928ba0,statement
f04c1ca5566dce312747fff06497540e,main_screen
f11f15bae8cbad493a43477b020c47a4,statement
535b96af2841e5578161d6c67b24331a,statement
ea62f2847582008556e6bf5da70c9672,main_screen
d591cb98bce06039b7ad76c80c8d33fc,main_screen
ef7210f259e83f402bdb2a9b154e8446,statement
c749248820c2dcad69c9bc44e0b96854,own_transfer
4016db6ca5809bb7f8c6c23acc074e2b,main_screen
276a36d602075204d04a97686eeff2e1,main_screen
b99c759f6dace7be630fef429c9dd700,chat
b9149625d9a42353bb11874dfc6789d0,mobile_recharge
478196091d08c387e75be9d13b553778,statement
456d57623c36b93b7154dbadd58a60ab,main_screen
b7787f43624b6f0e64a7b22e5c7f6f54,main_screen
cdc96b4da35560f93014e8480cdd803b,own_transfer
321ce6a05fe1eaba6c09fc21ba16bcd9,main_screen
2c4b3da34d7856c46b0db80ccdeeb484,chat
9db019772ae0d30189c74a1377e13251,main_screen
7568fedb45887519e87cb1b872f344f0,mobile_recharge
b5f3cf8a7f3dc56ece31466c7cf295d0,card2card_transfer
d9e83793cdf337f459a176093dc72238,credit_info
d3d2bee5c832eeec103246bda52f61d1,main_screen
a729140ce0b79d606583aa0af8c5780a,card_recharge
2308449109de58a8fd5498562aa9f59c,main_screen
62b819ef3acc7b74349dd41621f4bd7f,main_screen
1e99e0d78bdcadf22df58c50f0d8e819,statement
b4f09374edbc6136713a4dd50bc20e63,main_screen
a39a282f3b4968e13a34a1f355efcb24,main_screen
062e1e5e3e384e1ca699dabc02a92913,main_screen
0fe544aac1778ab6c5136b3b785cde6f,main_screen
d66362db28f40f0febf6d0b335690006,main_screen
a84ce4d77d780351dac8c7db77b99f56,chat
0184aac94cd4e76db41c43926422834c,credit_info
bfff791bf572d1d48b7d0baa83eedddb,card2card_transfer
5c7939085e279ca0ad609f4500015fe1,phone_money_transfer
ae25746da937c8478a814f83eb76ff0d,credit_info
77628764d50af4ab1908afd0d5034dd1,main_screen
4f49668efdbeb403028e2a7a9465cc58,chat
11f046c7faa14d9d714cba99f90aebb8,statement
8a1fa1ab363d3b7a8e489993d9f048b5,card_recharge
ee027b3884484e906873f47a0c785618,main_screen
4fd3d1cfbd0084b80c28e785b303928e,credit_info
7990fa9ed7e590760b887e05500c089e,statement
6a626b0bcecf42a4ec0a1a72d0e9b9ca,main_screen
2f1605988f04ede94298d99a1749e042,chat
18cde0a234db7e9f9f384b8b7c24a444,credit_info
26f286a365412f42b7628f2e48d3fd6f,credit_info
8d8a642462dac5c9a8466a3fe1c40166,main_screen
f5f30c2142d8415ced3171a9529a5f57,main_screen
419371c5714571d68ea0d9e206b4d47d,credit_info
eb49fd7f3d7d44ace2dd9572f1fc666f,invest
177b5ac77ff2af6f0dc2b57f815174d4,credit_info
783f942d9cc415ee62ce6b986439875f,mobile_recharge
dc5e6b38426e79c8a3046a9c89b78ef2,main_screen
a915ecadcc6d8f7e9fac0470277b0442,credit_info
18c80f83487d549d385eb9235c3ce6cb,main_screen
0362fa103393dcbf95ca4ec0e9ca6dc3,main_screen
beb1e50d0af560003a5624c333ede9d6,main_screen
53b524d202561679891a00da349b83db,main_screen
4fc9879982d2ed12b6d8098b2532033b,main_screen
32556fdafcc1e2da030499efaaf6b029,main_screen
de551be1699b16cefdfbb713767e87aa,main_screen
ee17697324525d1c64072de2b4ed468b,mobile_recharge
dace0691402db56bf9509197b45fe0a0,main_screen
bba77d4621becac9a9885a8a1c463d94,main_screen
426e0685ad2281898f6746b7ac058a82,credit_info
53c397b464ff9711832240f6c9fb9359,phone_money_transfer
54348588bf75ef1436d252617bf09859,phone_money_transfer
674743b564f8d64e1ee6b7e89b376281,main_screen
6de013e8a5082833126c4b603fe3f980,credit_info
3e2c909fc0df66c3c928a35bd90048f6,credit_info
995831420a89d2a607daadd0afada22b,main_screen
ae1ceb13a6d68dabe8ff9ffe3dcdb352,card_recharge
3366821844ef9725c6c234112c410b9c,chat
fb4d81e7d44e95c503a787d58945f3a9,main_screen
2654301defcbbf71a323ee335d7fd736,statement
1ac2f1af078afd711bafcf893674b54e,statement
5fbf51e7c02e75a53e81950c46177503,main_screen
6e84bf089cb9948af8ba7d18e739fd13,statement
c412e41449e7fae2623488596ce32337,credit_info
6ebd779deda2833ebd1ac1e185377644,main_screen
efb504ae9aadabc295c094f3d3ed948c,main_screen
2141b5aeb1f28a4779fa1945dabc3b3c,main_screen
ba0b43459b979d31ae6ef40d12d2b912,main_screen
794740a1294f5b0c9216fe4c8363e933,chat
3a5166e721d2db3c305b4853377e65c5,credit_info
febdf479dc2c7edbbe623ddeecc002f2,main_screen
81365872f11ca80cb1e9565856c9e6a5,statement
be905b55de36ab92e43263ea4ef1db67,main_screen
52c5c05d4a213018e4b3296fbfa1d279,main_screen
cf428e4d890a59244671d2871146fb43,phone_money_transfer
32ecc30470a34eb8dbdfb6e48c19870a,main_screen
82de58552097d1610f6a4eeb7bacb791,main_screen
3d2e10e3d391b6566f806947953b537d,statement
9616984b55eeb2c45ae292277cb03750,statement
361d972bfb89201477746aade6eff0c2,main_screen
4b31c95ed129efc18d539a72c2987d21,statement
2b78878c1afa1f9b597b86ab5dee5cbb,main_screen
969777835dd01074b6fba0e58d85c3d0,main_screen
b6f50fb7a2d93f4935f7cee8b0e50576,main_screen
b2a56c99ae64d948aec1782f687de051,main_screen
4db65c861918e5dc3451a9d963b3f00c,credit_info
033ff94d979f05bfd5f37ee39ede0690,phone_money_transfer
5d5d0ef113adf6e4c34f313d4c3e5c2a,mobile_recharge
73488d978ae31556bf71d1c96d0bc476,main_screen
e1a478e6442c647675c71abc2932482e,own_transfer
ca2f7bf97459f9fab919bb5a2b7d0b44,main_screen
ad9d914fed97a4cc5ef474983b2a8b4a,main_screen
135bcf82e88b5f7bfe28809f50c7dccb,main_screen
33a9ed5ed25c2d2b8cc2a4ed57f05e70,main_screen
b3df41e84a03ac9de30204d4181a4927,main_screen
9284033b1b56985e36dc77e85cff3654,statement
90796e0dcb45f977d39550cfe8af43ef,main_screen
5b7b4fd28ea91b7bd7bdf64e0b47a048,statement
241a4ca92c6cb42ce87d0cbc35464413,statement
35787e027062596edbdb773dc95746eb,statement
374633f854b0b6af1fd2a30e3fa42c40,main_screen
6814d042f4bcbc63bb3ddc83da54d5c4,chat
ef7507a1c6b44d026e96a26971b249b2,main_screen
14c73a74609953a4b42b053ec97630d6,mobile_recharge
7639c42d16d35e3db0b2369600e12f98,main_screen
eb3718818824c691bec2b6d4fe8e44ac,credit_info
ebe69d47941577ffe37fc3fd9e397944,mobile_recharge
8b5379bdc28f54d23133d6f555e51bbe,main_screen
0e1e4355fbdfba29cf0eeac9d03a1e3d,statement
63fa87b39572e914ca842e40a4044a2c,statement
e3182caa89190a3b296e92d107a1fd5e,main_screen
a1b83dbc90c9efbeffd0965c52b13cc0,credit_info
cabcd8fb3112c9a780809416c338a793,phone_money_transfer
52725153a44fb5bbff64e31915f660f0,credit_info
646db0e81093327bafe9d1c1a54e51f6,own_transfer
e676e7039b88de11d6c4df6ef47b0deb,main_screen
16e0e7376f49e2b525421e6349210d1a,main_screen
bef9b266d1e33dd2ba11f1e61011aec9,credit_info
c3238370be14ec6b62eade62ca593b68,own_transfer
da5f593500eb99a6b6208cc4d8d5c1ca,card2card_transfer
59587d00726eda2853ecc56d1206df78,credit_info
7ed7b95cea7101ca03babdab0b9ea66f,main_screen
fc99b2a3dae6e2ba883c34eead0e4277,main_screen
65bf8e711192aeeab1330afa780c1005,main_screen
b89245c6d85f055895459baba469e8ab,main_screen
b911e50afc3c0a69944c8368db1f46a7,main_screen
a26e695008fe7cdeccf3af22bea6d1d8,statement
dc06ed42032ab02bdc7ff92dc2f1dec5,phone_money_transfer
bd96a9baa2b10ef9a7c7a6570006a5ad,main_screen
9080fe90b9e19b589ea62e56e3bb3337,main_screen
f78d4e335534a1b2fd8fe0c23be9c63e,main_screen
ed297f28c7c53ae7755929dfc616dc05,main_screen
ff1a1212aa5bd90a8959bde50f1a8c47,main_screen
fb3326a46c93b424efbfd5f6084b3bbf,card_recharge
bf576c868456d574b22d40f04f8bf0fa,chat
7085481973ba71fcd90a6fa75fe9877f,main_screen
14bad234761573eb85d0b3905998ed2c,credit_info
bbacd4e71c6ba5f79e2626abcd39b4c5,statement
4091472d31a36a216bdadac99bb9100a,statement
c9bb304e5f671dac45640be10407cf78,phone_money_transfer
bc133f981995ef10d63373d04c63b23e,mobile_recharge
bde40eae4ba3062d6ce047a8b3068b6d,own_transfer
1d6e28314294d4c5186f8b7428317c0f,statement
ca5b8ea34d1527c9328fc17c4a40fb14,phone_money_transfer
5dfb5073add3d0d39bf7bab1133a94ab,credit_info
b449153064c0be03c269fcbf8bc40a08,invest
55ecb796a137019a3f5d111b3318580a,main_screen
6b89b9ec739788ad0355fe2f0a18002e,main_screen
28b316d547a4c92f561c71fcbeac341a,credit_info
f645af8172d40e97ea807aabfd5afa84,mobile_recharge
50ffb05cb4a6d31d1e3639a6f18a025d,credit_info
69915b1690b4543056808f2b3981b9f8,statement
2dc0478ab772341c989dfce95708a6de,main_screen
7d1eb980fb260282d48da79fd8d01609,card_recharge
4adbd32a349c0636ffa21df745b6c01b,credit_info
0f67c746a8434d9d3fc622cd03da6b5e,credit_info
59a50ed471195029f7edafa3d86f88bf,card2card_transfer
d18ee9e325cd72b52b0d070778ce4eba,statement
9525a685e9fd47f1327563968fa81ed2,main_screen
c03d9291f3904b4d8c4a229e6b53b803,chat
49459139f99e0cadc6c95cd63c78db10,credit_info
9513e40e73e22a41a293eeccbc48b1da,statement
dac7b929dbb6d6bc24363dd6dce5a1b9,statement
9cbf12fe24da28233ce6d9b3beedc120,card_recharge
71a5d19bd0d79b7e30ff113b746a6515,main_screen
8b06537b5f50a8abc0f46bad7ac787fc,credit_info
19965fe04785c493cef517c162696044,main_screen
b5107d7bcc5f14271ad36f34469fb523,main_screen
4450c8259ac5149edec62ff07d32dad3,card2card_transfer
f53e5e050d3ac6bceb0a548b587d5c2e,credit_info
0bc0ca6a84677cfbd055dc3459a94e70,main_screen
137dd5b907a72f5adcb86728fb7c12df,card_recharge
089f5bf8ca0c271c46319331782472c0,credit_info
91d67f8312d6133790dfe0b0f9f2b769,credit_info
2a0e2c1e52a00a68c4e7137b7db158ab,credit_info
c231480b9c0bfdf2f0dc1d913f6c1d25,main_screen
cef3aae7e9a9cb741ca62458040266f6,main_screen
3a0f88a8281ebdba099625a262b305b1,statement
3fd360768124ef9da95f889eb8b167c0,main_screen
bcbf96ba28c274f7a9f4c84a57f773d1,statement
92fb1f5031bc1c479de060d1135b66e6,credit_info
3976d51c8f13c27694a48c0b645ee93c,card_recharge
d783a39dd33410735e34fcc47e4818c4,main_screen
45c5f225772174e3c662c64e7763aeaa,credit_info
307dfa812e9d12727efb6ab3cb54395f,mobile_recharge
ee3e5e739aac3dc2f93d4270ee831d25,main_screen
48d1764c1ebb3c171f86af3abfb57ac5,statement
ebd01b2074976ba59c8100c62a8221ba,main_screen
c1c2e23e24e89d0d1b3801f4181fa190,main_screen
cf4d714db60bf926e1b849d507936707,main_screen
58b4a731b9bf859ee30ff8b29c1a1da1,own_transfer
e2a834f58283043ba6c7b7e6ed018318,card_recharge
f5902f9c2946c0963bed66ad06496f5e,main_screen
9dfe1aa414e76ab5da8b20e119fce045,statement
92af7067824abefe34e4655c086f894e,credit_info
b21c95b48c217045f297768e0aa1c15b,phone_money_transfer
398f59bd71e06d7efb02b1269793642f,main_screen
c38f4d3e7389bff21944fd1595f10be7,main_screen
3936597a460d720ddd1c4b27fb7a33ed,main_screen
7e3e7d1203c9f796793a75857e6c4319,phone_money_transfer
dba016c36fba053aa4831fd221515825,credit_info
a4844263a7912c8eb0909288d8253bac,main_screen
8b2b5f852b206002418ba4dc6818276a,main_screen
c3e6ba46c853c71a997e2f48bb2742c1,main_screen
4c0ce2d9c9da551d4970861f6c42041b,main_screen
6eab749638b793fbd6852d6e368f392a,statement
03cba3c8b9d2d0a5bd10577407a8f2d7,credit_info
f6c4ad0c9faec0e0d00065ab471d73e6,main_screen
d8ae2e68e7e0dd0cfdc5776552684ed4,own_transfer
7e9a27c0ed7ee72318155c7d6dbef66a,main_screen
e87889c3e6e3c39370c80bf4d775011a,main_screen
f5f8ff3949d9bd9cc6a702ba89abe5b7,mobile_recharge
1e2a004fb429159f5468c8403bfbcdbd,credit_info
2c0fe30d9d3d8ad9a661b49387df5ce0,card_recharge
4944478f2fdcd353b5fbb73d82f0800c,main_screen
6dd5ecce9b317b71fadb4db1e1c2c730,card_recharge
f370985e80d19a21cc5aabfbbd1a92f8,main_screen
b124e55ec78f6dc7de27f03aa75b2778,phone_money_transfer
8ae9c8e0fe286066d67c2bd6fdf4b84f,credit_info
81c7fb0255338018f3fc8b8b490f7c16,own_transfer
0a86bdb84018e7a4bb9f2d567351b200,credit_info
4b6d5181686419d28956d60053277279,main_screen
3764e414b6ea2279f857dd09f8143284,main_screen
22c358b65b12d96e04669e19fd44851d,credit_info
14a15703f0583c39d666f067a5f316e1,main_screen
2b15359ab285614018632f0f3df9e4ca,main_screen
ce5a4efefce58acda0f1afbfd3651971,statement
4d0e4d47ad7b44c897aed5335fe80da2,own_transfer
9734dea07631cf1228f815491c4c22c3,phone_money_transfer
94d59f741261e8682068368e46af5039,main_screen
bcb41275ff2b5c76f458304179d71554,main_screen
800122b3a46728b8a229503f04778025,statement
62ee106451d67c1018bacc1caa4e93e0,credit_info
b72e55b84d61b3a48cc60ce5b87cca62,main_screen
e9bf1c5b3aa1f86df4f08c0f221e12e4,main_screen
607fae5bec39610fdb7c26ac15606003,main_screen
03dfb1e6ecf7a5cde2fa37cb65016b38,statement
feabcb322e8dd3c158eabbb49d2159bc,main_screen
9fb37234beae23b384d7c1d45de61e0c,own_transfer
ef8881832d010cee0411895161048865,statement
5973e00af0a46dafb57efaa6aafbc072,main_screen
0fb32baac100ba2ae9ec09d3d712613d,main_screen
7b0f7f1fb177fb83ed5a7ad9307569c0,credit_info
c6268b94870aef2118c0cdda367ea52b,credit_info
b69279ff7035b3034d22d91122745543,main_screen
bf7a348170a915a924549725b4b29377,credit_info
0f83aa765d40f935e17ea5e52a4b8e7d,main_screen
28892e8d15b35c1e2dd58280d2d50fd2,main_screen
3694ca92187329cf6301296d78c2d28f,statement
1a691c03c671015e43ad812b2374dbe4,main_screen
088cd068755ea4f1763966ab3cf8cfc4,credit_info
904df4609c7646325164213de1062e65,credit_info
92da138d0f69f535d034204f285faa3d,credit_info
6c78f6d2ec7ebd0c6a788bfcbaf69186,invest
9f27b42679858457e0568140b8939ec7,card_recharge
4bcda8173d61826aca92ee289cebc9a5,mobile_recharge
124058f108282c3d8ba096e7e602f7fe,statement
57936989d52c50e8484492dcedb78191,main_screen
ef00a31716be70edd11c99210ced58d9,credit_info
7aa3577a15308708e96f3c40ba4482d7,statement
83f3f001be169f767a9e8cc1280599a8,main_screen
7b221067262ee31f811d180e16ff82da,card2card_transfer
bd7a6b71444da919d7a369df5cd166ad,statement
32676567fc092b7e4c25c7dea5f8abb5,card2card_transfer
ba90d34db881fbd3335c898067a0679f,statement
a4c554f91e496a06b6cfd875c7659d6f,mobile_recharge
5a845202c4dfab226b20291706f882ad,credit_info
2b6e92235485b016652bf6b414aed842,main_screen
1b22ca0732c3c27d581dc2aac97d5ad5,main_screen
8b35cb39d96d34e15438523365285fb2,main_screen
e334a5bef7075381be16fabda2ab4e01,chat
468891df5f88e38ed9649f5d8fd5e63c,statement
674c6a0961ba2650fd459d9b1ca5323d,main_screen
44446adf9db035f0d448c64dec2e0e5e,credit_info
61fc98f441508004f270c53d6e44fd4c,main_screen
9e8becf57724d0cf6085298968bab1fc,main_screen
24069b289976741177ccb72bffb57cca,main_screen
86ef0ea4a07e071a62f91150d0ff8ae4,chat
ea1a8f2c191b9b2badbcc37f093c3967,main_screen
37d26c4eb882fdc0110deaf831fd159a,main_screen
b370060a5c353977d58901fc7ce18086,card_recharge
8366097e575187ae717ed797865f136c,main_screen
53f53d6b7eaf545e74212f380024aeb1,main_screen
98b8a55a47544635e369a6314e17c8b9,statement
e8ab5716aa93acd3ebf1adfe1dad6d17,main_screen
3ad023b768b5ed2caba0ae36f9a2441a,phone_money_transfer
6613471e75719c0017ba83a3227e83f0,main_screen
702a567670489d5ebab3e6053403fa20,statement
c0857fd7ec839010b8451090843fe6a0,mobile_recharge
f437c654fd1a41ee5903a006d1ae41fb,main_screen
38c8ce354f2a405f7c2ccabef4f29539,phone_money_transfer
bde9def5731c3d07175f40c3ff08d929,credit_info
e12c5e18d620970e31a542e834f921f1,phone_money_transfer
b84d9dba0deb7661095ef7e1c557b916,main_screen
6b81dc608768196b74ddb2bd1a7ac405,main_screen
e2bdd28c6f359ae9f5a6bf7f8e5b2531,main_screen
72ceba09fc5616231861ad8a08b28ef1,main_screen
1e5667bf2b14fc4b4dabb48af7aa2a63,chat
6686cff4f04d5099dd1c85bc2370f494,statement
2b90e5939e1b01d0fa98fd130b66a2f7,main_screen
1dd0bfbdf3701f13a608e8c9ddacdd44,main_screen
a89f3fb585885b9c8d3a351b24b15a4c,chat
3871d305505cbf3115bb91286dbc7e05,main_screen
ff39951598af844ff34b3f6209703094,main_screen
cb5f1fac56add62b424e359639d0facd,statement
ef5097225828ac735a47721f195aeffd,credit_info
404fc9df7df9f18b590d691090a0d7ae,main_screen
1746fe5b9ba8922f5c896d7429bff71e,main_screen
dc61e575f5321ed620134da420511fae,card_recharge
76f6fa2e078f4476df2ac8a47cbf14bb,credit_info
bf65c05dbfed016d768c22e0638fb7ea,credit_info
3365880ab54b9c9da8d5d1200ad3c077,main_screen
469e7278c660bbc427450f911c1f7179,main_screen
b0fd9839b14f8e165cca0beeb6635224,card2card_transfer
9aeca343aa0c1d9f9b3f826d7e7edac8,main_screen
5a759be3c539bf1c96dac61e9d9c72e7,credit_info
b221e294d6751587caf28c40d57f2958,main_screen
04d711da8780f544d03e9db9429460ab,main_screen
5291f9d382777c7bcac7730dd16023dc,chat
86553dbd6ab449869aa66183caca374b,phone_money_transfer
829bc754ed22a0de6d194dab9d1196bb,main_screen
84217fbea3cc8582d648218339158078,card_recharge
3d4933fabf203071c48bd84970d0e258,own_transfer
1873eb28e9a5b06250325b9ec3aa9ae7,main_screen
0e9ed964d6316a538f51a10724d5a323,statement
4ed7556cbd0e61586ce3b91d813c5e67,main_screen
a24dd2c23c4b707a4e5d0b48f95fb90c,credit_info
7f90341c498384f55858b90153c0f633,main_screen
8be8cb3dd431c0de033f71a42d3b172a,main_screen
a61e9e5dd5335cd52c92a15cdb66e413,main_screen
8655376eef089052c500c7ad17290d8d,card_recharge
7622303c6eae2d08a9c95f27b07fa58d,phone_money_transfer
0de405b7ec793fa258b6a6a136a1d4cc,main_screen
2ced8f9f3185c5f60fdc0afb660fde68,statement
091d719644beae0ce86faa971024a97e,main_screen
b349020a652392315844c7593034f51f,main_screen
e652c4c6a3496dc400e152afba843cd8,chat
e7f23fe7468879e4f3b1638a897bafc4,main_screen
34003a00bddea2e0a2fb98125829191a,chat
3585708efcc402090f3f9be5ae070c07,main_screen
dd8c1c31f77abdb7303baea3bd092378,card2card_transfer
8c0b74a86be4ae31ea42a65faa61e90d,main_screen
758badd4ff4cbfb8c50d30214490e1d3,main_screen
a43fcbb40c78de611dc55d5e79c66a5c,main_screen
30f03340380d609e8b1cb0d568ace943,credit_info
f66e7765d88a73ac1bae6906de6c49bb,credit_info
e364ff8ffe950543c2114b3f94326b23,statement
a7ae1a9c9719234caa7fb155610f4f0e,card_recharge
af4b934ab9b14c97ee757c01cea2b882,main_screen
5af13d27424815676ac47f584e9c66b7,main_screen
26c8c3971945a3c3b905c5c124a92516,statement
db39a3fe578550e1c1436fea5574b626,credit_info
16ef7dddcc13ae71dfa64cad77732acb,main_screen
abc6a5dff2fc9aaeaff678c6fff1541e,card_recharge
4667cc6b2b3be97e5e8b61373870ff81,main_screen
dc2ab2ba29b63a9b4df2164a3d14a1ea,chat
4a1ffdfa8801cb87af1ac15c618dd897,statement
d398290b0f9b99d86a4232608d324a80,statement
5ddc79e8e62356df50ff8ef1315f5125,main_screen
d8bf4c4626348f9b107a683708cc0aa5,main_screen
f228b39434547493d54a02d5daed3344,credit_info
9ae8f5414f498bdbcd5fc66d02367ee9,main_screen
bbdf299bbaba0ed8642aea49c98f3b7f,phone_money_transfer
3cbc01caa8738d2709183289cf5df1d8,credit_info
10cb7971711fd414f9f75db09563286d,credit_info
532a9d5b697be4ca972c09a0fa7ff5f0,main_screen
1cbae4f79ca5ef74393acef5bc7ed79a,main_screen
38d7801dd4f38b2df94d9b1b77efc05d,main_screen
0435f8fcf2a7962f1c8b4efcf5987ecd,main_screen
d9474f0cd6e5da7aa400064e229c4a24,credit_info
e64b7dffa7553fb747adc59928f285b2,main_screen
c813a13090babc9b207eabdde06791fd,main_screen
1e44212d3a6ac943c1598f5e09f3a5a1,main_screen
9da6d508b7b4d0dc4c45757134dbde2f,card_recharge
8881a73c54b044e76260190711d15403,main_screen
de733017771e28e8c9687f0038b04bd4,main_screen
0bf224628bf17e4db8d3a8aa39e14b49,main_screen
ad615fb347448c588cca621adce37f77,card2card_transfer
15e782f79d058884c3113c418e32dcf3,main_screen
26ce49c85e8a14b37b508f1e193a629c,main_screen
ef208abb906e2347864790a3ae7be5fb,main_screen
7e7a2336bec1b3ca77b765b52af5b661,statement
4479ed08f8d7f0281d9dfe7daaaff268,own_transfer
d32b09af626ebee4a5aca308060d2a1c,chat
a443351f2146040dcc310e6950eee141,main_screen
499b6d1f1748218bdc09e06b9df9ffa4,credit_info
d0ee0004a2b5e06cb879c616f4384d43,main_screen
2aeec8e76a7b755cbeae06783c3dfaec,statement
5420f4bfa47155f51213ae9b6142aa96,card2card_transfer
cb5bd5a3abd81ef4331852b80d7f38e5,credit_info
ce47b3c4705be203105242262106fb42,chat
62cae6d93d3beb98509c456942784143,main_screen
24f947c4021187a24af46a5f57eaca92,main_screen
65e48fd8940ab8640535cbd2e5bc54ce,main_screen
f71e44a7d73832c898c4aa6c6a2bbdb6,statement
8beda23231490041f44f9cc215d4ac69,main_screen
70c8d92e4dcd8a46991ab12dfb99999b,statement
dc4f3096a077a76bcea73a3f8af93e3f,main_screen
1fe288b8e4da30be7f3210df313655e5,credit_info
d195f0848d942c3b57352b431dbdd088,main_screen
1a11ade8eab0ac7d8f446d0bd9e27735,credit_info
e5fa795a1ebcf0cbc46f208681c7dde5,main_screen
b5886e07a6285ea08d13dc07b32d718d,credit_info
821aec9981c7e5fd56ffc66821acdffd,credit_info
0f2f2fb61fc3b4d505eabe8c808bf05c,main_screen
cc595c86543a6da0dd7da4daf63225de,main_screen
d56166d648e54d380d2baef6986c2d8a,main_screen
3a93e0a7c3c9f6e4638e35da1e886dcf,main_screen
d04d63fbd8309a56dc64b6a8ed65e7bc,main_screen
98c2a1354ac00f71e91d4df70aee876b,chat
448e6ded277064df7ac0da5ce0b713b2,main_screen
21b8dfb162a7c42d63a434125f060cdc,main_screen
72fe0a6470cc6277e2bfc7c70ad1639f,invest
6aa3ff36b8be2cd24f3a80bf84413656,chat
87332f29998e76be8079dcf6292921d4,main_screen
09264ef4520babeb8d17c311175c7cd1,statement
3a85e2eb162ea04f613555045b15ba8c,card_recharge
bd21a59b304e56f81fab6c4f9273b797,statement
46218278267ea1608590391677ba84c1,card2card_transfer
b485a0990801ea79ca84d301ce6b83fe,main_screen
b5dc7aa79daf4f96240e15d1703bb107,main_screen
1ca8e6ddc5ae2072c842eb686f0cf937,main_screen
1f06405d16c99dd68bfd6acf9ec39f15,main_screen
cbdd00b8a17a6a664a9693f17f258da1,card2card_transfer
4c3178ac50674286e9ef4afc84b9a734,statement
fa253cb1c210ddd06dc0b86e862ebb0e,main_screen
06d4b4178b9e882c30421bb6d6973b81,statement
a6508c5f7a86e694e737abe99425b532,main_screen
9af4cc139863c77da25ac81591949303,main_screen
025f45bc1cca06d19a2f9dad9f539d84,own_transfer
1f50c957a23130bb94018b1363ffee8a,statement
5326985cd9a7d28e2dbf52d0abc4d08b,own_transfer
f0e7c790225b90934b7ac290bf9cf86a,statement
c4b1426f565c1313269d75ecb33c4762,main_screen
76491695da64a3b1709689c9560741e9,chat
82a2468afbcaa54a9932d2a5bf5ade23,statement
b406dae2f076506098c0eed27d025ed3,card_recharge
a0e6b6c7e37bff58024dce8f3a821c9e,main_screen
93a988aac504bc22b1c4583b92ea3a77,statement
4dad10ce20c8f2144f01390334e5d825,main_screen
e43a0497a2296aa2c472ae158f35858d,chat
fe6424994f7bbc1bdcb5b627c61d5ebc,statement
27d7e003334c84399b7096f8d2ac537f,credit_info
de1ed786448c7c36031c912b761e3569,statement
5b79e73ff7ee2796ba75378d96b74a30,own_transfer
6880f14c03db26f9bca3ddfd7c2cbf2a,statement
d5eb323ee366e620afd9e165f8d0faae,main_screen
dc8b577de518065175024b500c11067a,own_transfer
68d04a1595c143d8cb5ba4d5f7c682ba,statement
3f2a394de88ec7a5f8a2f601a0b14968,main_screen
70b50be3bede2f5f8a28c38663c1b83c,statement
2560f3cc7eb6afb862bd51aad76a72a6,card_recharge
51a98394a10e72d56cf968f0e0b32893,chat
e74bf09ea3628885bd376e5bc245cb16,card_recharge
4e7830985266aba9c52993eaa8c204a0,main_screen
18bebcbe0aba489ca660efd4a12b0b33,main_screen
00af32c97f2fddfe8841012a2868c7b7,credit_info
4999efd7d667987a355793f92c28c8b7,statement
ac896494ca09cedf996326445143335f,main_screen
504ded879a5a7b715c1beabfb90f5689,card_recharge
9c94bea4011b5cc2396ea900e22aec97,main_screen
fd9fd43e9d0a55e001ccae5dfe410ac9,main_screen
c1f26192e97bdd601421ea98bbeaf70d,main_screen
a19203945df04d3aa70233886bf4a580,chat
6f3753f4fa20bd1dc3e140802ecb8a9f,main_screen
ab73eee9ad4ff2a14aec4bd61e32e31b,credit_info
bff291007f29d1c389b6b62295e80d3b,phone_money_transfer
910c137e840d20893fbd7c80d63544fe,main_screen
42daa72b8342c95d04e02357864068a2,card2card_transfer
572724ddd852db95d4de7686be7f48e3,main_screen
1137146a9dd6f8c4f75296dc7cc928ef,main_screen
2a0b59e2d1fd8681974743ee40246d3f,chat
f99c022cda0d551959422e8282b3294e,main_screen
09ea6006f6b541cb14d7e421004c0dea,statement
28ba56a0b8b09a3cbcbcf1370948930c,own_transfer
5f313cde19c6b6d6feaf9c6d2e34f7cb,main_screen
35d119e2944a445f4041f5fdb2dcfcde,card_recharge
90ca41f44cc8ad7880dda960d98d0703,main_screen
fb952e4d2746a8dcb03e3b42d08673ee,card_recharge
3222c9aebfe9152927fbbcc69a5cd922,own_transfer
8d468e6022acde4c5968f80002814594,main_screen
77c3be04f1bba600c5b16d8c4254bece,statement
cacc015e1931fd2afb02a76e130cab8a,main_screen
99ff336df39b6314d159f75c27d9d0f2,main_screen
fdd4094456227d17b1fffb0cc6bd81e2,statement
0314a096df75e34709ef971b172e9d75,main_screen
8102b24e35575e303dc2b857185f535f,main_screen
2a7f5625cbd118d916697e20a022c1a8,statement
f677484d1b441182e8d2789bea0a803a,credit_info
32e5a929167fd0b9b3056133cf0aec41,statement
6e012e4a74db33bfba0d89618e3e7a9f,main_screen
f23beb8968fff5b89bdb8fe40012cae9,main_screen
56ba9be8fb8f497fc6c36f4f8f4abdca,main_screen
65e8b7a2bfc0a2a87d2d0f4c8c23ada9,credit_info
5c965f0047b0da2287e17d8c7edff48b,main_screen
ea00225cbc49bf740d7064270a6d163f,main_screen
0aab62be01a731e34f5f248acd496531,credit_info
89f4b35337deda99dc022795bcf045cf,statement
47377ad586bb3845d4cd3693c2ae17a1,main_screen
62c366a3050a139e807562e8f6f4e5cf,main_screen
3c3b53d2fe57dae0e8ab73a354b571c8,card2card_transfer
269473b062cb6eab788132539784e772,main_screen
fc8c8b08bf0418dea073f5d8fa15cebe,credit_info
7f99c6bdfcd6925bedc76d9de60e3958,main_screen
2a4817c39884db29c510073431f269aa,main_screen
dff0846821df710723d3f123eb2d92a2,main_screen
65dd8351635dad6cbd3cb0e63c3c26ee,main_screen
bea2b851742d6e36ffca57cba0fdc9f0,main_screen
022cf71975057ec9aa9b4152ea5ffbe4,main_screen
4888237f33c840ca20a8758a8956c3b2,main_screen
e375150a4191f10d152e3f9c580f67f1,mobile_recharge
a750a4cc151a3ee23fafa7280d6015d8,main_screen
a1b6d6506252bcf3cddb8722ea88c23a,main_screen
c8f00afde1782fee860c9d78d804508a,main_screen
035ffb3d87ca75f6e888946e90492b87,phone_money_transfer
eed26990f3f9afb3ab600976417acbbb,statement
b11729e6c6b0942b097c4e1c449cbec5,chat
13618927ff9f0c71b92b4a688542a4fc,card_recharge
a3a2fe93c767cd0f244b0247f0f26888,mobile_recharge
a9c314803d3d65bc60ff485f32e99682,main_screen
d0b2af35d507d6fb1b9e89b462cc90d3,statement
8a0c4e237b403daa6d1f75cae13283e8,mobile_recharge
da0346f99e326dfd1729981b5f2445e7,main_screen
c8a41f4589626218f8f147e0ba487f1f,statement
a664cc2c9dd72753f9932b48fbc3679c,credit_info
debf2a9625d28a6599ebf7d9c4b2f2df,statement
88aba178963f4513a7a64fd0a48c75e9,credit_info
1f8427d27b1cca10f1a63e54852a92de,main_screen
eeac5b3ad9317cc99fff43abd7c7a380,statement
62513eb21600a443672b47ade534b6d6,main_screen
be8b51e576bb4ddd2ec68988de36775d,statement
8ea6cc6c8ce214cae6dc18eb08e5292c,statement
97a50ab9787e12fcfb950ec33388427d,statement
9c7ad127b9dea6b3bd5c7492319cac97,main_screen
c8696c4e0957ae0e12f679c1739634e3,credit_info
71ba054e7fb8131be474f284df511895,own_transfer
701834ff671a0273fc7a93bd58b395eb,statement
f45fc56c6e4f32fb741211d18a3cf40e,main_screen
7e511928639be8bc8f351d9b5d3c7903,statement
02c646603368937dedb21862885b768b,card2card_transfer
35e001aefb4ff43b45e50a2780cd7928,statement
57342fcbe172dd69168fd41e02cc160a,main_screen
126ebebf54df734a6a086ca1f80df1e1,statement
dc95105470fd09eec57ba9949c3512f9,main_screen
18e26775454c5cd77628c0c8085cdf49,statement
d94a39f225fe74e73da0997998100c2c,credit_info
d7bba17e766c8ad9d656f3829a6041d0,card2card_transfer
618b88f692fa808758f06caed1818b1e,card2card_transfer
88a3c18a06ad78169c05c9c9317e13ef,main_screen
0499f3ff8582a5e90137da1f24fd3ae3,main_screen
b86bda96f51b4193e304da77a21fc63f,main_screen
c6446492715764c80d02199136508b9f,main_screen
53bcbf01163329c0c3264d308d3548a2,mobile_recharge
f8af5af8413eba8dff3f182161f8e8a4,main_screen
d2cd7a7647c083aa33d80b51ba5543ac,main_screen
4cc46ca22e1950bb50ab7645e00b5679,statement
ba561adf42ce3376847bc8b166174082,main_screen
77077cb044ca3302f03b32c3f14ee258,main_screen
ed5cd5abd74c720d6ec1796caebad22a,card_recharge
e6746df622dead82319ec89a636c7c24,statement
70f6e7499d3c2799102d13f5e68b0d9f,main_screen
54b9f08bc992d29f93e3923c1d219eb5,card2card_transfer
0a10b1a25e7610aabca712aabdf5ee1a,statement
ed531b3cb0a37a0dec6a22cf65fc4965,chat
28957e574b8f715a0dcdb9c45100d614,chat
8d772f6075c9764f05923a283547cdf1,main_screen
2e5ce7fb69eb84787312bc605997aa2d,main_screen
77bb76015d9af0f9073c26630b35448d,main_screen
7c04fd6505c307b688813f00b0195a84,main_screen
76d23f72199ecc4b363450fc1afd7b6e,card_recharge
9e80b99fa4052bfb426eb090adb7e28b,main_screen
54df7a00c487067d13802a9b35bad94f,main_screen
d9e1d16cd10e821dd25d60489dff5138,credit_info
1f8fe4c7fcbaa5636c4eef1f3b3a2a5d,statement
06873bf06bda7dfb38598440b8a14c45,credit_info
412de5749bb7b60b8b4105698a8f44d6,main_screen
8df9c78640c957609b6f74cd3782931a,main_screen
08f8892a988130ff83b42b3ef3ccc8f8,credit_info
048aee26258e70d3531a2612a14699ad,card_recharge
ed7e6acbe4a1dc09a1f2aa723c2d1188,main_screen
c99751ed79dd513a3326b69b9a66fd15,statement
4704c4a1738c3c5ce62114ee40c71908,credit_info
f957f019d18b23e9e0ba5547654cb417,card_recharge
eedc56e2a169a24bc9d6f31967559225,main_screen
3ca2c08b2fb1aa1336443a76e35c5bfc,credit_info
253a93fc250733d61839d8438e364335,main_screen
cfa295e1402799c976280b0e3ce7deb3,chat
9a0250933c06eac2571e8685c1315543,main_screen
f38add361b3dcc24ac2f9a648f806d89,main_screen
3f9de32d660e0fd82ae0be8420be9913,credit_info
42335a0497e53058b1b11a0be82c99e6,credit_info
2580f85a1ac76b64da76870e45164966,phone_money_transfer
a6a520acecce1f702e88d3a06ac9db25,main_screen
7088d6662658b62331cc3f0989f1f241,credit_info
50aa2eff46d11cff6c1a459831ff6b7d,chat
c41dfe72fb1be56363836e41804f0ea3,card2card_transfer
b623d6a7eece0913b6d905d5bf842057,statement
1253ccf6a4e0407a4974a94196cc0b75,main_screen
7b2cf23e48f9899f57f63a88432640f1,main_screen
7c88dee7da5c266648a4fd7db6d6403e,main_screen
b1035b1ef6cab4713c71c124cd723f4f,main_screen
facd98e279405b79a79df15c81b914aa,main_screen
65f404efdb0f542ad137eba00bad60db,own_transfer
a7ded12f7bb6f85b18fffa24745f2193,chat
77cfbda09ba7f936055021a277ce355d,main_screen
61a48c865249215ee7bef67644c25877,credit_info
ad28a4d5416ad778d3b5f077a29eee46,main_screen
e978167ff2bf3d9156e45b5f7831c5b8,main_screen
a87d3ea98a9911b2808c449d1fa30ae7,main_screen
2232fbd0ffc8a29254eaa27c72040ff2,main_screen
6d014200901bb6f79d559856728a56d7,main_screen
037b49084e6678d5045cfd0d753b53e2,card_recharge
97d19b5dd1d26a574513d5ee2c692294,main_screen
eb6cca59727207dcc07aed88e83cb28c,statement
b6bc95d5eb94e1147d0ba80020417d53,phone_money_transfer
866e3c4e36a0473143b28829a9bf5d62,main_screen
baae2c1e75e922c041ca8c9fd70a2604,main_screen
950217e4e590c2cea08ec950f3a49771,card_recharge
2b7e5e81ae3b538398654648e50d87a6,statement
f5e7ae1f29ad8ef9ea2185496151390f,main_screen
67ade345d21e756b7ab0a7f507120ab2,statement
d3492be05cae41a703b8cc7e192d1a20,main_screen
26b8d0de3bebf49c0681478e4e4c2069,main_screen
3c0d0e821b681a76465dd09b26c73f00,chat
76ed84040a3b22f48b1b66cb2e1e2177,main_screen
d65b9ee4af07768f4d36d2e86f89efa7,statement
c75851ebc8eb0b5f827598d09e1be0cb,chat
f978354bdbfb792ddb7a08e918917de6,own_transfer
81c0a897efad55482c08d1eed0f63127,phone_money_transfer
438a3e5da600975ac2ef82dd686293b4,main_screen
850c270aab049a46c2e671c49a85c6d8,main_screen
58411c8c183abcd320e1a769937e8070,mobile_recharge
9b17cfb480ce353b9af826fd96ec36a6,main_screen
d2de7d89a3852ca0906531dfcac61d3c,credit_info
9afbe23ae60d67f622c629ed080f0aa5,main_screen
c32083fa83b123740a0482adf92ac7d2,main_screen
4431e30dc59ae482526d4d2137536c6f,credit_info
5dd8acd8ee618ef70f8bfb8a3ba43f29,main_screen
b397131ef3ab05234837f2fd24331c45,main_screen
be759030f0ced6723ed9e246404007b6,statement
cece105e9a7cff70a474b7b452238e20,statement
ff04ef0c7c07ed459c43d7fc45774d93,main_screen
1b3ba4170b6198f27a61706a79de65c2,credit_info
5b255cde4534d00f9ffc2bbcb99dd2ba,main_screen
4882bd988ed05fbdc5958be527b1d5fc,credit_info
c7808a10f9958665465dce349841eb46,own_transfer
589f6a8025c50eec9e19b6ec0947d5d5,phone_money_transfer
43dc7e313ed6383e8aad774dd735d8a8,statement
e49cc4e389f7eade7fea6808ed122255,statement
387e62b193aa1f0a1de85c530f2f6541,main_screen
936a13e7f70091c07ab82eeb2eb9e3e1,main_screen
2913c5c6b4e232c9ea048cc0e3a61507,chat
882a630f897efafb3c3ec5aeb9c8c770,own_transfer
8c168dbecc6d3f3da3fb17d1e9227100,credit_info
f94cc68f85cbbdd5e9abb221cf010142,main_screen
19215f303d944b251e1e85dc3ff57919,main_screen
190d4f30dc541feae92548eb2399adda,main_screen
2f5b93c6b57594e20a19ccdb0eb1f926,chat
df4914f39bf16dbc587d0e1c43452315,main_screen
b2b274510770228b883460832db17362,credit_info
342158543a61de77ce6e1e76703718c8,main_screen
32ad4e76d94cd7761e14c413310572b6,own_transfer
45800e07123b2310aa1ef4036421c0fe,statement
b21d906edfaf32a8c1c3c430f3436a23,main_screen
13bc596313e1d41c9bddb2cb4cbabdab,main_screen
25e2b1b6ab53d02fa5e961fabe307574,main_screen
5c9552f4fadf52cfeba0fd7c98a1f02f,chat
6135d0c0b95935b77e67f59fb9960656,main_screen
3eb17f7409628ffa4973fcee8951c0d9,main_screen
5f8a3a3ed82d05ee4260a158ec62f835,phone_money_transfer
e103b04f3941fbee4b98fc1bc5e2263d,main_screen
8809a92a7ac9add9317d2c329207b4d8,main_screen
75a27585aa01416e4fbb9a0e32205d60,main_screen
ac9c0414087ca3e7304c95079f1f22b9,main_screen
8a10ae26825a8c694f9b85ea5ce79f28,credit_info
f0886b35be860ea73fc31d5763415634,main_screen
2aed714de4d6652a9dbe162376f30c4e,main_screen
6044f665ae8bce1687d0294be5278574,main_screen
ecb5879ca9fd3e04128afe6aed4ab804,credit_info
35ce9a1a20f8d182ae8ec67cfa3f1fc1,credit_info
5ec8bcd39798c4ef13c80212b0b1ffc9,statement
da90fe754387393af0d51f0c81596635,main_screen
86dcabb651d4eca07e3170878badd3fa,chat
767696dc024719dbbd8f2935b961dc85,main_screen
d3d176a5435c3a4ed155b980a93b2a4a,chat
8a76a39f3e4fd94e8c4242c81ab958cd,statement
2205b08cbfe9d8f02b98d34067e942cf,main_screen
3d9a5dc72b9863635ea64f12af910433,credit_info
86840770b4ea7514ed056c03b4dc7137,main_screen
9526c75e723bdd199b52fa1eee59777e,statement
1be7b7508cb34a5b541d6430cbabac3c,phone_money_transfer
dc3b91a2345a1624885c6d8a7ea0cd02,own_transfer
4c70ee909e79a9d2e3be755e5c44c22d,main_screen
e1a486b1517027f2e3e55ff1156087d8,main_screen
2804fe13df48e49ff8a054b80fd1b059,main_screen
7bb7e3da9839b235eec333afd4569ea8,main_screen
4644dc1f2f9b3d287edb0169aaddeca8,main_screen
fe02b0e5a6d5e11ce68603054e16dd84,statement
5dd53050f5c610383cb72059ef41a722,main_screen
7f36d937ec64a2bb5ab44f5a819ce4a0,chat
8a0472e62e54981a3a3f1359944cf43e,main_screen
cde00614ba7fec30185b95fcd089bf20,statement
b90b496e80b3ba42d040adfaeed0da51,chat
74cf60e4ae161ccde634608a094a3288,statement
568050167f62a81f2efeca2481f29068,main_screen
fd05a2ee56fbb114d3206f77a19732f2,main_screen
d0cd5183b256447a8c39fc481a3a6da1,main_screen
a86d22f0b0c982dd495a78d159f337f5,phone_money_transfer
0ac87462d013e6ee2f9b506c2480f94f,credit_info
0d4242a4a16010337abd43f6565c74aa,credit_info
33d4cedf55b44584b04b21b5d5be95d7,card2card_transfer
a2b002d67c3e99f4ba2b94ee7b5793f6,statement
8ea117564d980b6a7c586236f9db3cc1,credit_info
8e9334c41946b8cd48422075a4715fac,mobile_recharge
c23fab56d7af440727a2ec97ef986638,main_screen
62a936628706f454218cbbac6aea8f63,chat
e4b6d05c004311d3bffe5169f530fe45,main_screen
a0b720515269a74bd79e5c286a7a93d5,card2card_transfer
0b12b7ef46513ab3e875f39f8885c37b,card_recharge
3d476e5c76799964e88d6a539dfeb925,main_screen
d6f542eb011b265ae039f7d93e241d69,main_screen
c79c4a727cfa1fcfa52fe6e9d105d00c,main_screen
079de37f4257b324600f575be8fa22c2,main_screen
05f10102eae5e3b66064cd203e165ccc,main_screen
8515ed34a6844f60f38a1493345e5e80,main_screen
da155fbebbfe274d6e8c8211931d71a6,main_screen
4db9fab49bc43d45027e22051c9ff8b1,main_screen
17e82ac2e7bd5c6d81be0e79f8081540,credit_info
8803648c36ec6acf11c1b22cd891190f,statement
dec0d9db25fd1a914a06e3474581a81f,main_screen
672fecef2ec470bcc5bd54d1f2928e42,main_screen
6c6e4b707f1bcc5ef722c66c4e3c5a31,main_screen
25b57a98fea1c205241d0ee6d2ae8246,main_screen
67da653db6a695d8d033984fd61e720d,credit_info
7e23e400196fded12099a389b7717fd2,credit_info
bf4b813c29686744589f138304013aa4,own_transfer
ede206acfe26dc63abac4fc5c6bff83d,main_screen
a479545f1405b4aedd50005f67e2f4ec,own_transfer
5c2ae0c579ab4305fafe9ad0494ee785,credit_info
669338e7a7d9907ce8eb5128039c4f2a,main_screen
2bcad9ec98e3eeec6ba94dbd7f6833fb,own_transfer
41e4d9f13427d7a76695bf722baab76b,main_screen
a94fb095ba87fa5ece809fc324a9c8a1,main_screen
c874bb05adaab40db82ee52f40fbd8b3,main_screen
af1cf525c3244759ba23a6131be17519,main_screen
0e40afa676990c1d265291663598b326,main_screen
b044ba49cc15d2aec6a4e2be32a7c604,credit_info
85aedd75b1af6d67707de709b5029a2b,main_screen
da3d0acac048b46f156203a3d12f84c0,card_recharge
8c1a5f7123b6689f028187e0f46f9032,statement
258679b144b40ec15d27d6c9bbc2e5f0,card_recharge
64adf47668cde5ca09ccf3cf8358bbb5,main_screen
ae27c0996643ac169fe76a8e0499ea4d,credit_info
a5a87e4b9cdb0d7e6c40bb479d48b252,main_screen
2ca512848547b8eee259d08e8e277229,main_screen
370e47337ff70f42f8771b28821e8566,main_screen
7ccaadad37f855f09fd0e62498d8e615,main_screen
89fa14877774fd22e7e4ef930b8cf632,chat
f9ca8cf6f99f7821719894ebdb136cc0,statement
9b87912ddc4d2d07b117dc07cf03d56f,main_screen
a5242a30db96638f03161888a61558ec,chat
26661e9009eedd5b8b129a149085b426,chat
5e1228398ac35ab84251694c5a85307f,main_screen
797514c3159e259ebc8c6f7b86ffe397,credit_info
8598d88f39ca4e456ace88eec62f664f,main_screen
1f11718b4b8354fd685c03669bce32b0,own_transfer
88c24bf225caf3284a56045829f7e00c,main_screen
a004832dc680e802dbb8b1693ce35714,main_screen
a039c5888b3d173fb2705cba5f60a6bb,credit_info
98067058a7996468e868bc0d6aba41d7,main_screen
93cc484a0202f19c230ec18d8189a7ef,main_screen
eaf3fe461c9cda45e60df0f8b0d5eafe,main_screen
485293771eed4db34b55dd62499a3b19,credit_info
2a0c061de28f9f3ee7aff4c13e162eb4,own_transfer
1edf00cb359c30fc4f373d24edb213e5,main_screen
600e9c29a1dc10b5e8efead5a23ce402,main_screen
d6af020bb9711651a2c884df415c0b1d,credit_info
6fc90fa91a31fdc26f7c0e826a56f33e,main_screen
82315afc3919ead018b20d4bba017e59,statement
2541b1a152ff278eedcf28d8338b7dfc,main_screen
ccb5aae6cb64e453013c5f445b841156,credit_info
750636ca4f0a9b6dd2df995f59979511,main_screen
abb8d26e3e6419ec867546bdaa71e867,card_recharge
b8cd2a87c770ac027a1740c5f471efa5,main_screen
eff43398144d1c970530a0c6e190b7ab,statement
094ffa533dad3970ea65bfb1d142d5a5,chat
28d3d341caa193f6ec3d6e997bb2b4d5,statement
0cdf63b805dac69e04f62f5eaf436660,main_screen
4e8ecf80d8c0e5a38a4d612a890864e3,main_screen
b204aee905afae8b23dadd2f5f24683a,main_screen
674434880efcff7d57e5d5b169442577,main_screen
757c96adbc6af46f44060e447c0fb163,main_screen
f068a2138a46ab5731c7a97c0e48a16f,statement
0ad7c878347790aecb70e5cd092fee12,main_screen
c13a8b5deaa67976cd396de4d8762c1d,statement
8e845a6bb27d0fc058c1b5fbc0d6abc7,chat
8ffa19132356468c0b641be1ff1a2687,main_screen
4c1bcf3f62d76a20ef5d7e50e9eff333,main_screen
f2a2812a4a05e12f5654fb16e48be34e,main_screen
aace6f9ee4d9992e4b5dd73280f59068,statement
0a491719b5a59baf41d6e885fa34862f,credit_info
a2590795aa64e5032a68e8280228855f,main_screen
ba86428e551fa1cc23f38440e07f3b8b,own_transfer
1cf80c3825d531c83c6ebf5112685f2e,main_screen
aec1b15c6f9e1cefe81a4a6e6b93c551,main_screen
050875d4b4c16c728dbc03f2d6253fa2,statement
a8596e6c81c725aa16e68537e7308e11,own_transfer
f2d430b61124b6e9de1d87c29e98b76b,main_screen
31963074b80a488b860f78949eeff98f,credit_info
dd3cea4f5e2035a0151e169d23a52217,credit_info
9ad607148ae60e8f7c0424def1dd765e,main_screen
bedfb346670733dba03320e1313af1b3,chat
d86e5d449719379bca014337ec90e579,main_screen
7e0dbd68b7089a2719d8c0c4ece743ca,credit_info
d825608dd1657458ea5a09004221ba6c,credit_info
6af9801f01aea8fb08f6eecc29dca586,card_recharge
b2b73d3aae492c77a693a99c45f4b3b7,credit_info
6ca3af64435ae6646c2a7658049cd322,statement
7bfba159923b80f398a6e7b70d1ede11,main_screen
78d6f6d191e9e4668510ec15cc3a7c1d,credit_info
4c16010d6f60641e79f181a582f0a998,own_transfer
4fa8d53fc6fe419c7cc9e6090faeb811,chat
898962a8c0eadb063e2408f9b276970e,credit_info
0f5571b5f5ee8ef7014a3e355c575055,main_screen
863ba49753e75686fb847d486cee2366,statement
fdc1d053030b4b31ff083846c7a64efc,main_screen
2c820f2d064dbb89e624fcd48a3d6e0c,main_screen
55ea2abbb1f61b31d05b82b010d11aeb,credit_info
3bcd0638f13f201b33d1f27dcaae09e6,main_screen
f2f16f26a3d94de004b69a584a086e94,main_screen
13c5c8bae63a73461cbc39d3946d26ed,main_screen
fda1d48ca81127c38fe880b849d5ae0e,main_screen
a961946276626cff1307f443c95cc03e,main_screen
98c03bd8ea0d2c388084efa83bf9a511,statement
693204248905d69a0cc88db99097be65,chat
9f13b45de149abd301266a25bd817f86,main_screen
7bdba720c48eafa9597ef1a376e753e7,statement
d6cf8bb8157cf475d546621e4897f84a,main_screen
ae1acabdb7f90b4fe88718c3b0fd5c6d,chat
a661080eeb304c7df3ed39bbc4eab531,mobile_recharge
9836af07a31bcdcb34ee1efa2e78ee4c,own_transfer
2dd797bf7fc320947b70a08e43b4d78c,main_screen
ea98809b4a2e6b76682e3f8edebfaed5,main_screen
2f99b911040171ae107cd41c6b34b5c5,credit_info
2f79065e155e60e99b2e79955eb35655,main_screen
8cf3d62b747dd5d8f1f8e5eb0bb1ffb5,statement
e2eb2dcc3af99327b47075bbf339c086,chat
3f6b594a2f53de06b3e149eb49111e0f,statement
f7c31a928cdf2c6947684d2d773972d7,main_screen
48b4218ff14fd29782218e8370acff95,credit_info
f6512efb5bdc99350d614435f5201f47,main_screen
c9f7fc8a7ff0defe74965165bc8819c8,main_screen
bec3de57505c61990bca9d3604cbd70d,main_screen
64c643c019eff83db32a86a56da22940,card_recharge
4290485eb581db7af2d12782e3672f5d,main_screen
774cc2f791c7e4ee3081796ab8bdffe6,main_screen
456bf4c87665b70011518d576a4df554,statement
ec22caae614404a7b394862b62f76c2d,main_screen
79ffb64c1ba2dd54894a91a4c45a0a9e,main_screen
1b68d81439435f63fa4427cdad5c3cd4,phone_money_transfer
4a04966d8a296782f4d74a08c2bb1fbe,main_screen
889bdfda7903844dbd7405331e1f4b2e,credit_info
71e8416db37d4ac9e872e2209974536b,main_screen
36149be37e2fee4de813fdb604fe9f89,chat
73266f05818c685fe26869005e239f1c,card_recharge
d5b34f3a030996856b2b312a9eddceaa,credit_info
33aba02b449240529929feb95e32d6d2,credit_info
f0c176fd390c470d986e3eb7360e178a,card2card_transfer
66e653397c64c21d35e74874d44bb894,main_screen
093919271548b58a801b167e14e5ba12,main_screen
6053802dd9e615b1c5e12a7e10f3f22c,main_screen
6cdf8ba2b69769f8312baa6221a88cbf,main_screen
b74bb7d7dccb65b2714579830bb3c0eb,statement
2940b8d41a49acd48eedffdd111ad974,credit_info
745f33d464d45d8897bd3056e3c35ebc,statement
86e4674516824bf25e026dbccd25b6ab,mobile_recharge
5fa2fe75efbea17aff627291a3b0f214,chat
07ce765898cd91e82ced6e51ba428c4d,chat
fb76d819dfa25eb2c0e56f20d5bc3ef1,main_screen
83edfca1567acdad980a143cfcfd106f,main_screen
bbb9b631154edf5c4a15f40158f57cf9,main_screen
e43755f34728796ec76de7bca6cabb27,statement
a36c85e1cfa6ba5229bac96a5e2435d9,credit_info
95c740d7fbf717412eedb2f49bc5525d,main_screen
a45345c25b28df492021d4397a852d84,main_screen
bdf3366f689fe7a7d768eb6de0c6b6a6,main_screen
3b592871c512529c81de0c554e7d95ec,invest
362688c04b19c827f641ce2038fb079a,statement
aa681594d415cb88bce336a77e08b3b3,main_screen
234c3cc8b21d29cd0f4f3f1bf685492a,main_screen
cf47cd039e1bc267edefd2dffb9979c6,main_screen
2de538a7681b1c4f00cbfe9291ac72cc,main_screen
374e331487aedf9de4c28bb065ebbcd6,statement
8df2daad3d92c4ccbc942b200e89fa49,main_screen
66aac3339bb9bc4cd17c3a20d81297ba,credit_info
f5003b09ce5e18a61cc6139e077b619c,main_screen
38a04f6f59271b14e7604abf0f11478d,credit_info
dc9bdaf0ddd55318e0f8330d87a1552c,statement
e6a373ee2cc686bbecd17521052c1e97,statement
fadf1f0802877f3ed41866fce70d8281,main_screen
9580c620981c1f5848a292c5ccbdbcb9,statement
ccc8495389c6f317ca0c8aa03107d648,main_screen
1a217bf046473df13dcd57e627d09478,statement
d44b8439e38fd4a3fe2650b18e8e7015,main_screen
0099a87930be9c04d0a4a26877023f13,main_screen
ae1e2f9f53610c02f9a72846203afc85,main_screen
a999a78a545100b0e3d49b5c1fb4b736,credit_info
7a797af0ea8067335ade020d8d6fdded,mobile_recharge
b9cdb4139c78c63e7dfab8bf9a60de0f,mobile_recharge
a39531007f21d8c47f92f454de86616d,phone_money_transfer
e2aa70f5ab7a3f078a33c8418fe07839,credit_info
15e5bfe0dbb149d4ecbe1de9e2761578,main_screen
e64cecafa2dae459dfdc5c29fec65644,main_screen
b74ffb6d197198c195cbf42f960b2a57,main_screen
6e4122735e6d587464330c3d6be33566,main_screen
419cf99a52030c8f1d37b3cc5879d73c,main_screen
7f7766bc722770eac515a7178a1650f5,main_screen
1f158ee49e81ef6ee0e934ec9e6db4a1,main_screen
9377f9d192e2b13d63ec0d7870f054cf,main_screen
a5aa02f6df63564adf7c4dd56163ceef,chat
6870b8408c79dc2979efa56ed3acf879,statement
672d30af8f553e2df00127d2c07e2701,main_screen
bcea077924a155fb279c0fc2fbb8c180,main_screen
49f5d902d15f2d6affabc70e7852b228,main_screen
8819669949962fe593727ff3abb70550,main_screen
4e42bc11f8e871c8ff1fb3c3c639aea0,credit_info
5466dd35e6384735353e75a708273af3,main_screen
91b0fb03914fc3b4d149770ea59bb085,main_screen
761ea18be56c3cedd64f6091c623d234,credit_info
37499226aa41d731075c036a15dc76c4,credit_info
85f44000a69ffa4b9c6757811af45789,main_screen
fe6f708eddf6633a4b697764e8b8f702,main_screen
0eaf7e11f3a54516f646e8fa4b5b79e2,credit_info
c8e05025cb6d5ad594e5aa9672effb58,phone_money_transfer
f8e355dfbb634097e838c6c77fced259,statement
7a10c2c7a4573fd76b1f9dd471cd2c1d,main_screen
ed9d7d036abd7974f03e7230e62a0096,own_transfer
44e92f80b76fb436ac6faa140d605e11,main_screen
eb844f3506713cd3c16330e16d432825,main_screen
0df0189d4df17f181f9e70892efae231,statement
1423ce916675a62612e87227c1acfdfd,statement
d556a3500dc8b642c1da805158c53b5c,main_screen
9efee25dc301c2d8e08b65d3aebf5451,main_screen
49621583aef71aff51e45cb3d2bc0052,statement
3be597cda2a2ca79d66c85985ab73467,credit_info
94fc95cd330f3c2358c31d0d6b71842a,statement
02decc131837d0594520ed675567be29,statement
fba6cdf3d9f784ceff0b43d30d42d5c0,main_screen
b9816853575194ffab42d7aa0424c407,main_screen
66a445406b387ce5f8031d5ff0e3f8c4,main_screen
befbf83fe8d1e926563d15a984a9da7b,main_screen
4975bf7bc536ce336868269c0806d9ef,main_screen
6bbb037006df740048748e2cdbf99abe,main_screen
c73f4f3370a32c8fde1ef9f3bdfb6caa,invest
6af572f3e7ae28fb1f586e5585daafe6,main_screen
b631e28a717051720bf586da182d8b03,main_screen
7ea5fc57eb5c68bb5d689ce4a7882652,credit_info
14444d57a3338fa03e0b158b2f02c4e9,credit_info
77f1882ecefca3da17f6d33dbc4fca41,credit_info
fd389e5371ab1b6892b41a31791f1307,main_screen
3570d1999fc5e9f0a275fe41a4897c8c,mobile_recharge
db672d9fa0b5ea1f2067544fb5b505f4,main_screen
5e536a1ed5fde2469c924fb78e113dd5,main_screen
588f39e8d105b7fca73d04fed73b3f38,statement
f3decd08dab01e5f2504a7193759440c,statement
8ec1eee46fdf2b16f72612843bc88f98,statement
d03c8632fbaed5330931960fb5e2d300,credit_info
9defb8a19520136cb9e897fbcd52dcf1,main_screen
5f1ff38e0b7f58d44d5749b264326fb9,main_screen
40901f23b823ae1fce39556a9ba94a1d,credit_info
b91a76951e9f710f4146a88e60b07406,main_screen
848c23d9a3fe1df926aaf9e123986de0,statement
564cf09011db626fbe289a5c328ca6a3,main_screen
62300b29968c850b2ad85fd60089c849,credit_info
42a2da30da09f4ed79eaa49c7fdf773d,main_screen
28a7e39fd95463957c80eeee184a6094,main_screen
c336bb98febd8219ab815f45fb9c31a5,main_screen
5ce6674286148abd32692f7070603a77,credit_info
bda583c379c6bed557d72a0c91df96f0,main_screen
d2ced23b4cde0776fe6dde8779fa6612,statement
75751f070b0c762ce5a63ea0b0ee645f,main_screen
36c0087a43fd8f498f2c6f939fcd0050,statement
2e5b9cb5a18bd8ab25362c22190794b1,main_screen
f258e099ef3d46bc6e1786c714f840a5,main_screen
71b70ebb1908e85e898b0b16e2a073da,mobile_recharge
b27b484d452ebe0b3c624121a203c950,main_screen
ea3ba6b3006a9ea9ed4cc29d6068ed1b,credit_info
9ead9b9a6734ea675b4f47e8998a5d1b,invest
150eb1cc52e90ebcdcdc9c7ec440697a,main_screen
3252563ffbf4e0ec62e5c4bba2b23b23,credit_info
2432641d30b11f2471f46318e0ab0515,main_screen
7bb0a7ea99781e3c9899430ce191dea7,credit_info
8f5c509c61df32fcffe5f8ed81ef05ab,credit_info
3aa3de20beb5b078667d9a9813af0244,main_screen
79b2c72e1fff6b68aee7f534618c0daa,mobile_recharge
bda5784c46a90db069dbcc9bb98f0a67,credit_info
4e4596a03e1251725c8d3183f810b37b,main_screen
5928464fcf685f5da1607969bcad7a66,credit_info
a50512a689c278be19a49803405f20de,credit_info
3fa7d7d68577c7165d7146d6d2f2a9d3,statement
0eb5c1d3ecd2c560298deaaa1ce3e083,main_screen
741421b5cef9a37803adc1216505307d,main_screen
412f1e5adfb0867179a73a85ff32f181,credit_info
75f29bf663c3195219f641e7d2078e8a,main_screen
22dd9e4b99f509df2ea552ca9dc340a1,main_screen
3e81817e0a1d2bb287aa37d60ece9503,chat
85596f595b219e310dc90649166774fd,credit_info
b70b8a8f77b40967008e766c6fd008e0,main_screen
77c8c645ecffed2049df7f6e04906800,main_screen
80aa6bf94269ab95cf0aa7cebd8eeda0,main_screen
769df6bb7dce11a5b4a6c1db667f0c95,main_screen
44e134cf3b4fe2385e6286de07a8d4a9,statement
94c773aab32fd7cb9ea162c73ee3f344,main_screen
1916dab701b97ed47dedfe9af0b03e34,main_screen
53fe881fe499ed414b8c46dd52801806,card_recharge
8daeec0650de2ebd1e2e0fac48ba9b63,main_screen
f3e938e02299f9d651fba4e6a423d8ad,card2card_transfer
405e0928a964696d3a1f8e5e005d0273,statement
bbee00de0f52b45b801102474b602fc7,statement
370ad7be53a44670ab9bce5faf3ab13c,main_screen
b86cb89429063ad0179fce3d4220a48e,credit_info
5b1c7e48ba245e7cd281d058db1b512a,main_screen
993e98f5214f5252036bd2f85cb0a4db,main_screen
e2afafb8a58001f2bda4dcecbeb02c77,main_screen
5d99dc21e629b163a8e5fc6146f12a1e,mobile_recharge
4f1c56f12a10bb3b10065b246cbcdfda,main_screen
d4b3746839bfff6969d98c49064ce6c4,card_recharge
a6abc78c57172ae61545b5a43f9f270e,main_screen
d390e0d7d54b0fa6382a1ef88c1138f2,main_screen
23b29d700fa2517f77bedada335b11f9,main_screen
1bcd8ac288b7b2aa66b6c0d05df10d53,card2card_transfer
ac067971002de9028427b83b8aa9294a,credit_info
4a9ef7425e606c8b2dd186233e8ff245,statement
87ba09793cedcb3e56aea6c370e617f7,main_screen
728cb2dcd4c1ee71d327f8058a04c018,own_transfer
10a42b2196322c7062f4df640ae3f0c1,statement
2ba016f8d1db0711fa50bb7aa2da42d1,main_screen
5954456d5cd644a4e5d34fbdaec13a42,main_screen
4769c38e94a43260fb69248a2fe6b574,card_recharge
04b04b2c10048781302b561ec43549ca,credit_info
c95b904d868ded762eca3cbfda9d984c,credit_info
21b0039657e87c83d1193b32eec7f4de,main_screen
41bb7c7a93c9e3222c675827157a4010,credit_info
f504fb195d46d67d8c57c0b201fcae51,main_screen
02c0f400125ee12d80bd5293abd91007,statement
353350299a5ee7f7b0c158ef9a0c4432,main_screen
87bb3a35bc00b6de999092de2d902d2f,credit_info
115454226a85ecb1210cce9d54ab0a56,credit_info
eaf51df64561c075ca032866843bf0ee,statement
9a5f0ea3938f65e0f5027936a289474c,chat
7ecbf3c63aa6f44999ddcd783e424b52,card_recharge
cf7f18aa56900b851dffd3540de20792,main_screen
4316f546a495d69d0ce1ba7e786b4f09,main_screen
44a000a9cf9da768678b1fc929c1c6aa,card2card_transfer
46780e9fd6e4605bbde1e600dbfa63b9,main_screen
626e22bfa5efd2f1aa8132c9ed04b64e,main_screen
55bae393e9cad42c187ff1465a8101ad,main_screen
86d2640635f5bf57d4bf1f1074448356,main_screen
57fddedcf3919479f25801f6e6dd82a2,own_transfer
af654fc3cc39a5a453dbfca2c3e9e8f1,main_screen
e28ca26ac3116effb8eef6cc0162e34a,main_screen
91c0e921d38d0ece8d8a046c846ea753,statement
f48be7dd9bb72dcc1d644d1544e3b45c,card2card_transfer
f7f0c02cd31babed8f4bcfd2370460dd,own_transfer
96ae2f24411d78fa5604efb0519ccc1d,statement
b0775d352b03fc4047893884bd94e4a3,credit_info
67470c160c00d409448e02db906806d0,main_screen
840bd10cf62ca5f31d015dc053db773d,statement
92802d6d54bdaba40a2dc3458f3123a0,chat
a0c7d0000b9b85c8491e005ff38d146a,credit_info
7b5fc4f040ced1b3775f9831e11e46f0,statement
0be27dbb5ee472fe245fb8396fa6ef80,main_screen
feef125324a7d349b18f50b1d9a1659b,main_screen
08f22ce9ce11e7a35e4411975345be40,phone_money_transfer
0c13344f498cf8973f5c26a0bac51720,main_screen
63772750a4e0c0fa4bef58b31184270c,mobile_recharge
5513a9586a547a24313ee369a2807b7b,credit_info
a5f6a40e1fb61fecf67a3ec5b1f590b9,main_screen
fbc86bdfd5c7025b7338f40c4aa9d64d,credit_info
2d6d1f4587abe40a4fb382facc7a0338,main_screen
9e4c1d6069ef3d16384e97059ab7a898,card2card_transfer
697dc2ba14ec555f2b16b4fb3bc9fbb0,credit_info
07dff3ebcb607a7d262a54e75bfb1645,main_screen
fe0c437b4f1dee8f5d17c616fb7c5362,chat
1a2d2238acf04582e5a31a38c631b23c,card_recharge
72238a9c9e21f95838257750e86ad9da,main_screen
db110b0a005b6cbd66869c01600be9c0,main_screen
a785d1f88ddcebc74b138c123b71c113,credit_info
eefa913b4100afcf8113e86a7f384256,card_recharge
17dfa076da9768393e86c471e4cba458,statement
e3e27adc4966fd3456df5c6a3b0238b3,main_screen
687732d2a8afd0fb697b574ee323e492,main_screen
d3c10e18e2bca02123292ea0235e13e8,own_transfer
b892207809d86f1137beb8304ae15b63,credit_info
8c9556154ba4b3254b6a88ce611fe509,card_recharge
ca891c7e1b06de337cf55f1847c94f65,own_transfer
f998adbbdd5a4efb19e3d40813f281a4,chat
24e75f4303f6bc792fa2f9bf3058628f,credit_info
5f5854ba10f451ce3a568eed9b07cfb7,credit_info
8e5e7f95c0f67412474555ecf52f88c8,statement
fd040ba2b6dd38a83428c5aa567eea75,own_transfer
2e37246299da90794b71eca542009721,main_screen
1bcdb32865c2f939cb1830314716c5fa,phone_money_transfer
7782ee2db8c68bcb86026487e475c4be,main_screen
0d5f066714b1aad8562082e9e54c22c2,main_screen
e92b45823f697e8a8c06bba878393af5,main_screen
5084287e5b1cc3f9a3f0d4dc98928bef,statement
b2fcd3f90b3cb904611633fb2de6a4e6,own_transfer
4468f58f623bc1d10495c4a1398033d7,credit_info
fc4c250988740c4ebcc5067e2daa0848,main_screen
5aafc6611ea723d54870c3c408a1f21b,main_screen
27a1c5f1f86755f0aa32793969422a6e,main_screen
db02c1cdbd0d5decd606ed4876f1ef0a,main_screen
cf2197bf72808794b63185b8351429d1,main_screen
ae1ddcdce7beb5ec5af4bf4d9aeff6b9,main_screen
e579e8254d0eebd67c9f0d48e6d3ad1c,main_screen
0194f0d657cd34235b1240e8a8b4b7c5,main_screen
be88403e1af8a7cd625bb1ce9795db5c,statement
5c5907d99fba277574c4166d2d2239b9,statement
7a4db2b9f6ec13d622c9259eeb8da1cf,phone_money_transfer
517456d7f5c75ca19933005ad09db842,credit_info
aa90324fcaf2579f7701252eedd804d5,main_screen
44390bf4b95aaf5d3e91ec6c1fb38407,main_screen
3aa10133231c29f60495cb84ad803299,main_screen
6a9a01ad59487e9dc1b9987ba2071c6b,credit_info
31899917fba50fb1da20dba0ab365e10,main_screen
d82885b7c498831b310c4c854af614dc,card_recharge
aa8c48a92464efc83ac3048b6a168f68,credit_info
581c69668b2cf44ca15f23b59f3e928e,main_screen
69519d8f60db8d07934023b08e180f10,main_screen
2b074aec9f213287156b3b85fc4e5269,main_screen
173c419e23a99309fc26925798ec5525,statement
c4e77e147b8db71e76c27c92dc128131,card2card_transfer
41b6e43a370e98b128f8e94567dd1b58,main_screen
1f8514d2649b803145fce15c37ec9354,credit_info
2389ab967f2b292fac10cdecefd84261,main_screen
75be80a380c5743ad5a16e6b36fc787f,phone_money_transfer
61c761f0911733249a7e60b34b60b59f,main_screen
c0202dfb0643e12d016085605ee8908e,main_screen
f915f927f3ba96e2a684613b4cf5032e,card_recharge
5ea6440e836a6112b867e3b9e41ddbb7,main_screen
c6343781ddea13c2ad05cb952356f1b7,main_screen
7d307bcd5d52176a13b4b7f197250640,own_transfer
68e5ba06bc7553703ed7c22063da0ac7,credit_info
d26caf61d39d6e3e2853fa2ecc95a376,main_screen
749146e7ce31e0d8a3d67597d2e299d5,credit_info
7cfa603b97f1aa54ccb15c4d564eccab,credit_info
58ce0f96008fffde019b1dfb38e97acc,credit_info
50a6a3ed29be8931022c025d62a2ac50,main_screen
647a3d6af87119c11cd7a38b5071e722,main_screen
e4780ff96d7b072123d89202ff7be5fe,main_screen
b818067e1593edb4f043c60169d057de,main_screen
e506ad580c29fbfa5d06bf87af796734,credit_info
a3bc609743839c9fe5557c7c897f588b,card_recharge
ed9025a2e33226af2bdb3ad12d40b586,main_screen
52d8bad2a37b0db8cf17e16799229adc,card2card_transfer
f11f71a0811c719cc45e93d0a5961946,main_screen
9ad56c9bd5ca0d9b4ed98e818837a139,main_screen
9040a69cb0c2b2864ea785641b782155,main_screen
9e4734fc89fbc0fd7d068feebed4cb6f,main_screen
6bdcb2dd19cded26262a58126be44518,main_screen
9dfb4c3ba149dc064218e6c8190390fb,main_screen
b1ec3dc1e6a310f1cf1f574b30ad7877,card2card_transfer
195b0be20dca0ab8d774bc9cab3c5f6d,credit_info
4e796300ea203e464083df0b7ab184c8,main_screen
534af1232fd1f6be49de0923159ef17e,credit_info
4471c47864d74d285c5b20f0a0595ebe,statement
fca7f2d7004f932e3b1835a6fb85c224,main_screen
7f0ffa68d3d3910b906907ccc056b992,main_screen
717019b2131d69182542c63604568e67,credit_info
3a9f65d0be632dfb6f1d8c99ab90c09c,statement
c7452416270eaa28b96ecf5f65ffe5b7,credit_info
00443686118599ce3bba029129590cc4,main_screen
61b9b24acca04bc9b7ade27413353d28,main_screen
eb17dd389c4502fedf45b872b1f3e01b,card2card_transfer
58da8c23c8deb9c995761bb19af83dbf,statement
fb12f6ecdc1ba44daca114ac3f8e800f,credit_info
cae01cba247f458e6f92562d13c34b4a,main_screen
8ebfd3cfb1122df741bc947d899648ed,main_screen
ed4ce880243f4be56df613027ecadd56,main_screen
432b645d09983f8d504d2c4d5248eb8f,credit_info
113c30f19f28fa08c41f9d311ac83ff1,phone_money_transfer
ab516154aac9ccde614076181408f998,main_screen
b6294f8bfd29c0edc13f66609c64a3d9,main_screen
5ff0047e9a4d00c744f6a05cae266060,credit_info
8567c2996574c3cdf14ed37f4557e13c,own_transfer
2fdc6a632488e91d70b36e9efbace67f,statement
266207a1a994349dbf105d368c2f1906,main_screen
d910198a119dd5a2dbd06b4a6bb8b8f1,main_screen
264243b5debdd81eaad289522cb4a2a6,invest
c84ba12c03ede25fafb3d56232d2456c,statement
b4815d12163aaf4b38567938405882cd,main_screen
659cdefbf8456eb53041b42910391442,chat
58f8af910bac506a86a156e7f4a928fb,chat
e7e9eab18419abb9eb8a7d2a33400d13,chat
1c78c20084d9e091111ce61b686508e4,own_transfer
1864e50e53dd0e04f87928a5413debaa,main_screen
95e9175634bac30989c042e4312943cb,main_screen
cd9033baddc37712f28148bccaf97036,main_screen
deb97173caae2c0a832881af37e04a06,main_screen
4de2b19a848c339c26fc534f8a68034c,mobile_recharge
c52b61d3aaef22d5d6c1c45e5fd39471,phone_money_transfer
c760990d444091252826c06a3529c182,main_screen
9ab729499feb372a0e90bd3c6b489ffe,main_screen
7db4a435f088232b96d8c07f60273ced,main_screen
bfb058ffc451212c00ce8dcd845e8751,main_screen
28427a29a841cbbec568cec9a5e70fe6,statement
21c64c6505d2b7d17d3e385d8cd2fe76,main_screen
7542fcddea9b84aecca10edd7ac66fda,invest
fac625e5f9232237ebfa528823f34e3e,card2card_transfer
626b78093cd2c9eb4ab8e608a0564451,main_screen
5b59205b7e33eb4d82780017d97d2e58,main_screen
92f1297738e7b1be075905221b7a0b9f,chat
201a35fe65f8c36b6e9aefc8f8fdf373,phone_money_transfer
39010575a2d89a36fb59189f75dc0688,credit_info
3877991ddb5fc8ca5a60dfe4b4a948d6,main_screen
8d9b7704aebc2d226a043850579f898b,chat
e35d5cf3ca8c19cf2d8b462be5884491,card_recharge
18e30f81047d1ec09cc8ead46b74d79e,credit_info
28e4da40562d18d9baa4e4c212c69a27,credit_info
765fe013b7a1640ece03e1aeb26ce5a4,main_screen
6a6529a538f74af986627e2375c7b9d9,statement
604fd02508c4dcc3360c3c523a7550b9,card_recharge
bceed1b2090716727187140c7b76da10,credit_info
90c1c3ce7eecf307cc67bcc9412b0acd,credit_info
7432fd8e6fff2e2f5b1f851cb194e383,credit_info
1f40f0a10a8856a0e984c564605c6af2,main_screen
6019dfd7185eb1e6f9c5cc427f2b25dc,main_screen
48176ef99c2f860d0bd76ba2265f477f,main_screen
af1a965b8877e15b5ab2c0ef5e7cd92a,main_screen
3090e0dbd6f4089669cfdbb85fc65f11,statement
f631a419fd7c148f309f89839270f5c6,credit_info
048029c079e2f219f6d711f5d42fd359,statement
cbbc775e18b4da600106a525027965a4,main_screen
47618ddeb41916f1edec03961efc4e81,credit_info
88ca984487848bf97a6c180bb6e125e0,mobile_recharge
9d01d064dfbd049b874494365203f8b2,statement
2121b2814623eb97b3d9ceceb826b1d6,statement
21e4c126c6de4eadc7d3b7bb76e0dde1,own_transfer
2b7e06f00da6f8dc88a7790277acfaaa,statement
8faf392f8a5b15ac707fdfde9104fe85,main_screen
14f1eef186b6698cc1a1879c028a4280,card_recharge
09c56ca6a7defa510bc381d053a9b9ed,own_transfer
fb5c98fc6d239f1e6b2949c3c50b1e40,main_screen
8ba1800181b7e358124acd415686e880,main_screen
4d547e63763d837c37c140f739acee8e,credit_info
2efcd08f1ba9bc1b810c13e1ff7e2033,main_screen
32f30fc6ac160c812965dd186dd1eba8,credit_info
bd17a61a6bcceb936fb3f0ba20ad35a9,credit_info
f302c1fc7f53fb6d2cc03baee7fa3c61,main_screen
dbe1a1f83260410a3206d9e5fe8369e7,main_screen
c2dc487ee1fac04d10790dfa0d852225,mobile_recharge
cb672ba765365f8077254277aaa21216,main_screen
0e9464dc1945393a3be67bf6a8ce5ec1,main_screen
9d58792425af8e77f3ef31cdce84fe27,main_screen
f7369ad53fa4bae5173c656f30f6562c,card2card_transfer
64010c6ba2e4c72d68a0273263aa994e,main_screen
abceb5bee7c8e6cb6d9039413fb026bc,main_screen
83982dea8831e28e0191171a9464e63b,own_transfer
7e1568e73bc6ad702b2d31bd2df2e504,main_screen
197bfd956d5e71dc92ff69a4f750b04e,main_screen
db0b6745176e619596cbe94f5a1ffa09,credit_info
666a5fd2d7d419f09718ef6085d9b37b,mobile_recharge
2263d461465e1fe29e017e0d0dc8150d,chat
8cb41e3f14ffb37c6cb02d024ddeda6b,main_screen
710c7010eeecb4c3c669337c57d039f7,statement
973efce66055335d11ce95f1c365d08f,statement
f35a5bec5a819e210dfbb9e32fdf1100,main_screen
ef20426560fc18fe2326c3e3a5451ad2,credit_info
39d8634e8cfbb370a0c619762675d585,main_screen
821001960c1b3e86746aa043b171dd1a,card_recharge
8c913d9418be4370cbccf67bc062a30e,main_screen
67e7c8e184c56622584024566615e934,statement
648af39171ccb52a2e0746a2c0c93d8a,mobile_recharge
7d409bdc297d201f8f2b1ebde2488cd8,credit_info
f04f89d18e6cf57a8ddc8114bdf3255e,main_screen
1cb9bb514f37ed7800625ad5662d7c1b,phone_money_transfer
c76d0d84ad1f14646dc44876ff54e93b,credit_info
325b06076980e657db2e622f63d364e1,main_screen
443e6e6b248115d4eadb4a97ad8d8a24,card_recharge
9c73f851290738ed6cd7a8464bc98795,main_screen
49452783bd3daede513dcc17a9233ee9,main_screen
44e8f140080def7300a533b2e7cb43a7,main_screen
26932cff5e0b65c2691594988e783420,main_screen
ec6b0323f57c5d8c50b777764215d799,statement
dfecd9badbd253aec1bc4bd51c3bee1d,credit_info
186edeb8ff3894f6d6b92e176edd00fb,main_screen
2c49949070210a92f93103e3d64f0f19,main_screen
2948f6940494b02f56d54e620de4af51,chat
29caa7dfe2c1994bcf7f13ac990dd285,own_transfer
6bb4794d202e23db18c43c53bc5882bc,phone_money_transfer
c535e60971acc190630a46fb68fe56d7,main_screen
300b2640cb12c6912203f400cf478ab3,own_transfer
3e937593fb0c34436d964dad66e89ad7,main_screen
57fc0b57bb5c861e1f5b3d7c36a2a6bc,credit_info
eb34a536475d93ea83ebce28b86848c3,credit_info
a168ce4130cc5b18aa6842abea5c5e04,main_screen
02afd1314c1c7f862f1ba1336f1ec844,credit_info
c9c8fc7bc0b06aa468081322c6284535,main_screen
2c61de24ab329b9729f8c9cdd5bd9ae3,chat
6395289fe7cdb98d0bfd0e7edbacc674,main_screen
6976c648300117e1b392acc793a9bebc,main_screen
920115c09cd83d7bd88618688f75ea17,phone_money_transfer
148062a8a232a59edb018a26e1f77ec5,statement
0cd77f964513b0fab6b1c938d7e49dc7,main_screen
334c0d11bb5ccf8a228c799a13c305d8,phone_money_transfer
6f92bf87ca37b912945a374a3bec6a36,main_screen
5aba0df34a101b8e2bc3ea9d93d89f48,credit_info
3883503668cb408a0156f8bf5ed907de,main_screen
7b36b03f997b8f6bab7ecd760bfabc7d,card_recharge
1e59e04b155521544d4c49247b762c01,credit_info
71d106f546755554e28f232431a8fa3a,own_transfer
6782e77c658561614bef29c382d06338,credit_info
2a28221885296544aef1275d0f6bfcfc,chat
fb939b880ae53c50c2659341ecc04a6f,main_screen
acfdc24bc8200405d051fb04451ccf05,main_screen
70c1ef53eed39bb10234cb0b735011ab,statement
ba2e711893e10308ac89dcbf0eee727d,card_recharge
89a733c77ffd508739d4171f05a41609,credit_info
0164379185b2863ca54d96a118d948bd,main_screen
e3a62df104a36b030fd29e03f7395f67,statement
ce046ea21e762d5046bf0de0cc0da4c2,main_screen
bd855f5043ce1c9cca9c6e690705d6f6,statement
b95fb10815a4338ad8d3927e0acc9f7b,card_recharge
3ee4b82bb1bca5789072a2edf827c2d5,main_screen
0d33ac8abef6f14520434aae0d90c465,main_screen
d6bb0de9fcc81d237ebecd27fad09df9,chat
b4ac76b77d4ff38439bc84598d9964ec,credit_info
bea592e63e98f8e06156af5f21bceba7,statement
20ec092861e9d6646e6f48dac5c9fd35,statement
5ef636095ca6d53fb8ebc353cffd3145,main_screen
befe36e563a6a66fbbdde1e179d0e8ac,chat
793ae747cd77d14badfdca6560ac66cc,credit_info
7c567823e7a226d6ff9e7627e06162a4,main_screen
f849dce60bf22d72c8d14f4f05190952,main_screen
7f1f5e902f45d2726f6f68a7b88bf17b,main_screen
d2ed4861ebed4a11a3c31b3eceb94b77,statement
1184ca18905437646d88186bfdf4674e,statement
3a520c6d380e658ec66d0a124107bbe3,main_screen
1f2554679efd7f58e8ac3ce1f8604f20,main_screen
14594b19b699dfbbda66e6f502a3b5b2,main_screen
7fd884978aa748d180463644b78f0a20,main_screen
38dfccc90d283997383c2ed1c170184a,statement
80dc8d96a4adc314d51e1067dce06cf3,chat
bea3790a8b103a9427fb5c6acddea103,main_screen
4c5ceef202345eebca5f6354ab9a7ca9,main_screen
bc2851fdfc60e3ac911da04eed01146d,statement
963f787021d41e761b0166c35b1148e8,statement
fd04bee1f9d6d6cb6d7fb6ba676a0c8a,credit_info
02f0bd871a037a47f7cae6377bee2201,credit_info
05ae0c9dbaf190cee9ba2fefacaee899,phone_money_transfer
a8d455e7c234f6f170a7c23473310534,statement
73abf77e27d758831bd7f2fe12e65601,main_screen
baa93c787251d635a150c2958cdde107,statement
0f60be67a79166ba647ba78a0a85a2c5,credit_info
ff9a0a1abb57083e9632c3edacf519cd,credit_info
7c61b169821b927e1e1cf20bb3e2cf62,credit_info
515a476193ac4784dc4bd7cd3265115e,main_screen
5e4158a604d43805e6717621e5be1867,credit_info
b008be1a6283594dea3a3fb1f637636e,main_screen
8f5c62be0c3aa27e00ab20a6a3688182,main_screen
bce272bac4bce9dd84bc32fd6d331754,statement
a0d972591fdd2844dd1249b70be74dd0,credit_info
6a2b729d404019096a5ea8b194be81da,phone_money_transfer
93bb0e5e2d20c4eb862722185682893f,statement
13666010c42b0a5545407f32047227d0,main_screen
8d3ca128e01a3650154981a5c164245a,card2card_transfer
f1c8942dcdff77e35411ad2f63943858,statement
e696eb85098c7c1c920adef10d0be98b,main_screen
e69911db6da4284098406a7d715626b2,statement
f9cac169f1676b289c34c5e743a06313,main_screen
194129019a7e3a22943720fa600734e6,credit_info
4718ca287c1ec04ffd572cc0a3cdc160,main_screen
3977c515a934d6075da485262e8f2f62,credit_info
24107badbcab3b52eec180254f57a8fe,credit_info
7c756c9037c73ab7fcb052847fa2b6c2,main_screen
07900bdde687e236361892c9cd0a3689,main_screen
46012abd75c57742f4afdc03c3a52ead,main_screen
a9ef6e056b624292be17eccc065b97f1,main_screen
3b2d960976ff67ddb253b5b467f68831,main_screen
ffb98440c55e230a9e78da70970d65d0,own_transfer
ae8279c68b38404a33d263a40cf582b2,invest
b1cee433d6f15fc24e849b7948548a6c,main_screen
53e59c21486f4dd741b41260af9af1cc,main_screen
2c8575ca3ff963c33cb4c902cce3efb0,own_transfer
c467cf46fbc36330e19978765e456cb4,statement
8ac7ac3bfb8761e9103d4f5e9d78bd11,main_screen
1dc9c3a33cfd5c16301d11c7bab5e804,main_screen
a15f09e9530bce4313623b86aafb1693,own_transfer
9c740b6ae775dda295f7fd8251db1056,statement
ced6293bf182ca8242dfa3ab23303def,main_screen
5d6d0ca0b7d8132b07b421f58db573f5,card2card_transfer
79c2169963484fc82cf2f86c476fc133,statement
023ced4fbe87b27667072f280c6ca1c6,main_screen
2c5a8dd22b83de6158f999ad582a5543,credit_info
0753b2010c460069d39441551cf494c0,statement
a11128628b35264184b9920234cff5c1,main_screen
5b809875c5d15b174f440462f8499c6c,card2card_transfer
e3b7bc6b53170592b4c7c39d4f6d8e3e,main_screen
8763ee3fb48024b630d743498108e0b8,main_screen
30930bea580f655ee7525a7efa96bfa7,credit_info
265d36d088373bfb135576b18d0d05b1,main_screen
a14f535f8d3da381dfb809335c060c10,chat
1c7bf13fb5dcb39fb661dbfa2922258b,main_screen
d4ee89c877253c3ad1c98eea6fef839c,phone_money_transfer
1d7311ca1b2d6582da1a9f39fea7f6b1,main_screen
527696a60c22e20e9031fdead45b8f03,statement
ea9cbe4b1ace018c77e289640608542f,main_screen
57c0755eae954dfb31755a7af4c9a093,main_screen
8e23f0bfec670a9e9ecf4a98567f7b87,main_screen
a0d63b75c2feff2a128fac7eae46d0c3,phone_money_transfer
7d92ab7c99f9650011d6f04e09b7285e,main_screen
abd094dc5a403caa6032796e4cbb8584,credit_info
8b90b77f814579c2afd8977bd5c6a161,own_transfer
cc6d905ee70f30f8d0483e380d026cd9,own_transfer
4af572c43c6987f8c8942bba6a1ca043,main_screen
2d4f83f4a97e0142192aead941f52523,statement
81944c81ab8d9f77b28b4d85f60d6a86,main_screen
0a7cbe1d9dfa6fa34a70305d4df8f313,main_screen
6cfe3d425dc7f9fbf7e72b256c8b627f,credit_info
9e1b9a41c834a5c47512f47c730b9966,main_screen
9ee327e0039a64a35ec53579d8afe2a8,main_screen
57855b0d345d50875a0c6665c1621841,main_screen
6fd561419cf0c46e2154f0aacd6ce35e,main_screen
044904c5b56cd4973dcc6fc771262425,card_recharge
e395d3d2e4c929d1329c84b0d63b9400,main_screen
ffb3d3a64ea7ca6691bd8d486bbde5f5,card_recharge
02cfcbde23bef31f8b4894069fe7329d,statement
15665633c11d187ca25ac0699dddc844,invest
b197721430f9fdc6c226b887ca90540f,credit_info
2e5b67d41ee10c013553594921bd14b0,statement
b6ae7d20d6a425600bbc54595e9c5298,credit_info
49c96dce7ac0468ae9b51fd6de502807,statement
8d4a21b8d6d7895399e6cf906f359810,credit_info
958721384a5c8aebc6cbe35e29f382b4,mobile_recharge
4d20b61a4f78073593f435bb0286b9f1,chat
80358e7dcc4f99f92d1e160141ab5ae8,own_transfer
0fe918f3c5048e9b24fb258449d8359a,card_recharge
8fe689ec6e7a80d2568a0bed2440e647,statement
3aefe4846b576bc066753a2ab1ced489,statement
1ec4f8072b77626b3317bfcd50e9eaec,main_screen
7165c44b6d80ffa7f8655eca07fb657b,chat
6f19141edd10c77b3ab0c724e92a4751,statement
20a08ebc3a58e53c3bc5c7e72d2b3e70,main_screen
8efc36ddd8e99526f3d0162a0a72ebbc,main_screen
414d53f1fb804ca67d1ec3e3c6a038a0,statement
b7c4ab0a869cd3d6b78768edb762ec1c,credit_info
c3ec6c64b7fa0e3c690ae670f5705036,main_screen
d463422e3294fd49c4e25bd7388fc217,chat
9f5f2b183d7ddc22caf354849a9e2892,credit_info
d58778cf2f7ff027b5cd34d6b3fe6573,credit_info
a7d3a192549f56dfa0be93dc07d897de,main_screen
4631bbc2cb795ecf2cd1879d59c95cf6,statement
662d33487dceaffee42bd98dd3bf5e3f,main_screen
93211ef41192312d3e0c4361687962a2,main_screen
0beb24d77bdbfd26bf4682d50934dd22,main_screen
1d04105743bb06a96fb76f3f06cb8640,main_screen
c96ef8c81a0d89d6046c733f455bdcbc,credit_info
8f0edf3c0f90a5e87a1c10e8e53f23ef,main_screen
d5a88e6929724d3cef578c7dfa8754ea,phone_money_transfer
b90513496fcc7e9f5e19389decc7d794,statement
95b98367e0107b11e8a7ee5b5bef5219,credit_info
9f309b6b3d2305b977ab120e7a716f71,main_screen
358c4cba3de6d7bf6496ecd0baab4bd0,main_screen
898a43d6b667f2a1119f9b012616ca72,statement
455f732e0640513b5c5c8b1983169c8a,main_screen
2053b3969eddb389cfa1a211493bffdb,credit_info
82f151b58f22ae84973c6b6fb3874068,main_screen
176eef392e406be6b8e27502a526e9d8,credit_info
ea80b29b94ac97094c749bfd02c19f58,main_screen
d05df46262f712c392458a0d7e0f43bb,main_screen
0a2949c9c5ced43e87f8d93348deffc7,main_screen
a7fde3061e160149ee2aa6c8d5b6512f,statement
d1a55b6e121bda7ff84def7a6f243745,main_screen
fee42d9326f248f1c5e37188434455dd,chat
726198dcb519fec6059244dad1d20e73,main_screen
a5984ba9e903c16d6d1219e3ba7f4cca,credit_info
9c838516dc3b055c7fc3fb9c6fbfa29e,main_screen
0ef3bcc79b8fd5344f08afa6c00a7ad2,statement
892b91e26800aa28ca194bb49c292d17,own_transfer
e69e3cdf2de26a613a7eb351f875d56f,own_transfer
16c8411e9658b13ad4e87a744ad43060,chat
a6b51555824dabc74535d318c70ff33f,statement
0569de3852b144cd4638f08fed821088,statement
7a7a9627517b53d3e3bd3e13de19fc10,main_screen
b3d54733625bf198ee0f927ac69e0882,main_screen
b8048b06172e0e7a65b2239523cf961a,credit_info
688da8bf70032b40d154092c8f152b17,statement
44691365cc15292ab873da7fb13469d8,main_screen
1092f50f92d3573a7c825b0b3ed730c9,main_screen
b20c809521fadf0654a69423dbc804ea,main_screen
11f476e012950e14e555f3c60f6dedc9,main_screen
a3f3cdc46d8d1c31e3548484757c5186,main_screen
8f165425643cdc10fe7a0be0ba22f96f,main_screen
1a0d9da6bcce8ffb8aeffc0f78c14cbf,main_screen
6e35d25b04522351ab3f64c0410f44ab,own_transfer
63b45bb8e05b335d84e3dcd887a82ffc,statement
c06578b9b493046ed98e8182d2435b6a,statement
2a7a87261b52c5beda13daae79356783,statement
caf60ee6dd1f9289e4fa5a8532b53eab,mobile_recharge
ba95fb794a99abf59fa07380e2655cd8,credit_info
32e388e74723cd2e5e9c5d3624b3dbc7,main_screen
78e45ea414cb8ff592777e89b8f07aec,main_screen
623cafaae97b2fd5cb41a1d9349c02ec,main_screen
eb1afb174d547e1ab4a57b6e300d0f8c,statement
38cccdaaf1fe569752240559f4838caa,credit_info
ce93cfb755106557bba45fef0c7cad7b,main_screen
94520f89016e5da99da59c5795186544,main_screen
fd787324f1684c8ed824ba3164a773cb,statement
323122190d8dea362ab59cb02d9816ea,main_screen
13ae8769d5bacb4eb75eddd8ec88f2fd,card_recharge
a32b0973aa839e9a577cb4bb167d48b2,own_transfer
118600962c2b19f8774d2afe062ce8e6,main_screen
09c22d954ff4e7396b846cf02408d2fd,main_screen
cd29e3e63693d3cf844a3ce561d45e60,main_screen
eb71a2685f4a54b98a406687640416dc,chat
0a59a730d28cce1259ca957f5fb0177a,own_transfer
209311909d0c5cd4b998f5f9d1e5f81d,phone_money_transfer
88257d5a4221bc8b4ffc50f8065b3c67,statement
03a84fe0fc7271a238c7fc3cffe053cd,credit_info
8aced1a9440a20b91fe847bd4308e3ce,main_screen
e1f12da6086164b4a5cd6ae396f0be1a,main_screen
32387741dd9e34e11277bfdfc5170ac2,main_screen
753405c4a722cefabe100a5c08008890,main_screen
4aa6457a6d8d9b92b7d541c66dc9d473,main_screen
9eb6b6cee90af16d60b979c9aa8574de,main_screen
adaebb9e866090c920b9efaa26876f63,card_recharge
0a78e60ad14fbee2ca5deae553f3feb1,phone_money_transfer
ea3f015774a940e6a7e3e3ed2ba333d5,main_screen
cfb30c70ecb715d00930de8cf41c7b92,main_screen
241ee07af26b49ae74411b2c1fa445b9,main_screen
789b91e10f9c099cc94d9bdce1c0cae6,main_screen
36ebade2328264571e86b919de7ed1a3,credit_info
58c8c656049f2b673b717bd2971f411b,statement
a20e058640c984b8225ceb534ed87c63,credit_info
629968b5c29ff562bc26612dc046230a,card2card_transfer
72a133049c1759b7a4bf7c3ec10bd66c,credit_info
2207e0f3197caf27857d1321fd40cf09,credit_info
2cc661d39f9ded4b37a2dca34973fbd2,main_screen
341aaf4d4e4448fafc05ed40d402293d,main_screen
54cbfdfd881cbc46fc910cfe08b61a68,main_screen
55e6f620366cb510d27a22a75052e178,credit_info
3ad1ad49d5a0474d982bb76ed048308e,main_screen
dc4515bba2f994e998002ee04d7a2897,credit_info
0fde15bc0f955596f83c93f8663b18f7,chat
56a5d268c4fe71fc8d78b90b40662511,statement
70a3ddf6796e5007b21d0895dc02ac63,main_screen
8760a6f60f2b3abf0fa1dacd6fd8e999,statement
56f946f2d9e4cd983c32478b7dd75185,credit_info
98cdd5b18de915842ecf755f60e4c881,main_screen
78f88e018026d9a6bf9c3142940f7e64,main_screen
7adccedacea18e78485ae028f952406e,credit_info
6a9dfe372f74e9fd62ff8346eec29a31,credit_info
24e630a8e8beacc21e3ad70e1e0d73e7,credit_info
b0120aa0c1ce98ee0a77947dab2b16f3,main_screen
50b2b5f84fd150c605ffc755c8995c77,statement
8c25fa3e81173e28b5e0af70baf421b0,main_screen
edce55396b1ff067af230d8b5ecab9c6,main_screen
d215931c20347504169806990d877876,statement
608cf2b9cc425c3133f2e19ad9170518,statement
e18e3c5384cfd5ff22685d40e10bd00a,main_screen
8d75c1784ec121a2c1875a8818b191e9,own_transfer
1850d2a93eeed7ccb7652c5868d2c878,statement
cf2142df373918c1e26a701833021f2c,credit_info
dae136d2b6c86ad27049cf1786fde0ae,main_screen
e3235b6cecc3d951f818c130da846849,main_screen
878160add062f65148abcde7efccaf48,card2card_transfer
fbba496aca6d34628c00063add5931af,main_screen
df50da01065ffc04ca813b8fe9a449bd,main_screen
abdaf68f0ad63511d3e6c881f656c436,main_screen
222c19f3c48fb7507b78cb5e7dbbb5f5,main_screen
58e76c49cb9bc31bdfcf5b0118e2d1a5,statement
c905c9eca008e2bdeddf640d1b5163a1,main_screen
963b1e8026e6a79117afd53c2d3afb28,main_screen
676090bbc6185855df2bd776672761f8,main_screen
9c2676c01f5fb75a68f57de7d285fc99,main_screen
2cc29cdf5a5cdcb7de3eba8f726fce1c,own_transfer
21f16b59237601b2ec7375d07d987f0c,main_screen
15b49f2a93842d9cd7ee75ed1b37c85b,card_recharge
61697361a15ea445cf270be54efffcc5,main_screen
8172b93c8cd9fb3da391762c49f5704e,main_screen
1c66c7852a5826b721f02b0d630339cb,card_recharge
82b7e505dcdb7b5064557da0265488e3,mobile_recharge
585ebde7c746b940395c6b1fcfaf90ba,main_screen
4a0f2ab83e222617d522399ced4ec5c2,credit_info
898ad1b79cfbc2aa6cdfb52075b0cd3a,statement
de3ce318b46f0c04bed597aac1ae2c98,credit_info
ed597a04b83bccfcb5b29f1f9906891e,main_screen
72663bb404286ac940820a3b5a65eb66,main_screen
c3969dcbd9a64aed5c762ccc23b499e2,main_screen
470e84684a4008f7a2e7460852dc0827,main_screen
9fae3847e730ff076028e834fb2af06c,main_screen
aeb3fc23b8c4e3e73fcf68a38ae23ffe,main_screen
bed8350275088b7b90d2519c0790c218,main_screen
d2c319fdc55d4fe17f66384d1d33dcd5,statement
3761a76d03151c76c7d24436e60e88ef,main_screen
4075f945fec78d63aa282c8a0d14705c,statement
5f4881757f1d7df0c6397ea1b0b166a1,main_screen
216041fef5610f1453915e854debc022,main_screen
2d47261fa57d0e4480c69303a1be82e7,card2card_transfer
77e4430fbeeb5397d1f8a90db8a147e4,credit_info
b3b4c524cbe7bf01dcb7f9b20cc7dcef,chat
a4dd23884bca9a351800d15fd5ded2c5,main_screen
b6d7fdacc40aa34c9a96f88110ea7729,main_screen
773d79685b26c94bddc74d0854daaea8,own_transfer
526bc6180d00f60cdf2096e97e228d0d,statement
b427340cf5d088f46981b34c733e7853,main_screen
2ffd526aa38bab9a0a02876fc5cd5309,main_screen
90a5f1bf52a87387cd8c6f006a5ba12e,main_screen
6143ac29144ed2fe0e659ab8463b1e2b,credit_info
76c3f7680bcffd9e1e38e0c333fa0e86,main_screen
bf076863bb3296597754538ef035fd4e,mobile_recharge
ac5cf46d142cd0337833dd90a6723a2c,phone_money_transfer
7dc3a0f382073e376256bb2893453011,own_transfer
3a77fec1f3801ea3cdb5be188e235852,main_screen
8bdfba54edc4febbdf76ffb8c034eb46,mobile_recharge
caef3a5f21953554f51e7b1c3e7c76fb,main_screen
d6d3ed207921c787ddf7ef644170d4c8,main_screen
174b42ff26b705e91288872d96a5920a,main_screen
16eec416d8c3f456a1241953a29c8f00,main_screen
96f7a26b30a5ee4934ce1a186f24583c,main_screen
3b0753c6fcee6c896fbcc15663beaf05,main_screen
6a3867a1a6998ad4a29417e6f669ae7c,main_screen
3568e8b55eebf848c73aa25d3b0e1edf,chat
c421c3cf3928208dc2c1e3bd87352d0f,chat
c807e8d21a96a3ed08bad63c3d47ff2f,main_screen
31d6f14726d93e87882d4bfce6616b28,own_transfer
ddc0f399fce7901881fa617ac6adfc55,statement
01848552f5874a960a6227a2d6fe5126,phone_money_transfer
9d8e16cf74122c7455ae75199247c6cc,main_screen
752992e31fdf2a7864d00da1aed00e06,main_screen
c56ccff6dcbdd538109393a5df5915ca,phone_money_transfer
2fceacac55e0ddb9a8d13fdddf59a0a6,main_screen
c2034752afff9610bc6e5169e727bb99,main_screen
a3b91028c8076f3de27fc1e3dbd971eb,main_screen
5c323e3c37b95f8f13f0ce3a85a11399,card2card_transfer
665344c516bbad2d83e43f62269a5fb6,card_recharge
84d9056a5f381bb540fe67ca02741b50,main_screen
1ce5b6ab06f6b1d15b0462c59ed22522,mobile_recharge
ef4e7425078764bcfa7c0d81c50b8f9e,credit_info
77d9ef704399fc6fc47f9af821d35886,own_transfer
6cf445c717120205e4653af31b38bf2b,main_screen
b8f3226897ba8fcb3aa84b7188f47043,main_screen
ccb81845590f347d07080a8078aa787c,statement
00d2371ca55929176877313dc6f9616e,card_recharge
fcaab7d8b3aee17505dd7995b672437c,main_screen
06fc4b0391ef7bf3f73a7a80c5a63585,main_screen
9a0cba928bc35cc21070d33f73a31d7a,main_screen
ca5e39124da6a633a116b681aab9f2f0,main_screen
ebf617009b0599b5ae240e7d6a8af8ac,statement
d90b535958884cbf27a66496e635394a,main_screen
f3a96b9a3544c280fc78cbfb57a7723f,phone_money_transfer
9bed195c8acb667acc32f72666c579ab,main_screen
d8728683aebf7839e6d86602052549fb,credit_info
3a4b60dfc17c107d95d4aabc4ff98245,main_screen
5b26f6e141ea0cf184ab6e7496eec7df,main_screen
82ac9d821685f7aed865a463bfc666bf,statement
2acd2489b086ab314a5ae8fd8e78316a,statement
4d66250eec305afc4d0df0e605635bb1,statement
3acee0d2cc40ba02690d1493e70e2949,main_screen
5295a12eca61d0563913b5d82b50e274,main_screen
30bf6cca45de1d8b818bc251e5301859,main_screen
bc9da3d42626841536caaf02e7c3890d,card_recharge
9ed2b59b8b95716f5f6d6eabc40ef8aa,chat
266482f2236eb18c4e3313aeeb20a7c4,main_screen
7800ba94884fccd726734ad489c32252,chat
0eebdde2be2eb542e947d5313f6b10b0,main_screen
0faaf00e2eca3808c752c3fb7be0c4d1,credit_info
330dd850f29968d84c3d47dc896fde03,own_transfer
9a1fbb31059ef6738b6ec22fd61a7b56,statement
36a923f9e8fcb12cf225517303bcd028,main_screen
fb8f9dcfa0b36edc57da193a23eb0f1b,main_screen
b9672bc68d9a3990d9281c606bde6a6e,credit_info
d0ed5547bde73220da00262ce342b19c,main_screen
ddbb426b8230288651336535ca8fd224,credit_info
cff6b7e7aad7fa47003a12913c8443e7,statement
c0979fa64aca97d3b21d66b2c220d384,chat
10f36b73243d29ed769bc29bc3f1455d,mobile_recharge
3a63da0c2d5618d0729f3d15d0d54586,main_screen
7ca0de43a9018dfc31ade917d96bc182,main_screen
7a1ff4785d2b6bdeda8db0ff9ba3e780,main_screen
3fd60ddfe450308fd92dd8482c18fb82,statement
2f016c40f4bbeaeff7a74765b0ae78f8,statement
41dbb100f5dbcd324f87fc34f9f43083,phone_money_transfer
72df063e4eb49721732667fdfb6b125a,statement
b252b5ac5efdfe8a9765eb0c04bad47a,phone_money_transfer
8c847cc1870a379d70ad0549601db371,main_screen
84b0f91b9b68f17cd3106f3e54f5a072,main_screen
d96afe321e21237b12818875183de200,main_screen
a8ce3ba0a519a2957cd6f0f67935796f,main_screen
a4a2818ceaea72cfbb67448c4c3c0df3,main_screen
7aa6199f1fdbff467b5776fd971aed6d,card2card_transfer
942ef03fa3dd0bbc3cc9bae38d559f80,own_transfer
247cd5d1900cc64f6f53fb01105fad81,main_screen
5a30f0d5c9bef7ab35d4e01aa8f25132,credit_info
80a5c7222259745bde6728f7a0e4e09b,main_screen
9e2adc5a9845d749c7a1ac76fc8b7d7e,card_recharge
063100f5a4eca469b94cbab4ee9eb0ab,chat
e3d9bec561a1a8ed1aff82b6358935f0,main_screen
84579b2831af928a68749464d7e97f10,statement
445a7e075f3dc883e75aa55a15794f6f,own_transfer
b4ba0cfefe0209457763f21a0fc4b3f4,main_screen
a3108e88752aba54816ff6ec59164e4c,main_screen
3985b626ad9bb4b8d3c3aed5697bcd28,chat
24d004279e96f8976b0c3eec1ced6082,main_screen
8852a2cdc3b449e5a2d811fd1beb0d95,card_recharge
6239da8fa8f7891df9113188d19d11c0,main_screen
d6972afe15ab9d05271f46163a6952ec,main_screen
f91fe8fd9ae0618e2e5a63921e120b50,credit_info
3ee9e94d7c05d8ea8f1001c313d63cc7,card_recharge
8db65974ecb9c878843f1a2fa4b6d206,statement
80eed3512d377176d2b1cd1942432b51,credit_info
c07841b309040c118e08dcc0a5c0c9e5,main_screen
00a695e249f3d92897d4b94d8bc44199,mobile_recharge
88b5d978c1d661822ef66508e934f8a9,main_screen
d5c5e40a3aeca34070b8ee6c05b6d907,card_recharge
3407c5873877782e66bc3fb690a2bf69,main_screen
11069b8e6aee8e4225c3e76f422d168b,main_screen
258b36c4a95bebb6a9e78c044046ec52,main_screen
3b9fab06d3fb739c7aaad46468d4d4a6,main_screen
273be1a3ccb329074b53525de5c9ae80,main_screen
9b7e227445570592f36e17b1c35ccf01,credit_info
62b5fbfb6391021c92cd9f2e6f8766d6,main_screen
1b306bece185407098ebe96a826498d4,credit_info
1c0f56a71f60ef150f244df3bd419f5c,main_screen
724740241c7cd993c4cce189da0ed5b6,credit_info
63ee7536f43dbbf1641c2372e676efac,main_screen
22e12775e7041bd78e5affbfbdb888cc,statement
98c83ce82459d51fb44b9f50f845df91,own_transfer
d223ea20cc9f2ef6a3bab1bce5bd6557,statement
78eb0582e2b13edf40fc4f13d12c1d97,phone_money_transfer
2ab4c0a96ea5a61fbdbdb5e6790ada00,credit_info
5f84ea13b9903118fc887165f4c7cdad,card2card_transfer
79554ecc18ed5429e1fe96c33782f552,main_screen
0485ea950d06915fd9dd81336eafb9c9,main_screen
4b2bebecb6c1edf8456fc8e538969096,main_screen
fb19dd59a1996e96b4fcdfcc33cefd33,statement
d3f9cd115bce54ef09b5b51f1a9bbcc3,statement
90a668f707abefabb4a78c27301564c0,statement
de389c82d203742db391d02c95e67b24,chat
fd9ef8d11d2a1f35abe6e33404212d83,main_screen
816390a7bbeed535f52d9610d4238353,main_screen
e8491387f964d9229afa0e125e131d14,main_screen
d95c5829b9858cac19612d7424f26e04,main_screen
f46dd7ea3239a037d717c424b89b5549,main_screen
b63fe1df4e9755053588801664f07864,credit_info
b535d2cf78b06af1e34bbd1add447255,main_screen
6c947c6f7f103092cc79a59645ba1ff6,own_transfer
3b10ebf3106c1c92d60ab05fbe9bb4bc,main_screen
3e9ff15416b250aa94b4e02437e1aafc,main_screen
70030a2f31100ebd76f567d2e0683d10,main_screen
393908e6c7eecb878a47f0da28561c56,card2card_transfer
005ec47bdfeb3eb82b47fcf7b1dd80f9,statement
c6184bc8836540ba63a56453c30dd459,main_screen
32ee1e514cdca3afad30543186c1ad18,main_screen
9b1cff72cd33bcc9805a2db1ec196d93,chat
1d3db970cbec7a654afd041562763ac5,chat
fe14bf538d78f5ba413912183a5cf1b9,statement
d5da1b82955fa9a93724ff576aebc72c,credit_info
44443784c67b9dea5d72027dbbd93a57,main_screen
fd5d1bc8be98658b6d0d9136c69d5782,main_screen
83beed75eb6d392d3c8a7848cf19d9a5,main_screen
0f369aa246ed97e97094d352b3a8829e,credit_info
b87e1e1973b0a3ccfe388c28b7f34d6b,statement
8034281ca09c50406b28e51660a620dd,main_screen
36aad7cfdab29ede3a07aa8f62416fe9,own_transfer
69b3dd776195cfa7cc83c8e0054865b9,main_screen
24932329168141c6df93ebe7d343c90a,main_screen
93ad5001feee798f50790378761ea210,chat
068a5820ddc034e401c1c14715bfd318,main_screen
a0c1417553abd22b9e19c8e36046538d,phone_money_transfer
66f832f8c98c3eddc3ebe0374ce6adb3,statement
c21fbba2f5dda726ea5dd42c31ab5d4e,main_screen
a875ed31afad4620a19f6bd3f35521fd,main_screen
abf5c30b69aa9579cebd6bfba2a5ad03,statement
c288b51d934af621099cc76383d891e0,statement
e430955558e7b444c2180458214014f1,main_screen
a06714fdf2427b13414435fd6bfe48fe,mobile_recharge
b09ca30324416bcd66fbc882f87818d7,statement
65ac6bf79ac8111cacefeb54d4c03af9,main_screen
609db2ea82cdd637c617881fa8633423,card_recharge
fb31da4f5f7347e7917428e662ca942a,credit_info
ff3e0170f9265884877a03cc2c17bd30,own_transfer
37ac9280abf9e705928be2d42c651390,card_recharge
3e7ad9634b912ff1f40d8ccf956f644a,statement
e28bf796bc3b6857ce60fee833d76406,main_screen
6d33e7e1bd6e4d738c5000bee6cd3844,invest
31820d67e07861283db6a092e88c3116,own_transfer
6d9ee512e2e8b58f28fd0fdd8c224b55,statement
f3f45b54ef27fe75a672c0ec3d837653,phone_money_transfer
0db547d3fd979098eef2d832394436c1,main_screen
7c3949bcdde76545f809dae58e731633,statement
f32cd72d021e1b754e4dff2656667922,main_screen
a8d7c8b39fc6f0c13fe3abd96ca0fa18,main_screen
6429b8de77ab48f137143cefff65ac6d,main_screen
b4f9154545a89273f3ce1bfbff8123f6,main_screen
bcc81eb061c5a68ce9dfae7d6b5e24c9,card2card_transfer
bdd22656dfae905c8e9065119d639fad,mobile_recharge
35d06fc998eb873c371fdd6a69cef1b7,main_screen
4ff21a4aaf718de8da25313236bb6fca,main_screen
95ee226980ecb87504a7b5f4bdd2c5bd,main_screen
0673559472fd62ab3d79aae4fb482b8c,main_screen
8119192e86e57a3c90fecf4b33d7f8bc,card_recharge
510eb0558dcbe7a9c0dfdf8cf70d4615,statement
7bddf0ca71f95a6dbb3423ab02e1c580,statement
b543f4e34373984bbdff879f98bf3e25,main_screen
27c446da0374295cb5d1ba068630d2d7,main_screen
761b2e9479fa641e864556fb0be35737,main_screen
d735f088ac065f2ced1cee880dc59908,chat
4d0d830ed4049cc5f1fa04cde571e341,main_screen
2e1f2a671fcdf3de46418362da633fe9,main_screen
3cd80376c87e7a7c418e230190f7c850,main_screen
55c3862d496fade144a757eaa755544d,mobile_recharge
99e6b3fd5b7ef5dd9ec2e01fd112d329,own_transfer
76f05250c30af5ab8356496e5c9155d0,main_screen
0cdd60043dc35639956828016d30e23c,statement
61a5a583511d47b22ca53c28952569ba,credit_info
4d8b77a9cac3e99d636ef1061a48b912,main_screen
84d62126c8ae1060bc0a5f9b8911dfd9,main_screen
6ed165b997e63f1d062248f43aad3b9c,main_screen
62dde645294cd95e39ea72d57803299c,own_transfer
78dda77500dec4cc0df0cbbde1009308,main_screen
eff3292ad1499140643249725ebe667f,main_screen
f27b31a2c56b21a55b1eb7fb07820175,chat
d344cfd266b6da4b7aeb494db477d9cb,main_screen
dd164dc7b56dad31771aa7b49af0463d,main_screen
34c951ec9a8b4410c339646372e540f1,main_screen
776b5bf7e00c1884124f205ecd8cee48,credit_info
7f5999aa4b7a7926e011169c5de7ff4e,statement
f246ae94b34fbc816c7dc408158098ce,statement
49dbd83e32a54f97228b43e26dc92f1a,main_screen
3c9cb9d8c3f7f36bd03c5de813e5a6e6,main_screen
fd8981192cb29328a2de1e51e7f66d39,card_recharge
a2d9edf56436bc2a5848f4449cd5f54a,main_screen
9e745bb7126a4be71fe7cb9ebe5fc226,main_screen
db9c6c2831b7f8817a20d6c3612832d6,credit_info
6daa02d89f3fda2ccdc4c09cb9b6fe33,card2card_transfer
8f0221cff5ee67ee02e7d069dfe19b83,credit_info
33064d78ec75c35c7ea4d18f53449c08,chat
9b2c99832bda9d404265a0623b9a43c0,main_screen
817301cca027d55c16642a3049346692,credit_info
4bebbf20b7bc7e3be4b54c43a26dbacd,main_screen
afe11424584bdabba99e09a39f2f789e,credit_info
f744e33c1667782dab07ccaba5a9e2d5,statement
dc8962894fae9168b82418f97160b894,phone_money_transfer
a0f4793bcaca712b01b6a3a56a1f8252,statement
e1cec299eb2bf5723a88779340163ae2,statement
9f6b2f10e91ac454847abfd2cf816f8a,credit_info
d1319a19c10c990a659545d4b0308aa3,chat
0624e8519fa2284c12538d8913b0a631,main_screen
4efcec4cb3bb3245159225cde04c79dc,card_recharge
d5cb4d21372e782d12340757b9c3af75,chat
3075b6a378200ef1f47fa983be15aa34,credit_info
9888086376f78dd8b1b83fc69b55dca9,credit_info
b4917798be66d79c003bafbae3a14a3e,main_screen
e53847b9a5d08d95b14bcc558fb0518d,phone_money_transfer
bf7362af29322d9a3bb07219d35eb7d6,credit_info
ad8e12e8cbb18f9d1893c04230ae70ab,credit_info
bd3b808db1bfb83d4413239e649565c0,statement
a3150428be00aeae6f5c5acbcf08bd9c,main_screen
71407e6007cf903315e46e582af527f4,main_screen
f5e6787d2e280f993590ec3715dc8420,main_screen
95b038719c36680a8766facaf8efe975,main_screen
1ef19d463f1ad8d01a620d0e98b68d42,credit_info
87842d6041a05a7c63b238dbca0fadb8,main_screen
0e1c92526a335feef065bf618ccfd2b4,main_screen
63470a4a3a3081fe78cc9135657098fd,chat
2e55f345d87b9978ddc45a75aea1b1e7,statement
4237b3bdfebef7f5c8c38ab2bbf18a47,card_recharge
5e67f1f1fa9b784763e0407400798d93,invest
febede1840d8ea9661f7aa79423bdd15,card_recharge
509ab612135e5ec8ffe47c2d7c937d37,main_screen
6b87b62a7958977b5e19a3df67350a09,main_screen
9d34223c58c8a07e4c1b92c61d99a159,main_screen
07a259fc234a017bf9eb02e851f78c0b,own_transfer
ac9f3279795bb4a23b6398a6259d82ce,statement
7b3f2ef3dad437068b339f05aa23b1d8,main_screen
66638b2a0a1c39edea7036fcd2a1515a,main_screen
8facfd7c9fbfba435bdf7fa832306dc8,mobile_recharge
f35c9eed0220ec213854a51ec9c06cab,chat
3e6d8a718e52e0db6d908e8ee1de9e47,credit_info
282a4b51fb0e842c1b9af7fb38fbb940,main_screen
57c22a66cf622e6e3e84806071f8444b,main_screen
6db6f9db5193053ba9e8b647dcc878fa,own_transfer
946372136c52acff4747e346eaebdc9d,main_screen
8911666cbf0789e1ae3bd5fb619f4ccb,credit_info
892feb78904af3651ec014744a006917,card_recharge
1f6893977c17272faf5fcfdcc2cd393e,card2card_transfer
a8ebcf93ad02c286c9205401e939d840,card2card_transfer
eeb9a5140ea8732872903808e726027a,main_screen
6f69b48d44ae6970cb49a4b71807e499,card_recharge
4b4595d64d31f1fdd0edd41015d161cc,main_screen
26c4b41492da8da74f819200d80453c0,phone_money_transfer
a5ad0360a04603a700501313c010d4b6,main_screen
3b6b7cfe981b02d8479dd87f1feda14d,statement
6f9ad4e8117ac317abdf5b16196da9a0,main_screen
d9348ffd08e6bc9e91dc50acb3db9bcb,phone_money_transfer
63d24234d11acc5af15ec404ee69931a,statement
e583f4cd1d871d0fc3c1b69d53fe75ac,main_screen
f322f51ed31c9e28e6c536c5d2919024,credit_info
a18bec9ec014f32c46620a3c9cb635a1,main_screen
6068f7a27dec3086b79e609771514d9a,main_screen
df2fe647f50e938693ee14590333a05c,chat
702eb5b274aa6199f77580f04f09aab1,statement
198a687bb113abe08ee5f78dcde28eaf,mobile_recharge
b31d1d895715f922322cca20887891b2,credit_info
99abef2022a47d1cbe51bdbfc7f27cc6,chat
44c8cb31415a2ee6f361f9f5e7b8ba40,card2card_transfer
f9060b73ae1ba3d711f0ab84185f2984,phone_money_transfer
3af1d02f1436b43b1603a058516f7cd8,statement
580b8c661ef6087477a86eb4284bbb31,main_screen
97b307402ed7ea35460400bb3b944712,credit_info
701dce4f24161658f3f4d228d6cb0bcd,main_screen
d56137e3168a29a639bab13328bfd15d,credit_info
b53b33645e2af09091dd93ab9215876c,main_screen
4e6a4f50d5ed004d96eadde076956394,own_transfer
6f6d6d0fc307ddcd5329d5397bc1d7a5,main_screen
3a3525ee73ec1d9baac0a33345d112f6,card_recharge
73d53b8c8676e11fe2746ea1349df975,credit_info
24538905f2fbe3fde85ac8edfe38833f,phone_money_transfer
9ab41f2e6c541b0ecb2ec8a1164fa91c,main_screen
99f3f2670945c5cc2552ada2ed3c7ca2,main_screen
9b2ab94cc387cb1d60f827373ba53d95,phone_money_transfer
0b731cc6580317fd45a7d48ab17dbcd8,main_screen
2350b181cef5913b988c4861f8a75106,credit_info
00669e2654573068264e76204ddba512,card2card_transfer
477cdc69de074a26878fd2c9e29940f0,main_screen
c0c70104f2076b4a34b12ce38e7954c6,main_screen
7b513bf658914a30dd9332fab12ef050,phone_money_transfer
c951fe1dadfc45a44fc8fe57bd209238,main_screen
28c855ef3b469a25f90754e3e9f4fd8c,main_screen
d2ebab917f48b66dd8325caef6483c59,statement
b53cd0beb420b63624e7213262ea4760,credit_info
194e5315594d49167be54901fbfa5aca,statement
c143b4fe4e40bfdcefd05b5b4c168b9c,mobile_recharge
62c882f6bb869213eb5877858bdf1c8e,main_screen
31a752a450fedebb01d93c489a93200a,main_screen
4e40882955c278752d963114cf12da17,card2card_transfer
fdd917dfdf6ef2617b4888435f6639a0,main_screen
bb98fa456cc9e2bace22cd83c34537fa,credit_info
6af28fc59cd5e8b4419f6cea9ab38896,main_screen
7c83f2e47843bf447cb30665ac259aa6,own_transfer
749bdc8c06aa6151080b710c9c61cebb,main_screen
0865e2837497a1f73e4429aecb2cccc1,credit_info
d3f8cb3082f094e91b863f5314485eba,main_screen
b274a9ceda543a2fc2bdeecbcb52bd31,credit_info
eea4800ab19c95332a13ee3f51d6b1f8,card2card_transfer
177e2e47079de7f04495e911de0a9c6d,card_recharge
100a1038481c4e519f71a666408e1265,main_screen
354c7bb0018fe6ff8ddbc6ada2e8b1e8,statement
3ff1472350414fd78ce2d41df8263e8c,main_screen
0e3ce58ecbffc2a61a95f602f61fa477,card_recharge
e81e5b57bfeb7a042cc75867c088286e,main_screen
b1823db882e14276aa5b43ff7f95ae8d,main_screen
c77e1840d3ea2330f9752054f4d1f921,phone_money_transfer
f48f88acfca9a77a04bc289de5d758c0,statement
71984b0226beaed17514abd50bda8117,main_screen
bf03a14f1b40f650c093c822832ae28e,main_screen
96a5757f7e1ce903b58473d6d794847d,main_screen
069efb8683009e4bb03ffb627d0b56c7,statement
a122a403142a87656d6d55312ec57a74,card2card_transfer
0a40547b51fdbd91ca13fe6722d171cc,main_screen
82369979998e967a81861d8c759f8291,main_screen
a772dbe5691acfac93b33b4167e094c5,main_screen
cc21f6e37fa9f6732496be5ff07694be,main_screen
90fb6bbca2a2803171a88a03bf86d97b,mobile_recharge
401dd01b9a6884363be8cd3a803599c6,own_transfer
a72e48e520630f167339c4371ed85e6f,credit_info
a4a0fa815edbef4643fde9a551a96198,main_screen
635b424d791d35bd5df5babb6aaf6e9b,main_screen
8ca1ac58e94e24a9cffaf6dc83ffb0f0,credit_info
bab28f278a9fdc3a25bc23f19ae5dfba,main_screen
6c4fdbab1c14dbcabaa8d71cf1976291,main_screen
3e24bf4664f2a9b7cd04cffd13bcb5cd,credit_info
f139574fc92524af368357c33cf3aea5,credit_info
e11344a6381e346faf66d38f956ae659,main_screen
bd4be718f7097885e9ce1dd6400fda5a,main_screen
db18572a77bb0ce4752cdb38b7877ac6,main_screen
530b1c627e03762c790fc9c1e810e718,credit_info
e9d98821a38741e4796884d108b2f367,main_screen
c210118010c05c8e7dba78efe9a0af16,credit_info
f5c581ccf0890d9821e1dcb36f17b6f9,main_screen
c6f33e666561dc4256b1ed4d442fd6a7,main_screen
e585528ed6bdc0716880176c2f1ed052,main_screen
4ea2848e9aed00934b1728d86aa28ee8,statement
6ab5e3441e700f249f3996a7121cffe8,credit_info
0d5f4f158b65e98b9a0c73212b3d383e,main_screen
1f736ef3b5df86c18631de0eb9e3ec2a,main_screen
76c12861110e152294ec8f2a297e3bfc,credit_info
baeda6e2ed565a274258b97ed3dc72b7,main_screen
687ce1f9a25a1c01af7528b6615b4341,card_recharge
95a493bb0ab5877050c8be7e55b5346e,credit_info
b24da996d85e11f2274834a81dbc2865,main_screen
c8df935693285d0a972042702ab1e5fb,statement
b4fe699b33122e27bdeafafd99738d0f,main_screen
10e0d3e9b8c5473d76f4a1a08c525a5c,main_screen
c54617798da44b122c7514292bce11ca,main_screen
ade8b9561a604c9f718a5c20e0b196dc,credit_info
6e5ce64f8fd3b5c7051093f4ede0951c,main_screen
3bee87d156bb1a85aafdd2de571eaa9a,credit_info
bcad75daea448a6ea28368ef0169004f,own_transfer
328d21fd982c734e31751476c942a356,main_screen
91f2a33be6da7e179e21cf4c05a53880,main_screen
fbe0e7ed6232314aae08d1de1a4e1178,main_screen
1762e6989b0d973c72c68989b4beff6f,main_screen
3e6f056d829515ab79ae0065f6c47932,main_screen
ccc897223bfe41408103e106decafb40,card2card_transfer
e9db229a80a6b01de6ce4c8d531835d4,main_screen
5f0c4064cbd92c784bd348cba37693f4,chat
df20b7ad1b6f21eef8c9aaa70bb51976,main_screen
f3065deb66a95779e473a5b2f7f0021f,chat
e8252640faf9fb03e92fb4d3153c79d9,main_screen
9b1507939a12dfc5f06efa7fd3773d98,main_screen
e30303f0e43d066fcdf7d3649a389f6b,mobile_recharge
0613b0390eb0e38a193e009d5e6fd9a9,main_screen
7e773bf27afc8d88447fe649c270ef6b,own_transfer
8a2c150f006130d2e8a58117c1b69bee,credit_info
cd24d886452a9723d0432d59ad71d2e6,credit_info
74b48fe98371209a23aacea3187853f5,main_screen
8066e4180fd7ee7118b69e0c51a58ca3,main_screen
1a948f6b6cf39ec14c3a857ebe4b30c8,own_transfer
3deb4efb0041ba68ef94e194ebab760f,statement
740a68aaac993be592d16f45a84b2fda,main_screen
be7857c2f618702b0796280bfee29fbe,statement
d7d236b4fa270f1b9ed6aa9eb5e2d1f7,statement
20589b2b352b72ebb4deafed72bbbbfe,main_screen
416010372dc5f96586617f4afa608e14,statement
80198cf0ab2fed79147de20eac5efd78,statement
404b8e65cf83e9ed636cb2955c0e0654,mobile_recharge
5d841fe6050230d910200852bd044cf0,main_screen
9040f3657a585f968bf579e2c0c5e2d2,main_screen
41ac583789ac046e5d9dbe1b4973a290,main_screen
2388017e57d1d556ef6d55e43be4c86e,statement
bc1bf5d0a7b16a1bc96b001e4a6e344a,credit_info
7d4d4f67dea4a67d3ec0eb0ec86d66bc,card2card_transfer
eab3d3716264ee79d57d3774044fd33c,phone_money_transfer
b7e4a0363c2567e373966eec14695dc0,main_screen
cc4586ef5e02ae66802f7a61e9511f57,main_screen
f91a5b79e1dd6e7544349018389170f9,chat
fd6a88c9b3287a6c5d755c50c40c8add,main_screen
07348cdf4d83958689129d651b0c9442,main_screen
2b40fd39eb918afe760af704e4713a69,statement
6bad79696e8dc7595c06bf671c947f8e,main_screen
a09a954aeed70832796401eeca71f50a,main_screen
6a2532b546714acfea7ca0b6cdb22476,main_screen
3cd6c026f77edff17500645007e98e73,main_screen
f7b3c436390aaf882e3c39c2dccd7583,main_screen
d8b3c8b59378e5f3d962a911061c8ea2,credit_info
ce5db06db98ce61fd775fdb01a9c13e4,main_screen
c243743f820d3d8be58eff9ae64f5c2e,credit_info
0b34cc54819d779e14bc10311a9e2385,phone_money_transfer
a3e0a47d1bc627740d3b2d45d142b477,chat
63807cc89ec30a0a6c6e89c1106b54f5,main_screen
485c94eb17d68e930d27f9033d4f3c01,main_screen
09d2b4b66a2f5b151a400e0b27ad96e7,main_screen
32119311b92c69672da8eff3241fbf9c,own_transfer
cd072fa1f0f65f94ab1538e201d82893,main_screen
77e3a1c3ecef58c0b3f26dde9d9124c2,main_screen
b287d768d074fec25ec130e86b8b06b8,main_screen
223cf0d5f2c516cf189338060d3db0ea,mobile_recharge
25f57ba98c59d3279f52dd3a270e482d,statement
4b076f16b7f0a602ddd51ce08a13e64c,main_screen
908a1e289bfcaf18060753d049b5b2e5,main_screen
c492c5a852d98c96f11f531e8bda7e42,main_screen
3e16aa745b138cda27947e9fdddd6c89,phone_money_transfer
02569567f719b88849752482f8fa4727,main_screen
8796c699f59a638de81cff458b9c4ff1,statement
77867609fd209eb8b3e49091db8b5b8c,statement
f3300fa132c8f71f0ce1cbf3568e9a4a,main_screen
b6f29d2957d7782de66ef1d14a7f7bdb,statement
569666a1f39a774a9dd0e66f2cce118e,chat
4f340264238cc1775357767b8d22a414,statement
d70a96e2d7fcd729fb687bd73d230f3d,main_screen
c9784514b24b88fce1a8a1e379057e7f,credit_info
f3cbbbe635eb0a635bcf4ce79134a73c,main_screen
731c0e82bb81d4400cce36db7cea3c20,credit_info
72d8fe6b79e07b09c93fd8feb012479d,statement
60267cd44a8980cfe1d8d7f6759fd967,main_screen
3b80bde0f4bf5b5cef5490a70167dfb5,main_screen
bd2fe9803965bdaf6e02a79c6a9e63b0,main_screen
52a806db7959372dff5ebf6e52d198e5,phone_money_transfer
aa956723c2545393bf41e405771b790f,main_screen
441c9ba1d268a63fccdd2c170f600d0d,card2card_transfer
e0a0312ed741da39edf2b23df6c86c4d,main_screen
6d17f8d70cbb90dcea7b172c9bc6ae6f,card_recharge
20f482203936507e946dc9f9f85d96d2,main_screen
57b6743a0fca4330c36783f6f733711e,card2card_transfer
3313abac50b016d6cbd1816a6b814c84,mobile_recharge
0aa0919ceae93197b0f3529351eab4fe,main_screen
bad8febc7a1a9931c2f639df6e6172eb,card_recharge
5f010958555a1857d2ff0cfe2b59dec7,statement
a4159392c5345341c8ea8310fa82b2ed,main_screen
6057e3d48bea42fee9837ff1890b83d7,main_screen
08efbc9ec702b7ceb2f6320800ed44f1,main_screen
b2332b9d532a65dd3e2d97da8ad8b156,card2card_transfer
6c82104cf4f3bb57d517c711570eee64,credit_info
0e957b491be06d4343eeb037aaa710ad,credit_info
73846e33bd4ea82d645ea3d68d1d7053,statement
b5bc8681f8431ffa0b6c0432715f1e68,card2card_transfer
f3537fb4115d797100a12eb2b67c00dd,statement
41d7d858a23282019a10a7dcf9a511fc,credit_info
e26a345b339eb83b93688adbe708b981,chat
695fadb9213a5094035f523073c34758,phone_money_transfer
eef37ceadbffbc8dabe62e0f9f87a6d5,statement
29227786e10acb6a9ba92bd9783f0ef4,card_recharge
804dbcedf5b2fd4db7122edf34be560e,mobile_recharge
e1d7b166cb09029982e798a8561f6992,main_screen
f6c5d41ab68c00871544083e1040f62b,main_screen
87abad9ffd1582f1ebb3e86b4f0a87a6,main_screen
583bf66f83130509d0bd4ee3d1c45aab,main_screen
686d02d6aae306eaa7d49f123f2ca74a,main_screen
f803a1d73097b2f3b72b1cd92e6b7f4d,main_screen
690d8465dd2463f717b5767a1721f3aa,credit_info
f307309e2f8ae8ea0590716c9ed572da,main_screen
dc4080c8f919399b0cabd246ba6989b7,credit_info
4601e34b155aa26d3de87229482ac372,chat
7fdd5b22b31a13123ed7c5de261e8da5,phone_money_transfer
1126887148d27639f6cb27afa104f69c,phone_money_transfer
e6cfb4b7d9048dffc196e6c14bc9c040,main_screen
ebddcec5d87a54012ca808f69217621e,mobile_recharge
169a364ffe27f7fd08bc35557768a75a,mobile_recharge
a21c1e6c928935af40605569daee8a24,chat
7003b71978bfad4cbeb57960a6b00e66,credit_info
35f7489abc2ebf322df573d9c13497cc,credit_info
45dfcb0d6ad97f3c2d6f89fe01004fcf,main_screen
f5e3e1e05d0a9fcf5682f241d4b0b3da,mobile_recharge
3122b67e5a82652ece32540e4cf347a5,credit_info
5c405f9ca31edb22713a0700ceb00e90,statement
31379342263a716f2e14137e53c07d30,statement
92dc6fb4f453f21fc3d00df45e47b5ee,main_screen
538f4b489a74dcf3caa651340718e216,main_screen
0e48742133cc0d2e11433060e6ad96db,main_screen
f51fec4ec40d71c0e93cfaa8290bdab2,own_transfer
e7430b2e4a097806b50d7962f69d5349,credit_info
b59b3c070cb62e69bf8b6c62ae05da00,main_screen
2d9ed3a82d046c8dc5e53f7987e80dfe,credit_info
80aeb08d2aae32fdcc3117828866d170,statement
89f00cd8cae093f15ba9d9748b542c66,card_recharge
518352f5cded859d58164d56eb3b5955,credit_info
b2e78282c14ed4ff639523543da0942a,main_screen
3febbaa4486c96b7aea86fc7a8b5a9c4,credit_info
05cd15b36746041b09294ffff1f74487,main_screen
79d1ba27b924944e80a7e9fe98d37af2,card_recharge
fd05eed56e8cfd0cff22dfa25a76635d,main_screen
e20a2e738f9f21efab77f468911e89f5,main_screen
6bb76b505f3aeb8954c3f5806532831d,main_screen
f0db6ddec5f9fd1592a220c3c9a5b4c7,credit_info
04e55378cf445e4106ea12404f50614c,statement
2ed01a544322538fd8fcdc041f7709da,main_screen
6e95c3f9865e3eb4ac05a687566dd960,chat
1f5cabee5538da44cf71de667cc76f60,main_screen
351d1f4e112cef3607beabdd328593c1,main_screen
615cbaf2e5fb496a2c75d5b5b0503807,main_screen
94b7564074c259b29f1ececc31eae471,statement
b39dcc4cd7c215fb7da9ca628b2e0b5b,statement
0405bfa07f3da893d7e5f2b1f426c0ba,main_screen
ac0095bfb96c3a76d2e7bac7d0063a7d,main_screen
c9e4b9275c7362ec3d154c1bb65bbecf,credit_info
408b7d0ed3b624ef7dcaada5f16ba4b1,credit_info
85f921c5c95d1602ba1ba1ec32e23f81,own_transfer
614a5dcb3186ec4252664b19045d2ac2,main_screen
109260219a9f59e662bd74684ed418d5,phone_money_transfer
e4fddfe0c0c3a8d316d2b2ba39db303d,phone_money_transfer
acb4aa5afb91338be7d87af66429ec7d,main_screen
7b9fed5a155f6b5c238c8a8b60314aa0,credit_info
56eed95ebc9e055be710e941b3ca5723,main_screen
f204e9493bb3ff6d607b13091e74df85,card_recharge
aa83fdd83894e43bbc85212027339813,own_transfer
c15ebfb5e5460677b899052fb5addb28,main_screen
a02c00a3006316ac29daf1d0270a3ddb,chat
bb96864151045085c88c578c4a483f16,statement
4f44af5e28737c09481a987d76e166a4,main_screen
ac304ec30bd858c82ce2856c46caca6b,mobile_recharge
7629ae514e609e61b7941fd6699f7bcd,credit_info
df37bf68e20c77d3a699755626d50eba,phone_money_transfer
7d0c3a95f9ccbbc00b507e55a34bd603,main_screen
36797344298077dd4f238430a4c0c706,credit_info
2b712a326350eb902b571be26deef386,main_screen
1dc6aa29036e123d56f2c68fb87ce909,card_recharge
0bdf8960acc0ed0d261221339b4f6277,main_screen
f1657575861efd2e96de67595bc84a56,main_screen
3a934976c52c2509fc38205fe80908de,credit_info
c1c9508ae9a86f858951078bf2137c5c,main_screen
742e3edcae8d48df8178704dfee4b575,main_screen
e83376b72adc608312854f49ddf386d1,main_screen
d8bb00255b829dbac4065ad10bd477a3,card2card_transfer
1cc06fbb4cdec6e0135c445aec4132f8,main_screen
cbdf47934df06513dd21954009467866,statement
52f3a462824c93c508a76cb17910ee79,main_screen
e4a4462e190fcc944a5d630d4a658c31,statement
9c73c14a9b891f2c645fe41e6af0e951,chat
437ec8af1e9e69d044c2a17cde595432,main_screen
9d7e2db7fcf7ee5fa985a651385f62f5,chat
4fa8544db017feb07c73c01404438227,statement
abdecf4b6e85268deea5085ac1fbaa2a,main_screen
4337a51e1d04eff05698d795f9d8cfa8,main_screen
e3e536aa23dfa9bcdd73e125098caf68,main_screen
f3d8fa0edac5edc944b3899c6954f130,statement
3be7fe1ae24bc1678f6f79a95f3aa3fb,statement
a87d582ab709e8eeb7051f7ce8d606fe,card2card_transfer
56273e7d7d4f114f7d40a4585921c638,main_screen
52a6f0e6309faba2a08d28e9bc4b5377,main_screen
03af4e8488f9a962587a6dee5f578095,main_screen
fa996a5e0f0bdff4b4e2d2b608d860aa,statement
ed31d4c8b30f91bedc5e5791150ca0e8,phone_money_transfer
9b487f893d96881a731f2c6cc9498e6c,credit_info
75e7536169dbe2833f1f4c187c691497,main_screen
137501c2a92848073271daf8ede001a5,card_recharge
28b8a5ae1c25de3e758b38fb2cc3a253,credit_info
c5d0f47c29091ff5662f00bbee55aaba,main_screen
699d561ac8b0ed898cab74000ef8ac9e,main_screen
42104f678c132a867c6342121bffb5f9,statement
9aed717164fa93a7ac046ff8d1cafa3e,main_screen
20067eba715cd6ce7a2b44affae110ee,main_screen
3849e652f0a74afe25fd4352d87d26ca,card_recharge
9a9371c38bc6507759b13b7eae1d6483,statement
803ee16b28daed879be6b68280fa08d0,main_screen
65ecdf4104133156547f9f7efbcfaf75,main_screen
54146709c784edda911541ba4154835c,statement
43fdac2ebd0c2016f64ab482b907b1db,main_screen
12a288861f7943ea3de03fcba108e2d7,main_screen
1904fd62b6968a56666baae5f2972cb1,main_screen
33c3226debec39df5fd82484d1b95eec,mobile_recharge
497003f0615a42aaffd863f416db1c4e,credit_info
1a6f109bacd9256a3bc34564cadbd1b0,main_screen
815d2931782d2d8b480c76f6869e63ea,statement
dfbf56615e3b08415396b886e39c9571,main_screen
4db7b571d52a5a621e1e7415fd2d85c1,main_screen
8268b3149b36d15391116309c144c6d5,statement
360c60808da4e542be32b7f1c65344a1,statement
fc541dd6c7941ea0b407224a3c8160e4,phone_money_transfer
a589efbfef387bfaca2da92ca1c933f8,statement
57e70841eb16afa6cd047d67d271fe12,credit_info
cf05cac447eb59041edaee8fd7f052ea,main_screen
55795c5163a99ce6a3c778cf1bc356bf,main_screen
0d0c1ed6bc49b4f7cab002bfc41517f3,credit_info
d1f9586808901df0569c64a487fa6f7a,main_screen
35e592e03793177608b2d6bbf8e18ac3,mobile_recharge
b508534ee0263361de0c1cee48363181,main_screen
f5cf516d0654e77740f3ea679a16f996,main_screen
c5ead3e51091641bad41b4d75440c770,main_screen
fb4b6e4ebb947992eef9000e8650aed2,main_screen
6baec6e92a7c1de7237cddeb1f0b15bb,main_screen
e26ec786ce23dca8ba610f42bb3b1d55,main_screen
66b7b206ab0e85d3ed4f15190a610c87,main_screen
60f26d62b455dc371cbb64799eb1a65c,credit_info
ba29be99918e0888951c0dee693e042d,main_screen
502183c5e06a7b735faef8a7fc3948d0,main_screen
210f024e102f4c9bf17eb81068f3a605,main_screen
22e2dbfefd4da100eaa3d8e934c7592a,statement
c414b5c1ccd819f1dab073730feac6a1,main_screen
48c5cf2e8740289f265bd1fe3def61f0,main_screen
9f07373cbbe327166891761fe03682bd,credit_info
20026b2cfac8ca44043fdb510b0cec49,main_screen
428e973dd274ce8ce31768506bbbdec0,mobile_recharge
41cb6e0eb091ad9e15e64c7c3a4e61e1,credit_info
f3e90669aed5c570c49a6db082f96b55,credit_info
77f846724b0a606844486b5afa509f4b,main_screen
d02b83ff1f426a46e378a806f38c399a,main_screen
11c52a9c01dd26816571859a912472c1,statement
5904d1e2ec50eed4d538827e7b0e53db,statement
a7c00e288d01ee167707afee59c76010,credit_info
117ca4be32bb977ec2ec319446c491c7,credit_info
5026b1b46cfa67484b85f3bb40f73aca,statement
6dc3abadbb5ddad7f389ee38e82e1d26,statement
abd0eef5aa8aa6e99522d27beba6cb59,main_screen
a54960f69196091465ab4672d98386e7,credit_info
881614cf2733863e0cee16516d9c3707,mobile_recharge
e11cd582689789208691679b3e2bee25,invest
8481272cf60eebed4d30af9a7ec6200c,main_screen
4046cfe9d6ca75c075f900792d12bf6b,phone_money_transfer
a5c1c0b825a48227339d6b27a7b47a41,main_screen
1b062821f8a86537d5b4d231f6c6ae9b,main_screen
c13f536c180993f16f4b8c0b6e60b639,main_screen
5c2ebbd7639384bd0ff02fa73218ecb3,chat
b35970df07737b57611869ef31c433b6,main_screen
687280da8573670dc2eb7f5ad9d32996,statement
85497ee5c8da39c99c42335f036e1ea1,card2card_transfer
8cb2b4459d90168502f6ea6921b1a363,mobile_recharge
8dc375aaedbdc1e9fa7f123ee0bafd93,credit_info
d984dc34b3b4c44d1fe170993bb3bd6d,credit_info
ff5102f5fe9dcfd92aea013c543b6800,card2card_transfer
3ac4f0c20194b6a1db7a1959a4bc976e,main_screen
4e4c024fce35d61d476f1d01995a767c,statement
d40918b7c31ba6021c5bc5e5c829b15b,main_screen
d93fb9b85d92a33d079c3aa45030ae2e,card2card_transfer
850b6c5ed221b09371939a4714a93b69,card2card_transfer
be47243f1ac295dbcdca552cb7ee6107,main_screen
484156c554a4e3fe10980dfd0a53836b,main_screen
0aff09ccf7eea3b4254a59b86405d71b,main_screen
91b30023854251efced12d598dbe1486,main_screen
cdeb7099266e37138088014d7ffb8cac,credit_info
656bca94b8aa3df4053366b84c2ef5a0,credit_info
01c1e51cc496913533b5ac6bb4d6accd,main_screen
96fd4767dc756340d2c5e930360ae410,main_screen
302af8a59c0a03bf4405f4724719d3f2,main_screen
779c81df1f46d22b8fa5b1b5dc25627c,card_recharge
b38e0f5cd4d4a205bcfc023c2b4d4a72,main_screen
2462e63803185171f80d785116160fe6,main_screen
a65f65285bd389740da1b2bcdbb617b6,credit_info
62227e6dfcf349e8ac82cf522de1b6a0,statement
e908f3a3d73bf76546a721af638d39c6,main_screen
3cc424c26fd59039948fc7261298032c,credit_info
e40869df66881470f0c84c461cd67afc,main_screen
5340d204bedb1d6e90e02d69e6edd1be,chat
63c1df94359f1363de6d0b27cef37442,main_screen
a3dd6714c75649605d38c563ffca8b0c,credit_info
7d65579c6778393d33688af6a22201ca,main_screen
7f14b6b6f69b8b2f1c6fcc5018973cdb,main_screen
a295017825ab9487877cade635eb4bc1,credit_info
9886881c7f4cfb6290adb04c617ceb9e,main_screen
3958173d08da473963520bd6913c041a,statement
5e07c429a684f0b3483d29fa38063cd7,credit_info
8fe68945252962c3ddeb30383234b677,main_screen
a23d2542fd5dfdbf53e342f30dba579b,credit_info
f7f482d03bd696c9174f4a9ef3181ad8,main_screen
268fa65ee5292a1e7ab546ffe41182b4,credit_info
574adf9998296e310a5bfc923e02f47e,main_screen
cdd7544f6397ea055cb660c2a2f8e135,chat
67f382e53fc4daaba5160c64fda90d82,main_screen
5dc3f324bfd17192f2eb92a9947bfedb,chat
3883ad87133c29e8e7e78035d9ec30cc,main_screen
eb868d5ce40a1156e5caee5d57da21c7,main_screen
30537d9c9a0891039da4ca11e6645789,main_screen
acbc7dc3b9f0f78edce2d65435d44c1e,statement
afa0b48b662357dc5978a0790c62c279,main_screen
64a7e02564188998bd104e12d4e01eda,main_screen
890168325950fa4ea93fbd329c3e9cc6,own_transfer
72ee43c7c4623f60d7d7da68524ee625,credit_info
15b04d96e6f6ecf9e4d265843fe3e793,credit_info
96caa07f89f62bea5eaa426bca1da383,mobile_recharge
a4d7ce79f435df8cf881f1f5a630e08c,main_screen
94e8abc59d60aa406841601008d16a97,main_screen
48f88290f0407e3d640e1403c483acba,phone_money_transfer
94608f2af1697dd27a3553fc75feca4e,main_screen
b88bdb868baa1c01088e187f2b3e2d7b,own_transfer
0e77e6581f0cb5c4dd713169eaabe80a,main_screen
e1bd3198c447bbb7a5896d402b2d8f0d,main_screen
923a3ce1a353108eb9f5948c28d23c2c,statement
602303c17d44435045f13d1f90f2787b,chat
5c4307b3d93ffb85ff49612bee78504c,main_screen
0a7694d634d2d3e9bf2d224c49df0c96,mobile_recharge
7d3f122a1c74b90f1656d194d0f30f54,chat
c143741bba83eafdd651c5c8f41d8671,credit_info
4c5a36a8a1813d23efdde33c217d1fa7,card_recharge
cbf053a2cd8e7df698122128ffe8abf3,main_screen
f5bb0554ce4e6b1a8bb047e7c8177846,main_screen
aaad0e3c7440ca1cacea33b5c88b8b67,card2card_transfer
a1f2199664e5409913cfa7158c15efd8,card_recharge
730cf97b0e63788b677b48dac8c6fc62,main_screen
cbaea46c6336a460034f718275610a99,main_screen
c8d3d7a5429070c39f8da7519df284f3,main_screen
d07d999e670f06cf8a7480cb3a801425,main_screen
efc357b3dbc0a12d92a83daf262ce38a,credit_info
5004396e51a0d726c40cb84c212a5b31,main_screen
654dae90ca68344519c536c6ce4d7086,main_screen
6bdc207a1c4810c0e1a51baeab48b452,main_screen
16c4b5ac7dbcd8e299d274e5a67dd5b9,main_screen
cf1f3871adb4148f78eabc92299b966d,main_screen
58b38fbcf077baa1971a016ba67c85aa,mobile_recharge
a610d63e3c5c6aa3c56f67db339b2d18,main_screen
91388a6f191e022fb5b400b427df23ab,credit_info
6750022cab9de76121bfd9c985ec8990,main_screen
622fb77ebfb7ace818e1437ea61ca080,main_screen
ee43135ccd9209e7a38d7ed47f8fecb8,own_transfer
77d9914c5e050dbf01729c2bd598c321,statement
14a236587454ecd2f498213a1c5e148a,credit_info
5cc976c5f5bbe57b35f69d304e4056a4,credit_info
e1ee705da0823ff7ae2f501817c74272,statement
bd54bfdb6f27de79a336af7a53c429db,statement
c4c3329f02bda5495ed6aace4aefb2bc,credit_info
d9edb020e67472c25d99b8223363b4dc,main_screen
a8891683da8cbbda25ac8f0d8eee4693,main_screen
673796a6cc6ed9da4a82f40a20c141bb,main_screen
09a494ca3592849b6d5f5e9cbc0facc1,main_screen
a358792295ca04c8c871eadb480c8442,main_screen
7d9eb0ca222d725f91784ebeb90399bc,statement
f63271c48b051be2ac6a142d140a9f4d,main_screen
8dced5e42d942304cfaebf7a0df4e2f2,statement
b24c0aa77f8235ae4b752986581b30af,credit_info
7e23fbf4eaab9a02f5ff529926c97aff,main_screen
75100769794065a32e5d8dc0924cc803,main_screen
9cdfdc61d0618b6ab2a8887aa21f0b02,main_screen
3a74320bbe87a6eb270627d26cc33184,credit_info
f15f80118857f28323f67755c4eb013c,main_screen
49b4c918bb27d780bb01aa97b7b86ff0,main_screen
168fd2cb2ec341cbc83f49645ec856d6,credit_info
e0006fd7c5e7d22d32ad7176214f032e,main_screen
23225432e8f8ac766b294b79a7d71edb,card_recharge
3311404039021a909f9073bf87096e3b,main_screen
ada555ed06c16d064c1d2d4c0642cbed,main_screen
db96315d099ced0f5c1b0bef9a90350f,statement
347139f1367af908113250f52a9ae492,statement
ff8a011a7a17264722f019596a93acbe,statement
0567145229d567539c78b0b66a913720,statement
b0904f8745f140f9b7280db5371368bf,own_transfer
b618ea4a833daa762f2750dfd8253ded,main_screen
1fcfbf024220ed554880235741679353,main_screen
3198dd9d67539041f436a86c8026c1be,mobile_recharge
30e932209f2ec8c9785eff41df2c6281,main_screen
555ed859217d1b9b344947ca934964fa,main_screen
82458cd8f018ac823d806548b90ce1e1,credit_info
ea664ea4d68b61fd92d214d87b0050a9,statement
a64f34430496dbe291ffe110d65ea7e5,main_screen
f8a0b65652fc13e6ba3e61485f01d59e,main_screen
074fd6bb84c493db26261d5412ca063b,main_screen
6828aa91ae6ae0b670a9db002c4239d9,main_screen
d86557ec4e5561ff787ee71bef7338e0,main_screen
d6bc17ba2dbccb3ece28d42f31937b84,main_screen
f23604c4691d066ec4db9d2789382ec6,phone_money_transfer
bc82f39588883f2e6f99692469bd3a32,card_recharge
cb9c39d65460b78d07d0d953917dd892,statement
61aeb056a000d5332a8ae82e40f16a0a,statement
e23ee62741ba1791e74792099381d284,phone_money_transfer
4c61d8ea22e6bcf64e6d6de2480e4a1c,statement
fd80a86769f10c25d52e9235167e9a7f,main_screen
46ccf2055e302d00b63807376c8c7178,credit_info
9acae4600c57021e6461cc92a11d9683,main_screen
ab56dfafef81f74bf06d0e706f0e9f60,main_screen
4efb3d4b0389d664c9f5b1e01aad3bb4,main_screen
f8c9ff41bbde9454dfd29d443d894cc4,main_screen
cf23032e6844ef29a5a5531091e7dffa,main_screen
903bac0afdd5e5cd70d98c2a5487d5f6,main_screen
45ff2343817f14c4d698415bdc54f4c4,mobile_recharge
c2b0190f2adeaa391a75b588bc7d0639,statement
29c665a56b4c327401f8cfa2d91dc94c,main_screen
909231e6e30110be1aac321f69a0c8e3,main_screen
3e71a8ef50dd862aa41f3506252dbe3f,statement
908e90723fe8f857bc384223925f6f63,main_screen
c95e99d3ecf73eb28e853f3a8d6ee719,main_screen
ab1d37f0f850a550d82759a03bf22e9d,credit_info
0b4dd86a0f5a25939439c742cab7d9fe,statement
644dbad1affc72da2827f7f823e604da,main_screen
2edb7906856290d35db7be5b01059672,statement
f2f2f4d73cb2e315c266993d896ef680,main_screen
c1caa9b5c7cfd5b4d28a814c48245611,card2card_transfer
e67fb7ba43c93e01b6cd03d12b8a85f7,main_screen
84dee403896a37246e4165b33b931ba1,statement
d93e13d9f0b4461e845d1f1bcf5a143a,statement
df43dbc72083bfe5fe8c6cf1c84eaaf3,main_screen
cde87705a2c6834111d565d53bfd5654,card2card_transfer
bd7b9c585b73e055fc073742b6c80b9b,main_screen
b0ffe316534c37e09a488b1bac24cfe4,main_screen
f0867f38be3cfb02322ec4c819d9e870,main_screen
0e52bc4b7c06cbc1cf27ce14c1c3747a,credit_info
313bafdd6c3b28afb9115b41c03d1b28,credit_info
40c130846570ee6052b6a007b2a04a45,main_screen
ff075121b38e9dabca14691650febc04,main_screen
733f38f7ef711f5ca4ce9abf475e3bcb,chat
8ac6fbd741ec04570cb4a10ad2c9f388,chat
234e36ed9ecdeadc6fb55e7121d43897,credit_info
0e7a4eaac8fc5c5ad3364ccc291de392,credit_info
82d94bd8544732d8ebb12e6326ed58bb,statement
664dafab7ac3c07a0ad2314753a50e4b,own_transfer
17bd0093a735a7992288ac3f6643a9f0,chat
88fbe9b12e1f3006e4fe51fd56d1dc02,card_recharge
b87a9e61d3bfc276445efe47afbba2b7,credit_info
a96483ce87a21a9a7182f513d66bb02f,statement
ac0475be2d1696c16a425ccb5ad05861,main_screen
88643fa1cf9a5661ffbb23a52be9085b,main_screen
2881d62a2f5dd2161a479c831dce1dcc,statement
31d6e9577d49f8950c8e53af82836b34,statement
87928724472c49faca3663ec1c31002d,statement
f719e684bf2be4988234397c5ea4cbb5,chat
259c72a4528199840383042875318a66,invest
e5f39eda83a1b30fb7dd075d6f17cb11,main_screen
cd5e48e26f8005b0d9efba98142c8d2b,main_screen
136d2ddaeaeab282ccd5330ed27fd724,main_screen
233f3db2a2d9a1a2343ef80d4a9d8cb2,chat
b2c7b53a33476ee50aa5e9c5ff248eac,statement
e73d52e6771b87d8b705d240cab22eb2,main_screen
3764172aed0d6d9b5b3357bd4b2f4419,card_recharge
121b84c1eea3b4b4ccc7495070bbcb42,statement
f7569bf981b1b61fddf1066212665ea1,main_screen
bc5a3499fde28a022d3cba940dc044c7,main_screen
4692d73eb7bfb1f6fb00b9e95e826e19,credit_info
d4aabb6c35e1521e6753ba700dc0773f,main_screen
293caf834df296f23ba96589ca29c11c,main_screen
3470bb276b7f4f9d0b257f52f2c7c7a5,mobile_recharge
b5614810703ad2af679de0cb048eddba,statement
00e074e2cfbf5c31d7e14446247a84ad,phone_money_transfer
c58d48d5a6e1fabbb569d4555e305b4b,own_transfer
9791503084da02a7a74be4d425575290,main_screen
c2864d5ec2c905b1bb806b6883c61567,main_screen
01599ee355adde96dd31acad6bd306ee,main_screen
a65ccc5ba6aff4a3fc62d3bdf9a4e356,main_screen
91f0907bf4120da5a866fd8e0a87b48b,main_screen
87f205f73e5da1736d58050788f3e3c3,main_screen
7d48cf35531a5e5ebdba19fbfc1ddcce,credit_info
6bf58b07e50cb121ec45d47346317aff,main_screen
d67972e911723817c7d0bc45549f4e51,card2card_transfer
f15bfc5ce3f604f7c070e3f6419fe83e,credit_info
297c2541974d4876de529c70069108a5,main_screen
909fbaec11af14adeb7c64d19630b5cb,credit_info
4dc6ccefad4c6ee60b2ec27f682da8ee,main_screen
cfaa82b46a7ecb2dbc7e3139161c8440,credit_info
33aa68fb5dee0caabaad2024116bf5b1,card_recharge
b4fcf4bc098b0368fad03f909e9e202e,main_screen
3b1ce61f4b15a3a1f125772d2c09bfbc,own_transfer
e95da166548351309dbe574dda8757e8,card2card_transfer
afc09d5a36b41a78cfa2adb816b702d5,main_screen
d1b8a2573f8d5302736a30416aa06e71,chat
1fb5d9e3d0edc5ab335927f4b7f56a70,chat
6c6cafbed5dfcabe0a28c866ea8faba1,main_screen
4d5fae5b314c48c3562fa1eedd8e53c1,credit_info
4d3008039750901a14491c3eae86ae41,statement
c0baeee7e75e792f32c75bea449e77ba,mobile_recharge
9d60a57a5e3757654d79f6be3bfade75,main_screen
a5954edefe02c9f4bab2652622067c32,statement
81c96944e2333bf57892537b22be2ad7,credit_info
259cbf72617ac1ce9812608584c1899b,credit_info
82a1bd7112275eaf031512c298f56880,credit_info
483df2ddeab2b6e61836e8c011516400,credit_info
a1aaa7df70c04b86b3f31c7c380b96d8,card_recharge
b75b7bae4c3595153b7003e8ea09364b,main_screen
f8c43ecc51b5a0ba8092fb4890325cf8,statement
38c4e246488e3b1c75ddb907b3070a60,credit_info
b6a5a6286471644b06d93f80e84f25df,main_screen
a085930b820af23a8b9bdf7553b45377,credit_info
fd09ab55f4d1f3eb1f14bf5db5b79b3a,own_transfer
0c62bf74d44f53e69337efd63972da0f,statement
a5274431b4af81e55bc4f87d838728cd,statement
51cf1daae4dc4df95951c385128d7eb6,main_screen
628ec8750080ea88edf27d12dc04679d,main_screen
d2e893d5eee0db9bf48df43ac3de57a0,phone_money_transfer
b65200a85dfac7c08b818ecaf829233f,card_recharge
0ba58a7d85caea11e4810f584b6e27d6,chat
052f0e08dbcd885ad0ed3c7c746ea34b,main_screen
72b19587abc99e6f18a3916f79040bda,own_transfer
da139416fd3ac1d3e80e3fc3b6d4821b,main_screen
dc8082824b7d82591594497a54162859,statement
aa5b677485d089b0527b7b9cdf1f0395,own_transfer
113d2830d2a63b10908172cb2f566a18,main_screen
52b86dc39249e7da91396e2b3f2da5ff,chat
bc4fb95c945f29ab024c467d11df6180,phone_money_transfer
f80d9d45f599db943c2888bff3c9d45c,main_screen
d0c420c26e80d5d04849fcaae60d2d9d,chat
a97469e0f80c92243ce6ce794132e9c2,own_transfer
f9950fbb10523bafcdddc3c9baf924b0,card2card_transfer
57a07887e609d7863d8639ae6bdb0a5e,card_recharge
5199ebaa67b6296f8993d4b8809d5fd0,main_screen
422e23743f8e7d789d8c803a8574e454,main_screen
5138989144b6e875d543ff1412b820e6,statement
de20aca43a537488895cb7cfdcd4a65f,credit_info
fd48b78491ead0896dad5ea6f43a7229,main_screen
4776ec66ba4565d257025a827dc6fa58,credit_info
a6f82c36b4ab8a369483b18bc6103649,credit_info
f7e3732937208dff22db05d7059306fc,main_screen
749bb6b5ec122e40c2d5a14ec3932e45,statement
1b1e63441b051fe683bcdbe111a692cb,main_screen
75e094b2a852ed2129117989169d37c4,statement
1906b12f213b788222a100685974fc6a,statement
62ebcb6e300265ef3605eef487f5160a,main_screen
17178974b5cacaeef45e9d9d3bf56501,main_screen
f26fe0be409dd8814292b49f78371247,main_screen
a177d7a350b4c1ae6309e0dcd7f7cd8d,main_screen
17620628c71f85d95f521bc9dd54feed,main_screen
5e4725d684bffa291f42465de36ddf07,phone_money_transfer
b5582f8998b967ebcd68124e77bec1d3,main_screen
4c567c56056a737adb4dc547d1320ba8,phone_money_transfer
fb943207e951354c8e625f03433d0e93,chat
bf4c635f3ada3f32bc39dcf4e2d9333e,statement
19a79e1452c0b1d2251baa6f9b3a034a,main_screen
fd2d85c3efe3dd9042aabf160b3edd9c,main_screen
502464370344a6a6cf858bdfde264978,main_screen
efdf954a18eb8e0f5fff93601bb52796,phone_money_transfer
e6dab3ee28e2066c78371bed885b765a,own_transfer
f92f69647979e29fb3b5b9fb443b7cc2,main_screen
f15ee199219b504585b70ffccc15a581,phone_money_transfer
f11fdf175ccae6b5a0617327ae9fecb4,statement
19ef948e70dbaf3745b7acdc80ce4d27,card2card_transfer
212680b373f7f1822ca04096cb968976,credit_info
9be494f63752d0afac1692b31afe8d4f,main_screen
cd54d6593391e07b1ac7c96930829367,credit_info
b845da85d64ea290a3c478f4021481bc,chat
a068045d6a1a5f4c7265f84f5b31d310,chat
557091b06a618bb4281fb657b977cf00,main_screen
2f9a78aa47b5aaf6f724003caf673cf5,main_screen
a7c8eaccef5138e7cc3357a247a9f330,main_screen
d0c27dd89ac93216bbdefb9b498bf909,statement
300d4a0551929a2511f5f05d1828740a,main_screen
bfa2a92c76dcfdee29fb9fbb431ed623,statement
9e81c6d4349dc3d8210da94e5cf0829c,main_screen
9811511cafe089eb278a1d2dcc64d15e,card_recharge
f6a578c682ea5d217ed95f69f301ef0c,card_recharge
ec7bfe88dbb2d07f1bc671361ca0c3ed,main_screen
f506a311302384890231530b8c529da3,main_screen
5a0e20a6bdd18d7fe462871bb760dffb,main_screen
b61544a566656843ab13126b577d7f8a,main_screen
9368fccb351e603c114d531f0c729180,card_recharge
c45c71646c6e61ec2a092f1939d9c05e,main_screen
b971945a1143447f214e73bc7964c59f,main_screen
89191a8f8f3bb26ab53da6c6465e50ca,statement
e61f4a911f8aab2afff5cd1a37e0dca5,main_screen
0b917c9e37fe0b2936945d1dec5e4369,main_screen
8bc0113b2cbe0cb0e25a6c1637a4b0aa,mobile_recharge
38c7d58534a932ab6e312a5943699d6e,card_recharge
7ab0ebb94939f66064c0af3271df42a9,statement
045b4bd4e9c97883c5991000f5f6054b,chat
f1316c8fa3e1294743b824e8ff291ad4,invest
09804e5e7058e6cc626411f80af331f7,card2card_transfer
11538c7980e0f51665135c3d6034e041,main_screen
dc9fc7897c119e7513e8ebcdee12f27a,main_screen
fa8f2ab5d8ca9d3ef0c47d634d4e9c5c,credit_info
8c6cb4cce2d0479bcb182051b627cd9f,credit_info
ff900c07738640fdab25083c993bd867,statement
b09a6e2841dde23a37ccc7014bc69e95,main_screen
663b4d9838de561e2c8753ab30cba696,own_transfer
13d30005fa35cbed238b7680b16ae34b,statement
ec21840442ec07e979ad7cfb46608cb9,mobile_recharge
2572c66a2523cb1df5bc999a0d6028bf,main_screen
923135fbd42a1f509a7f005e0e3b19cb,main_screen
d07cc9e3c68027bb5fbd4dd5f7ac725b,main_screen
32a485903c60ec11a8887831a079ed13,card_recharge
184e1f9f8b086f28ba73263108fed67e,credit_info
14b68a89c6a62ad38352d2fb95d38d82,main_screen
d5045be25cd2642e7060dc3103bebee6,statement
c7192e4fff643c66d3aeff66e2ed5046,main_screen
b9a16f6846a229d41c4808c1458f6ac7,mobile_recharge
8e79cccf8bd2402b9dab59e8cb06a4dd,main_screen
75a341d9fc3e288c907b0ac24007300a,main_screen
5bcc7a3577ebd83029ad698d658b7961,main_screen
24c260f353d0a3183782af121ed5584b,main_screen
1b8a5aecf7471e4c333bbbae51648e71,credit_info
ed3dd5c0c27d06be68fb701e96321f42,chat
90ac9b9c761dd58f926c7adb38821200,statement
3fc516cf0a8bc4acb15e8f1f317e64ee,statement
65e8dfbdc6eadc1b99ce000450016cdb,main_screen
f32954dd479004c7620955532d909021,statement
6299a03e48ac6bf96df1e37f8aac4500,main_screen
c4782604b040fcbd17452b542974dd6c,credit_info
bfc6b5889c986e19ca72cbdc3edb72bc,credit_info
43c24b4ce3817469ec7062e090dbcc0e,statement
837aeba7ca141ef52dbee8ee07d4b51b,main_screen
dabbd0e9f973e23c077e13101b7efd73,credit_info
3422187af86c05227b7eb82a224dc2ff,main_screen
4462f84ee933dd176a36911b83011641,card2card_transfer
d999246e847b89b5cc5ded17c631ecdd,card_recharge
38b186f56345bca22521a1e0d201b658,credit_info
d092a6c041a9df6586b160fe3118d675,credit_info
3acfbe8814d41032f9f4a105dcbfa169,credit_info
560f159b9586d4d68614228f6c7f2544,phone_money_transfer
b58c2c683899ce229d434e0d514b9b8d,credit_info
0c6fe58049811d462b0a9f519a6ac09a,statement
ac9bd23e286434ae61493c7a90a652e2,credit_info
8978e0f18ff8aec101eff4d9d45f1626,main_screen
93e4c9b2de713ec8dc2b89ab56c91cb0,phone_money_transfer
eccf4ac57abf1b9090fbf1f2bf48a79d,statement
7715b6af7372365b3bae17d274a5d4bf,main_screen
2712aaf966da0d62f928d59f3fd71c04,own_transfer
8ba7c231cf048f746d70a18a400efabc,statement
37f95dab582391fbe85c2188f73fa686,main_screen
0a007a2a41515e15a1131b6a06083d33,statement
61fdf7e7243d7d5ce6d39b630d395c04,credit_info
e2e40c6574a7c7b29f477ebb6836d0eb,main_screen
d5be22382591397a07034bd0677bb0ef,mobile_recharge
d511882d341180ab81fb6a8056d886e5,main_screen
fbe0a30d5e573bae002edb35acf09c1d,phone_money_transfer
7027624b2103d6b13e71b46cf7dbd938,own_transfer
558db615d0ddc68a9e8d4d7f516124aa,main_screen
a75985b3896f70a7c42ebfae56b94e08,main_screen
7b40992243d3aea151bbad4a3d0d5432,main_screen
0c2c473c5145ebcee58b4dbf0573f39c,main_screen
64a44c0560c3ff3a3c053d25e537250f,main_screen
d97347f4176292cc7d4178e93d5d730e,main_screen
47a72f385db6bfbf92e604024999bf75,mobile_recharge
4cec3246cf3d456ae82a64e72956ed15,main_screen
82d611238dda03fd118a661dc6520a8b,main_screen
efe52dc845e3f5a568e10404197f06b8,mobile_recharge
99e40c75492f8ba419cfde42c5df3d00,main_screen
fa19fe571d0f882b7904e674ed82778a,own_transfer
409ae13009492ac0212b7bbaef500849,main_screen
e5129fbca04eda336fb717d30bf9fdec,main_screen
f7b2ece23003aba08f0ef0330b50ee41,main_screen
b4b981e6fd424c737793a8fb1f91db4e,main_screen
f2c26dbe86b267d22f8812004b864474,credit_info
ac6ddb2891f0dff8e31fbda5073d37b7,invest
813821b8de743f579386dcfc5e38678f,main_screen
a876b107a391fa4b4713c64ca06d47bf,main_screen
ba7fd7d5b4e17acc9fb1214ff6a435bd,own_transfer
e3fdd1c594eba56bd0a04e93931d9b0a,main_screen
7defb76e75cfe6f74fc34cdfd1fd636a,main_screen
b9e3c9798548d8735d1574dbb5f68789,main_screen
c2c8cf639d4413d124f0789b1a354245,main_screen
40c9c526a07348bd7e1e682a0f4f082f,card_recharge
ebb16377f45286c2a313b72c84eb8863,mobile_recharge
869dac5e42c94f7cf70c5a549cc8e8f0,main_screen
7358d8e9954b5071d1edd9bbd6959ebc,card_recharge
a2df69e48b4850e082e1125c262bd8ee,statement
e228f5c6fda7d26d60bc0ff46f3074a9,main_screen
e5e1d04fe1fa176bf3e97047c9a27138,main_screen
938b9e02acf8d2b584039da3a345ad8b,main_screen
1cc3996687d87864d8a198e535e38c00,main_screen
eee902330019535c080e4af5a8eca47d,main_screen
44da222d64675a29a5eb5054f85f6cc3,credit_info
b2a8746dc87ba41bde752670f0280224,own_transfer
9238e149ac6f12476be21137efd7e11a,main_screen
94f1291eb06211123b3ee5f9e64916de,main_screen
b3830ccee310d59db32dc7085624294d,card_recharge
bf55f6218a21e41db14ef6b37873fc3a,chat
6546d1d10e673543ca36c8a38ed018c9,card_recharge
e1ea34c2cce9c6dfb37944a955910381,main_screen
ad8885281216480ad3b2facaa4fb16ee,credit_info
9241fba3a01fd458b0c44dcb1bf410cc,credit_info
d191581f9bd9363c28868f126a3f131b,credit_info
ec7f13055d3187a0d1722ea0eb7a21a5,main_screen
e462b552171ca88cd22701dce5b76e37,main_screen
cf2bff31be6a4de2f9254f422d304e0b,statement
ebf2d0bf44a648e4ce6abaa7387383d0,main_screen
73b359ff1c91dba71251c6d2636217f2,chat
c69652d43bd9e243fbaa86fee3f70bff,main_screen
1004712c5228ecfd5c8b662e4fe7655a,main_screen
99461960c28fa50fc402daf497786c4f,main_screen
1aa2e3dc85dde34162562ea7532ef574,statement
7dcade2f1b32ef414e70041843c5724d,card_recharge
399104ca062bad95045088cb66da34a1,credit_info
a977750f191ef66a380fc6b7c50609bb,statement
31721942b0e9f7c7e26e8019449e013a,main_screen
419f4eb8ff5d2642b82e9e91b8f87bae,main_screen
9fa093ad3a534f755264ae17cca6a821,card2card_transfer
dbdc1786381d37dcfa6978805ccce5b6,card_recharge
44219dad59ae5ffc90f2b2b74b443ea1,invest
5613dd1c8b9948c5d97e92c500f73ba2,statement
158442398c354a1f73986ce01632b10c,main_screen
b7c6d8156ab2480175af2409af9878a3,credit_info
0352a743376bd52a2533f56baefb33d8,main_screen
0e4cf68ef8719c1660fcea35c7de6fa8,card2card_transfer
42cf10ec2137f92e42a3ff2e4fdb814a,main_screen
fac4532f957622fc6a90ce02a45bc71b,mobile_recharge
38ebcd0142d276adfa7df521e4e6f22e,statement
85ae4f09926dc7b15430697a88f72c72,statement
736783c6b851b3da48d5c5c124a08e09,own_transfer
4b68feb527c52af3634930d3116fd640,credit_info
31d1058844d4e980d94d492d4e00a7ce,main_screen
c0ec145206a27972012f09ac8c697cf7,credit_info
b3e4df93773fde60128e660f6d4a740c,phone_money_transfer
551d4805823e103fee496dfaff150b48,main_screen
1121937b3569fd133fd99be9645ca77b,main_screen
aeedd27e0629567871fc998ed66cbf97,statement
6e00e8202ff46ae5f9ef037857944324,credit_info
7b8b4396892e997dbbfc64665698d978,mobile_recharge
af4d16fdceba7409c2a748a41f20791f,statement
f3efb2f5d6c8af9dd08c10f20a57c730,main_screen
9aa9350f5eaec45c5787eaccea8bc748,main_screen
a5204b0da842437c4e11f9017dacf795,main_screen
ec5d58360969fce0355104500573418c,credit_info
bcd82fb1ff9b3e45e5fe423353f05b07,main_screen
7da3d74b2abe2bdb0895f92914546fbf,card_recharge
4876083c04b31be60fa51567d86384ea,statement
6a82cfad0d77df7f2570d7b09ec90fbb,main_screen
fa166e310fb478f2858f6416d455e33b,main_screen
caad75a30e11aa81f7efbf346c0c311b,invest
fce7084c6e8920e1906722231a16cb62,own_transfer
ed08edf02798c6d970dc0bc0cb8faf22,card_recharge
6ef3ecde833e2d6a75c89b24dc4031d6,main_screen
3515778d98a473836f50e8798495fc93,main_screen
17a781dab004435f855f60fa8941c27d,main_screen
896a7c8f102d16876633896037fd1b1b,chat
a7916bc12c1acc0f965ba97f3c12f202,main_screen
ad8c9798e3d06ef8f6115d6dfb1bc2bf,main_screen
e48994f17b74045cea7876d1c1b1ae73,card_recharge
73c6d4fa0380bfb9166ad6f229270e00,card_recharge
b9afbe19f20190454ff60bcdb5079d9a,statement
67e3cebea6a555bfb2580fbe6c48ab5d,statement
19b680dec62f2bf4836deffbd0d25a5c,main_screen
abba8e265014e5faeaaae86721c9dc0a,credit_info
47b34e8cdf76bd6ced5042f7cf75b964,credit_info
81ab8268c55417bc8c776bad9427407a,mobile_recharge
a93806121edd81882cc0529a30792a29,main_screen
0654fb2fe67a8503add37c87825aebf8,main_screen
0366d5ed16c3f0c4b9662fc11a01acc4,chat
49de97aa7f5c2aca5c977a7545346afb,main_screen
17d0d30b409110bb01f158d7a9395dc8,own_transfer
e43b360fb311c0a35c65ef9d97c26532,main_screen
94733cd666eaf2a32257545a53ce0cda,chat
eebf69c9f1fb5822f15cdd9ef30ec9a1,credit_info
930a7ef9ed9dbe89790e30a7c22625be,main_screen
cf8677dec17168c54e92e26e7237f008,own_transfer
a52d1c74f877efdb4eef5c4a503b5353,main_screen
d4fbbc816919e41e6b22d5d3385c9f7b,main_screen
628f7cbde1a2674a50ab709efd9c79c5,main_screen
8c0dd413afdd5888bfe639c9aeeb8d98,card_recharge
4222d66ea55764a75e9a1c6a2cdd7be1,main_screen
44254ec51025a636dd840560b2b270f7,main_screen
91dacfca06c472370ba4f6905e8440c7,main_screen
63131ec6b8632cd6d9c532ae52242fff,main_screen
5804cf32c2f4e4d07c73fd85cfadf3b9,main_screen
4b89241041cf1a3ba000ba13fcbe90b8,own_transfer
3e6904ec412bb795d89f59eef5d21bf2,statement
70441d254b6d215458ad8f0e63068760,main_screen
38cd9b3ad8e7525a1ba17efb17f1bdb0,own_transfer
f37f4a7c350cabde0e22715222145b43,main_screen
000033b6509acd1c8eb0d06ebd2e1de9,main_screen
1d3949794c34c03c9cda116a869b5fbf,main_screen
0d399d7a3911d4412147df999b36fbee,main_screen
39d0581ec390d712139b8a01e104e2a1,main_screen
f976784a510adbbe632ab3a79caf5b4b,main_screen
925f419eeddfd8808845785626a0e8a2,phone_money_transfer
b7c50788d8c8a92cda0f7913980931a8,main_screen
312ccafd153c9f8de0243828bb852601,main_screen
445d235eb1d96da27927519c7127d705,main_screen
9a63334236182580001a2ecc3a4728b2,credit_info
e7bc4dcadf2181ca42f799b994b9866f,main_screen
4fa5b9f4f9a7b24a5b0f2689bbcfa328,credit_info
73bc9f007d19b60fe67c57363f414222,main_screen
20a24677ad2c9b2ff83314b056a3b1c6,statement
ea220a9de77eb0ad3c3e67dfd4feec92,main_screen
abf37dcdc6453b896aeea38664e0013b,credit_info
da3ba6dd301b38a3f8498589897addb1,statement
e02af9ee8ec8ed6c6a4567b6798deefc,main_screen
74808dea444b7501050adbf974d56baa,statement
f381cde72fdf965683aa3499c944d5bf,main_screen
d5993126a56b44161167b7696a147f77,chat
3927e5d6f76503b4b949d1e2c6ba1e6b,main_screen
649c4af7cdb9496e734dc2ab54e173c1,main_screen
98e05535cabed038c331da2cd6f16546,main_screen
afd48d7771e53c9b74d2a8b7edd2ba9b,main_screen
62036b05de7425ef546a8118e3409e8b,main_screen
e50991dab0395e0593573de23979edee,credit_info
bc1a2635b37052aee6734cd017413793,main_screen
75ad696b505b2cb7cb63c5d0eff206f1,own_transfer
fda67727440d0934f0ba8f21c9e11e1d,main_screen
604d4974bcd778aaa13e935554d4fe30,main_screen
efe08923c8bd65a4846b99607e6a8c7f,statement
fa924657917ea80feafd14c73d9028d1,main_screen
8110a2286bc36d886f6bfa25d8e5e9aa,main_screen
2960f3b415bb6f3c2b5440f736293668,main_screen
d70bdf25148a5f70f78f154e9f74c464,credit_info
e4d9043408e7363671efb7c428c8a02a,credit_info
e20285602781bfd89eb4f7e6bafbc1b7,credit_info
9cee9ea9bfc1bdc4ffe931f4d5278698,main_screen
f8b034b719aa95f64dc08569220cd254,own_transfer
c8aeb12db5cf83ba3386b650208b7d4f,main_screen
5bc7c94aef7d7069df02d842a9066cf2,own_transfer
85ded2ca221a2f071725a0d9d87a77c5,own_transfer
652a490504111072705e4e0f013862c4,main_screen
066c1c4e7f86af819f0e8991a23f0101,main_screen
27575c8c0b5f6ef8416811c1b72652b7,card_recharge
05a2530884677b7618dc1847049dfd70,statement
4fd9e4d1185746b7a2890ebd93376fe3,statement
573a0fdaed6e676da602b2e9b29bfc39,main_screen
498f057b546f7f5cb584971cd0bf715e,statement
80e8aae95daab402a4a920bbbd165020,main_screen
9d81659bd9cca30fcd1cd21f5977d6fa,own_transfer
80f1170397096bfc21fbf6c00b42dad6,main_screen
adb68125890d71c0bbd24050b03c95fd,chat
622a2405db459894b7efd85ea7b94b24,statement
2e5e684943c8211888fda361d46e7563,own_transfer
f53b8a83c6e8c064f85d1de484157b5e,main_screen
6414609f58229111be878cbc5b52cad5,statement
eca822a4fd75287071ec4a8475c3601e,main_screen
b17cc0a6433d8ff7ab30f6d3805d59b2,main_screen
f4a589ea3501275bc17d4afdd1303558,card2card_transfer
d39c34b9b32973f6d6b01847fe5aeca5,credit_info
ac1ca3fa678271fccf2c4f1d1868b129,main_screen
c9762b57423ef3d252dd5f268ae38db0,main_screen
47a25fed46abc48255e9a1fa46dbe2cc,mobile_recharge
d746e369bd765c03e271be2ddb3ac808,card2card_transfer
75a91726acb599fb3cb559d90d4e71cb,credit_info
4026b409878c2dc50dbbdcdd92f923d9,main_screen
9d30edb7b51086d1117aed53e517003b,main_screen
29f72343bac5a88e10396c6c858245d2,main_screen
9559d618dfe2825597a2c23356afd688,statement
a4988ee6b190927c9f6dcf1392b1c9e4,credit_info
89d713b45af6ff613ee529130d651a8a,credit_info
03a9ba32d4b0c54d6d6ebea047c3d443,main_screen
852d1450c86253a5579f149b631c85c0,own_transfer
40ecd3881020b32ad8caa28325f7e08b,main_screen
bbf8c538f0c2a5553f79105dd39b1c28,main_screen
8084529c1f9afb958ec88e6a403c4562,main_screen
ec4d84610255e2c65e1e0d196d0d85aa,phone_money_transfer
d383f13e23684dfcf5a506a78a4b345c,main_screen
8ed2f04b7554256416967a4976516fb7,main_screen
fb7dc4d6b07807681a62a652f982bc0e,main_screen
d914a2fff912b5ed279ce6860ab0d496,statement
99b012b167fcb9a7e07f4a6ada45d5d1,mobile_recharge
a21ee4892a54cce0bbc6fb8551461a38,main_screen
24f5943e5e3e46d058d07a28ed58ace2,main_screen
cf244152f2104b4b65d6ff0443bd6e52,own_transfer
029c18cdb2cae4c034d25cffc9b356e7,main_screen
3789fd7a6b6b4aacf0ea97e3d55c4c20,main_screen
61bfbda6541964c82c55c9ec351d4c99,card2card_transfer
7d83f6cda7daa0aadad3b5733d233248,card2card_transfer
b10514ac8dd6e623dac05332fe064cae,main_screen
ca4b1e60fc4bb913139258ec81c03608,statement
f611219d6b074ac0e8e0c77efc720195,credit_info
6af0927e325a0c1228e105d819807138,main_screen
c50e9ac5dfb2d921b67ef4d887a7fdc1,card2card_transfer
6449fbc830b49e0c5fad5a10a31bf961,main_screen
a1a5c2ff9e5c2c2d3ce30474487c1926,main_screen
794465bb05d503c3fb6d49dbd1986c92,statement
799b6d2e406d52894966008190d163ff,main_screen
9a42e4cdde25f8d165b322654d689a5f,main_screen
7417d888f57a02480fc3d26f35cbe98b,main_screen
cec70faa03aca69abb88371fae253ef5,chat
1fba00419c95335a3c239d253ae9b410,main_screen
f8c6571b863eb9c3cab329e014c1e966,main_screen
3cdf1eb8c2819ac37713cb84c4180810,mobile_recharge
7345f049e56e77ff3eae5cc049dcd287,main_screen
71526760d9bd58a14eb4c027c026e7d5,main_screen
38a91ce88e1969f997cb3c50ed28598c,statement
71874756ee76e033d8934ef140ce3a7a,main_screen
f7e40893c9875291b2749b2639c08030,main_screen
2fdd4780d6e21305c594d4f3635b3448,main_screen
86182339acba45b9ee38118f312b32cd,main_screen
43c1317fad8b1e427d1130f38e7ca735,credit_info
ebc106e5eec058cfcac5d064250e3104,card_recharge
dd776303901081508e9f71195aa99ce6,main_screen
53cd677b93df551ba01bebb0ec1b6045,credit_info
da0f2da336ad7be301b7fb5aba37b234,own_transfer
a7697451dc25b3c87b729152b6f5d6db,chat
c17e8d5784b7302ab403570c6868acb7,main_screen
10fd0bdeed1e8998fcba513b75fb0c70,main_screen
a72cd7fa67a79cc98eaba2010dc22419,main_screen
e9ff7064926beab9e42ea606a0a12627,main_screen
6b359868bd22dfc297bc68d4e7954a55,main_screen
7cfb93e8f4009da530ed848c04d2f59d,main_screen
a91f8281950387e75e765ac96d055386,main_screen
289e913f31845bb11b4611285574a8e0,main_screen
41d8b68c2df70ac9374f6e2f7c5fb582,own_transfer
e3474fb5b75436ff4fee597ab317fd30,chat
fc0c85c25dec571bd03ea1b39dde6837,main_screen
24678396d260742f6ec23f1f47fccb7a,mobile_recharge
2b2650582537dafd48fa136dd66e0900,main_screen
5fe4cad6e410ac5a383cef5ea97b26c8,card_recharge
4f35556da804ef29ddac7aab3e92dbb6,card2card_transfer
ba75d44284fe8c23c6ad7e3de1bf474c,main_screen
ad4590b5ab197b031243f2ddc88b19b9,mobile_recharge
59b614d6d48c4a1ca63a9312148ac457,main_screen
e47b41a54250791e34d1d8c1e65b6b0c,main_screen
917907cc5b4cdd47e15945baaef85638,main_screen
eb887ebd5a28eca77c41885c61d388e3,main_screen
e2223c510eecf892363a5f253ac5a479,main_screen
e52fedac39c5110d6f6d0c6ce081be62,phone_money_transfer
c3e2431e47a20b3fe6a7a9a9e287f2c3,credit_info
ec5fa31aa962aa9dcef4ee672bdfa0cf,main_screen
78bacb010054b03e550adaa357791745,statement
bba6254ed4d2dcce4edfa4403bad3704,main_screen
2a6e857a4c82c1d6e6bcc4b2aff8d753,own_transfer
8fc3a9774494d5b8dfdfe7c1f2805900,credit_info
8b6bd5b299224d736a73aa3babec7c3a,main_screen
48595ce488dc9cc3e2e2acd3f5cca0f9,card_recharge
112f9aeff88f175f321f92aef9ef68d6,card_recharge
1a5dc4ed5e3f325cd6b19f5c4c6c5a58,statement
5e8096f4a8456fc30796a8ef0ad7af44,chat
c52b6ca65a138de467317a3881862447,credit_info
45f98e72dbaf2505952ceb4ceb5c7a84,main_screen
ffac8332facc3dcc16ec4e39ba926008,main_screen
386f1150858c99c054fbdbd360261855,chat
95775684cd5db092cd9e73c9523565cf,own_transfer
86ef07e2a12b97ed0396e4820374bb65,chat
d8906d1d9b3f7ae6e7f4485c673b580b,credit_info
e75968802b6222d07c6da48a5a9229a7,credit_info
ad4293351afd58f683029a3a3e5bec4d,main_screen
2af56a06be68258ad36d9a5800fe9331,main_screen
43fb9a01b74c9121778c2e8ebb5e6bad,statement
4ca7ad02d810893de08a76f209107c6e,main_screen
646cd8eb2db11b37c685f46a2468d7f0,credit_info
5ddc21ef2683785b430bde16aea033b5,statement
a80b9793504cc712540d3c81369ac564,main_screen
6778d3b4c47b6fcaff8cb511b5156be2,main_screen
b12a91d04cc4892644018be1a6284df7,credit_info
72bf02cbbd3758ed0dc37fafcf99b7a3,statement
fc9acb3270b2935f2363b9fcfc3e9ead,main_screen
34878a568b7157dd8500b987b532d9de,card2card_transfer
1dc8793e11c8a81ad14a72f38d0eeb88,main_screen
d0d2dfbf1a8ba9cd46ae95e989bd70ec,main_screen
5173bdc54610005951c8eb78fe412943,statement
706016e37b13efa6c4cfff48e31fc97e,credit_info
e161d21415da2112b509fb553e151c48,own_transfer
60eab97a9d680c8b5380bc4060e7a01b,statement
21261d94d8f129fca2c72ba18d87e60c,mobile_recharge
6701682a81fae8b7ec96863833291184,statement
3c490fa63ba56346ee566283cbba318c,main_screen
a9a38d5c3a20324c02b2c20e8782640e,main_screen
c2ffe0166608ea4551d6bc0df02175fd,credit_info
3043601bc635bfe66bdcf7c1441a4a47,phone_money_transfer
470d3d7b4c2e338b12b4a39da0172be9,own_transfer
16492060ddf37521d93ce14cdf27a7ab,credit_info
63e19a167783146d8ad76bba01250f7b,statement
5caec668d2d8b161cf766188bf8e77c7,credit_info
9ea3aaf9bc16bc0ba16fa49eb256873e,phone_money_transfer
ee7c68c1255bf2a43ed905cc2f15cec1,statement
aac89e2c2a7a718d55fd6153c0ca116b,main_screen
cad752ca0821946bfb3b8ce563b92be9,credit_info
07f19f7435b5910d8ae649fe843fea97,main_screen
9be0f68b0603e9bba3121ef5776b8838,main_screen
54e580000746e6bff56e1b34705088fc,credit_info
b7b1145a4e574427b816d468c4ff49a1,main_screen
5e380be54aad9b166143cfcd170867dd,phone_money_transfer
3e6cfa63aa67be2c080660093f254a8d,credit_info
e918822301a906352497c0f0310e8cce,chat
020914eb9efc3b0355112f3a4698aaba,main_screen
457ca83c7f82ca22c99ecd761f818a2b,main_screen
f0746fb215d37c3cd1cacbf9fc677a56,card_recharge
6bad9bbf006d07e07654be0d111d1922,main_screen
2b3ebc38a7995949b02f9ebf3a653833,main_screen
a9679fe9a303527a526969685e68f85d,statement
e0fc99669c0a4ce44e8b714b6570f80d,credit_info
83ca77bcacb4426259b9fa5d894a7dea,main_screen
e48442092c70cadc93329214c5fdbfe0,main_screen
8c13241492319dbd63f2a6750c1d069c,statement
b8d0d7e02426f7f4f19d6dc250470662,card2card_transfer
4db5b897078af8e48d36500ac48b41f8,credit_info
d5b248fa15d53319d730c411fa5a3352,main_screen
c4fb79d3fa0d92eddd8121ba221a144f,statement
9276b4f93986fef56b85800246d0e8dc,card_recharge
7cc9b60ecdab9df23baaac359d8e907e,main_screen
55ae401b699bba23738efd820bc318fd,main_screen
9ca43ae4b2ed61ac35e8e37f992ca000,main_screen
510109ffaa50cd9da765875f948e5c83,statement
7f2155bf0b76233e1fcb04ae22f99d84,main_screen
2f15d250bc72ecaaaceef52fd475910b,main_screen
3f9cb19e4b6927dd45f1be5d36aaa491,statement
d7eea2cfee1c30ab2781415d28c732ac,statement
dd1365c856fd4fd8ceadc5f3fd134a7a,main_screen
e72804c43e99cc8789b2007e4b7779e1,main_screen
e9e6dec146d5e86d24b4e8e21591ca75,credit_info
63078033ee0c8cb66638bddde327699c,credit_info
d4bdd8068c2f2959ad9899301e29a602,main_screen
46a7fe1b893531da4f718cf3bf02ff40,credit_info
f466d36053967c3484fc551b2be78649,main_screen
b4685500669dc0e5e8bd2fceca5e22cc,credit_info
4e846882f31c3d32ba5a0664b4352f0b,statement
2e5cf689ab2d92a6416ef3a96e1aff96,credit_info
63c866fce7744b8cfd3f0988690759bc,statement
d4acf7af54885b546947faea2e49341c,statement
56cd4fc311bb062bf0e5f30079419138,main_screen
7d0c484869d8ae642067c3ec44639d41,credit_info
9a9c1230570355287c0953a8ef6cf64b,main_screen
73b14a25858cbd1b1556e4d00bd7be06,main_screen
08765ca9b64d211ae9c4fe3fa4925f18,main_screen
e4ccc7f0b135db3ddcec664d3c03bed3,statement
a9423186305857fdd3182fa592d9289f,main_screen
49e19121f4aee6c4a975c7238720223c,main_screen
7550b246936c7ed725b9b1586734a175,main_screen
9376c4a373649f68282b4f3055525dea,main_screen
da84a4ed1cd1aea76abda0327465f51d,mobile_recharge
f280f19f3f28ba16bb7e60b41ffedb2a,main_screen
9b60b4e226f88f538022727311afa9c2,own_transfer
a9e3f8d72f4c645c8442de0e1a55e03d,main_screen
b4c001f30108485a55f58c252cf08c2a,statement
99c04c615b23aeea294f9cb0bff39ff5,main_screen
e3360863fcf2ed82a72701914f5d383b,main_screen
9c1d210688eee18c72df449c9d9b569c,main_screen
3b95c340ec75518101cbd309bec6f15d,phone_money_transfer
02b4509834e8bb7293cd5d1c4486f1cc,card2card_transfer
bead992e9a71c40c61358a13a753bcdb,statement
7d396a843af258cf7cef196e2f0803ad,own_transfer
a95aba8942e10aa4be9678c57ec5703a,invest
df388a19990c9b921b94ee4a22e7d54c,credit_info
15b3a3209f341b50bb2ba320cf069cb9,main_screen
88f70c55c885448d0d633235ca8737d1,statement
50b1443302239cb28feaa8109dccb81a,statement
99e910ee39d4b3e0414a77d1b5b89653,main_screen
f62f5bdffca51ca20c841f269d555bbb,statement
682c13b40224f503dc04f4a175a3b270,main_screen
5a040212a5b4e5d34bc097d49987dd1f,main_screen
4bb154fbe269808dc004990241fa69e4,main_screen
4719c03ad8ae4b80cce19370c5b2199b,main_screen
81ba6b2260d57e160d152baef5e79d8c,statement
bcb9b8220aee2733ebfebc0fcb352482,main_screen
1b388c3c4884ef4b64cf4025a33cd9e5,credit_info
2ee5cb0e1df4760465cbcb965cb209d3,main_screen
48afbb8d747057ad2574164d7fe2f4fb,card2card_transfer
6f359dfb3707de7954dd01faf808b494,chat
1a02cad580a145ba4c3f39f0f21e88d4,phone_money_transfer
01c24b4e5fa8eab03ed4cdd2a0a89208,statement
fb611a80b6e2483c14184e8d1c53f3cd,main_screen
9ce59fbaa468dccfb257e65efe873d2c,main_screen
e7dddc92fa21925fbb87687a24abf504,main_screen
a367afd10eb383ff2863c48f2dbea36d,own_transfer
112cc40bc128e3ac9c0e6d4d66ff1cc5,main_screen
2e43a7a0f9da08c2f9c6725ad6756082,main_screen
661c73505a0eecf3f15735a330ffd0c7,main_screen
e92b8c63ea717f59ee0f7e6abd9f3e5f,main_screen
43e650acabdee441644ae24b77e5ac05,statement
c9def8e8cd6bb84bd987e4618fdf6f90,main_screen
79a865926f797b640d82a603b8cd83e1,own_transfer
6bab56d62aeb7a3f923b03afc82dd242,main_screen
1ca3303b46b91cf7538ae3d637bf3df2,main_screen
de4e494666e29fc46caa0a5f34a24629,main_screen
5110ee366a79423aa3016711de957aa5,main_screen
b5f0168d8fac4bdf532a242294dfea98,main_screen
b97d80649094bdad0d8fe3b6af16ef3f,main_screen
959f636036d9e0e99eca286da387d098,main_screen
9d3e9e9d96932dd0ed381315be619fe7,main_screen
acc7c7c99cff458309e3a867dc5403f3,mobile_recharge
0b544ea57c123a2a3d86c44faf75f47e,main_screen
48a69b1234c6397409b1d2dd64a9ce1c,statement
2b29a13b619ebc8e2280f4072e34a8b8,main_screen
4a82b946c2703d53e633e1681a283f48,own_transfer
f87ed0778ff126f489ebe1f72b8184d3,credit_info
d655ca1cfe98c52be70b0e435a7c8624,main_screen
64a1efa9417f7653fca9c474d2cb7bbf,main_screen
f16472acf990f8f765bde8def679dad8,main_screen
dd6d588e16a5f0e228d446cea5a5ddd6,main_screen
424cd2b35f79071fcd7b12be2cc2ec31,main_screen
a12a365444ba5751dd82cc070650121e,main_screen
a4dccdbad874281221371cf4d7aa9131,card_recharge
4df84f749bc78bdd80f74c8c5d111d38,main_screen
176658d07bbd44f2ba01daf1c68513d2,mobile_recharge
f68b159f22207ee30b83cfc1e4882776,main_screen
5f1d5b7aadcbd49138ea1847a29e29eb,statement
b082fde604e763ae5bacb3dfb41afac5,statement
ce4b87525bf9d56ad54eebea6b9f088a,credit_info
29a6c600e595ac0bd7f2b1c73a2b64be,main_screen
d7fb36cecda453690f6445b07d666e98,statement
b30d510f57a05c6afc37e7328bc7934e,main_screen
4a756cb6a4829ac367ea763e9ab18a79,card2card_transfer
0af837f69e0fe1956b0d13108a557f36,main_screen
764e8a55d1ef7554cfa70c859c19ca6f,card2card_transfer
b63c42ac7b704894a6626761e1a6496c,own_transfer
03b07f1dd7d5f2487eea7ad98ce96e75,statement
da2d79ceabcf39b0bc593206eaf7c291,statement
e1f139f1d74cf435c81f1657b8b6184d,credit_info
ccc7f81b3b08ded2d27053e1fb4ea6f7,main_screen
31bc01e70b2a710b445de89c955871f7,phone_money_transfer
44609c16784130b4592df0589470e3f3,main_screen
56100d80431a2f0f9107800d3833db99,phone_money_transfer
9b4b64296e6531811b3d51ba73deed82,credit_info
b60f09f0c44c9c49718912e59619e7a3,card_recharge
e6f5354d7e0ab94da7d3255156ff3d4b,statement
7a7e5ff685c62942179da181e2f2c006,main_screen
31ad5723a54c49dec2e4ba510093e1c8,main_screen
6eb62412b48d3229c6c4250a44bc10ad,main_screen
33e7a22b3b46967db1092331cec925cf,chat
653003ff55ac586da653a05ca152fd96,main_screen
68c695641e8d03da709ba4cd7923c101,main_screen
a1236965af6d71030169fee63636cb15,main_screen
e7ca38d73731940ca02ac9115714ac25,main_screen
11e7b21d618dfa61fdb96e7b6455f773,main_screen
886f52bcf49ade81d7ac3424ead18ba1,credit_info
680cbdcd979352862f200dff8c26ffb2,main_screen
b20862a5459a8e0187f7c0e3ac27041e,credit_info
4e853f0eceabff64ffe0d8d0e52f4c31,main_screen
67e8b29cfe06c6c25b288c0f32834af4,statement
7fe0c634ed8827aed52a28b2125ae5d7,main_screen
438010204f608869ced6840de1394759,main_screen
5c80224dfd2b1c2d03ec248fe8252214,statement
db87f859b95264011bebd00e2683c154,credit_info
d04323244e132b72a5dccf66977d7849,credit_info
a058c501df762fd01b1d1aebd0882725,mobile_recharge
6ff76d51256e0730622ddabaf7fc0f35,credit_info
f77e9a5dbd349f2633244c4c4a1d1a1d,statement
31be99277c5f86108660c73a392aa8b0,credit_info
22b5af8ccab4ac92867e14d22946801f,main_screen
cee9d352fed571022cea1cebfc032c55,credit_info
7de22282c5dbf8a6b8f8be507f437ef6,own_transfer
e0b323ca4cde81224befe9472519a22f,card_recharge
1a58f8f7617de243ea83582788eccd18,card2card_transfer
25534db3d6403dd6ecdb4c78e17a6538,statement
4d7281a1dc3d2548252ac4f9e0f70ebf,credit_info
90948f4d0032a3234a6739aa23f5e9f2,card_recharge
c58adacda7f3398fa6cd8384c6e47b7d,main_screen
e6d45551818414d8868f53caac26db10,own_transfer
c505527b9f28f45fbfc56bf47ac6ca99,phone_money_transfer
4286e480b3ff49a97ec6fef0a23d96e3,credit_info
08bec4f6add8e2f2bec866bbbfb4979f,mobile_recharge
0307e928a59f327d7149ff0319a2cb44,main_screen
5ef982ae2e01a143fe2d6fff3bb7ddaf,main_screen
7cdea41bf0b94a799864e5df22ea3ced,card2card_transfer
5b2c3a762431e2a8053bf09e5981ce05,invest
e9080129f442c940dbc7c0406d33d77a,main_screen
3f310ca202a89423afb4531fa044fa6a,main_screen
c2af2fe66ccef7a61ac9107d2a9c97c2,main_screen
2593d8f77744aa0c32c5a2f4eb31d1d2,main_screen
5c97b441eef280fb3a5e225217d57851,card2card_transfer
db99520a16eb92c36ae00daad77d1d48,main_screen
38c34a1f3743d95e30b81f0608523b30,main_screen
75d3a0879b2161c50089139569ccd1a1,main_screen
1cf895f1726e9db530c199e26d4a268a,main_screen
c587ad8ae90c0c1a26bbdc730d950ab3,main_screen
49e280c99729419ab1d0b4d7de0679ba,main_screen
80ddb9c74d23a87e5f5d36e8adb4a454,main_screen
98ec34b87678ed7fb1aa2eff418e1718,main_screen
6bbf6e38b1b05d4a736c249b11b9b7d0,statement
62ff51a31191f7eebb6255ac5be5a394,mobile_recharge
00426441684aa6185acde6ae8bbfacca,credit_info
a88e919639ed02635b68c3b2bdf735f3,mobile_recharge
952e1f652fe26e716be85057a2a61f76,main_screen
f0e2e9682ec977df09f6737dd61f941b,credit_info
fabab56eeb7bc69d002bc388f81dc5e9,main_screen
372b1fcd8a243d26f035e56c6191177e,credit_info
3d6218e1140e1b24b74c922109586bf0,credit_info
669e41cbf7886c5a895c0daa8a5e1e9e,main_screen
50591bd3bae61f1b5a59751f383f2592,main_screen
bfd97d61f079697fcf64ffcce9eba850,main_screen
a7a7a7c5662ad6f2bcac3ae6bedab0f5,main_screen
7168bc331d7f0847a84abd3232b10ebe,main_screen
76c8a9bdb4248f860e11a8eeebd7c17f,chat
ad95cd86e6beb2d66019afaed2ac11db,main_screen
e36199d12ab6667ea8c86500ab30d215,main_screen
c412c87ef8050cc24a0b36700ce153ae,statement
157771913599a671006e10cc674f3049,statement
565a5d8be0403ab4e45e2847e535831e,card_recharge
ddfa5747198ce68665750afa5c1ee466,main_screen
0b3da0b415d5dd114663df42a5e32fd4,card2card_transfer
b7ed14a717d82993809c9a1e4e1563bf,main_screen
30723913fa13d7510d2b21de3cd56c89,credit_info
a65561bede7853985fb82b49ed61f63c,main_screen
6dfa23a7f4beecbbb1462ca85b05f291,credit_info
16b91c8d025d969c1f9fbd73f96436be,credit_info
541c1f9b90588b6650ce6707094c3f30,main_screen
ab1faad2045aa2a9ac611fc4b64da2f1,main_screen
fdfdb3bdf49465da46edf0571a6d79e2,main_screen
9c20ce5b038383c4c97e09e8b75a1a98,main_screen
2bfa9903d85b7022852f0e75cf160716,credit_info
401a20f7168ac5f72623a551533a642c,main_screen
5333cd2b614075d6a30e3d14cfb0cec3,main_screen
aaef4dd002977541561d395c4cd498dd,main_screen
9803e9601473966f1a41be3ad3f24751,own_transfer
56c203858f79acdccf9e2c3825b6fe88,credit_info
c5607c40b6c010b87925ab7a6e548d20,credit_info
3b5a349549a3229e8dab40daf781c37e,main_screen
4426f71b95e19c94b8277b66a0dfa8a9,main_screen
3d2ca134e93c560e30fb7c533fd53f93,statement
7c0838d0bcd27e2f0ddf70426a5135f0,main_screen
62d0b8097a3e96009857b5486bc916be,main_screen
3f3e6a0236f5647fe66209f305811ee3,main_screen
8fe5d32f5615c28fed1cc2957e6be05c,main_screen
390779a9724dc3df55a8021fda4bc397,card_recharge
0d54db48415ee7adf80cc1fea713687e,own_transfer
d385142f685e11cdc5ddf329d349ef4a,main_screen
ff9a1a953b3c4819e29724b420d62c07,main_screen
cc61c591f69da0e1dead410e010938fb,chat
d2b505ac0180d52ebab682f9bf8cbdd1,credit_info
60eaafa3e642b322e8ef6ee1770580bd,main_screen
9dbf45ffbdbf4b1bdc3222d9cac3dceb,credit_info
f1fafee57af8538e679ba74d2190f664,main_screen
e10537f67464ac59b3cc01345a280ec5,card_recharge
4b094cfef9c10256e31245803f081def,main_screen
208728bd880d2c1e742446d3cb0ff943,main_screen
6c3fa644ecb6686b8992f647215e523e,main_screen
e433f2ad835a7a5a18d915bc744072e9,phone_money_transfer
286abaa2ef94493d7a923bac209c744e,main_screen
74555b6e2d2be5f42733066d9a1e159c,main_screen
fb902489e9316b3f53ff768a134ce4fb,main_screen
c8130d0d8b7f69264098b33bdad5a9b1,main_screen
c8885cdb0481f426787d34fc5c24e18c,main_screen
1da75252edb262e5b2ef5b28e4a3ac0f,statement
e40a5536307fddd2eb57868cdaa6916f,main_screen
5688a7eb0627972d1092d47c77c4b044,main_screen
4f5cb52d3861437c89e313e8deed1d33,main_screen
c4a54c4dbd57ded5cf75d41cf385ac93,main_screen
5543dae98326b2b230cccda891ff1d7e,main_screen
5db7163aab245b173dcb753901d0f26e,card2card_transfer
1e96debbacaadd6b2bff4b94cbaee97a,statement
46ded7edb5a537da8e0ca1d3316d7885,mobile_recharge
71e3419985bdef711e13a8075314e65c,phone_money_transfer
23ba959e48908712dfeb3f6c520cdf67,main_screen
ca3bd1aa192594b49dd907cc2e224c79,statement
b460f2851fba6e06c27f98cfadff7b90,main_screen
97be18d7679839b26ffa29288db4d116,main_screen
ba001e6c86860e8649c6106746db058f,main_screen
615b229e109c0f7a16fcf527756106f4,chat
597e124e29f06218ca7cf7a98399a3c7,main_screen
e4058491a27b1b876aa561a0267765d3,chat
cc69a87e6e884ee9aebf141beb915581,main_screen
c0ac1b0dec470bcfefbf90738ccb92ea,main_screen
4c76afeeb1217a2b1704b628fdd649e7,main_screen
d7b4b88f0e26cd5c0bd824b8ff7f7fd4,main_screen
45fbf911eb1fd2dd1802931ddd56e171,mobile_recharge
205eaed4ecf2987bec7170c778d10a6d,card_recharge
283ffa05ed2cc417078591fed621797d,card_recharge
ae808b1379516215525c16d2dbbe3a48,own_transfer
0935dbc241ae509d7dc66927d8046e23,mobile_recharge
9dfad16d7d1cb91d8e40f4af6185181f,phone_money_transfer
4905d7a70e77bff011b7909091856f92,phone_money_transfer
5767eb4d3c73ca32b5f7ab66bc149101,statement
1367ec9fda3f1b76e73303b1aa8f99d3,mobile_recharge
e2ebeb0fda5ceeb857f564f385c1f2d2,main_screen
1e41397e969c29737268609c65af7484,own_transfer
c884724ae94edc9e097aafcdca5be7ec,main_screen
42063b02e7de5867fcfa271ff7dc0b9f,credit_info
ca28317b9bfc8381dc48ac4616a6ddba,card_recharge
ba457d23efac258337571b7c049bc5bb,statement
5957b4c92812dac02c68e11f84bbc01c,phone_money_transfer
1b652c7853152c103499e511523af757,credit_info
47003e39a350021baea4ea472c699058,main_screen
9a70bb0762240cbc6702ac0773a30079,statement
d05ff4a5f62a6cf70040d35a9d21314a,statement
994a3af77a3f0c0d614d3eba058580fe,mobile_recharge
46d84fa3dd7a2689683e4dfe27b550a4,main_screen
23b4cc72df568b6b89b9f123afcecc81,main_screen
abbc9b16807becfeac482b20cfe62164,card_recharge
24a35d4e4a29c68fd25d454953f019c5,main_screen
8f419e7938bf3af7d475c15b5935ed52,own_transfer
3a3d1e5dbeca4ff56e86d4b63850b844,statement
bd9912832ccee7b27891670ee088266c,main_screen
314dd1a62212f5d4856acbfbd8945c42,mobile_recharge
4cebcf364c7cdfc3d7739bd6424e7ef3,main_screen
ea5f95f8d5b1602b54f7d984f7455bed,main_screen
7736cbe722e9ec14c743a4d29bd389b0,card2card_transfer
1dc1284d1ac13c4048510827bde3ee10,credit_info
cd153f0d8dd515e571d5edd4ea42f2e4,card_recharge
846edcac328bb157e94eb0bd52cc1113,statement
38066784353fc1a3cc53dcf58f4a8f33,main_screen
8766da5125f56d8cec8b94f90dad86d6,credit_info
e579ba90ad2dc29dfe41a9baa9869fe8,card2card_transfer
6c6b47e1ea18d5b9e8be100383af8a25,main_screen
6b626ecb28ef78ffc66ff2d380beb9ec,main_screen
75cdc1a1810ae6e2f84ee8824393707b,credit_info
38f48a3879ae3aef9ab642c136a4d402,main_screen
b353fd141d30a1ac528d6e9e1fa0b6f7,main_screen
26c06bb904bdc0131acada003a1fba2a,own_transfer
efdce8756022252f280454c6b600957b,credit_info
2a01ad79554775309d1dff3dc202a970,credit_info
03c3672d6058d44c1827aa9036a202af,statement
fdb2e051c40133f3b3445cdbbde2172c,own_transfer
f5d2d1e19e787c618daf7621e4d08725,card2card_transfer
ee4c6517c9d78ca4400618a06c05cd29,credit_info
ccf65d8d5bb90eb08dbbf1272efbe3e4,main_screen
7d0d51cd29faa3d0f3096cd2878732ed,main_screen
119c8e97ddaeb807c563489048ad0e11,credit_info
2059e1bb999e2b61dc040ca13512e2af,mobile_recharge
cd5608743be8fdea4cb7f979380f65f2,own_transfer
e653d77e73e09125ef25868faa3ef21f,credit_info
970fdbb319f11712d092cf12eb6a49f7,statement
eacb1ebe0bc070ad275e10840bfcbf3e,main_screen
1906569183064071fa2d5328f9c16838,credit_info
2d7a48931435526f09f78ae6011ef03f,credit_info
fcfcda1e895a8c4352330336016c108c,main_screen
84477e34559cab904957f32fe4933d3b,main_screen
426619bbe2a25fe15f0875c4c082dc40,statement
8bcfb9549e558f387992b38de5a607e7,main_screen
485ea135f2858060bc7f54d65b6a5017,main_screen
ab52c99722513da7624ce00066a4a995,main_screen
6191da7105d8258a55831445ca1e6cc7,main_screen
03ea114e396cbd593e08aee6fe7c2ee4,credit_info
9d3a3b1339d8590dcefcf0c7d06ffa2c,credit_info
ee37f9bf3a01dac153bc3b01fc466b15,main_screen
56675c4df84835f9eda40e44b4eef81b,main_screen
9e910feb130effb05b373c3ca08b3c0b,credit_info
90cc519e867af32657ba132701740dc1,chat
3b78ea6a1d2448e441a55670f493a67b,main_screen
23a349e2a0ce28b977c87193fcf91896,main_screen
d6f3c3a8e9ee96c7afac256844f340df,chat
dfac1eb9553b63b46b85c0ad84abcf3a,credit_info
6d14d0bf79bbaa6162dde53daba7ffd5,main_screen
381eaa947435d5f378e8bcf8c563e3c0,mobile_recharge
f90e118fc4cef17fb20a2cbefb3e4d87,mobile_recharge
c60628aa8a2edbd7f286ea627d8835c1,main_screen
8dab3a0638c34482bfd02445c7f70063,credit_info
e27ecff7d940269061986e58ce840b6a,statement
cc6d69602cc6ef75babcf96c18fca21b,mobile_recharge
e232b0bcbe483168ce99fdb8fa27b90f,main_screen
19dbdc970d492aa5e5b619b6b31fad83,credit_info
a0e9b866ff806945c66fe5fd8b1c36bc,statement
5c9ef190cea0d943cbe244360274cb69,main_screen
cd40fcaeb9e4bc0e895cb7706f1c9c4c,credit_info
0974c87f10478a229fbb11381296c16a,card2card_transfer
5383b23a979d2aff5b9b56971b555132,statement
e7416d9729c01d99c0282b1756e66c05,main_screen
fce4a4233b97a50d0daf38aea577b677,credit_info
f40e02186cc88a51edc6e0fed1aae1d4,statement
d89cbbcd82b0983ac285723f6f96dfee,own_transfer
9400b1b1d056a3fab8c3a5e9f197f35f,main_screen
8154cf9ccb6d9f40429f0230ef191cc5,main_screen
55ef6705bada1a3f0b8b5ad9c19b4a4f,main_screen
d80d3c3befacd76dae3e04eb67f1b2c3,chat
05379f20da0addb450b6021bcbd23120,card2card_transfer
aa48b9b6336e3f05006ed4d60d2ef4b8,card_recharge
33fe5a3993c971540bf107d2e339a126,main_screen
cb17f0b6d80bf2402facff8ae87774e0,phone_money_transfer
ee0b220aa5a6b62f971cd16b91fd945a,statement
2c9501cb14944cd999864fdd32fff4e9,main_screen
79445dc7f42a35923030b8102808ca2d,main_screen
a4f7f667178f7b68e58f3d64aacf5825,invest
71d14cc2b8f0332d28ed5e4a3e272f1c,main_screen
214d43422e1d060367f096bd3795bba9,main_screen
63f7b17315513602f8ea70a757b0cc92,statement
9a8ce78211299b10e00a2da7b712d899,credit_info
0edd718b23f366ad8bb6465c31442a17,main_screen
249e303d044e9faa828e822edff0602b,main_screen
bb3708623d85672f991f14b665c78f5b,main_screen
b4b9f74d7201c5cbf384d2911d3ad791,statement
1d028ab87b697808170b2355882ed736,statement
cc6a48e181355a2f4d67d3e9387228e0,phone_money_transfer
216e0648ce11916f291ab8920f004136,main_screen
af169a6abe393a0c3a7f8f73b767be43,credit_info
50e15cf39fbfc5511c0e38c7065d4512,phone_money_transfer
8e5a51004575dfe27a7c8400768a904a,credit_info
3e4a163719c710d14349ace6352db231,main_screen
9a63a636be03a910ccfc64bc4387b119,main_screen
5d69d7f488f6c4b5d2449c394c38e784,credit_info
a8c98ef789d45d8c2b0e0b933dfac747,phone_money_transfer
c7a39ad67fabef93bf2887ea8f70f0a9,credit_info
db2a9afd7c43a7c473f0c253861067cc,main_screen
e3a4433472ac98fc540c0300da5b3d61,main_screen
58155c735948da58de3c631d5c1d6bed,main_screen
77b5fd2809bcaf04df52c441a75d04c9,card2card_transfer
8e01045120d6a95437f31eea7aa4b651,own_transfer
97e365d09137a83ef6014d9c5023933e,credit_info
33f1b5f143694f27c8356fe34d741589,credit_info
5c00a74a586ccef9c3c26e5ff9f055c9,main_screen
14c942562ac99841754b31aed21908d9,main_screen
1f7b4b40e75f24a16f567f4ab03b8195,main_screen
8d867284d681cffbf2fd14bbcc416059,credit_info
d7ded05c677a468f7cf44f792aea5251,main_screen
6e8b9b7387782ddc406ae4424182a188,own_transfer
77690b1356a62e8259b089c59926994a,credit_info
5012adba95fe46998e9e7677075af937,main_screen
455fdfd15d2e73c6a361ae667a76e100,credit_info
3c9ebe1dd1a0529a51c2f8e4a0bc9e94,credit_info
6da6721731dfe6e6fb1076433e6ef316,main_screen
2f78da2ef9cf27247caf3be0510a5956,main_screen
7671e7878583ddad1598b97efd18165c,own_transfer
00b17e69ff0ef96e79ac7bd41ac4fc80,main_screen
e639bf5bcb4d7207aaa3ed3ce9f90599,statement
86885391e5e2a3cd388d8ea3adf8abe3,main_screen
de14530833b1c414469ba7c4a54407b0,main_screen
60d728427815ed972a90bfd0faadfd0b,main_screen
ed51a0b05a71f318f500c38f0a0fbb95,mobile_recharge
931e1daf83b6d0459bf3b4cf79deef04,mobile_recharge
6eafabf9553f019caed6faf719d7e0ee,main_screen
0456bc2cf96d8e65b699d4a4229bb7a3,main_screen
b842d70e7ccbf39b8851085fe67949d9,own_transfer
3c625be33ddc7e9d8d69975035fcb924,credit_info
113ef2cbb7bf7e1bc4c80fff68db3aeb,mobile_recharge
3fb8d8eed1af97c195b220e37701d6b5,main_screen
969e11ef6ec77b5028a060b34021af46,main_screen
7f5114fbb98d8643fb0a1df030f82f16,credit_info
a49d6dd6234880fbaed25f574f3dacfb,card2card_transfer
b1460cb1ddd0d2ba595b6b57d20a4967,main_screen
324ed1d5a133de326a75c007aab50943,main_screen
3edd440eb73d81ac71a1bd3c10bd41a1,phone_money_transfer
c32702d25cd48afdb422925974238960,credit_info
0cb66a2f32d7e17eecba500e7ab9744e,main_screen
0994e65a9750738158fbe0c53a7fbe00,credit_info
07aa0005c8e88e4ece0231fa0e4d0519,credit_info
eeba40a5a21bd8d66522da700c8505bd,main_screen
3454aafb7d83decacadc71c2f04e7c00,main_screen
205941f3671293c3c1ca7ed180c867b7,chat
e79deaa949d9028dbbca788dd23c15b3,main_screen
0e9daf075de9c5231a6a7ec85bfb7cd8,main_screen
8552d60f66ef8effe69f7b0d295f06e7,statement
4fc3688d6ab9195d624c7c0ac70215af,credit_info
f0f06ab37934af88c2dc66000b517621,statement
4de0634f7c3478adab28c7c76dc0c459,main_screen
fca5dd859f583c6889c4f3c57a8fbfd7,main_screen
0d4e3bf63062cfaf20f77972a3b0204d,credit_info
84da928d9517c304420499f7a09d9aad,mobile_recharge
f1abaa0f0d08c163e955f8b55da24299,credit_info
dceb728d472296a25c0cc2cb7518f5ff,main_screen
6c637deca8394236c0b848fb871a2076,main_screen
131b23dfbe5d808ade72eec90b48cbe1,statement
6591aace43b7fab6877f5098d3af5453,main_screen
5c096640a92268d3cdc4dc270400cc7a,main_screen
4da07feb449aa814023060a40c101db4,statement
fdc419ed25f077777d6ae12f5e4a246e,main_screen
2599e45ade97317a5f4e192d3f974b94,card2card_transfer
098ef522b3cdb7860cc69b16ddf7d0ac,statement
687292d85a1884a0ca5b6ada31d17c95,credit_info
fbdedef901b324475956a9db3463e814,card_recharge
83b7de51451dceec6c183011f0a09f6e,credit_info
dea96b7f721a97d28dfc612e88e04621,credit_info
35f61b0bca3b17e3072946215b6f65d1,credit_info
55afda45c0e4b88c30871ec8db605f96,main_screen
c3c6a34005f69075e41e1dea2d4edbb9,own_transfer
262c61cf858f252a3b0067510988c76b,mobile_recharge
882e14b78f814c542ea02f74e121e92f,main_screen
a135dfdeea169d14de651a361fcd4fb1,main_screen
1c24855564a3e56e5ccf1a70f39ed84c,main_screen
61b31ecb86f685a66b2ea6af3cdadd5f,credit_info
f4d6f2b1ded525da46e7427eeaf50b30,card_recharge
eede1a64e0e9fa59e458b38f66ca9d1b,main_screen
61703bdd8063241560cac92076c7402a,main_screen
4d8123a148120aad00916e86ff2c588f,card_recharge
503672d41d69e313b5b237f2e87b5449,own_transfer
3f75df3e9989593314ef2413b383efd0,statement
f77816670374829b0fcabff4753fba59,credit_info
eec9ec3c9139088e59b38a0a76d9bc46,credit_info
1ae3b200200990586c0986a65f8ea912,chat
330a5539e6dd8bf55661062b57d3bfc5,credit_info
ab4898bf60fe84f680ae3ea7763e4c86,chat
d9ae3fd17c7007f8855202e7d24d6d1b,credit_info
20d5613682078458323fdf29f903166c,card2card_transfer
589bb7bec2d1d32bd1903c21f875f5bb,credit_info
e0363a8495a871225efc3be50fe13a72,credit_info
5a28b7661067c4776687fb45575f6261,statement
280b5cc3df5bece91e5ae04b9f8cea91,credit_info
ec9ff7171288af30343bbbc1ab029eb1,mobile_recharge
354838fc1276fb97f2ee5858e1615e80,main_screen
7d56f108cb12b6b36414ad5035770169,main_screen
eb7aa42a0558868849c17d37ec5101d9,main_screen
43e0acc38c082df320a23f5a794bb660,main_screen
5574648673d2939af8b3f81940ab75d3,main_screen
6a8ec7e3bb40e1c39bc0026a93d76f93,statement
a2c1ceac3fc9d0e9947e72081c8a9c93,credit_info
bcd3db6598835052b3143ff0acd777fc,card_recharge
c5996ba602bcfa8e58ab920f0d56c1c5,main_screen
2988fd64a7b3ecb1a108cfd6173333b4,main_screen
dc7694c6d8d6c7021b1e4928c05e985c,mobile_recharge
2f5e3b06199b3a298dda74d48426ecb9,phone_money_transfer
3ffb4d48ab9e18ab75644c7423049433,main_screen
2a806f739e26affca4a1ea66d3f4ab7f,main_screen
1b9429448cf9460bec78d0663f40e8e5,main_screen
ca94571532dd912ecb6ec7526d37aa25,main_screen
18083edb404dd0cfbb44aef78fd92f6e,main_screen
818ba6e31635cb56ce9cf653f3e2e6d9,statement
6f58a45b2f7e3fa92be30bb6e4c43d8d,statement
40dde0d7ee77d8e927c5d49c94a6c69d,main_screen
507c4e0acd21ca65907ce6fee9a25a35,credit_info
283b035af27f9c9c9b8c0dbf423f1e74,main_screen
0dc3c1fc303c8c1dac817e56d01b71af,main_screen
4a98a313b17a6697c823ca036e5a5cb1,statement
5c0c779c89eda69d8d21342a127618c1,credit_info
5637974f32b755f25a705676f5a60524,statement
aea87a620521297c3fcbb90933b01c8e,main_screen
45449b05dcc84988e7f2431c09323797,statement
913452d1fde200efd749e860bc78b0b6,credit_info
f71462d24ef0c809c38c1e5fa8c2a733,main_screen
944bc2d720cc3df21cc3ab26c87fa093,main_screen
aa67c269c957034f3f0bc27091096a85,own_transfer
af92f6ff56969b6dca3196ade6be1ee8,credit_info
41bdf5d1f40d4fce1ebef0946da2eaf6,card2card_transfer
30ac5757cfc4095a46fa4bec3b6c09d2,main_screen
796441331f24f009d39a1942f2dd562e,credit_info
2f6edc9947cd2081e65c06c441933ad4,own_transfer
b759968e9b40b33e1513aa64de82cdb1,main_screen
f73865d89e78c8064d30222f9a8ccb87,chat
963d5d9de3f9e499034d7520811d5e12,statement
2eedc71acd7d528a2b99ef124f98ec12,statement
19ac8d956759a3a50a4f51d41522858d,main_screen
72c85ccd2250b16669df7aa71b977f1e,card_recharge
af85cd0f1dc8b95b9ac77b2b49053313,main_screen
078aed58c56e540b573e4b90c263b28c,main_screen
16a1edcb6bfa2c6859436fee9862a7e2,own_transfer
f8be079c896bdc12e0c31f6438665f01,own_transfer
63e970294ae50808571edb9d48591301,main_screen
53c0e2d7f0bcef0c02ce16cba06a850a,main_screen
b111d7d636a2f93da7530f6dc7ba378d,credit_info
b3034754874e95580e00a934ffecb0b7,statement
d5e6ab0fd00c8305b74815428ba559fc,main_screen
1ad1db850e1bbd1599b48040d2ba7d0f,chat
008553c9fa3a608133b1be9f8750b370,main_screen
0b0b1c9dcb1e497f16ea783bbdeb504c,main_screen
cb35fc3acd587bfb2522f117b9461c10,main_screen
0b8e9720f215fe2bee3f234851cd9b11,credit_info
5c632a1cb95be564c5bb2c8f6dfe1758,main_screen
b62a1b0e5559a89011f23c7970c1f343,main_screen
1174bdcbebcf90e442518ae6dba93574,main_screen
2c0f62208119df427e4883d88b9e0cf3,main_screen
bfc5d8fc5068d9017f66b4bd861fcee7,main_screen
0ef0ce515c0b872b754953b4cc5d743a,mobile_recharge
dc6c07b55d5b8bc2916881ba7eeb0f2b,main_screen
e4ba94b79ab4ad814b03877c3ddb843a,mobile_recharge
151439a8cfe3136afd2b81c588faa957,credit_info
e6e70155a5875fecb6920d49b15e7799,mobile_recharge
3ba1167a3068c1fca00cd0cd0c199e32,main_screen
93423c1d11cc9d64c1fb222f0101e6b0,credit_info
263fe92c1d059680e3752b3a6b65f8c0,statement
aa85948572f5b7ba3e8598297f777a2e,card2card_transfer
34aecba60aaa5b681801dba2b0fe8737,own_transfer
036025010797e118b6405977c4bf9c82,card_recharge
45dfb139281624b81cca66f5bdd8d77d,main_screen
64dc2632bbb23e3e5f2c663ec23ce68d,card_recharge
9177107c77d1efac5775ee751b61ff94,statement
a235f8df7995e500eac2bd27f9094ebd,main_screen
6035a77582276aa76cb8ba89c179a1e4,main_screen
c811f003417294e9824dc6a15dfaf8f3,statement
c06ce8807a509e1475c2fb63327e7cee,main_screen
635286a0ec8832f536dbaeca4299b83d,main_screen
90af0721fefaafd991b4c629c4fed0dd,mobile_recharge
8c79cd2b7480f59ecc0f3c3992988f7d,statement
3aa8abc049800ac49b68ed1d8e8676ed,main_screen
8dcdf1269d5d9d873482af5bc9892dfe,main_screen
fc1622f391a2cbd9183d1ae75079d73e,main_screen
0cf4481dd6ca54c7645705e7a5003686,credit_info
1953c61e33c3e51dea37a5963e51e45c,own_transfer
f602ca421908ae9956dd9d20c51c5ce8,credit_info
bbd1d69542bf6119884d9a63b1866196,main_screen
02c654a3664201be25894e7eeb68d40c,main_screen
6df41a7c8b534d1786987703a88436f1,statement
8a250c1670e364a4e916abfeecfed1b4,main_screen
ee403d4173c096abd930d2bf404408cf,main_screen
b560fe56f4cd48ca247b4e719f3331a9,credit_info
3df815d0ce7f4d37960295a0118d2710,chat
f81954046a18fde3ed3c8da86fb742ff,credit_info
1ad06c356c45248ff017f2b11715f1c2,main_screen
8be1eec5ff2568ef9145972f6bc17ff7,statement
afa336a710c6d340d9f8a33398af646d,main_screen
f332592b861415ed6bf4fab2287a25cc,main_screen
3e838a63da2f93a423c950c241d7807a,credit_info
283b74b2a02d78db982b5e90e8a48790,phone_money_transfer
d8d3523d39276ec074907c2f858cc04b,own_transfer
8ee3508bca789c11ae3cd25852d9b638,main_screen
d465a5c6445f6466da42c2e826f248a3,main_screen
f773c5382daa520069c0009ea4c325c7,credit_info
530c038204fbcd840aea6e1996013e47,phone_money_transfer
0ad8cac8374a835482c7eab752e67e1e,credit_info
39108b7051cdad874b3c3535c33b2ca2,main_screen
94b26769237eb0f12cc58a9222fe7ae0,statement
6947ba89a7a6ab122131f05b09abed73,main_screen
d7036d38c66a556e93d20710e34a20dc,main_screen
00e64c927bbb5704a9c96442f31b5dd6,main_screen
ac879bbaf811b161320005969c6dc19f,phone_money_transfer
81659d3ec642ecdb7cef60e60663fe54,credit_info
0de721482a0a5a81435257a0e3633b2c,statement
5860b75b50f54d07a9046af6919eacfd,main_screen
0bdd584f316e6dc98e06c519b66637c1,main_screen
98334fe3381a1bc4109f0af22f8d96c4,main_screen
723e0d2258fd56a8afafa5ea50b3cc5f,mobile_recharge
f9acbbcd4e2b75c1d002982e43062e64,credit_info
5cfebb052f54a4f9c11908687cb37e8d,main_screen
02f63796b1ca298d21fd911271fcaa27,main_screen
5a3b2beffb9a2c1dcb7bf7862c0ddae6,statement
8ef1783c770c67e2d5dbbc368fa0fe61,credit_info
04467bf548bedc0b026394460f34e284,main_screen
4172e0ef55b5ba67442a71c651d8c008,card_recharge
4136bca97c3c28d4b7f5598f3b1899df,statement
3475555af7b4a9fa5d2322297c8565d8,credit_info
602e5d8c894e49fcf7d27ac059cd260f,statement
eeaed0788466d5bdf9b2056012fe4ee6,main_screen
a44315d65c4aeeb7df817924595998d5,mobile_recharge
362fd0b6d48ec5bc6e012ba93fd48c73,main_screen
9b47fee303aab1763259c744e23c4c8b,credit_info
98a9013aaf3bdca0282ac9874f2654a0,main_screen
864aba5b772e02b4ba10faf87e32fe77,main_screen
f26534fa42d741885e919550b36d5c61,statement
d2fca1e4b20a704d8ad77099fd75604e,main_screen
8451436fbddf44c2929361ebf57cffc5,main_screen
3c39acd0a8f42907234214162e83ac79,own_transfer
bbaf9b5a3d967e9c93cad90005c20fd5,credit_info
7764cc4e598a4a0d457cd84bac8f06cf,main_screen
d0819d8690f7a66c8b8429f84442aedf,main_screen
66f82422d8e138033a1e5522cc74a5dc,main_screen
ee6b5cb6d3ed926e327c530d891b1991,main_screen
cc85e1de998639f52fede2c99a897b7d,statement
8543af00f19a8c90ff3d7f0bd8496167,own_transfer
abccc05447a33d6182a604883c2cbbdc,main_screen
a75f322e538c2bca01427b3718c09333,main_screen
626af78cbe429006d28077d30620f3ee,main_screen
f5671501eb2ec0227313f5a28227d191,main_screen
520727d9178338bb4809740f77469844,credit_info
7959ce7b26a3113a17d696f97cce73f1,main_screen
28426a732cfa419fd61eb3a671bbde8e,chat
ee6970e4da3dbc19a6878ae1b4a4b758,own_transfer
52a5331ba624b50aa9f104edcaf83d31,chat
f7f7c5deeb2c443185dd3e2e4fa7a212,main_screen
2f249c364b799302c89286be6c616c6e,main_screen
ec1bd3e190cfd78688fe648ea06dcee9,chat
5eaffc5b65f26bd48462e502a01ac967,credit_info
ee9934ff388b3c339038282b9b768d59,main_screen
f0dbd57cd076c967799c7779bf08bbbb,statement
c9c015d042460a56b32fba5fb8758f29,credit_info
a85d5d4fcd8ad762f911b86942068852,chat
ad41aa9a7b3967da57425d59faf58b4d,card_recharge
e2ea0ab8d421b715af700f5e5400f245,main_screen
835e6b256f01a5fa2fbfe30099a66274,main_screen
5045021982bb53fc2c97ab77ac40aefd,main_screen
7279b55211e4481841c6ef9d037fbf1d,statement
e610423bbd2eecd62a7a40e2afd91e8e,phone_money_transfer
33e5d9d691f7e24fa61b9ef650245b43,statement
4a111a4388a7dd48ddc03175d247986e,card2card_transfer
90ff3f7356d4812cb66392b5b95304b8,chat
492940772828797e874603a993ef64a1,main_screen
61544d45ac90c6d502ebb60ebcb6bff0,chat
13da37470b1754b1ffc766ebf9ef344d,own_transfer
d32f20fde80c6ed7ab6f51f2e36232a8,main_screen
4d709835c65ffd2cdfb218808a06e7da,main_screen
329cd5d3b599a8045bc718ac73406278,main_screen
d697bb89adcb89e57ae07e8986d4afec,main_screen
b617ecb98c4e8ffc5e70e3460921b3cc,statement
661aeaeaa0f557b35889fe1020f913e0,main_screen
73e2dc32e38ac6cb357393af21883373,main_screen
95b40cdbf67557a8e8d48f19325acb1d,main_screen
e23156d1a92c667da6155bce205c78a3,card_recharge
3c08a791838936548fe96c8174fd43e1,main_screen
b089c569088d66aadccb1bc0059e2d63,card_recharge
5a26d8c9e842fdfa1c1b013181eb9786,main_screen
279812fa6606e3ef4f3d32f217c60b6e,main_screen
348a61eb775c19653e3bf8e992b919a8,statement
32132adaab263a00714e50bcf79255f0,own_transfer
8618348a106edc876c820ab545ab8f57,main_screen
74381478426ee5f65eadc9f8152a0ecf,main_screen
31d0f7df403872a744746495b2f99aff,credit_info
7bfa3bfc963d8035c8254b0b590424ab,credit_info
edee6ca765508649a5257063c688be94,card2card_transfer
5de5c6ff07b669d4549b717668560a73,statement
49a95e5fb9e513891cfd335d0a548fac,card2card_transfer
e57d418051ddfba882dba9ad299aac3b,main_screen
22d88d96b3be2073a1309cbe385eb4fd,main_screen
e2524c27eec91b1089d368af554c8e45,main_screen
27ec4f8ec6b1b22b17f1b17e66e600a8,main_screen
a9356f2f6e48839f1c4f452f1982cb65,main_screen
6b7cf4047fbf190ad3b535a38a4f376d,card2card_transfer
fe7742ba05262083158f53ce4dcb8cf5,main_screen
8e0390b4f9fe70e014b33ec601cd010f,statement
ade38ffcaf0142bbb82e78ce94789ff0,card2card_transfer
51ec2a11149db89bff41f7b938dc0efb,statement
47db3a8745e6e86d2186b2695e8a46e2,main_screen
fecc2c8459ea88309f347bcfb0bfc48f,main_screen
e7d8a06045304b43e30eddc3ba70da31,main_screen
0c32ef1a09372447f2daebec227f79a0,credit_info
6985101d694d11372c31290f39ea8796,chat
9187a3e5bcd999fd2bfda05d66dd8a67,credit_info
671e22b17aad1b1126e1e10a04681894,main_screen
18e63ff1ac0f79994eb744b6f381b3f6,own_transfer
87ec068c903937dbf55e8c420bf9eeac,main_screen
c86bb635ff1c9a51f1c51da7ef1f4771,statement
33f7cd3bc7dfceb737eb4bf17ea2bde8,statement
62b424320b0b0114c42c5d0eb477527e,main_screen
d45b0217991eca587d35cfaef9254ad9,main_screen
e98cfde208f7e6c7fe0dd34a49d637f4,main_screen
0bbfb54930d1dcd311495d949be4fb61,main_screen
fcab5e7f10312e8a1d9bfceaf7e08e7b,own_transfer
37ca4328eaa6562fd258e69d82c2dea0,main_screen
afab400585befef5de76592b7cc13bbc,statement
cd3c72bbd6156d195679786d32867a35,main_screen
7e1a94055a2a119cad66e5d6e8feb641,own_transfer
332f0c47292eab317a405c35c0794af5,main_screen
6a3a33f216eed8bca9ca82a831569eab,main_screen
5f5dc98c2adc4f28056c22866abef1df,main_screen
174567d83dcf425160219f3559a7aa66,main_screen
be099911cfa7c1a87c04cbc1b4cdd7f0,card2card_transfer
9ed337cfc428066a011aede3817bf118,statement
2c71b9b48e1046821a72cde64b85815f,card2card_transfer
c98ed4aede64b5a9bfb696bf675e59b5,main_screen
35554b5521c2741e64623298797e18cc,chat
f35df3a4e892dcf1c0055577c745ab94,main_screen
de3832d5fa5ce0f1714f7d82df508f1e,main_screen
e78e02a12078eb8f571533148c35ebe2,main_screen
c20f85e351255990a4fc281f45d8ecf2,credit_info
befe271b8a857b0974844632fd1f7714,credit_info
e9afd11763f5c94af076cc87fcfe46b7,main_screen
8085c3768d0ae7cc24ed9ead4076497f,invest
1a83409bb1f1efded76ee50b52618ea9,credit_info
5544c305131ac06fc22e2cefffa2732b,statement
65e59a88d4d75e3481f9e6f0d3101c1d,main_screen
cc0264ff7f5c67767d6025ce2eb92f58,statement
ed02987d6341fc79ba77bdd8a2a4d97d,statement
303f7d545f64dd5d51f8c88bc1a7194a,main_screen
983d0399b62093568004d71dcf0f6acb,statement
1c239794fd3157294a65f5d0912a9d2a,statement
420622332d8a8dca571b67ec12d4d163,main_screen
7826a678beacbf2064b67b9d9463fb7f,phone_money_transfer
020d4d2760db7a168264fa11282e138f,main_screen
f1411fa77455326ec12c49bc7c719399,statement
2c3fe6e3218d21f866ccac2b22bd7413,chat
da595c1abe2c57a9e3008efa3ee14527,statement
93c0a141b91700f147459ef1d0056456,credit_info
7b9f6072d417cbb894362647c1227a42,card2card_transfer
5e963a0f4e6e4e7291ac26a9018a213a,main_screen
acc8500ec5bee7d53754a9b82e1b2bfe,main_screen
91c690668640d7e7984edffaa7fbd79e,main_screen
0858268850f6b19c9c24c33f6253da09,phone_money_transfer
09136c224f2ae03cb8443d586b03681e,credit_info
e4ce555891361f8dff487de90a074a44,chat
f7e81c8da763e41a6fb0364acab51474,credit_info
8e1cabd3cf82c8af4d9e41cf9b89e9b0,card_recharge
28053f2f447f55bfe0dfa2f18b9987b0,main_screen
0c31528a546edbbf16dfe5457deb907e,main_screen
5d279e558fb8af9d367155e2df740fdb,statement
08fe4cfe6131343952991cb71e11cc58,credit_info
5637089af5be11b5889ce56698f2a317,main_screen
e8629db12944a493abb443a216808538,card_recharge
c1b0c24d376c57849a141535a8444653,main_screen
7b108270fd06e875258137bf6b90b175,credit_info
83a5355d161c8ea69a37d230e3521250,main_screen
7072bba1b743c619d34d10eec2084a63,statement
0a1b41d77215316598b7c60e9f496fcc,main_screen
36234e42449a01a43a9aa88d6e522a27,own_transfer
798bb3840d4184a5f378547179c603f0,main_screen
6990cc52a1bacf022bb524912e2a99e4,main_screen
71b027aeb3c0e0a89d60019cce3407a5,main_screen
3e064c3854121a5bab4b4366108719c1,card2card_transfer
540063875287932cbaebd5ecc0b8a03a,main_screen
411700f404659a191bcf5ff1b0d42778,main_screen
e11db4f601f81be86b5bfe8857566fc2,main_screen
d4079a54fef975a64a10990bdc53f1e1,chat
5d26951098c0de52a49689757ec23413,phone_money_transfer
e7d1e3403a4dd03989c412223f4045df,chat
9841efaa6310c9fe905aeaa2d91b2817,main_screen
157c5b4bdcbf6bf6392671a1f1b2472d,main_screen
1a41cb6469a8917214f974a8676c3ba3,main_screen
27d3ba75c6bea48c81976e461ed46905,main_screen
882617ec91fb500e8466412ace37756e,statement
86626949b7083ab633dd2bebd89725c7,main_screen
9450ce2f194cc12710a30d4f2cda965e,statement
74c94efb91f436b4a392cc5887ad8ab4,main_screen
010d269423e2b8ac3e6cddbe52b0cf49,main_screen
3841c8267176af9e04fcb4a413ab8071,main_screen
f233433f7a56d713bc5d75eaf8ad454a,main_screen
52e234df6cde401108cfa7e4da3aecb3,main_screen
cef3b3a9a7837686977a82e4e018540d,main_screen
0a29973748dda794601847f65b344144,main_screen
02b21afd8e5ce9ddafdd42fc75460f97,chat
42fd75b7e2dd4b27ef603c110debab78,main_screen
39494c667f392a1aeb227ce795fff324,main_screen
c8564f4a3768a91dbc959a5f7b5fda1f,main_screen
a5d351b1a461df5f896ffff22bda387a,statement
d4c80205194b0ee0da77ce80ddbbc261,main_screen
928f65c813d3781ebccd507f84f8376e,statement
e8c3886556bdc0b79ae9d5baf1e868ee,credit_info
fe811d348fe7095cb97675b404196a88,statement
fd560f504ae0d5133409651a7b3f54c3,main_screen
8f8963da3fdec0e446553f6c0c61eb54,main_screen
4db3795feba7ec09c1f6c98c59e96fed,main_screen
67e45094ece2a2f021e2c8b62a9514c9,credit_info
411e54136f7adff4f39afb30943fe4ba,main_screen
205585c459bff75eda224b2c1bde3ed6,statement
33ed71b58b1e8c6085883b91fa564fca,main_screen
7c5130cdb6a727b21cd42323c44786db,own_transfer
ab158799f53f738be657f2ca40f5357d,main_screen
b86a5840c882f495dbc2c3dac7ba4c06,main_screen
fc21d57fcc9ba7f4861eb0c8bd7799b2,main_screen
1f4a9983f7dba294e1b9cdf8024b5962,main_screen
0a291a3c919639fca69c836e71c1826e,card_recharge
4d1196578d72246ae26624a35581bb2a,credit_info
1f3194026a011a42b11160a92291efed,main_screen
f7c096c419487c78cec631c21edfa631,main_screen
a72bc3c8ad0f774f65552e9c7fa5bbfd,main_screen
34ec4e53f1e7b09579f49c277ab3253f,main_screen
c033252e42d83cbce131f4a0a3c24b53,credit_info
5d9de9821c5a9058ac006c06ffda8acf,main_screen
8885c6f58b17b39dbe32cc6de027c894,main_screen
44dcaba23a41c13bd5d7f5fa024fb88c,main_screen
77d3693c6f324b3eefc943bd9f95c516,credit_info
7f2cafc864da945f1a22e23b82c4fa5f,statement
e6e59ab3e9d1d56550ab70868ce6dbdc,main_screen
d4398552beff419a7a373ccacc176557,main_screen
69f3b1eb70bd3dd8a5fe2e215ecbf70f,main_screen
bae34d1b748c99c3519265f5f00d6ad6,main_screen
afcfe30327062cd66aff90ed27ec24ff,main_screen
b66861c7c8ea07c2383c7fb3657d0e96,main_screen
021f211f4af06e4fce9e45929e8b4a5e,main_screen
2a265518de13328c1d43601fabf86dc8,credit_info
fb77317b5379cb03fef6a40475c250e4,main_screen
873e49558f21dd0ddd560eb71b0addf7,phone_money_transfer
9a08a3521c2e4a6d1e2bd6a161ef0dad,main_screen
dca892676ef5254f93f138b7e6c9081a,main_screen
7d31a08bd8ffa1b63c2cc9f9d8a55888,credit_info
4e262c3d262d15e78317acf517025a43,main_screen
b4d9a55692fb37b03b8301a8cab808c8,main_screen
f9353913844ace3801ec46545559e90e,main_screen
51c5acb8d3094e2e78004de552ca72a6,invest
2f507d854fc00ea0f2e10f1afd61acfe,main_screen
a9ce4e26b4b8a4c2c5a2acf06c409c6d,credit_info
dca64d8c0e66db2b08c00af279297de0,credit_info
25c49dabd874d087fa682b18458318e8,main_screen
1cb4081d972c80f24455ad69f0dc5f08,main_screen
6e2388a8e45935e53f00e250c56c422a,main_screen
cb5358d122544025c0ec9f80f427842b,credit_info
87f7f8eb38797bc869d62b61c9e9ee70,main_screen
77160747183360f97c5ac2ea0d5fc9ec,main_screen
10541727fb9af295142f505e0cc7c21a,statement
4fc2ec658afd3225b0c2120c025efc89,main_screen
f7ce2196a489b2306808a7a4b5afc549,statement
a4344ff1a683d73b4fdf4ab1db923642,main_screen
7895ccfe09a01886744ec18dec896084,main_screen
8338eee452539053647f92fdc3062585,main_screen
9c800320388956788055bd0dcf15cf11,main_screen
bf6d962bb7e02fe9e3c470a7ba70b2c3,main_screen
74002f91f64f0e58d0abbc4fcc07c87e,statement
4ec3306031c57de539f0deedb1f816f0,credit_info
33e1c3bb1c7ab060fcd2a6affab3cc7b,main_screen
c47276b6672aa2c5df03261b0bc2d046,main_screen
1138918d802bc154495918357978fc66,own_transfer
1dc36499d527d41fc172b351ff319b4a,statement
a3f18a4f889915a2066b4a4a48496d6e,own_transfer
6500c59a41f1f4a81aa5c5d11381cce5,main_screen
cb03ce09efccce1ec43f7fbe7302d1f6,main_screen
60ac34c79eb51e8be72695ab87305d3e,main_screen
44a0d78102477e763391206d88fd90c1,statement
0d1ef532e6a7f04faeb727e082ef6a36,main_screen
b128ca552079b2ac22bbe0cf5cc7eac3,phone_money_transfer
acd8f5343384f528cdddf54e63da7190,own_transfer
f65089dffbb31db3d482626509ac8b47,chat
688f266f15ae7baa0cc4e8473de674c5,main_screen
dddbbb51bc38c4f5fac72cf986f77c82,credit_info
dfba06ae93c916438b942baa9ea5532a,main_screen
f5c079bfea71e6ddd7fb5b81a48e07d6,statement
36ea85767d87989df5318adfc48b6383,credit_info
31bf2aaba9cc3885fed632a11e6325fb,card_recharge
929df622cdd40ba3de4c3d8b0c693101,statement
36dc63bc19bc9213d8c4c3eabefa8b8d,main_screen
c2806f1439902e5858181a0d00356f86,main_screen
7554a8df2bb551ce45fdea1add99ac33,invest
8e19b4d78b2510c8eefc6d3fdce1b548,mobile_recharge
2bb28c5ee58d6d43d2fdde7ca9d41c1f,statement
6d32f14d47e08f7a41b97f761942cd7a,main_screen
db3ff2262bb4585644af946b114ffb86,main_screen
c00fb561c86f86305934c16303a2e2e4,main_screen
5fc41407523ef8138d1da8c15845a2a2,main_screen
a4db5ecdf1642130779a92e80a1ecd82,own_transfer
dfd2ab97bf16b29bf29b541e4f1a0890,chat
2969b963cca5e52c6f5ab68690b57b43,phone_money_transfer
1f6da795b495a0cbebc54a40ce3b6861,statement
e98b28c97f5f0bbce39554ce83168b9b,main_screen
83133ade1a41e390dd5e7c2a6001add1,main_screen
8087299f93bbaf5b185792e11d1e25b7,main_screen
5a0cb95413edda96a1a4a6b1763142e1,mobile_recharge
1892f161b152b1bb3b95bdee63a2fbc2,credit_info
73f6a6761eeabd6b0c6ab22cde81064f,statement
f63b2181df65fdf730daa877486f7f43,main_screen
62be1b66a7ee176560055580d7eea051,main_screen
e669f94d179f193b6510278d89e05472,main_screen
39434cfd2cb7242aaa18d7f0a71b8e6e,credit_info
1082ce1ae066c8a218f9519d491b00d7,credit_info
b329ac4c1d80be3b725c48d53f2eaedb,main_screen
8fed67e78ba52c838263e4e836cfce48,credit_info
110e5c69505159c0c76bb1d0a4cb61db,card2card_transfer
5c996cbdf540f9dfabc96aa0a0dc782d,main_screen
5293cc42e0915f6dfd838be8deaa44ce,phone_money_transfer
87e5e4d9580b21bcf66d1fa25224a00a,chat
be996ff767076b436645c302c291ad03,main_screen
beb54cf901be8c86216d37b6151616f2,card2card_transfer
11cdcb06035e02ddb5e46dba6438d8fc,main_screen
fa4d17a75a0af6b57da4226e556d98ff,own_transfer
12215b82787374daa19c5942b9dd3211,main_screen
49b9f29f3d2e01c24981f096f218cd37,statement
bf8d569f16acc752acf14466f5330d34,main_screen
e01d46f4d425608f506db458c6c6afe9,statement
4263b77ffb94941ebf5ed2962daafee9,own_transfer
97cc0024ccb516d0898bb41ad0e1b184,main_screen
3495201bb2bd3ea06a37635cec4ae359,main_screen
0ffdf585d535f29ce337bf634d6392af,main_screen
5e9cd571b6c32ed9a02bd05cdd735c7a,main_screen
1fd7e6984f83f6028c591f1ec9de66b6,main_screen
6e60cf69cee036257b977bd37ca10cba,main_screen
008d70f711b6874b7221393e8e0e9586,chat
652e114b7daaffc0e0b7da2361ef7b44,mobile_recharge
8225100d2ac44a9731f1b5dc5462fd69,main_screen
e3e17de6249956b6b89ed9ff8f52d303,credit_info
2123428e0547c8963db864be59633164,main_screen
3b2e8a370e076b36e5c0d819fe192f7b,phone_money_transfer
e1595dd31ce89ea9ffc31209cc0f52c8,credit_info
80275f4de1633732d153605120925790,main_screen
39a24134d45ce7252b22d257ed9b7b66,main_screen
4fb5c3d7eee335ece2d2ecd952cf4644,main_screen
df5666bbad8b22cd6baa43759715fecd,main_screen
b326c50ab7cd32c72f4786586f1f4a38,main_screen
88489dab7917fab85cb67438e38cea06,statement
4ec26f076af85f9eba254ab0bbdabd2d,credit_info
30788d587911b0e30f33993cc61894c2,main_screen
790895f4ec0db2f3623722689361e9d3,credit_info
94aa503c10c0131b093036b078cee341,mobile_recharge
ed764f696cb138f5067f92fefbd7f2ec,main_screen
b45aa9ae412ff4a9ff8888642720a842,main_screen
114801062c91b31e5fe9c25c0f38e1d7,card2card_transfer
5f8d74b7fa58a501dff2f00f8c0d5352,statement
d77f95302a122c1c4c08abf66f12e118,main_screen
9ad3babba0d24bce84946882842dd993,statement
72192254923c21efc2a4d7b8d8ffd328,main_screen
9b1d0f81c6c5173a4fa38ccb991261ff,main_screen
6ec2e4f41405c0a857967b55f8860b41,main_screen
8b7affbc78455fe58c8bbdf96973bdd0,own_transfer
7b2f8307ab1c61dc7ba94adbd825b6ea,main_screen
55ae5947a1d0ec0489b2006ceff7cdd0,main_screen
bd76a809e346a070a7aba6003acc656a,main_screen
12752a8799713566ca40a663a4e17d9c,statement
e3f19428b91fe0aaefdd592a153dbf2b,credit_info
d8be81a15db9af97d85a9e098aa36572,main_screen
8dcc422535c1f2603bd6d9bb059604d5,main_screen
683a7dcb9b3e00a4d0d37918c4b19a2c,credit_info
cba4dfa772353d2cfaac83a04852e1f0,phone_money_transfer
bd8e2d1391404175fac76335202cb6a3,main_screen
5398ec07dbbc44f6674f5eaf721964e5,main_screen
a9d2534c74259cd2ba090edd03e68a93,main_screen
3768e915d0d599f2b3442ac751dc0a39,statement
727761923eec4313103d14b7fc3c32fe,own_transfer
d8b6400371ddcd826b845ce2128c6fdd,main_screen
390fd493362bf7d4183f7206d7466a66,credit_info
6af27856442e6bf2586342a4d1645340,main_screen
add450ea2b0af022a8fafd58f5d1802c,credit_info
f3177ef592364a6078cf36d046905c6b,credit_info
f717cb5f5b569cdc60459047896263d1,main_screen
f0ec30b1778a2f616a8180c3f52a68bb,main_screen
322975357dfe6a0ce4ab686e103507c8,main_screen
5818562c73cab6ed9a01ae0bfc848e00,own_transfer
e42c7260eb290ba708259d3ef2033042,main_screen
1221f5007f7fadb90c68667751f09992,credit_info
a67a02b2316b3af4638d893e806555ec,statement
c976897f7b1a2dd3f98bae7814795fd7,card2card_transfer
2dcb063edfc9d331fc16934afa2e2947,main_screen
19123e68cf2fcefd602ea165452f0ae0,own_transfer
754c5068ed43720f12c941d64ccbaf5c,own_transfer
0e9e06820f3b330bd4b4fce83718c013,statement
94e09a5ec8e4c5703fa977bd90eb78b3,statement
d25c8b564fca4e5f07bb98b05e8368e6,credit_info
af5e493f185175140c408bcdcbd0c8af,credit_info
0e0c6a9b945646849a42ed0da8597887,main_screen
1a3b63afb5512b23ba3a83af156aa45d,statement
5fa36192d44e17ea995e1e9a904a3125,own_transfer
d5f4ba775547733332f6b7238d3299ad,main_screen
ad6a05e2fe85fb30b5bbefee7ad7dc68,credit_info
87a489cddbf09dc29fdc799e99999c2b,card2card_transfer
c655f3cfb65de54b4a5d57945fd9ce90,card_recharge
e8122be141d5ddf52c277708b0238034,statement
1dfb7a620bb80e88034295bd877402e9,main_screen
316dd6dafcded2f476adcc544a51510f,main_screen
b0ccb4dd8a4f676b5dc7820d63a72392,main_screen
892be92cf09e6138e2ef43891bdbb5b1,main_screen
640d58a0c4f048483ee1d72ce7da5f69,statement
bdc284d48de159994692dadcc8d6efc1,credit_info
3670ebf6dbd3a9c00d7fe5e4bf9720ef,main_screen
715eec76ac6dafab882867ebc11691a6,credit_info
9fd56a84a8d372b70f8d359016e8a31c,main_screen
9873232f14f4d5c06465c4e3342d73a5,main_screen
33be4879288399d540fe02362a875c75,main_screen
a26e7fb4e0a0f760a492ff848cba20ec,main_screen
be6c5f408f5b24e76ad38ed9b773b757,main_screen
ac33a7987ebd807a73b1fe7109a2cfbb,statement
f835246150cc56103aec1f73e120243b,main_screen
4d3461e7a65967dba36d8412b736a7fc,credit_info
ebe34b04d2419a8c581b6639eae8a116,phone_money_transfer
d6a757b36fc1bb55b6b3a65973dac7d4,main_screen
a84d28c6d2bcc629bcf04e9090d0ed42,main_screen
4406b849107afa4298c8c233447ab42c,statement
cf00e28872587bb90acbc9c8ef5dd99f,main_screen
1fb32b6c971b78a28831978aa4e5783d,main_screen
fd1dcb779d7ca90c9f8339b4d89b5657,main_screen
d28d4dbca3a08c29a89e8b0f61b0559e,main_screen
f95b10f93b7ef1c9e9cd3c95be6613cf,credit_info
d5eeae43d5c93f06e237e17a914482f4,phone_money_transfer
ffcb4afae2c2a6b245a110fc76c1f1ee,statement
fc8d61b51dc7983198fb5e7b047791d4,statement
7ee68eb91abf013d65a1219bb376a8c5,card_recharge
ab086933d9489011d19ea7772c1d9210,main_screen
8bb013fb97c2a28d20afe82465e7c5f0,credit_info
d2a5cd94d08a592e06e042558c73ad06,credit_info
b8b2e1b810913f64ac4019ec5b262cfa,main_screen
76a57b17c0a1c1a9c97f332fae22a0a1,credit_info
c4d1ac555c8193923aac74a7e4e8dcb3,main_screen
a31f1e75a62f0394b81cd75ec5930d64,main_screen
89863023e06dd9ac294b2050a921d0b9,credit_info
94080d727f45708780ee792d19244479,chat
9aef3a7b54fc0f15d2a124495911fb8e,main_screen
0dd526657c35cccb10464a90f3be743a,own_transfer
1290ed336c94aaa304858fb1c3cbec0b,own_transfer
d771fca7598688b001eb8e880ee02a26,main_screen
a1493a09fc08155380aaad7b02fedb23,statement
af7574dafcc9152bfe0b15a0c0e59014,statement
e7f8dfd647c02b9d470b1f2c85367c01,main_screen
d70daf262b5d43870bd981bb787ac837,main_screen
4babfaba0a2d5da6c2d6840c268a9c33,main_screen
e4b9ffc5f6a71baf7634e5b9b006facc,credit_info
eac3608b78ea1f0c9ccdeced833a8d19,credit_info
8d9ff933862c8a234d70fff0eeb75622,own_transfer
5544a125f98ac59a46348d7761a17595,statement
5f4ee305ecd6f90cc5f33e62d4b7f588,main_screen
a79003f815f61ba8c9feb10806ea7baf,main_screen
30d9941a73d35087c421f5d5402a969a,main_screen
f3feb2d91e0877a99e2f1caec3ba3bf9,main_screen
3baa798e762bf3c4b9e8cbcb3c4361b3,main_screen
a6981f4adb4bbbc4e731ee671da7ee53,main_screen
c20ef4f6cde7f6f2305ed507cf9172aa,statement
6d31fdcc280cd0002a41db307ac9c763,own_transfer
cc1bc4d21ea23d8894b55f218feb6ab0,main_screen
2ba06577d67e72bf57fe24b2c4dde973,credit_info
d23259bddb8e24c774e4064df08d2d03,credit_info
a81fb93dc2ee182dd36b003a4e278186,main_screen
0ec3eab1f37a5d86711fb1fd4183f263,phone_money_transfer
27a9d7c3d9d369d818d7d6d1db98c2af,credit_info
6bb05bb038918360d01e797b6dedde8c,chat
54bcd311c7c8f0cb3ee35e5c1ac47d62,chat
04027ceacb2dc4a0364d99ff7e962127,own_transfer
f9b6a775a82916bdcd8b184c400c9785,chat
c015c0d2f90445a31c28edb42d525243,main_screen
6021086f171f55cd3b89fcc449f9d267,main_screen
2a4abedad4e6783cc0e1c69961abc015,own_transfer
7fd85280f87d60175db5035985617c94,statement
eb704ff9bcddda83d76e5455a18de33a,main_screen
98e78dd5e15fa7da11455785db2856d3,statement
7bd507de3ee1f1de75cfbaa04d8924be,credit_info
d565883db4ae6e4b8f4811e8d85efec0,main_screen
5d0e8e647c1564beae6a894d3484973c,main_screen
782efa8166dd05dfb035d7dd1dd1e8ff,main_screen
52a138d2913af739aa0431fb2cfc3752,mobile_recharge
14372f33c3049cff8d9c45f97d80c667,card_recharge
7194d56c93577cfafd3d829f6103c9a4,statement
a45df0e84dc951a6fe73d39e962c7923,main_screen
de40096d2170ef6e2460f6108d30d9f1,statement
4c90d73c162ba63f2887e8b56e4ed502,credit_info
7167c940bfac2dc791f4179bff848c73,main_screen
7a9d9478096aa1553c033925b8526b1f,credit_info
6a341af372afb195eebff47dfba23169,own_transfer
8dcebd2073d44df4441702df14b6634d,statement
6da4733e378d6e9f6644d6a08bd4cf17,main_screen
33bc3e74263e6ad73bade041e9f11b43,main_screen
2777d8af06dd02e6e11c9177ecd7b116,main_screen
d99d895fddce60bf6096ce44e9399594,main_screen
0a80873a2e6acc081b8e5cc81ec0a036,main_screen
da5354ae84b50df7ce3f62f210ac3465,main_screen
70d55cba08afc3d7fbb4b6776fe8bc24,main_screen
c51cb7084787c70ce1526c81fa89da15,main_screen
60c260afd3d8de35a4d6ed001f9c3d1a,main_screen
c234bac0ef1ad04383c95045ce2f59c0,card2card_transfer
68a87ae47db140a74790a7c4c896f84b,statement
b95796d3890cce7f80372414a6ca7631,phone_money_transfer
c78cdf26660a600a7e3a7b7aa655f5a0,main_screen
914df32af5634af6ecae541e248be9f4,main_screen
5330531cf5f2a6f8db400eca9963c7c0,mobile_recharge
f484056d00e0af99354ff945102f8dda,own_transfer
5d2513a94045d745a11de114c7b59bdb,card2card_transfer
6af6e7388be01eef8a6b6198dd5e09f5,main_screen
0797e4ad77f0eed4a0401b1170590b11,main_screen
2fcd326be51ba4f178fdada6d556420e,credit_info
3f4e697b0bdbe5fb8decf988ff7c86eb,own_transfer
bfa1b9e836f3000045a83504d5a18be7,main_screen
cbb783bda4ee4c131c6f1493b789544b,statement
81159c39354fde04c6bfe46bd1b2703a,main_screen
6db9bb924e573da011c2c235e5ac171d,statement
107ec28a00a69e39d8101812face70ce,statement
74a9a4bf19fce6fb6d64bb7a5559f22d,mobile_recharge
6c4aaf9174e40a49689c6731ea6a3f3c,main_screen
fdba953b6e3a1313ddc64c54d1bbcfe7,chat
f969f6dc831a8a94cd9f1506f43ccd83,main_screen
c9d918841c43710e343ab4f4e86781d9,chat
18df0088cb2d83d5b3a6f16e4952588b,main_screen
6c992307c9bd5239693de0343c202d2e,credit_info
7db394685c3c8b51198c58e23c4a42a7,main_screen
56a4125ce7e757c644c004340cebc0fc,main_screen
e97f8aecbb674cdcdd74b84f7c8364c1,credit_info
dfa401e773f603883ebcb0f103703e77,card_recharge
3195b5441e0a064e9c3c4581cb683764,main_screen
caa1b58d8fcad7f3dd8e684c939813c2,main_screen
3c332428559d43d3d44eec5283b149a0,credit_info
f8bf66a24f3dd391c7f6ab57385bf368,main_screen
3947302d2968a11f2c522ad580e36059,main_screen
d2aedc2a9bde671af079c9c6ebc5e243,credit_info
efe0b3dd156c845b7c2e75a6d8ea4ad2,statement
841dfb304c6e32f2d850ecc6500d9f17,mobile_recharge
77d0485416b374f1de395d63774aedef,statement
2ee00fd042fc7b158c504f57ad0a4b55,main_screen
260d0e4a2fa4d151cb37582562abb7dd,mobile_recharge
33852b3174c01ed609fda83bbc6b8777,card_recharge
a9a241e7cffa290f17a48653e90b9b0c,card_recharge
f311e67c53b8c5e678a6bee4d53ada52,mobile_recharge
c711eb1f86be41aa67b2652953562695,credit_info
55ec7b4e1200f9e961480589244db883,main_screen
ef9d98818360b958679eb43f2d09cae7,main_screen
867e7d86b2f5dd77c37da85739e2ef56,mobile_recharge
d48ab10044d48d5c599d102fe4dcb251,card2card_transfer
70cbbd6ed2b6a99256a22fc9b6ae0e74,main_screen
2ce636f50ead38c4cc5864adb0974c11,main_screen
dba5ad6fecdf5bd3e8a4298439f20d12,main_screen
b8e740d7164745e87e38c9b911d6184f,main_screen
e1370043cd6a903e79d34f51470182a6,chat
e192c2b2e360f706b996e4567efabd77,credit_info
b3e406b9c18e36e31f793a4539d26ecb,main_screen
7fa5c2ceaff98dc5f0750276e9eb2b5b,main_screen
ac9b6b6a19401f09ddc80b0e9433a5f1,credit_info
50ce519d36117cf889d70261543d44d6,statement
ee335193abdef54bac5966a7299a3535,main_screen
a17bf42a5616d142d114e175417ebaab,main_screen
d952d15f491738c769b9e9205b594453,main_screen
75711cb80f9d6806a4391453a31859f1,main_screen
68d4684eb0349bccff4a07f2d811da77,mobile_recharge
3a970f724de591349e1cc9140505b5e5,main_screen
c8dc19be65b7ac1d360dbaebabfcf2b7,own_transfer
0178ec43096f5acf2f106d92809afc73,main_screen
789726986c5fe2564f3ca355e1ab42c8,main_screen
9904b7a928f04672953fb3ac2a73cd02,mobile_recharge
594b44f93858535e0e500942f2aaaff9,main_screen
5e82c61ef347f411997b93a8cfa8722d,card_recharge
8ce71806ae524f6c6275c03b38580a71,main_screen
5603b15a18d3311ccea55c41e66e607e,main_screen
743cdbbf2fcb4a89295fba207b923a8a,main_screen
203d1fcd2630a60622a62943e7ad3557,credit_info
c169ed40d9f7539d27a203523e20fb6c,main_screen
e05fc3de23260c70f9d18ecd395459a7,main_screen
02ded6fa330cb21e00f76c210424a1dd,card_recharge
fc5301915e5d8dc4ab2da81853f6fcc2,credit_info
ab93ee06b39c4350a3c938ac49eaaf56,credit_info
0f46fe705a51f697a8b11ad8366410fe,main_screen
e0bf1be56b9ce4358c765f02342de35b,credit_info
95d16843b49ff2444d2980c1d7a3d12d,credit_info
8f512ea6aa47e30006fcc12c431f5065,main_screen
eddd4a3541e259e0d6f18dc5bad09fe1,statement
0dc2795e00a36b417b6cbfaf592bee61,credit_info
d1da9aeea54eeffa6cc32e73c8e5bf97,main_screen
656309a8f990ed5ef2e668567c00f7fc,main_screen
b9e2da6f261e1a8d13cd91f863a15675,mobile_recharge
9874e3280886e50ef34a7dba5e970675,invest
b735b6c8a6fbd377e7daac3fbb985d4e,main_screen
237ec080ee79ef01e6e16ea63a397b0e,main_screen
9ec88e111f408d0c8ddfb436213d004e,credit_info
4aaafdba3441c1c0b7ad50b6b8338e67,main_screen
18f56307654c2266c548c29daeb0f7c0,main_screen
9c34fd2517b0f3c1807902fda446a3b9,credit_info
0da058e70ae8ce3dbc34c47a9b0d3a6b,main_screen
7cfb7ab74939fdc5820945b4adaa76e9,chat
8d77220a938ab7c158008bc06224e021,main_screen
f5933deb4447af8ba720658905123b28,main_screen
0f2de0b2dc7daf84dad3797a13599e0e,main_screen
402d8c7e0c62348aeaeb447fc2b9c928,main_screen
0fa7907ef5e3a9fe8701d38c5064a591,main_screen
66cf8786380a7216e7b756989b3604a4,main_screen
52bbd860a2c1c4ec610bf8f5a0bee6dc,credit_info
3a7174afd29b8ac00158a3ae70dd6c29,card_recharge
90e74d30eb128522787130cf45a825eb,credit_info
1e8e2656b8969c631e71f3e2e63e7d1d,main_screen
31ab95bfa61ce423734cdf9167b33d72,credit_info
bdcfaf88c96fec5aad05d659c3eabf86,main_screen
4946d8a93de8a2956baac8da2d15f020,main_screen
efbd5733a0820e8cb644ac8a8508d3bf,mobile_recharge
f8eb30786bff241aa31031cbe60dce76,main_screen
31e41752844dd30e5c4811f3b7915ea8,main_screen
ab9dcb9f68037fb4f91f8b63ad11d25a,main_screen
c78e085fa9aa0466b6302c7ad4f03b8a,main_screen
af7481924ab6bc5249a1ccd5708d7e3f,own_transfer
359398a9c9ea4585c889e47606d9523f,statement
83307897d6a675d9e3da8d032ab23513,main_screen
feafa1f951df95ca8b15dfee33a4a0d3,phone_money_transfer
153710c5e3bffdce644182101802a7be,main_screen
450931c081dc26923e432febbd841bc4,mobile_recharge
1a61f01472c8fc59c1f307630f6b1aa4,credit_info
89156fc86441c8cb36ae561cefd98132,main_screen
60f9dd3e647d5b4dc08af2e9d8473d9c,main_screen
abd847071f8ba843ad9a8138f2650f1c,main_screen
c3ac12e5e3647273039339e0eedf4cec,mobile_recharge
956b823a9f280116d898048a955089ab,main_screen
b4e2d16b534a6964afa0b42a28b2d681,card2card_transfer
01d7d6f589a25eec420dd8f9bedda795,credit_info
a3935dad52a6bebf2ee61c53b5e6fa63,main_screen
cf620e55fbdcd12cdae34f1ced7c652d,statement
bfee356a5e0b992ebbaea114fc7f3268,statement
1654b22c7db03b58e9b2e88b8af7c76b,main_screen
c07c2aa8a8d2808e47d69f846697a483,own_transfer
2aa04ab12b691fab8dedd9960edb3622,statement
a189d576759bda443db633669cb28f91,chat
8fec772eeefa298376b3bb1085fda6fa,main_screen
72f6ba327a490b49424b4ff0c23283eb,main_screen
fe9524cd71d3ce491d1bf360417ab7bf,main_screen
95ff5e4c313eab543d631aa097f250c1,main_screen
5b13633b8e947350f74a7e60a6dff372,main_screen
f395b69e7211d0e719e1992b50aad32c,main_screen
a6324a3dbfc8349a8b675e118c6e62cc,main_screen
130155388fe024497170ce1246aefe6c,credit_info
73d35c8072832dcdf143c114aa841d38,main_screen
1eb875113b0370fac09a06b96698fdbc,card2card_transfer
935bc1e21bfeabd6acdd23d3dcd08e89,credit_info
e7052b214cbd412d0b6d087d9537d7f3,statement
204cb6257b3a55e95758e7744ff8d0ae,main_screen
c97eaccf4d57fa4dac3cbdc9d2984c63,main_screen
9f0ccb6aa069b59385cb8b5341758528,main_screen
ef8408a281384e3ade8cab4c1a1cd69b,main_screen
321fcf55f11ed1e85fcb23772b103c7c,main_screen
4cd55f04c922bf0a564c747b492e4632,phone_money_transfer
d581bbaa782f59f618b1c9d71541e54d,main_screen
46c61e30d631985c6c97387ef5797b00,card_recharge
bdbf100409d5545610adfa2945c3c12b,chat
a7595e7af85ed47bd5d75ff86844f866,card_recharge
dbc3f2bc9e37024eac994d2e72f2cb89,statement
3d24e43340b881114b696ce679c5e9e9,main_screen
14aeaff64f0027cb75a484c97db6c9d9,own_transfer
0ed6f44f395d2176ffd3797917fd5d75,statement
0ff4257a967c6a3bafd54825bfe1bb74,main_screen
41260cb02c5f750a22d111a9859588ab,main_screen
d75fca930bbc17d5ca749d9924ac44bb,main_screen
27bf37103e068b44dc92c326ffb5bf96,main_screen
ad219febfd52520def3d6080cf7284cf,main_screen
4e6ebed24ed8c9a4858ef55e8e4e54cd,credit_info
587da1e91a68109171abc185250efbc9,main_screen
5b65d141335b706aaf5a9a56ea67b7d4,main_screen
2699024e6fec1681aec77cb3ea3e3b4b,credit_info
bde2e5c7c35657d4e72027ed31f7dafe,statement
a75920aee1c8c1c58cf0344ace27e748,card2card_transfer
f133ada93fdedfc2b485711649bd8bc1,statement
3bf8de9051b5f1664236fcd37089ce3e,card_recharge
7814a4ad07a43b3769676d9bc3af24be,main_screen
a41e93e6f422ab0589ec5642990faa10,credit_info
9e7c7dba57482d691cc4c1d32337a40a,main_screen
b05306a6eb21f88b96e61c2663a1dd96,main_screen
3bc1f63f2f7111cb124db213507613a0,statement
1483e944273a57a22e7e1e3ad5a1d2a7,main_screen
612204e0b67cd3f093b30281337c7db3,main_screen
d9a0a5d4a38ac04f4bf7881711a59428,statement
3cdad867aeac7c3548f03ff1167defa3,main_screen
8ce77837c785142d1edb5344a2ca7d89,main_screen
2db13a22082c8bd3733c95a218175081,credit_info
a1d0d713b74dc69f79416d0b1dfbc06c,main_screen
09df31465700cd8757bdd38ec9dc52aa,main_screen
5160cd3cc0e906641ce591dc2841b4ea,credit_info
cab532c1b2a6a297dbbe120d04446eee,main_screen
ffa776fc0f60306ef8dc11bb9512fee3,credit_info
2c4838354210d771fa37d156ce3e6507,main_screen
52e516f872bdf0f716569046e32647fa,main_screen
e623ebe703672641076821aec923f1f5,chat
841e53c900c91e955e5ce3ccc9f50661,main_screen
d7070fb59aba58f1bd59a57ab2834a04,main_screen
ff0f1720332ee89b4af6d07c4827aa0a,credit_info
cab8f61ed18fc4ecbd89d29d7881b32c,mobile_recharge
89f694b8382370fc88e9707ace48ef09,main_screen
d46109e532212abb8a85c116520b97ac,main_screen
6fc60425689200c7148cf8938a8d9286,main_screen
c36d83f72602b5bfc42d37a8c92805d1,credit_info
93202e200c5b32996f5da85f39a9cc94,statement
6faa32737fd3175920c5e2782b5302f7,mobile_recharge
807366fad6ecb2e1d3d7bb9d144cfd5f,chat
1501662cf41b301417dd6375a78a70d3,mobile_recharge
c0b7bd32af4f9dcda06913a36ba3041f,card2card_transfer
e492ca2c9ad2f3b766dca3e417168879,main_screen
b5359e3b9c8d161ed142d35a89e3592e,own_transfer
6719d9eaa180322ed12de3891bec34f8,own_transfer
73624dd60b5acd3340b4368e7c3bb65a,main_screen
624d2d59d7fd74529ee6dfc8391bc738,statement
9e561cf5d86f773b1d8207f4dbc3795b,chat
3d857841e276cad9bfccac87ac944eb0,own_transfer
2572e0c96441321a928ff4dd52e6630c,statement
d838978db77118de5d172fe3a8126b38,main_screen
37a9d23db052bd2faf5568480776c666,credit_info
7e41a7693fdee8279d98393c8ec03461,credit_info
f787a711660ca1b16bcebe15b4526046,main_screen
fdad4626145cbc36c74b781377463be5,main_screen
e73885e48af0550727445a12a93f6edd,credit_info
c9724a8522c70b5bb7c14896ab5be5a5,phone_money_transfer
5028854aee4d89d3a661a1297a755a79,card_recharge
828c91d2fae0888bfc6149830061d246,card2card_transfer
a66059f5cc663499871b1d5e6a40f4b0,main_screen
d8b55179f42b98bb77c5788cfe5a3e4d,main_screen
98794864406089b94bf7bad112881045,phone_money_transfer
d05c5c8f9ea43c380ad8bfaf068c34e5,main_screen
8c0633761502b470c73cd88817d38b84,main_screen
3c84d8322d9eb291ec79936e66b7c630,credit_info
2a2dc902b90320413086736f4e469bd0,main_screen
be76c74a260f2443888946e93af17a6e,main_screen
884337e529f00a5b7076f6d1cc686a65,phone_money_transfer
40200c5792cbf0f51a2791577936a194,main_screen
0122a6e90dc0a25ef9f518893b5897f5,main_screen
81c25d1c8074557627130682c027805f,main_screen
0dbc92423f11562f8e5ff26fb293bf47,main_screen
91a5daf0a4141c683cce1af181abfdfb,main_screen
c7f62cb21753fd0468bbd3bbf931dd5b,main_screen
1bb8413d7dfe848aeebd34b7bc5fa3b0,main_screen
d4f5b64d709159673f1fb78424b39549,main_screen
480bb72fc9686ad7c38ae276e2fa0785,main_screen
209385c3d079327dbecffa4b7f7a36d0,own_transfer
6049ebd66c885aa6faecfd38b34e0326,credit_info
c30240d2f24af3138c3a069ac6648d43,main_screen
a49b35e6a7d6bd1cb7f63aa69bf28d67,main_screen
2faa498fc2931a91c0c457a9df9d4d95,statement
61d4189db05104fd053df1bce1c6906d,statement
6b6e9c6d2324c6d472f370b3b906f98d,mobile_recharge
b8ada316d62e7086f4d91d0efc925a69,card2card_transfer
7dbfe39a0acd90ee2a7dd0479186dfb6,credit_info
9eda76d118d634fb77e76f1ed953ddd0,card_recharge
ec5b3601287abbfa9b38ffc70ace3079,statement
deaa00befa1806a94ede8e6be1ad0f61,phone_money_transfer
b970ae355001d6c6a0908b2aeea76ebc,main_screen
3ebeaec425ff1747231ad4cf01f86df0,main_screen
b5cd6db2def148ddf4fca45beac12f34,mobile_recharge
7845272cc94243eadb7d8cacc62b5d4b,main_screen
767d9876df202aefc21b643addd20f7b,main_screen
0b783f85499b31244b4d6fb31f213bc9,card_recharge
22257850ae2a7f0a3202fcb560a306e1,statement
91f7a286b0926bf2e691ab7f9b1a12b7,statement
2af0549dc9d79769defe9793d671155d,credit_info
5ac0d07ecee0354da803373234e2681d,credit_info
8a29211c5936a77a959ce47dfc20944c,main_screen
855127af79d33626277b588593afbe1e,main_screen
255e0021f6ee854d52bd3cb2755b0b6b,credit_info
489a24e794a298cd1d797afd3d528c3e,credit_info
47211d701ef6578cf4aa8ba4928988d2,main_screen
37f8210b4bcc16953dc65b0be7c1cc27,credit_info
0c0526b3c54f58d72a50565c85c2decf,mobile_recharge
1f716015033273744f48fee921e19f3b,main_screen
72e2043bf45bd7f1553813dee5dc0f58,card2card_transfer
748fa26cafe40bddd89333a888ef269e,credit_info
8628798672a1bab7e85439d80018bfbd,card2card_transfer
daaff6fed2497f74a04badd1cdfc283d,statement
77500244738318f9ae32b53c2f2fda46,main_screen
e51d84a12d7a46433376c4a801edbe7c,credit_info
7f8cfef5ba836fe82573213c9d9b9c95,main_screen
303ac4ad6bf60a46c586ce410297640d,main_screen
c89fc96b32bdd684de5827278a2346ee,mobile_recharge
e5f857c9c5beb8acda0d3d1b4eab3104,card_recharge
90bf6b33f68eeb140f3bf80a3eb68aef,main_screen
6abe042ff6f312af47f3aa76e7f5fce5,main_screen
21fcbf52a17ed6103ffb9e1a4f6ccf56,main_screen
bf63321f6924f8fd77cba1d5c203e7e3,phone_money_transfer
675d7c9fd9cdbac5f2e7e7e8babf334f,credit_info
fec87f2a844a419f8030ec0afb0f11fe,mobile_recharge
7461f7dea9425194f21cfe2573b327d5,card2card_transfer
07108196ab3df6f346ad1342dbe7abc4,own_transfer
42d022de2a6b5fef9517b796dbbede11,main_screen
f67bebb95d4af6c4e5f7e9eb62aed3ba,mobile_recharge
612ef956aa7ec91e03f3aea6f4918c5e,phone_money_transfer
6d138dced88fefadde62db164365c0fa,main_screen
3e01ded9390d655ce604b7c6471d943e,credit_info
9aa5fa6c3086456f727fbc0f147c790e,main_screen
306b677dc62aa80d8793622dbf767c5d,main_screen
2512228add0aa14b88c9033c333d7496,main_screen
516a4ed629cfcc1c8245026d0d2bd65a,main_screen
b6087232e7dab99f6e99f0b43f0c4bbd,main_screen
1d4536dd653d3e265df9d04b23d48005,phone_money_transfer
e880081cd42dc03bcb31d608db224d6a,main_screen
38d29fc1a7dc8d5fa73d8681dd208a80,statement
bebce7601da4c38212473ddecc2c671f,main_screen
d6cc8c16be0f734fb98bd1e080d8330a,mobile_recharge
2e37794e693c5dbbeaf453c515eadcba,statement
f3c972b4af80234d18294edb9d365109,main_screen
7d2a4a3786873c0ec81cd7688d52d2c9,mobile_recharge
9522c44c32b20819df6aaf5db11f4f7d,main_screen
bc8e44d0d2cd67c45fe0999b1ee92299,main_screen
761ef6a9ac6f68f3f5b11112d6c299f0,card2card_transfer
2974e4bcf57b4cb47a6d638a6b8012cd,main_screen
7b1a6aa4922c1aa3bfd94745ad73470f,credit_info
2bc48ad69dc4a43cd831ae810d869d83,statement
30dbc0f64b5f6b624308e19e977d78ef,main_screen
d819257076556b4f45351be4269aa885,main_screen
2a87ba841d52e6dd971431cb827fe03c,card_recharge
79eaaaace29b3285fd9c2faf8b808e62,main_screen
311e76f7cc7fda1ee63c810a17565bca,statement
41d7ae6ef1fee5ce0feee823d99b1270,main_screen
2f1056a9da4a3f96e68b45e9a1f58471,main_screen
8fa66a3a7f750822e309477662ed82df,mobile_recharge
4b36ad449676d5e88a0331fa0b068779,credit_info
e7161b2ff7b60501f414664cced7494a,main_screen
404151551c0659ebcc9d7408ae07ae0b,main_screen
edb068f75d21335e42dcd57ec16c3304,statement
f26fd8ab284d5d62c0a264b56cc23885,main_screen
830ad31553291144c1378f5d3b47ea1a,main_screen
047f7a9676826da6ed97e32ef682756a,main_screen
0f38c0fcb52397a2c010c11d34de3d5a,credit_info
54ec500cb85483d41b1c890010745583,main_screen
d56702d9b4663be9239548fa5fd49c60,main_screen
56fc53934399b119453f0dd260d7b9eb,statement
d7284fdea1b5214ba1acdfda9b6a468a,card_recharge
421321236c3f365284bd18edb082df10,chat
474b9f6298cf4405cbf79b504ab14307,main_screen
0edb69175c059d4cbc5e4944058e57e0,card_recharge
67e978ecf491ca3c5a4c8310a7c33104,statement
aedcc42632c23b33e16b747b49286ac0,statement
60ac820475b4603d2a1ac561682975ad,statement
390b8a3965e2c1fe12e83674a5247358,main_screen
a718ab3a22cd6805a51a6b54093a4457,chat
488524820cf16ec538a83fb0efb5f293,statement
0a06ef9d0723920c6016c9dd2bc0f7b2,card_recharge
2029ee8d8aa0e09b52ef5f73c9fbc92a,card_recharge
820ceaf4da0d42dd3568c12717cd6d6a,main_screen
c23193ce462d8aa2573f6dfb890f92f5,chat
6d3f4dfc4e05c5305fb196b7e832ca43,main_screen
ffa2010f2de39bf698b8fcb529d78ad1,card2card_transfer
616cb6d0d4c97cc90b8e860508df7c10,invest
85810fbaba0eac20a914ab14cbec295e,main_screen
8c5bb93bd3ceef5d0ab3b4e98817f570,credit_info
00de6ff914485542c9073015029552a9,own_transfer
d7945fa13837fa7bf20ca5dc1101abc4,chat
9b2cc2dccd12942b8eb43085987c77ec,mobile_recharge
8c24abe1d356831ebad093b5c94c23ff,card_recharge
c2c1aeb25bb78b75bf984ba18ddd3e59,main_screen
50dfe17e5a5fc4bf4fd92f567de6a559,mobile_recharge
c73ec3ea276a1fa0f21d8e85905b4acc,main_screen
925e8604cdca217a00e2c4d8e75de3d9,phone_money_transfer
9105bcd0a7e0a655e882b35c9618f21b,credit_info
891dfe32d46d97b346c1c40bb602301e,main_screen
745916cf1cd2f752ef17e9a4f7e18e10,credit_info
a0b985a810a18b97605288bfeeba6cf0,phone_money_transfer
f158fef7b57e85bf0d8d9d2f646ce5f8,statement
6f9e4aee6fea14d660353ce0bbc77f3b,main_screen
1de367e009e73831b95314af57bb6106,statement
274d0da455a8f81d16ccd07c14cdca15,main_screen
1fe648a3ed0e60c3bbe13f44bf59128c,credit_info
134328c99585514e8f2f19ed4745f58c,main_screen
de9bcd9b1c62ab6643e8c43a3856a4ab,credit_info
230e2ad4fa55280585fdbfb29508ebc5,main_screen
31857f036699f0b1759e75d76195ac14,statement
a1b9a92f16dee95ad643086074c4c4d7,chat
b92025b14f97a246c5e0cb06a0be9241,statement
75cfe6eea87b577b9808adec4ef2a413,card_recharge
0a6e740c240e3d3e0c59ef89a9a480e0,main_screen
85182d916a489b65f840db58afd70c64,main_screen
3328d8c4b319f7aa712d6ff5e9dad2e2,main_screen
beda26c5e0b531fab5a086c8b490493f,credit_info
07c3f6ba8e43290e68d165f126bbfa8e,invest
d828762f6d90291ae2118ab98ff60324,main_screen
8146f0d8aff9c57146767a32d0897c83,main_screen
019b70391a4ed63095664f1118bafaa0,statement
3b05b82f9735bb60c50bf7494673d0aa,main_screen
4bd77503d5b104e88d33e1d4d36d34ab,credit_info
8a8372a577c49de48d9bdeb4ca36dfe6,phone_money_transfer
c9617417738c220253f67e4dd89e5e48,main_screen
9b3394709cdf36624e0cb21d12fc535c,credit_info
f072f276cd741f9827a41c1e2a7c17c0,main_screen
d877867d063aaf50daa4c090ad583ca5,main_screen
f8c733f5a9b9f20968c806e8aa6aec23,main_screen
1554cd90c65ebf62606b2141ec7166c7,main_screen
f78b7fb5cee901537c5f99146796cd4e,statement
adec11268c02f1098c2f4461e4231914,main_screen
3dc9eb335d077d62328b37e558b6bc2e,main_screen
a60ebcb05785c513523c8b9faa3e549b,main_screen
64277277365cea2d5aa920344a193638,main_screen
7a8197ab609fbe04823cbcee81a0d5b3,credit_info
6caa74a808cc7102e4a94140239988db,main_screen
8606c0d4eec7d7e7ff63d915ba4d3ede,card_recharge
7272b850fdc4b740ef8270ddd25b3005,statement
b67148a8fcd553d968c29560e4113500,credit_info
3b669e1f801f43a8158d67052ed62d25,main_screen
d8e09166fd59ceebbd9fdaa7443ffc71,credit_info
8bb8b3d63f5032917cf5fdf1717117cb,main_screen
c8e36b8a1da1d86deacdcd6bf5377718,main_screen
615e615c9b77277f6e574efcf806c430,card_recharge
10384b8b1a5414625874b23ac8f50fad,main_screen
021aa0659fb84381ca5b747e799b36b9,main_screen
5cb66cd2ad39ce656e44ac4ad2a6509a,card2card_transfer
e60adf0ed5a0dc3f0052879f87a20ee3,main_screen
11e5c93ae7bfff0149a859fa6edb55db,main_screen
4836e516e739558ffb715c270e275f0b,main_screen
0be7b982954167540929ae7cb9d23b52,statement
ec01b089a856a8321fa858330743f525,statement
dba6da07e155a475066372c30cb201f7,statement
7efb77bfc65a8a3555e65a5e42336352,main_screen
62f8c9622610e20f1db79ccbbf55f19a,main_screen
4a78e9b07fd79ba8e7c77ab43030aef5,credit_info
d8f637b692cec588354480311939b0ef,card_recharge
82cd8382badc73fc47c6ccb4f2aaf332,credit_info
9654fcb55eff0d8be73d6944dbd35d48,statement
1c6c42249dc9faab11a3059717530409,mobile_recharge
674e47f71640960e154d6730004b5110,statement
8a5292e9135b70aa35b282aadc5d705e,main_screen
4265b2e2ce35f40c78f02dab8f202670,statement
e2300ecb3dc36001d680a6574e186f5c,credit_info
d28f3d6d8ef4cad1f88a41f7859e7535,statement
af0810a70a396f97af1ffd193c42263c,main_screen
eed434a530ce3554854ed4159577e463,own_transfer
58560d3d225c362ecc108caa9324446c,main_screen
7bfafd6ca7e527ae7f3743f46a254aa5,main_screen
ea2a480281fef2e92a1be5276bfe1d48,main_screen
97f89de81f5ed26f0a7f45213cb1888c,main_screen
9863194e10551c7f7dae81967666e587,main_screen
72510fd167a50f8da79d89d3a7d6a4f6,main_screen
a47f54190265c2cd49b30652685b77d3,main_screen
ce48f5dbe06e11c643c568c9b10c3465,credit_info
577e60a9782f3529702a6e431788313c,own_transfer
f716a4392281d11265b024f7666629f0,card_recharge
e97ab0f69b7bea8bba5a0581ec0e27d8,credit_info
a29ca2aff02063b54e9871cf33a86a8e,main_screen
0a1225a30633a6493a4c09108dee4f24,statement
ccf08b3aa9fd47394d63a965a3869ddd,statement
64ef67a23e4f6a029acd6781d5227758,main_screen
7c91c7316cbcdefa93d8f7b5bb1a4a59,card2card_transfer
09868fb01a45166010c25b6fac73fdc6,phone_money_transfer
c3b5932c035a9648da2679fb27de9750,statement
3a8ad8466ae9700db718328024487793,statement
ce901cd0ce9127b65adc0fc7f38ab4d6,statement
392e9864015d08ace0a3d2113faa0a31,main_screen
31f4bb86d9c19bf813d028894561f44c,card2card_transfer
8f9e99e109ca20a6679ac55e0debda17,statement
85d4e82ff134cb79852265c759ed776f,chat
789c4276d5d11181dab1f58f62002f6f,main_screen
3155c7d7d2f4cb8d8ae7a37ab64a30d1,credit_info
7a77d869938a0f602b7acf026dcd95c2,statement
a9c9d329c4cb7d6b6c3407fe4ebcc289,main_screen
6e238880e108ecfb423b2aaff1c75a8e,credit_info
86c124b5929b51f7862f675e83926e36,main_screen
c318d8870bcdaa7d8eea3d470722ec38,own_transfer
95d1e83770535b0fadde47b2370ba5e0,main_screen
aa3d73348e4e16692b3a7fa3b61c230b,main_screen
0866376f8de762d744c952a6595e2536,credit_info
e4ef7371ebaa92967541706a3c851f9a,statement
7e70063958b362ae558776871203ff23,main_screen
d51dea9900860071d7e8f504dce547ec,chat
7dfb73026253e0abb76b4fb8b5070e81,phone_money_transfer
de0350711670ad82445866439887e0f4,main_screen
68193b59d0edc0eea80ac948538c7ba3,main_screen
43fce934ca3beb555a5002636381337b,chat
00d690592ba3b3e532845bebe0f442df,mobile_recharge
96f184bb828254003e581b00534012d9,main_screen
6bb2c46f41f9686b52c67190e467cdeb,main_screen
894f77b8c5ee9ba5555fbdd82f8bf8e2,phone_money_transfer
dfaa340013e967e2e2d0df28a69022bf,chat
ccb03dc65edbdac9f5410d53f2d39e46,main_screen
ae43ce473b8329dd13ab0f139d2cdd51,statement
ece0b72294f79e8987abf94c7bdba545,invest
1c038e70e43af8d12a8bd25b00927ef1,main_screen
05e202bf0aedf1901f56697e4aee8d38,credit_info
be25b4bf465e4388dbeadc943fb4583e,chat
616d1c3c53c196202db242c60c9afc1d,main_screen
0cc7fc012e8b0f36818c0c4063109ef6,main_screen
0952ec2150039eb9a13e93232f240905,phone_money_transfer
6efa8b5238612deb4f285ec74d402c72,main_screen
4676bc7a7f992586e30f8f9ac2712699,main_screen
b06af8e6f52e59942137b80732af8867,main_screen
9eb297f45a2a149e122ed3d2fb8a5583,credit_info
7a69e87ca609ac0db859c2d444759b88,mobile_recharge
acde1b15c5f5aec4e250acebb7684e97,credit_info
a619a8c659674865685e6590e9f474d3,mobile_recharge
88cf80b39750eeb3c1991bbdb899912a,mobile_recharge
b412b35842535a4d9edd5e0a989c8ede,main_screen
6257a109e3c9807bf391efa1f0f8b5f4,main_screen
7b1f1e09e852916a2291c6ac0ff08337,card2card_transfer
0dc3e809342758d31093abf892696409,main_screen
c5c7b93152f547d5ebcee667ed26088a,card_recharge
31f39b18308f6b7adfa81de72e27467a,mobile_recharge
db36d4bcdb3d2868cbdf686879015fbd,mobile_recharge
127dca7771c8d5bdaaa46770bb4e8864,credit_info
b0ecc7bb8c05bf76cb34e9a319d5d675,main_screen
28a91a390687b33308cb988f855dc99d,main_screen
c00d0f40ff71d3f82cc7e0a3cf8b090e,credit_info
d6ed3a872a749d0626d6c53dd56f36fe,main_screen
a1c156c1118341e44b3123812a39d60f,main_screen
a1aa2773ea0c10856a7df5a44dc4cadd,main_screen
5f94ab0838f7522937ffb2352f1b8962,own_transfer
035cdacf97a1c9515fe67ca8b52edcbc,main_screen
7eec1eb2aa0336ed64cd236e707486ee,card_recharge
3c6f002367f55c482a28227fab26ff74,main_screen
e25f7da2c443d0a890cef94b5a68b994,main_screen
6fc65b51ee9bf01132c9d957c260c43f,main_screen
3899811ac0bccef00c78c61bfb3111d6,credit_info
b51408cc003694a7ad79a297a7a1c64d,main_screen
5bbe78b7cd0c373402b3b90e71b18b03,main_screen
59ee2c6ce930348a1671b6a4673d9af8,statement
7a2e9a7cbbec7f6864518866e698e67d,main_screen
e55fcb8f4c8dcd3ab2dcef2c018d3b64,credit_info
cfe31c95d1b1b091d6a63ee68947e26a,main_screen
730d03331b2dc123eefe7618f7cab245,main_screen
447703cc5899773dd7f7089525ad62ac,main_screen
279a30602b78ce9c0cd9665d67e936e2,credit_info
80a130a6192b82ae948955423e201c81,chat
7f1a9c4f977c63d8f9710604471aa564,main_screen
abafeabeb7642c37c1a720d6063abcbd,main_screen
c4c08774b69070b55dfef0549d30cbf8,invest
d3a6c2b08955e4a6f047475d87f39fd9,main_screen
5a06b3a01f52cd00bba6d2a89ef4f4a4,main_screen
6d165eeb6913eb0154267147402613c8,main_screen
79a528cd2cf204e09485bfef5bcfb0ab,own_transfer
29c07f46f082146ee19cffa8528fd468,card_recharge
984ed462d8613c11ddfa446cd65963a4,card_recharge
ed4b3a7b8dc23b38b85b63ccb3aa5bc5,main_screen
2bc06ecb5f7a678cfb3ffa98d425a48c,credit_info
9da319cbe825967732b9588ab8421bd1,chat
22aa4b8470345ff09b863ef9749db311,main_screen
e331523676acd097f1404af6df05041e,main_screen
1a3677f339fa2cfe05b084bbf4fc84f5,main_screen
716071e00540ac45e8d69552b3a43a29,credit_info
1374f29ac221db438c2ec5a900443068,main_screen
6751a82343a95600c3ee4b8cb2e913f9,main_screen
2bd7a9d869b5b4b4af494080d53a32f3,statement
0f6acfb67f40d73804d568fb83672e95,chat
319b71c9aa93c37ff3e11a254086d622,chat
0107cc974201a4eb0d549e3fbe531698,main_screen
260be7e83b3cabd12774f3dbda50bd2c,chat
f7354b0861bdac858f9326178ac03ebe,main_screen
1bb9d9ad5002a6c509bacdce6a7d5ed4,main_screen
558151f90308ae12f0da9f387814a327,main_screen
916e529f13e4a4f7112a0b98ad9b58b8,card_recharge
1c916a2d6402d915a3fa858e4fc982a2,statement
04bd0fc3d80601a53060514cf7cdd4e2,statement
8ad896a6c816d8a3d2c05815c2cc0085,chat
ac14c30f9d6b91f05e44e63591f90a8d,main_screen
f20795b556efb9e4f4287664f9874aa5,main_screen
5d2ede7b6c8645aa9044a90c399345bf,main_screen
7350342ddc9c5b818658351b2ba7ea79,credit_info
3de3751cce9b9d0b1e564f7903bc2c5d,main_screen
c814cea6563e9cd2b8da5ac7a9bc87fe,statement
e41ae2e67056c6d694f1c5f0379d2b28,main_screen
ad41e18c6a56ac2ff64d269bcaa2142c,main_screen
62d43eab3e4657636ac88f99dcccaa05,main_screen
0494d79d80be50cf1b3b6838e80f2230,credit_info
88b58370452fe58902fb23fb34bb3ab8,main_screen
f802299d8add92d06998655801607ed1,main_screen
ff3ae9b9b84c1172df204671d4945424,main_screen
edf4db88c60a8999adf2f4405d3802a0,main_screen
e5af972518ef49927d0e76bbfed4b9eb,credit_info
a0eb70ff5f5bd4a21fe5087d92012f1b,main_screen
a5ab647ec0c678d847b44256b57d6e35,main_screen
231c81983544dd11fcfbb4e63cd4080a,main_screen
8718490425bc2cdda64217e2f22e0169,main_screen
4a7c13176a340941db8e6eb4e0b0c25e,statement
2900e3af6ed6f6ebb5620567cb38dffa,credit_info
51ce88136edc00921b48d9dbff1a7141,main_screen
00aaf5d9c8fe0313e7d57f4cbd3eaafb,own_transfer
64b7a5fa4253eb7bd6a08de42b84cd9c,credit_info
bc9600c7fa22c658c53cf0748f732d24,card_recharge
9a270675a30403c668cf43cbd06cce09,statement
0b85e7655f16764a712af0df18d53c6d,credit_info
8324b66527ed8a3a6bba3079c1d6a4b2,main_screen
790a53d795f333057c231ea9324c551e,statement
c5d8096bc11fa8e08b0290b4906e40d9,statement
fe84f2731c94b7c8abe2625c5067e7be,credit_info
1517246d0d7bbc3c35d47086e9c31517,statement
042bad2b1bad521f9d4cce2dbf81c9cc,main_screen
731e663b900bbf7cbcbfc34790b0ffdc,main_screen
401885a5f0c2b405d20396634226789b,main_screen
50dff21b819df8eae6569b6c58b9e0e7,statement
b34a41e7e46f86cabb31b6479e62c451,statement
d36671eb76e18d0fc4f9e4ca360e1bf2,credit_info
01bf5137770920f0eb393fe96c75a472,main_screen
2e8f1ae9a0b87094cc267d6d231d0d61,main_screen
91e0240bccc15b60741c325bf91cff3c,main_screen
4a61b546d6c5e725953aa620907bac4a,main_screen
49b2109cfe5327d71a2378dc8fc5aa68,card_recharge
3ac1782817c540eb082dd1359a306067,main_screen
f1751c1213788aae814243430fcaca4f,statement
e27b3f53d0667284a63dd00c747e7364,phone_money_transfer
787cf24529708dd54bbb49ddc9a60021,main_screen
4e2c26792fde310dceec3441b4fcdd77,credit_info
96547e905a02f91b68c078f933e7d0a8,main_screen
7cffe7ec2657754c4d02f1d7809a75c5,main_screen
1ff0c3b30f0c1a6859b4922c91a7e799,main_screen
612ed39cb8821a53997429e754d93afb,own_transfer
3d135e421c77e8d9586b5852a2d437ae,credit_info
9501dcf768a46727fc03163fbc7a9f60,main_screen
551b119ec00861e08ae514279173b026,main_screen
726f580532192e052b2a030d975189d6,credit_info
67c1e5547f4d6051ec683ba0d19d1619,main_screen
277b68d2eefc24a6c05236a8de3c62dd,main_screen
5aa5ffb2d4ca6c2b45dfe47eef48f9c5,main_screen
f593669845e090e2a2d1a6435a5293a4,main_screen
0a9fe20527152a4ee8a1bd3544d7f1f5,main_screen
d212fdee70f0285d9dc7d319c450e83d,main_screen
6a3e45080cf63375f1b462492d5e1edc,statement
353ce680eea3955e542a07e557d2cae7,main_screen
a6a27e14485334aa2ae419cbac98094c,statement
3a3a749888335bd7184614989fd791ac,main_screen
064bbbd7b3c1d868526c0206001650fa,main_screen
52f392c7566bc0dc47bc69d2a7e52dea,credit_info
acda0a5e4269674ec376b91434efe486,main_screen
7bc8260993014c9be155f8736c54fb82,statement
42baec8724a8f5da9e7c05ae175502a9,main_screen
5fbd18149801f859b7e02e8c968de70e,main_screen
45c4e333d6e25bb8de5137821fcb9055,main_screen
1d80c1ef4c76fce16434883e453685bc,statement
547cae02caa489a0b5114cedaaa16932,chat
f1560be517fa67ec68f83c20f523ea4a,statement
c004091fde5eafe5f234bb8081cfe4c6,main_screen
8ffa99c9b4d22b3b10c828fca81b7914,mobile_recharge
3e951528c3834a20e4ff050bdc2c1656,phone_money_transfer
4e8b0fad8fdd560cc83c556810ad65fe,own_transfer
ba22fbbdd4112ea8924b7b1db29dd9a1,main_screen
a7d34d7aa5a44a1cf19c9e4400a3c4a6,statement
2af4bb0b7f6025db26db2296b6486ca9,statement
f22a89bb88c84110930addf62a86bb66,main_screen
a7689d0968e1ac3cd02c4fa156db19f9,statement
3826bdd82f44c81c7389d19575d87344,card_recharge
86931253e27b283f0a2f69f665eb3e9e,credit_info
ea5f5735679060e79c1f04b02fbfe150,card2card_transfer
82b5bd9a819e58cb8d8b32f1b752031c,statement
a74a3d4cc155049ab50deed1c14c97e1,main_screen
76cd889f38e5f69122a7d1e057237687,card_recharge
947a707cfae06de73915c772f338e2fb,own_transfer
e55c2f39f669243ec0ea30616b46ee7e,main_screen
83928c8247ceded1a44642ab273ab9a1,statement
7599ec261baffe62e0283366a06b54f1,main_screen
13a63b69964972e4633eba5dcd4959ef,main_screen
44988101ec74e1080a5ef7a43eccf19a,statement
c135511060434fea47b2d7d9b1e126e8,main_screen
ca19f88486ee0e2fe128943623ed9e96,statement
74f9a052916b855c05184ca563a74cc8,main_screen
542a3899ae980f01432111ee861d949d,statement
3b264a92643629f6295537b666535f0a,own_transfer
0402735d4a988d1717b2ea1b9e1d2b9c,own_transfer
1cf85ff08b1681c39a5854847db8ef5f,main_screen
2797affd1523c148fb141a46bbfbbbe1,card2card_transfer
42b9b9f228b4053ea91439c2c3394f49,main_screen
f0668e6130b022c9cf9126351289681e,main_screen
46522351c07a3665a8d709000c0d3f39,main_screen
9a4ab868287319a8e4c2b49d0fd96a1c,statement
f30a66d6f74adbbc1790866856929e70,statement
6bf0df2b46e8b1159b629cf19c504c54,main_screen
6746e7627c839f65bd079fd30129e790,main_screen
3197138b290bb7798c0d8ec38600f0c2,statement
ff943ba13f10269cc07ef81c5474d037,phone_money_transfer
faa969bf145388b244b3066ce2485e9e,main_screen
6601602540e1b8dd9d98dd5631d2a2e3,main_screen
efa7975fea02999b38ad48d4788854f1,chat
b052851b7602192d295578a1c5af9a0c,credit_info
04cf5a56697f7af60957ac29803e332b,main_screen
c0c409c4bed9addbba71e3b09304d47b,main_screen
c345aa40a6d7481ee9238d2dc4455968,credit_info
e838235bf185a07c93cb3b78ce4d1d1b,chat
664668d7d198d97c4ceb8a4d6a561416,main_screen
76c701e34f5fc262435efcd3ef88c0fa,main_screen
bb983b1b7dcefee20c7dfce2fa2ee186,main_screen
4c244452c24099f0bb5249b5cd444ca2,mobile_recharge
c330ec7cd6a296b1c5d2fda64d690b9d,main_screen
7c4909e15f4d3ea28840aa24286b2fd6,main_screen
5d6dfe6584425c9a1318a8c51f3692f7,main_screen
55e5fbecc4f79069d0e3770f244cb5d3,own_transfer
5ab938cc6672d338513db1b5052e6c95,main_screen
59d18c2a228b5936cf5e825ef6840ee6,main_screen
4209a07e3f05a51a464aece47f74bc76,main_screen
13e67e0068f935e2296d710acbec160c,card_recharge
798f7de48b2e052a62711184dadeb834,card_recharge
167add6649d9e0bde44b0c34563d6b02,statement
195708fbc76179af65977bb62f3b851f,statement
a9076d3f8767423f2e184f584391d35b,mobile_recharge
2256e42f9b5281f7c9cd20c7a14d9b92,main_screen
76f5cd938defcff80692fd260110e915,card2card_transfer
1642787b5f6d9ff64f16ce387e6fc7ba,main_screen
e2d796ec714269823ae5a8cf2ae9dd1f,credit_info
e7cfa8533fe38615386a2a06fb9ff3cb,main_screen
36a34ad8819c8b7e6f00d567858aad31,main_screen
0c16e7aadb23b71a6317f0f2a48eb45e,main_screen
c72620c0662175d8337da70c494d775f,chat
74f1e80a9f6619c680a8a07ff6b232c8,chat
b14a09d8d60a5a61e2d38710f5975640,main_screen
fcc3e7e8efdd7cf13537574926fe85c0,credit_info
2f7099e63a86ffbd67e3a64624da9a36,chat
f3ec7d12388a1bed1aed3c4d58469732,main_screen
71ed037d5a368d5f11a145d37e8f9998,statement
4a7edaeae4aec61a421eb793b71de801,main_screen
a6ff80e80908827c53a96958e19e701a,main_screen
9002ab47c8c8837f2c7b3118873e983d,main_screen
b33c746ba1610005619635523d0a36f0,main_screen
ea0b505be022edc2a4ae0a915c0765c4,main_screen
bf135ac611757a7054aca3e15e5e11b3,credit_info
10c9c88965edf44e7890bf8ff2857433,main_screen
4e6529f37900a3f6d7853cfd1a87d050,credit_info
605655671b40b08d90b9f790a3a20410,main_screen
6189198888c5b6690032651800fbfcf3,main_screen
ecd912525d3e919d74ac988abd6baa1a,mobile_recharge
0e45c5f0f66c82c0f342176f4fc3ff0e,main_screen
6a00aaf0a6315993104b3fbff4e34fd3,statement
f167a471b61b1a341e6858ce8a5937ea,main_screen
b1fda892c1fcb9388ad76ba2abf04f37,statement
ca79acc2d842f8a41fb5f183e7ea3166,main_screen
a1e8167bd30d7d262a5f63b3e140ea4c,main_screen
efccecbc98d17ccd0b73dd2bbd6fd626,main_screen
e5415bbeceb2cd42d1c8b6f9b669c184,main_screen
f035870e6e32a68aeb02905a05a33a4a,card_recharge
6c1ac59f940c3244d951cb038bf8625c,card_recharge
227057ea34ab00559710b0607aedc014,main_screen
40f6f3a7a3e72ce1449542ee043ec211,statement
2062c0be33a226702ab1c7ac1649f9f9,statement
764f517db2f43ee72951eb6f8a227263,main_screen
ea2e7c2760df3c207668c53260c3d69f,main_screen
dd213925a87a0b48f51fe1e9b7bd7d71,statement
e5bc036c8f3e42960c1fa7636d55056e,main_screen
5a87ef7251fe7050e3c699e4e5903636,main_screen
92a590d9eb773fd4bb79523da7418125,main_screen
15bab452bc3fce39c7d9a83612f7f9ea,credit_info
c62c7c0fab2d01a900da3a5cf6eae02d,own_transfer
ac1c2a4ceafa286952068159219bbc0a,credit_info
501829c45b5566b4c9996ab5cb743604,chat
9294e28c231beb7935594442d74977c8,main_screen
85a4d6ebc1aaae984cb44d0212e97a71,chat
c31ad6c814b899f0ec57ed0e042d735f,card2card_transfer
f5a8b65ad1e6e69a27b09fb8edf172a9,card2card_transfer
d07659793219ddfc2330718f4cde91e1,credit_info
da57afc7d2a736f734c2082b48296b46,credit_info
9b30555ace71ad31c54cb65f5fab520c,main_screen
fed234e91fc9d137b5a7c2b8c88975b0,main_screen
a90ad3c8fbdf64f4afb64da473375d9f,statement
d00907ff440414a9ba2e051afce66e70,main_screen
9c86c3f31a0eb94d368299555cfab201,main_screen
9f052263f5e343acdbcf2847d3557259,credit_info
156d221abe4e526834cd305968663a97,main_screen
9fa4e705c8d9573e008d145ba3bf350b,main_screen
f6d24770da5647e099d78ff5eb0a48d3,statement
06580e2818ea4455a5e095b7ae057a47,mobile_recharge
798af930a19d4c5d6aba04509f823e40,main_screen
7f6df19c2e91722bbb45b0565b4ebe30,phone_money_transfer
d0907bde56f466315dc3371fbdbc6c60,main_screen
4399f5cff09aee8cd9b2dd04a819cea2,main_screen
aa1648fce7ac3e3ca944a303a5fb3f4a,main_screen
79ae597bc5820c4cdc185a182a272324,main_screen
7e7523b9943fda0f85cb72df282caf8b,card2card_transfer
6e89498c35c0823e47e228d0e422c096,main_screen
0c7e97f12389ac5e024654e6f33dbc7f,credit_info
aaf0bb2c796a56ed88eeafcf67fbbc85,statement
4551cb662cb318e388f3e4ad73f75d6e,main_screen
9300367a6a9fa1125cd32df3833c082a,credit_info
93a78640342b87a83f8156df324156d3,main_screen
4b555732a50138245dae0ef3e0cee119,main_screen
40dfb1a1207452114abdf287e2c9c8c3,main_screen
456ec98756dd198be552fafed47e5f20,main_screen
cb6ab3726e7f7a2fea7ccf26bc223ceb,chat
ffc4678b32767328e932f677eb3caf65,statement
b8025aedb65a57566b1bc5ca6ef785ea,main_screen
296065a6bfb63fba995b3e192b82d7ed,main_screen
cb678c3fbf956d19c713213e36059aa2,mobile_recharge
970c7e312b0a12d2418cdbcb634800da,credit_info
e7e44ae5663d19539b2bd77c60c6edb6,credit_info
51e6907558ac3c8bbe3dc60760ae6d70,statement
04c6859a755b9a9789806e0cf0ea8af9,statement
c7ae71106ed3c90de2d6950260db39b1,main_screen
52453c0ad9444bab9709a547856baa51,main_screen
d1518edd69562962bde18677a69b7a15,main_screen
5eb338cc8c25d69215c9349072c127ac,statement
9f6d1f7f7a55aa70ba56500d9e40b8cb,credit_info
985b62059c9354b2d22618f05fd67b89,chat
93599e699286524ca46b1f101230751c,mobile_recharge
c5800e5b24a63590359b75394138e7b1,main_screen
aa39cf0ec6b082752e2d3798f4df4458,main_screen
7798b7db54760bd82a4661f5ef79ce59,main_screen
1b349f42419df1a99d6c5b193fc6d2bf,main_screen
38f93848ee3d6bf6f87609b1204a00eb,statement
0fff9e12c1da717673e9595a57ceb530,mobile_recharge
aecff070a98815c051b48345c27a56ab,statement
b63490ab13f1b96bfa790b7922eed02d,main_screen
92ee4f682913f9a6d6890e2e685ba60d,main_screen
fbd0737b9fd5431a5e82bf95cb94689b,statement
2c3046e6e2f0f3f7057e426000caee76,phone_money_transfer
1c4b6088c9ddb13c05c76e72cda0db83,credit_info
bc35e3ee25059accc410e77522a6dab6,chat
b0ef09f3f9cd5c116cc66f01cc533172,credit_info
e458fd21ca271a5dc247758a08b468bd,main_screen
fc19ef6ad029cf26291e2fee0304d066,main_screen
a9945b34973679b5d1e9e86396009aef,main_screen
b3014b032a7c4a920b400347f37e2ff8,credit_info
3199d56ff5737c2ce8df29727f707de2,card_recharge
5c1059830fa83e39f0142102ac2b3710,main_screen
d290578d31c0a6e449dcdb0eb56aee4f,main_screen
aff64921d9bef842af57f76d8111a735,main_screen
d68d210ede26bb96c63452acc7428bc3,own_transfer
38855bb1740b110f982e2d17df8088fe,main_screen
6a9f80ffce33cc2ba490d5e2e038e95c,main_screen
6f3a4915b6092431c38c264664e0d758,card2card_transfer
fe5e7350af63518b530cc1b899be6abe,main_screen
da0314fb8fc95945ba48833da0a639d8,statement
1422a3f03061afc8a17cbe4cbfd827e6,credit_info
66acd23fb12cf4af88d11826fc1a4008,main_screen
09977a1db2c2db8a1a4c8d8a1765157b,credit_info
2f88b112e10915ebeb8c15b4dce354df,statement
b7c2ab3116bf7c393e1d76881cb5bc6f,main_screen
e67fb5ab92d0ce981e91bc2a351e50ba,main_screen
281e5671f9761aca3e8f0a317dc82cb6,main_screen
fb0532573c4db011b109dbf355649290,statement
44efccce937697137e32180a96da02b6,main_screen
792d7585af69fe561d26debb1a151fca,main_screen
c37fa8ab3a0bd375ab943d27b8facf28,main_screen
13abaa37b7262bcfe65ff89222501759,mobile_recharge
a2b18e57189515758a858d50ee931ce1,credit_info
a8d7f88d5dd7eedade086f81caa9f5bd,credit_info
bce859483569d2e8c264036008917a82,main_screen
f01a9d0633633dd3c0b6fe86f960020d,card_recharge
8a720b7faaa769e9a4857cbec6ea4b38,main_screen
fc76a0f3a498769e7d431e9fe773aa6a,statement
e8411db8ce85fc52bd275be596cf77b4,main_screen
201af94232c872e002a00572bb0b778a,main_screen
62deef80867c6fde40f840ccf663b5a6,main_screen
3d743040a446c178d51a1ded1b86b9b1,mobile_recharge
e40167c4ac09713fe76165d6ac6ed5d1,main_screen
a34509d37023e354a569e8ca06ce59ab,main_screen
5b6601205529167e8e7f1709244df995,main_screen
fc1fd033cf37594cc2e428c8a66656bd,statement
06ce216c8d00132bfac16b2b8eaae4a5,main_screen
34a23bf66aeb0736791fdc11a0d63d4c,main_screen
3d969fc13db3ca5957c3bfc2e68ea5ef,chat
890358374757942d7bb662c0149ae99e,main_screen
5ee3d3b0f33cee9661a97de98ff2606d,main_screen
ba1c73e13c185f70574926e85cecdfc4,credit_info
18d81f0cce7cd759e3edc0e36f73e3b4,credit_info
b17911a16b433e657cfa3b327f2a62c7,main_screen
13e91eb3b52a85cfe3aa4073ebab0e5d,card_recharge
1683c53bca9668839b765ea690d8a959,main_screen
e5c816bc6141c7b33308fbf2dd03e1fa,statement
0cd909dcd7c999afd4124b19d420136b,card_recharge
e02a38e919f385455777b83cb5a073b9,phone_money_transfer
8c6217969f476ee0071a4739a049471d,main_screen
843b53a69844f05e55b7e1df94c3c10c,phone_money_transfer
21ea95c21f4e8bff2005d3064d968d6e,statement
d3fce97395b1683744f5f8b70966d1ea,statement
8075297844b98e7e77ddc53191731f31,main_screen
8f6997dc0e52a39a628fcd206a402372,credit_info
c36715313cad0bc26b08d6f77d627832,main_screen
7d5e80bbfa4cf6f282b7a7bfb0182e71,main_screen
c43ac41e1781adbc1340aaa52fec93a1,own_transfer
fb27b7c92fa77b6100b7efbeb98b720d,main_screen
bc8654dda5f2e245afa3787283619047,main_screen
0f4d76bf65796c19978ab3fb6c522196,main_screen
632a371ab2f803be8cc4b0ba5e1d944b,main_screen
0d6653386f021d671d0a1e1397068f4b,main_screen
4efeed9075e70bafc464b2418b27fe6d,main_screen
18182b30fc9e1c44e98d411996aa482a,main_screen
7c7b63142a2d42d41e55f4db3ab85597,credit_info
39a849716b9483830ddba9ebfbacf999,main_screen
76e072b0b1650b2f17afef3d7944d6f4,main_screen
4eded92f3b2a2e4b4b257140929891bb,chat
e7751b050003fc26598c9a7561931947,card2card_transfer
e9fcc3ad950c995f41250a5b4900206d,statement
1ed88bd25a53b3c6cc073f6ff02c0739,phone_money_transfer
fd52afaf283e3ee605e506612c51cbd8,statement
be051d9d0819857570ca34b7d47a1d44,main_screen
ea1240c02949a4da4b8907df0ce8cc1e,statement
fd6bf20cfeaa14b9d1e4f30db407470b,main_screen
672b1ddb1d8a19f368eb5028eed1bc72,chat
6b35b5226475ec161a3ee1a0bb4942a1,own_transfer
61bc866eabfa897c9b287f0ea0560216,main_screen
32e6681d73386529c09677215cce8695,statement
0449f756f9b6e4eeb6d23ecb94127963,statement
ca0493b03ec8d745b76c34a37796fd2f,main_screen
1b9a10398649573b62f346c3d5e094c9,credit_info
3859b9c42829d7ac2d4d6c10c69b7b54,main_screen
78b552939d9bbde4dc6edc297de96f80,main_screen
c2fdd100d2b96e2d98b141befd9dcc08,main_screen
27756ec169654a073995e5c4a969a97d,main_screen
ec03090cb9ca0d9bc8a0247c238258a2,main_screen
08a88be189c7b4a5dfa1674d716e27e0,mobile_recharge
5fb54cb0b60469ba2e9b1bc372e573e4,credit_info
2a0cfbceda73552875d728a504600deb,main_screen
cc60b25e206fb48707d198ed0c9c40bd,credit_info
26361db6f0186da24d172c782e0cedbc,chat
b8bf136bb9f7161f9d9c352e78409bde,statement
9a78c6ae0d19a40ab7a491e03de49869,main_screen
86c3f02deaae19606bec2d71dcc2b99f,main_screen
14bf64750d4af61af7a58a4bfdc39c30,mobile_recharge
d50e88277646ccbcefa39e28eede92d0,main_screen
bb258ee02d67d888c64632853702d3e3,credit_info
6f780b5c9912167f495343206d329359,chat
115dd0d0a4dc6a07aa3c6cd10a21826e,main_screen
150c3cb43365fd852dc66534b56e7950,own_transfer
974eee56a3774df7f951f0aa915ab272,statement
cf679653fa08e655082f35b6ac9a9bf6,credit_info
b2e864eb5290d045f28aec82ae47b3f3,main_screen
34f56e14251eb13b8dcaec309dc51afc,own_transfer
d44d9ef7b1247d459c68be92e17821cc,chat
cfba00580fda9be6359b6881bc87c379,credit_info
e2e4cb8afdaafab11ae32d3585b1ee0e,main_screen
2b7e183efd7ef179469e74041a371def,chat
3ca640cedbafedb0b0f807e8dfdaccfd,credit_info
89605a23bb4622121505d052978ae9a1,main_screen
806d9647dacd570bcefaf95eb1672be7,chat
1eed1e4c915285e9e4e1f3a8ff5154bb,credit_info
f80ba263902ea9dfb4b3511e5277b18d,credit_info
2eda045284651a8c864b43f0350ee076,invest
0c35990b7fdf72e33f9ef6cca300e7d9,credit_info
a35b4669d8ee3b216bb5af73feaec89a,credit_info
6ae3ed69905fc525382f7e3805b28ab0,chat
654233983ccab3904805a54290bbf2e3,main_screen
ed749ad1ae203e982af68d97bb0414a2,mobile_recharge
8eb2226f4a4bba632ac1d03256a353b0,main_screen
2260fdd1503f02754d472928afe1da52,main_screen
ea87afbac79ffbf466a71aa43c6d0801,main_screen
4fa2f50f9bb569669a6e34439b858395,main_screen
70cc8704775e290f26d7e7b558217442,main_screen
439ccc6d1fcd1b2c32e794822965c142,mobile_recharge
7b2e9f4f989f686e409b2c63b110d00b,main_screen
608b3fefe956b22529b02a1afb1e14ff,main_screen
02f9b7d06dd9747560fabf02e02bf427,main_screen
f42238e3bcf8fa34288ed06f050d862f,credit_info
9d97e8b773029f2c2473461b492a3bf8,statement
8560a05c9a78b25cf099b28a29392540,main_screen
a95d2d94c98902958cf7d73e9390c397,credit_info
53e973f848bc8cc7c1b9d3cb3c7388e7,main_screen
771b1405fb399d9cb6aa803e2420a986,main_screen
b06620d220ad652718dd37a33c4c2e85,main_screen
05b34a31c40e51ff22a8366b597191f7,own_transfer
247840791909aad6ab7184c5e216d076,credit_info
07af3f63a1dd2243aa01aaa5730bc5d7,card_recharge
2964b77187c5e6703d5f017cb8a9dcb7,mobile_recharge
cc19b66c8121075347854b3522dae328,main_screen
6b2bc4dc1c8524e76d118b48c857941c,main_screen
0814b6061aae595333ea5b1072f3e0f7,chat
dd693d40c2c1d84ce3854949b61d51e2,main_screen
fda8483fa08e4fa87cbbdf9fbf20ee27,statement
6a6886d0b8ebfe9125815313c37a3fd3,main_screen
7fbf0a66c08837f66ecc9ec1041b2078,chat
5e478882c1017b4b45150c2e47d284ec,statement
6cd23f99a3a1f640e6ceea84904f9bec,own_transfer
510258b06cd56880fa6653b0ad436cb0,main_screen
6cad21891746ea911ea7e8f981125d5d,credit_info
4d59bc88f5959862df590d0f51a16ee3,credit_info
ee2a97f04f1b382c81140044f720953e,main_screen
5664596345c7df366bb06f7853532c14,credit_info
8dfb371573698931db6214236a826778,statement
f5921d569d382d5096c102cac05b5dd7,statement
5453d46c562ba50b17efb53baf2e8c52,statement
aee1efde9b2efea12ba14634e14c5896,own_transfer
c3f87ef07d90bd6872cf15f8d5c1bc7f,main_screen
b66e237ae8e2a1e938ec35e79d55c833,card2card_transfer
8f498518ffeb441a63aead06ab35463e,main_screen
3d954481fd93c0e34666df29c473a936,main_screen
ea46cef0f981357fdeae6d930b2ab99e,credit_info
3269a23e52404e7afe074d14a452ed4d,own_transfer
e179384db3d9630a8b18eb61e4653842,own_transfer
6a01fa966885d43bc2431f14c97c40e4,statement
0a10d793c49f4545a57ae69d8f49478a,statement
71226abc789ea65fc868292e8c2f689d,statement
1f6023eb3c506d4f4dd8a7dc32489ad8,main_screen
46996cce8805faf8f2c6d3ec4818c639,main_screen
0baba53b4896017e7abd8e25066b35e6,main_screen
47910b33380f1e2bc0affd122b4963ab,statement
912d4c76b325303e15289fd94cfb5542,main_screen
7ce99ff72212131e8c79a6dd940e2c24,main_screen
b352abf55a6cf705826465ef19ba1b29,main_screen
5ad8e685c97442e3f75d5d0db6b4bf64,credit_info
274fc0c7041b696898cda65e454f69d0,main_screen
df80f0f32b69d79b952c5ae5cf26b708,main_screen
7fea8aec4ca39a4b88ccf2428d248add,credit_info
8807ab23f7ce6d6ff09b9f6ca7c358db,mobile_recharge
588e9a661ce26961407746ce14fad6fd,statement
a335dd2f0e2f8067438689d371ba0240,statement
946b571b02308cc070efb4335573b793,credit_info
d953a7e130091730c695ec8ed40eb68d,main_screen
100659f0cba7fa3ecddced434e322fd6,card2card_transfer
03c79cc174e1e7f18d7e64ecfe52e1f9,main_screen
a4b23627c9b2a5305f3b7c20c1d490ac,credit_info
912ab927cd15d1ffa9d7bd8bab408bab,credit_info
abb71e36559c82df0eb0c208519f7508,credit_info
2de4a592fc2e6c2d9e02068e539c77ac,main_screen
9cea83b35c7ecaf8822aa25b575986a9,statement
e9e1d511975b8f927aa956e161bd00f6,main_screen
39fab66923cc84686c962f0682a04fe1,main_screen
2187ab1f5f582e4d1153ebaf3fd1a736,credit_info
0dae948a3bf8f5ead64f3cafe0f79b59,chat
8a8c92621849c0d0e36c9523c74ffb32,credit_info
e114ab9a68ac81aeab29ce4281bd629b,main_screen
d75dc950f4ef4af521fb1f9039cab877,main_screen
8d961c6edb3668d4dccc8bdf923f0c3d,statement
de0548c9cff76f9fe6ff3e2928d6865c,main_screen
4f0debc59d0381cbc98686760a5470f4,own_transfer
5911ba780c4b1312ff2a0ff70317c068,card2card_transfer
860183aea03a665e54a5b099195aa96b,main_screen
f409fad0f35148ffce327dce649d5ad7,credit_info
4b16cc41b663215a36b4b98e3998c7a7,statement
5e47e33d22be6a7f0d76754eb6fd02c6,main_screen
d9412094794a2781ab2024f17d82e25c,credit_info
e1ba5188fad426eb9d869bbf37326edf,statement
bd93f968566a43e2c152a433e6c0122f,main_screen
d12677ec020a6ebf6a784a55b920986d,main_screen
30f296d4feaf29ac7156884b5f3fecbd,main_screen
325b5a1719230d772c282ddba34b2cdb,chat
0ae035320722a88ab6b051070d050895,statement
39661adc46a729c9d3739b6550ca5367,card2card_transfer
eaf13d8479bff903e369ae82f8b9eefb,own_transfer
0832e69c29055e2d2f13bf77caff3a4d,own_transfer
b33c1b12229fa13badd0f17ab61d5eea,main_screen
6fb28b3cd2f6ee71285c8454125af9f9,main_screen
6d67d1b1208c6eb8c0d7dbd6a96088e3,statement
37a25e4958d9c992e5664447ce1d89a9,statement
c2fb6c62dea902aca747788e5d2503a1,card2card_transfer
a911436c2567bbdcf4b03ffb3e779acd,card_recharge
f5891d86418dbd996d6b4197336ae96f,main_screen
ebdf30047572e7fc314c5221807f486e,credit_info
5fc74053a8af6700726185f311b41d06,main_screen
de312f24843d531c39a9a867d051b41f,main_screen
f9fbafcd680d2c8d072dfd5d5f48e86f,statement
ec9b7a4a65a0443f69c2078de36e6ee1,main_screen
f8867ad2d16e504d3619517699082cb7,phone_money_transfer
2c6a2e82cc8e3f8425aa10c0f5cec1bb,own_transfer
a1fd80ed56255e0d2892483dd3472b05,main_screen
38e3f04e15813aeb7d64e994a17d905f,main_screen
6041610087387fa397bcfa7e3d2c2226,main_screen
440c8b4302bc18fb01c363257d9b6fb4,statement
f3a728728669341dc0a8af91205df863,mobile_recharge
6c4785bd841552b4e876586175368c03,own_transfer
1f0e178ed5b6c90699cb78f9cb1d043a,main_screen
918c2a7bd06313d7e8bd499f45959be5,card2card_transfer
011ec105ffacf85b8b02b6ca128739e6,main_screen
20c9ae54912f524199254d683f514ff5,main_screen
3721070e207608cbfcff6230d0b4af79,card2card_transfer
0b00b5358975389e909caabcee03c4bf,statement
b3124a0d02d0fdf0d608137890f9d183,main_screen
4fbded5d5cfab4b3661d240ae8d5b130,own_transfer
dc25c12e2981a8f645aa82778d3dbb38,main_screen
05ab64e67e7696a85063d7a0ba9929e4,main_screen
bfc5286a52307d2b25fe22519dcad182,main_screen
d94a00a959202278b716f71980e348e3,main_screen
872b50dd6b2e0caf26af307bb94a7b74,main_screen
7d7596bac8115379b31fab4f70ba62a0,main_screen
be1feec9447fcc6b5101c72b960618aa,main_screen
62e0b53e70e5a1e67afbe4561ebf7551,card_recharge
0fd10a330413b1513ab9c36830b1eb68,main_screen
0a5e007c8b3c40d8391f401d06f2b5d3,chat
b31eccd5e98aedc6da758671940d24d8,main_screen
40ca0d623c0159372401d762817211f5,credit_info
718e2d14d251c89c89caf2bde700d90c,main_screen
47ba4b0b883f47ceb71c49c2448f04b8,main_screen
ae71610a6ab21ab9fea61051af5f2a84,main_screen
4b1f34a2ff5fe542a9ed054ac37bff26,main_screen
24aecc674b41b8672de315234825ac31,credit_info
e27231105351cd234b4f4da88bd99b1e,chat
096738c9d72492f28e93bfc4fb15d958,credit_info
79701b98ffe022d5ff458aa811107384,main_screen
6dc7839274692d326c712b6ff25904fc,main_screen
d9801662a1ba0f3f084e7ad42402f318,main_screen
92ac8fe8effcaf454ca48eae8f1799c3,invest
ce47e2bd415ecfde3a777e40f9bb6631,main_screen
e4b6d2fd4096b3c38dada02b8de04fd6,main_screen
c5c2250b8f760ac950e66a08b489f419,main_screen
54fab7ab53e8a0847a340a7571937c84,main_screen
1ccfd8cf86a2e53985c8bbee8a030361,credit_info
a335a29ed444adeba63950eed62579e5,main_screen
9946f019759f0ebffe7d72785f00b69f,main_screen
aa237e546777720e4ac0d5e275ad730b,main_screen
310329aecf10a06a569f965abc7370be,credit_info
98a4a78a45b793fd982fe35a698df002,main_screen
f43d294ab2e5fcde711ecae8c588fd59,main_screen
af96b823d307a5dfea745efda010aef8,main_screen
edaac6ef98bc6b943713cfec42863ec8,main_screen
85d3b933472bf2c52763e8d1d61869ac,main_screen
08cdb6e7cfaf7ec321b6b40b57b9c4da,credit_info
07d12e45b14c9fb4471fdfec77f52f8f,mobile_recharge
862da271dee1774897b793957d3fd463,main_screen
9429703c991a0b2decff5d72c6a83c05,main_screen
f0d7c815a23beab6e1966ff5305a5d5a,credit_info
f4b854a105da9070aecb32fe82be77ce,main_screen
3cee82671dca8191f67c9d1c840da9a4,main_screen
0e87e08c68e163c18309bcf9f8c4253a,main_screen
2cd80fbfc53dda15609db0af9470faa9,main_screen
8ded782315bff3eb23dbb8afec17f711,main_screen
41db71f6264eac0813e6a51cbaeaf3f0,credit_info
678e72836260e6e4ff044650f739e1af,main_screen
e530b4f1b7babed892d066b6147b7424,statement
1f3f6869584d78f8e984c88d10b690e8,statement
2bde92f41f840587d1c9b332ee4f865b,main_screen
c1a70b82cde8ffd4893a0f39f4af9382,main_screen
dbb168dc67c00e2c2274faf24e218682,credit_info
b1ccbf7e074f0a045cc6ddd8badfa813,main_screen
ccc47dbe664be74f1e64254ba531421f,main_screen
d208bcde698d2ce65bdca38d33c2f885,main_screen
48b16b583598b609ef9bb09c7a51d525,credit_info
2748977fd6b2df059fc1fef48d0af503,main_screen
657eb6245a48357434973fe160aa15c6,statement
be6ff7f5ba78c89bd998453e23d14063,main_screen
d265027fa7dde3d1d641c954de21f48b,statement
028cb0eabecf39f6508d5ae9894b1803,main_screen
eef5e3cd094490d5f1c5f33c0b3bd4f4,main_screen
87ec815de53a1da6ba0d62309545995d,main_screen
4c5e984d5b818ba6d99469ca8d3832bf,main_screen
8e188c915ca8340728acb2f3aa3ede1d,own_transfer
6d778be28c6fb30a43b9910246fb6b14,credit_info
ddaae9dac03ecefe8bb80afc0e5e12d9,main_screen
b9d3f07dbce1576a93f05a1e644b7706,main_screen
fd9fa61a0fe54634cf1301b6ef560c1a,main_screen
4193fe9cf42e3bed3bf8f0b76aa736c7,main_screen
b47bc661c8523416a14b00e75e0d3b26,chat
b7742a72a0804ec8a9fea3f52f79dbf8,main_screen
e3da4db39e2a8cdd2cdf33ea99d4abd8,main_screen
59a5abe2a016d24ba7adcfe20dad27db,main_screen
88507fe2b47abc025fe220bee702a9fd,mobile_recharge
683bef4c77f6dd2e49182acb9a862251,statement
e3f93d7570e2eb74f40a80795a9abf5d,statement
c967c02aaa7d2537f04e33816ff423b4,main_screen
53b56cac43cbf5a95729de3b06088d39,main_screen
7be7903b7de83f49d4117c29574f05e5,credit_info
38e5f6204c4a8369c28170710ec2a433,phone_money_transfer
f558f39aa7f9575d1a7977ef42a8b0cb,main_screen
32b4200945a931f9e489ec7c862a9619,main_screen
a2dd1032ac1d6a57cbca71bac874beb3,main_screen
28c3ce5d52e08a5c4843abee52718678,statement
90c957a967a42842574fc150128b7358,chat
5062420db410083ca5e85e148c2e1df0,main_screen
4952b283b4185398eca661b43c810f5e,chat
7891803c092913a8f46a510fb1d048e6,main_screen
94ad40d289e6ace78abed585cfadd5d4,statement
442339db2c30f61f728273a3ccfb2fd3,phone_money_transfer
e53322752951969df5b3edf4cf7da0ef,statement
f22464647580823d765547cc92e1df7d,main_screen
2669f49a81fdb8f0062bbaf4ef068c32,card2card_transfer
fc4ab4aa0aea3ed924bee3e3918cf1e4,chat
6426c1d94a01145f2e1d36fd150ba497,main_screen
4b5301bf95faf193b2417dea18fa6377,chat
3460f74ab8f4d48433aff7272d7b5232,main_screen
36b5a6c7f5bde274685a1e7edbe29f0c,statement
9a91061ccafd0b82ab5861fab377c86d,main_screen
a45da333dd688b5569101b3dd9af30df,statement
bde38c3ef3ae26315bbcbd2e42e26f47,main_screen
3a6ad2345b3c3551067703aae6711d15,credit_info
9e41d49e541a97550a8735d76d762485,card2card_transfer
60e9568c269f0199ba2ff4f79fa5fe80,main_screen
2031db7dc15449dbeaf8f871ecfd6cb6,chat
635af8a566c61674b57ad7c42db274fa,main_screen
78edc75fcc31e285cc821d5d6c229bb2,own_transfer
6fda1928e8ddf1e76cbb447230de4ddf,mobile_recharge
3c0ebf500332dc87d7418e3638ad7651,statement
039a1b113d198b07834fa7dcb61f7f6d,chat
63203eb15935faf5a8b1babd32119852,credit_info
ed41dc45ec7ae8e85f16822276388cd7,credit_info
268c39e5ebf78ffff10e9da011411ef8,credit_info
6e6d689f11a4852d36af0e9fcbf40f63,credit_info
e898cc1991fcee9536ec8b017bdd2eb9,statement
4e9f2df71c10d4bac45e21e55a705418,main_screen
9bc4082996fb31667ab1bcaa8be6f781,main_screen
61c9b7dc5622eb57df0d3714cdc03dd6,statement
d342cfd8d9286b09dfb7f2810fea56fa,main_screen
6069bd3cfaf625f8d813105797dd13be,statement
cfed7793e8436f0e0f3613f26049cd57,mobile_recharge
e64445c5b6e4b794133cbd70ba1fbf6c,main_screen
aceeb669351cdf80aef390c8d0b7b110,statement
585508c8a4d6a5a997b44798c8d88e10,card_recharge
ca7f16afff059a057aa216240e9eba05,statement
659c3623c88de175254095449e4a8a9b,main_screen
2b9c2a39360eeacf669d64ffe03c4047,phone_money_transfer
e539b8397407af44dc9ead9032414a96,statement
6da0c0b2ea89900d22f2ae999b8d0fb7,phone_money_transfer
d4cad0733dc9e3fc4f10d0cb6607a53a,statement
a6a0f6e85ef304744640f631fbc6adb3,main_screen
d51655c6344987c10e8a5aed906bb1f6,statement
28743e9aaaa2d95c6e1b9613e4b09e76,statement
58e206562dda22a80c80fb6cb3091af8,credit_info
4d98565866cb33250080e2afa5313c7d,main_screen
49b4b23832f157a03ea2ffa5c564c451,statement
18f86754e1a5097df4f58fcfb21d1bb7,main_screen
caa27d558351f105876cb6f90be6296c,phone_money_transfer
fcefb7d3581cec0faa6b0da507b1a242,main_screen
14fc075ee7daad1361196a120733b260,main_screen
f58ae3c17cd1d5dddcb24f01c6ba6af1,main_screen
4805e00099dfcddd186f426fded60800,credit_info
2a7ca54f0f1326e3a6288efe388bcdac,statement
415dc3a93510ee5ede5150e382a1fd63,card_recharge
081995f3bbe3fb4c75103d397b3ba8a0,own_transfer
0acafe3aee4ccaaa8626f2e4b12db967,main_screen
2b35969358c10969b7f6d3e01aa46bdc,credit_info
00788c7bfa04430db4a3635ad61c86df,main_screen
5d9f8e256b2354dd5c3e52b710b45a03,mobile_recharge
0b209ef6ca3b144fd411ae3f83b64d1f,statement
f169b79eb532ad2edbf8199feb67db30,credit_info
af7687ccc4f4541962126fc8bdf77e0d,main_screen
b6dd9a4ff429fc915ee6f61a39b91877,credit_info
4b0c5dfe144edc163f9ed45aa2cf7e47,card_recharge
8e414e25b31e4102e6e6dfa4ff66e7b2,main_screen
7107e9683265dfe6b7e1709789deda03,mobile_recharge
487363a798f18d06a7de020aaef7ea3f,own_transfer
4a6f3cd16d092d76b32e15f9cd8f1590,own_transfer
02e85ab3d9df3d597aae27998c7620ff,chat
b3e9f100b448a7fb6f26a3ea4e11da8d,credit_info
fa386b671d83b3d9256dc469f7a98305,statement
e53df4b58b28678aaaa4fe28c25c1eb6,card_recharge
d84223a8a280a081a4fae09e11e11738,main_screen
f8496e711fecb825097fdcea18b1fd64,main_screen
f62e956222b847cfa1d66d59f9a6a1c3,own_transfer
9d4b7a33ca9785da3552a07d2ca243eb,statement
2e68bc7b592c8526b6d73627b092a7c2,chat
c1e11217fe484dada936d82c65e20e30,main_screen
b1d5cbd8fbf45c94ac9bcddc9159c8e3,mobile_recharge
32917382bdca6dfe13e585ba08503c31,card_recharge
e6cf83a84cb2a8dbfb206ac0514b5156,statement
7d3755a3f1dc19107fa51bf6146b926e,main_screen
51a63f2b8c1b3e9bd906961a56bf7797,main_screen
fa133b48bcd1e0d48b672f5fa4446406,credit_info
9917c2e5a45da5c6a92f9341359d81fa,invest
8278d1b79831ae970818e8a607642168,main_screen
dcca157dad67c7be1fa09d93f38800d1,credit_info
f43f1e2f25620368cc38cc64102e7abe,main_screen
2325472b62dc5331911789a85adcd6a5,own_transfer
5bcf8274a7c4da4b709b79f36a663d6a,main_screen
15f08f85ab9aa2aad562657fdea0e1e1,main_screen
372630cae6f9ff98df04ce26c65157c7,card_recharge
785896bbbd871a501ac0a284f1669cc9,main_screen
c5179bc87f504b7c785a280c7ef1ca10,statement
48ec6898e2220a13df6dc6ca8df30a1c,own_transfer
3d612e8e3dfc61d6a121a92680bed397,phone_money_transfer
e67ca5e6db2211513009dcf257bd7b65,statement
92dd20fd12b46d5080dd1386173dc04d,main_screen
9cd8d6566ec6fca7abf94691b12bd240,main_screen
d29708d5edbd24e34e562277754110df,own_transfer
af37ac08d8378a7d1534ad2bf0b6b3d0,main_screen
cb9b6b1522f8f3fdb5eee159ecb9988d,main_screen
4342c7dec5dd29726d98b05fb7dad87e,own_transfer
181566d31370bc49fa9f171fc90ab51c,credit_info
e670fb6de2bf2d24031ae94afa99802b,own_transfer
4fc21c2f663ecaef8f96202c531a0594,mobile_recharge
bec25d26de7c2cbe8b4ebbbd0ec026ed,statement
2285bc9526600d2f4f68e56af414d9e6,credit_info
296b6f31e76bfe64f4abe7c9b5eda98a,statement
3cc65ca3fdacd60c0254ace22ab8a1b6,main_screen
c1cd96b8fac9e739199b48f785d01531,main_screen
652784a540e2033b1c8a0fb1c74fe5d2,main_screen
193ff12c77fe192f85e455c230a6e17e,main_screen
181b32e8470990caf5924ce68c48bb88,statement
c01a8a3bac7d96dedf4ad916a78ab5e3,own_transfer
2dee5cb75898c511c7951ed832cf8da2,card_recharge
646fb24cb01c1cf70a9fb8ff26f0ed4c,statement
666f6d3ec2705c4ff1201d4608d09edb,main_screen
1385243e05f7e0964151718fe8767265,main_screen
f9f76871f56e398cfcd502fe00ba7aa0,chat
59abfb9ebf8ded22f9d68d4afdf78f7f,credit_info
91f338d3ae245d41735cb6e818d1aab2,statement
f77595a5ce53cabaf006c1d8fa8bed0e,main_screen
e6793e2e670f98ff68b2609395539fed,main_screen
5e6a4b4036819152b9b0142b31e73a8a,main_screen
9f1e87504c293a022bbbe900706ad0d9,main_screen
1f6bc778339e422f8f235d06c4ee4d41,credit_info
7a6a64889e55c315c9f8b26036fbfc5a,main_screen
7e3c01bc0b5924d1eb3eda3316a40174,main_screen
be21052e86a6c6cb3c9e28f755c24774,own_transfer
bdc030480904e1629af87f86050aded9,statement
b93215d34ce9a22982d49b0d62b20736,main_screen
33b2a1aa00d6d0db7e231286b64cb589,main_screen
69dd10428a52081f7194fad54ac4b928,main_screen
a6837b8fc08d275ace50557a4f71bf25,own_transfer
f00c445b73238fd642a03e7cf15fb715,main_screen
c915918b21bbf0b711522f5d55c9795b,card_recharge
20f78d7b02186b14f9d3933d4b8c49a4,own_transfer
34b679fa5498c9629c087a1923531941,chat
7abd82d3941ce578a3bf5ba077aad9d4,main_screen
e608910ae0f6f3ca0d0c218946a520ba,main_screen
de66c5379d81a1a2e38ba65449ee32b2,main_screen
35b4db92ba78e298f5740ced8697749c,main_screen
fc6f2c50125b98fa8108f714eb14eb9f,main_screen
448aae03f23e3ad31746b2615668af6b,main_screen
9d65173a74877844278f6a06c3d27b09,main_screen
5a157599d408f00b80333ab1b6c10358,main_screen
f636d1bb720f945841cd210280af69e2,mobile_recharge
756a4c886523bfc9cf85905c76ada45c,card_recharge
55f3940c196ac2b34a3edaee85149fca,main_screen
f4620aabb3e1527b63d1e44108da678f,credit_info
cb332c7eb33f5e16dc059ad9faac6f5a,main_screen
767fa25ebc13a66ff85b66255641a491,main_screen
42a7dc805cfad30bf8f998f97c225ce8,main_screen
ba1318737704baee7b921a4902193fa9,main_screen
b929ac73542cdf0e18ef1e9983a84e46,main_screen
42e01c85c4a9b924696514819dc389fc,main_screen
302854141e003aa2752f8f77d4678dc3,main_screen
69a4784d88f87e4c3f5a7b7683e0dff2,main_screen
816f47f293956b3cc168a43faf2fa20c,main_screen
eab39868864ac3038c15b5ede86ff9a1,statement
3205249d6494528b85fbffc3a887bd03,mobile_recharge
35c8c8b47dc50c2a9850e9cbdba2be69,credit_info
e58514cb93fb9ca7849bc6b24c1b852f,main_screen
a556575ad7bf6dc5bc0b48e5bae26096,main_screen
4a951d102be3ad916eb1dc0d402e1c49,own_transfer
e993783c1504b9baa0f3b6dbc74efc0f,credit_info
e425e616fbf836b30d68b617fd3f7491,phone_money_transfer
4b817aee1b8a5d7c6a06b739de25fbb7,main_screen
a7c3cf9b06350d0d944cceda9c0ce5d5,statement
d538f1cd2af99c31e9e36a1767daf8d3,card_recharge
4d347c3412c2d2816d3aa4c6e53cf2e8,main_screen
af84f7c08bd11eecdd264a822b6d8a83,phone_money_transfer
c9511a09f485dc4f3a155fdac967b5e6,main_screen
431773848b768311cafac8cd6d60b65d,main_screen
efa5165c8ef158f8b828fd9960cc4805,main_screen
6593df8c0930083bdc686ce36c8513c1,main_screen
e592278f7ede4028b2086219b097b41a,main_screen
8884ab7c08dcc90c96165efd0b40bf21,main_screen
6d3dde60ecba5a4231a4e3e2a9e17db3,main_screen
176abb0411ecf7c09c5695249527a285,phone_money_transfer
53207fd1777435adeae8c8022f07a60d,main_screen
499effb5ef9c86796b20e6cae890d318,main_screen
8ceb2da545065224e6eca7f5d9e9538b,own_transfer
295c8b7164d93c2cd1f2ebe6d0fd6baa,main_screen
83ec3721e5c5028130505412d62b9a72,main_screen
3487a75d9c363a7d421eea9b9dcb49f1,main_screen
32272516d953145cd790ac8d555b1cd6,main_screen
adbf6a637bcb46bae2548f9f53c247ab,own_transfer
a76aa174acbef679bb85c21faac8eb78,credit_info
e114a3a239aad076810d57b215f32a9d,main_screen
5cbecca301398ef9bd2dfb86135657f6,main_screen
843960aec36ba60dc69f7dfbe40f1895,main_screen
82795e28405c574cb053052b34edabbf,phone_money_transfer
f120f24059663f1287191ff859180b60,main_screen
7921d2c698142a96fa7a9858bb3e5963,chat
cdb21ba255de5a40c7eaf5c6f14e1d62,chat
5918749d1b9c1be257685f9171938950,main_screen
26e6e5e11dd3992c2d380588b43ab7cb,chat
a18546bbd3160faa0c22e9b88f22988c,main_screen
8324bb31dbed2305a98e72d28c04fcc7,main_screen
1c85084312123fa483e97f01f9734ec1,credit_info
3332e3c6272849c2bddce851894cc405,chat
6c02c8f28339d38b842980335f90993d,main_screen
4886189016d9ae769771b473b73f1dc6,mobile_recharge
03f07166c08c31688206948603f438ef,main_screen
aee9fc5747c8fbf23c9914cc715dfdcd,card_recharge
af2efe1dee4b457f6ae5e348c6eb4192,main_screen
963485b5f805030f56478e9ae024b8c6,credit_info
a95df27d67baafc45b8452d6ca8534e3,own_transfer
8e3ec97b334f2b05c9dfbe7ac58cf8fd,mobile_recharge
cc54ca9d21b536970400e0ce0e418992,main_screen
479a11275af329ebdf43050a0d80ffd6,credit_info
f6ff5b23f9442dac9f943f145e54d9d4,main_screen
632cccb53c8f92f717a9d20bba1e721a,main_screen
b0605766f72cce110059a67784e40968,statement
84363dc326a2d3cdf57b2a27a1d6084e,chat
6c76e99b82bb64522192885003ccb89a,main_screen
8ffe83ee884542e55cb7becaf7ebb812,statement
9eaa3dbf5460fc7ca52cf63967777d0d,main_screen
0c74a45580a2e7e542550617383610a5,main_screen
e871f6e2c0a740e673969cbd0e4fbbf3,main_screen
42e1c80da5f2091d9dfa651e6945d8e3,main_screen
c9d6748ddb6cdfa0c3c36a61bd07a481,credit_info
4adf0bc660d581efb7d3485bce05d671,credit_info
4f5320ac62c8b5c06e67d33ab81201e9,statement
5a4e500b2908676cd92cb2a78e18e79d,main_screen
1c500315f73c78baa34eb5269a33b996,main_screen
008f5945e73eba686826a7b2679676b0,mobile_recharge
db3ec6dffd5f890e10d520031c76e71c,main_screen
1787fe682365d0917577d5a40293b89a,main_screen
fb12636381fcb8536878d65060d88d2b,main_screen
9951cb9123deaa631e32ac7f7286eba5,main_screen
c6fc21118613229c1387a239e985642f,chat
9a7c69551fe87547ce363061e390cac0,credit_info
85a8311274ab9b56ceda739a2e2228f4,credit_info
9165959aca94e6bfc941557731028c0f,credit_info
6ed3ecd2de5da15d9e455cec8d4fd8c4,chat
a1b2009a282b28335517af1493b00826,credit_info
347fc8b1bd43414351090566747d0de0,credit_info
d9ce850a259701eba1ddb9f273943688,main_screen
2eb5829caf872987667488bdea4fd269,main_screen
fb0f592b395a059fb1fea4115d5f27c3,own_transfer
2c9cebae4d88e1cc605f6e6026b23a13,main_screen
44bbb2848582ce024a910763517d0786,statement
253336581fc9d8a08947c820dc7f0efd,main_screen
d8f17672d56c39bb21a807e8ef6fa99f,main_screen
60b70c18e3b5430d8e20865d1a7873fa,main_screen
fddf9df82b759d7cb62a4fd2e981bc64,invest
38c51b82301d7fe0fee4f1a35a455061,credit_info
3710b4f7381a4f69bd64a61fe838be1c,chat
d967a2379e40526b4ca95c7f25dac74d,statement
52d7d6033378e8a8c1a90dfe56d57bba,phone_money_transfer
a6b9574349f884a73054cf3f2cdca785,main_screen
3b81f39695785663fa5db5b249bba4be,credit_info
4f975d3cef49cd5753f417a5aafe91d4,card_recharge
005e94fbc7e5950fd8c18c5af0c422ce,mobile_recharge
c7cb52a120d867d1509d2ee62989b36c,card2card_transfer
72f27979a546b30bd1bb3b44140ad1bb,card_recharge
92f16f1d73ee12588216f27b5cd21e01,mobile_recharge
11a949a3e2539b38bf7420a9292bde52,main_screen
c0d8349fd246dff3ac9f1cea7c6d5ad0,credit_info
d7cc2a9d3c5bc918acb7475f78598229,credit_info
8d57231c9ae83f4b24b6c33fb3ad2c94,own_transfer
d195820d5204ed8860273d3590ae5ad5,main_screen
5a696d6b128a65eda956d6ca1c138f69,main_screen
eeb960105b726addc88c3035ab198ace,main_screen
2441a66353d5affaafbcac431ce0e874,main_screen
ba09f66b631b0eabeef68b0cf56e87f8,main_screen
197f2ea096240ace9a62e0bad386ea7d,mobile_recharge
51fd4e5b2110686961230e558f51cf19,main_screen
9a7906d674ece63a5387e4348740ee1a,credit_info
4461e85f93d476b12c02de3d4948da9b,main_screen
ebc4b4a884c13ce338f17020876d2476,credit_info
ace86c9f6bf814cbace9f888a231e1bf,main_screen
e733354b351b56f643059588530c20c2,statement
a579d49dc37c110ff055575d7f973104,main_screen
1a900c69c4ecc31ce791adedcbc862a9,credit_info
8c22d1c263d695cacffb269977f8f85a,main_screen
756e238dd9252c74a0fd923219162ac5,main_screen
3dd5d2bff3225a47a97b07069b54ee01,phone_money_transfer
a3f97c155e3f7f6a4b437faeff33b1f6,main_screen
c6a0a8431d597607a10958a7c61060e4,statement
066b097c27814576e108365e94eeb8fc,credit_info
51588c785ae29ed1cf689ba0e6fbe02a,main_screen
b733a0ac2b89c69777fb7e54a8bbfd20,mobile_recharge
022d192962d188e6f47c24c63ed09125,main_screen
883b185c1fd8147527cbe1757a89b732,main_screen
92b3b05bf4ad38c01bd25e8d49e65b9c,main_screen
42a709787bea5e973c5f06c6e236b0bd,main_screen
1034fda32c3aba361d3ce060a281d1e5,credit_info
ce705741f615052b5a4d832333b4cd03,main_screen
d6f873f2a3fb050ffc804b6e35d242f7,main_screen
93e3f0cab9ba014f38d77b5ace92638f,main_screen
a72eb9155f5b59d7de1dca6440dd7601,main_screen
eda8a70095187dd461d94fced4d02973,main_screen
a574faa73037ea13a83a90050cf9b6c4,chat
f2d011ccd5d3acd1cd69ba1ff3d74926,main_screen
7b14b5136ebea9f752e7244f4607a29b,main_screen
3ad83b781a0f3b07b20f968364a7084f,card_recharge
1a16e484fcc11688511c3b7a0fa4e527,statement
b9cfea415dbf104a7897b7aeb7213323,card_recharge
603bae318f3a81ac581f85c480eb6c83,card_recharge
e41de77971b5793f7e7550c58e48a6ba,main_screen
ce4b0c41a7e165ca3c3cd259766998c6,own_transfer
5df68233fdd259ffb6d4690dbe2b0292,main_screen
47c27e56295f7dd8af2ad3638b89caa6,credit_info
98546a2400c13b2a28b7dc80d4b16161,main_screen
cd6c7e9381c2c015ab3aa1c382646833,main_screen
ee87c3d942ee2111f3f10e7ede90ae88,credit_info
7f0dc8cdcdaf0b635ee1ee3e9eba78c5,phone_money_transfer
3693f38bc7d92c5096c1e0216ce7a212,mobile_recharge
1c19f6266172e66e6fcff1945057b3a9,main_screen
f3083d52e3ab410fa8399b4952965db1,main_screen
31ec156a99a6a7940936886e252a90c1,own_transfer
565888801dee2d45edb86f441a52c252,main_screen
544c8189b807ad4d7a9e20bda243cbf1,main_screen
690a16cdf3a6a5e1bb97ef423fa9f96b,chat
0c57f12a7e0f4751af5f1c6b1be689db,main_screen
a8ecdf98d523067c190df16d2de17096,main_screen
4e6c8d48368397c09b9a6a0e9f4c7c96,main_screen
3970655857dd49a2103a2f3b7ee9f9cf,main_screen
79a913db1f2456370c9099821156f54a,main_screen
0a7f62a73ddcd58aaeb10e1e39eba55f,credit_info
b3040cc80203c3e9813a2c36bc9824ca,main_screen
8ce01a6fa23e94d3e82a8b85b5698920,main_screen
08328e59cb1f6f6d221683a28abdfe5b,main_screen
e1f60e4a74319dc24ee0582c0c33599f,main_screen
f02d0018859856c114e44f48d6308257,statement
fe353124d8209df5b683e54314819239,mobile_recharge
b7853f6015325f39d53acff1a65d9bc4,statement
b65a5718824f4b74223d6cf274d6a62c,main_screen
7e7818cb14ddec24ac1b1d895793e0c8,phone_money_transfer
ac8525b5b5fa933988a0b8505a8ed2ab,main_screen
bd0f5225eb23fb4f37d840842cf7419d,chat
50acfac6a225f4665ae54279d9fbc0d3,main_screen
a5ae01366779382b0df19a848269dfa6,card2card_transfer
5e2eea98cf0ba47fca71d0758b1b6298,main_screen
2ced75b23b1c4bcdd51cd05b66462772,main_screen
338d37946ee437275cc572f76a335bcc,main_screen
392595703a1d7a626537c1e6048c4b71,main_screen
2c7067b852d50f59cf2ff913452cf522,main_screen
64e859ec76b43b117a41befa49cdbd2c,main_screen
9f0e9bb25b57a5751925346763523b60,main_screen
9c20d0ed9ca1e30da6f1b5b90fcede38,credit_info
bcd1a5408ef3769d2b61771848dee0a0,statement
b22cf990e5a2eada8bf09907d8df8344,card_recharge
f81bc8dd170c803acd782655c7d68ee8,statement
37e9c3080bb14c4470e27452a3ab9617,statement
de8f42d22877e2a1ee542924962780d4,main_screen
8bce1e4bbb430a18c4ce33a8fe1870d7,card2card_transfer
2deee7833a38504a6f6ca439e0ed31ae,statement
1282f1ff19c8aa0c2cef7f342a4c008f,phone_money_transfer
72f22043ae12a76109dd8efd86aa8eac,credit_info
398280958f5918c07eb755cb02608d72,main_screen
8243efc160d9aea98fe8a7707c536033,main_screen
8edb078127d0c05393411db37434df85,credit_info
22d151ff351e566b9d17d8c794d2ba2e,statement
47eed60d0e370927f6490aecba1b1144,phone_money_transfer
5bf98172a25f80a8ff8b3faa3aa0bfbb,main_screen
51024040b91f95b079e9e0014b58cb5e,main_screen
c501e9819e2fcc1ec8cc6c7fcadc03b2,card_recharge
427b120725fe384f751c53dc2f048e12,main_screen
95a45bc8cf4da1666faafc2930811155,main_screen
c40a8d886405de910af0193b3d997bd8,main_screen
201a4e03bf20d9f6437404955b8bb65d,main_screen
1bfe5488ec96efcf85a0cba7b4962f4f,credit_info
ffc46d403680045ce7e4ad7f45e7380f,main_screen
47443f7f36f10b01f9ae26760bfde7c8,main_screen
66cefddef369966d32878f62296def00,credit_info
aae519066c3c2cc2c8b8b5048894a6f5,statement
c4990bfc1a50965b29eb33edf40ed827,main_screen
029b588eca1dc119280bf56d4eff4b34,main_screen
25945a9c5f71e0e90b8f65f352c594de,statement
7bc490d4c785c491424bdeea4d0d48e2,phone_money_transfer
462e67118a219b2d51af69e8ba01587c,main_screen
2085b339a32aba44cbc23773b1f0fa3c,main_screen
a3c47d3c99825d92ab54c691a246e563,main_screen
f6144f4f5867db61bfc7d066da893230,credit_info
c0f620eb37e668fe6856178d0a6ccb54,card_recharge
0fb55e234a9088f03d286f00d0d91d90,statement
3da46ae3d876b4d7df31fb6cf2be9953,credit_info
1619b82f5d0d5104c4162465f6f5c48f,own_transfer
a6f9ae88774da07e46741aab37369228,statement
c6c1989aa7ae4094940f58ab561c8f45,statement
598bf586f9f7310877ac2e2d4b0153db,main_screen
e7b51958450783cf4edc5572fbce7894,main_screen
672067c8f848540a0877a58844881004,chat
3e6479c23cbaaa9add5f6793902b8fb8,chat
575df2ff2cd1f509a90fe0f3a7f68905,phone_money_transfer
5353e1b8f682c65aba6070de8a6d713c,main_screen
b0ef086eafe4db9866ef31ee51b32bf2,credit_info
3d260703dd742a3b00a67be0098624b1,invest
1d70fc9e57556170d9476cca20cd380c,main_screen
6171e38a44b68a0d92c0a37655e19d92,statement
7461af355c8863c07efabb17791c777b,own_transfer
2c5f4b645de5e2425f5f6e280d1fc501,main_screen
066d479c206e3ba4441bdac8c3f9e204,invest
a34b961e8caf30adc860e5408a2c1e9f,chat
40e592e6230eb922d580dc2c3ad34a25,chat
a3b18c1dae40adf8dd1d8ecfd2397a2a,main_screen
97abe9fbe7f1d027684fb07a154396e3,main_screen
d915d56eda480ebf596b828b7151fa4b,main_screen
10a720b262aa3e14c7ab50c0ba915861,chat
c6b2608a46030cfce72d0f5ee58b7989,statement
e96defe89d9ad9db653b7cc78c40e174,statement
7f09183bdd2ba982947dc5b7abee7d12,credit_info
56bbbd9fdd620543f414ebe25c02cd5a,phone_money_transfer
20abaedef6e08f9b47aec618b0f82eeb,mobile_recharge
1dcde5af851e07f33029b3a25aea7e8d,main_screen
616e50f3e65ee517f417e3cce3664266,main_screen
03cea72f6cd2a36bf2b0d0762783e5d6,phone_money_transfer
356ef20b7637f98710ab7c05db5fd942,statement
0eb468ba7219b17853d4f1c9fd7beaa3,main_screen
5d1b6f5a3c18d5ee8b6a04bb4b131f09,main_screen
58e935f0bc8c92092bb3acc0cfb55c82,main_screen
b0e07abd0c3d98fd6a586aa48c149192,credit_info
21e5f72ff8179fbbbc8ebaac52a86111,main_screen
5be374945188248f619747426ccb9fe5,chat
ee53069ea8c47806ac2e968b63da3030,main_screen
656e0fa0f9f8d17f61bafb5b418f03a6,main_screen
c65329b6eca2eb7907b57928a29a50d0,phone_money_transfer
594025375f3838930fc9e86c4e699440,main_screen
ba413e6f733d103ee94ec924e362bb75,main_screen
de7d2ac871da7b5530d31dc85b7bf89f,card2card_transfer
09d07105820d84200afce1aa3ead84fa,main_screen
acab6be52196dac6643ecd6fdf608aaf,statement
4c8fd407207e0f84c2e23e348cb00b2f,main_screen
262a8deeb76013685175b4432c3bba0a,main_screen
f3484bb032d70066d39b34613619495b,main_screen
6f5da4cc8f03f798e9d05e769004309f,credit_info
5b839577247cc3018f386cf0dd41b633,statement
86b5ec1b50fb255a34d31538cc96a296,main_screen
140a291340a3c0b83ab4b7e3583e19a6,main_screen
d65f8ad5454520da7b636d76d7c7b029,main_screen
56fa8f1ea5fca045e64ad6df5f773fe2,mobile_recharge
344dd84f745d0af89276e9159d94851f,main_screen
e9b0a8cea0111faef2772e51bb41a61d,own_transfer
6fea110fa0eacb548bb33e67ebc9c737,main_screen
dc064efcd30d32b7a60a6c7754d23d69,main_screen
26dceaa8fbeb92d6453d4a6defa2fe52,main_screen
b22b26b9cc2ab8bc20c279dc01516486,mobile_recharge
a9fe694179cccd3a6c57589ba834ad61,main_screen
367ceb5e1d98323f556ae53bd8d7dd4d,main_screen
bfb46d58152dcca04397892b833fb38f,mobile_recharge
44185f6f214a1dba6a0e2e5443f0db25,chat
897f12450e3dc4a059258a527c369a56,mobile_recharge
4a9d23b073844fa950d1a4338ae08f6c,credit_info
a991a1714f9b3edf31464159dcbe3afb,main_screen
7b92993822b9c0170a13fb470102810d,main_screen
7bc6daf3c9b31667ea4ce70e37f8d773,mobile_recharge
ad392e03047108f51e028a1ee4ddf5c8,credit_info
e3fe374cd1ae3253aaf5ad11e41444ed,main_screen
1b80ada1fb589d28da7714df2af936f6,credit_info
553c4e5a3f1398917b36290c78600fab,chat
79e302ff83a9a1762932d77820530b59,card2card_transfer
f687e1e348577ce92a7cd6d1535b8dc4,main_screen
80a672b3e1f3363322fb86ec6a1575fc,statement
0a5bb8c443ac86391ef5849746c31ad4,phone_money_transfer
4ec73956868db92e658b97c1a801da3c,main_screen
0f3a6f04282fcaee1ca1d9c79dcf2b05,main_screen
464eb860c41150e302475a717cb564fe,statement
00fb10f75f8729be138d99f962d0d6d7,card_recharge
fc2783a92db4117c4c2795d5d2f22b7c,statement
18c9bdf1cd767f0820d126d3520e098b,credit_info
21a9b00477b9cadd1771aed3ef460767,main_screen
cf91498013de7959c6b93a3abf8f7a16,statement
ddd44ccf1b18e496e5e9b5b1aa654ca1,chat
cf340f95722420140d3106010618e259,main_screen
9a6b85a9285802426318fc061045ec3e,statement
5f3c4b6f3b629eeb97de9ca238f90e07,main_screen
43e3404fa1a237ff86e871fd328b0519,main_screen
44b212541a4fe4506b5e344d3cf5d4b0,credit_info
5d129bbe403438b20b66a888a1ffcdf3,credit_info
9228eac60bc0e00facd23684fbe5553b,main_screen
b1d762a2980ae9d1589c798fd0b21b9e,main_screen
a0696cea86190ddc2433830ee4c24256,credit_info
392447e3ea2d4d33d5caf4d5fd14365b,credit_info
4625e65ff3f7c8dddc5ee83e8ab08390,main_screen
c15e2dc27bec6b0809899da3bbcbd0d2,statement
2f0873a496744b2c392c371dad6cf639,main_screen
0a86a95bb1ee018ce9903a1a3ab52729,credit_info
0c531b57c14967f53ff3deda4fb8d23f,main_screen
9c461de1d9d46b39171f0c129456c401,card_recharge
de4ecb126a8d9fc4aca431e06e227604,chat
3d6ceae9575c4fcb1a4705119d6a5104,main_screen
ae5c88c02eaef04d8f8ca384b4d611fb,main_screen
dfd6957828fe60568b6061a260aded2e,main_screen
700795ea5479fd2b2a86c59ecf0d82b1,main_screen
b2d2a2ceb8d412f9fa35373bcf89ec90,credit_info
af076eaa485f37ab7d97e88475628637,chat
6749c942e310b4abd6cf93a358617d74,invest
de69ea862d966b4b4e59a83f3385e691,credit_info
f7ae76b94703f93a5c5436c666faa556,main_screen
89e0f57830cc5cd679087fd7d2b34309,main_screen
ca220fc6939e5ad4b634e4c7e6db6ac5,credit_info
996239adea618fd5aad71947d2eb8758,phone_money_transfer
21aab826683314c75f8434a80c207d5f,main_screen
cad67dc60f7346048d71b056ba5eb833,own_transfer
5a08cf60ba919260572dc3d24dfb94e2,main_screen
c60fb0bdd1c2da67d818382b3d5500aa,statement
d69f5f676dc1a02e3eb0c0d66ff25c3d,invest
4e780629ff5a3cad78033b9600c587a5,credit_info
f5adde7d44df3d0cc3365427a0dd71a0,main_screen
648708b87209ebd7113a7a3ff988a702,main_screen
a66a4194272b2b607ceaf55c2b64ac62,main_screen
10dff678ba2d1c856a2aeb117dd02ad1,mobile_recharge
c66af7b501496ce59f01342db2983391,credit_info
427712b75dd1057efe8dc4b691c88e32,mobile_recharge
7b740fd1db80b70954782ad3ce7f95a3,own_transfer
c7ac41dee6ed13d6c8010b041a8b8c21,main_screen
a61f570b8fb962d1b6740a68d8165709,main_screen
c464db9ada058301f70b2069e5b387d6,main_screen
0e947929c62cebb50a2e275af02f13c7,main_screen
02adeac8d54096fca566112173225279,main_screen
e702e87b27ed5eb0033d35aba086e470,own_transfer
60cf661c418502fe0e33e1e5db12f80f,main_screen
660e7e19672cb1aa9e5cec31805162a5,credit_info
4349ca76783412606208c43ecd1d7bca,credit_info
ab58541c783ab3c4885883a4763d6b71,main_screen
33a28dc99eb2664edff3e6b33360f25a,credit_info
44a6a77f6818e84e246a3585d0f7d67c,main_screen
f34fcf2dd6268c6c97b4547370b76823,card2card_transfer
681977286690e7926046975b3364463f,credit_info
fb35515ea4dec7f8fe7b50ec60cccc7e,main_screen
0a9db6ee09b84a1aee9d8e67c1ea9c02,statement
9a132fa3b0251f899c2b375777234985,credit_info
3709869bc491bc34c337807ed423ba1b,mobile_recharge
680c9f9a0d200f5b9cb6e435f88ee996,statement
748d0d3edba6d2975b23b58dfadcd57d,credit_info
d7bd37f23e4925419509edff87cac5ad,statement
ab9cdcf8008c4e81745bea3b770f87f1,own_transfer
824c5df36ed0aaf3b4c04380bc15e9a0,card_recharge
19ac8f524180b83f0dd887ebad26a4a3,main_screen
c71b31dae8c6bcbcec25d62e468acd82,main_screen
a026274f7ba93785b5943f92a1c073ac,main_screen
9154e064a89ad30137678df8672ebdba,main_screen
34c141e3d4afb634c78f1825f7fba82a,statement
1938d3aefa682a39bbd253fdb40b90a8,main_screen
4ffd0a2452e86c79969238f81054f90e,main_screen
df565e3a453e3165e5a2be95fbd3606a,own_transfer
1876ce9ad97862e659ef71ba092ffb08,main_screen
ec1531f5eb1bd044542fb5a8015e6fee,credit_info
7af1e923e4c9f01b774882cabe44de04,chat
ab785bfeb12fe48be8f6a6c65fabdee8,main_screen
81985f956258c58cb74df794fb333d2c,statement
a4e4ef906c743441bf32fbbe89ae1c1e,credit_info
cb0c406e21d88510c11dfefaa44ce606,main_screen
2d8e10d6b64e068501e5f9329b65627b,main_screen
72e7ca73c0c0df67ee48796d7b78fb4c,mobile_recharge
23915fcd84ed41f8daee0af4029e1695,statement
5572f27877d46a75838da5012e506fdc,chat
d19ead98987755935d1173c6a24e7f7d,main_screen
045b1073f025db9e603cb86e0d7aa313,main_screen
e390b4bfec789d43fb14584e3b066300,invest
75c998d792c0a914dd1b14e7e61a7d93,main_screen
7777e2813f5a58ca09778facee8ddf2f,main_screen
eb73f5989b6c0bce0e28e35925334143,main_screen
38dea4fdd0bf800fa482362d17ef6eda,credit_info
759072dfea1cf527def8e016526e1293,main_screen
6982ec8d5caf46c1bcccb1e0dd220f29,main_screen
4ff4ccf5efaefdfdb649005a2e393a97,statement
ffcedc79951d0aaafa39dabaa5241dd4,credit_info
88c3055b2d9c1a3d9c530d84ddcdb80e,main_screen
7449af5525839b0e7b4d719645559cde,statement
c7b62fb65cc871fe4992f4fac5ee3c44,card_recharge
0b66676f8448bd633c36af02e63a65ff,main_screen
6d29016acd6eef523d3b3cc656af2db1,main_screen
7d152e1960e12f4794dbced9d661128d,main_screen
690c90228421680648d16a545bdd7895,statement
0febd54001727c966275470372727b28,main_screen
44eba28d0d848e0e31eebb304838e17d,main_screen
b77a3baefcc9b4b7fd2718bc8addea55,invest
9ff4a0b01ef31f3b6c0a86957995b154,chat
02bf901f06ec03e7dbb00e8daaec77c8,main_screen
eebdfa4ad25ae0860d7ceab9cdfccf94,chat
501f42c1bdacb5e938bffe89ece64c53,main_screen
97dd032c8296d40b4a037bfb6c431b79,credit_info
ba81bc7398a3930cf68d682e79bdf4ac,main_screen
df6c650ff75b89fec796facc08ee0e9a,main_screen
f6c3d3b479ed77a613c8add2cc364011,main_screen
9479d0e81e98c91ffd9421c9c86ce506,statement
bcd8b508299f2a2d27810ad2478d254c,statement
5b1d64e1c1c4244b22d56be9528e0a99,statement
cff86761b1720e7f252a3d31fafb07ac,statement
43ceb47d2523f7069490ef66d443eeb7,chat
1f7269dc41ec408235f0038f3d91cb96,credit_info
9eefb32f2d9e8163a712f668aa672169,card_recharge
0a47d0043297c81d2f7786a547fbc6b5,main_screen
26fb038600a34d0119a47fd570aa45de,main_screen
da06889b7e9efbc8b0059954edb0ad57,main_screen
85899d1f60acfc1544c416731ad183e6,main_screen
afb0aec76f6e61d615e48971dbab25b4,main_screen
a4ad06f0901fe2982655b437afd5f6bb,card_recharge
b72349518900f796b925630a86ba1291,chat
c440be40bc78783b65b22f3a0fddb84d,main_screen
abf24edcebd252400418bc7417851353,phone_money_transfer
1ed672ea63d96ba342ce794928d05366,main_screen
ee70afc1e1123c45422c053040c880c4,main_screen
daaf77cbbc06d7f3b9e57483c8b7c218,statement
5ffa053f0ce436b24d3b2a98bf3d48d8,statement
64c887feac96e48c4f56ba555426842b,main_screen
5792c444923a30c551c79b479ff74f13,card_recharge
d53a7276eee912271a90c2846868dc00,main_screen
7c2ea8173b98dc5ac1f5501189085bf8,card2card_transfer
cea4e38079eaf2609b8958452405a24d,main_screen
f0b01d73b1425fc11533d5f617b55435,credit_info
2e8e2fee90fc9fddabc17b4147294e2c,statement
32d54e3b1f82fbafea87ec3877d7e026,credit_info
e516d3675b50306554b81a476a79982c,main_screen
57d10b3af6e88b4d119050c9bbdac067,main_screen
6fa3c6ab1090d8c68b75a11225b5a2e4,main_screen
cbdbcf5e9cc37be0d5575de7f6d394ac,main_screen
201a5db76469d52bad9e7a4e17f7ab02,mobile_recharge
a6bb8c9c4829766cf0b50a0dc46dd2fe,mobile_recharge
308a576a280847726760f079a68cb4dd,main_screen
36dedd442d3bf52665d0aab4049e52c3,phone_money_transfer
78d9fe928d918b5d28c6f31e7e083cb4,main_screen
c80dc09c52918d004315aa29416eaa3d,main_screen
a79841137b3b552f8dc78632900199a0,main_screen
a58a8c14703ca53d9f75a51876cf3ac6,credit_info
cda75fb11c46113a841d0eba17f9e4da,mobile_recharge
cce7e708a404bd2f99b7ed5e2468455f,card_recharge
e65873476bd8a2e28620c9867bf69dd7,main_screen
447bb5bd199aff4b9a95eceaf03e2e47,statement
be58c738d9faeb3412c70482bee8e426,main_screen
9b50ca2c4763e87c3e87291589deb24f,statement
93746b71e809f3642acda2a82838afa5,main_screen
66a672452cec74afbfcc15e1e776a91a,main_screen
42e48894f247618ff5e626971c721a30,main_screen
ce1a42a2259ecb7be386afa1d7cd2199,statement
9ba5fcb578a2f7cd781ad24a3790eb5a,card_recharge
99da7b48666bb30824c39eef3776ff0f,main_screen
24b9f33c8d07691701c30a314edc2bb7,statement
634a8e06bf2aa21e131b4f2b860851c6,own_transfer
fe49320f9d2defc988daef3e5eecdbc4,card_recharge
ea7da33bf75e53c05fa030478ff5d4c7,chat
df24aa0116ebdaedb68b36eee7966929,credit_info
c3f1b2812995d0aa62b936c012a2bee5,chat
10ed5874bb44deb12df66e81fd3d6404,main_screen
29d2fa16176031eda76425fe79731322,main_screen
00a33de2d5cbacd6178e193d628e6cf9,statement
18f415c26b4390803d5a5ef8f62b1cc2,own_transfer
613b2b7798abdf586827427f4183d723,statement
589f2870acd421e14a76b3b699a2325c,chat
b645b5b1320ed6f0358f6ba770731d2a,credit_info
2b6e4051d1818960e243f5d378b5f438,main_screen
d57ba2cf9d4eb4f6b097223eefcdd394,main_screen
de7412c93c7de58d4559483172b57852,main_screen
49253be16510fd18335dd410ac91a54b,credit_info
11d7835769732f8f7253b4c55a7db494,statement
185bad333bda89e9e334b1c8e217b2cb,main_screen
1275e6aa95a62222dc0a4defbf05029f,main_screen
4af892e56675b10d97b0bb469657ed04,main_screen
6d70de0daa1fda38af92321a9add08ac,main_screen
f578af0b95b6691a3b2f93061b6a1058,credit_info
263840b21e649f623b71ba4d151015e5,card2card_transfer
b828fb4823c271b1b52d771beecb3e1e,main_screen
8eb6062e8e33fb48aa635dd15505af80,credit_info
824d34b6839823d872a5b146a5bc442d,main_screen
0c5996ba1c1d6bed42af7e0f1214d0eb,main_screen
8368e14d099cfc0cd66f038d177547dd,invest
d21172e180aecb2ec347f5e87d1a4ec4,statement
51030e90dfe2363ee373eea6280e7d11,main_screen
ec5d3f29c09fd2ff44561ec3c44ce8bb,main_screen
ef14ac0d51c7a9b325942e657a808eed,credit_info
8dfbc271d48afa93cea5cacc4096d1f8,main_screen
0dbb38db5fc14825775387e12047fd1a,statement
ed3f2074357f4c25c3cbe4b7ec7510a3,main_screen
5fc0fb77884b4004b89e0ca798fa4a66,main_screen
628e5275ecef304bae2955e3c88b6424,statement
8e4e13bd401d820ccdf92f8584a17b03,main_screen
6d7284385fdcdc1d7cf81c85e7e27345,credit_info
4d6172e2cacf3ff19c0fcba6c10faac4,main_screen
1c04cc36b36e1a4fc912c6faec048798,main_screen
d086c85ed63d04a4e15ce18c6f804357,main_screen
2d1ecf7b51c88a090d6fb18fa5ea53f1,main_screen
e705fcc49d1ce906acbb7fd6cf781cee,statement
243296ee30e5b450fbb71cb5d8fd91be,main_screen
faf9b2fbeaf34b4e10cc89aec7ba6cc4,main_screen
bd1ec88d99e47dce57ece563b93b4cd6,main_screen
fb65694ed029d7eecab90f2180a82f87,credit_info
132c6cbfde52967ca3d3bf6c75e1df87,main_screen
5d5f055289d523a195d6f48b7d01e86f,credit_info
dfb654b27e3562fb453c06420e28e1f9,credit_info
73fa47cfa235e64b8836af300d8706a0,main_screen
c689130a5780f2454d1892cf5035fd2f,main_screen
65a4be8f52fd1299107e908c5a045ac1,credit_info
edea4cb5959cbf44d1c6531886aa51e4,main_screen
30321c77ba1e6b8641b080f8d1a73996,statement
8bc454c61955dcd4fcafb987775f217b,main_screen
c35eb8ebc30da5e6b7ba4a088edace77,main_screen
4b3fa13186eec09ba8325f060b43bfc0,card2card_transfer
7453eca60b2a9d88dc777d71ad857d8c,main_screen
e1c7867164904ebbc31d9553f54737bf,card2card_transfer
fff35534c58ebe7e071b54c260727fae,main_screen
2cd0b1b4812530b4fa950053ac24cb40,statement
37b80df6527b625a425c9b9539d76658,main_screen
4ef938c92ba8835f95a0365776878491,statement
7252cc3ff7f7971535527581567ee487,statement
c8ce5ce0a542befb3996962ae80e8674,main_screen
5290152153278c5ec023a2416f286551,statement
0515068e9a19bb3d484319860aa443a7,statement
fc5379c08a2f58af849da050c663fbfd,main_screen
4f0ceae4cf335a23454e5d6a46a91079,statement
0e604acb5e9461e88e4380a9de247b7d,main_screen
bc42d2af3a3de31cd752d411d09b808e,main_screen
fe7eff2fb9bb3b08c20d4b4f6b07d169,statement
212c6c9aaf278d114b3c97ea62a7cf57,main_screen
02a4362e8b9ae8ffa44c7be3fe5c100b,credit_info
a7a5d0529f5e7ed57c7c9e42e905ea62,main_screen
43fb686b709531fbc790a34662240ce0,phone_money_transfer
e37181cc93040f340b8686c9df3d5c5e,statement
0f837cbb5a98f3213bf52e66ca021f7c,card2card_transfer
34e7b3b426a269a9382629bc5cd9343b,main_screen
282a23ee655eb14dae9c305e8fdb7243,main_screen
5de894e1739722a0367afe0c5be5d3bb,statement
e969ee60d91d26ad04cd149ba3308d6e,main_screen
03d7ef9979595f710ed0ca915050841f,main_screen
f6303e1badb640137ee559ce48cfe244,card_recharge
0c100ca8dcf5418b9140b47dbb754f96,credit_info
bd8fc5341ec32874fb5517e933c233b0,invest
ed4469aa7e0d5b494540bb1534045f4f,main_screen
cf1a8db62bf2cbbd1f376e6983cbd8e0,statement
34964f4b37f9e3b6b416612885efea8f,main_screen
675e2edcc54770c8fe6de5b212bf956a,main_screen
57945a002fe8a9558fd14ef810fb2ba4,main_screen
3f0c55da87ad0ccf8642ce039d55a580,main_screen
6d642c5d320a93e5a6baa9857a84e7dd,main_screen
cf2216c35df1b1e3ffabf367c0cfebc5,main_screen
282d93bb12f93a864f6c45752baa562d,main_screen
7648f7d5b226cf3e4b1777a4a9b4322c,card_recharge
6ec1c342a9eac1d551abbd4fb78e24ec,statement
35d5b6c7fa6be642009796b308f83b7d,main_screen
8fad29e7b084844aca0c59d2d42d42c9,credit_info
21489c28b01cad8d8b85b915e324fe80,card2card_transfer
23130cc50c7912ca54668cdd1202b37a,main_screen
f76c835345091084d4cc3086275acfca,main_screen
0e79c10366b48a5600b0f491ac08fe53,statement
deed0024bf91928e87519ab2f3f8284f,phone_money_transfer
ddff674967ea5cbe20c4aa270d0751b6,statement
982a3bbda2b75a8c14b10172c7871b78,main_screen
d47bccf548d96b9c3b1a423dbe990615,main_screen
dc1478809f0b4ce0fab9f319e18da52c,statement
37a85882611edcbd4edc9f99f99399a9,card2card_transfer
30ce4d094d919c34e76d68e774bb9dfa,main_screen
c9641bcdec09f48052bfc2c5369724cb,main_screen
49ae47c52fb11445c661f2c9fb50368a,main_screen
028ee9587b6cf03c666281184bf3dc4e,credit_info
fa85b7a8b5fbd13f30ec72248b4cb7c5,main_screen
07781ced04176779211d4ad6c3b6dbdc,credit_info
744fa1da7ab6f8927d15983411355ab3,main_screen
8c78f47a3e92a36bc9aeba3e2c628e4b,main_screen
08f8a286caec8657e87ac1d50418ceac,credit_info
459e245d0a5730f923d8afc154187750,main_screen
48b3c7f696ef776962dbef5efacb14fd,main_screen
0a82d4a4f6da6948dc6b27e7ca076bac,own_transfer
22c2d178bd255b2f1d3fd789321a6c01,credit_info
1f0e01e7ef21f89a9d7e442bffc4bf11,main_screen
36a2f50bb78e8bc2726dff6bdde480ab,card_recharge
7bf8a12d2eba5216b9695a29b9ac9f41,main_screen
798ae5da0738c8c3dd04c08e4188a25a,credit_info
c2aea8288186272ad2d01a41a118cf78,main_screen
e5a37bee2f3c1907406d8113e0b973cc,card2card_transfer
4d3ebabff6410e31286304bad9b9be66,mobile_recharge
1c3c84e0db417e77ff5fda3135e5fd9e,chat
d2e71a53a43f8cbdc8c8eaa53a3bd4a9,statement
03e5b707b1a5af1c38aa665de158defb,credit_info
982318a7f1963dcbfa9b55041bef2820,main_screen
cbf6939c2c8e9effa1579f1a43936de6,main_screen
9a5007e2485c98fe1eac6c231bf5d7c5,statement
50168a697a2fff849a1c454423b0225b,main_screen
2c161e8395cf05159ceaed04b19203a2,main_screen
72bfa72f1de0cc45c105d3942bc79c00,credit_info
94796fa01e7cd383a6f9092354b01a2b,main_screen
90f7eb49a944ae587ea18be9b2340edb,phone_money_transfer
f33fc7601bf3ae720522b4a1ff320f1f,main_screen
55af8910696ed0937b362bf0bf0d2f01,credit_info
b1b238b5e5aac06097996e658de0c1cf,credit_info
295ce3f908e0644cdf71d2ce26c5da29,main_screen
2b8e82bade4d5658e5f3be2f62f491f7,main_screen
7ea5d8f58509eadd1933a9d7753a57cb,credit_info
17eeccd88ff8716a9d9c1356b3957862,credit_info
07940f544a688c3d32712278579bf5dc,credit_info
34d7e35742432b7b8353a7001462807f,phone_money_transfer
4ef49479e3b2330a7a11e6be5ffbe32e,main_screen
5406e796997c1050f3cb8d309364bea7,statement
1b339ab8f6ca1694d1aa0d5d8cb2c04b,main_screen
d873d51a2a5506d8e8b7991bae0d9393,main_screen
a7af86742bd08662f8903b76a2f64a0d,credit_info
be0624dc0a208e5dd31bc09e0cb79e1e,main_screen
8f506490941988cee3dd144fbc57c7af,main_screen
d6565a090e7f03108121718134f8a60e,statement
6821012109837c25e5a963361116a8e4,statement
ff6abe6b2ec9bb4d210c85acbe4bf054,main_screen
ec590fab52e531885df144b9eaa7d053,main_screen
7bd6826f2f75a3adbc7f8016a0f8add6,main_screen
269f71f59d8a7ae2a1fce7fe96cae965,main_screen
2c711361c3c0db439a70a61b6293cb15,chat
c0f54fa2021f5c5f74bea04680dca670,credit_info
cd06dc8b3ba6a4d6e26e0b122642b3bb,phone_money_transfer
ae924581a4ebfc416bba59d56ca75354,credit_info
81a9244d4a44c26e698171f182b11de4,main_screen
d35b91548618823e2c9404f190a00c97,mobile_recharge
84303087eb4f852ec1464e7e432b5157,main_screen
d3ed7e67a3e6be2f789b3d15d2cb41a5,main_screen
b982eb863e8f1b45499e7db6dfa99f7a,phone_money_transfer
3b4cca5f10b37e6edbff947252ed2379,phone_money_transfer
3cc0c565679bc2cd6355a4f2bd4befcb,credit_info
08cbbd6aedd4353fa71714f820594b78,statement
fa50ae8d5e99a4bfe9f7ef6eac609a38,main_screen
99f76f87c472700194478c65fedcd7cb,statement
218f28203a1cbe79af3aded4eb488be0,main_screen
157fee645bbe8086cce9c2905935ca40,chat
8b6d1eccec48ff8a3f6e423da769c1e5,main_screen
5e528e7ee13cfd71e15703360d1bcef1,phone_money_transfer
e3b6fb904b5522c690c62c73fafc2833,main_screen
d78c24bdbd87933420590b0ad9ce344d,main_screen
56e6e2a5d28c0290a5cd94cf049f0979,main_screen
638010dc3f65864f19727e2231780b4a,main_screen
90e98d9e01c327826a700a43f630ae2b,statement
5a69502eba0311603cac1be281bb26f9,main_screen
02cd7bbb482164238021bb650cc237ca,credit_info
433e7c7e30152898042c45905267dc26,main_screen
eb2765ef99b024edad3820c014f76a6d,statement
bb1b9d7e10daf4aa75bbb616976e0beb,main_screen
d4a36eac251997b243a138e19c37ec23,statement
281980aab0c5c836e74fa4351a69e9d8,main_screen
30a07533699dacdaa53f85f02d53731a,own_transfer
f6b07b277823a91d454c7f290c5d025b,main_screen
8c67eec5efa55559775e7b894ad53166,main_screen
898bd2f1c59f723415da2e39771fd282,main_screen
db8130d0eda83c6b83be225d7bd00747,chat
90e0c43a6d20a80e1e7ea59dac9f6484,own_transfer
83b475573a1dcd470da7381f319926b3,main_screen
2b342f214b9d59cfd6d841a5bf7eb17b,chat
493df39f357a542f478df7304838fc9c,main_screen
5650b127ad8f36016a32c6607e9b9085,main_screen
b215530367f03dfecb9a55e8bb2c3724,statement
f09f32e55e6659126961c80dbb07aac6,main_screen
07c1fb7e47b0fbaf350d02210f8b2275,mobile_recharge
e1132a043288496f8064d6bca0a66eb4,main_screen
aaa4a5597608cec61d3f90307c8492a5,credit_info
1130da2ee149ceb62a3b8f75cfad3968,main_screen
0be930bf3bc082723166ae100ede4fcc,main_screen
1cc76533f1ddd7f6c4aca6cd01679ca4,main_screen
525bf29a836160b492b9782a6288e5de,credit_info
5ed1d6459b5a139773840dbf88727e8f,main_screen
53b17c36a33dc50709c5fa8a110bc7f3,credit_info
de231550ff57ec95a3231a2696f0a8f3,main_screen
78abc7e8027a6b84c220a1f5c5e6521d,main_screen
e10c67dd0f7c6712edea8dac53418b47,main_screen
bd4927eb47d1e488262d68dce91c8f3a,main_screen
4650b0482a5a76bb8d1217270af3bc34,main_screen
a877aefe342ac8a4690deced19a07260,main_screen
8b0d51a13487d3bbb2c7370b45576f2b,own_transfer
46ae9dd491fbbbd8447653b7f4c0a704,own_transfer
cf8b2e37d10f4a3297ee20d0b1bfc3ee,credit_info
b6afd11fad27eaa87dcfd9ccab8d61b3,main_screen
73767d46ec46ec86a9d517dc72e926f0,main_screen
f5c14718fd2b604fad9a0bd139371fcc,card_recharge
ae8f6987041faac7a8010eefaf82f5d2,main_screen
3e07e50d73be12f85c5a33fe3a758f4f,main_screen
0c63dac9be7da0fb6b38afce01f7f89f,main_screen
feac6d9149e72689a89da9c88a39b018,main_screen
d848e7fc142dcca11fad4c28df3a83c6,credit_info
b9f74dbdf11d6e7251212dcbdfe7a910,main_screen
2620573ee714ecd809ed596e9b1dab2b,main_screen
be88eafa8940a57ef415c3218c32533a,main_screen
9ee0d908f6c66017cdcaf31fea32e67f,main_screen
299a96119fbf5741f16602ec3ac26e6e,statement
e3664aa8f464e8a8a007294fad585ee0,main_screen
03ac09dcf060a1f41f7240bbab5eecc6,main_screen
fffeb4fad3aa3603f65d7c847efbe93d,credit_info
6f2e2860e3ff641e16ab3a79d5b9a8d1,card_recharge
93dc4d1e904fcb981c27e3a81da5a2ee,statement
2d19eb9758ccb8316e7dc4eafc83262c,main_screen
08779faeae6471b0e2d4c58740c10de1,main_screen
1a5af1cf8f185790682d87abe177b09d,phone_money_transfer
d7dc171e83bb29acba2e947084b5aa2c,card2card_transfer
463674b89f2df27f0e7c9b5e6a4fcac6,statement
875164c882e517029d17ea9b340db72a,credit_info
6929a3f2458aecc9a0318f0ca8a9261c,main_screen
20771bf3b8a229ea6e76ddcc76bc2fde,credit_info
1a41196e39b463addd2532eebcb92448,main_screen
0b0c6b237063a45608c51a4d86bf6960,credit_info
b4fa34a202ac9021349e7cb7aea89312,statement
adcc12fee7c18aa5e0a878f42070fdff,main_screen
4a7dc01fa730d4714ccd4c81d20ef097,statement
8ac7fccf17ed268ebd3295f317dce8cd,main_screen
feecda4e17bf55c418f4e3f8ec2db588,card2card_transfer
32be6c95b100ebaf8bee1569af9be193,card2card_transfer
b64b4558d3a74219d53ad5f3bf2f1f79,statement
d420ab90cf908b39b0b806ebb1e6fddb,statement
0bcf7049f51cbf234d30f621781b3cd0,main_screen
7284b8ddf6ec725960fef8002905a52b,main_screen
bfee87928a64df79f1178fbb7790ebcc,statement
811a246e522cdc303f52efa611c0f569,main_screen
201d593fcf5041b24f9b9f5a663d2827,main_screen
8384274d882ea0abcfed414700f5700a,main_screen
3e7721e67c33dadb6a8509c794b4b751,main_screen
376282dc6d2e4309ede0e4259948c429,statement
43a077fb51d115f33173e3946579ba78,chat
de7c3718043cd9db0a83d7606f78dd3b,statement
22a50a5a36381e4c713edb1307e16710,main_screen
8d3a51e7bc7a448be118df40aaf4557a,main_screen
b81f335ef1b7ea923b204ae3144f02ba,main_screen
7bad70cc3fd770fe2ee694aff6e0dde7,main_screen
45ed13c507b31370815e56f00f9eeb7d,statement
cde6c2600c750edbb4063261d73d0e0f,statement
4f0d4a5baae9aa35365f10287fbc6ff9,card2card_transfer
669302930b0033af6231737f6540b43b,credit_info
112f389a267eefd442d0f01e8cd8d67f,main_screen
ea2e600b0bb858d976a5a5090424ca3f,card_recharge
32932bbcc18b354a63fb8b449c1aca74,statement
a218c36cdc34e542e38fc636da019508,main_screen
e0d986219ff791f5a58f52a65924cfa8,credit_info
c66b666a80dff88d2e89abd0a3b65eb3,card2card_transfer
f7b6dac11a1aa569db3b670d5503a9df,credit_info
577e3c1c2790e7819b40d4aaaba7cd78,credit_info
90417a47e1ba535a381589fe0f88bea3,main_screen
6cd407087fdf470219b23a8d7f647ea5,statement
a21ef1fb2feeb08f3300863d641bee10,own_transfer
7dc160a9f2c6d9a446b73cf908b2c3bb,mobile_recharge
e701e5326c7e1b83be887e46a3032432,main_screen
65a4ca76bb72e020621b81b5b998b19c,credit_info
d28ab58d6f14d347b8f4c09b2058f3e1,statement
ecb9ab9ac8c8712e5102828ccfe07158,main_screen
c50f98682842a604232600451138457b,phone_money_transfer
b8b84ac83752f2d7ee75bc910112a2b1,statement
a08906ec4cdd2c4c1bef8872e0830ba9,main_screen
937a05ea13122cb2a7e181ff47669740,main_screen
8e39110f573e73eee5c4ab387e14c669,main_screen
864a18945924302afe7b078d08721a8e,own_transfer
dee0cda9b69ecbf5adafe99096c0c2c7,statement
160367b60f8a0321ecf9b6526d62d858,main_screen
3bbe9c6b4d6afcc820531bba14d219a9,credit_info
b3ae2abd1685ecaa907644d73a32ad55,main_screen
867fdddd39a4c16e743862580821077c,main_screen
bdeec0c329adf5bbca3013a3bd30905c,credit_info
bc2bbf2820f00cbaa7b181034a5fd495,phone_money_transfer
117b259ca53c0a60d97300f74067535f,main_screen
770dcfa760942f531804f8893fc4f1b8,card_recharge
cbfa49d6a5ab7a6075da630b7ccf4335,main_screen
799263679af754301827b7c5df66dbb9,credit_info
124cddaaa68cc45f6ed62025aea199e3,main_screen
a3014d85fac6d7bc969e51459bb267ad,phone_money_transfer
4b266608db4e4b2a1829a9c49b45a31f,card2card_transfer
d9e03e4e70e243873a12d427c4ab8085,main_screen
3ec54f899fe32cf801e39b737cad1f6f,main_screen
4d9d924f535ecc3018bddd6a2b016ca2,statement
4655f1644817d2467782cb2e7dc300d4,credit_info
c862d85bdbe189b524977c23cfa458e8,statement
0021c737313438d4a42b595856cae9c6,main_screen
29d2de24392d6f225bafb4b4b774252f,statement
7935ced866d2ef50a33271329e35e21b,card_recharge
bff4d0e089c8e5701a2eb9d464ef86d3,chat
127a0dc2014a5f40f9b29b6433451e59,main_screen
1594453c297aabf7881800353ae59764,statement
d51ae7aa926c85662f851fdefc8bf5f7,statement
a4d9df5d04a7ba90ae9e37490ca422d0,main_screen
8428b83b127e6dfdef425526a54cc1c0,main_screen
79f0bb1144c0e01d0a8d4744aa3a075f,credit_info
a19bdd516b469d0c645448130411f321,statement
b4924417d632ba2ee16e9fb9f227e450,statement
ce66b886578dc409b70fdf6122af4fe1,statement
c239650cf8975c3dbad8fd008c2d4f44,main_screen
8ce0f9c6a7dc2ce78924d24d54887f1f,credit_info
0c71852a93fe4d763a94057c9606a3ac,chat
f97cef61980ba9aced09b3aba88c1676,card2card_transfer
6a60ea73e85f13a74ec257ff15b999f7,card_recharge
e8fde3ea141f7a3669af4e568815ca5d,main_screen
ff239f8b6717ee41eed40b328f7177b1,phone_money_transfer
9c7d177b9ed9ce52b5f61d46639b0618,main_screen
44d6f53188d25673e312463b2db21fac,main_screen
6e2f3277bbf418cf003b6423ff567554,main_screen
5dd7103ec7b99318c894b56726f707aa,statement
d711f56b46c9f22dcc0346b1a552824e,statement
aa096be0e24f64e82e1ed856f09b8b91,main_screen
21bdddb888792679f25eeb7d072a8bb6,main_screen
266b13c0947cb2f917a7cb9fc0938bc4,card_recharge
10a4fb849dfa2b5a3e06fbc8e254abf0,credit_info
1c67a22494fe15646348f7135ff5c9e0,invest
b8f44643e36da23c1571310e0ab765c6,main_screen
cc16b320a61f33fddcaafa9efb5ccc34,credit_info
3e4913aa0a5dfeca3337a9d2b6a60efa,main_screen
c90536b044e00f36ea3df30511b70867,mobile_recharge
22a0490521915a51a617b2e645e7b178,main_screen
fe632241e2121c0bb27c6796f9328828,credit_info
62430df89f4bd2edf05f94cf4398920d,main_screen
adf7f7e55eae45f4feeaf5f403937c9b,card2card_transfer
1c3df1b41de3096281631bf0abb99c40,card2card_transfer
6287cc719ee9866df02d6804801c6494,main_screen
93b854234781ae60adde8ffc7d4541c2,main_screen
3965c9d25f878086b68f4a592264585a,credit_info
f6946a4b56a523e269b8244f345def72,main_screen
e8f9c9e6c3c8d5a679e92e9f21a983cd,card_recharge
05ab7f085af9ed1a0339f1da3bf582ce,phone_money_transfer
1f29d6634dbf4f08f62a7887a63cfeeb,own_transfer
a292f1a4ee7271094073212ecebe0e89,main_screen
c3762ece9b5a78cb0add3c6e6dc35574,card_recharge
21e90de6c036e7d08b534e873aeea913,main_screen
a124ecea2c8d453140e2f3ea7b77dbf8,statement
87cd8e3a8973394e57ca9f008c8b6257,main_screen
78eaa9998f5d19f1da80c25b0ddf26cf,main_screen
5b49691913cb5a2a9b5d0cf5bab223dd,main_screen
fa2bd99f85f319055c62ffce0da49e17,credit_info
b1ab8b80dc9627c2e5a361937c29fdef,main_screen
a693783c9f716ecbed6b273032701cf9,own_transfer
95837d7eee2f84f713cb4e62c04fa5b4,main_screen
a940ce56c41c5a76086dcd1f85b755bc,main_screen
4f4b38086b2a616241577638f1114abd,main_screen
b2cceda0fdfc8da69151905d4b72fe2c,main_screen
2bda88354947efd0833a4ffcd7d7bef7,statement
300129fd6b43a395e3329dd17dff6fb0,main_screen
c78825139952a64e25205250be3c92ae,main_screen
48976d7ddefba91de376d7e31f3078ae,main_screen
9ec13cc0b99a992f7882a327c5bcec12,main_screen
3a53524e83344323e8e65d11b31b7ccc,main_screen
a6345b3a143c3490d3721366cd6a0cf7,statement
981d48edb8616dc875e4a824cb758a61,card_recharge
6e11d69b7aa686497868c721afc26688,main_screen
47a3688143b0cbeda583700a89115e8f,main_screen
fb7b267c23442494a6aea2793eb0b7ec,invest
2dac422f38316aa7954a41f7c64208d4,phone_money_transfer
e0812ae5aa079a8baa0013d435b291b6,statement
eab877a64307578b69e96797b0f25bc0,main_screen
3289f7af3cdffe659c4075e92ee3b5ef,card_recharge
868f85e4ea5e205a9d40b20ef1a3dbfa,main_screen
5aa79db6ef99a3efbe98426a1b9b1080,main_screen
7c0cd565e6ba6d17a369179bc80c5b28,own_transfer
5be8503c3fd49bab1919a1ac2ec9a96f,credit_info
bc5c9187d5bc083dec644319f88406c0,chat
f88013c264c87ea9913646af3735c4c2,chat
7392727390e19637227d095f650bf82d,credit_info
de7495480d60867a592af2b4497a2eda,main_screen
a901854079a4ed36a79b25f3ecf138d9,main_screen
8dc43eed469d502cebc5d7e1da54b7b7,main_screen
40bbfa64f49abbb6744f5ea8eb14d764,credit_info
a8884ed9e00772b65322a15f065b5cf7,main_screen
d0e2cc4a1e7485ac918a3133d0d1c4b2,credit_info
39d858fab6af8d5caf86260a41d31382,card2card_transfer
e8709c8c40ff2d0e121f79c7d6516e58,card2card_transfer
8966f462a4d781406b22fd6b90dfea55,main_screen
706f5bc615695463a3f2cf337053b8b0,main_screen
5e8bf122feee43da0ae3b5a6f437fa7c,chat
5207da2db34dd4b12a232ddd371e2d3a,main_screen
b562221b6a6d2cfa962ad5643ad2df49,main_screen
1bfa4f695c0b00016ed5d4f7a8f06948,credit_info
a6e15fb7be9c030721f99ef5d9c36840,main_screen
3657f110ab97acaf8e4ee1dc39a36db4,statement
448d77e2d7c5d07dba3e0de3e78382d3,main_screen
73b4f70f85586512703ed196df3e6c76,phone_money_transfer
7a2071b332595d6b75348ba0324cd3a0,main_screen
b449abb1c65b8c9923476f77f826b38c,main_screen
601d256881e71708aa53abd916bed643,main_screen
8194a546bed1f26db0a6aae20b8cbc76,main_screen
50af2193d8eea5f5536d722b9e6c32e2,main_screen
1e28cd66560ac2b89854eede88ea97c3,main_screen
7815d906fafe93606caff38533125062,main_screen
4370439b568991c8c42bd1cac63eb88f,statement
82b7b91095c10c05712b3966e0368d43,main_screen
25c12e13f4cc4d3cd83c27ae0da18c3f,credit_info
40411fbfbe1d0dc140eced11c535ba52,main_screen
7514297c3a9c5daa809dfc2599243bce,credit_info
7a5088d1ec69b625db74cc664d72cc5d,main_screen
9231f58f2bdd68713065ced2582a527e,credit_info
40e5f18f1296e749c1b40ec6b40fe642,card_recharge
d80942aa3013d47bd2be556b1329049c,statement
06180d06a64feb8b12ec5d3394d92057,chat
1ca464c1ec631d4b5c7acd1c73ab96d6,card2card_transfer
e63aec7a275dd4b094be84e65fef07ae,credit_info
ce64757a0852ef8194a9730727022d73,statement
d8e161f4a9c4fdcdeaaf4e03206db3e5,main_screen
4aef4e5aa2f353e73623c92801129e95,main_screen
e9316e86ae714030d97cf1133e63fa56,chat
3a28d453fbf50472c7641889386972af,main_screen
273a49230c2094d5bbced796b2b97938,credit_info
90232cef22639271e25b8efcacf9a129,card2card_transfer
15b3ec643251dfa3352f5525f41295a9,phone_money_transfer
6d773043bc81ef69867c45f620f49281,main_screen
69874b2dfc787720d9f810d23be77def,invest
bce9fdeb2a0f1d3de39a8ff0a80657a4,main_screen
b3a55a227d82010575cbc8ae837d17b0,own_transfer
dd1c9e8ba476968e63e0509db4a77e54,main_screen
452a1338b9984d5a0902683a1ce91d31,main_screen
9e12e79d8d12aee92706a96a36e71928,statement
06fed8a33b6e0b477d0fbd0b851184e2,statement
70783113e4f4117935d9f746237fce3e,main_screen
0003a7947510434f8248b5b6a1eba0fa,main_screen
42818782fafc81ac3e1ef39c478e452a,main_screen
2027825f54aa49b6f8591f428ac5cad8,statement
3b9ae08fb7560fc8360eb0a45fbf6290,main_screen
82864750c9384b804b6ccc436905fa17,chat
048f0a2bd9a54404063fcda4b0be129b,statement
43139cca5be0abc1b4a2a3318d76f8a4,phone_money_transfer
9e5cb7697471bffaced8d8a3aba5ca99,chat
35ec02810e1dea39d0c72f827fcb3192,credit_info
520b0f773d1f98240d670dcf842a8739,credit_info
8927c61996fe44e427cdb6f9969a8ba4,main_screen
df6c6bebdc92ae7092398f617388cfaa,credit_info
a3f144a2a9b652b4d57e1c599a4ae0ef,statement
a18c3d560314166ac439d51df8c83be7,credit_info
669eb791d6ceb4997d348015ab631ed9,credit_info
46f1d600d7c8b3b3e79508b690bd3865,main_screen
c9b39bb43948d58a6358ac921c4db8c0,main_screen
7467ad5bc25636747aee30565401dc4f,statement
4db4bc8e6cb7a4cfdfa82a11e481aa4e,main_screen
252ff774ed87363fb4594f9196da5d07,main_screen
4ec04ad4d5d7530cb4d5022b6400e593,own_transfer
527e2a402b233659a95c9fd772048bf8,credit_info
c794c22c864b820442d972ca169cd7be,credit_info
7a91bfba29defb36da62189596f5b8c4,card2card_transfer
fe42f0c184222263afa4f407e6be6f42,credit_info
c16d273cf1506a095add06f64767a8df,mobile_recharge
e28861b98dfe8cd3a70c1dcdab67e714,main_screen
2ca61a0bb66bb93e672069015139b4b5,main_screen
3902f9e9314fafa568e46002582da303,phone_money_transfer
a4d272ab9b308b9e1f184f58e704ec82,main_screen
8ae05275d5c8c0cbe376db6e26fac270,main_screen
4962a3ea0d0d1eb81dc5e9216139ae45,chat
7a64789c9a0a1768f35043d8626744f5,mobile_recharge
9764fa8919e297580759b2c106c30f74,card_recharge
5f63171b4bc114401111da2f5e95e515,main_screen
ffcc3579f58023b96c894f5541a0fc4b,credit_info
20ef2ad709b69604e04b6af85451753e,main_screen
1622f0c35e1c63f05b1100cc6bca2d26,main_screen
eda08e2c1f1620a9218e2075dcd5bfa9,own_transfer
47b887f52f4f2a535b7088a89fde22ec,main_screen
f15377551b532eb8a5fa0afe89cc18ab,card_recharge
5f4f48583eaf57dab854033ba28a25ca,card2card_transfer
96aa7db70d57e472cc313ffbe03d8656,invest
8d9886641d91e063291caf260f058bcf,main_screen
d7a19841b43bcd7eed8d7f0cfa0f641d,main_screen
d18b0c859b1b90f61d85a93d17beacf4,credit_info
a950b29bd206949855960d474b45c19e,statement
747227b6a877089dabf52d593890248b,credit_info
3728814c4e0e8600c5284de0b417506b,main_screen
955a0e7df315834226f4bfee24ffb452,main_screen
be1d52ac95f58c641223e03453a84130,main_screen
2706c198e0af0dc45f7b8f13e1dc5c6b,statement
2fae949fd2abe9d5058a6da3f9928a54,card_recharge
8f2a75bd6035df6208b8cbc0eb75b009,main_screen
b7ce79252d07a8acc7e7ad25119a0131,credit_info
a5c37984ecbbe5c3a2e97488e9c721d4,main_screen
ee09903b51929feac1e50d1d20fd977a,statement
b2cec297cd1395c5bf5599a6059d6b87,main_screen
ca9ff466d66fb1f5acb1651cc366c881,main_screen
7648b6f26b254822ede5fdea2e21ab3d,main_screen
f5b02eb6103745cb8fa2cd00bc9fddad,own_transfer
06e4cbcaef14d2b03ee1bfb61c4f6d25,main_screen
705bd2d850b3d3c66b9713329737ed3f,credit_info
5fb7dac39217781f7204af2175d00260,main_screen
318ec5c30d43aad2ee72a040b44fa101,main_screen
b658bfee8a24aa0bbca8eee5a9a9d74b,main_screen
f47bb920e1489e9175f053fd0108308a,own_transfer
f9fcb9dfc9dbdfa0e7f97ca7f0b4290b,main_screen
73cd734eea37608988df33b641c7638d,phone_money_transfer
d654abf2b4b73293ae3bce1a39603bbf,main_screen
3a1b23982595b2d535a88a6346a007a5,chat
903760da219f28b2c2c2169b987164db,own_transfer
f7106c4cf650330a798e16c216e0e992,main_screen
f242a340d18d8213ff1db02ef88dc51c,statement
4701068baaa31a69090621fb89fdf20f,own_transfer
048b6c75e13626ed4329786501b2fd35,main_screen
fccc39bf711367aee7bb2aded83f13da,statement
8df7cb1c57934430015dbfff77446509,main_screen
ef424c56fd54054a81af77c7d327ffd2,main_screen
148c61c8eeea4f3f6217a889ed706a1a,statement
d5596646a18659aa17f86c5174b65f77,main_screen
19c349b5a55431db07b8670214126906,statement
c91b22fde3c6142ad4f44eb611ecc052,phone_money_transfer
2fbddf75adfd3203ba833ccf8049ab55,main_screen
22754c5b99ffcc2abf1f99294e9948cf,mobile_recharge
92de3c88eac105f5bb4f2b8293ec8244,own_transfer
3df7a5c0051b7373e105b55bc77f9ec1,credit_info
8d6c0037b8e4830716a79c1f875a9bbf,main_screen
9a3949bbbf88ef83f989a99493f84a9d,main_screen
f106ad4af167cd2a0dedf157fdc891a8,credit_info
e3cf8646b6b1fe5cf1de60ed95589b6f,main_screen
ad57706f929ca7cde7032a8d2a002f71,credit_info
ff99c846f40e75a5f42b591b5eda3e2d,main_screen
473be3be058e71545cce3953579be168,own_transfer
0e68bc4da04e318e1e54a6e35af3b14a,credit_info
37c18d34104038d79d6416425692268a,main_screen
d3329d8436667c7ae179eb154705a174,statement
3b996c0084c1468940b87a2944ecc245,mobile_recharge
8f8630920abfb8b3af303fc4f01b2a5f,mobile_recharge
9c00b57b0786947339f4ed7bd1313c99,chat
f54d233992063229af6a43e8f336ee80,main_screen
fdd7b046b0ee9629e387a881d69043bf,main_screen
eb9d330d7b09f1545b0d99eb0a41855f,main_screen
65f23f605834256325298fd9f5ca2e37,main_screen
fa65178b6739f24dedf6d595554951a9,credit_info
5f00be944a5b77d72b05fdbbbded8564,card_recharge
37be7496740ae8c5bc3d2955f172561a,main_screen
266d36e8fc91770c5712c148b3c73ee7,credit_info
0817e80a9cf2e34ee2714e3a04662fc3,phone_money_transfer
0a26401ccdb514488bdb31d91b3043c1,statement
f26cd5934adda77f311d7615fb8ab7c3,main_screen
56c7f0a19d09735d76ad6faf4c1e93a2,statement
4ca695bed7cbe3002dd8934be01d19af,main_screen
a5bea6a112d5f5a156b492ea5a11e358,card_recharge
97cac8ede69779733f7f6d7a244fbda9,credit_info
2c29c526f5ab757edbcb03fc0c46c445,main_screen
3c04f197621fa4b64c1bfcfb96c4cc0d,credit_info
bd52ed5ad12d029aad7ec0784cc51d92,main_screen
5973fbf021a02d28709786f98ea09c06,statement
fcd96b6c16aa4558eb774bb6eb4515b7,statement
89b2bbb7c2cf98007d4ba403bfed47c3,chat
c65f154d6d00ac0a9e8c4ac7435a971f,main_screen
cf04a8f6252cac0ce48af7b321e51bcb,mobile_recharge
b7ee3d8d21cc1d816054d5e18e45e2f9,main_screen
fac7e069e80f1ea3c8aad27c1d5efae9,mobile_recharge
50136e9d52ae8a1146c05bf5a62c6985,main_screen
312fb46a461b64970da7a8b3d9e1dffa,own_transfer
28a9905a8be42b8f1a960c8059ed73a6,card2card_transfer
d94dc72e9069d25415b00bb151008e25,credit_info
ed531f465941f77dc8ae97a4d1fee1b9,credit_info
143f0e38b85f24dbfe321e9597bf8916,card_recharge
4536ce87c330b3304732ffae7775e63d,own_transfer
5bc63a95bdd1d07560250f908d76b149,main_screen
c1cf013ce8c3e8e414fc21d96299a606,main_screen
afec7574410143b48b2bd4a1d74c6a88,main_screen
a6e7d8c183630f655725c03405be06d7,main_screen
5f4e9ea6bd98b1006415dd8ebe4647ef,mobile_recharge
e5e2a640e0f87e44df93100148eab269,statement
2475552e233c1dd7f6793749a98f3927,statement
2a4fdbd127bb841b68a3c3471a6ab9f0,main_screen
4155b6780f2858e5bb4247b4dbb38539,main_screen
da3268b30fc8a64c32dd96ebd132b9f1,main_screen
2260785c4e40b80bc5e07c7d3c318c07,main_screen
0f47f8c2dd7b3dfef716419399d02d6c,main_screen
7c249f6e3856b0e0564fc456a7eb55c5,credit_info
b2e0e472ce07ba306b7fb34549dc1c3d,card_recharge
97b558ebf2b411c4a5b8c80d23fc8d5a,main_screen
799c9712f6caed91c8d561ea53b08109,main_screen
c4934df82b7a77e93d73b084af7ca0de,phone_money_transfer
068857421c401c8018ff571a03cb2149,main_screen
46e2ffba82a0267e6447eaa95dd25eca,main_screen
76f9e0f72a2ea0022fafee1c5e78e1ad,chat
46c2282558f74b0777feece466caf708,mobile_recharge
3f365118822cd6ec9aed6579bafc70a9,card2card_transfer
427a6120cb1187c0d93cf99207dd65b7,main_screen
479414bc3d8055079e08344b7b080b89,main_screen
11a85e36f8602732247b05030844d148,main_screen
a7138f94afef0265e5e22bd62e54209b,credit_info
7207e395445c6660ad6a59254151c8d6,main_screen
097981cb992acc19d2d27f98a15bd30c,own_transfer
18f8cb712b7c4bf1d737be1418143a68,credit_info
ab6ede0273a14f0526fda1090fcf3005,card2card_transfer
74248a09409ba9fa9bc73b8dc6e6f4e4,credit_info
0c6199c59f3c5f92a1024c1d93c8aa5d,statement
9aa512f95193e506b561a852d51bde96,card2card_transfer
32a5e350e63fb4e9ae18eacd4e1ec657,credit_info
bdbc2df203aa102f302839ac6acf958e,mobile_recharge
de0046373b39bb4f4b3132f699b86a31,main_screen
4c810abfe62a9280d658b2079f3e73d2,main_screen
d43d86de824a9bfab8c6e9d6900c6566,statement
1cebd15cd8732ef8f0d8b2bc7b0bb45b,chat
a75774878ffbfd1cf27146e7e1a6ae5d,statement
01b85c4dc0c5502e63d4caa19542d5f3,main_screen
21db249ca288cd1df9dc45205edac615,main_screen
1f63dd1a6e0f6b71246f2ef21a067119,chat
124438c9de55f9f4720b4a6835472e95,main_screen
ad56bb7f6a8bde002270c5101cce839d,credit_info
5d5d792094a26408f306032266886e31,main_screen
11667611d0cb3ba062fda43cae37177b,main_screen
0135a64f1c1d2d35bff70a52fc3aab76,main_screen
8db688cbf2c94476e7dbce43c699790d,mobile_recharge
09d9cc6dd189e5ce19f6f1ba81e5d6bb,main_screen
5751dba08c1c71c483f9f20447a95487,main_screen
dcb22b2dad935ca95f65bbf04465feea,chat
c550a279aea45590a080f319c1f35a7d,card_recharge
e1cfe1370d2d6851b87d729e65173d47,credit_info
c9421987ab6ce722a05c0c5e6d1e860e,credit_info
c2fffc95d07049601924e69ccc5665d9,main_screen
d5820bc49722fb14563c451a5c650470,credit_info
e38d378cc6fbfa165b3b39ecfd8aaeb2,main_screen
a40f5d7c4f680d5466e851b977f8a8c2,mobile_recharge
82aaf0ad8381dc87c0fae7f39e6d562b,main_screen
65d6fbcc657af91688dbd5cdc541c8d4,main_screen
8f4689cb0252f48dacd686c6d6722c98,main_screen
7b5667691c42d4996954138158c172e8,statement
dd77f4f26b3a98f7b7c1ffcec040f36e,main_screen
c72f838e9b24019f4357fb5acb48541d,statement
4518c3f11760c9cf31b5f8e013f96622,credit_info
9d7d5672c97bf28e095520b408b39663,main_screen
7f1d2c61a82265e6c8cb59b2592651b2,statement
2f54c9eedc3b544340eb11d66447ce36,main_screen
e3f7e2507752b8d56fe0af3f65e59d1c,statement
8ae5d7f0b5df041beb62aa1068c185a6,main_screen
25a9b43b60c91fa499a5bf3a92136b74,credit_info
e731237d3829d846e87af92a065ffcfa,own_transfer
6410e9d696267063932fe948d3304c11,invest
518e79b36851cd5f4eec117ad8bb49e4,main_screen
d78a2323188cc3081777d7e28fd832fd,credit_info
8b5d99de1b9312c45916c25166e7f801,statement
89fd742369c37bf9386cb66ff482c5df,chat
4a4a901aa9826b767b8a8489b87058f7,main_screen
1fdbf85eaaef2a7c4d4b11b624df51b2,main_screen
8a4e4c3c252fe7962794a3b1e08746ce,phone_money_transfer
fbb1aa8ba75c12a4bf5ed723c8027324,main_screen
af97142558cbe7d47ec005029d1bdaca,statement
0597a61863be243cf725ff592c73c4d9,main_screen
17da2cee7efceaff3da5262e1e0d9ed4,card2card_transfer
addfa592985f893c49cdf0a7937dd5d4,chat
204b970a636ccc4a7487b2b52859d51c,statement
35adb61247d6189a41c03ee7287245e0,main_screen
a482cd48d98606650dedd6973982b295,phone_money_transfer
37f2337553bbaa91cc098db259540db1,statement
510d02d63091b8bba285e936c2bc035e,statement
5efe57be07a054de78c16bf17263f200,credit_info
6b9acf48ca394ed1f431e018cbc780f7,own_transfer
9809245ba1ed075291e88ecb30e81f56,statement
9b353335e5a79a1a7fc8345dd119ffce,main_screen
fca7f2cb3b8ce066faec7b53e8579015,main_screen
a2ad6588d64106da9598e4d2ab441fc2,main_screen
08b58a07d2cb4663de7e27a401ab61f4,main_screen
f3ce6fbbaf4edda0646a66343da98c83,credit_info
448f9f082ed10456af22fabed2cd3211,main_screen
596a432f630473fa37569c2fe3ddc2ea,credit_info
2ab2654bf7df8ac855d95d7754c6e2f9,phone_money_transfer
8a2dd27da47bd03e9836c7d265ca21da,statement
43253d3f408d80383597c3f058430894,statement
181ffaf67cbdd7fd82d280d62c4edbe2,credit_info
b86293b6ee5582be8d40e4c57ee4818b,chat
c955243395fa59a8f786285d4f285466,statement
67fa03f3e6c30ed436094c175929da32,credit_info
dbeb2472d04bef1c82cceba2b2f4ab31,statement
d24dbf8d8719e511d0280278099d0587,main_screen
b66a11872f21c1b25804127e6220f566,credit_info
f711b6d58dc192b63c596f7b62f9771c,main_screen
a4b507a3006001377cb21cffa7e5b7ac,phone_money_transfer
123f44c9d9e0af86b616b6bb3b962786,mobile_recharge
766ca7ebb1cab58ae3b680e36ec99366,statement
951f4a6e4178de85c9485431e2ac1729,main_screen
9479c5cae7201b1e2470c159058b8b35,main_screen
6757c2ce1c1c74be50c91476c46d4121,credit_info
2facc683a87947a5fb409a6c42bf10df,main_screen
e0d61e48fe3ea6004bf35708b61a78ff,own_transfer
2a97fdc26744081a96914aa832177b50,chat
927646f3555fc961dfab2f7eae954bf5,main_screen
c002a266f2c05ad0d23be3823cf165ce,credit_info
a58536b21b82543ccb8996bee33c67f5,card_recharge
0f3e316d96b158ef0fb606b80be7e01d,statement
d94d530dbec4ed6b3ef3471d989be8a7,main_screen
544fbbaa1bcb421f20e5efb5595e3e55,main_screen
440be36c9a3b0ee25448502fe23effa6,card2card_transfer
201cfa156199f17c6ce7f85f6d83406f,main_screen
73f1f091ef29c72f8aa194fe6fd3be58,statement
b531a869b00266894fb7b8ea9a174f6f,main_screen
054dafe379773ced7eb4ee584ea9175e,statement
420a44f88fa3efa216e957e01313d0fc,main_screen
879464ce16a7648dc9c8e0caddcadccb,statement
a1aaa4153479d1689bc834a68d83c880,main_screen
ee40e2ab1d4736749aa870c004ea124f,credit_info
7f70c618c89ee3b0109eebc52f60599a,main_screen
6279786c8dbba6e9ba0b1fe7e043111f,main_screen
89441094b0328f7e3706cfa160b29695,credit_info
b8ba76d61543827d2b7258d878a5d899,main_screen
a1db8d589dfcfa294f4cf7a5b246112d,statement
13659f1341002442a092d9e6f0b66eb9,credit_info
a8a7138c50c011ebe13c8108602c6adb,mobile_recharge
092879d72d285d2e4b2c930baa5b924f,main_screen
a9bc46d8d3f99587808036642210fb01,statement
d3758c42068f57aae63001ff39671372,credit_info
0eb187373495edfe1c7272923a73da5e,own_transfer
faa6f8f9ff7f7640fe6be20b06cc1776,statement
cb4f6bbd7b170131d2be9ddf9f59b2e6,main_screen
c482714957c12b41592a0a9961c26041,main_screen
c84cc77e8bbc97f79dfbd1e720e9fff3,credit_info
3af4c62bd639d4224213db77e7acc69b,credit_info
dfbe600757f06b55bb0ca3996abd01d5,main_screen
63568c7f3273900a5f2dadd74bcd8231,main_screen
f336da61f7847f6e7d22ce2a043ebc81,credit_info
e9aea6a881526a5279a0f86eaa0419fd,statement
ff18a558181642701f9fcd16d66c9162,credit_info
3c808263a907882710d4fe1d0ecede94,main_screen
1fa98429f87281208e41aff9ea248cca,statement
254dfa5452265039500ba72fcd4841c8,main_screen
329e2994d1a1bf1c3d1be24567c2b17d,main_screen
265f3dcdb1da6ff3fa660f84f2a1ab0b,card2card_transfer
fa72b381e71b42ab7a0f12903becb015,invest
00d1754b2a8d0edea136d6a36885ae7c,main_screen
8356623fc756acff58abd678fc705464,credit_info
720710296be1089509fc1fd69619643c,chat
b4de2c5fa7f7c576613dd70557dc5f35,credit_info
7ec817b1451106f21e7beb800489bfd6,invest
aef94aebe2202bf9468c87418c8649e5,main_screen
882c211acffdb7378760b51c25fe3652,mobile_recharge
b0a93213e19a7c2219fb831c8650e715,main_screen
4b2310032509a6ee220a6021d55d61fa,main_screen
3ba8e6845c74ee59fee0e544b724084a,credit_info
63ea32cd58587c717c315d156fa621d2,own_transfer
26a5ac606360180c87a1a9e35c4ab61d,credit_info
2ff5b2b5472af84d9eeef03f4e7770ab,main_screen
a4d480a6626de399cc26fcc4352f1fd5,main_screen
4e836068d863c19d999bb77883ce3da8,main_screen
d5856c24ace5f812d51853dd7f618992,own_transfer
b30fed5a3f20ab8783262231e14d2a08,chat
92011b2b624db419f653ffe5ff0570ae,credit_info
4ddad7d0783a099fbf7ca9b80f0feb44,main_screen
6836f77b7e7ccfcdbfbbc747a84f8a3d,main_screen
251bb635b5f9306d2be6aec7121ca9d5,invest
9dd3f91b41c67798116a527b9ddf5195,main_screen
60eea77a4cf49502068b4ea6b625ebea,main_screen
fa7847c347aabff14a05f292a2df92ec,credit_info
dbf02699ce4d9dca4fc561145afb830b,phone_money_transfer
db70d4501085a5c9c700456bd5d7c60a,main_screen
947762be389ed8d2fc29edb7a568b625,credit_info
0991042d3ffbdbc7f3a2bd2e539f3f3c,main_screen
4c5b89e44422c2beea63d560bd53d94c,main_screen
a738ba90c45971637d1117a538a77061,main_screen
1010a372205563af1170a804d8137e41,invest
1ec130a031019cc7a835e934f1621859,main_screen
24722c9a78be819793db43622e7f0808,main_screen
13139a38675ccaf15001fd58d923ecd9,credit_info
b7657cb10d61e92737d1efb96958646f,main_screen
008f3c1f45a1522c85ff100b33767cd6,card_recharge
3d3ec03b46ced913d4d69f2044174bfe,credit_info
3dda92c513bb1a215da6476d2a03cd8d,main_screen
7e8b57562edff3ef8e5eebb97bd0d49a,chat
940a56dc0c34824c8e819c283c952e4d,credit_info
bb27de039d4a2e9fb6d7a8540e2a6b76,credit_info
ad73d45e1de8ce5504b9eaeadfccd8c4,credit_info
4379395ae4bf656794a67c374befbfa6,card2card_transfer
4e1bfe83c3e248b457984cae26e7273e,main_screen
95f9fa24f71807abd4590cf9ac5bba24,statement
528bf86157d7d2496e566c819576aa85,phone_money_transfer
8758d7a8f668d2942101cbf3122ead1a,own_transfer
7cd8bee8ff793540e37bdb14bcbaecc2,chat
d56f0329801ef51c6259ffe1f527a79a,statement
53541cee0c88e7b4ac8f8eb7e655f0f9,credit_info
f6ac5123d1ac171443bd0be6211522a0,credit_info
43a269ae7407b0197a726fc6b3b9b791,statement
a616536f3b05de0309074f8a71255e07,card2card_transfer
22d1c35a11572c4a061414b74cd4ff62,credit_info
80685293cc4ab07739199206be780087,credit_info
14331a3b85c78f44326a55a717bf37da,credit_info
0d4d225e25da274a4a33003a6d7341f0,credit_info
0d4e8734b23ea06fc8511c7bb509a270,statement
955c86d42c43b8d735040c798b2c0b7c,phone_money_transfer
488b70a312de6375eda1467cfdc5977d,chat
f3664bf698cbd7d7b5c3017920113fa4,main_screen
6eb5ab38519f0be511f9408781423532,chat
71db755aa0bc4f78b3b4d9dbf7838bf4,credit_info
d1fd1892443e3052981d59fe680ddbdc,credit_info
04ef6a25068f22d1559cd1a517480eb8,main_screen
92c00d4ede8d14dc6955ba02361d7d40,main_screen
8539afdcf9a9f00584b1f3a6492c7b00,main_screen
c6dccc49f274fc9eccd362cf2b7157ae,own_transfer
3ee4ffadce63a9b653d53992b83f9d84,main_screen
df33b468baad2819066d1edaa5fd1bc6,statement
67078ee0a9eb8523edf53e10846af0c1,main_screen
6c85203be06dbaabba4da85710c26c88,credit_info
41b03705f057976ae2170b4a48a20dca,main_screen
f586a0c8996daa351b8f959b6bbed92d,main_screen
8d40538c11e135e0724ea7d619b9e4e4,phone_money_transfer
6262228f574f6d6f734eebb4493e81e5,main_screen
8f1a207b637ad945e6239972fb7bf2c8,main_screen
3cfe93c1f7ce496e84e21fc0c806475b,main_screen
167796f615ae1150602e4ab03e7df0e7,credit_info
da947fafc411a44cd8b6e80bd5a2ecb6,credit_info
5abeaf864d300fd545bacd5e4ba29a8e,main_screen
489818f57087b59790435b3acf18018a,main_screen
fd6eac99e4650e6986acb0238f106918,main_screen
040a90afba3aa43b3bf3a3c77021b56f,main_screen
45b91fd7274910a404dcc55e5c94cf9a,card_recharge
53b1d391197626ed0421cae322efff85,main_screen
904f7c4310e5c1094e34b447a931c803,chat
2753a075db4d0c56fa569e36ae145abb,credit_info
66d21c572ceca6d000084ebe1060f7d3,credit_info
e1bc85c7fbee5774d8a31870770e3b59,main_screen
941ba035561cc5d12d0a05d3d833fa94,card2card_transfer
21155ad18fbdfc64b699345c12a02952,main_screen
5b1124a4ffc82d8b09cf66819a1f4105,phone_money_transfer
6282791b1424b4b2ad48ba86cb629006,credit_info
0983831e2d017c442e4bc2da17339204,statement
3e920ddb0e2053809fdebf05e507d457,credit_info
cefabdc7a9d61a9d2d57073b0c8fc194,mobile_recharge
4f7b5c24cee03b99326afb81230dbd4a,credit_info
e90b3b3416914f013f7292c4669b6c69,statement
4b29e9018af3b14e363a15b73a995322,chat
35ce8af0304113a4bf23b797960a7fae,statement
f8b6b36241eeb9a31dddd877597896fc,mobile_recharge
0663bbf8ccfa3704c7e394e813771c0a,statement
4001e8313dbaf98b9bc026658ce14e33,statement
d4c1787cb72dfd4cba0d3013fe205318,chat
486279f827814383e6e37f32b7721565,mobile_recharge
094d519cef02ad161be0d24b214c3e34,statement
456020960d05314054ce8c6524711a0d,main_screen
a0127744fafbc92b8d89268405c10ec0,main_screen
27495c0a723a76bc7496ddbb9b7663e4,main_screen
d6ab464d138830aeefa1b2782dd3e642,main_screen
e79c7157cd313044a81ec5d8c7b80f87,main_screen
784b880e07948f2adf3655596ec677ac,main_screen
0ff368db7888018038dc25cdf7f41850,chat
d532f4cffe9df8fe2273a9e35c2c834d,credit_info
31a78062959fcb2d79f254b603f175cd,own_transfer
12de826514daa4c422c7d2494bd249e3,statement
fa0af62f8f5b1082357e4642c28ad850,main_screen
c646bc16944b52d1efd7652c5da1f0b1,main_screen
e7e5ed49aba7df6091a61867b994504d,main_screen
431a6bf026cf3d8f708de3493cc62900,card2card_transfer
123337bdd622bcdd2fb13597c2f3281f,main_screen
4e342fa38d380f7fdd4be5c42a5593df,main_screen
eb45034a5cc319ff545322ea50f6742b,main_screen
c5368cc0ec03d60318477c96e4648ed5,credit_info
f6e29b28363aa718dca1cdb7aae4e5e6,main_screen
b06883548be5bda4e00072680ecd111b,statement
8bb87e5f4e7d3faaeb28f5dc0e672b39,main_screen
31e34d64e229de952d00b5688a7320cf,statement
f1dd2177f3ecbfd487e410d120c09b95,main_screen
a7b245c375ee29f40b5ff4f831279bf8,main_screen
a713782c5493b7bf858a32ee99e2cab0,main_screen
aa76ab1e1f5e3b3b3f7e74d681212841,main_screen
19717c38a035de3afe1b15dbd04f13cc,main_screen
b228b07b43ca9238b392ed1188a7d133,chat
66f753dc329f81279d8df259fe97be84,main_screen
35128ac3c6270d1aa33a4bb4ceb85e03,main_screen
8738fff8fea6796f0103357d467ba8b1,main_screen
21060955c1412a2ae6a79eb9d5ec1c2e,main_screen
b7549b49bebb39041e2b0b78e576b39d,main_screen
747155bb3daa8e46e6d2134a685d7610,credit_info
4650a94bd75464550dd0f2469c7eaa1a,statement
c43bf852250764d9ee08d701486861e3,mobile_recharge
88391283a7387d16876387f6912d0e7d,main_screen
f0d541180fcbb6f7fe8f5390c8d9aee1,credit_info
9b375643665eef65b5f3d5b5a47f99aa,main_screen
ab8fbf2fc5f762c01a8d846af780bad7,main_screen
9699cc4cd6f3638030e2a991a3cab2db,main_screen
73e18003592488194cce9cd492e4afb7,main_screen
50c76d79687d461f38bf8e7883c67b4c,credit_info
82286bd98c7eb4dadcdd1db1b9d266fd,card2card_transfer
723a4fd93f5ba5d5035d459ce667abad,credit_info
2a1da89e0928e69a245ad778f5bf5c5f,statement
65018bc4786e999a4548169f12f2a654,main_screen
1d01e6c7cb359dcc8b047ef8592e71c2,main_screen
b28912f8b865bffc494d44e12828b411,main_screen
b40066c16081b8327db56370a3c4d8cb,main_screen
caa1ece6936a19edb3dd088e5f90885f,own_transfer
443111d2bc273247c82d9d7a86214cfc,main_screen
7282d1047371ba59a9c31e22dc3ff3ff,credit_info
fe3cacca11f0116eba7643262e453b17,main_screen
703822f47f1c3454eda6e720bc4180ab,statement
a90ef031159f6ab84b2b2413a7f5bbd6,card_recharge
c1be28cd2f98b3b6c36fa5a3874cee93,main_screen
9a7e873cc622a85f64efaf4847d2a30d,statement
3b917976a1d85421feea71b4e899e8e4,main_screen
4f6073c7374c2b7c098f0eb7615159c7,credit_info
0da8576a1888de0d761cec117c87d5f2,credit_info
07e415f5ecd467404d31c73806dc6c06,mobile_recharge
bde7c89f24fc1794b276b4d550ff78f8,own_transfer
a42c386b73d54331bd684559e290d8e4,statement
93abeb4c1041736459a85dce31771ac8,card2card_transfer
79469f31cb3d48f1bce1ba553c07d183,mobile_recharge
f958f5417347341326824d1476c23557,credit_info
a50116b83740913520c395c1516167bc,statement
afaeff9118f8640d99c4fdbac40a3963,statement
b09e9a74759b096b92c1bd4d76f88f9a,main_screen
74c3cebc32cdac1ee7ade0ccbf0133c4,credit_info
674c98d09d120534893c144bf016d77c,own_transfer
fba01f5d9f88e12bbff11dcf2b46cd63,main_screen
389377ba43114fc2bce377729df3e028,main_screen
5a64980d1ff181edccec2e2182d30059,main_screen
d80a172d3c3b4a06b69745887542f9fc,credit_info
0e203a3e3546a965f2b2535bb6ce708e,main_screen
8f1da7aa4ebc6bc63193b8257c885b7e,main_screen
a1e6db12eb74289ff820c0053c64fc11,main_screen
a9516b548911c05cb22ba61a0224641c,main_screen
f853f477e2f82033462a511246f94469,main_screen
245a5f9302a8f55fd4f6da05f612b218,main_screen
a571e544e7c5c911ee1e5b83b0111e2f,mobile_recharge
c9fa8e247faa3603592f6cd04a78fb10,mobile_recharge
dacbb83a8d8b61a8761f9e900b7ebf3a,main_screen
0d31e392f44629e18fe5ac87e3a5cfe5,main_screen
2997b1ba4cda8981815071c5703adcf8,main_screen
2804db5f8659fc71ca96be54611acf26,main_screen
e3ae48f6f52eeadacb61457b03c79882,own_transfer
8d5c762c4638edbba99be5621c1110ae,mobile_recharge
5645a7e68c4021d03b3df49ded6ebaf7,main_screen
35cae06553080279f3447aa1e3661c4a,main_screen
7954f19d4c78943e5b172dd6c4f3f8ee,main_screen
9e3773522113d484c86bc0ba93cfd2d4,main_screen
4f60c54e77d33aa45e86b735da68b2e2,chat
7e358baaa0e3e3d7afb3b46d08a0360c,card2card_transfer
db3a36096ad814619df8b08486b460f3,main_screen
aa1dcdda982a304cefd15f457c832519,credit_info
2a69229aa559eea67bac5df0404d9a0a,main_screen
341e0065725b369c5376a7badc9297b4,phone_money_transfer
5aabfdeeb6114e17bff019dd2bb30917,statement
3064935807900a36912277f97be6e71c,main_screen
e676996787b854c7b12676539e74549b,statement
51df1b94cf2b3c5ebbfaf224a2235fcd,credit_info
0d26446bdee99ba33660d522a159656b,main_screen
106db9a69ae3eeb3c652c061cffb938e,credit_info
b6092deee4476303713178346f9ae79e,main_screen
e43650a31aa366b26da3019306626c3d,credit_info
01e892c01cb086e648b434e5491f0e27,card_recharge
0251f28e117f63a87869499862135514,statement
3d9f247359162ece9aac46d301a0abcd,card2card_transfer
ab8b7228b1bf02434a6379354dee0680,invest
9a898793f6124a501081b4de5fcfe7c9,main_screen
e4a522184c31e2e0a5f3eb5ff95f2ce4,card2card_transfer
ee190d874a077cca02f127eeb246eabf,statement
5ec98a77b0074fa3109d917e4a91773d,main_screen
93a7bd1e822bd4fe301cd946c17863ad,main_screen
6ef3254cc2f916d4357e69daf5b81209,credit_info
9d24f03f4276e9bcf9599b55bd0d9a4e,main_screen
5bf8f020cd7b952abcaab3373596f721,credit_info
c252ba43e586087ad993c2d9c0ad786c,credit_info
89de57abd214354a3d3062cb9876ac21,main_screen
46eaed5e28bcdd4deeb68103cd8f1936,main_screen
a4080c9023bc32b416d10459780df121,main_screen
629117948015a2349ced3f254c6f0029,credit_info
c5f03fc4011ee602013e21251f3029eb,main_screen
b7a7a681d7594498d566b3cfda8c3f5d,main_screen
b1bb4f7f9f26f89799fa832fe4bda9e6,chat
604eca48529fb5cfd480091aa7cc8e6e,credit_info
539ca62a2c77f47a88b10896878a91c8,statement
44440c08687c3e5c8d86bcd2f4dc7fd0,main_screen
bebc65b1a7ee2d03badc02193fa789c7,main_screen
4a3f65ba3e17902a44f0d0c69619853d,credit_info
1e63d2c84ac6bb1bf975306e5256f281,chat
99a3c07a965268d5d15ff925179dc5ad,main_screen
577ce432e64a372ffebc96053192d6b2,mobile_recharge
e6d704c5a9776bf65ab651c3e5b00c0d,chat
cd62c5b40f3d132efe2559bfa931bceb,main_screen
2c77d3614ac83aef2c07063dfb817cf3,main_screen
9c6caa1dc6c892c87823025675924c3b,credit_info
32912ff47294193ffda7e01b904d5e00,mobile_recharge
212af2cf96cbd32848ae865b5577e5c2,credit_info
81cd9a7be7acb82da49a4cea243c6109,main_screen
ad9aad7323332c12db9df4d9f630d641,main_screen
7da52e93846d1e15d1e0136f1350e6f0,card2card_transfer
d0705b6ca9c1abfd152443a88bd515be,main_screen
d03563198dcea22bfe551a7de969f0c5,statement
283cbe95ed2cca723043a3e3ece246b3,credit_info
92cb43e92840b490172d029cb0086d28,main_screen
5e61e2b033ea5b30bcba0c0a213ff935,credit_info
4d7df3bb678b0806ad480a86a88f87e6,credit_info
e11d626e4e14e593fc80714da6fff5b7,card_recharge
b24269412b4a6030cbb576350e562099,statement
78456ab59db17b54eec475134fd44700,main_screen
9ea65c7e2a4bd71e910fe97382225969,statement
578d63271ee6c9c26dba9828a0f2ff96,main_screen
73ae085c50931f0a338a81883822866f,card_recharge
588ad7aa230137070bcd7cb742330886,main_screen
533e11714412d03c1295dd7863c4155a,mobile_recharge
fc247a4e0ca0b6b39be68cecc1a7dbd9,main_screen
5afe37006b090b2cfb856333acd92fbe,card_recharge
86750428fde093a2e4cf4e819a0479ab,statement
6ec445e5f7854d7b53af8736f741b1b0,card2card_transfer
ba812287b454e3b20f15043c86a54a79,main_screen
f581931b2b358237aabb98d9b81ce487,main_screen
b7de9440915d15a7b0f94e1910c5be87,main_screen
9d7ebe24977bdaa8f3c1ad284cd7c00f,card2card_transfer
207a99da6e3f878d1b4a5268b657d9bb,own_transfer
728317d09bcff106d43031f66414c4ff,main_screen
5a57ae2282b5cc14c85b0c711759cafe,invest
bf7a28aef0406e8f9d0a4bbb150141c7,card2card_transfer
d2d0c334a8a8bc6043ca08a03dfc159f,mobile_recharge
0e9d03e19f7bbb53fecc54c8aec74db8,main_screen
74477736540db5a1d19bb1fca0434863,main_screen
2d2d40592313cfa76aa7cbe682e3bd6a,credit_info
e9ff088fe6d6fb8bfae8348c0bba0d5c,main_screen
5ecc6e4c0d70d08aaff742c98849b50a,main_screen
34214c5d4b12a4aa8943bfa628e4ec73,main_screen
d8cb52f2ca146c59b383a04047c56152,main_screen
203068ea832d7efe8837e10724004a7c,statement
f197811c814817bb96d2562a717e5168,mobile_recharge
06bb460661650a77cafa3dba7a2bcd90,chat
76f3c1368e16812387d9a9b08318fb7e,main_screen
00f813f93cc72e0cf46146fded3f06c5,main_screen
e6220ce185f4386ab88485e7b3a868cc,credit_info
a0c66f75285796a24a67415f275b820c,card_recharge
a044b9d35443303870f7dca6018b8e90,main_screen
7e994d42bfc279da13ad2cc09af83f73,own_transfer
185cc0a39820a7741b4d92164c002e88,statement
f742d43fce89f8ad501614ae36f9b18d,chat
efc14c20124b1a7b698ffc4eb69a4bdd,own_transfer
d3e1e7a45672f55d8d81c8d97539015b,main_screen
e20780158647f45466d67f9e109a11d4,chat
240d94f0ce957b4283e5271d4afc9280,main_screen
79308043abfd44fba07c28d571a661a9,main_screen
169ba7ac829348dab38f6abf6a00dcf9,statement
5653bbd9a85e0c0ce7db5c4b16e4f4bf,statement
8cc09af8a2a3f0674b79ae99e3deeff5,main_screen
dd8bb3798077c872759b81a20e83de81,statement
e218937890818e247f59afa113bf23dc,main_screen
3b752cae05565ff93b94e5888ea0d05b,statement
0c1d0d45e814286003992933fdada385,statement
be99e7f21979b34d94fea098192ed7f7,main_screen
ed29e34c62ba63517fd4ab9d968df26b,card_recharge
d45576b69e31b2c0a4cd694e558d07d7,statement
a65b8c1c7f1847dfcf2527266fb64f1d,statement
8050fbc128405e7d2d1fb2469eed7ac8,main_screen
5fff5e77b8bc3fe677acba4820ddf220,card_recharge
b33345cdb10d2283622b3cbc72710849,main_screen
87dd9ed1d7b4af098abe4c8897c747c9,chat
0c59d2601eb12daf401e4bc6caa8ee6a,main_screen
2890d12cde6f869a9102bfcfd516de87,main_screen
ef071f04f89b77b6141e508799db9033,chat
5a16ec4e1d6e25eb0e83f55adb217503,main_screen
c5916097c0a21ca78e74d966eefb9b55,card2card_transfer
e1e0cc2a8f96c24563b54920fba795ac,statement
be77b95038b1de02cb63c1b93e4e2f1b,card_recharge
7c39db991813cb8ca9d13d68bd301641,statement
f023bbf0df20322366453a05b1172fb4,main_screen
06bd9342a6102200f99b64996d83fbf8,main_screen
581616cbd9cbb13395c350e16b58087d,main_screen
3c6a6f9689fc9092f5d2d7417ccf1e8a,main_screen
0da0e1bce746f930fcbc84222e9530d7,main_screen
c1166558813e55c453a1679a60ec6555,main_screen
bcc8e30d4d9e546b5b1b21c3134fa096,chat
53ff6027c6b0f47e187d8a2fd374dd94,statement
5c38fd8f38016442d32e0a262f982514,card_recharge
33380197a16de2943f6921f137eb835d,credit_info
2449fdba67e8e0ae8d221ad2ed3c2972,main_screen
7dfaf1902330334f9b5d5597f81b80d4,main_screen
4042f258d2517ae75e98fa5d05cc436f,main_screen
b107321181880e29c5fc9db9a2920c98,main_screen
39d61b72abead9d1540607e06042849e,mobile_recharge
8e5531c22743534b1eac800f06ed5c96,main_screen
2a13d3460181ad49e790796b750dea0a,main_screen
ebd4843d8035b179a4a87010f460f588,main_screen
a0f8ff355c90cdb58fdddc44b12d105a,credit_info
3ad2b0e397f125ef20edd9ce363956e0,main_screen
1a597d669d5ded693657fe34086365d8,main_screen
5753953b8aea57591372abc162625377,main_screen
07ab5b46f0704243152c0532a0fd5fee,credit_info
d3776cce2e07a6468b6293195a5415df,main_screen
6577f1ce59e257628ca795d518c910fb,main_screen
ca75f0b91c60b104c11547cfcaaa9c4e,main_screen
dba26502740f61d288bc22b48009f986,main_screen
d3e1871e897eb7e2dced9fcbefe7c6e9,own_transfer
617abb0f90256e8446cbe1f1a01a2594,main_screen
59ec83380750650b3cc2af9c8ef7c97d,phone_money_transfer
46677612a6d449461a3519b0ccb9757f,statement
d307c95585fa10d4a38dafada83fe2f4,credit_info
02e136522b40486b65d00b8731ef965f,main_screen
7d2bce44bfaed9b381f2c10e3f29af4d,main_screen
99467723af3fafd425c8f6447d63e0d3,main_screen
30addc5d94093fa2683b73bc2d005b9d,main_screen
955c686f3401803f68522e9e3c08cbb9,statement
e8218134d181e571286f59e6919d64b7,chat
0e6599831c01d4dc8bf067f778004702,card_recharge
71386a73de41b7630d1a4036de9853d7,statement
cbf187f55b260d72639cb0c5e47531e4,main_screen
d66e89a43db3d6cfd95966012abcc014,main_screen
8fc3400392e3d28d251c89bc04a47651,card2card_transfer
bdc299f3c1f6bacbd1f0e427504975b0,main_screen
f15de6e6294b2fab7956ce9726695c4d,credit_info
ae4c70146f48739f6afa1f46b2e7583e,credit_info
910089e5505f3fd07b3e67b6a4b69c36,main_screen
e514848249ecdbcb45ad4966136fb81a,statement
1ed34bf7ed4b5137f338b11470df4e20,own_transfer
6380935485a90762a8614f82d5862b77,main_screen
bc71b8623640d9cf1f4545b8a36c1612,credit_info
d04d5e13ab32bc5f2e6f3229c72642d4,main_screen
f4bfa227fd2bd1b8d64e161212f50ace,main_screen
2f74c276e6af1a1cd21cb0ec8f9c53c6,main_screen
cb53b820067847b3d170b57e6334d001,chat
671946256dcd847130801f8a2f42d5db,statement
fe97b7d1f575c95077b5ffd5e6152778,statement
89f67bcb816c0ce01e72d5208eb86193,main_screen
47162af4ccf0a7601032a5718d16a0e1,own_transfer
2bce43ac891e8301af7ef1221125818b,card_recharge
7902fc4698772939c80894a42c64ef0a,main_screen
1c172b301dbe78724ef7f2eed1eacc10,chat
98c6643520f419316fdf116560f65f7b,main_screen
5a244186e74cbb4dfe93b3ce1d472e6a,main_screen
be542d379c16e022b8576c93d9c6a747,credit_info
8a9f272798ad51833d351b3793dd502a,own_transfer
9892dc474c6e219e6f54e602718de7f8,credit_info
f24770729a491a11e0c8e4ec9d649f62,mobile_recharge
033983460ac1601316b70a15dc6e79ef,credit_info
937af4440e27d43cb31166f2f1f9f748,mobile_recharge
4e7868625a11da19f5a3685569451f64,main_screen
b7d3a776c19c24230b889cd0bdb3de90,main_screen
3334e8352830d9497fde4428f1406369,credit_info
3abeb2dcedcbdc2a7b89755b03ed8dc2,statement
71f71a6e27f8e6f726c319f32857ea47,main_screen
05755bab077f8c200c0de358b10b3fbf,credit_info
5bde693e66d79654084c3077b4c2af45,card_recharge
1ae549cba0358d1729efc81943affaf7,chat
34d42bf4913da461be9d4e0b927cc99d,main_screen
419aa2fe99fceb63c6d79f474ae0afcd,mobile_recharge
9d1ea75c3c7256f284fd927046504f02,credit_info
8c96282bd59f3772f906c70a4968d474,main_screen
9c5f0c2d273ffc97fec0a6bc542696c0,main_screen
d424a2511078d0d7d83e8d09091201b5,main_screen
624f13a0a0635abda6b549cf2138075a,statement
2f9208c8dd6e74fe1da505608b6e6d53,main_screen
76092a955c9a2e0045e52c7c9b06d5ab,main_screen
dfbda20ee14f9e4661adfec0f2c64044,statement
9fb09da2bbf78e556dc43a7b4a590ee7,card_recharge
5bfc5905fd448b878e4e49a55f2d4a6f,card2card_transfer
026c6abe1db10d04bd6f70064ced1c76,credit_info
4f368601294bfc2705d9c9cc474bf9ec,statement
5a67100e96a73a023b268a6cbdac0f1b,main_screen
f8901274cce149163cb76ab17e12eb17,statement
c72d3a5b7314abc7e94b689daf4c2d3f,main_screen
259a2b327a758be48c778df1f5bb132f,card_recharge
0c564e37e3a0a8e9f1d7f7545e16efe7,statement
2823de4cf73d7e25c8b4390d91b2bd08,main_screen
711db34d69399a6111bed8c8cd71ded6,own_transfer
edc93447a02cb55ae418cf537746e4c7,main_screen
5688fe48a01d93aa26bdfed7c53f74bf,own_transfer
45269521b32e7c19fc2933c70dc64c05,main_screen
d1b2dc7ce510c3c0ebfff4144a372425,mobile_recharge
fc978948377fcac7125309760de3dc58,main_screen
5870c45855d06efc1980d55bbdd17304,statement
287c4e975c34de49272741eb9abf929d,credit_info
ea7f9f0ef2e39d230bfec7315cc533f0,statement
a920347a45e4378c4d7be47e0f4b9381,chat
42b856172ad71b009a8662b4d82ebe35,credit_info
f397c07dfc3105aacd048ca308ea9d4f,main_screen
0bfac55e291f6652eaccd0b68365ca1d,main_screen
28e6cb48b5c65afd6c0ceab5d5ef49bb,card2card_transfer
86da8a5c369329cb044569b82b8db598,main_screen
cf3cb50178fec6b106c552bf1e7b63cf,statement
fef22f12a4a1d82ffc6eabeca781f47c,statement
ef778d1e3bb7fcae02f407855df194c3,credit_info
1380ec629740f774214a37351b134a5c,own_transfer
7d6e3849385eb824313826970a8d9cb4,statement
620dcdcc940d1aed74cda349f01c8ce4,credit_info
2be83cf4c84c1628fac0e0e989355180,main_screen
6b603c74d9237cc592905a9a3e7cc4c3,credit_info
e6db813aac151ed4dc67f7169ea4a67c,statement
84374845c6b9baf09137e6003954c556,statement
412ebe02ddda99b269a4b3e85b6b9874,mobile_recharge
1e3af3877b2d41587224dba8e8e9e419,main_screen
3c8a807bcb7cfc99cd4c1be3ced5bab1,main_screen
fda8afd6b83d05a622d222781ec83584,statement
c727e1e756eba33b3eae1de19e96ce77,chat
25e7f837c9e1b60d0ea86eabd9887ea0,main_screen
9b976d36169fa85de539c9a604f1bcb3,statement
f16dd561dd918f2b4019582bc02ee49f,credit_info
a4d9f16041a0f21b7852f4aaca4c848e,main_screen
0ed44980545d561682636ebe93099708,statement
94c0db1ed6401db52f86d371efda0166,main_screen
8710f0605d56036cd290e0fc2a0d2926,card2card_transfer
0b9322b3004ef911ce1928e8e06345d7,chat
1474ac865d31bd9b5bb1f1bc1f865a2b,main_screen
a21662394bb4b9e48905821e0f19cc2f,main_screen
4285cceb692fc1ea6609e5af752ec968,main_screen
9c8448818fcbf8c1d1d4395cf3b376a1,main_screen
2ae531915a5aebf36e560807bad9ae7d,credit_info
cddc3e21f24901e02bbc19f6ce4e2c3a,statement
f5b279859d1166dc4ab81a455fa1a86d,statement
bd3c085c067d84517f63ba76310ebe41,mobile_recharge
dd6b2761aa810f9de797537e01609025,credit_info
d093bffa795c727bca40ee3390214785,main_screen
4b80abf1bf7aee035049ff5f7ddb7976,statement
1937ad4a370e1fa256bc9a7eeea9f8ff,main_screen
c70fce0f710105df91c633072ad098bf,mobile_recharge
40b060aab2b9ada7aad54eaae0dfdcdb,main_screen
6a72c98c6c499503f3679cc5e295bdba,phone_money_transfer
fb9322381174a2d90cad15e4138280f1,credit_info
ffac1d3c436c2c508f14916b735349d3,main_screen
28d71d1894abece7e7293415fec08e87,main_screen
0739375234d1de2826aba4ad76e21525,main_screen
54dca93f63a2a63e64ee7c0c19450566,credit_info
67e64f35d65bcc5ff2efc3c071f3c8da,chat
a7f79d7ff97d7f78562a3286da0a984b,main_screen
c70d6a1d9685dc5e7bf13b6cfe083aef,main_screen
cdf308972b64d2940c7700c3147dbf48,main_screen
a44a8b188e6b48fe932c9e79673b7ee3,own_transfer
c0ec15e1e467d6399a78afe724751e7a,main_screen
7cadb6b77c2fa8b336bd27232efaff97,main_screen
54a73fa0de9bb0171a8f0cc2cc46c8e6,statement
2f3f2b9a6a8aee75e5270a34f82a26fe,main_screen
fe5d6e8cc2bc912f3c004da6b01c2229,statement
8716e6ba2c4020401713038ab417ab07,statement
90bf541231dc3de2aa950c123c7e432f,phone_money_transfer
4acae17e42aa2147610094afbe574eda,chat
f7906eb9461f9383c22f901da4a90fcb,credit_info
20c26bc73a83cc0485888bae5d6c5e75,credit_info
55a2523169839e2cd2fa89dfba6247b2,main_screen
1af267b82e57e210197d4c7d23e6dc23,main_screen
17f6e1b7a81206eba880b4a6e43e7a42,statement
4abce2e65f193e3acde92786e99b38bd,credit_info
a43a7ba02818b9961e414f933899e5d1,statement
637b1fc07d55470fb6ae8d65b3915f32,main_screen
2c29a155d94da201a6794336785dad59,main_screen
4694b38130c4dfe9880e8a2585663727,credit_info
0ee67789029ce08d26d57da07b28e49a,main_screen
2c4cf6b2b2ab0583d5f0a3f08a07bbab,main_screen
fc471acc7475f9472a1f4f2c4b317804,chat
e08c99740da18105b3303610b17f4cb0,credit_info
7b3f7991aded82ec9c1bb0dab6bfdc45,credit_info
8c40870300e70a1831d79769b0a3bc82,main_screen
b33b8d90c8ebdc3fa4316460fd121a3f,statement
925dbddb43644b445c4662b3e6da99fa,credit_info
28986785b193e38e08e1c0860dd08341,main_screen
41f104437d9c1739124ad0cdb852f264,statement
267b6db986d92d556b6e4429d5fdb869,main_screen
1d1f9df774988de009e7025df9b8e5bb,mobile_recharge
6a12b37ddd74ddb05ecadf781ac0f22f,main_screen
d4d6f8a3e8cbeacd5fefe56cf2a62de8,main_screen
3ffa4eb9efb09bac97760b9ea033bcfc,mobile_recharge
b90fd944bed76960bba079a5fe41ac72,main_screen
79222dbe23b787c6441e47db7201c8cc,credit_info
e2d15c58bfd614d6737271fe86dff6c5,main_screen
92d978d56914082aebfb740426db2703,main_screen
a9f37c9e51b8a20b00c4a091bb52b5b5,statement
d63fc936de895e3b29a7ac15bfe24ed6,main_screen
4c75d8bc8a1f454b2eababf0f3e228a7,main_screen
55ca031b4dd6164764b0ccb453f93609,statement
4c904feacffb613466393e6fa9b825b6,credit_info
b68df87ab865564cf5dd5ae28881498b,main_screen
292d67a3dd74ef64da684b17798311fd,credit_info
1ac0dc239490d2bbe2bba92b19d6926a,statement
7e6178430c7ed64b35f56a28a0cbddf3,mobile_recharge
2a9752c7bdb89d4ec075bef09b50df9e,main_screen
e24cfd66e6a16ba2ddc574f0b16d6ab6,card_recharge
091c649a1821c218cf2e0bf63714c35e,main_screen
35cfa08779ba0344b63a18b5ee30e3bb,main_screen
641b39d7945f9d1045f825213347722e,mobile_recharge
14535dde995459758be8201406cc4aa1,phone_money_transfer
65b11f74bf745a8626a30928fa2ed3d1,main_screen
3f0b9a4530ec2fb5ff51040564f99ae3,credit_info
0a98eb9ea7d5d2ef3a6b56145469e697,main_screen
0e114333d852fa073b02c648ad063114,statement
305b0631875bcfb7737cd4b8b8577cd2,chat
b70b801d6375aff86e19681ce5f8145c,main_screen
354ebb0f9a929d3119d08055e06124ee,main_screen
e3f4aa3449a6ed78fa3c18d6bdf1be67,main_screen
dd2fa8e88d2785acb2569cab91048d46,statement
80b8e97f3ab71cbca8bc8dd288a4f12a,chat
2b5dfc20dffa2fd6af2600020d699de2,own_transfer
66239ca2152625590db1a89f1ab364da,main_screen
24f0944714e0dfb213e5d08927187616,mobile_recharge
3b5bd4ffc40af74e761e27a511dd100d,statement
5991224efb5283017d2aac530c8bbf00,main_screen
227e69fbc4c958790386039ba353ff82,own_transfer
e9d6ff5416115fd18858da2cdf5fd538,main_screen
77d8f3f6240bfbe93dac5da5ae6ed06b,card_recharge
15fffcfa1bea4887c546d8e0bf0608ed,invest
cbb824be9918117320529acd250ed008,chat
3d85d22543543ce299b9a9296b0ff101,main_screen
f0e9da3d17ad4581215c06e01879bacc,main_screen
02276f99c7f346e171f3c95fa393331e,statement
0f3d26ee39daac983a94a67e999b9377,main_screen
f521e18fb1180c329951f41cdb31a8c3,own_transfer
d6c37d8bc7dbcd38e21fd4b11c5e4ad6,statement
4d402caacdf54c137fd9586262c92b7c,main_screen
af88fb1ec809c9a9b5ce3d9eed66a41d,main_screen
ef5e6d3e65930048e2e25808bf5cd8ee,statement
445b4ca2188e2475c78b3c8192175f91,credit_info
7325301027487a76a97023a9cb30324b,main_screen
4cd0043fff0b15138ea764b682758ec3,credit_info
a8e68bcb3212ad0ecedb60585f734d25,main_screen
beffa3a085b7fcb911c3c497c0b925e2,invest
7e5d134fcaccf6298ca6d46a094198af,own_transfer
ef859aa7147f990a7392da0d22504e99,main_screen
9b73192bb2562aa4f8e27199d07ce611,main_screen
2f4b33f69a83d9010f39b822408971f0,card2card_transfer
d89c3ca6b759a16f749b89690a57893d,main_screen
4485ba35e40fbeaa9c0f9950bb000eb9,main_screen
87719ec48b72bf4cd324cd28cff09593,main_screen
12797fd69eff5e8a66794a10bcced12e,main_screen
68796caa3b965407a8630ad16f7bb89a,main_screen
1cad28fa714cf68fc532b7aaea17d83e,credit_info
696fdc87b6c5e1e1f959a1258a22ad01,main_screen
631f69d486ae422c26a273a5b6b6fc64,credit_info
2e2a08439f22eacfaaf1013306831592,credit_info
62bada3e3cb0abd544c31eb7053657e5,main_screen
e753bcfcbaab27279d732bd84d5d777d,phone_money_transfer
e5245f0f1023d7de5381f4b541737cdb,main_screen
0a108b996e6cd9b1ddec134becb11dd7,main_screen
fdd732bfb35cacefa53419c1ccffdd2a,main_screen
2d433dffab6601c9eb68670ae486d8d6,main_screen
5123b791f101f57c663114acaf828f6a,main_screen
481808237cf37802545b65d2b8359911,main_screen
a31637e87f8cb11740136fdbd3532427,main_screen
d1aea9214b4724d82aa79e7930c8f3d2,statement
5f94f8d981341bcfc1b3892fb56d0a21,main_screen
a20c892f32832f8a21a2db5d4c276330,main_screen
32e01ab1590b4c9094ea7e69a5916636,own_transfer
d5efe6bba0ac6eec34949745f0e2d1ab,statement
11619358c260dbf5ce9a6e37c4641a6d,chat
0e23404afe0348ce348a1ead851dd233,credit_info
6668368b8920f9c950caf902173636dc,card2card_transfer
e5803fbd3aff64006f0bf74730354207,card_recharge
41bd3a38c72f2a6bbf768daecf74b30b,credit_info
30085e22019b8ca757873c04f1823e47,main_screen
a91b639c2332dfaaf683e340999d1d18,own_transfer
84f800ff67283a84d9fb229a545dde4c,chat
88493643df19f9391568bfe4a432acef,main_screen
6f8a74f6c83be6750a0d396bd75e21a6,main_screen
729a0cfdb94f8aa61a9990d3638b0080,statement
ce52f1e453b814a54cd80d36d810ad41,main_screen
63bdbaeb7a0411d90ef4bc2db5322379,credit_info
a7f2bb4fe436c08958359ae13286c497,statement
d6027a918d35e4c45062e45471b92396,main_screen
ebe9db5ab6b377a2b51de5c6d288a48c,main_screen
1322972484ba6b7aaafdbc6801413344,main_screen
979abaecdd270a0b795cde84a1feb6b5,main_screen
6e741bdb3375f15f865757201c4c5fbf,card_recharge
7ea1afd57dfbf45a72e3f7cbf0f30e2e,main_screen
97d1215b6ecf7291bd639de0827e3364,main_screen
62e10254b8f15985fb5b83b02fcbbef7,own_transfer
7e0ec2a5638901bd38644cdc523a94b6,card_recharge
caaab80ff5a4541b616e3d807d94baac,main_screen
09800ccd18e8a5028b8fdd5534dc03b6,main_screen
272a9219cef62b2b3671e7a0ef1f3b62,credit_info
d463412bfcb2c33c12d7815b9e9c6712,main_screen
1547988dfbe74fec59b780e8d6f37fb5,chat
f49d05bb036c66ec9973454b3f1ad959,mobile_recharge
40efac52c394c77e198528e1906e8f0a,main_screen
5f62ab9fbfa5947af4a9c7fd58be348f,credit_info
4b0a92815bc0af0d384c6349538b347d,main_screen
d588ed25676a73d261fac0a56798ff91,main_screen
eb4dab39c8bb723ba60684a06c0776ae,main_screen
241a2f7f99d4e62430d2b451fd9e952e,main_screen
5c4a72446ebc0038c11e7410cc7ab7e6,main_screen
876c3b68e32817a20288628d8dd3958e,credit_info
957972bafba5631390ae07f6d1ec8ef6,main_screen
473fc7f5d0ed8151400e06efdbc620f2,chat
f0374c0282789747a5622ec0703d8cde,statement
bc8275bcfe2df86e36eb41f3c413ea13,credit_info
102d37d2407b9cef3a9214f4a1cb48d0,statement
6362e951b2c6f32da06fba81cce68373,main_screen
0b6e68fa3ac579f79eea6d4d9589ef6b,statement
42ce64443d1af68ca17417ba8ef2af23,own_transfer
d7284a272c06107604eb2d39c90735a6,main_screen
7a68947d2bba999395ea30a13c23d171,main_screen
eadae25368ee87c01efc2e07403bffaa,card_recharge
31cc3317f37008f63c3369ac7548f59a,card2card_transfer
b06306bf4d6904f39b1f764434b2d7b5,main_screen
6f9014c10f26a5ee3f7082f25c7bde2e,statement
fd4d3fbf6015e84ad0c6fdec77d22337,card2card_transfer
9a76761a6e21f93a33f82acf0993aa74,statement
6b335ff9fd8b03e04f7a34e4fe26ffe6,statement
5eb2fd065f5ddb4971172ca2b4c75644,credit_info
fe4d9282922736c4bbdcb3c46e1e4e0f,main_screen
b8613d4e99636dd1a794b394c9671aaa,mobile_recharge
8a496069badcbda9bb592d6f90a38317,card_recharge
26455aabc9a52bfb13a984f667064962,main_screen
3fcbefa7e83db7ad0a56af93bcfdcf9e,statement
d9da93461db60935e11b77484cca127b,statement
e552da48a4fa4b849dbbcbb2cc0c4b25,main_screen
3e19043994a166d5b7a2bfa2511b5e7e,own_transfer
093f8bae1a04ab15c0a12c61a1c4cd5c,main_screen
fa6cde8a711d6457b496f73cb6eeee7e,statement
fb584a77300cd091901b7d3f35d6a960,main_screen
0252cb4f76c5409059363da650829faa,main_screen
b470dfa688418e220a8656d5d955cdb4,card_recharge
9c9160a9668bd439fcf4d534e0d8c666,card_recharge
aeaf19762f6959ef7d8b4e557117f2dd,main_screen
a8d081a5464a7e3a36caddb6b09e81d9,main_screen
3a1502e0c806eba6ed525f6369fdcce4,statement
49fb9ee5f6bae76bc9b165d63698f010,statement
531766b12ae066a5261a1c3fae63883e,main_screen
fde6b8cd0f67fccc0b7ecf51c70f7128,card_recharge
9f3125bc0e9876aede06576431e30d66,main_screen
1f26e4aded084933a56998ba235df26d,chat
110de2aea0da1d28488800ce0cf6c126,main_screen
8817d50a0c2bfcaa34901ee9ce3023ae,chat
513082ddf7e084ea1934f8dd4effbc44,main_screen
11ccdb89654cbd5dacf57bc5906178ef,statement
b9161b13824a7f2e5df7e6942b6153fd,main_screen
8b19fced1873cd919e08236408e0716a,main_screen
47c7325092af1712829d9c71c554582e,credit_info
a21ad650d09fe60efacf515cf66fdec7,credit_info
7c40e74da9caccac59e48c8c005c6d7f,main_screen
e8f40426c17cea30bad586dacee88f3d,statement
3ad55a23c65e39ab4b224000da5b6317,main_screen
9cbf63673992b1ba37f19a2566dab6cf,main_screen
dd3b5b1cbec3632329876ccb1627051a,statement
4fd7f82a3f1dc05ff9fe06b559affbd8,chat
fcfdbc78b9e16a218811affca76fdc92,main_screen
f91488acfd8afcc2e58d48b90d24343d,credit_info
b010bae1fff7238073cf08b0a53e12cf,invest
74047584e0547d28f32586faae9cbf67,credit_info
632253b6b244411a3c73c85e2e71ebc2,main_screen
c2d1f7327e96679f46d0648b147613ad,main_screen
c94946e2e36e343c4b2072a2dac1fce9,main_screen
345c93d1be091bd18980526521aab149,card2card_transfer
96eef1782eeda60a55d259a3092b2a06,credit_info
45fc07639c2e727074c345b8c828d677,statement
af178ea819f0d93e4c56f4c60f1fcfd5,credit_info
c377bcc42a5a3ec3b24edab043ec440f,main_screen
bd526ddfd57f6c1ff0f101f21dbf2dd7,credit_info
3342c7a9838a37ebca8d8880817aa39e,main_screen
c8972e907c9737b008a68cdf6de4f66e,main_screen
b8e9055932f4e3b472d6d009fe6c6240,card_recharge
da352d2886be10b93d966be539fdf3e4,chat
065f3b10482791954f359e96acc16be6,card_recharge
2567f7a952c76a3b6bcd26dfb2ee6c5a,statement
b5e8cbe50bf841d50a1cf7ab5a8d3c02,main_screen
c51c10c76469dec000c387f615f8eba6,main_screen
adfb92725a1d00b7f53de7ef4c130a30,main_screen
e4a008403328e70a9315fcdc7e6537d2,main_screen
d9df861bddfe94c8b3fda24a099e8f56,card_recharge
021b69e92e17e9798c585c26ae4fa270,main_screen
50a31012baed67b405de0eb116e67c45,main_screen
f954ee568465604af4add251662cc83b,statement
b029cd2c12f2e19b25b280b64948f683,main_screen
b6005344d05bd7942b7d5a3a020df632,credit_info
6c090265da67a649854d590d88f06526,own_transfer
afa7bef5d3321079445cbaba545b8e17,card_recharge
9dc86602397de1ccf2b7e671bdcbf4fd,main_screen
c71925895c3c6ebc471117c346f1f51f,credit_info
c4cbe6b06fe3670dce273ea44b9c15cf,main_screen
c0248184de3120058fd24f839e5b1003,statement
ab2ac2072bb66eb13a9f5e6608d6b9a9,own_transfer
ee251cf2a13859edac0c9eea9e0883cb,own_transfer
c29525215fba39d276765836918e5d71,main_screen
299a52fea199c1f471423922ce457491,credit_info
71b063a6c89db271fd0cb25961751c48,statement
63f839a1b22e7fa87dbe741e6d036f0c,statement
a73cad25bd31b02c110f81a334f69ef1,own_transfer
04ab903f4c04ceee9a0c25878dd495a0,credit_info
486ad97c0afccee5bb5aa6a0cb1f614b,main_screen
921e535de4058b4475e2985d177daa18,main_screen
544309b53f07ac721119be28c8ec3f78,card_recharge
205d819a27cd54c8d48a1031df392d49,credit_info
ced420a23fc9fa94206b4539fcdabb2a,card2card_transfer
ed9b1c0ea6f0edfcd5949e1581d61233,main_screen
b7225269ba4e21f45b008ef13300ffc0,main_screen
4228e40a60b90568cf68eecc172292e6,main_screen
7b4e9b868c33596f4272c1f2a856121d,main_screen
d942eda5e5a5110d6411585e5d3b47eb,credit_info
d0d5912f9ac7ec13f24cf7321955ac2e,card_recharge
f7a55312440256dbd3bd2499349b22dd,main_screen
6d2f182f30745d9c11bfc9d44dce28b2,main_screen
0fa1f45d2c0808074616b66c3c85437e,card2card_transfer
d80c1349282881f51a9154b03bd23bb7,main_screen
a478467f63a8f0eb6f9adf8a039904bd,main_screen
3f2112f8dac002df1dd2e1cf9fca5569,main_screen
c88bb88990c40c673a6528a7ceb284b7,statement
b6ddb3e51a59f5cdedefc0fb317aaf79,main_screen
4299e0b4e3c3e45bf7865a6df0b55e69,main_screen
667a0bc6174b7f56edbef5a84550c818,main_screen
815683c941035df99b54eb5edfc3a49e,main_screen
6afec17b6271bf6dac60283c65bdde57,statement
49be17d133db0403c6844bc2a91793b4,own_transfer
b9fd12555ae340cd0bd0148ed419142c,main_screen
e7e1a003655b64bb931355b28dcf4b91,statement
20e01039aac8d26f0d93e11e52cdf37a,credit_info
3098424e8fff81afb16c59349992b2ef,statement
23851bd98b84c34d0eb22a703fb60ad3,statement
cc51e5d6cffcb7a7d77ffd0762a1afbb,statement
30eecca6b304d25dc668fd3ff5553d54,chat
7cf31afe4e855051dca07bbba747818c,own_transfer
67889cf351d07b0ec6ef6ed4f9dc804d,statement
f4f36832d6f9366765dcec4e4056a72a,main_screen
4fe1429abc5d62aad20bc5e0164f0990,statement
738a038c1d8b9995ef6b511665770af2,card_recharge
9c9e55941b41f0eacc6626208078544e,main_screen
cd378e2504fe7c698455686de4acf404,main_screen
8ab1133e3546034366108d2d0fc47f8d,main_screen
04bb227121e01d6da416117dac07143f,credit_info
3f88f01743effe81cbf235ecbab312b1,main_screen
2c25baff04aa559959e0998ea54a0fbc,main_screen
a8dad27e585c6e7caddc979ff28f1132,chat
d7c5576840b249399bb634965e9b554e,main_screen
cc08f9d47f44ac68067f581a2ce4e8fa,main_screen
4340d8b8f65a75b854963fb7c7c41f87,main_screen
08b63d01ea99e8c12ea63075a3e77ede,main_screen
d9b88fd764418dbd6dd4c7f8a27eeb32,main_screen
5513395de938df20cb42e7b963082f45,statement
dd747f9d66990ab52d27da988212abc9,main_screen
e5fba27f5609c369d9d0b8908e6e6e51,main_screen
ea387257d27ef62509585a1955486899,main_screen
c391fdc78ff53a69fbe53eb032cbb48a,main_screen
66a03adbd301d12365327ee5145c9fd0,phone_money_transfer
5b36783aba24402c37252fec20be2bf4,mobile_recharge
ae117bc66959f7690859911b76a3eb1f,main_screen
fd93e95d7d8a2dfb3bdc7c479c2a6d0a,main_screen
616f1b275981ebaa2b1a46d79f9e759b,card2card_transfer
286da84127deee0895da0950536ac893,statement
793b79d7a1b0b02523633ed1f57c2218,credit_info
9b9f40f5b2a92017949dbb1b646dcb6a,main_screen
1e893f35f0d82b49cf1713a57c257e8e,main_screen
916dd762ad466933ac13b69b37964554,main_screen
09d7dcb35846e52d7cc16e4507fa69ee,main_screen
4f0b870022afe0ff382caf2182f42b3c,own_transfer
d3f4a10f1a7577e6b144581483f2d547,main_screen
3ab6261ef54da1730f80a054cc6c2188,credit_info
e9f87dbdadc3f134e3d3ed884b3cf3c4,card_recharge
6ac710574ea615cdacc29810adfd94fe,chat
3ca38cb3744863c5905fdc3acec7cb95,statement
e9fd7788c5c228388bd4fa441e79d2de,main_screen
09aeb35c029ebf298239b13397ef08da,main_screen
696bc6d2b35827419a96df2ccaa343de,main_screen
fdfbeb451697bf10bfda75e52910c4a4,main_screen
c5295d6d1b1b071c513606ecbf950720,main_screen
43646042ffa0d83b282463e961337850,main_screen
281da194469a5c601e84208f90fb0a7a,main_screen
436f7260907e3b57cab722c20fea2a77,card2card_transfer
7be3283696c474f2a6380d1e926677f5,chat
efd5562012d4e2784322bd79a12882e5,phone_money_transfer
ab7f3af0a03160025a1c5359cbcde68b,phone_money_transfer
752d7ad7b73db804dc70119fac2c7d9a,phone_money_transfer
e922aa7e02da22266199b59e9e4e3ce6,main_screen
606951452d6fc93d895c137771137e6e,statement
b5f675caf0e59f6c4469b3715d6f1a2e,main_screen
5c624c61b092dee37a9cd4b85ab7fef3,credit_info
7d763e319d0c4af921a1a853bbe41f22,card_recharge
8e2ef114e5ff91878b05406e78ad1401,card_recharge
b14a68cc094d82e5f7908401dbaac3d3,main_screen
ada806a469a420be9a7ae5eebc6c43c2,credit_info
ad9a22f275bd5f175ec35c73096df7a4,mobile_recharge
31fddeb81adc07d7c439ea35a6fb4dc6,statement
0b112d46ed4f3a521180b80054a7f097,chat
9326f56c87f4bd4a3f3fd556cc7a951e,own_transfer
09c06bec47d57a76497ee1dc778e7cc7,main_screen
192760687a4bc97ac34e330093614189,main_screen
8cb8b3c95d44a469594a31b6b83cbc7e,main_screen
cfc26564c518c32e863a49754b6635c6,main_screen
e0c8d329368b210e3137528267ce5ffe,own_transfer
9f78a79f9323cc3190b4e599efb649d3,credit_info
36788249aeb72de62403a2186268e961,main_screen
571f2c8f5bfb1745a8ef34d698f84f5a,main_screen
290a31a4741ddb998036bbcf00b373da,credit_info
2c8ec124f56a2b0df61ae88ad5783904,main_screen
4293438837fcbc5a34ff6057ae437cc1,main_screen
24429483ca74bf5daa96b7a913dad95a,main_screen
81286cf0ca06c39dc5b4bb95a4e300e5,main_screen
ef645b0d1c4cf302d0879820c56ad6dd,chat
f720511735681b0f5e673e2f0f46d3fa,main_screen
3677b58e609c98106895d5db8bd24398,main_screen
27d2d04aec5a23550c1af5fbfd6ec217,own_transfer
9ea69f2cf0c077f62d76a42d3b2462d2,main_screen
3f675d929fc5f1abef3528d068438bf4,main_screen
10364a25197d0be2617eff35b980ba52,main_screen
17f9e661cc3154e6ae930099d74141f2,main_screen
e65f4f6f6eca7a219e85567b35f3529f,main_screen
e4f498d68f6fce8d966f4a56637e0479,main_screen
b1b34182625a27e9b1f1d30972151214,statement
a1092f7ca551cf4ac2dd4f5ec487060a,main_screen
93b7165aa49d98a66c7751cc256d8358,main_screen
20544b51e188739db9492baa23ce780d,own_transfer
a2c578b86805b033933ef461734d0534,credit_info
165a17d83d5243c366355a844bced803,card_recharge
b83d6220ee7ddf3b96ea169b9a22e1f3,main_screen
17f25853ee95b9bf4fa13ea0c0492f4d,credit_info
554287bed7ccb7dfa08a5616db1e3cc7,chat
f2fa4e8872b1db89edc3454ae0047f01,main_screen
99da961877534125500e25ee892c667c,main_screen
ca5f6108be2992a18701eb3a493a3d49,phone_money_transfer
c4fb6bd9cc1e46529fc47da39fec6703,credit_info
c6a8edba97ccb3291e681513664ca97a,main_screen
9fe6d88c99becf38a9c2bd93346d8e02,chat
ad7bbd3832be24dae11a45474de1eec0,main_screen
c74439b0adbdd7ab9c5edb86de6778c0,mobile_recharge
4afa9c1c25b6393f734426eaf0b78692,phone_money_transfer
47494623c698a76a1487e4ce92cc255e,main_screen
f693553dd2878abede79759ca63643fd,statement
c1bc2910a56dce8448790ef709e2f003,main_screen
cfec5547abd6a5b6c0e506e219a307cd,main_screen
51abe1579d09f3b496386dd1517b8826,chat
b3f4b80a4226d5cc69f94a197a70cc17,main_screen
6d43a321cf68ccc6b22181f940ea243d,main_screen
07705fbaa1ebbe3e95044384b1c38cb7,card_recharge
7fd47c6fad1d2750fe1b17b2c8f1db14,invest
c91075d7706aefbc4466246cc88ca7e1,card2card_transfer
7342a470916782e2ae1d793e97c003b4,phone_money_transfer
8385104309584bff9265393e495bc4c3,card2card_transfer
6fd6acc0df8e3b775d1fda5bdd598443,credit_info
7bf28c3285b17b0439c9fdbd1f7b7459,statement
50da40219c8935284d2bdf327302d1fb,credit_info
002232b3943405deb209f5bdfd090e6a,main_screen
ed333c79e8a95724093043ee8c46fa1e,main_screen
93f1cd18e08073c00ac915eb822eaa9e,main_screen
caf322ad144dd426a09c11aa8120b5f5,main_screen
b26614a0a8ea52dd44d3c6f3047adb85,phone_money_transfer
bfba8590e41ac8a8bad783f5ff9f0b8c,main_screen
5c63351aff46e62ee10502470709b271,phone_money_transfer
a7e0e29d4665b412af54e92e8ccc3832,phone_money_transfer
41ffceb8243718e640e92a11f1643472,phone_money_transfer
0c545b4df31738804df17c470911204b,main_screen
b8a31e1f5c734071630b80676d37993e,own_transfer
e4a0f8652f4eb180e10c53c92a9694bb,main_screen
8fbdff3716ed82e628f9f46ac9d18a68,statement
874fbbb9d0e041b3d95f5c7966cbe10c,phone_money_transfer
62932189cd006072f401e55ac3c6a374,statement
d629b70765625cfb278c12bf30fd3185,main_screen
6d38a7d9edcdc9cbb39ae17da4931392,mobile_recharge
02fdc0e2e6b074df70e65b714decdf27,credit_info
24a543121dfba2766868a04801daf694,main_screen
304f170cc7d92e66c4dbc64da5bfa4d0,phone_money_transfer
585ab31717e89b9e993dec32fcf6f1e3,statement
54979ce15067065e3009346f7fa9d5d0,card_recharge
fe00e9c30cec27a4f7fee32e08f460aa,credit_info
96477ffbf73af6bf9a9f91c268401043,credit_info
7cf1a4e5b6559b7f30f683f50d4f9884,own_transfer
ae5fb39b667349f22d2c11d63e38953d,main_screen
a979f5df483715e18cdcb89c65556ba9,main_screen
3988ff8f8b8b6c52625e0b9a1a59d9ec,main_screen
0dfaa0b138c76f138d752b12a543f21d,main_screen
7fb33dd09d554ab0939c62b5b4cc8c91,statement
40ec1df4d2a28deb667c31520a72a933,main_screen
8ba2cf5d154f4cc1630800662187245c,chat
0524e743fe6c201e7f3bca8e1ccf92ed,main_screen
881c128c600c0321f26807e6b3a1f368,card2card_transfer
6636a758556e0a91832ab661b716ed1e,credit_info
08fb7ccbe05efd6a592b258082db8f5e,main_screen
17332b9470f4ff418ecaa9cf7d18a1f9,main_screen
99f5c5060cca5a31262e4cccf93a6128,main_screen
30e1ec63503a55fcab63e5aff130b0af,main_screen
c34af1daf44481b71662eb200ba148a6,main_screen
315ab1a7f280b2f009c5bd0892c2bbee,credit_info
6aea16de2a43efb935d25b474b77d8cc,main_screen
0c4b11169e5e0706ea89e2ff078e74b0,main_screen
cbf2ebdafa24d03ea452a71ad4c78b44,card_recharge
33a11456136542e9b7de8447680b4b2a,main_screen
847e849bfbbd0f740aaec30364624936,main_screen
e897b0fc1ad1490383251b01eaa29756,credit_info
ec116e0a9a51bbe0f6f5ece7c16222eb,statement
a9ae5d58ba4fb5a3e0472963b5c7dbf3,credit_info
493a5ba4e0cb9c62cd07a998465ff993,card2card_transfer
25b209b81ae2a6afebd81ab68b40cceb,main_screen
8dd814ef204f5053db16aad24edb0c50,main_screen
cb7efcb4a222b86fb76c05a5e3609451,statement
5909c1eceab03237dbdbc8b4321227cb,chat
97d02842a2d9ff2eb45a869c0abe52dd,own_transfer
5126a4df7519f04e581e1486565a3c73,main_screen
ffb038d94dc2e8b33b3c651ede0d557b,main_screen
427adf26b359ccdea7778d357ea381d7,credit_info
6bfea7d55dbfd661a64036b0e7405322,main_screen
87653793cba37119d50b14459ab8efb5,card_recharge
a5330ec9c1ff4aec4bc8159489f24f27,statement
ce645d97e91aec42c4d2ca2a56efaa0f,main_screen
2db71a80429ea585eebe24a490b719f6,statement
2c9836175ac6b468a3a3547e43b132e9,credit_info
8e5111f495a5701429924da2ddd43053,main_screen
969f73d0095b36a41264aeaa79ea522b,credit_info
d73881e8c29167900bd564f7e7db3f1f,card_recharge
4cb939242fc51f88a41583a47d37b954,statement
64ac3ea33ccb76ed43b0e2f854f749b9,credit_info
fe6fdf6c388b4a19516e01addee7d2b4,main_screen
897da562930db6ce91992d9c0fbc1fbb,credit_info
45f9d96f415fde0072ee314ec379ffc8,main_screen
48abe56d207f8d81c9103869d5f5d284,main_screen
94386efbee2ad9079f778e3ab76bd2b3,main_screen
15c901c45fce5548dd6e7e612dd841db,card2card_transfer
02d8bc3e51664a173d8fb800116dbdff,main_screen
04fa962b072f679064d2c078fc67d72a,chat
9808a1d70c899e7c45d0ca753e5ccf49,statement
84d073282d3e76c70f33610f12e17051,credit_info
fd3dec60a0b85c240b329bbc978cb963,main_screen
31ec206ee62a1b48cb840e2410867656,main_screen
87ac7f16c8503d05bb4bc6dc02f0f628,own_transfer
c1ab7c27516f0a167a611f9b46be84c8,statement
d9fd5353e5ca50cb69457459aa8cdd78,main_screen
642a890964a2db70cf744052af89ef57,mobile_recharge
8fa055a11d3a9d11c0474eef5d279963,card2card_transfer
ae315797979d010a4b18607f0dd4856f,chat
0f6de1d928e999c0787beca2b435f249,statement
ed0833c153aeddaa828a7ffc3e008a83,card2card_transfer
de024a41058b5c2cf87bc83d9e288b32,main_screen
37498055b1b61c9b146b6f2066d9e698,credit_info
143dd0d1a7f8ea043ae3a33c9a42007e,statement
c8b83a10fd7e47b8aa1059f06abdfcb1,statement
27d13737a36c78ba074d9c499946401a,main_screen
f63d4fe83d77c9dcb2467badf5c16a0f,main_screen
783b633f2ed712fd25d9b5a56827bcc3,main_screen
2f5b4bb7c69c4179208578c2232fc760,own_transfer
e14e15556b83efea2a9428b6c6e9d10b,phone_money_transfer
95952bd1e7a9e753542518e3c2bc1564,statement
b55dc6549bbafd76f73925a9268dea03,card_recharge
7b105518600ac9fc60b2c1a49c30db7f,own_transfer
78ad604441d74636c12bc96a2112efaa,main_screen
c08cb3b10089b1a6a345d45ff66ea062,credit_info
89ab9caf1058e6c0e2cfd349c72ed0ee,main_screen
7c074c558122709ddd77c114dbe9d202,credit_info
5d235dd255152ec8a3abecc1fa2fb309,statement
a242201b3e39d3340edc90e15ae813d9,main_screen
5d49812f10d2b3b583301354a325077e,main_screen
3a51f99c1c69f8f557eb6b2f957eec7f,statement
1b1db0805f9f3856a5fef3f8707094a8,main_screen
e5809e8c73757e790d527262b0f6fe66,main_screen
19927f1d15028dd5616750434924eeb8,mobile_recharge
1ecb6dce54822f48f63a68249c953b97,main_screen
d7e5d596da9d88f54fcea4ebb776369e,card_recharge
50d4dc7326af4a64b4476812fac62831,main_screen
03eabd95a23621ea5bd3a01dacbcb3a1,main_screen
c013ffc14ac97676a0c8dd3f879c26c5,main_screen
1aeaf8cbc94dfa464389446f92d227d2,credit_info
b9355375695293028782a887fc1696d3,main_screen
3f27458908a5e92de54aafcb2c53b590,card_recharge
3eef064c52b5da93ab60285ef9c06917,mobile_recharge
3bef0c44490bbf66b6b9535ed0d88eca,credit_info
da9cf8e3220cbc63e8eff77ee8ec222e,mobile_recharge
7efa0d17ff4ca54a6db3d1057bd15014,main_screen
ec6d101d3e6e05dfe9f909c424427fb0,main_screen
0f6d6e5f269aac5761e3cbad30625bd9,main_screen
2a157bfb37503a5e2ae85e627b5c516c,card_recharge
4388eb1f5cd0a3c417fe7085a97baba2,main_screen
045306fdc054f5bfdb566c9e315cd819,main_screen
18924852be1c437bbcaa44a69eb76236,main_screen
9ea12fecd522e2031d982b8f3bc7d609,invest
f5da9e9c6c51563d4568577cb8ea3c31,chat
5ad55fe0427e081340f12e5757a5a07c,mobile_recharge
2494e7fae440935ebc2701c51a213984,credit_info
dcb4d9e21b456d2ae8e6d7deb9263842,statement
8440755f094ca94508d86425948448ad,main_screen
25af43c3650d8ae43f1880f74ef29094,statement
6625f0af848d1064fad94861ce2c3c5c,main_screen
23f3a33a2fe420ccaaa2ca916895fb85,credit_info
aa02d704f4225de16cd53ece1fdc6be6,credit_info
f457fe3facfa4a68159d3845b243fc61,main_screen
f4778316bf78bdf81a25ab9d53322a71,main_screen
cb3ca4ff7c98661be67d18f7dc0d39c9,statement
0a8882dd210201ed7eec10358a5b871d,credit_info
8d173eb01bb95ac311d2be9287225d46,main_screen
92bfa3b055af8bff2ebbe0b648ccb0fd,main_screen
b6ec1c5669e2089f9ec8e16724a54207,main_screen
864229672d2d574114199df3f9a0461a,chat
6aea6cb7b2413898002fe86034827502,main_screen
338864186312a4275debfab1c8a7b71e,main_screen
6176889884fd9b7f779e88732e933df2,mobile_recharge
11abb3563837e32e2768249a5c4abb69,main_screen
b980e9461178ca37da5bc367945ad877,main_screen
319711023868671c40478bbf28f89fb8,main_screen
4a1a1e93ad54d247a5021390c7361091,credit_info
a003ddd9887cc3ed44d36bc2d77ee440,credit_info
64edcccf9a5abb3241237ba3175d62bf,credit_info
ac8407591f072a1d7a9df9cb86472b44,main_screen
809e53b6a86453ade6ec3cd19217eb72,own_transfer
2770ec690c94115a7ad4642754859059,mobile_recharge
7bab025d4754ced3dcb86871164534c1,phone_money_transfer
247875fc1e58d17a8ce53958fdd284fa,main_screen
2274ce9053783f41b0e2a7518e54c7f8,credit_info
d8d3367884ab23f50e529f3fc4ba45e3,main_screen
5195d8b2fced43d1aa99d8c6a5c19b64,phone_money_transfer
df1c261f6fb531e0d61884d02f902eec,main_screen
4905f93e14f03b4400f95d84e518937e,credit_info
761ede89d266d88157f177ddada681b1,main_screen
2f49a95d6fc930e9ba42a4f32dfe8173,main_screen
1a2cb5d3929c01cf8a718cd49ebc5559,main_screen
4f6fb87d3518b1c4840035d46379cca3,credit_info
734bff21b26b17215050e57e7d513803,statement
e4f8ae658d7f5191fea0ddc129469488,credit_info
d86c90a79019f8535c5e9c92c991cf17,main_screen
1a6436044019a0be10e9f11270aca0d4,mobile_recharge
2783f28198f31ccc0f88da7a9ce65aa1,statement
bafdd40f86b67fffdc18dae60014b4ee,card_recharge
fcf389a2f5937652ef9f27e5cade5871,main_screen
0bccb1ed0efcacd4d2674795bef9b45a,main_screen
8c048988eb81ceb11525f789380d70ac,statement
ced73d9a60ac0caa35dedbcf60632050,main_screen
cebc51f7fe4ffe8a8d46f37c2b7279e6,main_screen
a53a86dcdba20288009709078f58bada,main_screen
676832578ff1b94bc9b7fb63b0af3cd1,statement
6e7114fb2f5d6214e96f0293214fdafe,statement
cac73ee2def37dfc6e335d7974ef8dca,statement
ea58b26daca76b4c75b9ac21a62da93b,own_transfer
28074e198976632815e0f2fbf5e99be1,credit_info
4ff95eaa44c0f0fa8ca86734ac0372e6,statement
802da54dc6f297ca54e0afcbb156ee9d,statement
c26408d6a3ea0d54acdbdae88aefffd9,main_screen
67d2fdf53c41b6d8fefe9efb8a97276f,credit_info
cf3925c6b5d1342275916aaa0748f806,card2card_transfer
16e0c6fa190da8accf35571800765b07,main_screen
8f893ffbc071d243a09dd55b18144f17,statement
c0e24a306eec51074d8751467e21eee6,credit_info
033f5c34a1576d9994511d562baddda4,main_screen
a21a97b3947ff8aa97417d1fbf76c927,main_screen
4d19ad4e1d1738d87d6b3b1b83eb257f,main_screen
5514f2b1f52ee479f02b5abb716f3c4c,statement
5653aaf3cb62ec5835f9e106d328a24c,card2card_transfer
1400e9693c53d22a01bd095009643a6c,credit_info
4876bed818683dd427780a3f0dac0400,credit_info
9f3fdfec758318e3dab2793efa6a788c,statement
6f91c633fef86e321ba3ed8d10e4ade2,main_screen
a3e8f4a4e932ea5a09e2ca5fbdcd2f15,main_screen
7860c3a56e422451593e9cb405bab7e7,main_screen
ec8b39b6ff7f69cc98fb64624213322e,card_recharge
0bd6ff1db576d0a33afc18e9a928ab7e,credit_info
7e78484108fa4d688909c971cf359dff,main_screen
c550cfd91dff4bc610dda27506ed9c53,main_screen
ce8e280a6610b4ea782ebd6e2bcf1298,statement
58905cd61f82787e598bb2caae7e392b,main_screen
50012bf69a68f0b954b754b16d9ba9cd,main_screen
f751f7d01676a85ea661b6ed6b78fc1c,main_screen
5f8d521272b5e2588da9305d794af2f3,main_screen
5a26ad849a72730ff86200ae62f0825f,statement
7ae779cac456b046ab928839da567634,main_screen
9490682325473ea5776a26beeafc661b,main_screen
cf3fad06fcb4401b808e049819a0c773,credit_info
1043aa2ef365abd6ef679ab5d43ef455,credit_info
933279a0c3ec72480393a4e748e37230,main_screen
6d0bf2e324d277532532895cdbaeb5cc,card_recharge
d8a401bf5f17aded23ee14efb8de6220,main_screen
1a3983757d550f3793e845ec70d81a5a,chat
ad292a0be9af94845182bc335e7a6023,main_screen
36b4d34dcc8a2948a692f86cb2340a6d,main_screen
1b5d5cfe9b46807858b45cbdb2c16af2,main_screen
b2b274d155fdbe5d24d95a75a8628b5e,main_screen
e9404b57770250a788f9a18184974c91,main_screen
ec5b3f1b9800e6fc7460872cc3056893,phone_money_transfer
789933c5a6b30e4c862b797767145272,chat
fbe55e6892936930142a920dc7006e81,main_screen
6dac5ac00ad448397bea17b7bbab74a7,main_screen
5407e29e215459e7339630fa28293208,own_transfer
eaa7512aecf65619e9a0e3a9cb79681e,phone_money_transfer
1712a75cb2136f02a2837414c9c2816e,credit_info
4d68b26a5954d74e88356faf9d44b5b1,statement
c48b10435a7213502e13ff3eafc950e8,main_screen
53a596b5f1833feb398467f28ba130eb,credit_info
f04b631cccbdbe8ae7c318e4a870d0ba,main_screen
62fe6eb020abd91414d38f0b279d7f8b,credit_info
8ea35b335b374b6b6ce4ba86a9239d25,phone_money_transfer
28375b53b7394267fb9ad226742eb7f1,credit_info
328de9b8f4a3943c43fe124c376e050f,main_screen
700cdb3610d87d5380d31af65c94f549,card_recharge
944b32707a67e47dd0cb16c584ea01dc,main_screen
fe7008abf5266c96a259841abc524e3e,main_screen
1b31604121de90068547e2cd303e3d41,chat
363481acdb009fc5cdcc5e1f1dec22dd,main_screen
eeb3382d6a84b9fb70d99ac694b16b83,credit_info
1834c5beb3ac3be3df3630724c58f0db,main_screen
8f6cb5e0d1c28a10d8aaa1c23b48276c,main_screen
885069d694c01efbdb8e005d98855e26,credit_info
506dcbae6a4cde84548f8b7b36ee811e,main_screen
5840dbd2e73409a46622d1f8c78fcfa0,main_screen
ab13567b64ce2f26208f5e5e453c6707,main_screen
4b4349869467b6c8079c893135c05842,main_screen
c4cded36f557e43b1daeb54da6934d43,main_screen
59d4637c7384c8a61368fe66426992d5,main_screen
7582ea05531a18841a015e9af686485a,main_screen
93bc2ed9392f4121fccc1da73aef7ab3,credit_info
5dd4e5bd664e45bef92e9b898790614b,statement
0d2f2286d3afbbed494c2f33e3fcc782,statement
2441d677fee28107e2ac2b0f76b3234d,main_screen
169a7a1cd8f3a740da10022a41ebd02b,main_screen
23157e108239b12ebd3c238c24979839,credit_info
ce9f8660d0550bbc4c44250f98b66282,credit_info
1834038e00d938bf6b0fa03b84555a97,main_screen
0878dce73fdde87ae9e2efc504c32aab,main_screen
f6f009309b218f103c7a5e273d6ee025,card2card_transfer
eba464f3fa1b5a00a7ae7e43e2ae744e,own_transfer
3e73a201e50211e498a8c2999338c290,credit_info
26481842f63fe3e098d8a0c7e20c7275,credit_info
7607df37148e4878c182f1e642784545,statement
96f74c46ff45b13aeb2c621d52b4eb0e,statement
e746e74d673551a0119250c2c81ebeee,own_transfer
a335184b51161df41b751ede533d5bc9,chat
cd49ca38f758faf8c675c43aafa269b4,phone_money_transfer
6799cfc064680027e029fcba5f91a71f,statement
6ef9a67952ecc26f606365c216c10cf7,phone_money_transfer
e085e03bfef85d3a2b2b5ac30dd2fb28,statement
e64712dc8ee29f37649d268a976ae34f,card_recharge
66bc443de0937d1dde03e0926a0fec64,credit_info
eae995b9fbaed3230ed82d522fb6dace,main_screen
544aa1d88961dda50fad5a5a7b8d9fae,chat
5e1a6fd922f706ee6d628d96ed57e30f,main_screen
0b24eb8a8b81248957c0f51ba2b034b3,main_screen
c32e9b15f08a94e0c8d8757044b67183,card_recharge
6da59681e0571c04dbb793fdd6ff6c5a,statement
6be98230bc43bfb6927535fc74ebf5b4,statement
34506eafdaa9c75b821c59f608665b10,statement
6cdc9d24affe96b84f6a276d2c5be866,card_recharge
49bfc158da2b68c644ea15f17560e2c4,main_screen
a24f47cf7eda36bf91ad68c9241254c2,main_screen
d882bd7a9e0bed08459bf78560954784,main_screen
4052eee506e74a387847a117265699f4,main_screen
f96a1785c49f5fa651eafbc70563aec2,main_screen
4d000b1b4765becc61755aa7bc9e47c7,chat
8f4b53b2537b8fd8a478ab17b1cf579a,phone_money_transfer
c7952ebb3af605b25afc91e453683d2c,chat
9091552d3551aaf53ee4731b3e99a0ac,credit_info
06d97d2527de74d1674587977e7f8b6d,main_screen
1470953639cec1ff673b4b05b7310908,main_screen
07fc59fe2e4ec39701822e3dfeeb6870,statement
2c9467d700dc4e8fc6de6c164f038b73,main_screen
f979eb586a6ab0384163554592755add,statement
ed9d8bfb9f7606d5d7d5c0e85777ed01,main_screen
c7ddaa82d9b0e6900f7e128ff1074587,card_recharge
95d41b0c589576da079e6e6bfc93b1e8,statement
d5135ae326b2017178e078a69e3e9b38,chat
8029042be97091d77eaf357ce01823fe,main_screen
3233f84098dd76b2c6eb2c5cf174d65e,main_screen
ea2497164035682e3956281f5291b4d3,mobile_recharge
f59b6837d827ce2f7ff3daf3c1e62692,main_screen
367b32cca559831415bbd7b5016d7b61,main_screen
7e0b2ea6687842d33c221cdc7e1c6a31,card2card_transfer
7a10cd9f30865f6885f0cc5016329512,main_screen
772ceb61cff6b706a5334050da2dce99,main_screen
8b019b1d8390ee3c5eae78f518ca5191,chat
67fbae1aa37b019aa69bf4af9021d13b,main_screen
4e982d94232928785eba8daf779e5a14,main_screen
991dc6a3b2b8f4cc60ebf211c5ece797,main_screen
2eb470726ed89bdf056d98196e4c82fb,credit_info
a0df39ad7876ff06d6f893667c8c145e,main_screen
9f1caa1772b67c7b2b77faf6b1191fc3,phone_money_transfer
75b3028d5c69c09a3072377d8a71b3f9,card_recharge
e97840d6ee484e35c8a8e2e73b221e60,main_screen
898fdf08be8ff47e4f37ede006196aa2,card2card_transfer
4502c8300847ed61fc7e059c1b10846e,main_screen
b6025361f977223388c828f01fdfcdae,main_screen
e8de86791c5a003683d35b25974f994d,main_screen
54fb60d5eab1d3c36365b709ae7b20ee,invest
0b695a04ba79cad9d43686264e3b38cd,main_screen
fa0a849539d169995ca93a5e3c998070,phone_money_transfer
f35fd734e9ec7249576316114809fbfb,statement
9935e8dd78ddc0d9c463a4efc2f4cfd3,main_screen
273d2a7ba713a09eba11498a1397bcd8,card_recharge
14a9113f7b14e645ce37df495f35be18,main_screen
9f4209e0648245e73a6a117f63d0bc4b,credit_info
53cb3b66dedf93af2369080f91da76d1,statement
415b7a5c3b8c0e756a2c9df41be02b8c,chat
c1b8b51b268917ade01df793b29965be,card_recharge
0f7b5496be7eb5ede39b5eec0d7ba2b9,main_screen
bc022ca0cf1565f2f62d2b20edd2e9ef,credit_info
c59b42952656b56c8876cff808574e1b,chat
1b59c43b79fb13e24eade5716bfd9807,credit_info
4ca6380fcb393092943276b472a9927c,main_screen
a2e6045b260164969dd7c19d37bf4681,main_screen
d792eb635ca4161465e825e04f7397c9,card2card_transfer
01e2e5424f006487150fd0c78644478a,main_screen
5c1a76f9a16ff7f2dca44a83dd12a6e2,main_screen
528f152d50227a4986f370a51796bd2b,statement
c80600b595bddb56a7a7d216de7b7e07,card_recharge
1a75807f1a895670ccea216a3828a37e,main_screen
cbcfeef96d811b61d921ebd5cdff7991,card_recharge
b1c4c4c5ceac5a6c039e6a27debf8dfc,statement
8fda3027206cd315af16c434d3a83162,main_screen
36b68446bc39018f8ff1de77fdde5886,main_screen
a8391659a55a94e35a2a331bf08e298c,main_screen
4c73b892d59b20b9ffcccaa1b4a77cdb,main_screen
209687ffbd79208525497aa10889b589,mobile_recharge
8a0c05813eaa2c74485232420d09efcc,main_screen
6e8ed3765d7f668cf6244ee9b1c0b30e,main_screen
fd4d731b10c1e370f16fae18d68164be,statement
774989b966d7996ecfbccaea4bf978ce,statement
9d99115da1d9d0d05bbdb544f87a08bb,card_recharge
590cb4e243d4123a754ca6c7937b5afd,statement
19fe5a0504315fd83e324171380a3a60,main_screen
6188b2a8ef961518aa0ff07bad7200ca,main_screen
7a1d8e0061ecd4cde9e46a782946fe6c,credit_info
a254e8426dd51ecb5708ed5d0805982f,main_screen
283e8b6257fdb78207b4627e9983c1c0,mobile_recharge
7aab4c6056896930531cea7fdee0387a,main_screen
2c4dfb6c5008ecaf3b89638b29beabbf,main_screen
a5f55432d9a8a6dd834c93e272b0520d,main_screen
50a2c76c44e0cd8b0a4e708c1b8c15ac,credit_info
89f60f7002fc1faf360060397fe2c6d3,main_screen
188666a9ea9c4e8c19c0d658d8dfb376,statement
b0e9b1808ce18448af41f425b8f223d9,main_screen
ea355b7cd0d63d4a1c41d3eda4172a53,main_screen
e09c3e46b9d447afcd6ddf3dff9c8796,main_screen
2e4090479a6503d25d181421bae1fdcf,credit_info
3da2bd28bca09cfec6e28a30d35e0118,chat
ce7dbef18a848da2954e066e4ab5fffa,main_screen
f926c218a9a4ce6aff837a1f749bc8ac,main_screen
b90c003f665c4d93fafcafc5341119d8,main_screen
fa35e3aa7dcb22caf425c5fdfeb05834,main_screen
e941e6055e33960d41ae92efcc8ec8a8,credit_info
67a3b6a3a6becc036f065d5480a0d274,chat
b7ac3d0789e4243bb24a01b791d5db71,credit_info
a59f6cc1d7993522128a4b7cd8b8a317,main_screen
fd3d66712a957a6b5de9d4a10b1d49f6,main_screen
3d54b951f66d7ad89bfb83fc24148018,main_screen
1e6753794ea81e09270452c396b35d60,main_screen
6522f58392a01f27569f566c07d68516,main_screen
923e8a7b3b648a1158f45ade5053a223,main_screen
938d829f1d24191c0e30fad5fb72417a,main_screen
b7ceec85a5a24f4e0284ec1fc7f800dd,credit_info
7f9f8a385be64d1cd639ba1c3190bae8,main_screen
6622381af1379f427f59101ee2d62be9,main_screen
4a191c4913b5862b9efba1b69defe5a4,main_screen
de1c11157ebffc9aadedec832e98c8d9,main_screen
42ca43e53f451203c4e2332fa1bd4a31,main_screen
80d8b8c140fa296081c18232e4bc9406,main_screen
ac8442af89decc6b34765b88f5b0f1ac,main_screen
8391ec43cbbdcd8697b5e642061f88e6,credit_info
458c57f7d055b7be3f7d9d4741f2137c,main_screen
f96addab5969e1330ed1d8593662e7bb,own_transfer
2150be3577402c88fd856b7b680122ac,card2card_transfer
a44e8930056ea82419f8c6c3a3ac3edb,statement
e17e96e085316509a949853fd2108139,statement
6afe6277a3f3b059046c5236367450e4,statement
053d2aaefe0cd22fcb708bae13febe3f,statement
ec38681115c9c678a3974651c747733c,main_screen
a1afcb003219f3db906a3b381e218d14,credit_info
adfde7fa59ab930bb580a84fb890119d,main_screen
a6233eccec1eb5bb81f2cbe5a4605ac9,main_screen
7b65167336958d79f22fa98ffdeea0d9,main_screen
707dba1a335987723c2b3d6c19a44eee,credit_info
b3cca7a21bc4836f3ffe6e3499cdc784,main_screen
a130915ae6d490b5274be1aa4d2af428,credit_info
3c92eabd0f2967cae42453644b8cc0e6,main_screen
df76b68c637b3e967772006bea611545,main_screen
fad7a692d9ce357df5729443fd6fe519,chat
c9aa92159b0b659433a002add8a68fbc,statement
ccd793856d511bb3cf48ffb5ffa6009c,statement
49cd196c17b29283b19679371a954eb6,main_screen
cee8040361480dd70021fd2e564dd4f4,main_screen
72c5d451056bc9f22d4552bf29eaeb0c,own_transfer
602a10da9d421ec717e030ad7292b1f7,main_screen
0340b069963947df2f0c6896fa26cf01,main_screen
afdb0a3fa9c62b391e0e68601d7547fa,credit_info
7f0a25178326822bcd8a039e107eb58d,statement
4a173cb612073da85df938c0963bd4bf,credit_info
496e6e9aad30c636b629a460b6baaba7,statement
fdb7343113a43b74aeb5c9177e2a3c9e,main_screen
ecc9df4c495c404981860d568b7e1f2a,main_screen
b3f7dee23195e661509f1a846c75157d,credit_info
8755df3b563bc61fd5e78335e17bb34f,main_screen
0745e64cf0119d6c1f8a3fb490fa1b25,own_transfer
9bf7fad101658e018f7fd626e0ca2bd5,credit_info
388631574c662f4d7ab2844f7ec76eb1,mobile_recharge
721ff65f1b6e56832918ad0c2cce6468,card_recharge
769c3ae98770f4a7f61ad49187dbcde9,credit_info
38a95ef8fe4da70b22fcdfeb7460d2bf,credit_info
b90a8ba09924e382b8ce9c0457b99f79,main_screen
8474352f318a7895048ad1aa6d9bbb41,credit_info
3bef4b55c9b405f4f3a3e3351a693943,main_screen
83a5df0b4df32b159fe33a0ae9766f9c,main_screen
c1daba046e1f53d80f97f6ac07fabb25,credit_info
2c885884ee1af340fab25d5c2cb8957f,main_screen
5a8e7917bfa431bdcbb39cf517e3795a,main_screen
9905e49506f218c41d1fe89057f86be1,main_screen
5c22ead0f2628f52326ce9a0d6139db9,statement
f06d7114a740a5782629f652bed6f5d8,card_recharge
4d8ebe312030b861193d92c1667d4f67,mobile_recharge
0a383064c66a4ea6812b8d53b4c3f244,main_screen
468584f58315e8c0343ff0b11de6fd31,main_screen
3c4d21a3a5e24d59b6f6038f035f8bf8,statement
573d2c1fca01d45b00c060a966ca1d63,mobile_recharge
0c9f8b588c149ffaa9c1cbcb7f2a2da7,statement
376f3d5c5a5df0f989c8042cc45cd057,main_screen
59818cbca9578939c2f7cb5e7c80d3da,main_screen
88a29f037ade445fbfca1308302bf974,main_screen
83d43596532f98622646faa00f706785,credit_info
6e21131c7d578502249e603e3efd46b8,main_screen
013214d1fef11a990d31fbb86713106f,main_screen
efc42781033bc48bb9cedc070238b327,main_screen
cdde0675a68d1ec96c1c42f93363da38,main_screen
eee16b7e457791c1dd2b3eb0d2498c99,mobile_recharge
85c5aa019ee1590fa212f7205761ede3,statement
77f414f36f4e5f29322b79b83f370640,main_screen
36539ab9b9c5a3ee7e60c733daf67d97,credit_info
c36b3214228167d504de5dbce48d269d,invest
87ec4841fc6e7ba3986d8415a9bf1612,main_screen
fa0223dfc7ccff781ce93ae71bed1c87,credit_info
193f6022ff6920f88983cfdf81333ec3,statement
bbee2506483b2efbd67121a5aa73177d,card2card_transfer
9832a28740c5493caa8fa03a7de2b824,credit_info
304b03f079713c7d3b66093ca8eddca0,statement
e15e09c1c067fd5ee89b0e3cb287d09e,main_screen
04d872a49129df84ce90a378d4c27910,main_screen
ee6d0e57d5557bd50afcfd0938427280,statement
34edff59cf0791ee3adc45581a8dc8d7,main_screen
892079739c2f20e32e40539612987788,main_screen
766ce0a42e4a022a5be3fa83f0349627,credit_info
13f669727564ef01b778bb6eef64b84a,main_screen
9167cee87b7d94ef66e35e61b0c14cda,main_screen
53ba691f1ad355bda9b1fb6bdd9167a4,mobile_recharge
440efbf71a98635c953f87b2b96b644d,main_screen
7520147fb90ea1a7263b7e6e24f327b9,chat
1aaef04a53a89a9ba9a9a6054822cca2,main_screen
3f7826cefaf31fff924da33caaed511a,main_screen
2d35aa7c064d4f9aa2d7395a46a9cd4f,credit_info
a947e93f3bbedb8a108e51f125168746,main_screen
f67571f045fa07817565060022acfc93,credit_info
b9865a17883d85796e9bcddb604e9858,main_screen
d9db5f074c3a828873d56891ba9bcd26,statement
099ae8220e64f2ca7ef36a3e1a0aaafe,main_screen
53d11a48be0420fadc8d957f3419f599,statement
54aed4b8ea6dc997ef6bfe57969b1229,own_transfer
d9016821eb0e91dae31910bbf111ed7c,main_screen
8a19af62a96bca3c42584c0e9d421f59,main_screen
fc795f733708f6dff9c38ae9bbc58e5a,card_recharge
252f5d7b114cea3c9cdd3571bf489cb7,chat
1328b2a668842b37dd37d55b4dd5275b,statement
963c792b69ee009dec46e2510aa19192,main_screen
85d5bd9393f6d41585008617eafb508f,chat
fc6568a5b6408bafebc90915017c1359,main_screen
121b1f98583d5f791e9768a11652ca89,main_screen
d2fd980fe519f7fddb07b2f9a36a31bf,mobile_recharge
c600157792e2e4b3c89a27b5f273733a,main_screen
6cd3153fa16d1d590ae2b274e6d257b2,statement
868ffffa870ea2344be6892b3d73fb8e,main_screen
7bc4da96c2293b5526809fa5e4eebc44,statement
254da63bd69200c562efeaa3b8d8fe4a,main_screen
09260c1cb3d7186765b73ea9f9c18b42,credit_info
8dc0b5cac8df903659986041bc90b33d,main_screen
14f7040fa5545815fa893a4d8708d967,phone_money_transfer
6f7f95b2389ab1b893021acb641bbb72,phone_money_transfer
b2d2db91dda036c7e67237ea32a00568,credit_info
99908d399d4c06e0d8e05b28a6020c6d,chat
3222875a23e380ca6a1e68418cc0d439,main_screen
8a9d5edc8d1a733f20afe788753bef89,chat
95ec56cc0c92b5384130ccceaaa26e89,main_screen
c064beb24a18c7505619a0aeffb28db2,card2card_transfer
890784cbc991b914aba0f8dee31d2c99,statement
d519cb09c2600ff2d6447eec17ac3c43,main_screen
cf8694408631e713c2b028b73f9f31db,main_screen
2163ca595dc63900fb82b41c7f6510fa,credit_info
b1b8f4f702a5f35255cf7566d78c13d9,credit_info
c25e5636a9aed3813a84375f216db990,card_recharge
6c2571dbff0e0aa2ed685a5852bee7fa,main_screen
15ad0a375d76e909fb6edd048625b0a2,main_screen
8dc34536aa2ecb5d1d134e50f68aa0a4,main_screen
5d5368bdcd938571c80a6ceedf5a41a8,main_screen
4dd3b325a807526eea883366e7c88e4d,main_screen
e8054f2c0412510d0a243b8ef1112963,credit_info
2092b4b5fb8f156b2ee871b09be80571,main_screen
68c629e7c82982148f7f8c748e0a9b08,chat
da540f1a2669c85aa7eb7341970dffcb,main_screen
946ed0497e900d53d9af3f92da6ede10,main_screen
a6bca98ae820efae1001b2b92b5641be,credit_info
7059ef83f9152e45ab73f553da631c90,main_screen
f9f581745803b62140146a00dccdabb0,card2card_transfer
f2bf3ee8ac28597fa457fea72fafff84,statement
f19a736542a5318f29a9f286a165809c,main_screen
e2ecb5c2ce6716efde811bcb6da3b9be,main_screen
accb7a067ef454bc35c270636498ef8d,own_transfer
bfedb70b9f053cd53b429bfc5fa23c8a,credit_info
6b4f6f1125285cdc0bde61d29f299f53,main_screen
60fc75075481a2fc52daf4b8b19c7c34,credit_info
dbe4d97fa2ff49cf03144bbced66d24c,card_recharge
06a47f8d3362f95d4bae3515327bdf3c,statement
645f8ab8c5459d1f08ca38fff8a13be3,main_screen
6edf5e297bb39de16a8db2263596cdad,main_screen
b7eafbcb031f261e6660c7df2010131e,credit_info
6d9d817792e05cee419a9367e59534aa,card_recharge
44ead6f44579e86d1992beaddc86f9b8,main_screen
a8c4ff9a7ac522ef08e12f573cc62b9a,statement
378e4a6f9828898083c0b794a24fcea4,credit_info
d53a058d29a9bfd5b99946a7f85e75f8,card_recharge
068d34fbc41a14184b3d69d78520bafb,statement
460b0ce683c9d26020b3b8f9ae186e92,credit_info
58d445681323e5e777abb36c3ffb9094,statement
1d179487ab5388c1cc35175ea408bb28,credit_info
0a9ee09867628dc30816b60dd78527d6,main_screen
89238cb9f3664d56c9b6d0e2945a5fc2,main_screen
ccbd8bec96663bfced8a7cc9021206d0,main_screen
7948dff7de9504df4240f61bc64c0175,credit_info
31431983462f99d708e46ccc1ac96e4c,main_screen
24459f87d80dd81f141e5eae49c31434,main_screen
898bdb9d64f9d0adf1aa7074d76318b7,mobile_recharge
1258a1c5ed9d0db807c040478fa69405,main_screen
40f2eec77d90c91d5da9540086b33947,main_screen
c78037a18b92da68aef718091e733e5c,main_screen
55674eec6e8e5d123c5b9d67dc0e9167,credit_info
c47a0c1920d421e2680c21c4e6cdc4c6,statement
9587e9273ec3df16f290ee32e1770bc6,main_screen
3c0cd30dbf3e339686c8fb3e08f75a7a,main_screen
065b06959d5b66f483f396eb068aedf0,main_screen
a592ed44e0517f111b4e58675abbbc96,credit_info
d0bb2bbe5251bf9b42d7fdf502c4b4e5,chat
aa729d7769f43b3eb6b1693d3caada26,own_transfer
edeb75c5963b287dc48705e70f4d82df,mobile_recharge
53b0923b7b8bb7444f18f7344f0ee00b,own_transfer
a352333ef25137ea95dc0bac58ac7b38,main_screen
d5a437142d0ab285ef086bac18ff4b09,credit_info
cc282694f450fc3bcd47d31ddaaaacfc,main_screen
3b7e578f4e01cf9ee304fe4b673ebba3,statement
f68ad21437f6ba1f4856cc9176c5fd97,main_screen
b9d76335d347f209a2d6e57996384ebe,main_screen
5f429a06d8a039cb815202bb10967080,mobile_recharge
f72a98e9192713d6377720928112d71e,main_screen
5e0c0fe00f8df296a13e531e4a6dbd14,main_screen
59ecd7db285811d00117e975542d7760,chat
c98241d9c525e04e978dfbbcb4f7e6d2,statement
240ae08c5dc0047765e2f677c12c48fd,statement
9acec07425c874bb75cf4e3679d8c5cf,main_screen
f9b41a02044f7908b8a692890ee2f98f,credit_info
80a9bae026cfc9bbef1701f9e556d46e,main_screen
ba17431def382c07d9f263403d86b53b,statement
151deb0ff871d28dabe5de684bef0707,card2card_transfer
cbc64338173598529948de8d3e3fa7b9,main_screen
b304bbb609e9d1d026cd7bb51aeaf624,credit_info
8f263b0e312963f364533546ee877838,card_recharge
94239e7e112af593537e128718c84747,credit_info
eecd8bc79101a316b5d97629ec970aa0,card2card_transfer
ffb4c26b22576797163d49748d3bcf79,credit_info
374e41283ef54544ff07030b0321eb67,main_screen
94c7412cc760c1f516cba0ab3006704e,statement
18fee574552e9e28080791a6da7e5a5c,mobile_recharge
e78b69359c38c6cb419ec302f2a57a35,main_screen
ff20df79dfee982992cdd12ec6e462bf,own_transfer
789af077b8a199f6ac936f3ecc9c01da,main_screen
68329814b07d9d3df82e8ed5545049a6,chat
51ec64c5da093fbb50d94193724295f2,invest
d99f7ec5ca283d453c9341165164188f,main_screen
7898cced91f4d95ffcd8a6b4d419ece8,main_screen
89f00cc0461dbd0f93bbeef9134d4373,credit_info
bf6f1accecb31bb8c62cba24b9301100,main_screen
9c9c89580059bbfd7623929cd7840aae,credit_info
181837f08c03c07472d366a079db5868,main_screen
aaada3c9bcf565e7033bb1468356a3d2,card_recharge
857823e7ef512359cc04016be2b80c4b,main_screen
c5f1f9e07dc5c28afc1c491f6c9f17f7,main_screen
385dc25f497d429ba7cc0f340be0887d,main_screen
6c07429cab875357cd3c308610f8f1f3,mobile_recharge
991cb99c689bffb4ea81143cb6709eb1,statement
c6eea0dfd120564a7d862da87c6ebcda,statement
259ec7036bfb27580f9c077dc12ec3e1,mobile_recharge
df3dfe194d5f8eb214e5034365b212d5,statement
887b0384920b15543ea3aa477aa5df90,own_transfer
0b423c8b07dedfde045cfe83a85ba181,mobile_recharge
6b61bc380611e5159e10da7e0d385e3e,main_screen
7b1674b776037fb737dca9b743b5bd01,credit_info
708ce859ee99000049c5ffccbd8bcc7f,own_transfer
b6b15165ed5627b7d9e803cd893dabe5,main_screen
3fac8f4db66d2f17bd63cfd0578af6e6,main_screen
61ac4bd9e6b59b23b55aed1485294d15,own_transfer
60dcc93e90e15653afd2b8f42d52f422,main_screen
b4d2c1ddea527ce43ad81048add5f6b4,phone_money_transfer
bf292543efe8892869747a0561137572,credit_info
dbb76d73c07ba1ff57016aac10b6158f,main_screen
c7c7128cc0fced439542196f33684502,main_screen
356b145e6c60d8f77469f858a1442ebb,main_screen
937853bb3d14e368806737874b364088,main_screen
96d253c1ee5419d12e97baf5bb553d09,main_screen
f40458f1e2b96f4c77bbea99753cd59e,credit_info
05e2fd0b39bfe820c4ec735077716ccd,main_screen
70a0d592de245f5a34987c2e36c28479,main_screen
d7eb544c673ad34363b5ff1284067153,own_transfer
4106a024ab3e83b3f50b4cdfc518a299,main_screen
1ce53d3155381b0ac8dae849e9459603,main_screen
005de61285c30c10f689952a987102d5,phone_money_transfer
7a9ef1314ad4f7a248c52b91f13cf255,credit_info
f83c44a3eda773d02abf5f7bdc5f26f9,statement
79ad30a5b76c313218a2f33e7bc1382b,main_screen
902a5a5f248566cfc4e8417c56213099,main_screen
0f2b2623faffd34c3bc5100612488444,main_screen
fe84ae0f67eae04308953cdfc2e35ef2,main_screen
8e07551f9515add9760aca16eeedcaf8,statement
95349f32f84b8a59bd0dcd86f29f7d8a,main_screen
b74115e765b9c6543a12343832a91f93,chat
c3092e323cd6d5c871345253a8b52aed,phone_money_transfer
b88e898b5b29efd8e10efd4cc6bc73e0,main_screen
66e2b048d9b47cdedd78c0eef60a49a9,main_screen
5e840866ee42d17c9c99d041e9620ec8,main_screen
c4702955cd886300a5ad7bd9edb300be,invest
72827cc73b0f7e915719009ad6c343ac,main_screen
b94716ad7433774621b0875090bf8f33,main_screen
c0c5992e2f1996d589c7c7fc107c8450,main_screen
1739f997b5650e0c5650c24ab3b3cf89,main_screen
298626f1c17e167cddaf131e00c8e2ad,main_screen
09f833ee24674d6cdc3271e5bb420f1b,main_screen
e7abc2a4318b46387b0cbf337bfbdbb8,chat
f01cdac2d1a45b7c22ede135b38ec7cf,mobile_recharge
234431e46d70ac4e0aa81e4e51654a80,chat
9d1adf9d1b7d535373e80d9d9a341aaf,own_transfer
de0ae599c998d222f292d4e1274e6d39,main_screen
a62f40e676195ef08338b34e7ab24607,statement
106130e480fa52ff81da0e666898a32e,main_screen
c0cc6109f4148b0efbab831b8c9c2652,statement
26940ef6b39b0156ce70b788cea1864e,credit_info
78daa1b774b29a3c33000908ddea8c63,main_screen
38c20b67ba2ac82a13e9d4d41ba7ffac,main_screen
ea5ba873ad8f778c112a9ecf7d7fd457,main_screen
c031ddd6015aa1336ca8e47d769041a1,main_screen
3efa90d84d5d17ded995011f069a1186,main_screen
5837a7e5002a6606998a11155d798e2e,main_screen
1f64d6c0d2ca96a00c4618874cde9a0f,main_screen
968126eb1ab124c096572a239b28917e,main_screen
9e851f15de30fb48f4af0c0e6ff44ee9,card_recharge
12e6d65053dbd3ea425e798814f76b43,credit_info
86f00530cb54f18209ece4b2d4135897,own_transfer
6486df50f2a2081549c0726735e3ee6d,statement
79c1f8d71c27584573d4bd8cc802388d,main_screen
bd3f80bf13fd502fbaa18b4d2fefbdb7,card_recharge
9f522b9d15bf07b0c5f74c194b0d13a1,main_screen
de7a40f87ca1bf839790a07ad69dd860,main_screen
d989875b281ef3e86c14109531bd355e,own_transfer
547c2c497ebfd25728e3bc3b0ce6d5a8,own_transfer
4a4a89fd52e4a5842f574eab44246da4,main_screen
8a6718d3249c5d51c688f6591140f7b1,credit_info
f21bf216837c1b89705bf3284e4ebe7e,statement
207bb90975bc6f2176b1f12e8e6ca4e5,credit_info
de8e56eb8857b134cc87a5b34fbfdb92,card2card_transfer
3787a6ffdc3a257d4c653381bde80d7c,main_screen
443c077571c54b2fa9a917174bd66b31,card2card_transfer
dcb4d49637936eafc7af2afd72a42eba,phone_money_transfer
a0e047dbd963ad0c85d19e23dde674eb,chat
1052afaf7aa5672f97d2cf91972eb5c0,main_screen
535805305f612edf232502cd81115e7f,main_screen
e0599c8d11746f531c53997b5401ff56,main_screen
5f1f1f64374e6ad4a8b211dde9077a7e,phone_money_transfer
9f22e4f69ebc0add5072ff056febace4,main_screen
36410cb73fce7c44b255d589d3818174,statement
f9d8a7b1496634175288def4033f7997,main_screen
364cd099e1759c14861df8cb163f80f9,main_screen
6578cb6fc18606a4c9c41133d06dcb7f,card2card_transfer
92383cfe13ea5ef3b012fa945b46573e,main_screen
39cbfd8876fe4377a42087243ca18f2d,chat
2d706fb98fc2691bc22a782255617932,main_screen
be7b7b3a189ed485156724d26d89c4ea,statement
25cfaf22710043c6cbbcfa3bede1e621,statement
b68d760e8b75306f8d35e1e5a8948914,main_screen
5634a9a236d6e02e7ca14c7b997dde07,main_screen
05a366d281f4300eb9379060855dd0c5,phone_money_transfer
dc947e3ecec6af240136c9f42bfa0964,main_screen
73c95e9adda841ddbaaabc71f8f87490,main_screen
48b6e8ea17a5ce4bed6c08c0e3366b21,main_screen
f6890d83ba564255bc1055b6b873809c,mobile_recharge
3b441ffd37e62aa2ef5d6009ff852cad,credit_info
166d9419a5e15d68729e6327c214e3c2,mobile_recharge
c03dc9bf9a413661f5d5e16b56ca7786,main_screen
ffb1a890d53a8f5fa6308d5a22e94b13,statement
254ee0d8a217ab094821f97d4d742384,main_screen
4e101f5b503a8f375e05ef83577333e2,main_screen
0b725d87a5ec758fd2ed8f70f6d699fe,main_screen
7d630206c61be38ee6cb7df00a6c6ac2,mobile_recharge
c9d69fde4b4aad0d7228b40086b46d7c,mobile_recharge
c6357ad0f13af1503a504f8a10a0a8d4,statement
e2b3f2a0f5d84a2d6d7b983f0a92400b,mobile_recharge
fc72bafc314c22249e9f97b3510899b4,mobile_recharge
bb4484f81a45b0a408c4524d5ce84fbe,statement
a15887c4fe119fa53fa46dc55909dc80,statement
ff8856692276b4e65f19d636a5ac620b,main_screen
347a256831c810618bc4ed7edb30c17c,main_screen
fddae57dca95770975691fc3ad37c9e2,statement
c7e2d72a39c591c1633169138ca4c3c1,card_recharge
8f7b287a2d0d5e6ca49811504e9938d8,statement
4a1eef305ac21e3ecefb931b998d8ec6,credit_info
d907043cedcc385ad52d0e09010b31fc,main_screen
d97dba5785337439cbe09d82d6ed82f0,main_screen
a757e2ba052334abc1b78e9065a0f224,main_screen
e37fe74a631d49604a7cd76f345b6362,main_screen
e335dbf6c1d287c9b6e3e0224530d488,mobile_recharge
c90d0270e426aae0a625e55217bbdfaa,credit_info
a3742a93a2a7cf3359ac5cd4a7def600,statement
834f614661b346ad201e244ae1b44942,main_screen
af5007d3fbb0180dab2f312e13c4ace8,main_screen
40453d1dfc552ca91e997356243eb8ae,card_recharge
91fed5e1bb44c418b2dea48c7767d66f,statement
ef5ae9eb2b39f7df37af06b2f3c953b6,chat
a999eea902c3a2ea61f405f6c14d837d,own_transfer
69e17a4825978a391cb0de7200652d4b,main_screen
2208b75e0f459c0acff910b1611569e7,statement
2cffaa428ff692c07acd8efc13ddf8e1,card_recharge
942dfa9b88537d14a19f55005a3e6bdf,main_screen
358b6039c5bc99fd6a628c0d52eb1551,credit_info
c617c27f7b3f27b4a1760b72a678bf16,card_recharge
e472548a238b62177c350ce719aa3af7,main_screen
87e144f6e5df6871266e7cc257fff1d7,statement
285a6b216e1d74047763f6ec5d645b02,main_screen
793d7da3ad3839c83798c6acd7ec492b,main_screen
262762f0389283d1765f78ee2f6d7f09,own_transfer
3a5da577782a32dc1c2a5486dd12ecaa,own_transfer
082908d57aa74c323c992e8af7f44264,mobile_recharge
afd0e329d4fbf1dcebc1f35ad985417c,main_screen
fe4cbcbf818d38338ab18629baf9c748,main_screen
5ad12f24dfdd8b6f21c37cddaa668168,credit_info
8b0a9663d8fba6e42ae903af1ffcb19d,mobile_recharge
f57de8eaa05c707176f3f127adb56b1f,credit_info
ad9092083a8667a43043932baa881673,credit_info
bf1241077ed51bf204481ecc7c23173c,card_recharge
7882d8abc808a9fd66dce6fd9277d88c,main_screen
988a7d273f71870a3575eb0bdfa87618,main_screen
71dfb507325fe0722d5c4655ef55cad3,statement
0d11804db93e23a530cbdbedadcdf84a,own_transfer
d8bf97a7d7946589a53ae232267f8192,main_screen
2a81849eeb2d849f222e780b31644d80,main_screen
64737df01064aef45481699710d5071f,credit_info
fdfe1ce813a102e92b0779960417d259,statement
213867bd8fa8f9a13ec9263cdbfda2ef,main_screen
70a514d0bbfa15ff0210d736f0352b10,chat
d8aa5460f97b21c1e99456cfd973d3b8,main_screen
efda1016267d3cd5cc957cf75fae4adb,phone_money_transfer
4497627f09a50d6f73892d9a7d16cc8f,credit_info
8b17041b815b52c67dae4f13928bb47c,main_screen
9e63023b9bd9e6fb82d1ee43787c3353,main_screen
da9c8a842d69f3232482355d80f6fd2a,statement
48c798344750c63963b25b82dc618679,credit_info
2cab758c8e778ecb58844de79568d491,mobile_recharge
5504938ff5ac63738f9520cef88ff370,main_screen
a5ef502179fa4f46774a368f89810a15,invest
55928d31e30fe2e9d0489e5ca2a1033a,statement
77b57ebb4c5b3a31567a468f6836dcdf,card_recharge
b526eff34589be5dd20ab2c906685076,chat
a5252100bade4e47c39b319d9eede9f7,main_screen
249661dc837475f7d3a898b85630cf91,phone_money_transfer
3556b90f21e1ce1ed110e937e2775785,main_screen
3e227ee19a0f992d783c7f3964589533,statement
c540246c3fd2bb829404616b45cd7122,main_screen
83219365f7adbe47d09c3fa502350819,main_screen
32e35502b7de9b08a5586b8630aa68c9,main_screen
85ca2c167bb21a96a72079739bf83980,main_screen
cb14fddc8f4adac8bbba18ecdca114e9,invest
e94f1a72b616270ef99ec789adfc9c5b,credit_info
36a0accf127b702e3ced6ee6f1aeac48,credit_info
f589ec135f2662a289f3c99ed641abed,main_screen
26ca2545bf8bfe2c82198c5ebfacd2a0,chat
e9d0506732400b11bffdbb7a0448303a,main_screen
b35fc7f74245be1731eff6ba120cb848,mobile_recharge
119585570373a159697dd2e86319691f,mobile_recharge
0dfc9994ce1a9d11ed80fbb0e09bfd33,own_transfer
06bfc4503c8fe32c8251678a4b51266d,main_screen
5043a949d281a8ef90a404b148571e16,main_screen
26bac1bb3c0457dd9b178c4e56b4c5d0,main_screen
9c9409c0e13e5eaeb9951a065c117beb,main_screen
002e67bb2d8008c0fdbce0b297e381bf,statement
b47c70506011a3d001c4e523252897fb,credit_info
73777ab7a22175e3dddae1e44275f15a,main_screen
cf72a05b66377345ab068f7cccdfa9ca,invest
2a22024cf5e52ed334d87bcaa350bdda,phone_money_transfer
02e5fd738e86afff3ea607c132b84d8c,chat
96f89bffab906912b1ad8a5c38171653,main_screen
bc2bdf196bb6a361c711488c7c132387,main_screen
bc6647b3fcc41973f95416e9b815f4cf,main_screen
32d14702d828a029101d96f7c2f266b7,main_screen
99aa956453b58be12bf8ea955cfe1fd8,main_screen
c612c76886541677e9e90da5d38ca376,statement
ec7ca0f6e4e65e6f7717dbfcd76875fb,main_screen
28e83784a237e568a0c410e776cf3ce8,main_screen
cacfa6a4ef236f38a7cdee98af860877,main_screen
2b2945d28369a5513bfa438f349ba0a0,main_screen
68e21bf4c512f1b40c9072d34793567e,main_screen
b7edb086477f17fb743c1ab9c18ed59c,main_screen
bef720d597cc5d9c8934cbcfdb3773c3,statement
3161155d37100ca47a62453360cb3fb7,own_transfer
40dba6d7dc9d98622f351e8532a94cfa,credit_info
d98e6a4dc098db57f212a04be90b7cca,phone_money_transfer
001d57618240d63c365234f207ceb9f8,statement
b829da43265d71ee204e87bae6ebe5f3,chat
60ed776c619bdbeacac8beb0af0d4cbb,main_screen
8b69bd082d7126fd1bf8e61f4e1b5cf9,statement
5d588a0e39d04de8727cbd2a95ca287c,card_recharge
a603113fd1209ec04f4de1e8e9c14707,main_screen
59ff7a00aec72df3d368c04a2bd8dc92,main_screen
a5187a1f74dae1be29d6f8de1ce49f56,main_screen
963dc02262dd301b622af97c27a47345,statement
6d7c32c68abbc609862ecac60337ab90,card_recharge
633d49e7e68052c9efc63c6d81c3e331,phone_money_transfer
60ebaf7e698be3a50104741afec57c70,own_transfer
c60d5ec248d7c8a0cf0d815b94ffe03c,main_screen
bc2d0f354f5eb5346a2878ec516aa29c,main_screen
08f535d45ef49017a5706e2ef01d71d1,card2card_transfer
b57f4c1436fc2e179b53c59d7ef3a913,main_screen
c59c708731e71dd9e0dcc71ccfae10d7,statement
f26f3a108284fdcd13e67334ac9a31bf,statement
32c9397d2283954a62666a8e21b99ece,main_screen
80b6c6b0568ed865b90f214e533cb6af,main_screen
d4f6efc71ae083063020e959c9aca5ad,statement
9135b16253566a8687b4fa87f04b93a2,statement
fc486529ef1579edb3b1e03785b91db4,credit_info
aedb6accdf1d1c3678ce4c107fe3ada1,own_transfer
99b73abb930ce125863d0616bac52b8f,credit_info
9649b2c570a58fc029b8bde89bf075fe,credit_info
f79bb411fe3ee70b38e5cdea793919cc,main_screen
880593f86db4a051d0d5c405a885d77f,main_screen
6c992056c2aed8bddda1ef7fc28256ad,main_screen
dd3f1afb6462a2b7bfc45426f66d4f69,statement
06678fbd6ccbee37d89e9fc2b7016c9d,credit_info
efb7cb47f022edb092aae31e62dc34de,main_screen
3ab2014af3099ad8f4c7375ff5a79ed2,card_recharge
4e06a4b31af832532ea2f18d46b23e4a,main_screen
eedf1ca09fdf226b7903ce849868b980,main_screen
72a4c906d02c129e33edad17338d28e2,main_screen
00c80d46e9e5026c56a63acc5d103de7,main_screen
6ff00ce1e5855ebd0ce1bba438264600,main_screen
852fc48c7b38322dc7cb4b4f93b58ae3,statement
08a3a154c61530951016f56fab174ace,main_screen
95ecb9b1050ed70a5664ba1dd0d7620d,main_screen
d310de92ae176b81fdaed7c7477f770b,main_screen
173ac6c7d6ced1b51e532b502f92e915,credit_info
64b1a5cf4795911bd3bafe7a328237a7,main_screen
5f1ceb4c3e3f20fb493c2f3f1eb4771e,statement
1da06d9c7a9f039875fd5391a6b035f5,main_screen
ec864003a7b295f2ad6d1f4409e2e929,chat
3bb61fa6b6050914b3d65fd0a1e5b956,credit_info
94517929fbb8eb6b4810d6b4b2359337,main_screen
d160d4d8734f570ac1333403e493be83,credit_info
fcf097cb5768e833e46314a9c5f38108,credit_info
4089ee5c5e224ea7344e9b6dc10f486c,main_screen
750d0f31828ea7977c3e8618ac956f83,statement
64664c570cdd299f5c26d93a9c4cca7e,main_screen
3d973fd1cda09b4dfaaf3dc332f171fb,main_screen
4eb4088d7aebe02e0a118aa784cf4b3a,own_transfer
64eaf01234b59c3bc23225412d2ca73a,statement
ad5dc8cb42ef05ae521b9b0716407397,main_screen
864f2124a67d23684cc21db93b46663a,main_screen
511e700763684afd2076eda528967497,invest
c7ada0d79cac824c6d4a35a11a2aefb8,credit_info
b2273b3e48784b3116377a8db1f6e19a,statement
01f05a4c809a2a268be8231de014a520,main_screen
c4137ba81d466f315757e84a2872d0bd,main_screen
b5386b236ccccf6c6f6724e72ae52f4f,statement
2bbacbcde486959f512f5ee8da9dfb39,card2card_transfer
5e4057414d19f3049f545802dbbd7438,card_recharge
d7e595c79fcad6b56aa22ca28caa9bb0,main_screen
b2030cd959634f7efcc7118677de609e,main_screen
5ee7685dc24674d958f7e7ae38c5acf1,main_screen
098176d5d60650ec2688afee2476997f,main_screen
b98a632efc4ccebabf8240982b3aa632,chat
af0fc35eec3d9f958954b5b268b2e915,main_screen
38e8b2a485741735686b3b59a5e99474,main_screen
06f40a50d2d1a4cf1adb4e3b52123ecf,main_screen
38a1a3ee64ff302d24884f406be87772,card_recharge
9f2f67afd1cad43bd76c506cd1a8d57e,card_recharge
dde98c0fc12ca686b5ed1261d09d060b,own_transfer
ffc69acb09ad39a2b1cfdfdaa15cd6d2,main_screen
0e05103d273877e939d602b64a0aa3b2,main_screen
fad5592e15037b577e61f941e56dd9f2,main_screen
12d291caf486480ecfe8c4ecbd73173b,statement
4b5203c5f0e74bbd937c70072dc40760,main_screen
7e392755e049c1d0b3904eaf9af2ac7a,credit_info
cd4555b656d288cc850bdbea80d4b32e,mobile_recharge
31d94ca5cd761b77acf16d4fc2b2a35d,main_screen
21447c3d0df45b4c1337681c83cb0f79,statement
6e4ff93742dafdcc1900b04fa1391d97,main_screen
7a1f2194568e1adbaa91e05a562bd85d,credit_info
53fd68057850f9c3105efb02e3f4ae76,main_screen
bda74ebba6ba35239484d9b4666651ea,chat
5b1662b41b64b63bd6b317441d541c3a,main_screen
07adb99917d09ae2d84969901f36e657,main_screen
b244eb53088f5d112f18544f26ebdea1,credit_info
fe3f8eec0badef78b96782e7ce14a71a,main_screen
b7919590d400684bc88c031bd2e8451b,main_screen
912c94f92c0428b8b35eb33019c8b6e7,main_screen
e5d686b7e23c4a5afbef1014b9b5bcea,statement
598a8be43528fc969dd2b2acab236b57,statement
81ec62d6f68a1630da4c02b24737cc6c,card_recharge
2d0a6cc331b0a0fc108ffdb059de8b33,statement
8af43d839c3302ae9b103340d902c6fe,main_screen
dbeed00d3616be93d9f8255591337bd6,mobile_recharge
31e299e1132b679d028824df2316e1ba,main_screen
4d1f76b99d5fb102dde37beeeb98c64f,main_screen
0e59a87fe4602a299efcfaf17791cf8b,statement
70417eba4b129c276ff4b4842348a730,card_recharge
4d4aa4c907e27876181b2a268817337b,main_screen
3158c8ffb12fe079d46a810b0ce538f3,credit_info
ba39115efe2e48df81e2d483d540e3fd,main_screen
447e7327f76e2f843f58eed807f8a86b,main_screen
c2af97a18ff3e7bbc909d9b340a2fca0,card_recharge
7014078d7f41598db4e6c7d9ced43a55,phone_money_transfer
7e1e572dfd6c903ebce3315d6f176d0a,main_screen
6e3c1f5682b0f654088b8a569558305d,main_screen
af60fa64b5636978273febe2b9a5154d,main_screen
a24642d429ec0036138b88a5583c643a,credit_info
41b1ca967a5f1633626567fede3f2db8,main_screen
ce0013f5984efa2d24001424c1a48dfc,main_screen
40945c4f7b3be20ec26f00197e70debf,main_screen
cab7daaeaafa9d179ed5a121819fd051,main_screen
8200abe07f60a68316acda77512ef8d7,main_screen
db4b8194f0fdc58c1d24fca78a1238e6,credit_info
e06ee8792845c2708f45205ec436d64a,statement
4a8119b3c94992d6f04bf1fb9e45608a,card_recharge
3f1e572e96ffe00eae0744017152405c,credit_info
c5ce5b74574c56e424c2ed772e16eba3,main_screen
acb680cc85feae3b7500ece35ea4e009,main_screen
cdaeedb1a9ec86ce59b8847c880e9c12,main_screen
a9949eed2610ce7c99ac115a0f670453,credit_info
b5d8dcf369364c5d39a7220a6df2eed2,main_screen
e7ca2b5b9b59b65b729365106c879e53,statement
c1741b8586560992ffaa5d2869bc0141,card_recharge
da64099b8bba72791def2e5fe2ae7841,credit_info
b3ebf4d25920dbca3dc0730589b93955,main_screen
98c5cf540530ce362f312a7bfb668527,main_screen
36a2d03b9af8ff58929ea1e6a61c8ca7,main_screen
cdb0d5dac455512515a03d1daf3bdb25,statement
7b789d5084d928af8b81c64e5f88caaa,mobile_recharge
6f32b5b4c2cf927d176eaad17c483487,main_screen
b86b37a62564d73ae9e8f1df5643109e,phone_money_transfer
2b3b68c26803ccde8fa51e3ac2614b41,phone_money_transfer
4e6f55222f362752edca0f02c984688d,main_screen
03ce8025fa7581cc8734971024a7f8aa,statement
c145d00b563bcd822475bedeaa97298f,statement
0da1c39bbee00c85db6462ddb8247bbd,card_recharge
6b98988a936e202ad486a9da5495061b,main_screen
2bb6f9933a5933a00034ea1a2fff0108,statement
fd0bf46555bf50d1ccc50dd480c32dd5,main_screen
b8feac1b835cb18ef4ae4f7cac9bfe4b,statement
399310cd95e438fff5221e62956aef82,credit_info
33b53103090fd67a8232aa8e3cfac87c,main_screen
284ca7598cd9abdb70a8e616bd09a1e8,credit_info
1a389c052a4f4110bc4cf14315859294,main_screen
ea7623467555bf042bafd2164d377e48,statement
a09295f0a8af9afb81244ece0ceac19b,credit_info
e272f38d93cd0605d4f15da5bb579057,statement
3c483e6e5dadb27cd4f33ce1d13a3b4e,statement
792e94e6ed557fe66c8b62c89b178dbc,main_screen
79f210b70665eeee28e87f3046121da0,main_screen
d78f4520a43e2bac347de71aa417f67d,credit_info
eb8e054696b648dc8c99d7e0afc11492,main_screen
8c3beaf69431ff355849a5bec8fc0627,phone_money_transfer
79daf9fea3fb9be74c9a7b247708fd5a,statement
4b4a69260041936484ff3f97ca71d6aa,main_screen
e0164b30ce06ed459d0f075ba90ba3cc,main_screen
bb0516b6a41d2ee6e914827f34d05dcf,card2card_transfer
a9c05132dc7524424812080be2cd4c2b,own_transfer
a587287c57a1b01688a857a357a66e18,credit_info
9a24f790698284cdf0bab79b416de517,own_transfer
c29f701663a16d3b1d0fc1a8ccf8d2b9,main_screen
4d89da18d672f54bd7152ff6eaf3e0ca,main_screen
232f2e2a144f9bccb6007e807b334aa8,main_screen
b47b2dbb0f32e70607bdfb414423d21f,card_recharge
3b01678cdd436243e1a2c14183e6a9b1,main_screen
e08ddfa8c730969c07fecac1a784a412,main_screen
d1fbfd6aac7ee578dc935b3c3872b9a8,phone_money_transfer
ee4cd3b872a04f379d2637c71f92af0d,statement
66fe43855db546a606eb41f01f9af908,statement
ee650a97b9726bc45202a9695847f623,main_screen
bf2861699db9af6564f32e52394a51d2,card_recharge
84eb2e17785ff43c2105b3ad18e20736,chat
7935e0c9b037e340c6f6a3a1c966fd64,statement
c537579695c7e1fc421294d0572a3a13,credit_info
aa26d58ede3270ba525daeaa5206f668,statement
c29c3af148e5d2545e868b2101307c61,main_screen
fc0b6f08c97c8caa77800d7d37db5757,main_screen
1da51caa3b0743e4c331b9f4fc7275a7,credit_info
ac64ffa2b175e48e18ddabd7bf77eab1,main_screen
58089b4fc9cbd62b2c27b714870ce3fc,main_screen
7f7ce278cbade69a5e02b3a5c29654d9,main_screen
8f075203084cd45e599f3fd4e8f9bfea,main_screen
012e966ff9418ad4b617a01d7ff7d9a6,main_screen
f4910bdbd712ec212945919a57dd03d2,main_screen
70e269b1ff1720c0acf18e1ef952debc,main_screen
93a029d77e65c87e1dc9566e7f37d55a,main_screen
0fefebbe5cc2ac1a93717f9f2287ef8f,card2card_transfer
3e7a6f5f32e0049e7edbe9e27c013cef,main_screen
c3fb46fd676f2164462753df57ef41de,own_transfer
b418d919839fa1376a272601ce2a43fd,main_screen
84f73fd629f98eef31cf7eb8703a9826,card_recharge
59fd9b95fa7868f84406b7348ac2e23b,main_screen
95ea009e4ce0a425f57ca1ba10143bc4,main_screen
db189b337a62684c8dbf419067bcfcb2,invest
6adb90a7e695a98b9b2d09f1c82c8f56,main_screen
616c0568bcd1d5777d0b81fa26df057c,own_transfer
0fbe49dc3f4f37390c9bed8578e9634b,main_screen
fabc34df16fe860960653174e9521382,own_transfer
d33bfb73d1a507b75eb01b650eea3828,main_screen
72ad2deff7ca2e3616068b54ab62429f,credit_info
689724767e9b8e9baecbf95c3c68601c,card2card_transfer
1b274079fcb5aa6ce72656aa44efb533,chat
6de5cd8164ea5a8e73f88c5c564f9340,main_screen
a51fa2beca99b8e47e8aa39e2aa04154,main_screen
2840052c363da08bfac53b3893368cdd,main_screen
283c164ede69f958a2679848327344ff,main_screen
63b6af3d83631fe0cf44c93c0d2abaeb,main_screen
1be49b329818e602c45bf3d605d0729f,card_recharge
3b66fb90114d87588506f692e2a221da,main_screen
1b11ce3047aab82707f0c525796d96fd,main_screen
65f0ceaabc1ae684142156e66d087b51,card_recharge
617108424287bb155ce66c974a452cad,phone_money_transfer
b864fd16d3c40c7f05ceb47c4cf43755,phone_money_transfer
5dc94119c2341d12e8a62d7da9881429,main_screen
086bab62706184206bacb3ba0a689f1b,main_screen
12acaad7bbecbba85fc2c4fae1ad25e6,chat
f40034ec6b1736634a5665e8789e7c3e,credit_info
48731c573e3a1d859dc712e1241a9a43,main_screen
b06f8f1af606314fd70a954aee320614,statement
d5dd99da5fa5a12d0710931bc79ab742,main_screen
33c97e9d878e239f44b9916d516cbb3d,main_screen
4e6278dd81735efbe2b2b24a47e4ac1b,statement
36aa8541b49eba00e934404e56f7441a,credit_info
bf2d3025d31f23e3731bd879b68e941c,main_screen
cc8ad85c767d5f8db57e3f203e23593f,own_transfer
de22d01fc2f033bfef23d7fa3f253ca1,statement
1919eb31724ba085390092168a0de67e,main_screen
0a3b2e1e4443174ead17f4acf56f1790,statement
b03478b13a717b3cf902b937958ad0eb,own_transfer
680d16e88628ae8f42081e61120eab06,main_screen
a4501ec219bfb0679faf1fb337811d27,credit_info
2f2826bbaa541bfdbbf420f837eefd8e,statement
a0d0aac33d197ed573550f98512e473f,phone_money_transfer
1e65398482055eb2fc9749d362c4412b,statement
eb74f256e3a4d23fd842de788da1eff1,main_screen
e13998ad892f4022de725a996bc63ec0,statement
a3aac09aeddd25618ba44a97a75b3336,main_screen
4aaa5fdcd345429050884d65ea6d2d3b,main_screen
fb77cb24c4869023fa746359fe021627,credit_info
d6903d199f05d3c00c420791bc2e8afd,statement
535f307f10c2a2ab1e311f900783f282,mobile_recharge
fb9bdfd42abe8d516a348420594ef76f,statement
b3420ba2590908c28f575f8b19302bb1,statement
95164abbfb55cc7dae27a72c54d2d5fa,main_screen
d60f203d966b17d47fa7a29515c3cd7b,main_screen
202f691fc9df995fe44ccceb82ce3be7,statement
dfce9aacaa44b60df037b5576124b9e5,main_screen
8aa8ab50a55721b2a488266f31f2f701,card_recharge
16bfcbbec893e557c82a003d735b11ee,own_transfer
fd5fbfde61f602738b7b69ec2d406e41,main_screen
56b4fb43431d1ea8399d70262570155d,main_screen
20287a458298d01ec5994d8b3e0132c9,main_screen
574ee95d2539ea2bcbd323d1274e810a,credit_info
2465fcd93b129c6e232e7059c7ddbb91,statement
dbeb8112f4f7b8247fe401e744b63b10,main_screen
00dbd6cdd4fe988a376acbb4c44a3338,main_screen
111b5103ab58d926f8b0c78a16dc4680,credit_info
eb6219729bf9b09936c415ed659fcb5e,chat
3852af62a6a18fe6091ba058b45a0ecd,card2card_transfer
73b3d7fbd2eebc209a2c35ddd3c58620,chat
7e3624b8314418fd737894df1b673559,credit_info
5ed272f210f0b4c66ac8b93f1dc23c50,mobile_recharge
03a6c35c49ccc93af65c4c6c3392ad6d,main_screen
b3f2c029c87fe2ac0aed5577161feb36,main_screen
3e7492aa1557ad69edb888bbfe8f6db1,statement
9cdb98072c14f8caf69e21990feb43c2,main_screen
04183e65eda8e693e04f0c08e4fb0213,main_screen
fd233beec0d512af21d5ab87a83c8c63,credit_info
9787e818f323d8f45ff7491cee81ec93,main_screen
33290802abcbbee63882642fc2f21012,main_screen
15d5d33cb2f378c7f7a064d7b18754c3,main_screen
64cd5a1c47ac465593d4eea13ba40f51,own_transfer
06d96074d9381a48dbca7a75fa541f4e,main_screen
acf069c359e961664334076fd71932d9,main_screen
7af653ae3900f61715dcc52abf6ef58a,main_screen
df0409722e2570acef58ed00d8666710,main_screen
b8cac36480defbb0f674887508da3cdb,main_screen
61cf6994d19ce0a02f177c3f79b1b5be,card_recharge
07b872179f38f585626d3d32a75e96e0,own_transfer
268f8979c4892680b8d97c1d91a51927,statement
549a3a255e83933ccd79507341398fce,credit_info
0a29031d0f66e245c7d1f7040ed9ccb7,main_screen
20d7187e555b25e6dd07720d89e94df6,main_screen
5313fbb32bc8fbfd4cc3bd6a20252aa9,main_screen
9eef900bd09e881c190686d40578c432,main_screen
ecb967d01579723d6e5cea6b954a6c66,statement
ef67aa5ae1eae353eda771ef8283f0e2,statement
cfcdc3d4d1dba75d546830650399de34,main_screen
b780da866bc5fde0363af1c7a46317b7,main_screen
c2ca63cac5143af7f0f79463af53287d,statement
99efd750aaca426f509ec41436318e38,main_screen
6413971b6a2573f6ccf8572e88d837dd,main_screen
db08e2d95a20daa631366ccf469b97a4,main_screen
bba850f37be82c8c5683c76f704ab395,main_screen
5d771c0364b64662fa16503fba71c3d6,phone_money_transfer
2985bcc668f7990f02e12378f0f17c82,card_recharge
a12d379fa5abe80b7a607544d6dfc972,main_screen
26a356ed81d499d462538f13bd702d7e,chat
09296cab8ff54f6e8bdf6a5015ad2e50,credit_info
1fb00f37db99100bee50f6d786503cff,credit_info
7fe03292d604a5e18bad0fc345f977b7,invest
9fbb7f58f90ac1696ffe24d2a0f1935c,credit_info
308b6c7e995cd4d00299d93957197df5,credit_info
081ef06433eefbc1f7b22e5ca3e37ee6,chat
0657ca5e588a92712a6aa9f7abadd1dd,main_screen
e12374bef6b5c6cf79cfac67fef577f1,card2card_transfer
967f99afe56fafd53d3efacf115d35af,main_screen
83a140777f983a980520b98a4056a032,main_screen
8ecb54f3843cd55f8d39a92459fc6f48,statement
291d69e37c17606181d2b9d966e98ad0,main_screen
233473678eac290894f0d8a7f4cea70b,main_screen
84518842a4e09ffc4ee4bcde490168f1,chat
cb0e92504c10c60d651fe791f7858b70,chat
911560f2ef700978f02bf944aacb97af,statement
02637fd1c1cbf465eb550da6c8a54b4c,statement
2e585f90fe95d009d6207ead8a548904,statement
6cbb4a236f0394f911b5e0f4e0b513a0,main_screen
7c3e480dcf9e439636ee7944af6ead3b,main_screen
71a9e963c4f5c139706f83a82b3b048a,chat
b4177ed774ddcbc09b6a7ae0f7e87616,main_screen
1339a1a966e20433971bbd5b48f723c2,main_screen
0cc1ad46bf0ab87cfcc35d4abdf9e9b0,main_screen
4d9dc25704c35c3059dd50cbdf4224fc,main_screen
9d1b1b23a9c799e46d298ef3c3b4dcc6,statement
40d90746094f83572857122ec34ee37e,main_screen
9c2f0ff5a014afa9a7dbce78fe993f1a,statement
80a4c8de0397febbddc82ce14c28a510,statement
b8ce028374b7e4094ee842beac364fb8,card_recharge
0f285955eb15d68891374e75d96749e3,main_screen
55211aa93e45993fab599e9f122dea45,main_screen
759e18c283cb5d302b473985807216d4,mobile_recharge
73494850142b62aa5c42e9ba023386c7,main_screen
80de4e44f4e42dae209c0c1db99c5f1e,main_screen
9055842f25288c3d2df558685264b412,main_screen
1a38080ddda1938362fdc42a4110db21,main_screen
278e21f7147b8981e0f9710fd5fca85c,main_screen
22539582a76cc2d477237a758874bb31,main_screen
5a574bcb364c7a30c25d726ecb9de210,own_transfer
bc334cda82bbbe1702efbdaeb04c27a0,credit_info
fbbcb711560c5058f2ddc9219791cae8,chat
cdae679ad449494d9a33286c183a842d,statement
47159f7b1c1098c0fee293c96b91294f,main_screen
2d2ca9b2d1fe86a752870e9ebcc31779,main_screen
6d6e6e51602a7154677883003c9cb315,main_screen
00acb045b25dd6392c822e3d9aea9b2c,main_screen
3381f23e8b6161a67f9971cbfd46aba0,credit_info
20ab19655f6d550f3d4c00e57259ea48,statement
538c0d801c6d3a596d4b4b830caa0974,card_recharge
d543e738a1eda275c6e2c7ea2441b235,own_transfer
a3d1b9e865fe81ef2ca8f9726e753eee,main_screen
48aee317ecf46284ff95f9c6a58c5ef3,main_screen
184949b68747dda3a6912d6eafc29ff2,main_screen
32bfeaa2038700e1a397d9af45ac59d4,main_screen
01fff109b955072f9abc2e3b300143c4,main_screen
6bc91c6d7be8ca33ff43b5a6de0c1be4,statement
07d01ac21613d35bd7d64c9785799971,main_screen
59882cc6df500f2ad0d21d5256aad3de,card2card_transfer
90136fa1282e6249472d9926a736eecf,chat
421d8c607ee0e2819b77c590412172ba,chat
ba553abf55f321dea089040ff260b303,main_screen
a2d0207fbd98a28c14878669a1d0f661,own_transfer
4a9509b296727aed434f376d927ec20c,credit_info
dac0fbc48b70df1c5533ee41f714e43a,card_recharge
0445f409306f05aacad18afa71f48159,credit_info
74e253a6ca8c235b724b51555d2ccd91,credit_info
6446496bb05a02912a783ae9cef7d038,main_screen
7b2ba3a7da87b0a188af25f4b5c32790,main_screen
695be4c66b0c4fc48cad81cbbc484fbe,main_screen
a9acd946fcc5ad5b11cbff3c9ac0d29e,main_screen
421f95cb8f1f22f689434ab5a713cf27,credit_info
5be47bc8925a28d043d88d5f89acfe6d,main_screen
0b322880ea33dafc928018835002180e,card_recharge
41a32dc05978ac12e9b110e6d1c3573c,mobile_recharge
7343968799778f74eb48d927dd2a3b46,statement
3a046b3a23f97801119b9de0511c8dd4,main_screen
a9d728dc5b5b0029b9a43b8ab7564e94,card_recharge
241f3bca0110bf824a2058c163b2b1e1,main_screen
5d90c0793a7eb270f9f50ecae90fe732,main_screen
2ffe769b109418e633ce4ab27b0eae51,chat
2f47b9bd88fa913a826e73b221ed90a2,statement
f94a32ec331574cb8bfc060342f39f18,statement
cb019e3b0f8fb338ab5dd2bc4033a477,phone_money_transfer
8aba95a12f2faaba0f3665ceb33d207b,main_screen
a1bc65cacd517ddf92f4fa4e6fb55e31,statement
ad77be45734640acaa4c6f28336a5539,main_screen
4995a33200749ab42229d6edfc2e88f8,main_screen
3f0598b0b8443f15078b01ecb6dd1b87,credit_info
5ea0063bc9f1cfa686863574ad20c103,credit_info
b794dec7d521f70d34bbefcf357b0492,invest
53792199fed16ddc50dfaa61a2d006dd,card_recharge
5494f9426b0eb69ef2198ea6101c49d0,chat
29067e71376fcbb7eb588a95c56be399,credit_info
2c48a0caa0c1c5586afad64f0a5e14cd,statement
3100f4ceacf63aa8822349cb1e363852,main_screen
7ec9e47e0f24c61809b1d13451b84023,phone_money_transfer
3e441c4bf6d74fc9a483cf3182734751,statement
c2775029c68ef23283f53d3cd712f92e,statement
116f1154bc8f727b73cf88765bafd95c,main_screen
9ff38ba07a0712c77b535c5f24d4c103,main_screen
7c3a9498dc21512ea1e5d6c963bc690b,chat
f4d2b70c7bbb49cf1cf85f225458e929,card2card_transfer
ee1b149525d907714fcf4316a1b4a74e,main_screen
f914afce8240f2b063cf934346264439,own_transfer
e0f8ade6a2302f59ca2f682084e6257b,main_screen
cf929dde6009c5b0f4c8263af80d5e58,main_screen
bc0db043890272109c5934ad630e4939,chat
d7534a512adbe31f13efe42ba9a930f2,phone_money_transfer
32897c862b1d8bff8306eef44ccd93d3,main_screen
5da6d1e3410f2a80b1b94363f1aebbaf,statement
77edebae7d062b8638172acd810ebd86,phone_money_transfer
765f499a3597925de48251e7b8178c8e,main_screen
3b423ed3e5aa323c9e549a1e1dc8b7ed,phone_money_transfer
98dc98e4c548474d764fcc757ec2272c,main_screen
9dcee1099997cc8f28aabfc663cb5a2b,main_screen
58e2d0bbaa27e66033c5dc4a5a893c02,statement
f5b735d5f0dc0264886619fb46bb59d9,main_screen
be945831c8a818cb8aa02d09c0300a46,statement
348b77647c473915d6bc60ff2b8f658d,mobile_recharge
8588962da0b8ef042e45272a75ba6f07,main_screen
18ac747b221484ce86fcc82947abde40,chat
8c48df13bd81116b2bc1ff4e767a4ee1,invest
86925926e0be8d4d6eb5192fe1bcc462,card_recharge
ed3738d66526b8542f3829fd9eee8297,main_screen
4de5c1535dea5dd1fb3df3533e889b56,main_screen
3049a07a7a9dccee96efab30d76e3e86,main_screen
992921171fd2b80ce070ebd964761901,main_screen
94a40328710fc554c32a7a036f2ee892,main_screen
60e5e5f00a2fbb5efd615db453b01e39,statement
2b7e708130aefc42038877a5593a19b1,main_screen
5b55909c8fac496945be3f08d5b9e1f4,main_screen
04d8b5bc8ecc0002131043675ce297ec,main_screen
e11b20d2218b50f71c3cbf45a5221cc9,statement
fb57d5e244ea5420dac9e96c024d9a82,credit_info
01e590e70452dd0eb009b07fac24ae36,card_recharge
482ae0591079d71dee3133461bf294ad,main_screen
ffd902629e57555645f783833abe8045,credit_info
74a2690a932fd249d3bcb7fff0497b56,main_screen
0b7fedb63babafb1f0d10ff2036464b3,credit_info
5222e6c30da4268e93f724c408ddc6a2,credit_info
4606e33a262e13a66e26a18fb99abda5,main_screen
05bef2a7423fed02d7c0bfa248a43710,card2card_transfer
4401b527ae44a7af959c85918467a107,main_screen
f4c6469fab4e6d82883f71fe82cd58cf,main_screen
cc637c9173093bb6694a2e76bd0d5e85,credit_info
7bf6776867a1ba96f3c7753643fa5a1d,main_screen
398889599daaa6ec9df3d0b525e054b0,credit_info
fd56d11c35642678dc7ab0601712ed88,chat
e3ae348406dd9e4d299e0c544301e256,statement
f876aacec321fcaad9991db8939f46ad,credit_info
a38d25285ce06c4d75850bf02e7ad36f,statement
7b15a15e870864ba7b7e04464bd8b300,statement
e9913bf4c639d13fa9d00b524319f945,credit_info
6cf6f994acc8b88b50429c6a10aaaf80,main_screen
02844e2b28aaa9274d72cd65151edd9e,phone_money_transfer
237fbc405ec3ee0820a5277eed23bff2,credit_info
489da00c7e98256f9a4f31395621fbde,main_screen
5f87207c7f7daaa0eb9a43caf2e16db5,credit_info
dc6d5f56d32d9248e968b85e8331ff8a,credit_info
4b6ab4644e83c33036e526cfe810e071,phone_money_transfer
6094a6a148d3a3385dc510ae06291e62,phone_money_transfer
8d568cf7f23cb1d453dc573a4032ab63,main_screen
b94765b5a7f3de60cd1ffe317a61c745,main_screen
533517144731945479d31d0403138d2f,main_screen
86311edd9b04d52c860e551e4ca1e2d2,credit_info
2c514fe1fd76c183de364ef6a325246f,statement
68ffff12878a0c38dd74a7d2c2059fe6,main_screen
8cfbb101870a8ca58205482e6cf96fde,credit_info
48b0a35de4133c9b5be81406074e9b98,credit_info
ad4820a2194a4c805970d05406660f42,chat
3699981d152497b90132087767ef0eff,own_transfer
d83458e279a96056a3e730bbac895be5,credit_info
40b6d577ab24b5ad332776148d1fd48a,main_screen
0cc069a5955c9f500dc5a760b7989c00,chat
a3a2503a5b9ba2fe711b265bb2a3daf4,main_screen
244d8167d7ceb117976ec5ea911c8a6b,invest
135e35bf2cc6a7588758dc51061c8527,main_screen
70df0c36a3503e8f2d458f0ad7c6db47,statement
903ffe4b761790eaf746d9034c2f609b,main_screen
ba5bb4fc2b050388f046289abf86354b,main_screen
31940439ea7e7ac55bb1ec4c1dca9cde,main_screen
c1b409097f875b473657b216034876a5,credit_info
3289521fc25283a999583ee45508d89d,statement
1ec5dc32f6c1ee53fa6ce320a808e09c,phone_money_transfer
c6eaf1f618218529786a8473488d55c5,main_screen
24f3cdf6548ae38932579caa50fde5f0,main_screen
0ac206772c35fbec60f76c43b66049df,main_screen
61b735d4a692aa2edb53a68f68cf82f0,chat
50c0ba8ad3b36932f4b22e944f60d7ca,credit_info
fec7edb35630d6b4d41ddc0d22ca19c4,main_screen
35dc41738cd8be5052ba4ebcb9b454b9,main_screen
79330e45b2cf34869b3a4aedd177e07c,main_screen
2212a4ec274a14acff19d14232b380cb,card2card_transfer
a03f497d3ce7649eb33356aae3ecd399,main_screen
94d066faa3dbdde63e79766188f55d2a,statement
8112705b176956180aad062921d78ad6,main_screen
1a60a66758e8132d52953d0e233b5838,statement
ba39f4a78c47432bcceafca4f91ace8f,main_screen
53511d4da98892d2b873d4c7a31f8a27,main_screen
90940420e625c6c447628423bfb24770,chat
80a793f6a1fb1bcb7d00574b376612fe,credit_info
29ab01c0d1ef3f7ee51dd4443d192dda,main_screen
120c3e020561696e613678e47dbc8f9b,main_screen
a114c56964ad90d6fefc22ef6497482d,statement
08589576efcb440ca878d9bcd6decfc9,main_screen
b9cbadf5a29d2dcb181d426ca9f32e26,main_screen
315467ee89cd9abf5a60d797566ffb58,chat
42d4436ae2823e750207ee90d4580e6a,main_screen
7cca86e9cdfdad622a3d9fa0ab77e350,main_screen
832790ea52025fc93bf1ee56218ec13d,statement
9f5e58d109912e0332a3e4f87b3c1bd3,main_screen
dbc1702d387d05299e759caad01a2e2f,main_screen
2705e263b92a4b2d05b707a38bf1bf86,main_screen
32dca63787e04a2602f13ae2a807ffff,own_transfer
b3dbe89bedce9fd29da5da45111d7a97,statement
480185fa15c43569f844e127733ef968,statement
bdeac7255f76fd39e709780c29d36f07,main_screen
29585b2c40f35bd21771b483cea2fb34,own_transfer
ae4e3e87da6f7758da45d36a1dad72fa,credit_info
85a1e78a029d7cfeced614ffcba5687f,main_screen
355961baf7ae1214e68608c4b8bfc319,main_screen
1ebed0b84037de8645a96b0da2959ad6,credit_info
8b938f7604f0287532dc6707286ab576,statement
da2299c48408f68e714588f4c548e34e,main_screen
bef494ec0ebe1f74f1871c20d774008e,main_screen
398b41627c2abe9de113b988a138d636,main_screen
3c44bf454c158c2e58976b320eed91a4,main_screen
90cfa3b3dbcf7f739415a8d2a2fd31aa,main_screen
733e1de8bc27b4a5fdc25cb713954aa6,main_screen
038a77162f09a9bfe8886a068b19eb4e,main_screen
089844851c4a3e477993bf2d2cc20f7c,main_screen
e8f8c007b4f5809365d631359ecc10fc,chat
ef82da7b46d6cf6bb7acb7fd3e706794,main_screen
f8fa18f3058701fd9ee851c82d1e71bd,chat
846cec857b7006219492267b9db383ab,main_screen
40ee962b77b066794794a22ee8c1104b,main_screen
75e62a9b3aa1c0ba15ea14946475c7ba,main_screen
5d1b1864d8ff68c85ac12ee3bfd1ec34,card2card_transfer
511fc484b5e060502fa28750d9416146,phone_money_transfer
5c9aa9add72b8cc3d60193c57433139a,main_screen
084168d13fea75863cf64b90cd975f44,card2card_transfer
6cde5baf22cc3ea115cf83d60b631927,main_screen
ea13fa75700f85171209e068d595d650,credit_info
98f6c3603bf3e1ff46999437ff7f80ca,statement
fc706da70b86a5854139e316eb374cd5,main_screen
74e3d82ba449d31ccbd1396e26872b06,own_transfer
2301f08bd36d0be39e0596faafbf2039,credit_info
c0cf5fe85a13f74bdb7e1bdb5923c36b,main_screen
58ca4f14dbdaa5917f6e701d0f667d80,main_screen
5208e6e925aaba8bb89adabfd66c9e75,mobile_recharge
ae631463b991e5adb1a42ee1dee8e9fa,main_screen
1ba47df59a8ae4d81e98940b7f0ebf5e,statement
ffb93f1ac58b40f3d5d1fbd128de74f8,main_screen
846382f64e936e17c737ece45aee0d75,main_screen
c96e3c35890195895f6d8d724c81f002,credit_info
b9a732604080d75372f73bba660799f3,credit_info
9d1c510e8571a38926aaa68edf4b9618,statement
4ff9b75deb549c4574cab63f57e35952,statement
463e1da7220dd5e16f2df4f59ac25288,main_screen
272a78aaf45c452eda30c3c062c4bba1,main_screen
23ea189389cb01bd30a1dc3ad1e9290d,main_screen
e0d9c272fddfcc8e7a2a8054af39ac1c,main_screen
11a69593ef205b2a7a68f625bd80ac54,credit_info
4cdefa10cd583e64e0d112d038c189d5,statement
9aa6958175bb71502f2684a95a105fdd,mobile_recharge
476c4726a180b1e72f42b0cf96f295da,main_screen
e109f28bc3ae0723823a6917ff3d4a14,chat
b68e4619a014d4e79f3a226d9b1bbe29,main_screen
e07848e51081571a2dff3863a0cd55d0,phone_money_transfer
7e4d76bc13e4109bb3c5ea8015c11bf0,main_screen
a8f69d0e2c196bd60aa0d5b0111cb9c9,main_screen
6fe6d0e05bcc9787c924092e15f898f0,statement
45df12d7b6f3efa09468aa29b1409b97,main_screen
60c18c747fdf0c488347c91fd9eb5960,main_screen
6a387cee47e90859b755ea2e5955c564,credit_info
3d086f16479d959aa18048c1451f1c28,main_screen
4b454277cff6f87461525d529fac7874,main_screen
ec5e26af54e5f34b89d0cda8dcc212f4,main_screen
57b6cf4bca61b0f6dea12b34c36b5847,card2card_transfer
6c5bd6629d76752ca9b3d271fca4d000,main_screen
2c6d7c6e4af6d653297614394f4e722d,main_screen
7b52b1a5abbd9fb54455759e0b89db89,chat
a0602bdde05a9a8981a4b8c295e3d9a6,statement
1b7521dd37d024c8194329b541c544fe,main_screen
37b8e9df299693a7dde4d6a3afe83026,statement
1aaf4ce1b9802e4016c9a7ac0e062c06,main_screen
7eb665ee1b363499ef913a99d8760859,main_screen
376b0544ef0c9bbf19be2b77ec513609,statement
d00fa4648a6b2d3c71e6c27545003040,main_screen
2faf1a720afb17fb9000969393319f53,card_recharge
c372e193c17cf3d6f50cf9681c5b026d,card2card_transfer
49d9f7ff566a2caef349880c37e337df,main_screen
62edd46e01997502cd7151af95f3a319,phone_money_transfer
d90e6fc08b13934a039f58035edcc129,phone_money_transfer
228571d239b0f3c06f71ee2cfd5b9898,statement
ad965d99c80d4ea28332880442316f97,phone_money_transfer
02fca7131af96855692bec759cbb8716,main_screen
8dfede82fadad55348358e3bba327da2,main_screen
98c3a2ffefaba4ed61aeecc9c4a663b2,statement
8a4c43ea55d6263b0e784938dd781067,card2card_transfer
b67bc508c6a01080e2098574b8d89dcc,chat
3b156a7fcbec4ba3d5d857169a0109c9,main_screen
3cf2dce79aad7297e3fcd6729cc551ce,main_screen
d43a5d21b33bf78ced6d00e0d4804f5b,main_screen
c62c51fe40e7e8f8ee7b094cbab8e657,main_screen
2a1655b594205f5dd55cba884b0d97f9,main_screen
0c1a91ba98f94184a10e60612c446b67,main_screen
f79f10a798262ac671b2010167a94241,main_screen
129b9d12b43468dea21c9eeb3d6ad02f,main_screen
dc60896f1bfeff60e31e0e4228f41f85,main_screen
ddc89a516c5a1ac31f61c482f877038f,main_screen
cdeaaff19c306e9dd999f7bb3c528fca,card2card_transfer
0f46707af37c857625eb3ee11e08fdf2,main_screen
41a094b07b1c258e0b7f56179e721d77,main_screen
2374cc0fd9354250d0c878d4ab7cbab4,main_screen
f8cc8115e1f2f8ded08794c0414b16bf,main_screen
d18d1116220a5abdf85fe288703fdfa5,credit_info
bbaa2e417eeb26070637f3267bc0713e,main_screen
a640b90bba2cb981e569c5362139b561,main_screen
eba375247153991fd62a144ce10a32ab,statement
64bfb37174ad7e48f152216a2290a061,main_screen
f0669ce98584b5d17e205636298bbf5c,invest
0afdeae4aeb4c50c9d4ea0cb1283bf4d,statement
109b7ae9ca9f029844b22c2c09166b42,chat
8ac25e06faf8fbb39fd545b3549cb62e,main_screen
22343ca9d4a2c4073289b38411210869,credit_info
0bd4ea1c243be688304b0e0aef79906f,main_screen
ae24a2a32da6c53fe43ab2ab688a22fb,main_screen
fd55bde7a4c36aabfeb34e79151614e7,statement
d53a23e78c50ee2ccfc1e52111360e23,main_screen
6fc4741c2dc084d76c45e67e130a5593,main_screen
998eac45e08cf5721860d809baaad0fd,main_screen
b18504f2082b53fa73a3982446e027a7,main_screen
bafce63bddc253c24123d50259d3775d,main_screen
2885be23f092e6052d2ea4614d1966bf,main_screen
3e1ce9914dc04e17da3d1fd0946e8294,main_screen
b6603d3b20bf762cca5b5b6e0ecd2491,main_screen
40d7c208ad401d78e387b0bc9faa0266,main_screen
32869154b014446c30701c9ac5f6e06f,card2card_transfer
e8a996d22213292b0302408a00ca1721,main_screen
ba76141455f912449f37bd87cc51f402,main_screen
744d82614f1a6a71529313f364e79795,statement
c73c51a52548e6344d2a9791f1881cc9,credit_info
c3adfa74ddfd1ed214c7098f455894a1,main_screen
af000524e306929d925f9aa6387bd41f,phone_money_transfer
40df6f33f05b3b667678b2fab25ffcf1,main_screen
75c26a4d430af4f69e53df108d55a26e,statement
782ae7ebc5d0b9ca10c90e1c14db59a7,statement
2e268996a8b97da03ad4a3b7a547e4fa,phone_money_transfer
712877eafec3018da1cedae88e665561,credit_info
084e162e3c7d8147388f444bff844aea,credit_info
c9e4aaefaae56530e09b706f23637b98,main_screen
487acba6e581ce73779f462d7975974e,main_screen
ff4b93cf65fd80f0fe2f8ca7afb346eb,main_screen
d3cb612987a7d0f1ed47989c65710b08,main_screen
e71185da0df1fe55b071cf566c2bfffe,statement
ff9a6012aed71e6c5c6a8c0235e92f53,main_screen
7caafd2bb0ad7e6249c8f9d857dc6e80,statement
0a69b1b562726c6cd82d2af9d549266e,main_screen
af2ccaab0e7f28e7058d4883207e9d18,main_screen
a1e9e13e6c3b5076a7d760e357f3d982,main_screen
030eb178ff5fa5f2cf4617967498fa3f,credit_info
a187e80bcb6e0aee63198e3725de42ef,main_screen
be8a26560003312e5a970ab04ac61601,credit_info
750a9cb87893eee9f5aca3b7bf48cdd6,main_screen
938bedbce6135d5269892aae414c0407,statement
945f9f5d505ccef3591313ea1b6b69e5,card_recharge
28b9198a8c976606e1b587ec51e7b30d,main_screen
403d5188f9cff8d3318467d12a228b88,main_screen
9a66e3dae79d357040a6e876c95d3379,main_screen
1c82535567fa89dbd4d1c7693c31c6aa,card2card_transfer
0bd696832363b1619e82b532ab970983,main_screen
701fa736eda5f7b0716272f82d09734c,credit_info
53abfa86b4ede5ef7508a1fc93b23c2b,main_screen
50708d7f899bff554a0e2a54814d3b7a,mobile_recharge
f90fbcbfcd14a2eeacaebb7ed5e5e73c,phone_money_transfer
aca3a43110238a45bb8c4f82459156aa,main_screen
b039f65199dded5ad51bb0b9b2171023,statement
1b20264a53cebfd009e18f5fd50ebba6,card2card_transfer
26cf3eabb39570b36c9a0706715e7bb6,main_screen
f11f2653235909ec7b32319b8a6040fa,card_recharge
20c3e7f2c8b34a53da54361da6e76c59,own_transfer
7e2ca804e113555eedab22e68a2e483d,main_screen
9871f6e92fc7e087eeac490c7f70167d,main_screen
40a10788e35c6518de7f016d2bb53250,main_screen
b195e4dc237f564bfa43169a2fcaac1e,statement
2ad7e47547f057eb1d475bcb24b9094f,main_screen
39192afbfb3fd07773c7dcccedcb737e,own_transfer
abfda39ec3cebd692461ce2383b6c9e8,mobile_recharge
d8e389757dce210b755524efbb5f4764,credit_info
3c3d835361791e519d38be543be95784,credit_info
8e034e25c895d6547f805769d17a6d53,main_screen
b2cd721425b8a9e260438e27b07c1661,chat
2b8f78b90ce53b99a36da4b8c753fdba,main_screen
e0c5fbd966a924732734c0ea699e67c2,statement
24bc1a793287ac1bbedb3c87b654bbea,statement
bb781f592537cc09b779ecf00e5eb7ce,main_screen
b6dd6b3094cc2908529eb4542f84d1e4,credit_info
0eadaa44391741adea86f56f2eda7546,main_screen
2303e10bd5fc920cb0ab22aff8864b2b,phone_money_transfer
3d4637d38982580c092538376f858bdb,phone_money_transfer
89b97fbbeb40fd8c1b51c7c04cc2b74f,statement
696d4c4c258259950777a5ec7b6d7799,own_transfer
8deac194b7045f25d13b942de7e0d659,own_transfer
45762eb7fe5acf41ef3e2af98f0a79d0,main_screen
d8994eb588490ea82c1efff102619f6b,main_screen
899afef9eb82f5675ec16b937f9c5afe,statement
c42c2abd53ee1ca1f6a5046d9dd02cfd,main_screen
827f6d672fb96f3a94890b6bb7b1aea4,statement
5190d2869326074fd2677fdcf84649fc,main_screen
a0c8108dd75a4708839405685172a478,card_recharge
4594b783729f819f7e5b992085cc6e44,own_transfer
4756a93007fa391d4eb8cd6f5646ede7,main_screen
6ac3b11174ebc0b7025ff99b56917632,main_screen
b6c250ee7041ed40cdb7c6b00d8eb302,main_screen
45ef416397c113c24f496b3b5c396c91,main_screen
17824d209215d786a8ed3f6451b0effc,statement
e50a87dacf3150a58e390b3ecb8aa019,main_screen
ee9e9147ce1e6a29951bfbb3f9f79958,chat
6f10792571a0b38369db5ff43a0701b2,statement
c08906fde67bb084a7407c42cf4066fb,chat
f0d818d2214c93605f1c3d9c799a2f82,mobile_recharge
92d55597c45f7d8daf6fd132052a374c,main_screen
525627fbc5db7aa9f97b13cd13da387a,main_screen
a82fa64cd7a3d8b8e96679a94c509600,statement
027bf7bc98da183f1dc912af7a3939cb,phone_money_transfer
3a68192ca42a0b6946991804e04f1a96,chat
227ed63646096ef1ae11510d702843ac,mobile_recharge
1235a416f1f45bd336804229670efb2d,statement
14cd8006a9624d037f0a1414b533c2b7,statement
c71737ac991159c6202959f1e2cddc74,main_screen
a4a422114c5b8eaee546843d31412461,main_screen
1d22c2c529498105106fd22ae14d249d,card2card_transfer
f468a372c37647aa7c8e457f55308ff3,main_screen
80f34c5a29f0a51a8c86ab03402d29aa,main_screen
a698ebc9fec235a6ceb43ead8a29b061,statement
98f549c759af0904928fe35570d7f1ed,main_screen
23646f4ff859069ff95495a234aa2621,main_screen
54e9ec6d3b879fd64643e77a4891ca11,phone_money_transfer
c4e63372337751231ba8c8af9595253b,card_recharge
b7b2e3d9358c0b284ec62096349d1d96,main_screen
b3655a2c1f3bada9e12dd886f259cebd,statement
c256e6eeb3595086db015264c8823536,main_screen
4904eef692da4550e1ad1c58c41bb8d9,main_screen
e27ac81df6569ebba3a559a03a77ed1a,main_screen
b6049c03dc64d838e2c8bc27518e7c52,chat
516b9557533e04ee55e73798f570bf7b,main_screen
9d8eeb82cfa93505a6e87a6a0dfd922a,credit_info
f7c74e3178a88501137e2d4f24c2225f,mobile_recharge
ec95a950178ebf6d87b5825e7bea9385,main_screen
f5009cfcd0855aa8c2762edc0f0d4da9,statement
184724f2b49baecceecdf3455f3cd2ca,credit_info
90714e1dfd2a52e71c146c8d813b70f0,main_screen
4606f61042e6c45a8117476e45298530,statement
e30103ad06eb8a6866903dceb442119e,phone_money_transfer
90479a55214f7ad2c03a53342e95af66,main_screen
27d3577410df68d4ace3b865e39bf7d7,card2card_transfer
e983b8899e1cad9eb2b88d438a55047b,credit_info
79a20c95d0515300d749dea4d8150f5f,main_screen
dd0ca3f8730650ba2a2f34f9c7f0b4e9,credit_info
d3162efb4a6fa620602ec205059b17d9,phone_money_transfer
a77eda25f34f57d8835220cc4859afde,phone_money_transfer
81ca94f4e824bf2cf7806358a5c3ce1b,chat
cd37805b4166647eeebfef5055fb3a26,statement
f99a97a4bf27a95028c61cf269180209,main_screen
19a46e7c9da6ba6882b0941f0537cbf2,main_screen
43e898f3adfc5779b18963dc18ac24e0,statement
14e123d2c8102edbc773e4b593a09e97,invest
00506ca32aeea1fc8e601fa91737ec3c,main_screen
98c88c800c51e008594bb33e4c9fb477,main_screen
279b472b42eb69a01a90c2836575bb6f,main_screen
717d5f3e57af3bef0fa4b5b1c8961ab4,statement
33e927e798b0be915bc09555c627ac6f,own_transfer
8112c525be73b855326865c906830639,main_screen
6c0484dabb01a011056d83ae41cd0ad9,statement
19c77a2a72f2ce8001b4854701b547cd,main_screen
d443bb944e820affbfdc5d1ae05d2f09,credit_info
887d88d3ea3bc9f571e3ee5d97a18bc2,main_screen
68f59830c101cbec6cf4ff53e684ec7a,main_screen
b4d6d9578ac2a232b5613b23b23c853c,own_transfer
01ba8072006a1f4ea890238cc8381bbc,main_screen
b5c385e2292da113aca698fa7ebfc0dd,own_transfer
90eb4128c14b82614ac172d9b8140490,main_screen
275f70d69aa22a6a3b09c68769f526bc,mobile_recharge
ed15a6787e08dd92ec929b555a87c651,main_screen
61dd20dc79984d1e3c2a0523d16cf9b5,statement
b9eed1559b826f83d7b197dac48e1057,credit_info
613158966cd17d6203cfa448a22db9e6,main_screen
927550b59ee4fbde19d401a36eb99b38,statement
f6f0dddc030ca0dba3d0ee73b22fa241,main_screen
743adf13141e9982e93c68cfcd909ca7,statement
83d174ab0d78b5f5487a710324df4aad,statement
f4efeab9359b4e724bfc4947da7ebc73,statement
77cf45a915afc9ab9f07c1c3e0d634a9,main_screen
1d8552b2c20b2f678a64f8c5b95e6300,credit_info
6bfbefe7bb815474dcc7b659454f04e0,card_recharge
be0d2baef391ba076750704cfc2f3d18,main_screen
92107defc92eeee16f8bd25416474d3a,main_screen
bfe37d71d2226178350c2087d719bcc1,main_screen
c24bc35f8076b63ef93efc8e10fa4e3f,main_screen
3fb3afbc29b438f49f275ddbf4068e14,mobile_recharge
638b5067db61ea4eee1006b17355a47f,main_screen
03a74ebe1480d55f45bd81447c8e7f06,statement
b25807e8ea4e1c4add62b724e18bbeff,main_screen
1a6fd7563fe6e2803d600348a06de137,main_screen
8048a0123ddc14bdc4eefed62528a3c9,main_screen
c3c0cb6ebffa66fbdd3c1dfef94b367d,statement
da29002c8e9b5d297d5464f2a3708066,main_screen
7c6096ad7d03699dafb94088643892f2,statement
eece69c46fc807f042ccb27ab020ccd3,statement
d14e09219bc0064fc1af5509d63a58e5,own_transfer
fa0590d3737b7d308331cbb97f6033d0,chat
07851e87d0f810c1cc3ae0dc0d3657be,statement
c894e926f8f15d36f79b6a37e5b3754f,chat
d936712d47c7e9b691bcfb76960f5f20,credit_info
ec03a9ea8e178937092d96cb06a2ddee,credit_info
67b2f85e6794c736a36ede2fa5425022,main_screen
edac911707b3ed0ce2d6d6210fea89b3,statement
dad31f76ac5346f54ea4f4d221738b81,own_transfer
def45de48acd9b542f50be7edc707f94,statement
71b4cd4f6d8bf6ae3baae75a5154de1d,statement
f415780285a19461230ef254cec33aaf,invest
c314fa22ad328640572f7b207667ff3c,main_screen
95423de071a62afb0ad4f147f0973aff,credit_info
f09ded8e59df489da0f2051c40a86c4e,main_screen
0d98178eff48c0f9c1bb95f2d31b9fb4,main_screen
b3150a1f0f2040b6d3dbbd9450f81569,main_screen
1c3edf1a16f42ceea8db937050d80648,credit_info
0a3c77aee26de9a870bf4e58d531d63f,main_screen
9a812166950790a90ffec00a5cddb1ac,main_screen
5001f79debccb40b7c8054ac5dabef75,chat
6e463b8822cd5e5edb2067c8a09ae1b8,main_screen
4d6d87f92d027c453dabad7808889581,statement
f4defef15104a3ac9646b3732d9264e4,own_transfer
43c1d87f5d599c5fd662c251dfb746b9,credit_info
550e868f41b94239753fc87af18719c5,statement
053bf9e7950fc1c7de89b25c7014f550,main_screen
b35ad8e467742f7a55e1242a6f5f17a6,main_screen
6ace535adb60fd39ed6db12833d7df91,main_screen
7e80b8c452768fd303e9538ef9ef2c84,main_screen
a9c6e9756632db4b63e17c4170be5507,main_screen
96638f342965a945c0b02059c4324d98,chat
63325007a9ca0694fac1c038f1d619f0,credit_info
04c9f5182a25ae350dbd4a8fd4896df6,main_screen
204058db1f85ad93471afb01f7eef7c9,main_screen
f6f782b575c853e609116541734ccfc9,main_screen
4f9a3a4e0ba606d9a6c5a2c0980af5b3,statement
cad5a982c4aac99b772e359b2df34331,main_screen
894e260990c86fba7a3e88ffa038f4bd,statement
77a6212ec635c41e81a2e4b66a57177a,main_screen
a7fc33873360ea8c7af9c1b581764db9,main_screen
8150965dc8a1f940bf6e3aba46da47b6,main_screen
93efb95212c583376c6b43e27c941eab,main_screen
5db5629d247e1a11b2a16fd241c9ddee,chat
c4f7e9a0d10c2cbec3a12cb1725aab0c,statement
7e42f8c91c9abcb770818ce379d47631,main_screen
e44c5e5d423d952f4756058390f5b632,statement
a6614164a5fdf6d6ca7a4f05ea0e6a40,main_screen
76b8143ad4f33801b3a08c7bb905af9d,mobile_recharge
2c360ee1dc364e37918bc08cbc5b534c,own_transfer
c53e3593687cdb57f0465aa6b95ba998,main_screen
051478951ffdbfd4c7f535d5499e38a9,chat
b5e5d4ea628da2e9066aab7d2037be8b,main_screen
dcd87cd9516b636059171353d004255f,credit_info
08edf343ea3ee9dad2a0e39c8d9aa092,credit_info
3b4301e3292b8349f9e33ed58ea0c396,main_screen
fb96a3f7b25cd1895128f2ced1927f6d,statement
5175adc41668ff28951f68f76ca505b2,main_screen
b0a07aa6091fb4a7ccae08577220a1a7,credit_info
ea7adc93115aaf13b7e8db753bfaf695,main_screen
48fbc39cfffa8306f3cf1f11ce6daeb5,main_screen
33dbdaed306d49244be8d054b32b036a,statement
625a46ef019492b3b1af723dfda2df1e,statement
f30c1a6bff6b24959067ffa8dea04f16,main_screen
d777d2e00d41119d8e519f5e1bdc6627,credit_info
a6afe240346c2629eee8b17d9176555c,main_screen
790b6085e871fa882c3118e07c00716d,card_recharge
2bc435e017597af2b8bb4bd3306cce74,main_screen
4ac55d272492386c58f8124860715938,main_screen
ec0f6214f340a742e1723b1514910ed4,statement
803ca942201a68f65ac91b60847491e0,main_screen
1cd1e2cfeddb56ea12528a631da605d7,main_screen
81c549376cc27fd4766cf4e15435cc77,main_screen
58931bf50e5249e8c8411a6a94030a33,main_screen
f43aecaf8d9df9c9db0171cfa8e1deb0,main_screen
4453a161e8db9be09fae412696d19bce,main_screen
22acf8e81096c1039dc8115ad02d1e7f,main_screen
70b09daf29ebc257d33673cee1248b3d,statement
39e2d78e51f24803ef0073c7bcb8345b,main_screen
97f1c27b84633a22962fcb67eccd7e84,main_screen
5028058e676d2ef21b9878cacd88b4ec,statement
859053329cc2b885ccc1df5d0ccc6c22,credit_info
f7ae4d4d060efef6f4346dfb9bde7836,main_screen
8da90ca1f8bbfad32fb7bd046315fc2c,statement
866b0ebb04d0d66db24e8ef4ae099fb5,statement
bde11db57a6a9cff8fbefea95aa05a03,chat
cad71d66d73486b60dd1bca915ea9171,main_screen
aaa55af1a5bd1bb8c4f8afb6db0a33f8,credit_info
f8991aed076649cb2562313f8cd840da,main_screen
7e443d8f4c0ea92897f8c12c3f8a1f35,credit_info
7ed2c6907a2d2d7fdb89d72b2f8a9d5f,chat
91ec84129aa6061c9fedec7e076ad326,statement
1b926859899bd0ec47450b20734dd2a5,statement
c29c38c8fd8e7c524e9d6f77bed70071,credit_info
ebb2dfbe00b8aefa0c5fd85ecc9faeb6,statement
b6f52cd14dc8bed50a0e48be4659defd,statement
28ba576a613479420cd43717a23dfbe3,main_screen
c3482276061d7ea1a05a80937c4bf5e1,statement
4ae3d85ccddef960a22ba4e2fb84387c,credit_info
5e55109772f71d2de2fff039831df72d,statement
16a958d3c1d280ecac0d93411a9af478,invest
384467f2de8422c2d5fcb8816e677b64,card_recharge
e1cccd4a330d4d046d316bbb6df02370,main_screen
2b2f9740e97c9bd704521d2495e6d7a7,main_screen
185ad418272e12a232a8d22b2296f079,statement
40d468fd68dacd76f03c2373d63d6985,main_screen
c57308929afbcbb730f8e5650e2de489,own_transfer
fe5f029527208a01f9fa6b49f5c736f3,chat
21d1c5446444bb41e3132594ca62cac2,main_screen
622c67b2b03ceb126e0cd34022401238,chat
569612a7199de96e89f8479e24439ffd,card_recharge
b2810ef41c7cd84047e29e721524a820,credit_info
6d23d3d0e00f19e0b15f4d387c232b42,invest
8abb9d79bb7f0a4a358aa27e540db253,main_screen
8529fdd88efdd1e099caba285d2960b1,main_screen
acc1b3235cfe818cf1511144b26c25bf,statement
638ee2c70fb4f35330fdaf15f581f97b,credit_info
ccdccc95286e9bcb8c8f8dfae5025626,main_screen
2a882751f406c60864bf090e4b928ec4,own_transfer
cddb4b6bf86abe8099349c995c185a04,statement
ef794e2b5b26a4944ffc408ef88a1633,main_screen
08a144bf9b26f846ac57fa702765c58f,card_recharge
f755a52f1cbdc6bbc0057686672513f0,credit_info
39be8f464caec10056abe101224cbc2f,main_screen
ac2caef1e65242c185a0ee6d75225741,main_screen
266535e59878cc056d53c6189dea2f72,statement
dd8e4a813bdfcb6b27d6c0f5b88be245,main_screen
0f9c9b92b5af48e4886b41e5e75b66f9,card_recharge
4e98ed93ae35eda687f068b75e5601c2,statement
b821fa4b89b56c9d7d7c2a773db7a1e0,main_screen
6435332a284e20e70b6c3e334625b8c5,main_screen
63e4e98b1c5f5067017ddecdd6729769,main_screen
755179326cbd25db002e0d355ce91572,main_screen
4e7ed60803df46e37a23b69c6479bcc6,card2card_transfer
9ad89eb8b8b7c0a7a59feab923f16b2f,main_screen
fbe54c5a18ca7d0a8fba09584793274c,credit_info
20c308b62a20348c166cdd6ede09744c,main_screen
80fb58dec865c124e94d30cd72ec32f9,main_screen
a41e708e4c9746cba466e6b6ffa3fd4a,own_transfer
fe7d5f9ee1422e075777add09a24230d,credit_info
5749948adff90bd02c881c388d024006,main_screen
61b677308d48ec4a7fc5075e9d0c3826,credit_info
393597a37272c2953ae6d06c519b0435,main_screen
3a98c1f4a5895ce926fef50b3d1ecca2,main_screen
f53efa1c35deacd3b0104ea0087605ae,statement
7c60d72d187682d6d086688de487e15b,main_screen
ce0f95cb023532abdb06ba4dc974884e,main_screen
b5c2cfe2c93a4795dba1e9bc284c81ad,mobile_recharge
8a97e57346c92762a6bdd4f6f49cf1e6,main_screen
5837310b0649b6e940f5c876283da6fe,main_screen
b33c7d356f575accb86064b25849ec46,main_screen
de38383f53c5462ff1257acb744acb3b,chat
b44eaeb8ec2b61caa5549cb4dce46182,main_screen
099f413e0a626ef3295b709a7d923739,main_screen
a8a457eb691854aea662fbfcf0c8a8dd,credit_info
0c38ad78ba56e335663392350cb0743f,credit_info
790161d7b721675fb233a35d0ebddb39,statement
1cbbef1406efd14bfe4ab09eda653381,credit_info
b0ade4550b53e1d0bd82d704fa714fa8,credit_info
0d309f78720f67064a14c2fdf2f79c24,main_screen
993367098479a7421995f6b71de386df,statement
f0fd742e8466e37fdeb4ecbf3296471d,statement
51e652c4cbb97b53baa2f61dce6fa2af,statement
7e8c73b61c6e9bfe9b7054a75735c54f,credit_info
d96349cb179462da047c2b33c3c990b5,statement
a61d436349426a609c3c093084eba13b,main_screen
7cca608ca212510e0dc3d6462cb2ae32,main_screen
fbdb15bb6b63deedc746f86571518d94,main_screen
c10ed6d15bee8d4ba7c6e9b9b2fa8d52,main_screen
e6dc57424ac0a6b79b1cbdddbcf915e5,main_screen
d293aeee8babfe1ff4347a4842662bb9,main_screen
3cde884d248092b261fccf3b0de8add3,credit_info
f111a97920afa143df6b293675fcf225,main_screen
ee200691e8baf91914ca4ab5cbd4a626,mobile_recharge
b24c3c345575fdf9457f9f3e3095725f,invest
e2930005b6d84f97060c7f620295ba20,credit_info
cc1d065eac05e9f1f9eeedb1b9002a53,main_screen
9ecbb90d412233ec274e185ddb302885,credit_info
97b2ddbc3e18cc05b3c8c4276e6745ba,main_screen
c54e27eb3d0613a4ba59fa1a657f6a01,mobile_recharge
3f533e47a2cc7bfceb5da558f69aa9a9,main_screen
5e0c431976f219e7a239e71c09bdc886,statement
5594ef20340def0bbfe8b4f86345843c,own_transfer
3e799679eb106847e60ad12f09d6bcb7,main_screen
ffd0ef1799e1961a7d98811ac8431f38,credit_info
1c76d5af107245832753d47012e1ab8c,main_screen
8a700d40cc1d0acd12cf5ee89310ecc9,main_screen
bbd07d66d701c04b060a51d9185e6594,statement
583bd5572bbe535ecda2dc264cff1fd2,statement
9a3a431fd5be0eb2a8a0b803bf811fd1,main_screen
48183bfb1f1daaa5ba05d3aae0b4a310,main_screen
801bb15f199eb9dd535c8edfa833d4b9,statement
a57bed09922df89800af1727147774e7,main_screen
14f7171b89397f2bb99216c6da2c1efd,main_screen
c028dd37bda0c85dd04c484967667d5c,main_screen
34b0322591c8914ca7a297b5a55a8a06,statement
54c628202fc8572057e697902a86af8d,main_screen
08233b76e3dbafbfb52e7e5b4b23ce56,statement
465bb47434d7348e0e1adde300f1fcb3,card_recharge
d56948390c77b22aa63edf36282afaf6,phone_money_transfer
2053c75e87c35c12ad7addcffbb5b5f9,main_screen
30012a8c27017e37f4e90baceacdc5da,main_screen
1513e2164c35dc265dba60eab9467323,credit_info
de897065268cabed24b9511ce3b33078,main_screen
922fe1c9d1d27e42ade88edbbf461ca8,main_screen
0dcfe21368d1d52014c6f36ffaadc00d,main_screen
3c2fe4bd5c71d14be0ace472bb896a82,main_screen
7e6a3d893ca74d38e89cadf8a67732c9,main_screen
916a845c8d37193b4d5a990a8ac9cad3,main_screen
491518a9d5aa9865a95f04e10b023c96,main_screen
d2ae6be068b90ab6b49a2284979f1648,mobile_recharge
2c7220dadd502011c7a3ea143ffcea0a,card2card_transfer
59cdec5585dad4a3d8a6b69f78da8c51,main_screen
7f009c50a622bfeb9713015f7a964351,main_screen
cc33197d2ec0ff2a2c4e3477e152f209,phone_money_transfer
63a3220896f8c0a76491ba4bf56d0c08,credit_info
9733f97454e7f0ff79e3aa465532d4a6,statement
156285f0d7161edca594e83370dd46fd,main_screen
576433e79049fc135c095ef727ca7d00,mobile_recharge
625023943bbb74efdba707a96c134f33,main_screen
b8b68b5e9f9c6769caaef51ab145464c,credit_info
e368a26f9b0a1cd385510507f36183dd,main_screen
a80d09a6aec69b247257499ff0d6d0c1,invest
fa050f18898cb7ec07333821505abe01,main_screen
9deb5831a29d7ece698fb6c030da5a66,credit_info
b6ee272adb019347c654118f97e3b493,statement
3c497d36b60ae93fbf3122df57f1f12f,statement
6891049baa15b3f202c56b999f842e6f,statement
a2078025ae1b3bc0faf36cff1027b68c,credit_info
e921f896e1e8163ed5bbb54976f33bdd,main_screen
e5a717bd7a59d7adf5989efc0df9e8f9,main_screen
3e867e7100108b1fe5017b602d1bbd20,main_screen
455a658e7a460bb23b68b63fedbbbd5a,main_screen
a89192a57263ed2febefa7b21e8ff031,statement
9e5e0b0e56f9d7863e248bb2db1489c5,main_screen
7bace37d0df55147fb0f11ece6216cf0,credit_info
ad692657d06576d2dfaffc3241d3eddc,main_screen
009ea0c7d35c87270251cc5ed3074c0f,statement
11e1e83847e68e53354839128dcdb614,main_screen
bfd9bbf9c7cb1a22e3ee81b13a8ca261,main_screen
d0c547f1639bc5d8d65fe33b6e4d9edc,main_screen
76e6a07663465092263f2b52459dac2e,credit_info
62f643a368fcdcfd38f905bb2395367e,credit_info
37c4e096102351830028e43eacf3a263,statement
ba7444e514f41d5623e48d270533298e,card_recharge
850669844f201214256aa38251962ece,credit_info
05a549cbf819d78328d7598988a0a838,main_screen
b025f6e538055a699426d1172daf5189,main_screen
467b01d6a2cfd46ef3122eb9ae259f4f,main_screen
2428d51dce3302c62ac96928d186932d,credit_info
2116a57b92f933a3dc88332358dbb745,statement
efd8d29c0ef2ddbbad2b07de237d912e,statement
b9248fa656dce8d98b6fa6b30463b6aa,statement
114bf1e40742ade110db3574ec667507,main_screen
9b782e1dce3535afc9342b95c08b7ff8,credit_info
c204cd47e73e17101531a1df50710ea6,credit_info
8bc509071a78e084c94409294c538194,main_screen
4f93ad71917e94c7ccfb9f598f1affb8,main_screen
06bb8e21d6f305fde2f23e47da9ddf89,card_recharge
fe9d59b76def7095d4c5e0af9acea13c,statement
f7b54efded1f9bab85fda3faa84fe8f5,main_screen
3c4956c5ef35b1c383c5a80439be2bd2,phone_money_transfer
2c9d8676dad7ddc7586cad2fa49d6829,main_screen
b8c12fe00035ca14eabd36e66e5965e3,credit_info
a698440cf950a61e68a8d87ff0557de6,credit_info
8cdf02b53f5231ef6ef8d74f1002e067,credit_info
243eceb616300711d2e574804c13d55d,invest
bfec246759bd1a833759b90b33594634,main_screen
28f0ea485159d94fa82d23b6df5deccd,main_screen
1ce4509f65e0f90691a2b09fa4367f1b,main_screen
f53966cdca28830149f5e9325af27cc2,card2card_transfer
0fabb3a1d765f03b80a33d1d6f33545c,mobile_recharge
c526c9e8e86cceee4f4ba5e1fefd50e4,statement
b7c2c7a12703339bd368419f0856b774,card_recharge
9675e86d98c3eacccebbe2daf78ab57b,card_recharge
eb60aa3eeb68ae78fbfc5b7cd7cf498f,credit_info
613ebd5f12611f67f280718e725a8191,own_transfer
3e1c66d173855bc0fe601b8c9278db09,statement
47c19332e715d966be77df829ba0a18c,main_screen
5456b5301e181336c23d79b1d62dcb1f,credit_info
d138c335fea94809b3cab8b39044d548,chat
ddf7b3f1daae825b94da438f01b9736d,credit_info
178e4f6a86cc27331a64d2a99874ff35,statement
de4fb7561ecb790e42ffc811437082f1,card_recharge
6d8388c88c2d3ba5ca45d3fc567919a5,statement
52b5077ecdb187f4133a65d4e97013b2,chat
5c62ecb4a72b989761b5ce54a21e4d12,own_transfer
ebf45394a8e07f1434f2ff3fa8394cc0,chat
b232af2f8384d6f7ee564bebbce40a06,credit_info
36a0b04dd2b0ac59e3de5f7a5373381b,main_screen
13875ec9478e3c7dd61e6f6c52bdd19c,main_screen
6d1007d546fd5e888b6583b854610b0c,credit_info
246b3e02b64991ff5f2f264e75bcff2b,credit_info
2909ddeac37cca0df575dfadc5abe9b4,phone_money_transfer
d5c0ee4f11dfa6120622fadbac00294d,main_screen
785514a489c019ed8a850219840cbefa,phone_money_transfer
067bd472f2b3a38917a8bdb2f455b9f2,statement
567ddebe8acd5463b508878c89856ee3,chat
9385256cfe1735894738e07b999233b9,main_screen
100a0fc437506a08dadf8b718a772152,main_screen
c29a3babe55145f11859c61a810a5907,card2card_transfer
85e6f778c3cc00a55937f00c546ca756,credit_info
6845738fad0396d0a8baf444539997d6,main_screen
4a86f38733ce05b8c5244eb5b0551e86,own_transfer
72f9dc44cf1476c45f72f27a994c0b56,card2card_transfer
68bb0aeda2e9db0fe77effbcd962a423,main_screen
d5b0aa83ca7642d81ff5f71d6240c3c9,credit_info
7c6e0b4a2ac35b48d7742077258e7a6e,main_screen
ad15d5d53be70eb4328fc486f9c42949,main_screen
3e0dd3300614ab989a3f9e49f9bc8e53,credit_info
ee5aa97528a780ae6b3c9a05b4edee6a,statement
420321395f5fff40a62aa830ed86363f,main_screen
fc76be8804028d66331eab9a9f098cda,credit_info
3a98a1bd191552bc4a540fe8bece0236,invest
6b00813b7230c8a51a72793c34c34a9a,card_recharge
56c2e8f555fe094ead7e935b80325f93,main_screen
e207770c75d0c43e46d0d24bec7aba1a,main_screen
47c5eec88a4502be32564c39606a0429,statement
609b68e807202c2c6dd575279f7ab4e3,credit_info
435170657545db1a780415f4c8b7d806,main_screen
9b3badb201ef03764c012119dfe2de35,card_recharge
45bd93c8d9eb52a9c69cd9ffd5612c31,credit_info
3ea1fb08f8ecd0962f3510eb7ada58d0,credit_info
5cecda6157f9683c3e2e931670dd3544,statement
d340d77b65b56550b3a3f95d61e58efd,card2card_transfer
b2b9f1dd912748db106545aad8397597,main_screen
ec6d09366e42ebd8f8ddddaa39a2e7cf,main_screen
fbba7fc1e3f1c532d9b04f881ff702b6,statement
c4ff785071fb563860fae41c30058787,main_screen
ac2a93d06f8c8ed1963c01f116496432,main_screen
14bd0c0915ec76cf0431072690470a11,phone_money_transfer
5b5e6cb45d9489e67042e3fff33b73b2,main_screen
6aac2a78d083765c2f9d9d9b2de6f389,main_screen
46491cef170a12eba8f389897daedc9c,card2card_transfer
13eaf1748658f0fdcf947a80ad3b982e,statement
bdc31c380a968d34ca6b4b5408c41cb8,main_screen
49f862102093191830445bad0d262031,chat
c83134b080e36330b579ddfadde46505,main_screen
2e0cc24de363c69f82402d0264cdb6a3,main_screen
c34c106dbfd2cc521b01b5e6d9169b0a,statement
093aec1d51f433f86b5f58a3f4e086b0,main_screen
eea542c46e1e5e60b91fb4cee6ce2abf,statement
9db40712b271d0d7c6aace557af15b92,main_screen
c0195b45f3c5ed216eb0dfb7637200e9,main_screen
dd389534f2f3fcc25b9a0a980fcaf211,main_screen
273faae18858bd80bfabb3a80ab360ef,main_screen
6757d19ad4a10b905b86a165d22ed733,statement
e668d6120f5d78eadce02519d0e00899,main_screen
a2e9159bed94cfecf241cc50636dc0fd,statement
d2294ff99ae46eaae63fac79252d9d43,statement
fde49136967674ea410c26ddeb9eb62a,main_screen
59d2c24346e61d0d1350b9efe8442cbb,credit_info
ecf7125e16db198fbeeef2fd48385d98,statement
109db166f9f0ace0329f765590f9aaa3,main_screen
f9f8356b298b459868f93fb0be3c3025,main_screen
e8292ea5bedc7bddbaf1dcd2be4b2ec0,statement
bc59b3138ee99e9cb6274364cf317ac0,main_screen
6b139e109f6b57658b209cbe73b0e5f7,statement
e621fd39b64a047d87239a6d139235bb,statement
bdc4c6e6c16551de5ca17034bf3476dd,statement
e10c99f00f77e010cf69b0b9638df40a,main_screen
48356ee0bb7b4d36c0000fb1f9bbb218,main_screen
5f089155b3e46108dadfe33a8d7be95c,statement
31c92d9684db4d79682a01d1fbc897d6,main_screen
4535a775a1dbf4db8bbc24d77889cc23,credit_info
0fd92b54071d9d9842da05bcc51ad892,credit_info
7f4b3f71cb722a659bc9a470716924f1,credit_info
2dff8cbb3725a2c70b905abec7c5d818,main_screen
079edf2d22a8857a246879f0682f2c02,statement
a9fe90a3aaf118f096deec0c41ad1c50,statement
40cd16ae54564046505af7dd03f76e73,own_transfer
0d19dde96c8ed8963d58fb726d0e67be,statement
890b95c80d6b567304fc8ef37d8c5684,main_screen
6d2b1b60b2ad34dddde5391aa5f4c0e6,statement
a7208e7a52622039af5d03b4951d8480,credit_info
c1907b6ea3d8381e9e580f9ddbf72ac1,chat
26c77f2f106349fcb6fff13d345faab6,main_screen
c7e049536e0b65c27168f9b16603cbf4,own_transfer
13646a76d2b5458142de44b54c5e1bf8,main_screen
a1136edebc9d618cd2276138e4f5428f,chat
c749e21f671ed7d1d608082e5ba0ba54,main_screen
4fadb3642646f6cbae58a1808483dc56,credit_info
ef25b388e000fa018c6b7c5ecbc2e64c,own_transfer
2a7bcaab73ef6d0018ce4af8afd93090,credit_info
2b159a2b8cb7b1394ddd5a2428d4ca4d,main_screen
5545581447ff06fc71cb5bb8b163f436,statement
74fb775f3ec2fd32a52bf3db140e61f4,main_screen
d89ef95ad55a5667f9e74e504c5d3dce,credit_info
26f65f4cf144a5c6492ea7fcc4a845d4,statement
ba6214cd022a43320ea151aa465facef,main_screen
1bcffd9609958f19f96c3a4c0f6c9dbb,statement
e9860220a6b0e0fe515d23d159b04aff,phone_money_transfer
730f7f6112af0f8173f5b4a716329550,main_screen
12f61dc92378e72d19f22d8b1b9666b7,invest
c92375a9235e734870dfddc25a7365aa,main_screen
2b4e167c73381b65c78b2b19824f0ef0,own_transfer
442c8d1ea230a2df94ba337b61416159,main_screen
720d978f689e89d6ab005fe525d9ac89,main_screen
786fcf681fd944978264fb885c4be7fa,own_transfer
0fa4600a487ddffcc594cfda2f0a2218,main_screen
802358491caadecc26a507311662968d,main_screen
9e53cdc80878eab27a5e37186706f119,phone_money_transfer
9ade51295d0605ab453505ec166ba1bb,main_screen
c4dfbfff4b72c27e693bccdfccebfbcb,statement
ca6f52cd7a23870de055ecb776b3a0f9,statement
793140d296159db0ffe47d05cb741eb2,statement
ec70b0481e7ef789fcf652e25495d400,main_screen
e2d0c013780d54d22a2444ded3bb478c,main_screen
b1fe5edeedcfb13ac60a53df463f2784,main_screen
eb62d2ab74cd306604c44bf7a0fbd254,main_screen
86d2f4d87615cb0587f49bf8ec2c8dba,main_screen
0b35db2a2175addd3f118896fcbaa2a4,credit_info
30278994464754a0c0c00eb6f072b85e,statement
a4602adf4010e2ef4fd9e959495f99f0,main_screen
1213f971c6826508bc0035e1f127efda,main_screen
39dff0086ef294185d8f5abb856694e0,main_screen
71811a4b4aae0160ae002d3d9d9c7ed2,main_screen
6113703bc456ce9d1bb1700eca542dc5,credit_info
5d78a4c7a9ad1b7db26fe344f8169b26,main_screen
cece61578488ad05c1e32dc5cff7ce84,main_screen
21ea12a9a9cd044b72f586e3f13c9342,mobile_recharge
c5ecf3fdd5cce7ae2d46056416df46cc,main_screen
346151ca7e6d86beba86eef6a67f7c3a,credit_info
347995019cf728e665dc2e5b58f25525,chat
fa383fa25e66271166ff6ea807c679c9,main_screen
0495ec8572d82246b10d5fd5af6fb1b0,statement
3e4609a4f944c265e3ad147fb3da6148,main_screen
949376482865cf65d3e7096d349a553a,credit_info
6e1dedcb002fb630aa00c0b2e14bf20c,own_transfer
12f70bd55b82dddba007a9f062117996,main_screen
494ca464d2343c2d1b8abae7b39383a6,card2card_transfer
7b4098f7fd71a2920de3042f2faee596,main_screen
3bfb1c5732e261769f1d49754e8a5255,main_screen
e7c8229959e1970227d8ef4e7e442466,credit_info
4a528c328bcceaec06401459dd255845,mobile_recharge
24dd42bfe41ccb085bc790210c794278,main_screen
8904674ee7a382463f7e836bc49d71ff,main_screen
0099a08021ffa12bd1e141466f4b0f99,credit_info
0de5516c8a82c8035009b276b50c92e3,own_transfer
6c6623f2d10ed12113373553008a55b3,main_screen
7b2254ae8dd7eb72d5997d61b90ba82c,statement
e494f27af80a63604827f706fdc4db3e,credit_info
0c5921db2aa2ff7e4db6cdac6e1cb968,main_screen
9a8d574fb40740caf9742672cf41ac10,main_screen
27a3c99d7493f5198bb7c2f0b67197dd,chat
71aa5717af9728857b07ba87829b2383,main_screen
84bdec9f0c88bfc64549a4e033ed1fdb,credit_info
6553f6c708138a52a181e750cf9900a8,main_screen
a6953d96288569c4352e988cdb33ac52,main_screen
84c540a8ba2f85c73e4aaed8bda198da,statement
b945630bce64bba256100d21836c2855,main_screen
2190e94531af7f73fb566786735ec199,mobile_recharge
5b791990c136ab4c1c01cf2808933687,statement
53fa5a28d61659379159e690f7dcb378,main_screen
ae4ca7baff67f2f2bc0e358f0b88dd99,main_screen
9a59492e0a0f89850c68675fe0b33496,statement
a9cc4f3acac5993d9c62b1df3263d186,mobile_recharge
f8026a4f71c1aecdd47d17669364a19c,statement
ed64d28f1edf66f9a1d48f4acb8f3af4,mobile_recharge
e29f175a89936ac4e5406f0c9d456695,credit_info
f9a4d89e8894560943203defc77a8490,mobile_recharge
ac866be26e78d0513c3791375d13adde,main_screen
f4674f605568dcc6086cf6aa366c826d,chat
3d7ef011430dab02025038ce5753207d,main_screen
d0d538ae7483f015870139e01f2f48cb,credit_info
c919589fc9e80ca48ae1ed8138a4cf3c,main_screen
8badcd18aa83b64d35030d43d860185c,own_transfer
bf47bb8179d8d9e9b7832aebaf934f61,main_screen
c76b42a14426595eded72cfa28a047f0,phone_money_transfer
71f6c244494317742f0a262e8fbf1ebb,card_recharge
9aea063f42aed13c346f73fc9ff06690,credit_info
3ed278047c8ad673448d50d33536e1df,chat
80b06665b36fa7de4fa6603bb8028415,card2card_transfer
96c1331b3293371e0512753d58765b98,main_screen
f5c4cf67b6ab7d2d80e11b78a52e4eaa,main_screen
dadea3d922c9f80f3c535bd788d99761,statement
5e01c673e4426fe7c7ab08837cf79307,main_screen
f461e970d43b33ceb8e84017ef25cabf,credit_info
ba622e0472e68c54ecc947cbb1264473,credit_info
5ba2e8ca33cc158faddaef888fead483,phone_money_transfer
9340a770c6018fd5e45efa21f0ab213e,main_screen
f906c6c9d2d667a1b121ada2b9f10704,credit_info
5500e13bb1b7b82d32c7c303d91ca3e0,mobile_recharge
f794bbd38bf6012ace3686dc07a5e57e,mobile_recharge
48097cab83dcdec9b91cb4f0eac99f76,main_screen
c5a19c9bbc3a17a1c1f081351fe71ba2,main_screen
2dd406838c9aec1bad387bc601639247,credit_info
f7ab1e9b77393161a98c81eb9d455e36,card_recharge
2c677a9c8503ddd715dcce03401068d1,main_screen
bfe2c64057e750602a30948e43fcf0ea,credit_info
01918dd7f0eb657447523f1cf0529f9e,own_transfer
3208f556f31179329894bf0e6fbe13d1,mobile_recharge
ebd7508b5013d4cabb4465f6673b11e7,credit_info
a41ac6650a6d790931bb5c37986d24d3,statement
cacc3c9191087747d0722823e187a1ea,credit_info
e6b5cae56237073338ba577528edb083,credit_info
c94f9bbcc2760b35fe994190f6c3695a,statement
abfd1fbc38a3734986fa8046769daa27,credit_info
9530c7ffbee46c92a0de48b08f284da2,main_screen
1b4b414338f8bbebd39d659576396c26,credit_info
2cb1decd6d289c3fad31a519d374eddc,statement
22ff53f4f40c281245cc6694d0d54593,main_screen
30d7dd4d923a364e1f0fa98f24ace40a,main_screen
e6f76689f45dcd5223b8d6df5e95440d,own_transfer
8c951728bed1d3926042143f6bfe9fe5,mobile_recharge
ea6075a1be952fc7aa9e25d3a50c60f3,main_screen
4ed8698c0e17b3c065e35394cd0c3638,main_screen
4e1f17a2db4f4e81fe10ed4bdc517b36,main_screen
64e85d0ef6406ae45a1a6137915730e7,main_screen
91d8a0e4af3c3914babc8fd4c5ec348d,card_recharge
cab544943e13fdb40ee66d79d81d84e0,main_screen
d13f517ffdfce71739a4cb159155043b,main_screen
eafe8e42b91fbedca80673afa135c9da,main_screen
e306b43fc543f5ee95c789d94ce1f158,main_screen
c35c163aee5f15f2204c7d814b277c12,main_screen
9443787e2e138487b93079ff0ea02a8f,credit_info
05d890cb07024387dff9cb3b51a641f6,card_recharge
491b1b91dcc43613c99fa2b42662df54,main_screen
ccd557dc03a558f1540b32375fd723f0,main_screen
d67cc16c454be779c7b710719503c44e,main_screen
20e4aa3ddbae34a0301450f16c37d750,main_screen
56bac27cfc4d79b3faea5cfb2c7b76d4,main_screen
629a1063a7cdb192301fb87858864314,main_screen
47713efe569e8d35a1f8a1d0077ae4cd,own_transfer
4df089c34bcbe95f9bc02d16cbf27d69,statement
ebbb3a32cae40cca8ec348619094478b,main_screen
3beebe350fdcff0abc8b85f57e2b367d,credit_info
057a2982737f981dc9974f628864f1b2,main_screen
150c47219cce01747ee539f3d6e73e2b,statement
486d22805681e271e43b65ef7d014e3c,main_screen
9b1f239ab64f538f68c9b8a8c447f30b,main_screen
04e98a856632c5a9c2bb7bbf2a0a3b02,main_screen
e533d988c17e3b17b37f2b5535eae4b4,phone_money_transfer
a222d8878300d4f94c1a5f42ad9aed81,main_screen
c30e0ce29e05f8909e4ec991edeb9097,card_recharge
d3cb0c63005e512f87a9ec5ba15e95f9,chat
23a31ab55c6aa1f1579fa49da5b5d716,main_screen
2a28b55b64ba48031ab56eadd845f086,main_screen
73753c3307cdb97a6b3f2e8fec39367f,credit_info
885cede30a7b7923f6d4ee52697f3bf7,main_screen
6f83bbf869a3c40e8b9ee464dba4fa83,card_recharge
54806a31c6ebd33cec49adc3642c28bc,main_screen
b9bc90eb0bede60a559e4089bd861d99,statement
33f415f7bdaaf6d44c1c35db9f0b1c3f,statement
3856e1e6721d3b5770ed970fe8493c3a,credit_info
e8f07da6d02e94257e2a351940c33820,chat
a9eca05b2aaa110b0a987d21df03217f,card_recharge
06c7ab4054f6618251dc30ed03462a4c,invest
80ab2ae6a7763cc9898c833858e77076,statement
800e98d9b07c6e3e2aacf92aaa117de1,credit_info
3ca4548b7f69c66170d54c9f9fe75873,credit_info
c05fd57db41158643d580a73deee8b91,credit_info
3c2ea868ab99f411798374e8224ab008,credit_info
42a91f0877f5e677a8e83291784c7e1f,mobile_recharge
47ce903bc250ae7eea040a8c27455f16,main_screen
4794948d6117f07945d37d3a8da25b49,statement
2664332d811da364bf75a641b21c7c53,statement
37b9a850ab633459e6c5dc1293fc7cfe,credit_info
8e596b5a350fd403418c52d366653575,mobile_recharge
cd77c53c21c461ea96df90c92c943571,main_screen
7474a44500fc3145e273df27671053f9,statement
ef0964393f2e4220093bbc7dc80ff067,main_screen
a8757ef58f2272650efbd91e2ce3d8a4,main_screen
c1325961f04dc52829110b07d3e7b26e,own_transfer
e3df6efae08444539ac1c4f08d8b5197,credit_info
210a863e3e3ceab6d988c2343c64da74,phone_money_transfer
dad09ad9550fedd1b4524e0d0d146abe,main_screen
056798c9ec73d91acb2d11f1b5c7e996,main_screen
63a8456f0cbf0fe3c978415b3d15dac7,main_screen
f29469157b67376ba585699a51db68fc,statement
c16e1e7b7d6db94163d003c5fa956eef,credit_info
b5af367b1502ec362d5669b0c88f78f6,statement
7f1dc23d35a291c4f3f674811116c58b,main_screen
f76c38fdf604cd0945e8922e9e01bdd9,credit_info
0f4219219c7c92eb28e6f50a39f84f31,main_screen
5df353080f45d055a08d05b67524f01f,main_screen
996ae3d144abc8b7ca5733f052d913ac,main_screen
3897ea9af8b52453d3fed3774873ea41,main_screen
c14b92942851acc3527a1ea86f00bc44,card2card_transfer
56399b3952f5431dea08f0aa105f69a4,statement
c689568b088d17773816980628de442d,credit_info
31e6b0e65e1b3adc016309787fefbdbb,card_recharge
4b7fe129070491eea43f5e9732aef7b6,credit_info
fcdd2cb8533304b73aa4195cc70c58c7,main_screen
f68a13b1746ee253d72de9ef0e7e4793,main_screen
905fe6e4238f767911b18acde6b41224,credit_info
b1d840974532a54150f8815179a81aa8,mobile_recharge
c0022d726fa5acd1b9a3f3c8c9e73cdc,main_screen
c7348b9f18ff268e5439048186dcb2c7,main_screen
0dba583338c05c6e1d543a00b066dc5e,main_screen
3dcb1d51f21f85c298ae11b100096bd0,phone_money_transfer
d7d908262c043d80953509b785b57825,main_screen
f60aa1fbad390f7ca567547570607ba7,main_screen
657b8dda3c7355fecd6fb0fb21c19823,main_screen
4ac8dd2e0afb30023714872e8aad83ee,statement
f1282f8a52f727d0f916fbe6832711f3,main_screen
ed0896b091d79fd77c0c1f0707aef5bc,mobile_recharge
e861c064f09f21937552fbfe7bca7498,main_screen
26f3e9f083acd0e6e65b3df88f332da4,statement
41f05c1546703cc2bf80e477afcca3a5,main_screen
845a0bee7839b05fd452f099b9cd670e,main_screen
4a3c3a52f371e429ee00a94df136a6d2,main_screen
d0428abc6bb804cc5ccda69e1539135c,main_screen
d99652f7f577cf59ea8c5f5712654918,statement
b52d66c9fe85057e1e3f56e7e3e1f893,statement
bdb39ebabd9252b6709a3436087856a3,main_screen
b6e7426a15015a4acadbe8ebfea527cc,main_screen
67b6173f9f91f26b695315473dcc2f69,main_screen
917176175cf39a6b4eaa4edac29d09e9,main_screen
98e9576ac7202882e136264f0f646d87,statement
7778a4a2b6a7bd333f5fb7fe6a2bd114,main_screen
b9b76af7c4813068c4bc52ffe86dc9d0,credit_info
3662d0fa80e2bdd6bb54e446a32426ab,main_screen
c388b5e016f5fdc94e8f4de881075eea,main_screen
561ba59ae9a1f0fcd7eca766de2825b6,credit_info
e0fe1fe01673b70aa29aed3197a56a97,statement
0beab0f23006cdbe2f8a32f860d7428e,main_screen
a495068e4e44ae92b55fa8492ef6c652,main_screen
baca3446746ccfd5e4eaad79ea96c467,statement
173925b411cc854d177c7ae20255e958,main_screen
ee3b0be76958c67f7ca1ab38987955a2,credit_info
fac5f3f5ae6aa8c6f880b3f00df83244,credit_info
fc21700bfe99e3c70a29f5f038724661,own_transfer
02576cfe1e94c1e06af9093cabdfae2d,credit_info
9ea17ec02cd22ef61ae3e032cc96aece,card_recharge
a9634b07ca1f811a4ae33f71d6dbea11,main_screen
ea616e1df706c4dd0205fa25026dc188,main_screen
78bd02a56d4b6d0f24b0e5e8e3bff844,main_screen
3c60f2611e8c9ea9680a9e8c7ac91446,invest
f172705bc3bb57d2a1c28b76278b688e,own_transfer
4504124ef4d1df3f50433d58237c3044,main_screen
93465ceafed526460eb84e128c93467d,credit_info
0b911d259dd2b7a2ed6730be73ef7501,main_screen
893944521389b025da5b531b24f3d855,statement
7022c33ee62f00b9f629d9734e26d65d,credit_info
ebf89afcf5672ec71337476b946564a9,credit_info
ae9b31aca00e03f439b2c134123de469,main_screen
b9f7e8611bde390da1429f9d65c93543,main_screen
fee16bb3de1e8981acce3163c3407021,statement
f3acadfe0eee2349f2bb58ec2fd184bd,main_screen
7e19a7436225e97f3a0a0491cb62238c,statement
93f38110676a8be6476fcbab3cf4434f,phone_money_transfer
d4773a80a2d2f4512c1295cc3e5dcea8,main_screen
e5d9f5afc2b3dbf6b890576756ff07e0,mobile_recharge
35c48b818427f4c3d26f0a81d044cd49,statement
3826444d8f41c3d7321e2c271d704ec7,main_screen
00908184927cd232958b648ea4cffd2d,credit_info
e325709e8c7089189af81ef3193d43c7,credit_info
30e8c36772ddd47159456ec40755b388,credit_info
f1c9ad8b8b00f5d491f3ef072fa9c53c,main_screen
f683d80988073c4d13237f0dc2240f32,main_screen
843b23564b3125874b752ce9eb7ef714,main_screen
56726c847a1a933abbf26f6268ef192d,own_transfer
bbfdce280078085d7b9f85aff6c1b56c,card_recharge
91f75416f4e5ded67bf43a5148d7ee08,statement
10fab8caa7adc61ca5508b83982410a4,own_transfer
aaec5036622f37c2ff6c036affeaf47f,main_screen
260989b3e82ab29faffa9510a191c6bc,main_screen
45913fd3d200d3c49592c90dd5f4353c,statement
0982788a2f4a2d625d780b708dcf604a,main_screen
ab1d25ba0679b1850c6282302f696df6,main_screen
a7a357da33bc37d9d5a1cc78f578b1df,chat
fbbb714a6b75e7e041af58d3ac31534f,credit_info
cd4935af56d6d2e9835b8b83c52d54a2,main_screen
3dc20576cf441994335b11ae74e301bd,statement
bf5fcd107ffeac3bdebeda2c95e79ad6,card_recharge
27bb43fd5c6d180043cd8ecf45f2dc39,main_screen
487588b5e30408888f885241cdc906e2,main_screen
019ac968ec016c32acbfa6abbac15f12,main_screen
a842b94125ea1248faa1b00ac41e369f,main_screen
3cd5c22e614ad0bca740f0713a726ec3,main_screen
e93cb9101871d198fc7d0f0111dfc588,main_screen
15905908d15ef9d2e0ea9b3ac365a7c2,main_screen
91bd3b4ef5102809ccac6f905976a521,card_recharge
750290528ece02fe30002077af37e4cb,chat
51ce642f11297db77498c523e8e15ddc,main_screen
1a11abed3f75daf89e7b4907b048d5f3,statement
5fff1b5c13e1cf3364c01a1bff67add2,statement
a1a9c1f5f9b633e870ac11736c42b66c,statement
5175a79c67bd89483c27b614a07595bd,chat
3a8d6a56513805f3c8ad3f3399f3a8bf,main_screen
c0bbc0a47f4c01c1db32fb257328d961,credit_info
c67936fcf1b70107297fdc33b9455cf2,phone_money_transfer
b55d011dc2dc728a9b91b93beae18b2a,chat
107b81d4fbf0f2c9f6f2bf4beb9e667d,main_screen
307ac013defc643868cf2a6ca0cdae07,main_screen
846ff8d3c0d6ec9795c25704ef27bea3,statement
9f6e827de372f4b2e1bc4f824de74ad6,credit_info
402e05ab6ac6800502bbcceec16cebd7,statement
eeba8a9c1a7865e09574d54f0e51315e,main_screen
76ae0c5c8dacc0c622fa10a6c351eb0b,main_screen
8311d2890868c42e76e00a07205e9dd8,main_screen
6ac3938c14ea55e6d1bf3a1242acf0ff,main_screen
fa42c84061094201b68587efa2125be0,phone_money_transfer
c506d060e276c3cfee446e80cbe95db9,main_screen
a21783b655d98cd78179f7c8366fa5ab,main_screen
0ee39e8bf67e521b84983b272d5d4cf4,main_screen
0be52ad8583613c3fc72c0ee9e5d183a,mobile_recharge
315f365da81917fbc0e28ed9b2df869c,main_screen
aa84a10f9825483162d3ca080b68dd47,credit_info
f8e8c632e6c4443d0c1dd67fa35c3450,main_screen
2ac5d5fc56fd2092c624ff8df3818174,statement
4c1a3dc47a8326cc16a3638f42b43397,card_recharge
14cfe70cde9f066419fb02107e0e636d,main_screen
1e5a0059dfaefd7567285a80a3c30db6,main_screen
5ed65b5a46044b05323d04193333ab21,credit_info
c4b8eeee6d173d2dadcd161686f74d26,main_screen
51d78c061ef698629e0f0d60dec9ecfa,credit_info
cc196fc603a88e7af373d461b85e57a5,statement
9a67f98748b5e4de49f6e568b8c87b76,credit_info
f00c549d7930b55e1d38f048c5e40134,credit_info
6e42d26377b65e1aa36abb6562c56e0b,own_transfer
f2f63a9b80342a6ffb88a74b44033574,main_screen
6aa2446b196e1e8a9fa90fdb74b5abc5,main_screen
807aa97dcb5a7a4f8f8fa5e5e60b7aae,main_screen
6901b7c21290273598d597a39ca1ba8d,credit_info
46c796df1d3a1ea13a62173303f298d8,main_screen
5233e210c68fbacc279de189abf72b6b,credit_info
2249ff7e078aef3470faa3f05ea35a8a,card_recharge
b57cc86dafd80d5a734e7c71462ef6d2,mobile_recharge
57a56c1eecd1c87fc80135fc35023d7f,main_screen
e122ccb55986f294ab94f76cbeddb2af,statement
7de00aab6a58d6457164a5d69b0f85a1,statement
3320c7071f1e06889cb25cbe65fceca3,main_screen
668a328c8d1654a2fbff189e63c57434,invest
50050e83e6da13a352158953658e2339,main_screen
a30eb953fb210295c0bdc53c31a67b89,main_screen
46ec328e7a2c5ff08e15b39f5b83dd15,card_recharge
90a78b232860792bd909ec925bdc5bd7,statement
7be8c53d742684470d039435db5ae7d2,main_screen
aae577e32e8202247c1f81e475d32e4a,phone_money_transfer
673af412934cdf0874544c6452471d5e,main_screen
4a509794af998b73b1daec86bffa41b1,main_screen
af0d8c625d962180b2bd658bac8afa06,main_screen
24aa3ff2542625ac14555fe419074930,statement
815dd0a6bc904a0f63d2ece2623ba1be,main_screen
e775b07c8d7e96e8d138921bc7a0c0d4,main_screen
fdf33f151a67e4ef0450972a3c0822e1,main_screen
654b6b107d19fa7dcfeb02491608e415,statement
9a829f4f50d13d15a99315b34e0aa8b6,credit_info
f7307e9defcd2a3312985765fbd167ba,main_screen
0ae8f57d6bc6ee38a350f0951e6d5d5e,credit_info
cbbf10cc4da1c70cfe36caebb4197b0f,credit_info
d48725ac9cb049193fa71e11c5fd812b,credit_info
87c63fba4ff35ce9cc39af4eb3ea59a8,main_screen
698a0f0b191734ae9787128aac0f669d,main_screen
c6cb3430847342f28679b5365bb79d08,main_screen
1cd54322b269904ed7785c72a42bc93c,chat
f09837d6229870c0b21a036120b99873,card_recharge
af60cabfcecbf34eabfa994f9cb471cd,main_screen
0e5080fc33f5029e510ee1955010c680,main_screen
fbd3969949fbc07f5b3b91af2a49dbb5,credit_info
5fcb08d563b582f210853564ab505e6e,card_recharge
b6ba6d25e730ec41dc21e44e2f16cdcc,statement
fd8d031856929b641b35365c453558f4,main_screen
84b6e08903da3cbc2edb8c96ee2a9472,main_screen
1f6e29a26da255a6ac31f1f6d1cf2737,main_screen
00a2a0a1a2f1992e0037bfb0168c6546,chat
b047597884539fb4c954ceb346b2c289,main_screen
a9c124901ead25ad663bedaf40bd822a,card2card_transfer
3f74e486e3c418ca49ccaa927990a9d4,mobile_recharge
5b8f53790f7804d86679281bd5f7816d,chat
621f76449fdf1eeee398cfac3f078275,statement
43ba95348d21157bbeab910f4b624a45,statement
bef61e1c2b4b38634b1eac996428ec37,main_screen
ee747904abe0630cf254dc223118be76,credit_info
049ccd2de413501e2992349162a3a65f,chat
17c9cb0a0c8e5662328785cde68f1269,main_screen
4d50a2f407fe71b6f74ceafafa06190e,credit_info
32409a8edee051209342822f43ff98bb,mobile_recharge
aa5e4b591434aedff9fb157f760c40a0,main_screen
720a7c35dc362bf748cb879a96e5c92c,main_screen
97b518ab5b6075e1a21a12e462981a7e,card_recharge
76df0dbf694e6fd8b25ac71cab19a5bf,card2card_transfer
a7555a6c45eb8b51d365aef6829a66ca,card_recharge
db66688ae6f1a350ee6b82fb100faede,main_screen
a749cec63ba30dbbe4904173e992f176,main_screen
34ce75e4da09f831dd9f5db65bc543c7,card_recharge
8626b876531cbb34c9829b067cfa75b8,credit_info
3a52d5193e0b851abdf8f63ab51c1589,main_screen
3144f60ae4b9c96de458519757ff031f,main_screen
8ddfacfa1098192e9fd95ee5dda74019,credit_info
4c119a3cb476795143ab410ecc365778,main_screen
51a5e278250c04f583eb097f6d21f2b1,main_screen
2018e6f207b64348c329f42632145dc5,chat
434df9b2bacfa7a11f85eca602212730,statement
64e7556affa9a6b86618bad2de90ee4b,main_screen
ed157a80dac53718f067965cf1290edc,chat
78a2b7b813980ae0b8d03773b8788e70,chat
90a78cb26f186f23ba14cdd4c6759bb7,statement
a33a534b84b57a209fe225776efe2366,main_screen
46ad2a1a5cf11ed89b50be0a801d1955,invest
32e2b9814f0f978b39ce5480220c7d25,main_screen
f00bddc7e0741bd96e20fec165aafddc,statement
2398821f6b35cd2fef17e53bf7409aa4,main_screen
3ea5979a3e0a19f8f6066a911a2fa3dd,chat
b7fe7b65484280b8eba00e14cef819d5,main_screen
39b472b880ea612b14d2ec0cfdf2a2ad,main_screen
8023025a2decfd254ec6a50c6e71ce11,main_screen
8bcda3ee8434706a8fdc8c6b756a19c0,statement
c41aa6a6f83180cb454fda2d3f8c0a22,phone_money_transfer
dc785a59d26c72cf299f68ab6da211af,main_screen
1da562c9936efab0a86ca8cd45df513a,own_transfer
1748e34c23be1ea5b1f930e6b2848bb3,main_screen
5a784769bd1923395578f38b61131afe,credit_info
7d0b9bb888c7b7f29bcf6a7fecd2fcdf,mobile_recharge
af07c43537903870221027c009377e87,card_recharge
3243c44510b037d0a2be93a1b7c3534c,own_transfer
318ac24c2328e9b1c9b90deb80ecb8c9,main_screen
047b5953786626ddce2feef06c522951,credit_info
9e1965c7dd10e51187729115ff5a2e53,main_screen
2252542940ff648ad332cc1f3e8a4b4c,main_screen
fa8f97a83bc6c10a78ac6b62c8439b44,credit_info
42d519174b92574f26b5b8eaa8b08fec,main_screen
29e59ff174aef3889362ed6fd88786c3,statement
ccc5be227a7a69ef02f883d84630175b,chat
6356d78394a0dc83eaaeb88cb9db8874,main_screen
6194292595f862560fafd345718a7b97,statement
4749af437befd164c3fbb87d69aa7bcb,credit_info
0431f102288feb18510ebf6b52c9deaf,main_screen
292ba20d1eab9b8e2053578d18c5a180,main_screen
bb67f242f1c558dad0d834bf0029986a,statement
542de311a996b928d90c5af4c435ba3e,main_screen
218def0a8c38f6dcf09af09d08f4ddb5,credit_info
a8b3d55f0986503a8e59288006b27a84,main_screen
2ec680e9a4483da2eac5629c08ca3baf,main_screen
b68f0e0ddad8a75270a7aa6a4a23cee0,statement
d91cdf78fde4e8810e1643e5c63eb9e5,main_screen
cf718028012c9d11ecc128014a320d34,phone_money_transfer
e4e03faa38d7b5cf648c2ffa3a9af041,card_recharge
d425f7ca63b3befddec6f9919290e360,credit_info
2429b79682170b96c4f4455f100fb5f4,statement
391fd50f37c36dba87f97cf2dab73f02,main_screen
2bbd39f24feae47d141b548cf517b3d9,main_screen
b82abc109b1910a4740f9b30947b0a06,statement
5a237feb6ea15b46ac4a3045da7148af,main_screen
f398bf9f8af0eb3ab215f308fd1ae43a,card2card_transfer
fd84069cacc62401429993ab3f1bae0b,statement
3d00660bd7c7a1620e03103efe42d3be,main_screen
e0357fb31fe1845b68eea61ed265e0c1,main_screen
764844378f38840134c1da0b4ec73335,main_screen
19017f867458c775dff45dbe488c169f,main_screen
338dc30b27486517f1a954c785ac3c71,phone_money_transfer
17b8c614d11c4bcd7ad1fbbf20df0157,credit_info
3a496c656e569e8aa2c10717088fadbb,mobile_recharge
0f9cf6a3a760650a5c999503248b7f21,main_screen
b2949b64c3fe29ed8e69b1a17a49d7d6,credit_info
e0c62c2d15f40b7f2943a0d51fd0a240,main_screen
4bf204c30976c1d0b66fe8d5cbaaeb01,main_screen
19081045e194c1a74927898588b8625a,statement
0dc19f0ec50ea234594270d9410ab087,credit_info
dc1ed744f838f8c0cc4f05d2fd236ff5,statement
d69623c5acaa64cd87fc34a3ad1a9991,main_screen
961ebb777a5374493f1f79188fc5e1a0,main_screen
9e56f84ee21a16e490d1b341bc0831b0,card_recharge
1496fb1e1769037babe373b668ec2dc9,statement
919741c785ad953acd9db5f1eaf1d73e,card_recharge
2b3fe91fb1a4f0c4eb0d620486f7c07a,main_screen
6bae2bb0e902b09056ea218fe0a5fd22,statement
3d6f75515191902853799ff6cdcaf583,chat
b476f4ff352ecbfc4e6118b9d5e84f97,statement
e1ea31d4f238171ad260ff3d3906e960,credit_info
045b104368f4a9a4b086a11f1df9105a,own_transfer
970ed7e02f9503d9d8ff05d2c077e291,main_screen
fd3869b69c66a446f03ab08177146c82,invest
76f940bdb731267200dd41c58b73c8f7,main_screen
cffb0800bf481226d3dd99440828f04d,main_screen
55ac35a2e741f690ee7ac344bfbcae22,card_recharge
5b803f61c342180fe452713cef6e62eb,main_screen
d878886704da292c13c14b4bf59099f8,main_screen
57e1bda48503574f78f28abbee790ae7,main_screen
facbb14707791b6bfdae6097f582021d,chat
cee9ff83d2ad971ee91efd2b77d95839,main_screen
ff83a81d693e5cab2978ec236afcc2a0,credit_info
f4363c01291bd0ca750f9612d0993632,statement
a311be6c7262e39ee2f019e4c361824d,credit_info
b2f100d729187dbe1e548a683f53eeb9,statement
31349f1ac55f823b39ba9e4dea83b752,chat
03860a84e37cff97bf0972625da7188a,main_screen
6822d395b05c2418ef169d6ee199ec39,main_screen
d14f74d0d396943e34654e2d5d7f5104,main_screen
92598bc232e0f9c91b33d15b49149e52,main_screen
8b2b04a5115d63cf339ee8fbd8ee9499,statement
e360c8221d578d099a0db7fc21ba89ce,statement
6a0796775733baa0ecf891dc9e4b5596,main_screen
a0aad5ef28d1f3f1cbd7d283da92b89b,statement
156602faef31083d3c12a2a1ded07a1d,main_screen
13206c3316a9aaa406066c82ad2a9d83,main_screen
1ee5701f219bc62daa5d9cd42bd268e7,main_screen
4516a279c8d1d0384a47d214b29dbc73,chat
3193c0f4a1c14e06d48d556113a27d20,card_recharge
f538783bbc4eb75cb48a35158430c49f,statement
e8df671cf01d74d234a0830de5b59015,own_transfer
d9706af90fe844088625a632e749aeea,credit_info
0a49e45b6515d636c0a88cc6de9c8a61,main_screen
8d1fb7e4d80423a7f23035cfc9cc659b,main_screen
482cf2c522d802c0574ef6512e176e4d,credit_info
12ccdadeb8a4f645780f5dce68e17127,chat
34fa286e53fbb7495cfb1833f28fde92,main_screen
f01c26a3855edc126f50fb54a8f2e918,main_screen
6e13f73870d25330c464fccc23981961,phone_money_transfer
7ceac83cebd93b0c831b98d9c84efb3f,credit_info
c51e7d4205d5e367943f17645f2c6a9c,credit_info
a9c4a850ea86cfb92b405cb7a6a61845,main_screen
c42efd7c28d8cea1b45f46d53a7dbb94,main_screen
31cc5aaa31fe66e9c585449fff6fda36,credit_info
aa9ec2f00f3dfd151126a06f904588e6,main_screen
900f73ad47d81896a827af3a31986c88,own_transfer
af4dd8b75093484f2d21e9eaf1429b4f,statement
25471399ffa11ce2488c742f3228c782,credit_info
866184e675540cd845c9d829551bde63,main_screen
4248d73de67885a21a52ee2be0752540,main_screen
ff9fbf94f9e842f396b354e8035e71dc,mobile_recharge
94ea5c37268fc020d6cecb621b2ee0a5,main_screen
7327610626bbd3166c96167d1429a53f,statement
4c777bf2aef8c2671fe8780d2a8a1a7f,statement
e8408337acbf95b277fc21e7b02d99ba,statement
b26e7360e5eec1aef0616d82343d7b86,own_transfer
36a5bc05ec37529d2c7e22525f56cd8b,main_screen
c160065f399be271ee3294a18b6dae08,statement
b3930751ec833fa2e5ae56e08dbcde4c,main_screen
99409bb4ea10144e23b5d0723ecc68b5,credit_info
2c5e00e301e9c97bced76014fa4e1c31,main_screen
0b66f9fcee9e431b342ab16fff21520b,main_screen
bc2f491973046504867d41043bd3fcea,statement
8a8757e6eccb56ca9b54249e7ae45e84,main_screen
67e761e34d2d49b5bf3997cdd442b210,main_screen
209ef0ef18deb471afc227fb3021d44c,main_screen
88f5a88482fc231c594ec05744fa13fa,main_screen
d0d22134f73965554bd492dd60685b29,main_screen
5c028dee0e9be7b92086d2c40902f627,main_screen
422000caedfbfd0cd5e0562a682e353d,main_screen
3427f0d1ab0b1aa6a02a524977a51fc6,statement
51405f40c703af305f4b7ff0b2e7019c,main_screen
4f9f97d2b541bd7fad30ea445cccfd0c,main_screen
964bfbaf6f91ab067ef406ec52040604,main_screen
e7c7aab3d9e643318ec8a3cf5a1c17c7,statement
865ae1895097cd8e7f3ff43ea2974c80,main_screen
57df6906aee6a403c32e3de6f5cbdeef,main_screen
487686e127ddbb24d66265b0494243ec,own_transfer
337bfcb0f4c5a8075e16371ac827c300,main_screen
85a438f0bc58d1a8864d7e7e3374e83c,main_screen
c076e86e45ddf8c70a4153a00f890e1f,card2card_transfer
6f69f5ce519ae18d9590d6103b3d40a1,statement
ec62ccdfe19ce50ec648d31df5aafd4f,statement
b30c81dc8cf7bf088637524b8c09c4f8,main_screen
a27b3eefc1a3ef7dc131e3ba14928c89,credit_info
0cc1460512105c2474d1356cf974c1da,main_screen
a24192294b5ec8c3fc61d27f6279d4c8,main_screen
05e054f32c82947232b1d913df6c11e4,main_screen
f1f1b1f3b4c5a46e116a1729059df592,main_screen
b0ec2356311012fb3c91e2cee368b804,main_screen
84940866820260b07e7829384028223e,main_screen
1707e46fccf76afd8352b61177b1b394,chat
c357eb7dbdf2cb2bde3beb7c990f0a70,main_screen
bd009ec75b926b85f385a7a5e01b2ed5,statement
a48ea39995a875cf839fb38b449ba9a4,statement
dfbbabd78802887b3224412c28f467fa,main_screen
f972fa12bba76eebb195b981696c9c1b,main_screen
6400c23ec26247fd7ca27009aab229c5,statement
cd03daa5bffa0d522b1632a02e100cbe,main_screen
22b1926b85f812942ca855e456a0818d,statement
c1431fd29be9ff40794e76513505cb43,statement
9b7c6958754626dd0f00db49a0be5999,main_screen
93962c453903a9a50eb0f5189ecd1824,main_screen
1aaff3c7b49d2742741fea3eeb011864,main_screen
35700aa16c6129bd49b17c2a98a2cdb6,main_screen
f54d3532a3ac3193f6cfcd2c8428e4e5,own_transfer
82ec36f86429c675507c255e90b17b14,statement
66e48c4f6ddb461b2768526e01ca6392,card_recharge
9c85e76b5c76a0be079b9696a010cce2,phone_money_transfer
b7aeaa7f910c2793424eeb697be0a828,credit_info
e468767efff4d95a5f48bc1c1c9e4ad7,main_screen
6cb66e48ca854b197ca83fae9f77cbec,main_screen
d7e7c890cc3356b4b8a4169780efbcfe,main_screen
6a6490e4339001a346f1602f1cbe3c12,statement
9a086e22c6b0249118f0b567b10540ff,main_screen
a6c1e3af9214498e27aaa48d8f4bb557,credit_info
3d2b8c9527d64e8de4cd49bca3725d0b,card_recharge
947bf0fea96190c3a3826fea2339bf05,mobile_recharge
a903a95a586dc683a53d7b3111520a0f,main_screen
cb157f3cda14102db42935ceaee59cfe,chat
0b77196acdd8b596aaf1f4223cd345d0,card_recharge
1832421ef1ca19652b5fa6381cb1de59,main_screen
eea7e3b852681d861b6b4eab07c71e55,card_recharge
ed9e3c5e5528a67586b98ffca71a82b8,credit_info
1858f57bbefefbec5f013e837a61554d,main_screen
650876277c8691001c2770a0ff685bbc,phone_money_transfer
f29788339edccdc4a9e479d75b4be4e0,main_screen
96a07e1fcd6be870cf62925cf9dac228,statement
931b8db3e042346215582d9f181bdef0,main_screen
5817015e757c958112448f9444925c6b,main_screen
2793eaec5470255450fb205ef96cb009,statement
43a432d13293321dc4823d9bf163d48c,main_screen
6d8a648a26b0418fc124605001a915d7,main_screen
c9dd0c8bbd070adbbe86152830bea00b,main_screen
d79630ea8cb4485338e5fd27704978f8,main_screen
9d7ef8d27c262c505b449a7fa34c474f,credit_info
337f1693d8c5064fa5f05f9dc94ea127,main_screen
4420660e180c0ba758e86e18df2b8858,main_screen
1a46dece0f66a53ad777a04e75d64ac9,main_screen
6867e87c9c897e38c6fce00b5e1ba1a4,card2card_transfer
6f258bdcc30239f4fbf59a2d2e8b61ac,statement
238e5771bc1259a02ea4fafc549dddb7,statement
d8a4b6360548ce4574f162b551511756,credit_info
8d2d6351f408b4047a235eb37423f283,phone_money_transfer
77adf96006a2d6dd15af2aaf2db3a1db,main_screen
9693a57b082d99553631cbd2765746a7,main_screen
a2fc7b30140f75d8c903067ca45c5c71,main_screen
511d6fd33dc4cfb62ce4b012495cadca,phone_money_transfer
1cb0debf0798ddab268637d9d46b1341,main_screen
323247f78555ec2c660707cf35e6de7a,main_screen
a1aa3dc7f2bb79fc118ec21516b2d429,statement
701f8c77e0e408000a36aea22fffd979,statement
614fa3e5b694982d89aca0cbc0002a95,statement
1984da4f55a2ec2c5749261214127b46,main_screen
463b9d90a826c596b086ef8753d47072,card2card_transfer
1ddc34228517b0302f2e7945029e98f5,statement
c9161a6bc346757b48bb1b7424528328,main_screen
cab11ff0e9e15db8263eb3cfbf37cd7f,main_screen
7d4618c5382dfe935f777fe4177e3e30,main_screen
3aa001463499f8bc8c56e093424708e7,statement
6ed31ab32b5199c115ef0ab514b8856c,main_screen
25714ce7bd8a46976a558f0f77b53dac,own_transfer
e7a92e8ac1ec3d1fa78f41a24129d709,statement
80c0dc23aa14f9515a204cd02971733b,main_screen
24520e4cbcf5a2cbb06e751eb7f01f10,main_screen
94d31ee2d492d5960f08e755bc6c88cd,main_screen
7586dbde366f2e218c22c1714b943590,mobile_recharge
858578da6284fb33b08dde0c087f69be,card2card_transfer
e480233e74a79cfc2605c4007d46345f,main_screen
36157c5fc7c9d350a2d2477c1c3141ca,main_screen
c0969cb50bb6cf20006036233f26f0e1,main_screen
07865e3474ccb75d413b99380e18268a,statement
a29353bb00a1311496c50610442b19d5,credit_info
d99637d2636dfe20e860c63bc3bb210a,main_screen
9c68e16cd0ba131f1ec299ab5e716c7a,chat
56226f304f524f78fbdd3f1deed07d01,main_screen
376c964d956425250f82ce06efc0a38d,main_screen
67e5df05fea3e01bc842c38056e0c9a1,main_screen
4f259ae2e4cd4461a4ce9c1d509a1298,credit_info
c00ae0a9000606fd663830e304b88466,card_recharge
4a328dd60d4aad3288d1e893533f2f99,statement
b7217db129473a52dec96576d1b23553,chat
35ed7ec5e0e11c21109faca47ac17334,main_screen
7d8bf4904c967b375b3fd4ceeeb71495,statement
1e03dae408d4acaa3b12b7c234905759,phone_money_transfer
4321a6e06d526a107d67f0e8de2b0663,phone_money_transfer
0b455785dcceabe445166a949c3324fa,credit_info
78653347555ce9ec42cb7736befbe457,mobile_recharge
4e9b8674943a64dd7256fd6a602047ea,statement
7d7e0ba4113349d1e9718fb7f5a9087f,credit_info
d585f075d6129a7ab93f245b874315ce,main_screen
01c68ab5d92d2c40654dfae585f88657,credit_info
bd0d77fbf358dc5189e7142069c52af1,chat
6a450552c999fec20f2d7c54d1935295,credit_info
87d5a0fb946fb17d57117ad04cd11763,chat
ab18817deb376dc7c2f7016618d2d58e,main_screen
7e33d72e0f19acb929a86e5405f65853,main_screen
18eda1bbc1af4bd29a5c0b89dbb04d11,main_screen
be048045be5530b7fc6bf0145360fcfb,own_transfer
ca0e657dec3690e6d37214852b4f810c,main_screen
15487deabc163cc1bbc4adc4193a6249,card2card_transfer
efa1d749f514e0ef258d667faba48aa7,card_recharge
4da16986ccafabce05a8a1313fa999ec,main_screen
62e8880943baff6c29cd8a105d53306d,phone_money_transfer
5534095950890bdea2f370044b7771a1,credit_info
09667f2c2b7f87441c057ccf04c760c7,main_screen
e6a79c866d125e47bbcff1bc4f5ea2bf,main_screen
fbb7781716af7f0a3b16baeae635cc0f,statement
26e5c5e3c601e80e3529994d8cfb228a,statement
31ecbe1eb8091b448d80379484d6f53c,card_recharge
607280119fe469c9155f57e8faaf1483,main_screen
e1c30cab9293bfbd0fba2768a56c5f24,own_transfer
2f378499dcfc0f82da382ed0b8e273b2,phone_money_transfer
8f84e24484d8ed5f99d4f617c3cdf940,phone_money_transfer
02f6e95e5dbb9947db095a60d3c4b9fb,statement
804019c528d56ff2c24048bf8c4c42cc,credit_info
72931243795c9d420855703400d3390c,credit_info
4948b6b179ca2af497906fd06f98cedb,credit_info
270daee3d5de0b956c0c2c5c90ec99d3,statement
afd1a9ab539b9e06366cf5a23876c79f,mobile_recharge
12f847efd3755af25066cae7220a030a,credit_info
85f642e4190fe786c3fe12343c064b48,credit_info
33f5f50d1388cbd7f04b48e66ee469d4,statement
ad32c137e10e28ec4e206ac10ef4a6ca,credit_info
4633cc876a6d131db8683e8769d567a8,main_screen
f351faf18bdfb39dfd7dd701bc7857d7,main_screen
45052d5aff84c6ff217ce0ff7a9d1a8b,credit_info
e3bba4ff185ef094afc338e83a2a9a75,credit_info
7b5b03bbfcb2af214e42ec2179977266,main_screen
1876269e9bedf591407a97504d4a180b,own_transfer
69d04a7d90e7e52a28db958c77a79356,credit_info
f78afba65eb1c844f4d5f37cf7049dcb,main_screen
734c404c9f3238a631181f5d8ceb62e9,statement
449f228868984d5cbb2bf6171d4c790b,main_screen
6eedc3a9d75d4f19f4b111772d00fc0c,main_screen
d7ca15416ee985a741ab47ea43ec7a6d,statement
beda5c254ff76ed6b65e7aa7d29eb409,credit_info
91155d1eb84bedf0931e07876dcdf1c9,credit_info
acf156901dc3630a488de4d3f89f1afd,main_screen
fcb28418d213d33f9e040f41e4a16dc2,chat
657bcef22cc96d036e57d4af07539bca,statement
b8242cf5f0c1543b9c5f51a6e613d0cf,main_screen
3779bab2cd4dc665257576041158975d,credit_info
ce75413fdffb0f48668863a0a9043c49,main_screen
2b43bac4fcd6e38f6271c46c6efec80c,chat
cfcd5f5e834e7202bfdd45768427d8d8,main_screen
65049eebb15e11f8d9117af9d85a0a7c,main_screen
c8bb47afc900207c13d983df737ea0f7,own_transfer
f07c7354b529af128c0892229de7d487,credit_info
05f9b905de013d2389d91c15e049a426,invest
9ae837108c881922c568f980cd663227,main_screen
98c4909b4feb4cec13acf7c7e3196930,main_screen
55cb77e173e46d6021749f9418ea520c,card_recharge
7f0f05ae90043e56de8f6bc6728ef189,mobile_recharge
3e9a64024cb53ad47b3132e1cc2b1881,phone_money_transfer
75b28fb40b55ec6beb00a2c4ebbb8fac,credit_info
5c7d5b5f0cea66beb5fab172ed4ad213,main_screen
cbe6f9b884aaf73ddf675b68202cf6ee,main_screen
6a5a019704c646fd526e5f6544252289,main_screen
13ab76a08b2787a327131b951969a25d,own_transfer
8bfc85544c4cf3b524c4adfcf6e425c8,statement
ad0968b1d2dc3b4703ac9f90c8c08cca,main_screen
5e2ac5f2196d0bbfc434d23b1afa137c,main_screen
c4780bf7858befeac759bd48249ecec8,card_recharge
85570a5aa1d026eda358a91f2f407390,main_screen
74b4d412d4ca2089253c2cc133c7a239,main_screen
9cf1f810ea9f80ef0ed2ec8272f83f0d,card_recharge
ffae77b2bbfbc676887ba08db7d909ee,main_screen
3f4fc5f4bb57cb48c02a4d294d4560a3,main_screen
cd3beea084de5ea8e0edc82b9a1cc61c,main_screen
b9be810ac463ebfb03d6d764dc5248ff,card2card_transfer
4f69d4233477038b3b2b3fb6bd09cc01,main_screen
6d7d15cc80e80fce7bf6189f01086370,credit_info
fa3b8eb0752b1ca31ae0245883cbe69b,statement
25921d015b3380b4309fd47e2e615397,main_screen
c931897d2b1dc0c12aad5b0fbc8820b2,main_screen
b111d7d529d6cfb5d0aa40a815324063,main_screen
25a5ddf874dfab185b41392c0c7f0b0c,main_screen
2059c51f3bdeaf27aa8bdcccba828280,statement
2a285b38ee44fb3c44769df5b2085ee6,credit_info
b5fdf8a4abee926153ea3eef63b7e0df,main_screen
68d03c16870bbc6b6019a994ab6f995e,main_screen
327098f27095ea39887dac400ab2a36c,main_screen
432804ab4d5ab1fc28151846734c1322,main_screen
6ac16c52494bdc7cbfbadb0ae94dacb0,statement
15b3a84f50f2a6ce015aa2ebfa174354,main_screen
300bb9b2a08c36acfcbfd2210ef495c5,credit_info
0f2ad921515af6826ffc971b40a4dd8d,main_screen
0c76f64fffa549569062c03d8ae90264,card_recharge
e2f659078b2dc9ef7c8f4626ff72a619,main_screen
52f0500056263dff9c681772bbef4b9d,main_screen
43e64b90dc25762dd74ec1e213787864,chat
a30578de1a9ce949610233e7cda94530,phone_money_transfer
ef4f45a63aab3e7a3e850259847d94f2,statement
33c1afe7180d2475b4caf651309133a4,main_screen
c31dd928a43d95aa8f7bd867436d35da,own_transfer
463df465d64eef7fe2c14c0a07bf0347,phone_money_transfer
0341fd3d8c3fa1bf5a751dafce2f8891,main_screen
2e3ad43e0a2edcdf5470473e09502f74,main_screen
c599824d484be036d38ca783e854edfa,main_screen
2b810a44311ba5d4d4f3273897c8b5c3,main_screen
8593c5a69830cda66d9a99b67592f37e,main_screen
ce3c912d3d4ddf51c646f111af35026b,main_screen
b62d41d422180022f0666246857c6c2d,card_recharge
2675ab80450c36c8f2600d8dcd60b43c,main_screen
71446622993a1b489ede378547961010,credit_info
2d7822c0573c4a31bb410809cf222b6b,statement
deca6b777adb0285117a120ec4010c85,credit_info
763a5e4f7cd955f40dc444451c9e758c,statement
659646a113a72275789becafd5e1b908,credit_info
91e08d9fe603a634155978668bc66b17,main_screen
67bbd3a7e87d1d1aabd9c0b90a6b69e3,statement
81cbf78bb477c8e00d11eb5f3956e319,main_screen
4b5dfb2acadac07822a0190bb83d3d41,credit_info
2a60bd9833d0b0051449d54448906263,main_screen
44ea6e97af0706b29527ef2229a07df7,main_screen
733b4663c331b303936e3fdcc1dd8c1e,card_recharge
cec3a4f16cafa6f052ab5d18b81bb71b,statement
03c60f65733f9b5ffd1abcb4652e5e34,main_screen
6dc1f26630d1c014383beb689379402a,card_recharge
f6f7c42aa423d5a17abe002624cf5b83,main_screen
94bb0900918057a7eb91a1a8db97aeda,card_recharge
e8eb8c581cf86dda9e531fc6be041d9a,main_screen
bd59a2d8e5d2df29a8a9b41f0ca6584b,main_screen
921a758550f736db270fb9042c868a6d,main_screen
a076692a6bb4e0176f5e3b5c04ea48ba,chat
051805f527201c1160e02c3f4bf66d2e,invest
1d48acf4a234bdb5236b1c6e5be97c9d,own_transfer
0f4ed100798d16fae674c7595ad89451,statement
1fa11c99f14e7cc547cb0051110caafc,own_transfer
ae6aff07fe8e402d13265e23c7b53495,own_transfer
1772f5156f2c516e61b3853f1d92e78b,main_screen
89c881ad4c94a1e8e67e031569e7a122,main_screen
89b3980259a7476780ec7ea1399c6f82,phone_money_transfer
acec92b3c093700f3fb2d1dff95c1c97,main_screen
bc1095042116193ee4982caedc805ca1,card_recharge
3802f1dec3e5396e86c7851057d8a712,statement
b6717792c0bbeb1d2b9734adce379c1d,main_screen
4ea9a48fbc06d7c3439c97ae3c3ece33,main_screen
2106a90ada9a02e90360ba3bd3f137df,own_transfer
09ceadf003b519d8ecfa7962fc8da935,main_screen
452aa149fc808e3ae0a7e82824f57d7e,main_screen
5ddb0643130a1e460d3b25a72563499b,main_screen
4dedefa07852e94df984c31834c70045,main_screen
46f013b2cd182b28e1411942ff58f770,card2card_transfer
d09155eeabce1e846d369f7174ec2474,main_screen
c9109e69ded3e69720393b69e3777de3,main_screen
86089aef5418a730aa2107c9163b404f,main_screen
e2e80d651a13e8694871ffa88d27d45e,chat
f94169214e5ad0f1595a29ff67474a7b,main_screen
08d2c5b4d4aa06853690d8175077f709,credit_info
047f2b052e9b8bb2ad86e27885c917fe,credit_info
0d6a7725768ae4f5235860ced8ddca9b,credit_info
230188790194112a6ff26ffdc1280236,main_screen
83a7b287f64e898bd8679d3602b725ec,main_screen
d6f8a484515a191f404e629bda90f553,main_screen
2e3134c8c2c70f5d5215c5b32286dcd2,mobile_recharge
507b4574d4e80e01ec4163ef3c1c6ac7,credit_info
15b8cf7623e724346c7e8df64e95d62c,main_screen
05d81b20440cf3a72c9d74c7025deba6,card2card_transfer
09e8e451232cbd202abf8be91420d1b6,main_screen
2d309dd1fd528efe7ef235baff291a54,statement
54dee42f8560b8f51aa69b96f114f668,statement
84a672945bae5bd616b45dd92c1cfbb4,main_screen
6a1216927989f273c4bcd58d00373237,statement
2e9c3b49dc048abc56d27ade814419d6,card_recharge
68a7029de4b51776daf12caf4a30511e,card_recharge
a69c9036d05ea5ac3ea7f4bba10d8ba2,main_screen
c7639ce2f0c7399bbdb9f20c02a9c708,invest
547c646a83e64850323d128a7aba3a33,credit_info
7718c626ae4a2404b247cc0da9841844,main_screen
cbcb0e0dd859c718a82c12a3c38a5860,card_recharge
029e38d9648d409f0ddb946571a6b7b4,credit_info
1c753ce3d359857ff6c529532af140b4,main_screen
01d11f1aa53fc60ad08f84dd6c59c455,phone_money_transfer
890fbee9697b17b990fc52abd92b75f0,main_screen
29382a3ad9b604d9b50eb1eca6bd5191,main_screen
d5269f76d8bb924513cc6082aed41281,main_screen
ee6c5d9c95eb7608c9cde8cb8054c080,card_recharge
b7bec4a535e593dde5e578fe7b92c545,card_recharge
5dce932d894223b3e864c9f9f02ac65f,main_screen
0893cb2e481989141276a6cdd5051709,phone_money_transfer
d18ff096a0289af049dcd3531542508c,credit_info
9d06e8eb5885593835f932052832fa84,main_screen
46f491a5858f2397a2548b0aea4a415c,credit_info
13bf7e07ea5ce7ae141898920b577bf3,chat
79d4e628aed1b6104f854b605ca54b09,credit_info
f1cdae5d239480d7b87153697d5b9eb0,statement
2a27763e491042337ffecd30811a88ab,phone_money_transfer
095b623bea0d03c8d3c45ba634ee6aa7,statement
c06b6fb5b03be2f7103c8a86ba7deaf3,main_screen
c803d5aef5cdeb653c132ec0046f9093,main_screen
f9e3c8383827344e76081cec00cecf00,main_screen
fcbbf19fec4f5cc4dbca6d10e147f386,card_recharge
a8331a108c7869318cdaf76de65743d9,main_screen
f4c2ed699e005ba2029cbe3e9573c77c,chat
13dc149052133d1d8269178c7b83060b,credit_info
a109f1d7fb83cbdadd74d6fc3604ff8c,credit_info
19f49155269af2f7e4f4ed12f8f8940a,main_screen
0502e1a10b6b7ff5ec3e6affb15da4d1,main_screen
429d93dc90917c2f9327f452bec0627b,main_screen
39eb6484bf479e41c278b31f5e2972bd,chat
97aa7b7311f1152eeb5367fa3b1008d2,main_screen
189018f9c1a401f6d981fe227da8d315,credit_info
55000bd8a5ba4cd109824689893d4282,statement
8200892c1d54713f7f785d3b46937f71,chat
51cc0f16479994c2c317358342bc6a7b,main_screen
a572bea6aee3a22161f27b0818f525ba,main_screen
afe5573a95d24f9c7f4e00f59e431bcd,main_screen
81ac269bbaf3f321f3f05b3cbfa1dfd9,statement
141abbde7adc702b07c1ac44c9059128,statement
5230ec5ad9146c1feb2e08412c784d22,statement
c91525ed5fca806a03fc650f9673b07e,main_screen
d1975c5936d726a9f8f2ac224745e72b,statement
4aa2b75dffc7c0ff2683f99b97d12ade,main_screen
20f669ed6716afd79c2a8a970b105297,chat
dda14436d528de4c9153fb46869b7efd,credit_info
a35e643ed3d9924bcfd8ec657ca635b2,credit_info
e6beedaa785aa91ca434911c0130c929,main_screen
233736d8dfcbf75d1bb057ddfd1f22b4,main_screen
95dca2239745e2900377e716eb9e6b4a,main_screen
7ac8996b06216442e52d68c01afa634f,main_screen
09ef7cdeddf170e2e68496973fccde34,main_screen
6258e79510ab4358f188c3fdf312a141,statement
ad623c80c4503b903376d11c6080668b,card2card_transfer
b1ac7460e1552be09ba9e2d53069fe4d,statement
e2c993f24f70ef0cb05bc0c21129b150,card_recharge
65b22909bc0f3e486480f0892940f99a,chat
8e8e300881c092db00996bf1bf44f941,main_screen
c9301b9e5366bf303518a9668395ebee,statement
9f42f8a444ec35305586f98477806e60,phone_money_transfer
f2686875cdc922c131c1a031648dd634,main_screen
b8d7873d59ae627d2d07ec75f0f7c3b3,phone_money_transfer
3e9c535aa06b217323a0f185d7f4b5a2,main_screen
8e1baa0a3c79f6876eb7bdb36781e851,statement
15d3cdb79d4e13d086fa7037802d59bd,main_screen
496e747d143735decb51a11ef528f445,credit_info
40d663c4768167bb89e21fde66cb8097,main_screen
32def9fcdd5075dc5fd24b866832e057,main_screen
c9be9cf7a597dcba721d32b43b210923,main_screen
24a65ade6b3bd9212227193a1970b55e,main_screen
9b7e81ddaacfc59aefbb7562f8534ac7,main_screen
6aeffb0baa6698f7a36680e1ead2e646,main_screen
65898d67d194a55f5443347e9afd7a8a,card2card_transfer
2e6cd2cbb5c699e820f2719dc4934f19,main_screen
20af365da33d8082449af62e2977fe50,main_screen
b16f62777c91cd71476c8837c2c3f5db,statement
89c24db997ecca185fce114eede0c397,statement
81ee5d7d88772e37bdbacd4a9e7d69a1,main_screen
1970eac9fd8c5d13867b4d62a6aa99dd,credit_info
b08e87ed8402b7b737c2ead12406cc37,card_recharge
f0fd0ad34f6c40a121bd0fa3e7459862,main_screen
5f6fda3af7e1d315f5709914f08ff78a,statement
7811ec4c79077634516c5f7fe177ec40,phone_money_transfer
ed00fb8a27cd7e288c9d3501fb56e407,main_screen
be175527142ae2796d09c1d852b8db59,credit_info
cd721b60c8a9ec017f4121e7f6788cd3,main_screen
ff9796baf0ec5183a4660e653ce08ac7,main_screen
d888437fa94f4b16998346b98f930072,chat
a9b0b6d796774fbb60a55cf34c05cb26,statement
be1afdbd4d6f448cbce097755f796ab9,credit_info
f7854dd1b03f1676b4b974b85e20cd8b,credit_info
e888b6f886e70e249c417bbcf1c540b2,main_screen
904cb5fd666d6a4a299b982579e82a77,main_screen
f5ec2133bf3c3796414086e18b3a958c,main_screen
d79cd5ffaa10ec980ee775ac8406f385,main_screen
7a297af2ac71ea3fcf88c08a5d11b490,statement
904c4c7509851d8067f723a0504e6ce1,card_recharge
6280a4116da9229e642889071834804a,main_screen
54f6aa0542eacf8cf13aa468e633860d,main_screen
e87362fafdddbb0e407a6e5aeb6900cf,phone_money_transfer
9da5c14ac5c6111cd7c5d7358c9e6d28,main_screen
133c9130a46dc15d8395c427eddfd837,main_screen
59fe0c82758f5ff39eaec38f67f68f5d,statement
36fad268a160a02d8640a53e9fb393bc,statement
ea7750f8035ce14a8e0018c799c29c86,main_screen
5a1f1169f0f04dce0b790400573afdae,statement
588b987bb0a2174c40b3a77ff94682c5,main_screen
ace76f0a62d2ac6554f8bb99493fe6e6,mobile_recharge
52818b09a06153499dae9983785e2d1b,main_screen
cb8eea2f1ac33bb35e30fba7923c5a71,main_screen
00f91ced325bfad83e26a323efc66f82,statement
14509e744ce29fb0a92048f684a5d7a0,main_screen
d3a57b1b48d291efa609d510bcb1b739,main_screen
5c0bd880ab6c84bc4ae126ff4834555a,own_transfer
205fe6638106ebdb2e9716ec4cd27edd,chat
71aa5e5b6a9b2a5a7d0f495b1a0a95db,statement
4b866d9da7c7ab1b7edeb0f1cdaee128,main_screen
2970268dd387fb5a948ab7023c2b31b2,main_screen
e1a37434646a69c3d7be4f1df5a52679,main_screen
8e3a0d3911af2f8b1fbffd569016175d,main_screen
ecbb233e6ef32b2acf83ba82c9c99df6,statement
ea0f53aa6c6c4854ba146efabda2de0a,main_screen
61e996cb037cc2119b80cdf278a275b5,main_screen
e16cd5e0df44b273d6d7d73165fbaf4b,statement
60f3504599d01809f0ba7d0879a02b24,main_screen
0dcf56f9f81262e9c8e59ceba1e37014,main_screen
3f8a33eb473309ed7f7a684fc2665aed,main_screen
f4008913468f494a112f6e96e2e1455c,card2card_transfer
a044a0d109fc69cf5d98a6a9ecec313a,main_screen
8ac9684a3c903b59b6c46629e42629e7,main_screen
92ced2e65860c11d1464b2ac96a0e90a,main_screen
c5f2cc55efd93f10f3b6900146c26501,statement
8c86cb03ef568524ddae5a5e10a67d32,card_recharge
fc109a99c5e7e4c2b477a3c26175eedc,invest
d2e9510ff661151ec24ba1f6983623c5,main_screen
e0f49b494ca9e8c389f493cf484464c4,main_screen
faa82cda4ef15ca9ea8341181c22e41e,main_screen
b96d49c9983008623f66e72a02498337,own_transfer
3b1b8d33d03149a62144724873241e5f,main_screen
b9cb6921656acb375c64f2864f0b3435,credit_info
e349939d810cd48d133e1b9afd2fd324,main_screen
35724e6333fc54537c5dc6c3dd4f2e76,statement
6ad1283dc8b98d6880220ab0207dd7a9,own_transfer
cf88a7ea705dca3b777eec614d59cdc2,statement
65e1cb407b0e5369df24094fc69cee6f,credit_info
7989c76734754d8b639aa9f0344f487e,credit_info
ae35251c0933af400917f4d3fb59547b,credit_info
f0e6b4689fc17c01a7746ed095bcb191,own_transfer
2aaed7896a4120547beb8374c449f3f3,main_screen
3e96f14ebff1a32e24fdbc9bc9b5d400,main_screen
9d22aa2895fb8f724fd6531f44e44891,chat
5f95a6a79c938c1c4922248acf4bdf32,statement
0924f0013e8c40805382e2cbc3cfa691,main_screen
141fc03ed412f35c14c6180790c9c4b9,main_screen
1b32e671f180c874baeea79fb611ae9d,main_screen
b26c2b6796c9111e2bcdc16cd467a2cb,main_screen
bb701c1914ff15084c27f6f89629a200,chat
b353c380c6d34e78455152585e5a6146,credit_info
04f7de62ecad185178398e49bc5f3374,statement
4c2c61e0ff1af92878bc446bd61caaaf,phone_money_transfer
61fd9addce007bafd53c85ef60bca465,credit_info
ed262a81594a06de79925a05618e776f,main_screen
d78aa76f83b9312db9a46c88e9438437,credit_info
84610e2b162bd37eefb93ced7463decd,main_screen
e370819acac16a5dc38577afe5fc8ed6,chat
934bc04af9368fc584b05c9e09f4eaaa,statement
9718115c90fc3003012b217ca9f30765,main_screen
750256ca0020ea599824d1ec00147944,credit_info
adff5120b18112fc8863a2350e7f8efa,card_recharge
c1f3ddbc97bd45406f134ddf526cdf1b,chat
e2339aacd71af5ea835a094dca8268e9,main_screen
918d09853f48d1eba95e9996659a7de3,main_screen
fde2a578bb95d763aaf188c3e18239a3,main_screen
f46818305c86c424242fad5f4adc2fb5,main_screen
ee491d4446bb7c82138a0e6e287c4be3,phone_money_transfer
d9541494bd932098176c6ce4d8778d44,chat
16a449fb7f914eca8dfa53325fd355de,main_screen
7f5a46fb230345b8487cefb492f3cff9,statement
7c160ac2fb8b874c45a37ab22fb3fb54,main_screen
6a8e1fdb8f8c6d38c2ad9fd10b743c20,main_screen
3ae4b66efd60fcf53adb6e825dce8e41,own_transfer
d3dc60e80e53548656c15f68f399d701,main_screen
a1a9102c78630893da1f74ce17eac11c,main_screen
beef680441f2c3bca2050094993c6d19,main_screen
6c2dbeda53cabbc489c558e09c13dc8c,main_screen
b80ae4a5f1826c3c4c2354399d196087,main_screen
e4d3072ce3e2739f055c0b1f7c3e9786,statement
38f25dc4258d87ec9719eec29002f89f,card_recharge
92e303ad63cdf70740a2649748f8f096,main_screen
af595836b4eae894d2493d181ee77e78,card_recharge
668e9d82f6088993c33a7aefe0511a56,main_screen
39277be7ce22a6d1732289b5a79026c7,main_screen
d9e6dd809767bf38b7bb6e0d07492120,credit_info
f5344d3356c8baeb137ba01781ec18c8,main_screen
bf1f4744cb05a30b1674f126c0f6238c,main_screen
9404af0d32298ed7327c205706525edd,statement
a1c8749751a9371f4989838fabbba951,credit_info
45a69f3d5045a36df1e3a6c98b976403,main_screen
83889a743f4f4edc828566b49fda15dd,main_screen
a9bc106499a7a3d063bff7a3422912b4,main_screen
3c6bcc2aeae271cd7086f7ef73049366,main_screen
a7f9ae04c484a992652f87dd7bddb095,main_screen
42a4591a21b981e23744d58827bac3c0,statement
ee906f1f09b5c0116f5fb0342d25dd1a,statement
189c7b34631d59595e0a2f5d80d3274e,statement
32eedbdaaa3bf54f0698633d47017355,main_screen
5755863be3ba2a63fa375ded5e276536,main_screen
cd7c87ccb2e54edf13f1a1f00288cdd7,card_recharge
e5b87c930f953b97b5ce5c23591eaf3a,main_screen
6c8de84f0e164d46b4e3b61ea559e1e2,main_screen
f2b0850925f343fb16e63ae27582d7a8,main_screen
40831ff6878457c137407ed5c73ac118,main_screen
75ecc6dbe64a18cf8a6280050e2c1d23,phone_money_transfer
e09c557d3a9d1129f1c68e8fe57b707f,statement
93842d547e60a2255953cb188e1f6faf,main_screen
63bd1c98c6de31c19f726466daf05fac,main_screen
8db5156a68d2d12d906cdf7565afcaa6,main_screen
19330a42133d550c0f387aff000a1955,phone_money_transfer
f1f5dc800028fe1e5908407219f6d9cc,invest
422ae4df1d321047000ac3d035641e96,statement
7368bbf9f2bb392233e7394222a7e3d5,credit_info
d67ec8d84f8880d8b72a0c3ddbb41d96,credit_info
92cb845de01dcd3ac0d4078fc65d97ca,mobile_recharge
f1db222753190527e55908421c5915f4,main_screen
1ebdb2e76b158aa375b6dc7dcfbe8cfe,main_screen
f98d13562345faa4d9e21c37f7b7d8f5,statement
45cbe9bc7e07dc7d71d3c848bffebeca,card_recharge
0b2c6de834fd97bd6de43ea6d730f46a,own_transfer
72ae4f66ced57bcdf4700dbb9406410d,statement
ced42134960102777cbcd00b44745413,credit_info
889a0fdbde09f982bed424bb3e5d18c5,main_screen
0b6a01311bd5656254a6b23dbdeb2f4b,statement
18fb2e2bca5e5bbd3b0845c233a7cd99,statement
1cc8f3f41191b9197f6e1d1a9044af34,statement
29222546ad8263d8a6ff4baca16ea271,credit_info
e88753c96102219965478efbc5f709ca,own_transfer
76f89ea7f3dbbce9465552a47fdd18d9,main_screen
f00b68aa3083f8e0cfe570b1c8abde99,main_screen
15e3a1b9f9b3272248bf7fe131282c53,main_screen
d4325b6e429d81ffd41ebfbea6137b1c,main_screen
7bcf7bac456cf4a4d7b97885fba8c570,main_screen
9ed5acd41f7d7df4d3bb19a6a238e3d1,statement
8cf3b89011d99fee25cc62be35ce91d7,main_screen
fb793b07ddba54010479fea800bcc3b7,main_screen
a2ae14af3385e68906819cdee46b4c9b,main_screen
9b11ed472ca5c5e2d541ab20af183bbe,main_screen
93ed60d1978471f2a756412eb3ffcab7,card_recharge
b417bf6bb612b123a0027232cd47ef20,chat
8de6b3811f02fe2c91ad871d14415270,credit_info
520279df8c6336efeb39814ab7b5dbfe,main_screen
971654cae958c431df9311ae8be2ca95,statement
30c1d6a8f383766d944bf61b0a6fd0e2,statement
77ae5585489f0aade6211783ecaeba3a,statement
07314caede35b4288f908e133b1b4b46,statement
c08cbec929f418228e3a8bbdb9d7b833,main_screen
4539d5c8085823b5af954cd0da34e2a0,statement
30d9c6c5d7e83fed9e1fe99b3a920493,phone_money_transfer
08120c2bd9a0ae9cb20b1beac7a64781,main_screen
5ee1815e6c556b43b0e31774c5513bf0,statement
6a7fee453f8f16120b657ecc433fedde,statement
d7b176fb3612c3939beeeda5bc5b04da,statement
ac84f9f8ef1c2ba6784a6ad36a931e52,main_screen
4e48d51be2b35d19f0e31e3df710436a,main_screen
5d01cfafd1604e5fb41a413639a0a44c,main_screen
a53ea5a8adc8f9a19f95d8a4258bede7,card2card_transfer
906996088d2339cb5567cffca0ec9a2c,main_screen
6048d3b40cd6d314d5bac9627b7d04be,credit_info
e3adf0eecdef6028f23e588f9d35be7f,card2card_transfer
7d68d4f9d06ec6817ae57a2475555eb6,own_transfer
d5e02cbbbaebfe0921918d536f2cc2a6,credit_info
54cca8df2c6b812154b9821c4365bdb2,card_recharge
512860bbe27df8dce53ba2a43a06f032,main_screen
8df1e561a21d31c108882bbb2b235500,main_screen
fffc9a7012e1a799ac60fb8713107805,credit_info
af0ed649ab2ce91ff1dd8c5de4dabb1c,main_screen
a0532a20fc8c92ece1385613ba3b25a3,chat
eb83699b26693e40bb4f857d86e5ff93,main_screen
3b3b2674c03101f17f97c9039fa40dc1,main_screen
7ff788dcfa3d8c003c2cace0172a9009,main_screen
97f9b2465648fe8a09e1da17b04698f7,main_screen
1d68cf59355367b1929d87c40326bd54,main_screen
4ab2734b55ede23052d0a66f55e1d262,statement
018c4ddd9b1c20a2b5af458350eb8695,credit_info
cb0a0300aaa93805ed899ded831323e6,main_screen
40ad071444b3e6fdc7cee7ab78cdbf4b,statement
bfbbcd57e3f2677e5109213a9b959e11,main_screen
065ee5db45e5a5451ca1e727aa599893,statement
892edc2665eda24fc2e977ad1f6bdb17,credit_info
3e814e4054efc0376843dfb6e19ced5a,main_screen
5221dcfd1d4010a73ffb5ae596c986ba,statement
59634da8f34b997b9016684c40c84e38,main_screen
f614200dd6b437dac0697479afce20de,main_screen
bf30943de5b954ce318fc424c6fa8023,main_screen
6666da91e79b6869d02a4072c0e68c83,card_recharge
3eb703db9f6c21bd0b7621356380b68f,main_screen
6f6a42acf757f8706edd4fa43d92c7cf,main_screen
a85bc245ff3fdcc7874cecf208bb27cd,card2card_transfer
85896fca78cfb2cdad75429973f11f78,card2card_transfer
eec837bb36adef1d3cdced0b49949835,chat
9ebec5c87b648484915a9c3a032d8124,main_screen
17a2a5ac3eec12a4829c4ed3b0c4147e,credit_info
0c5842ac8cfa58cdc3bdc8b5cee472e9,main_screen
4732f4da9ff37585e31c2828542d1e13,main_screen
4ec98395b1e7ec5b4bece76069a64c4e,main_screen
3bf30b53c70c1cc93dce5f11865d8dfa,main_screen
42fc5c229884feb85beece9b07cd9213,card_recharge
d8757d81baa44e5f271a26c60defdc50,main_screen
1516ffd5cfede824be46e45c3ee93b68,main_screen
18601cc807d0922307313e5dda062ae8,main_screen
289cc955100df5d97afe83b3354d57ba,credit_info
d7e19f3039260aecd2be4de237c84378,credit_info
26a58bad9fee15dd097e4018c64f286f,main_screen
ab9e42db8c4ea4c527365a7c28fabff4,mobile_recharge
1bcce40472bf5916ac47814394fa5761,main_screen
59ae822e6655ba0b12d5d6e5b6e4d035,main_screen
f7154f3d4e46c54ee66d63b87c078ee9,main_screen
ab92e8f4c223cf350696d4e46eba6434,statement
f6ee0eb29e0822385256f8a718cf59bc,statement
faeb8a7b98ad717a1dd83391af3827d1,credit_info
a8641b62228da2e8f33af16d0403696f,main_screen
e968572a88fb56c625244c231cfff7d8,credit_info
47f75e467b5ee21b29ce4a86e35b2b03,main_screen
fb9cfc8271a0591d97a3bd096411ede4,credit_info
b793e06309b2cddf442b9e5dc7d9e116,main_screen
47857177c97ebbaeb68d200cdcdffdef,chat
f21e62686c8340f5bda4b9fad2de8b6a,main_screen
16f55b245058cc6546a48b6c1dc69f72,card_recharge
20daf24c2481c0f58003662c42cd1bf1,phone_money_transfer
3276fc9d50ad68e263614b14ebf80b20,card_recharge
e14ac59f017d51b2c477d0210f7d4cac,main_screen
1b7335a7252e5d38f3a6082eb0b65ca5,credit_info
0d740e0ffe3c3b92410c447a8490e602,statement
cfa1b7829d6d640493b932d682209392,main_screen
36f7b5517cb74c7ff9a9b566268bca92,main_screen
0efe186a21cecfbf01dadc4e2944345e,main_screen
df7cec9e4bd00cea2a0eb3b24a4ebff7,mobile_recharge
e041747e8afa981ef3c60013f5bb9272,card_recharge
848880db5b1e240129d185eb2d34fd1e,credit_info
04cf278fd410f5219cd9a017dc228103,chat
2f1fa5046cad4ef913d75c58d276d403,main_screen
a84d4c002f3b056826aebb217e0138c2,card_recharge
b1a9b41c09cb45ef94a50114c4b8553c,own_transfer
a705a71af6451b53b4e1ab332a3cf3b9,main_screen
5d625f27bc369dd04a9ff8c702c692d0,main_screen
cb28f6d78937cd8bd392341e96f169e1,card2card_transfer
eb77e856c866f6c311717fa6038e0068,main_screen
26dd58bd4f7c23ca844e33a4a7b814f1,statement
a667e2b6a3c0678914a8005acb35a205,statement
c44ed4c92e103ef3d18bc9b45d60ed03,main_screen
09e6ac5d33fdc1c827ba6d45e18f97aa,main_screen
9e99d03d699300f7077dab16e8e67c76,main_screen
46007a25e932f7eb11dbaf92477f2800,credit_info
b357ecc521efe150c6a7c3ed715f153d,main_screen
ee2397edf828f595bedfc57041ea7750,phone_money_transfer
e7791f1d96b061d4ab9bce8b045a7429,credit_info
32dce1fd84e2b806e561d19b0d7afdc0,main_screen
545b19188777392127bfe5e1dcea8bef,own_transfer
f9f48113080518d0b8a770af5226e3e9,mobile_recharge
7fea5a9649b785011949f5d05e70f037,statement
9340b7df8d8df8aeca1c1da462a0cda2,main_screen
c9e0afdc912aea96aecf69921ec8c339,credit_info
fc30e7dabc3b73fbac12158119674619,main_screen
54907353a7eb6f3285f37a0dc9aa4b7d,main_screen
e89babb1bdf0eb4eceac92558cdc3da6,main_screen
17937faf36d6baba34a73cef88a597d2,chat
4b95dedbd607c2f1a553b10b1b701fd6,statement
6767e405095e6025188cb53cfe26ad4c,statement
de2a504f8ba6ea77bcbc302cf937a64d,phone_money_transfer
c78a021e7ab83acfba849bd4cb3f3248,main_screen
58439fe39837cbf738cbfe9046d46f8e,credit_info
97c7c4b097d714e1423e35705156f012,credit_info
d75e1670df47596b9bfbd85f3e507dc0,main_screen
b138633f39d5fe918b247279f2fb529e,main_screen
5844c0d77f5a6a916042f2050af4ce8c,main_screen
7a324ce1de1e90710731603f495b0f18,main_screen
3a15625d84918476f694a6f3f5a24583,main_screen
5afee08c0d1b053ff760f81c4770787f,chat
bf44c42bdb881a70f5757edf0c92d108,statement
dacee5fe6492d429675906d1d1a7bcf1,credit_info
1ec7ccf74867232626e2d8c772591d70,main_screen
92745f14f4a1e186f4a89914472176a5,main_screen
4cb0a6cb0db10088e61faf27c942efd8,credit_info
e27233e281dff652b90ba486abb03032,card2card_transfer
abfef21fd61456ac8dda67dd1afdbb23,statement
571dbe1ea1519c2066ac5d8b39c60911,credit_info
19ba2bc91839cdc127f10573c9417077,main_screen
6d90b4b8c38bacab8f7188f55a0ea0c2,credit_info
9b109e1935691ba962128ebee7eb19cf,statement
236178f479d06d46f88d2f95681597fb,main_screen
274f7a30834b97d50a462971b4b373b8,own_transfer
fed55fdf6f4f3a884835b9b2e5826126,statement
4bdb72feffdfe7aafc0cbf9e2070757f,main_screen
33782ddf3c64f9253347247b6cffcf21,main_screen
1398a1cce0285c6dd6d3b3c3af3799e7,main_screen
3b30eefda526327fbd7c233528a849c7,phone_money_transfer
373947b3412986fb24414c4f7095c3d7,statement
f8b432a06b6abd3d2951993d465d08c0,statement
f2d01db1bbaeb9e9c4d2cd5d0cd77ed4,statement
fa69b73479c1e49c891d361539594968,main_screen
ebbb8a285288baee1e00b997484d65c6,statement
cf0682b2174c4b23855b8100964a68f2,own_transfer
991d9fed24a25754d0e6d3849b469133,credit_info
816227b83676a2232f9deb1753671c65,main_screen
7924c81e00a5ee60652c9aa1ba47d068,own_transfer
2b841c06fe0e97374929245df4b797d6,main_screen
d6968656eef00c02bfb47da1b30bb4d0,main_screen
ed228fbcce73c00c9f75decdae2e0648,main_screen
da36cf553d65e30afcc0a554022e3db4,main_screen
8e942b2f8f7a41f9c6bad054d60dc59f,main_screen
5a414ea53a659fccaaf5f33522e36972,main_screen
14108d6810c67f7e8d2f76a6faf0ba72,mobile_recharge
f985e6c4e9e83789df6b014c0bcb21c3,credit_info
a371be699fa3584099cc6f37423e7063,main_screen
d48ed7e900e26f1d1e53bcb55b739fc7,statement
c56606867b163aad78cd8a5546f30e74,main_screen
2bd6c7df76b60cf3d23628ada4f29059,card_recharge
16ef592d4f7aaa5315094ada13dfa6ac,credit_info
7d1f4fdd67e1263c14071e32710e4ca7,statement
9af029fe12ab49ea52a45cc21b4e73f3,chat
ee5abb2ddd2a82652be76183a8fcb971,own_transfer
12cca1c40090717bf8769c7a806454fb,card_recharge
cc402f600d48e0b8e6c5e9a8f9db8718,statement
6c367fd221127cc0d25bbd8ef7e1e402,statement
b9800710b01085175255076d4b5e3935,credit_info
b6b4b23df7a145e5b557ef6bc471395c,main_screen
9599c0e1f0bd26ca92f150ea4a9bbe3f,credit_info
1c05ffdaeabb044d058eea337650882a,main_screen
30b56c5d01ff693ec69bf275da741371,main_screen
c8c6b818362f1afb62e3951def441b90,card2card_transfer
eca926da3d34d13b393978b08f9173e3,statement
464d192453e0891b215b2826f1b72555,card_recharge
f1a98a220104185ee57d6fad7d69dd1c,main_screen
3c2b67f0375ce5b6a97be5859f9d689e,credit_info
cf6fee096a62faf09fd0aaa7c0f9ac47,statement
dcfc6440c2890fdbecec0605a5940120,main_screen
de2ee9bffacc2cf4b6abf6c707c7fef9,own_transfer
df98408ad7e7a6ec4e0543dd7a3b274e,main_screen
e9c2a45a224fd590a3e7c12ecace3915,card_recharge
ecf646995816917dbbc2e25bfec24a44,statement
55bc7040fa17552e89a03cf510b1e53c,chat
bf2c74c4bc1b17c575ed1cbf9b575ee2,main_screen
dcd797df662d48ebdc2e4f7a338b6ed5,credit_info
feb1cbb6d5c3f4ba3b45394d7ce16502,statement
54210671b5596eec95c916c0f0c1de26,main_screen
f7931c4ef4af1b5c94c4b3c8e26d6895,main_screen
a211251657177f951ce3291269822812,statement
9c459b516250de798c1153f2cecd3491,invest
8ca11f91f495b4ef76ac66653a071a20,phone_money_transfer
5302ca5e763df24ee28cdce81398f8d5,main_screen
4963bf787cc49b6efbf1c902c9a478f8,statement
534dd9bb4d0ded3b4e332078e25fb794,main_screen
5ea5f6466efa1710c5f4bd2418a7f07e,statement
6a0fc007045d11aeff6e5860d918c251,main_screen
880dcfab484539eff1d73a235dd807a4,statement
ab678ced59a46592ca9cb03cec6f57cb,main_screen
0dca6db0f47bf4854639ee5d107f7d8e,card_recharge
d88a1ae8a5f9a3376e60120e2e0e9a65,card_recharge
fc490abadf50ae95095abc16bf0519a6,statement
0f9b6c54c0d4109182c0ba773f28b169,statement
247b0c987a2f7a35a790abcde629d66c,main_screen
476b972941c8def01a11f2df552b463b,statement
a018e68095d1ca2dff8b92318ef900cb,mobile_recharge
5a62f4a7f3aad3444bd71dd73c427a76,card_recharge
024c588993c887ba9b3beb09ff371956,mobile_recharge
ed4be77f4ebec0c86c11c92f444dcda6,card_recharge
6080cc09b686ea95a1d249422ed01cbf,main_screen
b7eb5b4e3ed026fff524cd8bb5ebc449,card2card_transfer
dcb813c0a4ebcfdae3ec8598e0672bb4,main_screen
c697ab92518632e65de2bf805dae7da4,main_screen
8ab20caad66ef395dac54b4b20aa43a7,main_screen
6a8f469b6ffd5872e455740132790f2a,chat
fa980957d0b0e4b084266a75a0dfda3e,main_screen
98195adebb4dbda14a057497371efc03,main_screen
35f30afbe6e427167ee804e6008a1fc9,statement
321f64b3ba433fe50afee02971aee5c8,statement
64dcd3602f416e68fe12b27ba19551be,main_screen
65cff340547b110b3c38d26d487b27b3,main_screen
54f981eb3552884e061158e71f5fb857,credit_info
f0b33fea28438c8f2edf1243889b8de5,main_screen
d6fa2cf6f6cdba007b682129de47d215,phone_money_transfer
ac2629a9d7d0bea0286c48e61830d02b,main_screen
75320467220d6b01298aae3ca5180a7e,main_screen
a211a1bfa41029618293fd01f22b1df2,chat
7c4bbdcf027faefb29312b8634d196cb,main_screen
5bd410c0cb698ca87c0aa9a5e67834e9,main_screen
ee28dba07641ac3a33d91093d14fc034,statement
84be05c3882e3c814fe9115733b3502f,credit_info
f22d595378639d754a573a81898cc65a,card2card_transfer
dc764fef9c3260c066b4e14f76a0c565,credit_info
867b6b9dd481e60478298ab5b5ec9192,statement
e7817a963ce88b3b784363e9593ef22f,phone_money_transfer
141f239cea5d1881e4e6dc874e91561e,statement
121ebc06dc042ea7db87511d4e88a61d,main_screen
a1c6f7402e452cba806c0ab31d89027e,main_screen
fb1d3e4b64891d44583b170825f46299,main_screen
c3862e11fa0d562bf728ad461e1921d7,main_screen
ed822cbffcde4a665c7b2d4ded9d7f5b,phone_money_transfer
3b0f718b2c32bff27b7ed8904ea58dbc,main_screen
4dbb5f6eb19438b70bd771cb8fd43aa8,main_screen
874a69bba05269098934710d51b0c6c2,statement
444a0bca1dd2c29e95f32e0e6615d7c5,main_screen
3f579608e19efe96c0be5054b91cfcc9,card2card_transfer
abc1379318ea0ba1e45c0ca0b17740c0,main_screen
72e354b4a6716cf8f78bd990e9e065ca,main_screen
29a703890d3215e5748b3cc34a9a833b,statement
3a3510c5755796020ef0a0ec6ab04d4a,credit_info
07172f810f212d5aa0fa5e96bd3761ff,statement
941dfa57826505717a1819d7a36801b3,card_recharge
feea97265c4a5bf931cc35648a53a7bb,phone_money_transfer
5e18b129169022a8e8694681beb11a65,mobile_recharge
0358c9bf933d278fad3167a6e337c2f1,card_recharge
144a57df8a1125a052fe0082c8ccedab,main_screen
83afcb7174d25a26c1c5beb3be3cc81f,own_transfer
22fd6f4be71a0267e7a3f6fda824a514,main_screen
70bbe3dfaf8713290dc78739aed8c247,main_screen
a901b73efde4b58f3e8016f52278b675,main_screen
d27b3115ca57fee35ea6702bb6d1c4ae,main_screen
31792b177982df315740275cc75572ca,main_screen
f455dfed10a496db00df6d241c735c4c,statement
5e2bd80a0402c8fa6075365dac42c434,main_screen
61163ee373577ce1788141d969f886ac,credit_info
f8a0bf8367fbf5d72e1bf05512e78554,own_transfer
d4236f5eaca70f5d1df424a1581ce88c,statement
122f5f3af6d6231efa5a1a862941d665,chat
f414d0fc3145ace67221747c21876373,credit_info
b172b4f13088209b63c6e54ab82d19cf,card_recharge
d0e494dcd53c39a8daf2f975ef0f3d3f,own_transfer
883f78f3801e76c9895a5c89e9ab6fa2,main_screen
cd895d833a246469e6bb4429528f52f7,main_screen
7e454356ece6a69e6777aab6c8a8c97d,main_screen
216829d4a108b40090550871874e90b3,own_transfer
2447dbed38b54d3572e2b753caf4b70d,main_screen
049e676cd8a743ff299f4439c58b4c60,main_screen
8b929c94e1074e3dda10721f995a7850,card2card_transfer
0ee999ffccb423788e5c9ab61d513c05,invest
206296808620c87649c28faf1efad502,main_screen
7cc69b1f599c6ef5c5dca3806d7d859f,statement
4b5347367071d26eba3ee0648ecda857,credit_info
39a609519067ab9cfe8edbf7ab4f8269,main_screen
b04ce47985f4ba5ba49ce2a88a877256,chat
5746cab03a504b078aa5a2d429fa3588,phone_money_transfer
79de4f0b13e7f836034e54698b586c17,statement
4dabb2aef27727d0a66226d6dd441a8f,main_screen
1496ecfe5571196d78896a8556292bc3,statement
91b342f92bb4f1e6abec4123f1aa0703,statement
5671b64e65c88835b78ac7f868b98fe3,main_screen
e2bb011ebc94293bcdd6adc3088a7410,credit_info
b712d70353c21d579fe8015d8fc4a593,main_screen
7178a3248e2700ae06443e6ef4cbb9ef,statement
067d323cb7b3410bc1817f543252937d,statement
11e398ca2fcab9e79434b3d133fcf1b3,main_screen
73ea87a713649a2c582b8ce3bb6add28,statement
7a07e962ab67fc48b2a9543769cf3996,main_screen
f4a18a1bbcebefbcc1596c333b733a79,statement
651dcca4b8376963257cc0597f50ae30,mobile_recharge
0c4c4fe36a7c07c11db49c31ad3ddf2e,main_screen
9e2b12d1a0b841e8151efb0cb47310ab,main_screen
3b52968f63855ead6bf2e15bd617e66b,statement
0e3918106b6becfb67ab550901e48195,main_screen
75f5cce117cf7cbab927eed1e99ffcf7,chat
b6afe81b977a07be183f0eb476991758,statement
b5db52cf66664c52da4b5ff9415e1870,statement
89d9002faf44e487e88e2e3a31459b4d,main_screen
eb8393c4cf1951759f2c72d30e79fa18,main_screen
83f67311dd512f3324db3362b28a82b1,statement
4638f11f151b2e3be7ac2b82da164600,main_screen
57b8ee0e6bca8ad69ed6c989bd7ba07d,chat
ec338f6ce12c28622c150a0d36bd5cab,statement
69965e59f074f1061e22bc93f9e31348,main_screen
3ad48900108c1f08d18f78194f240261,mobile_recharge
2b8070db5b6d2d4843017a26122b054c,main_screen
a04ff0d93d5c82f5f778efc9bbdb4656,statement
368743c6dc203fe9a43c25c2cec90827,credit_info
c911317ce25d0508b63372c6c7682da6,card2card_transfer
210af402ed0b59293655ebb023059604,main_screen
1d69c6eb31f34fe28a25b9004f4fad61,main_screen
20eb7a89038d59d9cfecbc84f27fe37d,main_screen
25c875db8a03510b718cadbd560869c3,main_screen
24d77f4e468f49602ad8ce58fcf9b7a8,main_screen
60c2fc728545fc7782b965d0cf021f39,chat
f62c143fef87b9dca55a62649ae7b318,statement
788a9e5cc3f2d0a2fcad01e11b78c95b,main_screen
238ef2474442af9416800c751e8da2b1,statement
27fa502c302890a4fbff96a20166ed6f,main_screen
5a74cfaf7259ed677ea0866d0f3a4a4c,credit_info
cc3bf777667f52add65ca51559b4dba8,statement
c851cdc938572918d549a4b69932e98d,main_screen
679a571f12be88722f6339d36cb04118,main_screen
c1e0db4a6857ca7b99e15d4cb3d186df,credit_info
ccdbf291c3e9604e647230d2514ca409,card_recharge
ad23bd3bf77424fde8934a208bfb8188,main_screen
bc018962b91d7a3171cd5914019e9bad,statement
1d5bf6cbb4d57f8273bded5b01441237,main_screen
d77e573a001ed37b7b9d002e037661cc,invest
fa008034548b0352f3abcffcd3ae3b9e,main_screen
00ce6e63a78e7fa2d181eb5435186062,main_screen
d59428fd78b1461e0fe18b187199e401,credit_info
9969bf85845b13e52529b97915dd30dd,main_screen
3928774f5041fd0a72a9a8962e51ffe6,main_screen
fbc9b5f1806e660f96f0d0dbc36019c3,mobile_recharge
9da3f6445f7e5602c4fed64698ba5d67,main_screen
b2d23ec25e0606ad42c48dcd64eb63e4,mobile_recharge
2e91790283acdbd8e4e43ead8d768001,credit_info
7af046a3055be8dd1bb72d90ca6b72e5,credit_info
5f6b65bd1c0c6ea6f5485b477bef4dcb,statement
a6eae6492666f4ccbef01c3d32ede9bd,statement
1aadd513ae08878846577c06ecbad072,card_recharge
4bc7757d669dd06f7ffdf913c1f52e83,main_screen
ca4eee0cbec996bd8d4401c4d2036451,main_screen
3ff9b3a116dbbcc1575eb0fc4f41d4c1,statement
6fa0fc31de4ef55c69dc68b93de735bc,chat
2d90ab6d2afb3c1976ad3f836130006d,main_screen
d71bf27576362648838d4c6cfc681029,main_screen
826c59a51201fbf9eb3d1dd8c9c6a80d,phone_money_transfer
efee84d9adcbac1e25f7e6179c5f6366,credit_info
a1baab671abde9fba7c2d85a4e5e541b,statement
1eccf81281c2f809f1af74099989ba8b,card2card_transfer
6dc2513987f74755de6044c3c222c32f,credit_info
12cf058cc128b5e6e8f672fd29cf95e2,card2card_transfer
7896a0e9845a1243dfff4f6ca545f4ce,statement
78352695a56178b840fb8d21ac53cff7,mobile_recharge
a04eb2fecff28a049f9958d331911be9,main_screen
09853807fa588a8edef6a83116cd5758,statement
ce394f547891a440ee1376b426f56ed6,main_screen
248224d870be3166367cbf8d0b186929,main_screen
cc217ea20cb22a7fd822762ba25f0eb5,card_recharge
30b89a6bfd5c27b6e9d18028dd4ada1d,statement
52329b1b655c8029b454ec1a7091216d,statement
143e06edb3048c62fd975ca03dc78e47,main_screen
2524337d7e368906f618f8b961e9cac8,statement
e355e761a4afa1c7626a188da4803d2c,main_screen
e92918c107ffcfb942307f5ebf7248b8,statement
7d25a577d0dc7b2c4bf2267ed653e96f,phone_money_transfer
63530dd2280019ae8ba8c580906494e8,chat
fec12d22d2d8085ce015e3c1a59f6643,mobile_recharge
62b97f3a6773e0f4580e9660710cb5fa,mobile_recharge
cdbbd15c098f104997c91b5d9e5d1727,main_screen
96ab06acfd017f34d542b0364bccb59b,main_screen
c3a81837fb5e86c432f409a457a45c6d,main_screen
2895a6646ccb30246263cc58a8e19afb,phone_money_transfer
8c249b1ee2bc69cc43619f2dfe765119,main_screen
9c2fe37b422e7c137f2ff26b0ddfd46d,main_screen
cd40a5fe45eae935886377899fe755e9,statement
5c1d6779a3c2b71aa6670748702cae86,mobile_recharge
285c3c2bb0a54628895a8fddf606ffc2,own_transfer
cd09b267052cf3e78bb49da2924d8570,invest
f61ba6303cf2496f24b10b03ad4170de,main_screen
1e43a9cca96a92df7da56ae0b38c7620,main_screen
3e105e8eecfeb32a8be40831b6d5e8cd,main_screen
137888ba104ebc4549dcd5f0675d085c,statement
fcc42efc8ddb836b9f3f875733fa7545,credit_info
0a64ce2845c130af1e3d32dedfe62e85,statement
9dfc3e85837bc22031a4d892c637ab50,statement
abbd2379076b3554e5f95d8b844ba4b4,main_screen
99cebfa3501f873e44ac1525f9a61b60,main_screen
3d36a21b8faa83e6df48ba1563fe828c,credit_info
4c454a61c81ee3a9c3f71faee5c2be8e,main_screen
8069fd0526702f000da5ca2eda91ee5a,main_screen
61fadccb6ac182674707363ede4acb8d,main_screen
20bdca1bc139fbad564ad0b605160154,credit_info
1508e23a8cda3659ffde5bfed4a4cc5c,credit_info
aed233f855046f8c564c395da3deaa89,own_transfer
c6745aa602446fe5a90d514e6f24bc64,main_screen
213c9f1de0d1e215cdc0baaefff5520c,main_screen
3d9b859e0c7f87c11eb7152e55be8f54,mobile_recharge
d6252b72167d02b2ed5a4c1e6cb884b1,main_screen
1e288e36927cfede0dd6d0080600020e,credit_info
fba49d55016b5d245cd05dbbf70a5211,chat
0e5e838302ec00873db59bd018fbbc1b,main_screen
0149f26f6d131bfc6bb199d89b43866f,card2card_transfer
734c15afb98d212d123b66b9ba645fea,main_screen
c56dd7405c6209ef9fb56947cd6785f0,statement
95d5d783af59f52cfeae44db08a886d2,main_screen
ed57eb65180ce8ce49d35ef4c73d2e6d,credit_info
f3ca842dc8bcffa6f0895345e52e2de1,credit_info
67d7c6d0f6447da96b863d672e2fc5f2,main_screen
50157e099ee5997a1807a8eb01177709,main_screen
c858db9efc387f38b905af44dd7fac9f,main_screen
f8a6cacfe737d6a2118ea4c6c0bcf57f,main_screen
4e909b2e21bd2dd2334c5825ce0afa35,own_transfer
ade1432455d2b9c1df362e5325ba2fbc,main_screen
32ffe20de558dff262f988ad168d0d09,main_screen
80451b8e0c8468dc6f1e74b26b0c425f,credit_info
541049a77868922368ff66616b1b19f8,main_screen
7ec0c721303a60510a0e0fa334bf09e3,credit_info
3d4b3cdf96f1983989ee8641543cced2,phone_money_transfer
bd452ba53a1bf17fee2a7956e41a7de7,phone_money_transfer
26980b8059b914f6ae17ec9a37f3f6fd,credit_info
d9b5534fcfecfd77acacb5bdc65e4fd9,main_screen
6cd3e334bdbcea4acc73c1251d7d623b,credit_info
f5cc2ac3cf9857c5a8479193f0941659,credit_info
331f6250e4d80ba9e352900469b0c16c,main_screen
82d80462dffe3d1c3a4232dc1e868408,main_screen
830651b209af33c456c167af531c08ee,main_screen
4b1ed035e28779469c436675d9162cbc,mobile_recharge
a4448f0bbc64938babdf6d8ba8d07cc4,credit_info
e0404109a85cfbcf59e3e030ab0f57bb,credit_info
96e74b59d4ac58b6f0b50398fa1e923a,main_screen
03dad259f66052d7837e57104136485e,mobile_recharge
d1e5c9e6461bb4b882d240eb90690992,main_screen
0b2c9b3daa6c7e6c97b8a6e0cb66b5d7,credit_info
73a8ea24dfa5a1b49a8f1bdc2413922d,main_screen
860758bff0cf0cee6b3481c5de87a3b5,main_screen
b22d288d509a87a1162fbddc505828ad,credit_info
c0cfb0efde52d66be7cf16e1f757a1a9,main_screen
800e18a148f7a2233028f6aa35e1b7ad,main_screen
5b5f04da6c277804f1a4f6b45658bfcf,main_screen
5e9476f1b8a65184e53d8d04ea0478b1,main_screen
b5302a08dc820b876149e9c81cec128a,credit_info
74dcf542845397178b702413cd41d5f5,main_screen
212876d2bfe0ddd6e211bd6170fda9d2,chat
ff8cbeaccbe050170bcd432fc1ff873b,invest
249e836b36398729a2ce203ddea547f7,main_screen
397305fb7aec0c704c50aeec30efc1d7,main_screen
06626edd8a9aab80f51bc7d44e7633b7,mobile_recharge
6cd8bff7a4745ba4e57bc767be748292,main_screen
43060fd0891f1e640b773a4c66af1617,own_transfer
9c4c32ea8a51768068431e2a34bee343,credit_info
2167018dd184235f35201d1f975b8406,main_screen
a9db06f0f3db0a0099784ee2b7c2057c,main_screen
8d3ffbb46c4a51c276f22a94ae64773e,main_screen
d83944bdf766781eb3d8932f7eb7fb89,main_screen
d078bc94d0f3d081b9626c27873eb7a5,main_screen
83c76cca5a94cf90907d95652b126421,credit_info
0c0c9460f743c3189f018073b2b2b85e,main_screen
78256cb0e775e62c895c808b6a44d1a2,main_screen
d6b5a0f47ceadd212cd4ea590345ac58,credit_info
6232e2c990243ef433239e0bc0732e33,card_recharge
5628206f63975db2ef3a4ce285f25660,credit_info
cafb2a616fc23e2a43fbc6dc8ebc3152,statement
841dcdb32fc1cbc25aa0859fe45e30c7,main_screen
6b420417e00734720e8332324e96a1ae,main_screen
131f400bfcc29fa6ec2932c755f85e68,main_screen
8dc536af30a469edc8bc47a09fa49de8,credit_info
3c5ddab46b1bf9601f399085ecfacf12,chat
f27674663e602ca0fb489327f3905c75,main_screen
d6535c47b72a9f84a71a166a200cccb8,statement
b375b62c4cbb9e26d7f32940d8f7b176,main_screen
186da9d19057f384de7bc3b4fef4b79e,main_screen
c2f38a381444a50c687dadd59017a1c5,main_screen
e63da5aa02d69dfa74a84aa1da18f35e,phone_money_transfer
02696b2178b36362d886c945154c5975,own_transfer
ff3e3be0ef28a4cb03a74453ce1e3ce4,statement
e50ec21bd930ceff39fdc4567bd5fd62,main_screen
1d15609386cb436ec74d60bfc83b5036,main_screen
8968643e5fce179f34ab420e1a5993a1,credit_info
f1ecb3a2ea26fecbd814d40502977848,chat
f44704b812d8941f9d2eb3c81bd5a549,credit_info
65bf4edbed5e58b6157b06034b4d87fd,main_screen
5b498dd1ec2693422d905b2d46ae729b,main_screen
e2234bbb38efe76410951349bc76bb1f,credit_info
a6130e81518ce4b9c104fc639ff44e5e,mobile_recharge
8d75d85bf2076b12879d01d528cc8a78,main_screen
5c9740f66c341dabb77fcfc0aa2578d1,main_screen
9bc8bd27508f0565e829ef9f540e38ee,main_screen
ac58dd7c9fdd355fa80646712901e62c,credit_info
f17c25623b29c78b614e6cebb3049046,main_screen
1f10d213b693bb9c70670a11061bf8cd,statement
ec5266218f6facc869f55844711df13f,statement
1d6f4d7524371430745d9d183da744ec,main_screen
c4750d5421629bacb311325cf87168af,main_screen
6ece058a57788c4da851724935a7c005,main_screen
1d6da4d88652e87a15a2bd7d196107df,main_screen
0e8905b27b20d5ce9c5a7ad1fb0d3b5e,credit_info
e491f54eb4a6a4897eeba2099b02b4a4,main_screen
632b37078756f243b1cfee11cd48e6be,credit_info
ffc46e4a8743a55af768030145871521,statement
9d686520ec17787ba7837349535f1af8,card2card_transfer
ca4a2d732031797a2a6e907eaabc68d1,statement
762d8a6b4f996dc79138e5e9064c58d1,main_screen
cc469615a8f6f8eacfeb4270b29ee089,own_transfer
a3dd3bc046ad13f22de1cece6fec2d34,main_screen
fbcfee81a434cc43dc08f8c1f9d4087d,main_screen
faa9e5aba97679260673fe569f391092,credit_info
cc6060e2e71ac9db78db5176b3f6e212,credit_info
4cbd453c1f9823bca3d40274d9383ae2,credit_info
14b1df985d10f1071c7e351722233fe9,credit_info
5f4ef480198a148266b35281be9a0078,card_recharge
3c3433b0bef9b77306a11ee36f27ec0f,main_screen
6b568b044532d6932c53f7458bfed9d0,chat
2f1261186d0878354a975f302cfdfeae,credit_info
517ecaa0f998b9ceae540888be13fd12,main_screen
dcde7913055b7776ad265c798f95bf1d,card2card_transfer
3a113bd37a9080a698f373baafa19f63,main_screen
a56be897fd2d27083672c2b41fc84adc,main_screen
0885b69f7ad09ebd970523f54a815b44,statement
3438ce719df62423bad07061ff6e08b5,main_screen
53b340f5cabd10a48206a28199f4c7bf,main_screen
733185e2cdf3e4d967954702ea174614,main_screen
393c2a32f575032dc9728f5208396959,statement
be9a77b332d525c31c7c8695f5081754,main_screen
c726e49b2ec1b2381eec6b8620d8f0b7,main_screen
b5001c78ab275ad223e0a8d3efbb3961,statement
d92ae317955856171c7e5f205d5b9105,main_screen
6bde951cc83ec1a5de905169965c6a42,main_screen
d527b7d29ff80de50b0ca19dfdea604c,main_screen
96d9703288f48ad9930a33f0b0790b48,main_screen
4bdf09d791b8fe4a61afec4bfdf2f0ae,statement
18ed2dca17761bf4a0a80eee9711ae5f,statement
24f2eb81ece2a06b55cfa88303a4ed2c,main_screen
3bcf736555c6da94b182883b1cba918a,main_screen
c430f827311ab5e4becb66cfe43d49f7,main_screen
b1f6aa84a7edf0dc727f22a707358bd9,main_screen
882762a094f4016866c50b87390ae34c,credit_info
0d91427f764c4a2d9fea137bc86aa817,credit_info
3b7dc4929d605608b8849da819914652,card_recharge
5c41fecdca72cd2be1d0bee15f676303,statement
358bfd07333be21ab764a9205d7c7e34,main_screen
a0ec8e36b4eaf1ce30f3f59e1527dd52,main_screen
b7bae23bc34dcae98b975c629957bdc6,chat
f46673c260c1369e43b202abf3202f3b,main_screen
28c399360a616816e1d8d06c4581a48f,chat
f09527309d1ecd4f9e583a1409b73f4a,main_screen
37ea5a33b1db6a02bae3365ee51f1fbf,main_screen
63780868e7b42c4a81f669db3071c203,phone_money_transfer
a238025d5ef1d88510db868e61aca77a,main_screen
943aed659ebfd323b0caf8def0f77315,main_screen
447e2eadcbbbfad9bcbd823b0c28742b,main_screen
97494594b0afc9ecf15501751f3653fb,credit_info
49b1c7f10d30e3ab1bf98a0197f1b519,credit_info
9c02846bdeb18446d6af209befb8b8b4,phone_money_transfer
6edf10c3b07e2e0866469cfdc186fe85,main_screen
d933480f8dfbbfa34859fc7f7572ade7,card_recharge
9beddef6514dcbdd8af9ed9ba42c3e00,main_screen
ddda90f4c758c5a306eb1b1aba19b119,main_screen
4b4631b2905e7fad5da3880940fcec42,main_screen
bd6104f92dca9a196957ca1f77697034,credit_info
827b1cdd7dd64ee0e8b6a300eec04a91,credit_info
3da6af5bc3c96455fa8ed4ecbe27b177,main_screen
eeb46291fdc6c94d8494cc84706ba24e,main_screen
39596639572b7d863ade015faa6f7b75,credit_info
68465bcdffa7b5ca8514ac10e40c0afa,main_screen
41d2ba32565ed68e294e2789971c60eb,main_screen
1572bbfb6a6a7d8ff28170abad8bf4a3,main_screen
9168f72c0a013a732516a9dd3bc02a43,credit_info
6e04174f1e425acc468d506892a03ac4,credit_info
b5780c42fc411c1b4317793740fa21a2,invest
e9a7fe2a1380d82e9817cc0d26bffdba,credit_info
a66751a2b1b135b1a2fc4433245c5cef,main_screen
122a9651944af736638f7b5e4d39dcb1,mobile_recharge
642dc833d89fbe9c173c55f448c960b1,credit_info
2d2bf967e7d8a41eaf0baa5faa0b94da,main_screen
8e622cf4be2cb1fea8fc63e9eafc68e5,credit_info
5631eb4ab75d489816047819b63f97d1,mobile_recharge
cd1db9836ea77da46d163eab1f688f15,card_recharge
b38585d76b482de7e6aeffbfde67f448,main_screen
0df7b4403d9881f8b6afcd75238c75be,statement
063afcd4a584b27dd30ba26b152802ac,card_recharge
dab12045b38dceb98525b6c1c6c4b123,chat
9207ebf35be87a9f1a4a66dd6a5fcf4d,main_screen
a2cb7c815e5b5ffc04f9e0309673bcf9,main_screen
a9ca5fe4a9b999fb9ffe0fcdf5105f62,main_screen
821dfc932c0c62da273014cb8a336e8a,main_screen
651f07ef467196a43a8c344b4688abdf,statement
cde6622247debe82fbdbf4312e5c213f,main_screen
4712cd0ec6948743c218f221a2b1a525,main_screen
72fab9851951be1c372c624a1ddd5d85,own_transfer
c93f042e923735621cc3871a209d9187,main_screen
72d4d679360865b631e7ab70494d944d,main_screen
d9fb97f58ac4518e2aa1994d6d703ce8,phone_money_transfer
cd67197811a36443020909a66f62810f,main_screen
9caf25cb2ffc8917d77937796261f18f,card2card_transfer
98e507aeead01d11e8fa2b3a9f99013c,main_screen
ae62c927d5c4924448bd2bba512e3c01,credit_info
a730a57f574de6976517d7c664171c9f,main_screen
c4c4c6d69d026c79ec4731e4d16726c5,credit_info
4394e5acd44f51bb70bd1c67baa5ec70,credit_info
2fe12895ec90ff4d2fcecb1be0e816f3,main_screen
b6fc1c4f652d4770c425ca78b1693d97,mobile_recharge
a369d7746c5f52493960d9a917862d0b,main_screen
c819afa42eaccb4b227167d1d5584485,credit_info
9e4935359b03693bb3e7d569ba13e6a9,main_screen
75b1a4a4a3f71cd3e11f67f5551a3c77,credit_info
4a6c0bbcb019b748383dacc9cb4df575,main_screen
d69086a546680c6b65a7fd0d0a7f3ded,main_screen
d7d5179cfd7c86ee873ab01abb2933c1,statement
82297eb12e0d0ea62760a042a08d7179,statement
ce9b8bd63727ff85e6d3d399ff04cb36,main_screen
26a8fcd862f70f4e477c2e026476d42f,main_screen
ebb5429c923a37379ff755200931ee31,statement
9d5dcee8efe45418ef42090e49719e11,main_screen
0ded412bf1b16bfddc59001ca82fe298,card_recharge
71ec6f805d5792381a06bc0c0941663f,credit_info
3bd01a6e9741f395bc0527627b54b811,main_screen
ea826598579fb7bff15411c473b18b8c,chat
6f3f391c83562a701cf154ceee53ea4b,own_transfer
dd5ca35e2d41e71509f8f92401ac2d67,main_screen
03526f5c060462b3f23740651084aa0a,main_screen
614ea9dfe6c310c8920feb17f6201639,main_screen
7057a63d76f19e33cb60305ce1127d1a,mobile_recharge
d774211e5097f7d751dced30686913e0,main_screen
88c07e3848ceb291cc0a1b1a55e621a9,main_screen
84b3fd008cdd85730dff5a57705a4497,main_screen
12a9281d92d18b68480f1e682e359a10,credit_info
7a5c66d9c70a05d8c49830c4681964e0,main_screen
5bc0f4d632ea4ac515ce90b91a735717,main_screen
466627a5990e4cd6efa001b50c8476ad,mobile_recharge
900e2df37bbad05b972e6296b316f8d5,credit_info
fddcb08783586e025bdced453e4e3b86,credit_info
d22d379e82959c3d5c56cfeb14e0e77b,mobile_recharge
114572dd8d9aa329a3abe4c114ffa047,main_screen
aa425bb563516a51bda30fd888591c8b,main_screen
f65de3eaf6a7f104709d64f7e8dddc6d,card_recharge
adad6b8273d78ad770f715f8b7ead025,main_screen
585fe7d6f9a65219e7b53272f7422a3a,main_screen
afbed7dd695249147b07be6f6fd5040a,chat
c9e663e2a6b9cfb18808ba7402331bc6,main_screen
ea08cea5cbc1370f73bf2b43d9372044,statement
a24480433bd493f1e1189134b7c3aff7,main_screen
054dd0ffe89407e702449ee9373f2d7a,credit_info
de19117c095da68ab43a6d77e8cce9e6,main_screen
66d0c11f54a4cc2ac068a87391d67c7a,main_screen
940049e7b513190df56e06b9ea7ce536,main_screen
68fcd4e79c5a8ba24cb7a19f02892908,chat
89c75db49c648c8001bcce0911c9d00f,main_screen
cc1d8c54dca714bd8ed8dfc2d53aaab9,main_screen
779cd1bed3fdea2c5c06274f9407a7f2,main_screen
4248164c7909f0dbd483bd8998c39ab5,main_screen
9a61396f49f7b99e579fe6cf8416fff5,chat
d59c245d7b55ed17b569d4d5e13b5f2e,mobile_recharge
37fc7b5bc29b83935b5f3276bf4f39f2,main_screen
edba5f5cde20357f67c371e5175f34de,main_screen
2680df8961790bb22ea6ce135d762d8b,main_screen
d27ea63412603aa6c44fef7a69e7edfa,credit_info
b73f792b9cff42540df9c15f4aaa33d8,main_screen
7b3dcab6c65d79c0dfc3c6d319ea35e6,chat
76b46e0dc4a88c53b81b1289b3e46f46,main_screen
baaf3e7591cc7db1428fb503d8f20573,credit_info
7a8ff208ceb3251be7e9cadfca50794a,main_screen
d66b047c3f5068c42877eb6fe00eff38,main_screen
b53801a059f07bc61367703f7928c91d,mobile_recharge
6eae6a63e0d9a0460042721012df2470,main_screen
bb3490dffa64b045e1b9cc25e08229c6,invest
ee20b3f2ae42ac149050da34bc624f2e,main_screen
6ef82b281145f6834d3f513de5aaa02c,main_screen
e3a996b45abe0898429b7393d5b9b792,phone_money_transfer
56c2171c6b15b706800b422f4e48c8da,credit_info
6a17235de50bd00a762671c68ac36b1f,main_screen
e9e01915409be89852bb18e3f032ded2,main_screen
a47de563b6381e7106f5859ab510c290,credit_info
20cecd4c09632318d3c714137a7983f9,main_screen
aecab5a2cdcc0fcffe3f6b009edb566d,card_recharge
186fff0d8bcaf487f4bd7acf7dbe719d,card_recharge
4a402b113f12069ddc8921402693681b,credit_info
e13e2938a4aa2013b21d798ccf3834b7,main_screen
18bf4510647eda58e26d54999ce1ee36,chat
dec05a5b0b1d4412cd08d19b4aa65873,credit_info
b691c6426baeee0471c2f541877f8a53,main_screen
2825bfb4503ebc884d0130e3d2c81121,main_screen
92bbcf9cb9ff677a5a10b5b289c85192,statement
e4c09c9b09be4f5b50da8977c89a6bc1,statement
55eac6aa5710d4f344ca70b24439bc0b,credit_info
f393b915d94d481ef6fc878af7cecb54,statement
995f9c8172c03e8e0af3009bb86fe1fd,main_screen
3b49d41b1dc4e100aaecd9ab9631bb2d,main_screen
c2c06078740a56c8986bafc44f715146,main_screen
181b7e4402f493369a538f9245248ba6,credit_info
871ce73944a1c286171cbff0b820e21e,own_transfer
c1a21f8259ca9218696ae0598b8da08f,main_screen
b1acf7c5f03c8f06f721638a52bc4f25,main_screen
aee1b4aae0a546af09a05950087e7ad2,card2card_transfer
cd6c90b4c38bae05da2083d25f41f250,statement
0390db6564ae3387cf4abd0c38aec03b,statement
9755846f1a13b5f7310ade428d9577a3,card2card_transfer
5b5f3dd852905ff3ea329e33877028be,chat
7dd55db742022f4c7ce84b81c2357034,statement
5230f67899a19722254feaac7f99de5d,main_screen
16f8dd21e6033e0d6ff2fa7ed1cd39ee,main_screen
5be139110e3065fd0ccad8df9316cb24,main_screen
b1f86d59b74af26928dfd133c43d79fe,main_screen
ba77f31e7058b9d09f53d69c800d3865,main_screen
9d7f9e67f01784208e6803fb3da37f2b,main_screen
a9679350733c02aefb92632a3e1f0cb2,credit_info
543fa306fd7db161a6513ea7f9224306,main_screen
2c558d8ae24a54ce5b89205d1c78955f,main_screen
78d9927954d581449e84ced210b7d508,main_screen
771acc56eee4b4abcd5b8519b8da3305,credit_info
afbc5b6cbcbb8bae6cfcb0be8b2f952e,main_screen
66820713d7c0d812c246e8f175053113,main_screen
b766722a3494896bed7ae12143ee521f,own_transfer
a5d53b040cafd8695937856219fad327,credit_info
29bcd971185e7b8a8f40ea3a4eb6350b,main_screen
e902257dbf021cc9315687edebd240bd,card_recharge
21348f47bebab5a45b91fe2aff48f399,card_recharge
bc4954d5388781658f8deb3167e35b86,main_screen
5a14a97dcb0cd0251c07377c21f5079b,card_recharge
66e4445e87fc598e455ee913f860a9cb,credit_info
16b4a947dffca027b0870a2b8f56cae8,main_screen
638ce3e5aaa150fa84cfa067a7da66d1,mobile_recharge
49788e543d4b861ee4182d96ecc7eaca,main_screen
939b049f35d2251610b681cbc375ac8e,card_recharge
448bca243de3f3b275cdfa9a3816d5e2,mobile_recharge
6f6f64b8a16bc4e812e9b57fd0813d5f,statement
e8bba6144d86452b227b111302c833ba,credit_info
7faa1ef6a505699233ecb5354aeb80c0,statement
14c7498611b73fbb823b1a775a608afe,mobile_recharge
4bf8e27a3a1ec56ea8e48089eedb6f0c,credit_info
186f5f3d63e93bd37e4d7cad38bc905e,main_screen
0f2a2f7b97b94683b68147eb4b015591,main_screen
9c2daf73531f293676b00a420566ffc9,credit_info
4968c03bb4d5e943cba77169cba0fbe4,credit_info
0c5875b2d7f1f4bc95b1ee4b1613de27,mobile_recharge
137567e5fc575d832e619711d282389e,own_transfer
97312a397a4bee78d88252db9240de29,mobile_recharge
9569154fc2adc7b1e5d21b3fbe1569c6,credit_info
a5fa030eec36cec60caf3966ffaea2f9,card_recharge
6d8a0b1307f7c9778ff2a30698d51442,phone_money_transfer
2c7a3e4082c7fe0ffcba54bf8b02b4ce,credit_info
3ff958270c406049e26fa6946c394078,own_transfer
7f4a909a8b638ea7e4430540e58ac128,credit_info
4bf2c64b06c590e58ef11a949bf75c65,main_screen
daa3ed83ef5cbbd0377bd810705fe252,main_screen
5c4466fefbea7529b0b3adbe72dc8a9e,statement
4909cae663332c46292370b7b07e8a31,credit_info
a78a7399364ea2bfad0018bd14c686da,main_screen
e11087e4c18e62ede4f973e122567797,main_screen
6ccb380a1541c81cee0d12c9e36f839b,main_screen
e886077ffdfb8011c4e2381cf7c2b4b0,chat
002f7a994d063d5372b053d2e032c691,main_screen
0fb25f8ae49e019d9c76488b10fdfab6,credit_info
e26af86becf51dfba93351bb5eb42e92,credit_info
65907990b68c45f48732cc9cb0d34b28,main_screen
4496cc093f1cbfea954a6b3cf2244f6a,main_screen
60eabef7fc355009d6ceeacce8a4bc19,credit_info
40796fe062e896759a6c114153361d33,mobile_recharge
3d2351043b45552d61b23b377699e807,card_recharge
b7a5e3f17f5b5e6c63fa0a3dab927566,credit_info
e6028741231291ae645f28e2b844e30d,credit_info
4fe7a3fc7ad4ff24b8fdb6001c5d564d,main_screen
9ca8dd13bb15970b56012f0dcd9ccbda,main_screen
9d21cefb4d04ca32f98ed7a54ad6423d,mobile_recharge
5ac9e846e3b127a2a0515a869839cea1,statement
d2288de0faf83eda3fae070ec4ba7c14,credit_info
77a403a7d5a5dff9a78d51487c182266,main_screen
407aa66a5e9b165da42894ce14461296,credit_info
91d57d1567f51d29e25b254c402369c1,main_screen
71864385ba708e42d4a36a09e083eeee,credit_info
ae1b6fbb82a98c4fe8f8a8e9e8405781,main_screen
089cfb0179fa4ff04d1c4a2d55b695c3,credit_info
b997499c1b37b41b152a92fa4fab1b09,main_screen
c7e5d3d503b7cdf201e63a98afca7f0d,main_screen
0b6718283383b505dd84ee92ccfed8af,own_transfer
b7d3c66e842d905dde3c81975cc70b88,card2card_transfer
c9b02e470fa3ee0369509f8bd5bf769d,credit_info
a8ec3185204a031797a8a13aa9bd41e3,main_screen
4b529f07f7ac62a20ca0dd439d4ce1a2,statement
8cfb6eed8f43ea1d94cf791f6fbdd5a3,main_screen
a2ab3cdc4d8a021cd08fad0212e40cd9,main_screen
efab4df871d4686782c1fd1dc18b8148,statement
2d52887cca9459a2565ce414f3f1b294,phone_money_transfer
0f502e8472d087b2b138521e9794d6c1,main_screen
69c1f4b2b9be17f0a15655916a111a9d,credit_info
a706c86d300c0f4efd4f9530eaa1d7c2,card_recharge
3d6b5bc029fa03c8564d21a8090379bf,credit_info
5d97f8e4d0f302b379542b4fdbcc99de,main_screen
50a4412759afb834ceebfdbd3ee23945,main_screen
0f73f091271338dcccf85ab7dc4a467f,phone_money_transfer
dac0bc0289fca9466d1b578bf9ad984b,statement
8872b939a94d94f79fddc0940c60231a,statement
c5b4d17c73f0e55b27bdfe8d6b883fc8,statement
8103b2c80e32c05c2c5583a67cd4023c,main_screen
7684d0f7354d666d90c6d0eead3787ee,credit_info
baeae8cd14f62b6aaf4b4dc479875e95,mobile_recharge
1b82e4f99c39281d679d564bc7ea297c,chat
ded4aede6ccec2cfa5313bb200e079af,main_screen
edf0f0b8df1d508c9ad85da16b42c151,main_screen
f4c5d37940dd7921f968ee70423ba835,main_screen
6ba449b0fbb0f953c0bf3b33386137af,main_screen
01aad99b4f968151308ce9459faa2ec0,statement
36c72dbf303b8a70713f3261ea99423e,credit_info
5fce79de56a48d41889c0af1a6fd6b90,main_screen
b1380302f895e9c87778a86c3ff42936,main_screen
af3fd1603a7dff0051454ab387f2c82a,statement
05ae4608e0691a98f55220a1b9e7a027,main_screen
5d0243f2eb5bc11ad61394ba9bf6a912,main_screen
477b8ee68a74be21fcd3c9a3e957419b,card2card_transfer
1ec639616d713bdfafdf449252b88e77,main_screen
2bb001233a89765e829b7ae91b549fbb,main_screen
4aaf2d0b389cf4406049b2447da76b98,main_screen
0ca0d1966c1c930667d4c5e377d38d12,main_screen
bc8a458b484d3cfa55d7df5b2c8040f2,credit_info
c0c49e4acfae917685ab73e72ec434f2,statement
9d3b34e6f35aac1ac8f4cb0d4df09501,statement
0ab7cc6745d42bca75f7906ae2182ab6,chat
c276c0517d216d226cc116dcf6c7da60,phone_money_transfer
c8b403d81d6064cd82bd79c2b8d36424,credit_info
af6f37427b43462206a01573355fd0bf,main_screen
c9ef624496a670721e9753e1f140f3d0,credit_info
748f1202d09f9c99e7877ff7da27b31b,credit_info
0a6125a9aa37a7b85da1679f82630a98,main_screen
17dc2c5465cc844470a7ef84b7cb791f,own_transfer
aeda141469ebdf9e6d82c3757fb4ab9f,main_screen
79e6133cd9638b6c6c9cd1331c0a932f,main_screen
499f1181a9e7d637a7fa4a8d27e5a7e6,card2card_transfer
624de73f54e8ae724e8062ef0a08e46d,main_screen
f79c9bd178e6e781e2dcac74855ea157,main_screen
58a7c5e3c33fd5960f989fc772af6acf,main_screen
e309f045aebc6e6f03c940c89dfd22d7,main_screen
04d8f64e3c32c20da00f665c2f0efc61,main_screen
297278d6bd5f2b3b87999b3e98c125a9,mobile_recharge
885d6a18104d630380d6531bcfcccd88,main_screen
e8a49ba76f1674c2848c0c3d5d43aa75,main_screen
fc8ea65f09fe022962a7df917896ece2,credit_info
d02f7c4bed082c3f5315a8fefd379a37,credit_info
37624d2d702cfb026b3bb59523a9fe97,main_screen
3ce1e19f274e8652f074f0b6846ed208,statement
69073e2dd87354c5a40fdb96dab2e520,statement
68078e4a190f30d43daee0c7a4b9cfee,credit_info
6e846df4e32cd5d334323900b2846854,mobile_recharge
1006719e11351d03a338c1e7e5c43df8,main_screen
d35bd3d8144afd15558a7fbc3404eab5,main_screen
e9c45813fb9eea756bdb228d06918495,main_screen
877983dae9b526e44c7925789abc05dc,card_recharge
1cfa0d247ad6becc2d8b7ec87397501d,statement
08ff36e778801df7e48702a9171827c2,statement
4e9305a1e324399e774a620181920b71,main_screen
8469240d03976a2a3aec03190900a07c,credit_info
da8088194b63027b117f6e77148e67f7,statement
a2130a4e2c9e03a9431f8a6aeff60c3e,phone_money_transfer
304be9f496914338b5820cc170421f75,main_screen
7eb6e9e55ea440f4edeccc6c5381bd16,main_screen
ebcfe2b8f38eca483908568833c6a37f,main_screen
8c09c04b30a8653f23a40121be5d833d,main_screen
0eb60acf418dd33d23e9d04e0eb59e84,main_screen
f28ead87b85f24938137f6cfcd0797b4,credit_info
9fba7473980a49e59d11688ab781e022,main_screen
d5c88dc07fc4a353a528ea1e6ce21850,statement
443f7cc5af2431096564eff74e4989aa,main_screen
f4e5b4dddd71b4c76d7b877b9e1d2143,main_screen
e573a79883395a3a7b882425f1f8e528,main_screen
b1e59dda9888c2b193ab19670d4ba506,chat
0e68efc98bc0b51b6ba9db2b1467d1cf,main_screen
6b38ac97805707e13ba822ebb3ad03a6,main_screen
0a88d603f018f84e5ee0b0a9ea1f6d85,phone_money_transfer
d191257226c865639b74de0411b70f25,main_screen
55f0421862da5a35f3bb094158ec8af2,main_screen
2ff7d91a230aca09cd66d9fb80cb9d3f,statement
648dacc90d0c9be2626ec98b2627158d,phone_money_transfer
ef0b92d6b3fc5070eeac9c6491d0fce4,main_screen
0de778c1678f420b891a698a6b98034d,card_recharge
7326266000204deb370b2c8e40b97b8d,main_screen
11e411bd8dac7bf8c5f3e48beb2d04bf,statement
1a9c9862226f43b546fbb331c62b225d,main_screen
8bda71d6614a8f9c4cee7fd4991e3073,statement
67ba0884f33195204dba4fa50040d3d5,main_screen
cf578940f3086b763d4371ae5202d66a,main_screen
0ff2db245afbd283996605252b6ac12b,main_screen
1c77aafc185e491d7494f3f92580ef50,statement
b398476d003de4af865c81b0db05fd9b,own_transfer
259af051d87cb9a844e61f8667bdced7,main_screen
92d2d63a44005dcdc074e28de7473eb8,main_screen
63f179f5ffd50ca9516aec50ef8663c0,main_screen
82e90f276042a3419ab708837a3686ba,main_screen
8d4f230828b97a16a64f3dc53d133445,main_screen
10f1dfb5dde2087d827fbc077959eb2a,card2card_transfer
2d8caace062e3a60bedcaaf42287e5a9,main_screen
4587a3fd1312a5bec9f36f17f2d0c18d,invest
32c50ac01ddedef4d4a08607f1c23e1c,credit_info
8b9baa984a058a1ac82c633c701f91ff,main_screen
10df3ac3988aaeca68714413ba9c1279,own_transfer
770075471292b9709bbf7d095ffbf77f,chat
6648e970beda33198d28785b44a92c5c,statement
05050a3485cb149dddfb7f31dc846add,chat
2aec4ff4eee8381989e23d8b60e78b0b,credit_info
bc20be28e449093c4694a2023f7429f4,main_screen
c5fac0c5a283226b786ea9368b21aab8,main_screen
99f85bbc69485885436edc913dec27b9,main_screen
28c73418a3e33ac9e3a175cbbdc4e115,chat
30f58f3a2c49a40edba94088e7dbb177,main_screen
0bba4f3af9567300294a1e9b3e53b4b3,main_screen
ecded57799b206667809b2adb835311b,phone_money_transfer
9e487e15ea4da7320843b04b4f7f4d08,main_screen
8270199fffaf673d361a6900887d1de5,main_screen
528a8448862659467d62ff0d1a6df5cd,main_screen
fb6dee334277621bb060cf60ea6be345,main_screen
bfcfb7a9d8f4c0076af3f1e37135f256,main_screen
0e76176d28e6b78e559d6ed67f0d2e5d,main_screen
7b856b226ce4d4049d84e4f97c7184a1,statement
40d4a5c96d2bb9f8f136f068f03a39c5,phone_money_transfer
65ad2be4eaea37fbcbd68f4a61506917,chat
4405dbdccb6fc24f09ac9e54c8adaeb8,main_screen
4e9e53e889e3fb39ad17c41f3f028b9b,chat
76b11c180c1d4922661023738b4db380,own_transfer
24db4e55d3996c2e821c4215313e1d70,main_screen
59a64e9c7dfd3f482053c30e2a8687ec,statement
fc57a20cb3e628cb27246f34718f656a,card2card_transfer
6c289644cc7877f7461f5abdfb98a135,own_transfer
dd3d1776fecdc76400a63c016c87d741,main_screen
c2c6ecf8766424d69158d7ea144e3741,main_screen
f0c4e3cced004c85744e9bfb0e35c203,chat
3becccbb4e0870e6ce91c27bf8adf9f3,main_screen
8e46bfd8bbf40581b9a70eb54828cb22,chat
7e9cb8fce25893b8406e22b2991593f7,main_screen
ad57363a38b08a6e58bd3878e57e2bc7,chat
606fa3d9f7efe092e8289b982ce3964f,statement
a3421049994002998348fd225b887f7a,main_screen
c3acad36f7414eed4744262bb48077c5,main_screen
4812eca876521741f8a614e960bca19f,main_screen
befb3364bfcff56b71a163112afba5d9,main_screen
8fc95fcc24f783c572c62bac94dc15a3,main_screen
19eac9d3b9e8644525cea67a7064630b,credit_info
5e3feb2b028d1f245757fe63d84cbf77,card_recharge
000a540f0ea28469451d4a7ad9e9436d,main_screen
eed0219121caf530c9c269d7235489d9,statement
3b2d97daeee275bbeb5b31b0611eec40,card2card_transfer
9e13ce2d16d61c966be6036ea2279367,main_screen
1122f228a68aaf92b6add25aaeb20c8e,statement
bfc424f75e41ac87a489ad2f612412a1,phone_money_transfer
5c90c24531685ccc2bc4fde61b4bb911,card2card_transfer
d7b35fd307b46c2782c22d18cb04e346,card_recharge
9d2756a3b5110d5371e2ebfde2502faa,main_screen
191b53ef3a8040aaa252629d984b9380,chat
dd7b06e5fcc2e381636edfe2e7a70685,main_screen
f8a2bb5344f2929712ec34125e6b321b,statement
7c262b408e20fc72fe51c9d525a806c5,main_screen
9016725f738566e7eb79894bc08f7363,main_screen
47711cf705516b0ffb0ecdf0a1cfa959,main_screen
63a9a54744d3d2cde96c217923292c93,credit_info
e6b0537b0f78850ffafefc9e8d0c6f0a,main_screen
01f4dbf3ee13d69c4f0fbdd413a27ec3,credit_info
67bea8e33a26688967fab64f48bd8eea,main_screen
b890523e9e7215a439df8b24b920be63,main_screen
16839417ea7bd8986f85f3d591fa3ec2,main_screen
a72fe9b4544606f7f9093d4413ce3184,statement
8f463c305b85e19e1e716aba898d4da4,main_screen
06d1cf6cd1c43dfd9bf057f0172ed84f,statement
5d7a43c99ad950d7ec120b2b6633c8cd,card2card_transfer
78e2551ade7aaca238b1bcad9bb6ef28,card_recharge
6f89764485deb7b65575f41085a559e4,main_screen
4733fb93ee638cbc31d382d267d7c6c7,main_screen
611d49a0e96eff22c17bebde703498d6,invest
3101857b3ba8aa9c2b7fabb8112ebf37,main_screen
83afe4d5b13aa0177121df4d2b04080b,main_screen
7d0d3c389779925a3700550715f83ffd,main_screen
c3f6e753d0e635349634a836ad434204,statement
8318a7ab9e24dbffef303188ff95cda9,credit_info
74d80f99f9ba66aed5cfb80fecb6bef5,main_screen
65eccbc0f71880b4d1cbee320cc499d1,chat
6fc2c916062d9956f5d9c6e2f45ef45b,own_transfer
dc70d7ffb56bfc1cd8670e76ce24f41e,main_screen
948caa2351ec88299f97520c16dd4c3d,main_screen
228dfe872f53c193a51a846f9576071a,statement
9974871ed7269c23f2a984aac6217055,credit_info
a3287839062405b771b4829d021a73d5,main_screen
ac674a8a32b1920a6acb3299693e6435,card_recharge
0ed52ff5bbeaef002a3fd06ed48194c6,card2card_transfer
959a7b1c5220f9ce48fb366116dc9d6f,statement
49e9064c1d26ba994c4b40dd0decba8a,statement
ab2fcc937840bcfd2e2f3932e2a70c30,credit_info
3cf3f19dbfbe049995a4637fc017068f,invest
3d1e96b80593ead54155673a893d80e8,credit_info
989f1c2d9d1974e930b3906c6430e74e,credit_info
0cedbdce6adffe00fcb5a3b53e649ec0,statement
33a460a4f73f78f5bd2ea69ed3944f58,main_screen
dac04a76d757c22fd3aff5b2bc184ab0,chat
22736b25c398ae3efac911420b94763c,main_screen
ef2f5a654f35699b8e881975a94d43ad,own_transfer
9a343a98fe46de6f4f99d32eda6a03f6,main_screen
579f8df83f399d579cc8b501987d73c9,main_screen
dd662e22a6a9c14349b837c36cdc2b17,credit_info
0ada643eee16a270db1965382513a4ae,chat
c544c2c8cf19676214b70cb9eacb5e45,statement
5e574bec7d13a6724cb0c9e87725c06b,main_screen
525e8751ca94a6a2885429bbac2a6a76,main_screen
ed111d6bd8c0925d683b5e6a13e6b79d,credit_info
f62d6fbda39ab8b0ea900cb47d11a9a4,main_screen
99478f8c578f369b2ee5ca04411cfc13,main_screen
2de8999b991e0b096fe52b4c6e3476aa,main_screen
5211a045808ed032c961e8beca97a7f3,main_screen
df1617c3984c38a24e755705b064bf8e,main_screen
cbd7c8a6098f33bd5d4b5ec05018c9ed,own_transfer
0b4e82f6877f788148173749f226dccf,main_screen
4f810a760365757d056b4473c1b81e67,main_screen
869dcb2cce9364983e07c87519beea24,credit_info
845dd6603946781ffe20efae116f8e9f,main_screen
6eaa6d009e878ce8307b09fdd292442c,own_transfer
c6cc51641779fde18f316b0bbb469d97,main_screen
19aa7d86e8ecdfd0d9d52c86b9b6ece5,main_screen
dec6357cb88c5d3c3c3c4272367593ef,card2card_transfer
fc2a4d6364b46ce3e06942b20d2db4f2,card2card_transfer
e73fd91665816d0ba92596b00ff1c411,card_recharge
0b047d053ad1dbfb256243dfddcb42f9,main_screen
36c6b6a806da9bca6bbd0aa76c136790,statement
9d11e7c48e4b098915ae352134ed7a1d,main_screen
a2c94d4cbe3be5bacbeabd1b310a60ff,main_screen
214a61008e4ee61f6f5e0cf330e81780,main_screen
ed90299cdeb73a5c64d507268e109aa7,main_screen
2d02cc53d4790f33ce3a7518fdd1822c,main_screen
e3f3dc967afb24cd395dd0e59009e431,credit_info
236bc730f47f022498285e89672dda6c,main_screen
07d8ea2492f8b5f714198594edc95c92,statement
ba52c92bf9c3a77697fe15e23cd1e684,main_screen
50bca8f53008d590636bcdc818e0eb65,credit_info
ea38d28a527b5b32dbc54a2b5bb0ee25,main_screen
d7dee580b2088643a0c4f5084d20c35b,phone_money_transfer
602d121591523faaa38ef30d035c99bf,statement
d4c80901187ffd3a3bc2086757246576,statement
7f88d155ab4f739d78664224ede70605,main_screen
ea729362e31fbefcbd4fb139cec9da97,statement
fc214f3c711f5699f60da9b46772ec68,main_screen
138ca50bbcc66f30bcda9d8b125ad597,statement
5f952b7703dbe0a29654f8df0189870c,credit_info
c870195ebe284c4d4d78cc8d3b7c6524,main_screen
801bb229164d96ca7dd6cc324db7ff4b,chat
cdfdcc720248e522eab5ac72cb46ea51,main_screen
7911e6b292d007fb3b123fc52feccfe2,main_screen
c00e3b294cd9db81f090b7848af39793,main_screen
3c67e45968ad9867bb6b2935bf8de306,main_screen
1c90d06bdd7bdd0ffcdf2839b698764f,main_screen
0c505aa70fd93fb770c7d6f1e6366d41,main_screen
210eb0c0aef6147973c29f930cdc93c9,main_screen
521afdcdbce9254b48482db73a0db716,credit_info
748261f8c0c47847c6291de9815d0f99,statement
2c3752ab25744a0b103b531c61ac1e85,credit_info
475a07cd053d7d9e8922247696015438,main_screen
d7c292aca6693053515a9edd4b551a32,main_screen
3aff51734f8c2e024d8d131993a5adbc,statement
a7002474d8c0ed280904a6709c2b4a53,card_recharge
8a51159bbc4093a7eed43a7d8363dc90,statement
2d85795a051eb2fad32e89d4ca514f27,main_screen
229cbba0913c6dd8809d7c1858b06d6f,credit_info
175d635a9cec98fc94b75da46460d314,credit_info
cfec4db589ad809611d6ba5080658ec2,credit_info
e71973e5d1ae407b68d311cc06f106c0,own_transfer
96fec6e5638c5db326b628fc57bb89c6,main_screen
4b76eb2469150995388a714b061a6e41,phone_money_transfer
3b42ca81712d9083b84bd8c70cc084aa,main_screen
bb072487c3b7bebde943584a08fd0965,main_screen
60e4d34061e0b983fb4fd70127d8f333,own_transfer
1e1e85b5d2768674d024a1287d742a96,credit_info
9c567a1d217d0ea5451dcd8b2f44175a,main_screen
66885e32a75b85e48b7ce9603180499a,own_transfer
0025723a9b6b2161e5f9260f640c73b7,statement
accf9d720a8e25b33172885c31f58d89,main_screen
25ff67891046ab5e2abed23b470d10fb,own_transfer
4101a78bdacf0f671d1c237e7d1bebca,main_screen
9e4fa9c24545ed309dd5fa8c03e25e3c,main_screen
e6678e27904def6e9153b2cbf64407ca,statement
93cf01f9ffd7f60afbcdd55ee57c0ca3,card2card_transfer
12b9c80473aa574032c2efea0a6de450,main_screen
7c2ff0234823ed7b9cfe40799f6971f4,main_screen
bb2d8c58921e3c3cfa14ae79010d8b63,credit_info
2f423717c5f27813eb86c650977b39db,statement
7895157e9a564e5c681eca82f8ae8977,main_screen
63aeaa72478cde42571cdda92ededcbc,card_recharge
b284d86a512ae1451dd99880b1d48286,phone_money_transfer
35db2616035afbc089af580bd948082b,main_screen
64377f43582d40e481fc875fe8245cc0,main_screen
28cd29c8988cb84ad373a512bdc6c81b,credit_info
a272774c6c63219a79c86595061d73c1,credit_info
208abacbbfd1c5283708af9239e1a103,credit_info
c7dd75ff93301b03c1b694aabb9152d8,phone_money_transfer
8ae4cc922319a804854d7a7f264cb9d1,main_screen
b3efe36dfb9e22be519d2a567a20d394,statement
8c2b2118fd66975e37c60ee74859f5b9,statement
a9d5546eb8c8820cdd3d8eaa57c7e71f,main_screen
8a7f5d0a1d89674187fca797e2b1e2a5,main_screen
52f3925c941c1a7dd0bf28d535f8f047,phone_money_transfer
a3c6787ca899fee6f25120edcdf7a3a6,chat
0af73a067537bc8659fd850210e22261,main_screen
23c7047fbbee911b74c866a5a0f491b8,credit_info
58027726cae50ba8078a681067e252b1,statement
04c55e01d65fcd82d6f0b197235f7330,statement
21e8f5f4d8d74b1663ff2668426ad122,main_screen
6df3007ea6df0288e764d44378a95f5c,credit_info
407ac5716778d1c2f31323856f8732de,credit_info
a2b44dbc16e88b9284a4ab28c5a98500,phone_money_transfer
19cdc3f7fe0cd3dbaf11230f707289c2,mobile_recharge
1711bb27aa89c45f37da27b8c45f9fd5,credit_info
3fc00d65404f199b444cecf12cbf1a62,main_screen
bf11ed83b600ecc17032a742a0a62148,main_screen
4437e0c3f2940bd35195894f63744b17,own_transfer
0517e35eb5f3c0c8184b51eb94d8a285,statement
e2011a9c66bd71170ccd592bda698083,mobile_recharge
8d7e8bae7c063ec89bb600e39c590aa7,main_screen
639f7e5e053b14fd12a3a2fcb9eb8174,phone_money_transfer
bae6aab7dd4f680b79b7680c3bd02cb1,statement
76d8e00fc72a4efeda6ac164d3fc05e9,chat
64fc83f861edb2d916a489f5770a98f1,main_screen
ba501b375d922988d6de46f634784832,main_screen
55d4b8cc5f4d084011c1a4d8c4fa053a,main_screen
ac1f7bac6f4c7ad811276b4f6fb52433,statement
36fac7ad8d7fbb5bde10c750fa2f31c4,main_screen
1cca1d502d37ee885b4422065f1d5da0,main_screen
b4f69c78b0017f2073c5be02bc894a70,card_recharge
e2e91e0d93e44f058c8f1e3dcd1ee827,credit_info
de7d5f9c023c8a59e539aa8cb9a56ead,card_recharge
4e21d9548e35de4f57ec88c21670ea8f,main_screen
cbbc303e0ec7930dfc66c83414bd3f62,main_screen
45e1150b63087168daea3020ae531471,main_screen
565589584dd336267f37a504ef35bca7,main_screen
41ead8023d778183cd572f0ea4027c96,main_screen
1b817b46603d52ab70ebad48d845e556,statement
c11d0740c65f2aa9697915e3bdde5ae0,credit_info
ac53267c1ab267121fccc0ca392afd1f,own_transfer
6aea3d8d61ac05ba4db377518548a22a,card_recharge
8d6b4201ced263937dc4708e7a548d3d,phone_money_transfer
a0aa190bae65ac2189fe922c0d904a03,main_screen
fe61cb4af3b57f639474ec4e115c2d28,main_screen
49f5ce571a96e2ab463c29af6bab0cc0,main_screen
44050ce4810d178311fa6bcb04c1fcfe,main_screen
d385027876ff1ff01685c622ad6bed3a,credit_info
e08a7cd24701bfd64dabe187ef4ec7b5,statement
1d5502004cefd7dbec7fc9a331265c09,credit_info
df2672b0661fa4811f6399d3ed058dd4,statement
c5cc7efff7313968b68cd82fdbc4a94a,chat
d10b5d0d668acc2a560982298109a3f0,own_transfer
83c2665bd8c563111f166f7f16e8d70a,statement
3f8da4bc862bd636ea9df08419851077,phone_money_transfer
61764f216c225ac08e4c4b7d4bb33348,statement
9e1570e3a695d5f87635dc06df7430a7,credit_info
52bd032c4ca904cfdee14ff427b7d314,main_screen
9180004ba78ea8fbd87c98ad216dc1f3,main_screen
c56f41a35bd15f1fb2cbcf41ecc85700,main_screen
568381a99fdc3f8628b6688ca8532e53,main_screen
61599b5cb9bf7a07ead17024ba115739,main_screen
c6fdbda9d52003d94b1613e797488692,main_screen
eaa195c3ac45cdefae66ed328e6ac171,own_transfer
532b6e57858394b8aef174ebf75d1392,main_screen
30a772316ce1691998a0185b5ffe2fbf,main_screen
206fe3bfd5c4f7ce976fd879de5f6e6d,credit_info
8f8343be9955cdd49f0130d5e3c3e386,main_screen
db867dcc709243f4c835e7f52fb3a028,main_screen
22d2f9fa4214ec7b3d73f562fb0a82c5,main_screen
a0158a2b54db8c3048615aa0fd84f814,main_screen
47828d55564961b3742865da911f39a7,main_screen
dc7c49387e5b7d0affc5a504e100af2c,credit_info
b219deb9eb73d497ffa57048e3badb3a,main_screen
81e1775f26f61d85f00e7be37106bc36,own_transfer
dfcb4c9132a02bc0938dceb5f9e09511,main_screen
f9f115147a8597944ae028b3a896a1db,main_screen
6f4bda741caddd69851b90370b849d93,main_screen
beda00e302f7fdd61d8a86aaab415c49,mobile_recharge
7b7b8b72f966155221bc37c9f9f2ce09,main_screen
e9d197eeadc071c4689636a221b205e9,statement
aff4ace38b3a12fa5dcbfc6ed41c9e2e,main_screen
b30aceba6ebc0f5cd8f0c64aba51c1a0,statement
c4f3a2aa98e6eba780674e7268244fb1,main_screen
334c621f254693e3d38d65f7c9e5b830,card2card_transfer
694c57f5d6e02859185547ce2061a0aa,main_screen
dacf189bb5964fe0852588ac8ddbef87,credit_info
c59144c519bb0dbd404ea4a85caba00b,main_screen
4617606f1b8b533e46dd0cb4b9ec6c49,main_screen
aaa6209755d5754f5e46b8555cfc9901,main_screen
3b0f035623cd7d9cc547db1a63d6b7ca,main_screen
c8f240aa8404ac5a5bd825e229033e4c,card_recharge
f9fbfbbcbd16e0c539231dda39bdcb8b,credit_info
2ea8436029a6944dbcc5aafe1ce6c805,main_screen
3dbb764de8544b0a5d2e57b22acfb7a7,statement
af816ceda2efb80d9eddaebefa0a4664,main_screen
dee6ede9cdd848b58355620d58a2f888,credit_info
897fddd9a9351ee4e249ac7077e64096,main_screen
c163930d1a5bf1b6fb833e2c15b3ec38,credit_info
826f4b24658e7f294e7f81df5e1fdb56,invest
fe3177d3124cd92a5b6269c7f97b36c4,main_screen
05c3a43ddb07e41d4206aeae9d0fdc4f,statement
26ef27b90a3cbb5fe0b6e2fffd220002,chat
a27efae70d41f5251716b1f167562f0d,main_screen
a59c413e428d0db1fc3e3564818ab18d,main_screen
f2fb65713dd30c1776d7c273edd194da,credit_info
4a1a0d2850f18e601e10052ca8990243,invest
d8b375d531d221d9fef330450499dabd,card_recharge
bd1a1373f1214bb834ff34e18abcf77b,statement
00ed9e1d099c3436203a867e5cfda6b1,main_screen
ec41cfae3e7c417c808604001aa6df0c,card_recharge
a27658c38ac8b61db38d57c2ddeb29e0,main_screen
f8bb6ee044c349dbcf64f9af976e3c87,main_screen
eef9125f9b0d0b626551b0171aa6569a,statement
5d00d839f651bea60daf3939fe2abfc8,main_screen
aa3361e440733e6d2ae6d1e58e5fc0f1,main_screen
9f93405b917f9ebd9cff9c61d222e1bf,main_screen
7ce16b1f1bea48a1d16331de2b901ae2,main_screen
e38a5dd174fdc5b8873dab83743d3beb,main_screen
bdd499aec461db598e8399fc1d8ec085,chat
0e897e00e3eb8c0533644b923a40d378,main_screen
f355c2d47a7871449e25ac34cf1a8ada,main_screen
afaa9a783d62f9c326772496780f0103,main_screen
7208c84c232415bc88522b3a4962640d,chat
f6c98ce8849902927cc6061a204c6a59,main_screen
c1444112aeecbc4d3169be79bcd912eb,main_screen
44f5cac812d2d6262657468852f903dd,credit_info
6623b409daf325d92af812cc1575e182,phone_money_transfer
9d9e9cad70c81a72775aa31d62ea2dc5,own_transfer
6825315cb38f7330175748c9f40fcf9b,invest
14590b9e1c44db10112ec8db48b4cc71,main_screen
bcc4ac52242d5589bb36665328766da2,main_screen
2699607601a069d9a63bd873c68f735c,chat
9bda9d1e1baaa666c5c41024c9dadfbc,main_screen
2d51d8245ded95610200d6040c7441c4,phone_money_transfer
d213048b4755063da6aa66585847059d,statement
13e8b4c9e3c7fa8f676fe7e9fc7891d7,main_screen
0362e19c31650ed1d45820dd1673bcc6,statement
dc451c86ff39bf21aaba6a867838cb9b,chat
07b343b850f5716162c8f10384f04366,statement
311b673ffac5cd80ef88f9663164e446,main_screen
c35272f9b3c28f676a65aba000e916e7,main_screen
d142ac20a3d2409dc4b16307ea6d42e0,main_screen
24f3d31fd2794866851104ab1592f99d,main_screen
a2c1a85d1293ff1a05add685d1eeb3e0,main_screen
4fce08a6ae7595dfefd81497be2e6105,chat
fb1ea19e9e57aa73d5a54f77a998f410,invest
a20d59c4e5480284b0395d1a21a2f5df,own_transfer
da2796659216d1becc9389f81b0ec9f3,own_transfer
1eda53c63ab3307b749d1a15036f31f4,main_screen
fda21dd3d392fe1851e398a338006529,statement
185efd250fb7caa82107198584e67f38,chat
c1bfdfd24a8f154a7efa431b94a54f00,own_transfer
5e920ef1c03ca43fcdc7298477ff698b,mobile_recharge
33cf331af8672fd321dafdada30027ce,main_screen
0f6a283b1625131de7c26adfbd110bc0,own_transfer
8afceb5595da4ffd8f2927ac4f72b658,main_screen
de49c24c523274f377708c3d01b4b8d7,main_screen
bfe3d0f50e6ae90e10204311766b5af5,main_screen
b4053fdd1c5a81603ecd08eb699a48fa,statement
79ee7d065891806302ce45584c04214f,main_screen
c999194faf1a4b8eb8f71abbaf321a1f,credit_info
c92c4134d1ad27e1dd9030ff746b1593,statement
dddbef19ad566bd73dc4ea70a7cd485c,mobile_recharge
4e54ca35e52430910abee1cbb72fb23d,main_screen
b6c9e1659b62eb6a5bc9a4c8c09bb64a,main_screen
bed0edd5165158544581c2ba3147c927,chat
2c32c5d20c0a7840a15428644c21fa71,main_screen
1bb85c6a09eba94006d3c7c8b56c8c4b,main_screen
00a4421065a3cef0d5326dee801ae46c,main_screen
8317342f16bc68327fb4f94c031a2963,main_screen
6c3d85882359d13fd86eb954f95b2d51,main_screen
12bee522f16bf46bcdb5f6b44635d799,credit_info
5f4fc64c3609b54bbea0485b09bd2eeb,main_screen
c57d49bda5284cee35b093ddaba6628f,main_screen
9dd399c9953488e9cff4f8fc32f7f42e,credit_info
a3aa3554a832b85c7710c5756b958816,main_screen
1b29cfd43459bd428c082c130b515de8,main_screen
be03a7abb12f114840af06c6b64dc344,main_screen
28c0055480d4b42ed51933aa1f1b0728,statement
1cd1eedca45ba04a04c4c2ebb2a053b2,main_screen
cb9f52831a614766bffd06b5fc8a66cd,statement
34d020b690be8228ef20ffeff1e55ade,main_screen
7b065d47a7648a1f8cbce1ae6ebc8156,main_screen
2e0725e353c1d3174bb5d43ad182c77f,main_screen
a51bc4ea8dee17beb67e24bfc8727681,credit_info
4f82526578bffc7f8e1a25860129ba74,credit_info
d7b4e9f4736c3d64ccea44b680c287fa,main_screen
4f70e3ae44b415958695e10e1e1ffe6e,statement
1972185a1e9b406c0f876f560807c82b,main_screen
3f6f37cc63f5bc6b4d4c17a9970d4141,main_screen
89dc92d1a4a5d9295bfb62bfc3565396,statement
205c012a1cfd57b6a10b5a16b55c1f37,main_screen
f828330b5b88ae4d4ea40cba7867952b,main_screen
0f18939d7c53c8074f824d0dde102792,main_screen
ad8255bdb71705ec635ca9da52b23bc3,invest
1c9983b9388606369fad0888f803dcd5,chat
b04554d438b28600693314ddf4794c3d,main_screen
f7308b77f5100963d638e1514c113a6e,main_screen
002108b64229e25f035a69cbfa06c8ce,chat
c6968444d46ff2261086c081580f62e3,own_transfer
fa18cd1cf5915b8044519ca819848831,statement
3db255e5bc1b9d24e1e3249acfb0ace5,credit_info
fcf0e2ec482d9275199412fe0ff9d5cd,main_screen
ea5a0a83b00e63d5e1b83d8d03413aa3,phone_money_transfer
4403b4133a3507960cbc7d4a051fad59,credit_info
233f28162635fae48e5a6154ff5f0d38,phone_money_transfer
5355835fde4b7158861443452792459f,credit_info
e59812431ec24f04f653988a434f088f,mobile_recharge
a9104fd16b7f904c1935c03157ea24b5,main_screen
0c80ac7f225a37bd9c11f2b1ab497471,statement
3908c6a8038ed2a684900a48a2aa4f92,main_screen
43b9d8170c280125d86b2ccff660253b,credit_info
9c63e47a7b7c65066f16decf6a7f685d,main_screen
c27f3b2200392975b14aaf7f48b346cb,main_screen
b0517c229aeab1af2a0bc04aaf424ae2,card2card_transfer
3413dc98b016999d02dc8f0581af08dc,credit_info
3ffc6e2923c3b356a2287a7b44c8f994,own_transfer
0f7d423d5ff672d67962ed96879d159a,main_screen
cb96dafbf464c76581ccb24e645d3fd8,main_screen
f1554598bfd549142a3270a5b7233463,card_recharge
0f5cc925a1068d0a6210b702d09c5a28,credit_info
7c9041aeddc2c5fecf5b2274a482bd16,main_screen
ca0125a4afef8ee25cd3a824609ba261,credit_info
fcaa6ca91cde7c4de6de01980bbbb108,main_screen
18eb556f8dd8ca327a876cefa496f3f3,own_transfer
c92e62b0af0bb77466310e373f5d65be,card2card_transfer
edb60e521102a4e8b63055894f065e17,phone_money_transfer
fe5327b0c48745d356879d992b2133f3,main_screen
dceeb0aa400a91013820f6fc7c2bb7a8,main_screen
20d194c8486277d2ebc61a7caf68758e,statement
24e2046fc71d0f4f4c9a475a4679a716,statement
2793f53517da9cd625a418ed3dd1fdf1,card_recharge
d9639c61f00271a31a217de6a347b90b,credit_info
809d1c9abf881937a289cca7bd3c9208,credit_info
fb7d89a280f62f9df7528f23ee0fcedd,main_screen
265ebb8ccf541ce670fb9275e3b81286,credit_info
d3661925b5817a08d341a8dc7b1d3dab,own_transfer
3acc411d28e0c3ab6aa3276b54de1eef,statement
da246d3b5ce4047cda10c51a5bd1644d,statement
18b6128bb36a87055a961cc2f9854ed4,main_screen
64957bfaaddc5a32132036c8977f7a4a,card2card_transfer
f9276dcaa5c475205160d9854293a675,statement
7891b6b13adde925d2cc6ddb0b625257,credit_info
c8a666dd36bb4f9d4ee05a9dba6589dd,main_screen
575040b66a8bf5a11914c56872c4142d,main_screen
fd33a06f745407e9f6f05b5e01a455d2,credit_info
eac6740ae4dc394ca447ee4290bc63ff,main_screen
e78089cbad1bbe25e73185cc7f76a27d,main_screen
40c9b908fe7dc645ac334ed4a0aaa1cd,phone_money_transfer
8d95349ef4ba06026879ee7d41079f25,credit_info
8c8aac337c2bc5a8a71a0e78e3ca4f05,own_transfer
1ceaf794d7aee219f41ff93840a30ce2,statement
4cc1c8f341a9f9c0ad61ef6dc5d3e0c6,statement
74857566e97f57a7a423de2776364fca,main_screen
fc62708c2e0488da2a808f5955aebdf0,credit_info
f09ca4f69337ee203b411d344d4ab8df,credit_info
783c591a4b183b93e2bff8961401313d,main_screen
654d56508ad974eea5a7b88fab1c5506,main_screen
a0bae6eed53ef8b68df06415f327b71c,main_screen
71de805cc1bf584a1ee8bf3d4e10246c,statement
630366df408ac086b4431e5287cf6790,main_screen
fe5966516a552036f1773e1fd1d0751b,credit_info
3b6bb18a3fe00976d2159e54c11536a1,main_screen
d087df5557fc3909e3991bbcb7d1189e,main_screen
cbc7143a4a8e53484448b446509451e7,main_screen
efe5833bf36d1d44e4e8016a070c5f37,main_screen
87e176fb1658aa3fcfe7d23c95fdc5ef,credit_info
5aa6d0601b5349b9699dabadfcdf0bf5,main_screen
7ab2d877bf42ff6028cb608565b1262f,phone_money_transfer
f1226f18c465aa2eb14796fa653829fb,statement
f1f879c0b75d69bcbe9af5f1380a3338,chat
51df8b0a034c46defece2989000f290e,credit_info
f646b0e065b767785b2748e16956024e,mobile_recharge
431a46a7967f1e8df696e6e007acf130,main_screen
f997c467929560fc541ea784e6a755b5,main_screen
21fb6f5df364ff88be0fa744d129f2b8,credit_info
9c379f20d4890b1acf68268887a3809b,statement
9c51bdec528c2853246b58f2f6c40ea3,chat
b1bc833042b3b42ef8dec9f81487b075,main_screen
70f27228cab9abf530cd694810ee5f2c,credit_info
b89d9392136bd8091380fcf5018c7557,main_screen
d6d8da8da2da569e70452d41a2437e8e,credit_info
495404e55fbe6c9e64469045fd71d38b,main_screen
90c525fd7c0bee942b583f316d525f3d,statement
b002e77cb30061ec42c9970218a512c6,main_screen
edd5fcb68f9bf463ae4025f10cab1c81,main_screen
027cdca535ed73187cbef59bedef8f64,credit_info
c3ff677cd4bb83cface0e7e3c2757d5b,main_screen
d7438c64bbc30fd3be0608cdbe1e352e,credit_info
8100a85a03fae1081630bdc8ac3ed3df,statement
3187713bbfa89e4c2f94466e99ec3ad2,mobile_recharge
077b9a7adc1ff74c7511cc93bec4bdf2,main_screen
a1be35f91fabca3f19f250d7aea47199,statement
86a78e2c2936a2ea75c70efcc350007c,main_screen
06227a34abe157437079b55bc4c76a71,statement
aea54670f00ae3401d5668d17f706648,statement
07c07c9560fbf6c1f77fc511b5e59f8d,main_screen
6ba0379218def3bb99faa0dda51cb54b,card2card_transfer
4dda2d797405c310257390129a81f944,credit_info
a853789027da695cbb4b083866536396,mobile_recharge
6c7526e5144278485eb18444fdd71f4c,credit_info
9a2ff296ecb54fd516612d62202d7696,main_screen
d85794e103063cca6017fd59e0e886d4,main_screen
cfdb0603e3f63801b39986a268659f32,statement
5e2cfce56bf85de878e838106b212593,card2card_transfer
65ffbffbda2165c0af3dbc26d08c9243,main_screen
6aa6bd7e39aa8da6f981fc7ba7125a26,statement
a9d61e84cf27f9edbaefc4004d850c4b,main_screen
81a264545aba74885af55c841542bad2,main_screen
b394bb190c43c01905ce8e3993815cc1,main_screen
13204007f2c26cf30e5d39c4c7398481,phone_money_transfer
6ca89a6d7b9084290f885a46f03231f0,card_recharge
4aedc0183467778a684306e1142dc5ba,main_screen
c427552b67a41f1bf2c4af2076fb3d0e,main_screen
b5d6b1c2814260c3f150ad87a24f48ab,credit_info
ae4b8b3933ecad4eb5bf764f810b470f,statement
3254446fd05d5eb59e1fb9586dde2a91,chat
d48ac3464e93340a577a19d7eaeda427,main_screen
33cc6f2ef3668428c044717bc8652547,main_screen
0fc4089d1bf65e57f10db79db262b8ac,main_screen
95d2908e737d1ad0341d11318a0c9add,card_recharge
b569ae2ac98b2cd06091561d0baf0725,card_recharge
6faffbb68f9d5eb7a283c87cd1a4809f,main_screen
888cf0700d12de9ad6be9ed66cb46118,main_screen
7daf843df248297bb2a2ee1467aac08d,main_screen
cddea04bac5d17f3671f5899e538bdf9,main_screen
d2bc1d94c13b63e06c0cf0a80284d244,statement
ac478069ffc80ec6571248ad644b9154,statement
74dac9419ce23af6bb7b5b613d8a60f0,main_screen
9a278b73f9912a011e8f21ea5c78bac5,credit_info
e9490c918dcaaab535792124290781fe,credit_info
9351fbf27e3f70ce9392ab75c7734d0d,main_screen
c5ddba5408b733c7c16501c31d8ff302,main_screen
2b936f96368b25d502fd96b187a8d614,phone_money_transfer
ce1e8ad4614e9c294060b4ed9fa518c7,card2card_transfer
f3f379a53328c3014da0cc9e4ab18e97,credit_info
215d037d73845a81a91b599b22d08a9d,chat
2d0fbccb1787034858ddac1973ac8fa6,main_screen
37236f2455bd9b5088e7ebb36a00e305,main_screen
6f65748fdca8be23dabbcadad4d5ae47,main_screen
69a92324b4acc8ea9a3a8d2923e99901,main_screen
34f30476a7c1c7e1940794f04b3d419f,main_screen
9882683288a2faeb04f9db96c905470b,phone_money_transfer
94b7affa327675029fde3f47b3b670e9,main_screen
cb54fae6b0aedd9fa02d4ebf7dafa7bd,main_screen
34afa794fa206f84c9d0eac1f1b53f15,card2card_transfer
301eba442c534bcfb6e241a65c096b72,own_transfer
274e8fc35a03acc5d6d7bae6bd81fac4,main_screen
625537b287b2d354587050fa3c5605e2,chat
5e02b1874b91b06cb4300d64d09d7e63,card_recharge
bfe65ee2a475bcbf55dc5ce6902931a6,main_screen
16ebfc7464f98beb19458d9a7c91b02a,card_recharge
ca1dd84711031c5e36bc4a43a625ccd9,credit_info
d8c63ffd9d0601cd3534f4999b473e37,main_screen
4835e7761db40907dd901a346ddb9569,main_screen
db6c7e19a559f3c15872d40442bbf620,statement
00458c246afce4de457f3b610dd8d882,credit_info
f8ed06b634433d70d68a5e30ef828e9c,main_screen
f40ef32840b6df29c4f797921b4b155f,credit_info
6894e84bbe8c292d0330207d1db98988,credit_info
4c1f8ce9d73fcce485dff26efbc2b0a8,main_screen
181c8ade3818c71cbf32860957d2ac5e,chat
468239ab1acc6964ef43755e7fc8c442,card2card_transfer
494bf5d0e48a36dc58c62672e8c4180f,main_screen
dd9cf529500529135cea3c07a1dd1d99,credit_info
a3ca35af5144371596cdacaacb8c7ef7,statement
54466ef48e9b2130da5f61dd46bf08a6,statement
c6d6cf732327fafbe681ad821fc1bf36,main_screen
97b96d8e3614900f8004d18f3a239be2,chat
19a9f5e16699677089c4162e32548d4d,main_screen
04f6421399ab4b05d57dc6a1b6e8cdef,statement
7300eb950c4557fdde09718d6ea4264e,credit_info
ef2e33b17d71ba5a02c631a27add54e1,main_screen
96c277b8dca2f28d97ffa4f8de60ab6a,main_screen
7dd8511852f4aac4d347df38fade9daa,chat
200d233125587b12819a6734bdae34b8,mobile_recharge
47f85c339f0bab74afb945313798dc1b,main_screen
fc756449acad013622fb37ed917f659f,credit_info
c5276bd365524d44343a50d0d6a1c169,main_screen
6883d5f729ab5566b8eac2801000ffd8,main_screen
f1751f835b39c5472eb5143ae0786ca4,main_screen
b5a56b5f876cd17cbe418e65e474ccee,main_screen
8e338dd40e30be4122b6c1a8e901b126,main_screen
dd8cbb3c0d353253f4463947e236a327,main_screen
7b92ccf7f1f7835f5f20d4aa2e9b2ccb,main_screen
f488eb1fa55f3545045d16720da0ab50,credit_info
c531172e6ac3e0223cc4c88ac2759de0,main_screen
73f5394f7ab5a7f6c7b6e1e7c4792fa5,own_transfer
81e87a8557999389cbc84a69a3b027c1,invest
8612b7ec13e158c3e1f17bba6e7e5e10,statement
f4e93e7f799c8257de3fc98865d2d755,statement
95453dfc7d73fcdcfaa81680dfa488b9,statement
9cf9226c3869a84609af734b4f977676,main_screen
7c7e0ebc00f274c18d4fcd178feb2f69,main_screen
fb5826d93f0d1674d92c7945e78af24f,statement
3a6d830f6392de3eedd3940a2277e15d,statement
76ff405cc213cc14d42b532bcde03c28,main_screen
89c03830b61ab626e2173997a70f887a,credit_info
7c7d58c4cd6eefeebd05de9df403f49d,main_screen
a281bb83d3080731be3f7d78eb08dfca,statement
1088f2c6d7ec7c902721a25cecc3e1ca,main_screen
26aa139cb67d8f3cfba22561698ebdd1,credit_info
141f15085da29caf873eb0a00617c346,main_screen
ac34ba0cad9ae2e9169ba8c640a39228,mobile_recharge
f83de6261574e14943142edbee6c2292,chat
f67e0903f0596c5894c361d14256f103,main_screen
0314715171f29995eadc28db8b3dcc06,main_screen
022ac887c99b45a669bfc5b6e54380c9,main_screen
1b6856b0ab1fccd1bb92ca7f51f9ebab,mobile_recharge
63f6a0b7d005ee33dbf23148deb96f75,credit_info
612469836938a870bb54a7765d309ce7,mobile_recharge
e07de2ffad4b71a5705cbf9ecba1429b,statement
256b36b50b204631075e671a0fc1e06d,main_screen
0da6c90e366b9173710c89317a7a3de1,chat
300905d06e47eb82eddb0df42d0f6aff,main_screen
9462132f25ccf9e555efb926738f60da,credit_info
48b58e2df6437017e9307a693f672dd2,main_screen
14357617a8cb4b894828b76b7097c349,mobile_recharge
b4ab0c1673efd3a021596fee53bcc1cb,statement
cfe9b4fcaad5fcab9d0be2a6f157f401,main_screen
9561d3c08ed695e3cbe67425a2ff50ab,mobile_recharge
f12ee0130926297ad31f086507fc8627,card2card_transfer
7c00304a6b0e92918a176f8c7a344714,credit_info
f7e53eef83a6e52ad5687b8e9ce1a2f0,main_screen
ae4b1a84c662fe6ff9682268e8864c19,main_screen
bac2aa7ed39b93fe99e198b9f6b3c2ac,card2card_transfer
9da5398f216c0940407b42c0da51e13f,main_screen
89d49c9b715d00fad066fe7db8726920,main_screen
68ef95352cefb327054300eecaf1a6c1,credit_info
33d12cb97d4cd2e92c45f5848aeab58e,main_screen
b378d38e7fea6708426c769221f929ff,main_screen
f9146a91a812be6384b2e4fa7aae73b3,main_screen
4191e53d43f446df2747ef4387328296,card_recharge
de942897b785bb865ecf38291b0ce421,credit_info
871b33404205ac36912bec198478123e,credit_info
350fa4ab3ccffdb4cf6973f8bfcc7f63,credit_info
7b4b6c3146608df0b72f966427ee4ca1,mobile_recharge
61691c0b34b9abcd3f5d952dfb873f06,main_screen
221105de50612a6c8f23973a761894cb,mobile_recharge
cfc229e64af33940cb3cd7ea373b1cf7,main_screen
c053db8727183a5ff573cd5f5f9c82bd,main_screen
8c9da91a4375f0ecebf279cecd4ffc04,main_screen
e7d4f882c55530b5493ee35a91928ea0,main_screen
1dd0c25f61ba4659796d046a6a6d3fc0,credit_info
bc5f2f4baa4940edcd6030ff73ffadaa,phone_money_transfer
15f19015aa74c3e5db80b24483a9ff23,card2card_transfer
a81f0f9dcb9a2b3c1210dacfb03df8d3,main_screen
a4af93cc60fbe0de5f07e882da3d984a,main_screen
035036bb560ae69fc9ae89716930f064,card_recharge
c21145896655c73859d849bc6356c6a0,statement
0826c2bf2f8377ec1522973ed1f10828,credit_info
508c970cf6f0deb63dbb3f5e7e4555bd,main_screen
7640f446642a2e859ead774ce3a00486,mobile_recharge
af7ea39d082cd081e9ab79e86ace5277,statement
0aad6d4b3dfd3d501b4ec286fdd5c6f5,main_screen
ec65936991a71eea0839725e6422ed24,chat
a5554983a0e8ef325902422769746d48,main_screen
210ea549115f94c08c410e8bff0791ac,statement
7d5a9e69bb1f515b04baa6bcfd3e8f62,mobile_recharge
f1ed393c5326029ecead7d95b8ad2d1b,main_screen
1feeffb3cd5f216b032bb9738d6e077a,main_screen
7870b5ce3b10a471e3a5571adfd4b7ae,main_screen
0d79a3b20e3f343e5791ccd86ee295d1,credit_info
b128eea5cd1add512b5d20539b76defa,card2card_transfer
1f3e169e213d0f8b1c8ded42256f7258,own_transfer
b4340a4e01350c8d64afabf6d97d7683,credit_info
d0bf80aa9833da5abefd2f9d906a743d,statement
4bd4bb986e68a6dec3be9c107fc1c005,statement
6375149be3ed8ae1a4d17c1f518c2939,credit_info
a01fbff446c060b63079e4cc9f43f837,main_screen
06f29a6be205eec8a4736fae9a71d9ee,main_screen
39b5a269485fb335ca4abdfe20af04ab,main_screen
bb1a62f72a165c7970179fcfdaa5e12e,main_screen
23d05309dbe8f9f08baee0d4d40ab0be,main_screen
14fd051fecd4b012a060ed6bf87bc022,statement
649ab5751a599dff1b44d259aaeec6d3,credit_info
c0e1dae6d499bd34155b8642fcf5468d,mobile_recharge
688c494578c1cfdadbec836667040953,main_screen
898b81d7c5cb2e0219095f1f351ce65d,main_screen
5ee62a726819307e3354292208673114,main_screen
c5c4d97027f08c2b4a23475b82334640,main_screen
b5c959758d00f5038ebab047af92c7ac,mobile_recharge
0daa87b31d052a995c8010cf28380d20,main_screen
11e5b3fc0af95e18a2a865edc75abb7e,main_screen
c7e653cb0c0a550304c7810494761b92,main_screen
efeaf64b724e64e64a7eccc657286fe5,credit_info
e5778ac1ba35a1434aeaef5ff44a5271,credit_info
c70b4a6c05b7f8430fd5a6ce3579e135,mobile_recharge
a51ae8623ba3052504e7f37a67ae5692,main_screen
eacc5d4683d1dc0bf0901d3507f3d14b,credit_info
9a287b9a4d6a304484558d759475b884,card2card_transfer
fb860522cd3148e300c044f5e0ea4146,main_screen
30f71672eab7fb10f9c07d0eddee1001,mobile_recharge
da01c925b000f4c36ce601891e5534da,main_screen
de30a0ed895fc114401d74896bd1f932,mobile_recharge
61ed132d0a7977df7356d91fd2459a48,statement
7f0c56c6f21eab5b98d5de27aff488ab,credit_info
5e3a38639f7b8a5e191edab1a27ff0f7,own_transfer
0c70da44e2d1bb3658ff9c8957dcbf37,credit_info
c6f5bf9b38da32730275341278a7c1b6,main_screen
ab5d2e240c252a3b2a3e4207db76dfc8,main_screen
3375f329846858d088af6c5067884dd8,statement
76f96a007b78a05b8c74b915d4abe4ad,invest
518d789ef8770bbf124ab3f609c27f93,main_screen
3b1a111dc4338ba8ebb667f63d3f0bd7,main_screen
bac9856aab987aca2ce9b5533a9ff239,main_screen
47d4ad24f2d7df5409556b10e88403ad,mobile_recharge
dd4a4eb8703607f299803a0b3d3f1848,main_screen
52f8ffbc5494e8407e74cc33f74c03ce,invest
1316ed703a695038308ec0a9352c7470,main_screen
89858eaf0ad324ef8be6eba1baa74eea,main_screen
59e8eb2150820672afcbe4e47b377e84,mobile_recharge
fc91119c225f501d9c6fcbf9a041d9cc,main_screen
6f3d965ceaa65cce556fb66bb2763c3f,credit_info
850f4afd5d6f2a10426723c327a2c68b,main_screen
0727c1829fe8bd1606cdd12ca659e385,main_screen
ecc1b96cd170b6b19ca58283d1773c6c,credit_info
35159c134c02e6740e56d26f76a4ad10,own_transfer
c58d970b03d35cdd05e401d451ec4de3,credit_info
2f4ea57b04413001f87ad714d7e7b630,main_screen
e6365d133dbf980d2db38e4f4fc39c7b,main_screen
342d359ebe057e8ee4c49bbe577d1e61,main_screen
85f03cbb1378a839a395ce9dbac23b32,main_screen
5c2e0c831298bd74dbf57231b78443bc,mobile_recharge
d931be6acac90260a9216e19ed766f1b,credit_info
838a457942fa7f63a75de4ddf0b13fbf,mobile_recharge
d4f6a51b299eea48a26fee315596f097,credit_info
5cf0ee59c9bbcc8959a836c3657b1d48,card_recharge
ec6d7d708ac3e3f0a617160f958985e1,main_screen
cd654ffa2e817d6b43c1e33a6cd2312b,main_screen
ed8acef7568e911e3d2b5a0e4d21d1b9,card_recharge
3c36c3b07c45457bbf79c97a01c27c97,main_screen
c1683f3b288628b9cd76ce4bcead61da,main_screen
75d9e9227f8866a9f7cc7e54cfab3973,credit_info
f0eaa082598f57f4e82839c477d0c9cf,main_screen
737d9a40a65fef724464a1e89fdbc8b8,main_screen
7837e82f5bd478c1f4b2b93cc322530e,main_screen
79ff12d19045f0d762574c1da9e18c18,statement
2075f67c1a385163527aea1e1dbc8765,main_screen
690afdb75f694d9dc9038fa5a6b09805,main_screen
32f028edb8bf355d5a13cd4d34f3bb50,main_screen
676f45bea08f20d82737380e96a73d91,main_screen
3219c508027ee77bc8b24b6911765e84,mobile_recharge
f386ae05ada38ea59309f0ac864e4640,card_recharge
7566f4c75cec3af505d72ba4cc34b9e0,statement
5047a09ce6ed1004bdd4a006dcf590c6,own_transfer
879241c09aac41f33b4681234cf6ab32,credit_info
152966ed8f85183421316a564d7f9a4a,main_screen
95a950d040546c5442baa28ca81dd31e,main_screen
9e287b828c90eb535b88afb7774c2ac3,statement
9441943b45b77286e3a6418c4810569a,own_transfer
73846a15d1960c1c757ad139b7fbdc38,main_screen
1bcb5d5988f7380fa2d30b9c2fdf1382,invest
519b7963037c2a63177bcc4822a2ae22,main_screen
66d95cf614708ec2422923a34d2b9b31,credit_info
9fa60875291550cf53f23e104c71e854,main_screen
08fd7b2620fe898c83366f781cf639ba,credit_info
5b34b37b8fc1a2b9fedcd1c0ff57c998,main_screen
97892d663f510ceb54a5b30eb12ca614,main_screen
eb972317f14f1e4d68fe420771aae8fc,main_screen
d64ff6fd49cdb44c1ea769bfae7e39e1,card_recharge
539c37410b41ce7c0cdcb1c969c183a2,main_screen
06f7fa70ea738befc82f4d0047f2add0,card_recharge
223449b10145ca490ab56891136d54fc,main_screen
8af2d787fa08c4df57dc824fbbdb98fc,main_screen
feb53a7f0093663f0ab79173270a9502,main_screen
fa2bdb7de67696af209f553d7e297410,statement
fe73ebae576ef8b5c9a720837151fc75,card_recharge
a97501cfd86db14d3ad4c139c8da1215,main_screen
8b0979008691c5984b1ada3336d259d3,main_screen
76cf64eae80d6aa3f09446ee38af8740,credit_info
cc408f4a374ede2c0715b80b4035ada1,mobile_recharge
c7fe0fa288ee3371cbf5f6801b52d43a,invest
aef2dcf4f3d6728f4f93d0122994023f,mobile_recharge
a0a5d370b48b685c0f84022c6bd60601,main_screen
ac339d0e1ff5cbab792d3acd256e51c0,chat
f8fd6801c85c0eebf803ca044a8249dc,credit_info
04db76e03d04cc2f5431c7795f12df51,main_screen
fde21278fc65425d2c9514b56a346fa6,credit_info
39c6c19bce8c4580dc43a8c407166a3d,statement
066cf76791326636d4060d08a5664707,main_screen
8dc1a4ddca052f62a8b907039ebf6141,main_screen
a7eac056f6e3edc0628028ae5b154689,credit_info
70f149e4b012953f7d3ddb839abb1170,chat
8db1fb46f885410cd4e987302194b11d,main_screen
7d6d797fdc77a6c03d898c27fea0f728,main_screen
fd407e7c617144e17eafbadedf678dc4,card_recharge
da01aab72ee6f118b9c122262213b3fc,main_screen
487a97e12279fd664d14d6cbdb12c9b7,main_screen
05406edd024f929251b33bb9409f130b,main_screen
32ff7e097715930b830dd04f60a5ccc7,statement
0d6a2afb0caf30161f725f370f7153b6,main_screen
acf40231e840ac7eaff886aa4f1ba58c,main_screen
cb63cbca992a034e362b83bc0da24e0c,chat
c0c33e646b72f0ff5f8b1c582a49edb0,main_screen
da079abad759059d842f1fdddaf663ba,main_screen
43ae3bf5ee02b33f09bd70fa8b02d934,credit_info
239caab59c92fa1718e60d18ade3d410,main_screen
af8db8b9df2ce19eef5560ff61991a73,main_screen
1e0970f3b3f2641d7e5ac69e963c2886,phone_money_transfer
e50030ef7bd4264acdeb9950f5bb1baf,mobile_recharge
247ff01f99f5420792bf8f6ebf7bcc30,main_screen
fbcc763af8ade62a00591514798b9b67,main_screen
d05648536e404b3e24986ed7e2cd0048,card_recharge
26b32f62a5c773dc747ad74b3782f49b,main_screen
891015dc5ecfd5544b08dceeeb2bc404,statement
0d949c752d8bc566280b0ca7ab0607a5,credit_info
8fb277051e521bb2b7f35b369439e242,main_screen
a9ea9bfbaa6bfa1784cf0f7a3007f539,main_screen
ae130ef44dbeedc73edfd9fbd4eb866b,card_recharge
2740c70cf1ab1ec5e166e1c3cb9ed897,credit_info
5008008c187a51874834e3ae227a1682,main_screen
615d1d0c7970b7cfa029f8e79216483a,main_screen
c94060deb62a51e4ec31b0cad09c1f26,statement
7d06967e7c23aa0dd8f9d730c9948245,main_screen
e665706749474d4991566ad92e1e1411,statement
e6c7bb24bfddd2bc0ac20a8c1823af14,chat
58462f00a1c9ae9a45ed17f2c7b5ea84,statement
62ba65a7d2efa5408a2e29ba9d8514c7,card_recharge
abe5784f60ba27e47a0a48238fba8b17,main_screen
d33f252c74e4519f82d4baf599b80c77,statement
72e5a5a4f001c8e0a96bbe89fd9b2f90,credit_info
b60bee87e3b7569af1bc9fd35129f5b2,chat
af115227407d2f94a399035df5a301cf,main_screen
118f77c974d5168cd0453e7cbfeeb662,statement
c66f61490a82a3a1a8a99fc602ba25a6,main_screen
b92a397fbfc26b58e4f4af8d73493b46,card_recharge
91c92e10089063afe11bec09ba806e6c,main_screen
3f1616bae15bdeda0d79a5d4c4a766fd,own_transfer
c08429c63648842599d9983657e4e486,statement
2d726d4f29ea0da2baea018ac98f8a1f,main_screen
d49d629339c466774aebd3f9ab57c8f2,statement
7640f93e15b89b19349f1a2d1825a315,statement
b46554799efd453c09ded584c0b64fb0,credit_info
34f9a7efcc791543026a2a67ff3f1bb0,main_screen
7fbf777fe470eb7a91a797f7aa9301b5,main_screen
56edd003ccbe36e9b3ebdc4b47027a0f,statement
7c9b00354cd544f6d7bb46ab7f4aa3f3,chat
9aaf4d970b24b2b3ea152220dff2286e,statement
40ef5996caa54b0a23ce56d1aee32f70,statement
178d36bbe1a6b8693ddde21913861db9,main_screen
23e4205be6c9cf8ba08b9036430502a4,main_screen
eddb351c21e7e158673db0e747d3b008,credit_info
f513a8c0e2263ace84a99351a0f416ce,mobile_recharge
291b0609f8308e2e220212cade1feaa7,main_screen
4ea75f397fef317471993c2d882867b8,main_screen
306a8f1d36daa32ea55a5248109d041a,statement
b1a3237206f6a4764ca8372c6c964d4b,main_screen
bef4e8aadf3e23dd34be9486145f0600,statement
c350a0e8afd1e25c177bb5d2b1b89ac9,credit_info
f2964b191206d69f7bf9d4df488e0e6a,mobile_recharge
9eda1f333e09b3971ad8b200bcc638ee,main_screen
0bd8beeda30e845dc7f90f68429f7c27,statement
3a4fffacc65836775b22bc7519b0e747,phone_money_transfer
0dc45d6080bfdbb090a48fc563abca09,card_recharge
5d6d8fdb00a61bd476a32bf71a052472,statement
b1bedeb001ec3269b850fe993eb2ef81,card2card_transfer
f9b8caaf61b4c63b3448929b0aa93ce6,main_screen
0c46b16c779b745855a10cae7f3bad7c,card_recharge
e3c71db290542c4e5b6e17365b914fbd,statement
a68fe98f627c4a63c021823a2affc7a4,main_screen
d659a875e74403a7964a024a6d76cc5d,main_screen
1918b6c59ade10c2edc24e6fa5d223d0,main_screen
b651dc2645f10d711f9f63f1b0237ef9,statement
23e31dfcb16fe8f059f52a4842fea4b1,main_screen
2d3b661212d5d78295f6796f0bf9ef07,main_screen
81dde679def42e04415f411c92559cc5,main_screen
c6e02ccfdd9762493c16f0cb5a61f6ce,main_screen
723880edcd9ee8a03bf6c7aa12d7a2ba,main_screen
2b83892bcc3bffa99d972846881089a2,main_screen
7835f414eb14a7659a65f74453097e96,credit_info
8208a83ed0d14ece92c942e2cbc1f635,chat
84b08c2080a1dc63acc55782c3c608f6,main_screen
276988ab0caacdc284b7d5be6a75514c,credit_info
0916727243524dea9b7b926c9bb289ba,statement
aa026a6f4e62c68f67db50fd1de7d977,main_screen
7015efe14f4aae516c3867fc031de3d8,phone_money_transfer
180148fcfb109b960a09433dc274daf3,statement
3166c9bc61033b1ddbd1a952dfe21a44,credit_info
e7de718b5582b5843e5709be706b12af,main_screen
d1f5e99117357a3722cf8582b75c7900,credit_info
49bb23b75a162baecd7b4f6d52dfbfed,main_screen
aaef86f5cdff7cac950cf2ac0e6f6173,card_recharge
4641be7d1ca9fe02c28350ff31406ec0,main_screen
1d91bab63d5d60d72a70bb6f21c45111,main_screen
f4ca087f088b9046a3fd03b51960f14a,card2card_transfer
0d740eefc12384304a7313da95b42fa5,credit_info
6b182b485576252775b718b15de01370,main_screen
57e975a58790766ef228d625257854ab,main_screen
860676c542e5933fa4069512faeed35a,mobile_recharge
ee608238584d67b8e33749661e838688,statement
ed6ebeba46de401dec1c01f5f21d9164,statement
5af1fa8e2aba21e0619831eaa33b541c,mobile_recharge
6471a8c693035bd46d59b3c6ca7d010c,mobile_recharge
7ad6ea099d6ff83b85a6d292812daff5,main_screen
ace694175be54e77b5bbd227aad6265b,main_screen
27ca928ee96423ea080e75e255895ee0,main_screen
fbce9027b7ae18195fc03823451cc26d,main_screen
5a04b3aeb81b48c2c124372909814caf,phone_money_transfer
aaa0071a174f10d094ebe8d5fd010a20,main_screen
7911bba5f4a434bb04789f0a24d03f63,main_screen
a94dbb36e2d9838f0ad560163646ff65,mobile_recharge
535d2b9043006fdf44275ac847456c64,credit_info
0766a455d417a3bb403b0592aee02e0f,main_screen
29c8d40ba78e4ae29671139b74d049df,main_screen
a61e94d9d3fafb246698ccdc94d8c7e5,main_screen
2d48584af7331e30aa0946dc8a136418,credit_info
409b11e5b988c620598c97b14ebe1449,phone_money_transfer
a3e69309e713060923394c344694757d,invest
ed12a84a8587a5d9836e8630a2f21ee5,main_screen
b24fedfee1de69e24586e77004153248,phone_money_transfer
e1fe81d07a6f99bd874dac0874625f0f,statement
c66916d8f6a1444a6a1a0915494e87a2,main_screen
42c0b9915a211bb3ebe12e20cc044ebf,main_screen
7c8927e23c0414dfe471bc2145c4fc28,main_screen
56b078c0395e987071316b075c87cf8f,statement
557e67cac6d643d7f0d227f6963b1177,main_screen
1340944e3dca28b0ccbedc4de93442b1,main_screen
bed8ce8a6e6ae677dbd630fe13bb733a,main_screen
1de1b987a8836fef0e6f51b300d25e5a,credit_info
c316c139095259e3cef6405f6bb6e198,credit_info
df553ddf92d87cfdb1ee824d60e3af8b,statement
26de905e6d47513bac9ddfdcad9d0f7a,statement
4915855de4e6eff52f59a330d923d050,credit_info
36076b400220bfc5619cfa96249b5b32,mobile_recharge
77da1da6a0eedb5c1c4b3a816ce994c0,statement
2af6ffe6b0d9f05a95910a64bbea41a2,main_screen
5b19a8526d33dd3b330d566cd5aadc51,own_transfer
91e340b54533bbc9bd5eccc100fa5dfe,main_screen
75a25409e04cb8ab47b6def44e5ba206,card_recharge
53f0c9c7ac83460620d773ed36cab497,phone_money_transfer
60786f01dd27bd786f90c358b7616a68,main_screen
11f0724e7ecd6f9ce43519aa599f10df,statement
5eaa3abb17e6ad4209d64938c38afbb6,main_screen
8a1279452953a295a01c734bf2552c2d,main_screen
ab4f9a7802152479b47a6e32c251de09,statement
c5214014d23de2bc25186506950408f8,main_screen
7f546d24d010ef1464b10d636d287077,mobile_recharge
4ffe2edbd8d8ff866ab9a8b01d24f9ae,main_screen
f4f63d6855a72796a50fd1d8b088d15e,credit_info
2508376cc01b7eef693687250a246a95,main_screen
59051f8306df295c7aacbc91dabf6186,invest
9c5a8a0dcc698b850b25cc45e9a27de4,statement
7267122c94c368d39291e6fe40090aea,main_screen
72b7fc7fade52fc21f0985f977b7470a,mobile_recharge
b7cccef1af7fe840295a8cda9b2bd47a,phone_money_transfer
b2816ab68bb15becc31fa0034a5e4a1a,main_screen
645dd34fad0f9e67558e5bbfa2fa8b1f,main_screen
d9613016ae18912486a7999cb8e60b42,main_screen
668aeabe4f132ccd5dd9e58f88d07889,credit_info
3f426d205a7a8c99045da846dfb7b679,main_screen
eba66877432732434a0abcff31447c46,main_screen
65fd073588158e58b1f139476e06238c,credit_info
72adec1a692d6f87ad4ed9d38a219d17,main_screen
4b959a874b136e8beaf8dc005b399764,credit_info
40d7213afdfce42388a92a59cc315928,credit_info
034a4d116554e08cb6324b255e018cba,card_recharge
ddade6290feb56dc0453b6001c47ea6d,main_screen
7ebe3823c02515c5f91962bc436c1bed,main_screen
8c11426d26fd677e0400e236b414bf31,phone_money_transfer
798d9ecea1748485c39f86816c96e9c3,main_screen
6027d016c0e0de9542d646d8c9b6ee07,main_screen
cbaf257422e72afda6d7d5ac3e8a0f25,card_recharge
84bd1def3af2a87abf7c41414c304626,own_transfer
159bd6d0f42ee92ad6bfeff728b2bfa0,mobile_recharge
bd5c22b4dddf31cc4b130d87c6a3bdee,chat
d02be3dfc2102a50d1a4b28484b3a003,statement
dbe7dbb13a3f6f75403d531755add86a,main_screen
7c0d35f1639d7ec2a1e45773462f7fd9,credit_info
4ea709ea5341f662c2f66897f0777e5a,main_screen
e7de64c926abcb2e006cdc9f297825a0,own_transfer
dba9f56b02638f910bb003469425e25a,own_transfer
87e5ff5e4dc5bc0771a50b001e3d41bc,own_transfer
084fbe63e2281e58e56e38636097efa5,credit_info
f1c13fb3648fe5327c68851ddd821d17,main_screen
902dc85a17d77ef09fe341c9897b7ce2,statement
d372087194682bfe5260d2f33e0bd684,card2card_transfer
b66927b6a66bccb7ee587dd45a391508,statement
783ebd90dc93db74374ff76349ad70b7,credit_info
9bf4e5def2fee6a2c080e5904a2c7d22,main_screen
56b5c4d706e24bde730b66e40a947b49,card_recharge
73887b5a9822cc93226aa3c17671d74d,main_screen
6277dfb99baf534d3666fdfbc85e29b1,chat
04c68785ec25dc922aff6f2b732fe27d,statement
9dd23b9214ba61f08becc04928524b98,statement
dede27f2aa7a4599f373d2c39cc7aaa4,main_screen
faffa2bd0713e3cf4f1b4d6586f2d99a,main_screen
f3f8b4be0b89f6c16221efef22a1ce23,mobile_recharge
8d517a41414afc8fabe915e2c55d79d3,main_screen
193ea947946927a62f680a25ecefe611,main_screen
008479364c2639b36f9c0e1adbe234ba,main_screen
ff29c8e0c03822e7d061b00de357b75a,credit_info
2f4aea2d1ce2dcd2b1830a72bd1c05a0,chat
5f0d715b6c8731989a88a5955f265053,credit_info
be717a3f99b5616b08d954a1c58bdee7,main_screen
c9bae7d174cf861aaf429a3a8586bec5,main_screen
b686dba07d00e72214759d2418b6635f,chat
9691aaba1920411f2ed37826dae355fc,credit_info
6dc80c0490fc2cef343ac7b1d90884f2,main_screen
210f5ed0bbb8865d6c2aca1fd1d40279,main_screen
4a9e23ea45a70b598d31e6ec280e5acb,card2card_transfer
34666061d1cdbb4851dd32c45c9dafe0,credit_info
7dcce235c3b0f31a615ee3fd1f6bec8c,statement
724a97cc9edbafab2a930a14f659e483,statement
a106c1825a7beee15dd9baaa88b725ab,main_screen
91f348b0fda42c5e81717b69bdb3014b,credit_info
8ff093184405bae198b58ad23e5562b3,phone_money_transfer
a29cadf4dcdef848840f2b380a4f670c,statement
2979e623f3c46dc9c67135e657a193f2,main_screen
39ec9d5fd0e9da62aad6322291c570cf,mobile_recharge
7540794ebbc13fda0d326b8052092228,chat
fd095b86a70ab0aa13bf9c3487e7b4a5,main_screen
21ced35b1013d804b283bdfbfe443ce9,main_screen
c805f8a2fc43cad916dbfc15eef092b0,main_screen
12fceb194e45638d39e877fd1ef9e2cc,own_transfer
398758793d709be9157cb47fdbf9ee8d,own_transfer
86f2c8036cb81114a18dc9070cf81e0f,main_screen
7b8c222fc994c858ae65c196baa4aad9,main_screen
067b1969b335275a9e3b5b1b6774dad9,credit_info
3c18c2fff59bbf6bfefd913e30d5de4e,main_screen
1afcf817ac017a4d2693ca0ed5363128,main_screen
37a7d696ff005b524c1f6391093c4af4,statement
72fe940babdc75f6fda2cd0cd68d5f40,mobile_recharge
cc7f6db88bf3085f03f6baed8d493ffa,main_screen
9195cc4753c943b01506e513acb4fafb,main_screen
2c8afddff783835a64b2bed82adca622,own_transfer
eb4c1718a209d2e41f1b6c79c624a846,statement
f07a502b2da21d278bde88d529c15767,main_screen
b5a7c481584ac80adb899a486f92d55e,main_screen
2715c6298d4d10094c99dfc79782b060,main_screen
d3e4a433fba44284791969f1550312fc,phone_money_transfer
16ac2dac03e4e5ee4f3428cec34dfd43,main_screen
83871f7e40f74544e281cfd4c0da7dc0,main_screen
0338a3132735c8d2b921d3af1bc34165,credit_info
8c453a9eb94d17e7465581cbc658a629,main_screen
b87b51b5fa0c90c8fea8e532a1c7a54f,credit_info
6282febfbcbac98d3a0dc2aabe73750f,chat
f4e374d4bdcc9b2eb4e8e6f7bdf47c1d,own_transfer
2544682f34c3cf58318ef977a825b83d,main_screen
f1e7b8dd9232e0d712779e01f447d4d4,main_screen
41781551549343268b0e542111846c0a,card2card_transfer
f3e256cb82d8cac5f205d657597ca8ab,credit_info
c4da3f8da47e0c605f7bcc29c62596fa,statement
26c4ea1aeb485c80aa09d9830c23ebd5,own_transfer
cb78523e7cfa4c600ac3a20c9c22ccca,credit_info
d450ab69480ccaa9370c080569adad09,statement
541cc172cee03bdf530fa35c1447ca80,main_screen
36ff828deb383971bef3a1661f1955d9,credit_info
9de1fc9a1c797abdf419c9f507b0616d,card2card_transfer
3d6b76e57472d1b854d70a0ddbfc8ab5,card2card_transfer
7bfa4d7d133103310063bade4117b05a,statement
78e81639ef2a787f1f2d8aa808f4b8bf,own_transfer
a77cf01849d4f16b8f717c4ea3c50061,main_screen
40ed98a054dabe1dfffa61f301b0bfd1,main_screen
11cfa1b2a410fcd451ca03d07430e9b8,credit_info
9652db47780d8275e61acd014c948d7d,main_screen
9c23f77aa73a07540faca64dcf6f8fc4,main_screen
4ce967f9d15aaa8f5beb79cee17bcb22,credit_info
13897e606d88aeaf9538e8ecac80289a,invest
a9288e4df2b690a3b0073faa54a888bb,main_screen
9f9c84377c74239b2bdba16c9ed90adc,chat
4d71f901a51787a46502f21a9c5786f1,main_screen
027b6b081becee54338b044fca3ce900,card_recharge
e96c992d6acd7eb23a957be14eda2f3a,chat
7da0ccd5a8029f447bb4605077d3e930,main_screen
48a3e882a0b6aa916acde775d46f78b9,card_recharge
066ed81a514aaa9f74a36ec53a41ed45,phone_money_transfer
5825c453604b035259c95b37732aee9c,statement
3d6436fe5c34d002b43305ac7b4f6673,statement
1263a689024b3dddb750cdd6e2ecdade,main_screen
56e12532479e1474b9978a6842772294,main_screen
8ba606e35a36dc2a2cf028f36c8cbb4d,main_screen
be80dd26e76da6a9fb51c4fd838ab5c4,main_screen
890b5c8924cdcc8353781241c78c1340,main_screen
ca266ab54186d3a85feb2e7cead8fb31,main_screen
11f94feb292268ef48856c55b53725f2,main_screen
864c12116450129b5495eb95302d152f,main_screen
6db2413af61f1b79925e0d601afc49a8,statement
458d92e54736c024fb1b75da2b7fd3b5,mobile_recharge
b25ce4405ff914823e329f52ea3919bb,main_screen
bbff7c846dbbbbc7c1b97809c88dcf8e,main_screen
aaa9fff32bf3261e66c327eaec10ec21,credit_info
599627fa71a2430f6b1f0aea4ccc7e91,chat
81d39dc2b088d97702c4a401d1476d2a,statement
56cb929e6db618be48cee50fb7cb09be,main_screen
336dc5395beb2c7ff8bdcdd66480ba20,chat
c686dd4fd5164c67e807fd6ac8f14d13,main_screen
6f4755980fcaa841d7c6c94ba3fe34fe,main_screen
36c20d369b3e0757456d7965846ee2f9,card2card_transfer
3bf0ec92ae5c3efa0ecea6451b7b2dd2,phone_money_transfer
ecc7e1a1f895ef508122dedc68064511,card_recharge
12521ae3652a95b87ccdb6beb27ec3e3,main_screen
b156b26ea94f1d085818e37ad33bc65b,main_screen
a7912daed06df9f48a9f88dfc1a149f5,chat
3e3cefee434aaa7276576235d0745224,statement
c20c9c5055f19e529913d98678fbcc8c,main_screen
32a860f90c47fee0989cb88ea6756041,main_screen
388e8975a9c36a7fb793b0a2c035634f,main_screen
a5c5a97dfb8126d4e37964fa01389712,credit_info
cb2e378a58a966b4cd925558c710be63,main_screen
643ae630b0ad9874b6f9490133e1d7fe,mobile_recharge
b156007d5ff8acd3fe3c73858f5f9f17,main_screen
61bc1be58507e6bf58b25a20802de899,main_screen
a04e61f5d47ce76b16f1c6364c76db49,own_transfer
3c86f48a738056d2c52fe658c3409f82,card2card_transfer
1fc104c44ab58beaac6d2ee6e9f7ec37,main_screen
7bafee57dc99ad82cb63672cce2d227e,main_screen
c07db4a9b7ab43522f1e108117b055ab,main_screen
41f08419fe3fbebefe36f7a9e990514b,main_screen
7f72a9ca461445eb066facf60a8eec41,main_screen
6de22d47b0a7e6cde3f1da73be9c1ce8,main_screen
d99bbe0c1b3393285e2f6a642bf1ddac,main_screen
f30cf99e92270e2ea66ab5b0c479236e,credit_info
f0b33fd088ced5c1921f08f263d846f0,main_screen
6880f6af3c1697f52a70287c9d5c3308,main_screen
947a692b8537b577316f7e6588e584f9,main_screen
b113c85710e4cf43d8a23d94cad893f9,main_screen
c34e005113241f7afff52d7e7ae03e33,main_screen
a1588311c736f4ca2369b763ff2e52ea,phone_money_transfer
b8e76e195adcb634b532e256ed725d88,credit_info
a5302c48ca59adaa7cde6f5fe0c4de80,main_screen
e0d19643fb9b4ef326555ae02cdcd7c1,chat
6c098c36d0a3a0ba825adf2f76770f11,chat
4d73bbcafca455b39a0e3031b9138762,credit_info
8c8c0f59cace985d6ebd407dbd0f43b8,main_screen
0db99a88c66e9646c9943ffb873635ce,main_screen
e589674b5809ee2421a955db70eb18a0,main_screen
b6ecdd1d60e4295c4d2b84d0bace6c9c,statement
ec507f55f24029a8f800702a8a56daf8,main_screen
1129a97106d1026510ef377dd39390b5,card_recharge
b2d2441de956f4130edd0b2ceb5103a9,statement
998fb7b5aaefabdfb7f309d4af28615f,main_screen
348f357bac539fcff7878a862e69943b,main_screen
9a85d0a841dcf3fcfea1418b913f7981,chat
f7452d5c676253ddf703322a39a0dca5,main_screen
402c73171fc779403accb316672df581,main_screen
e93b1216cfbd5b319842bb0e5e158e3d,credit_info
2a09c8f5f0e3fedf04c149d54b664770,statement
6b6642463cd01059b543f95f740e84fa,main_screen
0b7529f7e7023f51702e6ab05e4014a1,credit_info
dc176242fc6b1f0aaee1f3293f9ba7fd,credit_info
5bc7d4291b39c4775aff85f278c647b9,main_screen
69dc2d63ec2858e5ab85b081249ae6e0,main_screen
7a07b948c503db57e1c67a0df24cd520,main_screen
1c1402372b31ce25a129985c4845a5fb,main_screen
34f40ce2bee7f3a4f43aadaf8cf7e115,mobile_recharge
e79a71650cf755a1299b8b5887200815,phone_money_transfer
a4331848f4089bb75f50737ba913a85a,main_screen
4a1e2fcea61650e8ce753a44a4f12b43,statement
8e6a4e5f661483a7b912a0b28a3900c9,main_screen
e049c713ad13ab2c544fe6b4b15abcbf,phone_money_transfer
1f6d0af0aa41c77db2c45dbb1cfe2470,statement
c4dbeae1bc9c054ae07e3b445672b29f,main_screen
ef9f7714447439c890d3062e9b5ef4e0,credit_info
db5105d8d7f185d4112ecf37c5739e6f,own_transfer
03a83a2fdd2f15f0a0befb851f939bc3,main_screen
b9e20faf31a1be3efdf74935d0055429,main_screen
4f22531176354a00fe4147a8b4253df7,main_screen
3fa70a13204583bf01668ee5ed5292d8,chat
91c97e8121602875556cb7801687798b,main_screen
55d55fe282c87aee33052889c1f74823,mobile_recharge
1f603eff2ccc4343b3a5ec437096abe8,chat
01aba515d3d7cee4bb1c5e3af10d5335,main_screen
0359bbfd4557d2427b1f1cdaf58a694b,main_screen
36acb6d78ed4c064a781b815aeb048de,main_screen
2dba83b69a578d10ec1fffc968f6a3e3,card2card_transfer
6490dc636ed0e5560d01932d2a8bc253,card_recharge
352c0cfe72f31c22c4332b376f28972a,phone_money_transfer
50b387c76c13f1a0f5de72111c6524f2,card_recharge
21669ec01d6b6f8259208fd8979a175b,main_screen
a84bce419397c979c27e6197612e8012,own_transfer
649a36c2966fc89d58653d6271726407,main_screen
23df81daf7372335e6cfe433e2efb8cb,main_screen
863ba5de1ffa27bb32cfdfe638af0d56,main_screen
7d6acea38cc166db19ad7320f09c3c75,phone_money_transfer
bca5dea7479bc477aa638174c26a7b54,statement
66342bb34cfe83135bd21887ff6ce950,main_screen
e357ea2cce53035c7b5af2c11990dd30,statement
88f74d7e5cd8cea5750ad75b32b0f421,statement
ff35ecae002ecd7fed34aa92bf334524,main_screen
f09e6301b2437f356eec00fcdf79caa3,statement
c9ef90d00b774b798204d5c9a0661fc7,statement
7c62ba67b44b1ddddb9ea63523a1935c,statement
9597b1d6562f4730ef3da3a31c9c0be9,credit_info
d7cd8ab3fe9a846fbba3376dda981ed2,card2card_transfer
725ae36de8024e09d64f2ac40fc73421,phone_money_transfer
576647922913cb470e754c6f16b3d976,credit_info
7eb058b85a37ba748c3166e6b05e4fd5,own_transfer
85c36ec27724fbda306128b12602c042,main_screen
7dd32b79298ad040165786ff78b854b5,statement
56f69c3b452d605da996cd74bef4bb65,main_screen
13683b858d3bf0f703d9351aa5491eb2,credit_info
41c47506c689e607ed1eafe70aa28405,credit_info
3b9cff73ff4dea4856a60bc5719e8185,main_screen
81a4b9ac486b5e13dd19132dc89d8357,statement
2103c8f454b5d2ddc77dff5c2582cb36,main_screen
d1cc602bd4b90d7b1ecc6eafcce04e63,statement
d5dae1d0db652c82943f09dd2da6c8db,chat
36de45c078ee1f81bbe8052aa9dc3d57,card_recharge
287bf0479552cfe2d6934a4637f48e35,own_transfer
964883fa159f5fca51e7c9553921f11f,mobile_recharge
a39f4fc60e7d918c7c5aab45c0437bff,main_screen
a04f810a035db04872ec62fb4c204e37,statement
6b4f6cbd2445a4d37f294cda62962d5d,main_screen
7c40beeddf835de3aecac4deac94c7a9,statement
b923e9beb4f1fd88d006036261b48683,main_screen
55423c2957573acb2aef1f2436a2f1c0,statement
cc5642d8919d8e94d1e64efa4a1fa88e,statement
b47de44935169ccab6a9edbab382eee9,main_screen
9b78479f406f0696d37ac20d6718b309,statement
ff70d374c4b26afe92a99bc5008dbda8,main_screen
2d5778775dce0d057491ae469dabe65e,statement
0c913a092fa4d039dbdc9d8a6a3aabf7,main_screen
6f6bd2cb039ee817a87276c065e3ad7c,main_screen
9c4e9f0197f0a5d86ff3825efc3f26f4,main_screen
b34f1399b2a98cf8ba3e7678f4ad16eb,main_screen
d71e524bb462ea510e426f29687a0776,card_recharge
05755c65c324e57d2d30a9e67fc4d6e3,credit_info
2a43085830ba1f2cfe5e8d476373e13d,own_transfer
0b644fd4cc6192cee54961a868065606,card_recharge
cb44e6b675ebeda189d187fad768cc13,mobile_recharge
f42bce65414e578fc9389314da8fb7ee,main_screen
292e9e14e81183594ac206b71250f9c9,main_screen
47f69d59125b30f1ece68cbd5e2ea89d,statement
1d3380528d787fb5f995751bb9817a27,credit_info
6781bbc2e3a5aef6f925703b5c1f9d26,own_transfer
ca441bca59a73bc96ef69914c3ed3c41,credit_info
fc33e720e24439b83b2d142131796049,phone_money_transfer
da910179305465c39e38a6535916fc1e,credit_info
a8acc6a790c7916c2e96433a2b8bc8fe,credit_info
fb60093e77c7962cb6888d60a85717fc,own_transfer
44b255e3b5dced8fa08b4e56858744df,main_screen
5e61914483f62bf15ee740d44c717737,main_screen
8770de12f5744ccb8913f1a7e2b1b1cf,credit_info
07f7c9888498e1b31f16855e6a49eb99,statement
6a12a9f734df85218c827d9e6a346289,main_screen
eb82e2241482ad8725c4ab64bf620f43,own_transfer
a8444cc6f39c0439d980eeafe25b3099,main_screen
aa8d2459247d3ce01b619f3579478387,credit_info
96c41cece7b402d50d5e13b959de4c74,chat
4a9daa0c50a1fc9fb79603606e1b9d93,credit_info
ffa4afa3b987498bd454b34faf7f44db,credit_info
3e294f26bb79603621e8aea653670f5e,statement
3c4881df6dc0d5daf81e28cc08c12966,main_screen
6aa67159ea996dc73aa49f9739aecbc2,card2card_transfer
50d386dc88d680768530ca9f1c45a24b,main_screen
066d10d577a395b5c5bdcbf4ab6f4fe8,main_screen
c06f8f706523a66645f0e476c4534402,main_screen
02d7a9f52542c62c8519c8659ed1a726,statement
51ca17d0bd3ac4f1797dedc62229c48d,credit_info
11cf3e91f90dc6ddb945d4f4824bc0d0,credit_info
214d8d13c5c99fcb5930f019232753b5,credit_info
7c4d8431da26432d1d0dd1d7d9c25de9,main_screen
cb247c15687462f8d9ebad8fe626d935,main_screen
8283234a42956e45144ea0b5c49d174f,main_screen
a6680d84f4f09e36cf3aec0d9a5cf967,credit_info
64fe397d055f1cedcf96fb974be998eb,main_screen
b7b8d8ba9369cc94c651dcd21e660ba1,chat
397c2cebd64223d6ac69cfd6b25893b5,own_transfer
a12db8accf72da3109cb532ff73c842e,main_screen
3e61950a785380ee851f2c45ce693bb1,main_screen
1ecd09483ca8ed7c7b5432c26ac2e97a,credit_info
5a496cca8cdb1361ca56291f9a2227e0,mobile_recharge
d7504777ea12aed0f54dbc00057c2d79,main_screen
2a8f35b4edd6b9b7bff520abad4b97be,credit_info
95d9d83b5f6dcce8552b69fb73762455,main_screen
50a83a73968eb612ff6fac66ec6e317f,phone_money_transfer
0bed6362f56beb8c92aa5769da699777,main_screen
cfb8f2f6fe969afda96529c34797b9b3,main_screen
b1ecc7afa57af3ca38b368c7cd629615,main_screen
6bd7b582da4c208b13148409eb532aeb,main_screen
4ff42323d0c12c24acd2bd24dfb0507d,credit_info
e2d37a812408e814c2931c46b5efcf31,main_screen
08c3a4b3bfff8d161cfb24e7d0fd9a21,main_screen
698db10aa3fcc2904aefb1fe8a3a87f4,statement
15e4da055e9e4e66da726d180e8c8924,main_screen
a34b6a666ff89b4f56b8bea90f7fe1ce,phone_money_transfer
bea9d2ec2c064ada04f0e72ef64bbaa6,main_screen
f514a47d092fd4457a6c7e3ba1ec53bb,main_screen
8cc242cc54890a4010f6cbf711a38a42,statement
4c0723137a43d5f165504dbeea57825f,main_screen
7233bee98fd71477c36b08165839e672,statement
bfbcfc9c99505b3bbcb46f346973bfb8,credit_info
b526693ab6f5520b061c953ee59f4e05,own_transfer
49d8211ae29865a9a6a9f58f27ad4dfa,main_screen
38e8ba13f13e732e555ff96dd5af6962,credit_info
4ac89a5ce7b4927ffc45647ce7cce25f,main_screen
ac6e58e23f1bf53e664ad6fd1f8e8d69,statement
b21fc90d152db560d811d2c3729a861d,statement
6c25a0a2818233740a2b38287332a42d,main_screen
4c2cb0a9aa290b696d3c4c38273546a5,main_screen
57fd575e8279aaa987da6049086200a0,main_screen
e3632c370bfb25248a07cae31be5d7f0,main_screen
ab5638c28f4fb36844a4d20f359d5d9a,chat
5f394ce92df622b7fe3d8dc937a809b4,card2card_transfer
09720b2d6b2ac10403c40e1f191d1a1a,statement
c3e0a28f3115faa6907b5506462bb1f0,main_screen
78ad1225b491f9c8ec7f0b2375155d8a,main_screen
787da7cea4b54fa8f4a77b91a6a8ccd7,phone_money_transfer
9a730e429ed8e2154cb78fc8359341bd,card_recharge
3659fb3c9072d17e53ebe29a95f3e342,card_recharge
cfbcb249bf3b5a203d79e75d8aa7b0d7,main_screen
689fccc6806d9ebd7e6abb64f4df911d,main_screen
191d47e0f621deb5014d304db4e1f511,main_screen
4bf56f032b4578805728063c8a70f436,main_screen
5ebe64386fb7a687f5f9854791c82b6a,main_screen
e56079f5446e49ae289c3e73f7e4b8cc,main_screen
8205834d404d151cad579a590b09ccca,main_screen
e3d32a7a2b0b2d63605fb1c180d2c13b,chat
5df3de2fead8d14e392caa157e27248e,chat
af9af13398f694b6048cb1594910afd6,main_screen
9db6c24e91f5e7cf57e24f80fcd6040e,main_screen
917910ee18c840b0d352064a277021c6,credit_info
9bb9d3a7c8e7bdb43d8f2381e19e53e0,main_screen
a6bd0d1e262d577ba2375f7e8e9455b5,main_screen
e6cb8ca223067b1716492f47f1e43b6e,credit_info
aceec902aab03d81957666a2ff27d518,credit_info
24d44d8cf674069b3fd66c28b90955c5,main_screen
bbb583cc6f701b8cb06b06042cc77af6,main_screen
d03fce63d1310a0ad83835df277c6a1f,main_screen
37229a2015832a28558277b1017e9061,statement
fdeed6e4b5ec962ee01092eb0332c3e7,card_recharge
4d1198d5246eef55119e12530560ae47,main_screen
57efd3c458207dfe70a0715fd2fa3b2c,main_screen
92286f9a7d3090603528e66cfc5384ea,own_transfer
88d150c03ae37a67901a1ddfbb2958e5,main_screen
a71df6f1df774fb56495fdf172689019,main_screen
67d2174532afedeed9b882776f3f68c8,main_screen
0afdb4408727de793ee2b7e0f59c45ac,main_screen
434216e76a50ef6006b842636e2b331d,main_screen
fee69bf269d8acb8a3d842433d4b3417,main_screen
8670f2b4a3a00fd2b364e0d0998c170e,main_screen
a6177e46d18dc36a95e71cc27c12eb6a,card2card_transfer
6e04d824cd0ad5a53339944440848aae,statement
8f02a7ba21040618ac8db25f5fc2eb7f,statement
0722b0b02f03c39ea58977c5728a7d37,chat
b1ea9cf037895182d8c886f6de090017,main_screen
83a0a948243c995b64a0a320aa959788,main_screen
021354ffc65d0b64e61ea81aa4844257,main_screen
e72ddf75589a8cbd773409190acdea02,main_screen
65f21a9d1a559f18bd5c50733eab07a7,main_screen
787c2b140a484ba23461faa2c4c8408a,main_screen
961ffe3d93b31d7128c24071d9fa7a78,statement
ea12b51fded142164c3d69d0b528546a,main_screen
a21fa46269e707248e477607cc1c530c,chat
50c01759d91b1d98c9ffba4084d52192,main_screen
36eeaa9715256a016f860e99ee4cb65a,main_screen
b90377f7087d32ae46d18d9054701762,statement
e380561bb2444bd611db7a5c0d4dd11a,credit_info
80f73eeed3d8a93d21c0d3265ec92673,credit_info
3dc68dee8354e211f43f9350ae73f156,main_screen
f67b2d39230e69e97603b8cd612fc303,main_screen
f68a7f8e3153e108a857bd977954637f,invest
b5545bb9620ed93b35d2c1b0f0714c45,mobile_recharge
ac25ff1ee775c84587c26823ad18086d,main_screen
6f4d857c958969257f7a9d0040d4d2e5,main_screen
090dd08522eb5dc13a7628da8cce1eec,credit_info
5df2146d38c4ba2918b7e307d0038836,main_screen
6dece9d47fb5721ee5188251865c4cf4,main_screen
4496a3690e6ed086302aedd53d36bbcc,main_screen
006ae32b5d2f4c9e1339c3a834559015,main_screen
39c2b32a24bcf262a0986f7568abe9a9,main_screen
3a8d77aa8bd25adef5830d8a814f52f6,main_screen
3db5acaf35a45c25cf4c538b4fd73dac,main_screen
334f49f31e730dd1aef18208c7631950,card_recharge
6a933506319562e91ea7a4b04b9c8561,statement
c9b4d7a6854fa44393b0604b0634d43e,statement
4ebd7c95632f47b87f4cb68217fd346b,main_screen
88de64363ac0d717b7f755d2c3e145db,statement
da788f4b671667aae3fade1742836278,main_screen
6126a8c348e7aaaf90dde238bb91491e,statement
3b590f952baeb7e04c2c81804381ee66,main_screen
e49a7894adb0cee89fd6a45ee39e73e9,main_screen
dc844e273ed9a574bb3118a3314381d9,chat
cbfc6aaf6e97fc47d7a38bca42030bc5,card2card_transfer
5439b00655f9a6928288e0b079ece643,credit_info
5b3fc674cdb0098b702efeadf1a014a0,main_screen
aba14446e6afc73bac5000b03fe46325,main_screen
54f032bcdfb8963b7f8d9f293b0e6c00,own_transfer
791dd2c78f01160cbb76c39bf8a591a1,main_screen
4899c3f543cb76f8b7b9f62eeaa9a26c,chat
5dbce34c69e989276891f9d52a9439db,credit_info
bd184d112a2a94148013e8d65e8e3197,main_screen
18cb8411a1c1cdf1ff35bdf8c3a6b2c2,main_screen
02930eedd958ca948bc8b14892d82527,main_screen
e3be53ca9dbdd8d67d3291b1ebc4d089,main_screen
28dae4ceddc10e939b804d90b5509ee8,main_screen
d75995db386a9e2a8503d522b0ddc8ac,credit_info
6f689f6edb2513185dd40f1201035f89,statement
97ef769d3a543f29bad45d2306e938fa,main_screen
48b603ef2dae3039ebcd422a38c526db,main_screen
7025c1e38cec234349ede2e16cabf98a,credit_info
e16a367cc25ea85222137a9d7bf1b1c1,statement
3b02839a74c0f168aea5e6173ded2fc5,main_screen
9fc5ae90bcb5ab90239a5a50e9d66381,main_screen
df6f376389658bbcc5dd6dfc402584c5,chat
f0dfbe6f20afe851b6a130ca7ffd4f14,own_transfer
2ba5cc77394bdf49a1de724aa866d8f2,statement
d737727bd884b55a8c928366ba68bac6,main_screen
aea0b9bbe890c3439f347555ce4eb433,main_screen
31cead85ef75ed5703d301c5f2ad30ef,main_screen
0c63b425bbb8949dcb03ddec5421251f,main_screen
c8eda55b36d1b5ce9ed06bae7f5bfe05,main_screen
6256a86051762ed4d6fc183f3a1facad,credit_info
949a95d87f872e1516625fa4b2cd8241,statement
bd6f7e864b48cb532e9c63b360c48c56,main_screen
38bccafd4dcfb4022a92fa86b34024a6,card2card_transfer
79d99e4fc139d376ef36d6793c2af537,credit_info
4f0fd695fe2a3b635222156bfe5c5734,credit_info
daaf9d5a370944f39f8469202ab8895b,main_screen
57c68e6c43ec581bdae05500b86797ed,mobile_recharge
20a829767efb2df959330a6b4cc2953b,own_transfer
7c17f4e1f61df74d4fe2d3dea6e50b7a,credit_info
ab0c53d0359dab3b6e5884937b2e9620,own_transfer
05f2be91048807d2979b464f248d6e1e,card2card_transfer
6db456106ca541433abcc346f802fa7a,main_screen
eec40df4c44f3ec1c1ea77227332f6b0,main_screen
9b1c0686bb88ca49e1e721f8849d5e65,own_transfer
0f7943833ba64220a7296ad9b9865644,main_screen
d022cda59577c6cdb9d254cde7839063,chat
ef1c11dc7145da1e8bed3d092f3da022,card2card_transfer
5e778d4a5dcdb51ec4f8971c6176781c,mobile_recharge
b99932f10ef36918057c4e2aeeefd141,main_screen
48c4fbfb25b103df96a89df14a55fc25,main_screen
c8b52b60ee266ddefb497c2f3740e422,main_screen
a990a6d3482fc48167f50cfd0a4850c6,main_screen
1260f2aee94ad70d09c0b0589756c1d6,main_screen
bad5168b1b9d9cadbbd2608e84e18c47,credit_info
6531ef43e82b7b92ca043505050aebe4,main_screen
7590fb7ec30249a74645c407716eb346,statement
396eedfaec9ea544cbfbd3a665520b38,card2card_transfer
0c82775881199f2c5e14025cf2dda3c4,card_recharge
136efc70a7616514ff5589deb34c8aed,credit_info
b2530378aa9d9b7317ea55d5b7769151,card2card_transfer
d81deb1a11f3bdc01cb5b14777d0c401,statement
c2673f4afeb53c2e54c412e266f3babc,main_screen
4dd914f41659ba89946292b3fa4a51b7,statement
11b331e983f9981e0007aa1328fef20a,card2card_transfer
e45428ff46534842f10952881a2a6700,card2card_transfer
0825adb6b44df4395e558f68a37b1e0c,card_recharge
806a6bef3c961e113d67ef9eccb4b4c0,phone_money_transfer
c0bbe6d5170402f26d5d5668f461efe5,main_screen
9b11edefe7daa82fa51a983d2ad684ed,statement
6a3ec7fb16ce46f103c8f67412d66339,main_screen
05c52da37e96de8df043dbeaf15ff24a,main_screen
66fcbb0b98a96a31a5030fc06d040c62,card_recharge
9401beaee991a7c6d0613ad98f0a09d7,chat
899cef6369b411ed91701cda68596747,main_screen
e66f309fcbd0707bc48266367950b522,credit_info
a1a2554f7e6c7aaea713c3bad72370f3,main_screen
fb6e8e5c06894d1bfb1a41abb328600a,statement
7b97962ca740d15255faf3cee97554c8,statement
85deedbc9c8827d1134cbba9005c6672,statement
b2a5b72999f06f72b1b216065bcee742,credit_info
eb412dec646cf0a75c5e1621f5eee7bb,main_screen
c28f3b40a020f1ff7c59be01e2b4b7a0,main_screen
626e2eeb11d7405a4147c797915fe355,credit_info
6c458575992e5e9737c3bf71e88f92d6,main_screen
7438ec70da52ba8c1e9b9f67e346d730,main_screen
853c3e1156e213e368385057c7ba6d7e,main_screen
9dc79667559876548944ce5d4ab7e47e,main_screen
479c1ceaf03c20e30ba90d86c3fd551b,main_screen
2116f607f75c32d0167366e839586bf5,main_screen
7108e7bbfcf52206f0ea8ef6e58c964f,credit_info
76c1fdf080ee7584ffb480766253f177,main_screen
2630e98148b665b04375949117122e16,main_screen
84005882965f5682b7cc8596f687a2fd,main_screen
527836b2ba1ec91e24edc7f2c7ea14bb,main_screen
b2b56c3adf939c910385afe3df541756,statement
07c651a7253ea705f508b6a53326e3bd,main_screen
cc6090cc0b7a73da15dcdf8575a5e6a0,main_screen
56387ca03099a3b49ee5051d855ee43b,card_recharge
d093018008d73cb26518934ee6aa83c2,main_screen
9dbcdc2e7356eb1afdebf3c331de5af4,main_screen
4b336c8a2a54b2ee474ef8f4d7f00e70,chat
40a76a0a60ce99eca2dc96b412be6d57,main_screen
d2700a497dab338d6ab8f88c0e1bf116,statement
c4b25cd28e9ba04fbe61a08186ebfc6c,main_screen
b13250063f48979174cfc53835acc034,main_screen
8c83fc6dbf2e11c5cdf720c0526df65c,main_screen
5ab21611c89d0e3d06c079815cd954e1,main_screen
0a74d385ed7ce0c83307bc797c4e930d,main_screen
e66f95abead9e835e4c6078ac190c183,main_screen
4a3f9d4f5e063c83b0bcac5ed67ec681,main_screen
b4f90195f3525a26d9fb075080707fc8,main_screen
971a34d2d4990c3d103dd7321022778e,credit_info
b72ef7b7b63a47eb61c6e58cbf0811bc,main_screen
2e03fcecfa818228aed5bb7f7b10a90b,main_screen
0439ed39226ca914ef8a1f1afa2d3e97,credit_info
7d9b9ff9798e494e74ddf5e37f449681,main_screen
c671dfd209ae54436effebbf99b45aad,credit_info
c32ff200f10560efc5d3072d14ea5e5e,main_screen
100d377aa331156f808b4ad5f65ecc82,main_screen
0b2641ceebbcc13c07c57d89aac531ea,statement
fee4e1ce334847fdf9d0fb96ce09c190,main_screen
ae727ed0e39ff6d4256e7696bc4dfeaa,card_recharge
af6d145c9449330bd2874fa059df8719,main_screen
00fa607db0161c2516f8eb06eeae3fd3,statement
2b82f22d0bf024f21afca673556308e8,main_screen
9ddc50dac58357b3a9ce1ed7d99922f2,statement
a4be181bfc0f4e5763b948047237eeff,credit_info
80ad291c18caa5f80cd6655d048f390e,main_screen
d70285037a662d390be6a60206c63f68,statement
9826a231e54e3897605f54b967166da0,own_transfer
3d9b743b7ef7fc815d5fa99137511f2e,credit_info
19cdeec4f7db9134c88bd01d2709691d,card_recharge
7a1784bbc81aa614fa828cf8159a7081,main_screen
98f2d7cf02732a2e5cab163ee547a762,main_screen
d603667f2e165ce867aa1f0343206a9e,main_screen
bd18aeb6c083f5ac52146b28503abe99,credit_info
76a9b6999bf2d05d928ab24d02c05ba6,main_screen
2c6ca716d679861320a49eb20704f148,credit_info
e48e9513ca43224f7d4f64ec64839184,mobile_recharge
a89dd787701c5e2f8a295919868ed646,credit_info
4a3da8b97e2cdbd00238f1f474c0ce7e,main_screen
76f4a80576a8e6078c6ecade095c06cc,main_screen
a24c574389988a5616dcab75af00fede,phone_money_transfer
ceb666f72b66df7f5e99d8d65bd49911,main_screen
4c29afe71d3ddc42b6fa4f01ef83bb37,main_screen
3058e578eb9c09ff445d8e29e3c41813,main_screen
fcf7001b3a64718a991494a37f808788,credit_info
d5d8cd738cb25c235a86fc1e2364cf77,own_transfer
c1eeecad785ba428f29401d499d096f5,main_screen
9f1f0cb009b529a9c0565304d001f768,statement
7a430dfb78131b09df450a7473de7d08,main_screen
286ba75380dcdd9b7e54ae5f5103a0d0,credit_info
7f9f62f3f15a3db8da7bec0a4894a621,main_screen
e19a66601995647f8fa4655ceaa5cd0e,own_transfer
1c457744cedf48dd1ed55ec1c0b720ae,statement
c39540af7b50c5a83d44718cefb4c5aa,main_screen
1a62844afeffe7160264007951c0f00a,main_screen
23a61f0607d127a481158b7437adc686,main_screen
1ccb7eac6020394a166716e26f7552f3,main_screen
a107c0eb17b0a2b191a8e3b6a9566740,main_screen
4946b04bfac44441d7ece38df864ec87,main_screen
56f84cde605247273839fff3b5769cb5,main_screen
c92bff6621f2b7a0bfcbf3471b21930d,main_screen
02cbee7925895b415789f2683a41c140,own_transfer
e93a6e91577cfdaa500ad2aa1b489124,main_screen
ce2c7492439d537377f9e61a89a3ad1c,main_screen
40e58cef7bd9592c8ddfeaa76ce5b0b9,card_recharge
03cd2dedbb5ab1a9f4752b52026a6e53,own_transfer
13d2cbe7ee855bdb8f6025685eff559a,statement
59b61701feafc99349381265bd7655a8,own_transfer
21c6f2f7d86c5db03c1db1d0d053be1b,statement
15d1c91f695971532a9e2ddb5fef9c8e,main_screen
86385926062e0c162b25525f37023f82,main_screen
e9eff1fcc71f1014ba08cd97721911fc,main_screen
47727643b6aa71fda90990ea49efa99b,statement
ab5c4f9f71a99ef79165ba2f3f4c3715,credit_info
0d29f6b3eee084e47449fbdd117f93f6,main_screen
ca2045f869a69275731410be57f44e41,card_recharge
021341fa586c03601393a5fbed852f19,credit_info
59ce0b5b31ea1be76389b758674f62af,credit_info
aee6ce2d1a9d286a97b9b519fdecaf0a,main_screen
0672ead59c5db4c9ba7394dc1e2ce905,main_screen
e920652ad4f61dd995df29875e6188f2,main_screen
c456b43f854ecdbc686d393cc6cb4ec5,credit_info
197cf54314c6d2116d33813ded8ead01,statement
b6aa8cd40aee8717088a8308a71471e0,statement
23ee5b4a9f5255de7f9c63c979dbf0e2,chat
25ec906d92e9a7cd5fd6c4ff620101b4,invest
4ea5d1021ee8764daac73c2891b013a8,card_recharge
1e47f5681fc65ea38cc7987d9727e965,main_screen
9d857d810228492ac80d6190ebbbfd5d,main_screen
b0b76544fcb2b1d0a92d5791b9676ba9,statement
26c1534cfbe738eb5fe12b162e349149,main_screen
9840c475ddc1a85256e95055c3eff8dd,main_screen
3532e2cd13c761a1303875bd1390431d,main_screen
06ca4ebf6ab4ff941e16e6f4db35e078,main_screen
364e51c1f94f2891db85c353a1a0d2e7,main_screen
a36f9addf09b804295a28566c18fbeae,credit_info
067b0e8cc0e0ab95d538232679428076,statement
8964f5902193c9923adcd3dd4e90ce5a,main_screen
8aebb7616b0e1190d1735a775aeed1b6,card_recharge
0473dacc976abfd4cfa059d9e08b7b0b,main_screen
491c73df9bc40fd899eb353a54627a5a,main_screen
6f9a9775d61fa1076dbe13960d92bbbb,main_screen
e0a58f9ce4f19a4397d1495425c3ea08,card2card_transfer
3be3c61a883718465d12791ee52d0f31,statement
fd6171de3e7b6b43c10f306cafef54bd,main_screen
7e04af51132db18e40e02c35c23c2210,main_screen
aec57543b3b8da54ca1913cd0d1ae263,credit_info
7ec312b4e40d99489fa0d3ff738e48a0,statement
cae3805ad89d383075033559d1774f3d,card_recharge
c8de5811161a19d3b6ed94aa7238db33,main_screen
4af7ab16f5efc062525d12806ae02952,main_screen
96e57a26c0d01cea26ee1e0e2fd2ccc1,own_transfer
9d38c6e143bccf01432b57fa63f670d2,main_screen
9d36f36ad6c7c6d0319ad16e948d7a3c,phone_money_transfer
2e2354338aea9ad1df1d7ea979b44f2b,credit_info
61d7839e1bd1f9ffcfa128d03be36389,main_screen
84e73c7b9a573e7e3d61d6550211cbc9,main_screen
f7d3aa30e861e779240f3f7ddc01dd06,own_transfer
b6e3a6cf9f64830b2e5a66123c584a45,card_recharge
20783b6fce74e1f49dfe84124b206c15,chat
0cba39272a5ae541453d1787a6f15277,main_screen
80c8b1cb8ceaf107b972a60feac44454,statement
2e726ebdb5d75c259bc5b45efbbf8d3e,main_screen
7a529846ce06355c1760a3962fbfc52a,card2card_transfer
5f15e994c6397d291a7826ca600e3690,main_screen
cf2890195b35eed8b8cd7e82da76955f,credit_info
78939a4028e825efa9b85b76b8b1d5e7,main_screen
796ae4269fba3291a95533fc8b62736b,mobile_recharge
ef10e91252f963f41cbb48097361a7ed,main_screen
c8b26ccaf32de9791fac05529a007b39,own_transfer
0342a2d8536d63e084b33bd467574d2c,credit_info
859ea6248dd07639076c408f2379d49a,chat
1de4e23292f86b48a0ccef7860ef5e5d,main_screen
9b164e6c0457b94d98cf88647438a85b,invest
6a360c9b02458fc0acbdb3a281d2a6dc,mobile_recharge
4085c9706496be727a38d900b927152a,main_screen
e482f7f4b432f8af877c56dc5e2160e3,mobile_recharge
f445b1e6654c8f6dd9318c79871ef700,own_transfer
796ccd98c0ad5718f5dd12ea64c000f0,main_screen
5c9c22f19eb167beffa1de12a4f55583,phone_money_transfer
832ee3013ccd11129fc73ea12cca9c78,statement
d2551f7f2aa75ad4bb674113bab18c7c,own_transfer
c5bb6bbd7e36b731a6a3c488e4adaf39,own_transfer
5a3e912f5cf654e255678890599140e5,credit_info
64f89039d40b5f6e07a1b42501ed6b6a,main_screen
f7fab094ae40a72ee70f79c09c87b58e,main_screen
8c87401c8e565326762681f4509cca8c,credit_info
7636a3e92cf6939e8aafcebe72f9a680,main_screen
f43c634e37bd398ed1f67e073606cdcd,main_screen
a9c5db320a2720bb9265639321028bb4,credit_info
324083178851cb5438cfc6df45609e69,invest
35b7c8de528bd7c13b3a018473d6b19a,credit_info
c3caf05d7ecf101efee430b631c68215,main_screen
8bded5644d4a14ed9a405f11bd798201,main_screen
2557d0dfda7c6bd4509df13480a9ada6,statement
41bbee1338dfc6ed8c916493783a5e52,main_screen
492bc1cdb0eb2d1dbb92c7a4516d1943,statement
1c8f1f4a79ef763fb3c0aa404c152ccf,phone_money_transfer
c76a83fd64e5448649e6dbdaee808a66,main_screen
eef9909270e8be43b57a8b3864107b90,main_screen
e8df47a76c793655237f847d1a064ca5,card_recharge
e689d4237a50b04934a7beada328166e,main_screen
9322d8d13a837c70c5c48445cb35b7b4,mobile_recharge
86a5bef29260f35ce0edac5a2b672f5c,main_screen
5103bd06e82250b8b8c3a62f49eb162b,statement
1fcfcb49bfaa7c5db5c5da553141597d,phone_money_transfer
1cb6fcd904136c1e0d4ebc143725a790,main_screen
fce162f3ad6e1b4b22e23d6602633e4d,main_screen
078b734076ca6f40be73ea8a9132088d,statement
660afefde84f8283eea2b7842aab0922,credit_info
c44ab640b90bd22e30c5bf3a5243cbf0,main_screen
6b106086ccf475cc16aad87ea89c492a,main_screen
bdc6591d6a2043cf25418c928e28435b,main_screen
0ebcd93adf8b299d2da451f758e80f87,mobile_recharge
d360201ce031f0c25f73cdbf875a2766,statement
0d783222edf318a8f0af293fb235e8ee,credit_info
533c655018597ba019f61d396bb9b4c3,main_screen
ea99e58d9f9085fd666a1eed8f67686a,credit_info
4933282cb080c0d2ada2ef82ceee0098,credit_info
e11dff24e2f67e0f2acb378b4ff2e48d,main_screen
7aa1e0cf6df7ce70ddc03ef3635c9016,main_screen
4b7faed74b0155c2b6dec711c6c57f1e,card_recharge
94196fc174427dc35894a593eeb1db93,statement
28e263231a2790ac1fdca8f131d67350,statement
2684ae14964308b1ff91255dfc791b9d,main_screen
3956241d11e1302047eea7984814fa47,credit_info
c286d6daf311d684a94e6e0fae9002f4,statement
b8a27c012d9f163109f25aca3d2b6da5,main_screen
05cde0fb112a0b799c882d6f9f7aab1f,card_recharge
06eac82a60c005c032269db9f0f0cd94,own_transfer
eb3a5ab625922770101d54a06b0a006e,main_screen
39a4c7a30aca52517019dccfe697c44c,main_screen
871136fd1f1e19d5e0579514119d39b4,statement
ff941bfe58bf47a5b2c86d05a7f4d7c9,main_screen
2b269739b7fef6b38ca9183a06361ede,chat
e9252301f4edaa121a334b60b318ecb9,statement
8e742d4cba4a74e75c0f157b27580003,main_screen
abafef1c0d5dddfe701163da25076498,main_screen
5be5e6bdbc0ddb023705b07336657ef6,main_screen
63874c2103d78e0d585bdd94ca9d8e1d,main_screen
dd923ea68fe443cc3cda99b98d2f28e7,main_screen
2735e61fa63a1694875e176dc53d4c59,credit_info
6cc83aae728679e7df757c5b80cad9db,credit_info
674269e0d15003ee2fe26684b9520aa1,main_screen
2458ab3eaa7b618c57a89cd7510014e4,main_screen
0297fdd1f994153a8a48fd4f5fd10871,main_screen
6dd87c580c094b0208d1d3941b2d65e7,main_screen
ee64f97faed5aef2119491769c4eff40,credit_info
56b5a8ee0dd715ca953cbe40852cc153,main_screen
f5e8b2d594bb9e45fb75c0543688dc6e,main_screen
2fbe99e4dfd77b2e14aa9a5c0f4efb42,main_screen
05b4fe7f039c08a1b1af1e13d2b904f1,statement
fcd0eace7f24aad03cb1633786c91266,main_screen
fb0ce537e35919bd57668542208b6aea,mobile_recharge
2f7d83dd216bf9ac4286016d1342f5f8,credit_info
0ee10fbf1631eeb1a2be722e855b48c3,chat
35f4fbecd6b6741099e2b532f9f2235d,statement
abaff2822c178ad3865020bfb93c9f74,main_screen
b8e16c43ee1043e32adf1c870a9f342f,mobile_recharge
d5a7b457597fd28f147685a3f50064b2,main_screen
6e32d45f7652ff0813ea71ac50c6b9f2,main_screen
e1bb0a42401afc453c2f14bcabd1d454,main_screen
ae73497270d2aaa43ac65b3bd3f0295d,credit_info
286c01f44569511f0473153a47ffa40a,main_screen
091babb303f96b4109e733cc06ba6492,statement
254ddeb745a25eccdf9db7c9c78f650f,main_screen
c87081466fe5e489143c50c1584df667,phone_money_transfer
79d78e135c0be66257cc22be1449b43c,main_screen
b842b6ac00dac75a9ba820767ffbc91d,phone_money_transfer
cbfa0b5b0bb3ea681a9c58d2e9f3d3e3,credit_info
f09ee28061333e626f5e599dd9ccb4dd,main_screen
552ff47b4be31badfdcc9f7b5925eebc,main_screen
d9696389f4cb286200d63e780082978c,main_screen
fe35c5d713b027fd6819e57e164e0dbe,card2card_transfer
a1619f7295d8659aee2447440088dbb9,credit_info
4cfbf306dd76dfe6c64265873a92b84f,main_screen
d6ca5c111e2c50e06dab9c79c67b219c,main_screen
41641cd0cb913d9db3c257911828fa1b,card_recharge
e8f9447b4c80f37977699d16b64b4b44,invest
ba36fc1999e8edbc4f4101ea7befadff,main_screen
6de56e55bef0aad2b460df5945aa4537,main_screen
02a3da4c2f5d18ee988b99cd785eead1,credit_info
8cd6b2867df883981b5bed1948c89f8a,main_screen
ddc911283cc03aa214df168acd6b429d,main_screen
825e2f79babd4961eb795906cb68b503,main_screen
26c72187591286cdc755eaa79729ddf4,credit_info
d40549f807c8116f33411c8aa37d889b,main_screen
9c02a1e371db0cada753a9c009a7abfa,statement
cfed3b28fb5349b247fb70433140b201,statement
f8adb3036120ca14345044a5444657f1,main_screen
b004560902db0ef6e76f1f71526806c1,main_screen
749a5c372216f0f511b0c268652582e6,credit_info
8abc5ed7569aedc40ac2e26369b7525c,main_screen
8e628bf302105899bee35944643eadb9,credit_info
fa321f694a92e90848cafe2c8cebcd9a,credit_info
cc67ef8a13299a59c32d3d16b1bdc49e,credit_info
99702bc112851d035574d03a0db64d93,statement
3fd97e95f35c34d275f809163d2f0a79,phone_money_transfer
845c6bce9a7ca597790e7e86ce8c98e1,credit_info
84f441ed9dda7a74f573c925efb7f634,main_screen
e40fcec39a60cca01b969470c8f4ee0c,main_screen
0a4d0d1b43b7c2cf60586bf6479078f3,main_screen
e49860f53da6c0f697d0947215025bd2,main_screen
46ebacbcfb070aa45b10c273189429f3,credit_info
99ac7ca58a94a8ea009a7019b8c93318,statement
2d0d655edcc6a38a9cf12c83cbc5cee6,main_screen
835419b6f6d79eee41150468432dd200,main_screen
43704afd5b5669151fb52574733d7f5c,credit_info
95658a1730087a77988edf7e717009ac,credit_info
dc20bf3cab26188e95a63b2e26525eff,credit_info
e95f7416906f4446edd13c583a9c301a,credit_info
7cbda038b01bffc434fd831f44a4a763,mobile_recharge
aed9653c88b8da63eb7f23a9fbca192b,main_screen
bd88c42c9f96d48be0ee4c695a926bf7,invest
3c562fced0d676ffbc154df274aa50b8,main_screen
71a7ddccf865b8e2403eff8d2274b8e1,main_screen
cd03efe850c4a1e892413635ffbfaac9,credit_info
983da58c47e2efb51ad9dd8e4ef138e4,main_screen
f5e84628cf9cfa560edb7c0428ca3c41,main_screen
6f7c31be784279895f49f51e06870082,card_recharge
ad83e21c066b86e1b59655b541280307,credit_info
fecb3d121f0c135942f8f25bbd98e3b2,statement
da20654ef0a2e51de9f3c7acedcf4c03,chat
ece407ed64db47f5a9095eb14c44db96,main_screen
a7a43abbc607bc8a4b59863253f7b857,main_screen
36b16c2e012f52469ad7f04b540f176f,mobile_recharge
b0a2f9ec5b6ab9757b5b389d1f8c5461,statement
c53c37af698edf79123fae874571a81d,credit_info
bb74c9f6e4fe30dbc00624604c2dba6c,statement
90e67b146dc87df7470d7ba411c6f951,statement
91d1a4085ffcd4804eaf5d44a55f7952,main_screen
9ccaa42f24cb271f762f27640fdd8594,credit_info
5d5c97bec263b59f6a1b829f402afa76,main_screen
c2474dd0bc52b3dfdfc42728dbded76b,main_screen
45f74c3ae372d46a20d07555dc901919,phone_money_transfer
277173b1e40f01dd8fbf0619ff7b62b4,mobile_recharge
4b121842bb5b986907727504939bcf51,main_screen
b8484587270e4b46161aef8cc2aef04d,phone_money_transfer
163f3003d9c4f51fde772ee7e5a24a8c,credit_info
c11dba873949e3d45767b8f6b2d8b25c,main_screen
e8d46b22ab01a3cd6bbe9d5ae12c99c2,card2card_transfer
8f3b3a6e3f7b1946fda475cb121f1f33,credit_info
08179f66697eb377e307e104102a8b5d,statement
1709a81f3c724dfa82f9142b17525ed1,own_transfer
f920b3324448211823353541e88b556f,mobile_recharge
3ad13798c7832022f4b75da771406b7d,card_recharge
7360508a9ad52b9c3631f4f48f2b1a00,chat
aa5ef1841f8959b025b97a53bbfc240e,main_screen
f66c2cbb97a8ce626be1697d6b0b6070,main_screen
a4bb6e77bd509abdba8016d5e5584dbd,main_screen
21e75c0f7ec8c829e4a7ad26a52f65f5,statement
db052e105d963670ba81364e8a6e578d,main_screen
b63e17e74f36bbd90058346004bb76c1,statement
28b21aa288a3f79fb73e0a04c0aefd00,statement
30028559f93bcd10ee3a84161b96e236,credit_info
d9c03f7264d6640d216812fe3924632e,main_screen
0b248629ff5acfe90cd0ab70d24087f0,phone_money_transfer
38053ac41e346ccf6809744296b13128,main_screen
1273504461c6ec6fc7d5e3344ec0762a,statement
691e6e964486851a63e37dd034445757,statement
a2eef72ae7fad846dd9d156a3705d153,main_screen
2a97f6cf1e6794bd5197f00cfa9f97eb,statement
edcb993c4c385cea884044b367240577,main_screen
971785b5b4ccfa7f0d4110b298880de0,main_screen
51881bab5a8ad76f6c0a141191644b0b,main_screen
eac9834d392ef2b194072211bfea7b06,credit_info
7586457257943871b1f4bbf664aeee89,chat
d659eda66fa7185cb8c882765ec40d7d,credit_info
f4c97f2a144e36c4200e6629875b568e,statement
68690591c423f4c76fddb9ce40abd02e,statement
5ec0b3676d68a7e39d33f6c2f68d8cb1,main_screen
9efa6fd3223deb17b5ef9083f5ebaac9,main_screen
8a46caffad96f16f97bac89a0604beed,main_screen
fecaaf765944b36d8493b3b2ef51c582,statement
1ab3021947d0a98af6bbe531b1f8cc79,main_screen
f399eaa5188026aa25d3a9de4a96f323,main_screen
2da693ed05ec8b0cb48f5f07dbbd6e2b,main_screen
90b73d0315bb12015fe8d2371ed0c289,main_screen
5bf69db2860dd60879f5253c9c91c2ce,statement
8ddd3b845fb0c6c356e98e361e79fac5,main_screen
72058f3ec4f364cbfba43bb6a8a39e4d,chat
4aef5f2555a6fef7a7e433200fab430e,main_screen
0045990ea20a086b0d80877ed1a07f17,main_screen
b98745955f3e48d5e01dd73aebdcde72,main_screen
9d42831f271cebf3a9c8d0c2ace9e2e7,statement
0d93fdf4046ace6be007aa7889833f4b,credit_info
0a83ada06bf559a9c26d7eb1bcd45d5d,main_screen
ab5501c12ee4c2153c5877813ac80ab7,main_screen
12f1c6f18b0132fd9bff5afaf131e3a9,statement
444095ec107f9e55c971b3e7c6ab079b,statement
ce0aa062e82ff6244cda682c6059b794,statement
0140df77cc7e02fcb00a66242daf115b,statement
39251dfca625e810bf2ba9785db6ca87,mobile_recharge
5e6a54034d93c4bd32973dac8cb3b336,statement
f347ba132a75df246ccdeefda97665c2,main_screen
168797c72209cb36e30d57b673d2febe,invest
c29d7bb2a2446ef410e6dc0070107c0b,statement
c43b3db2511027f8bc6c69e06a9e9927,mobile_recharge
0c01bcb1edd90c9d0322e051441e8792,main_screen
9fd6e7fa9cbed60bb0a5a41c850ff4f2,main_screen
46ba55c57eaa057068cfd3d3254aa3d9,own_transfer
e2c55960eeed4f80166b7173989cb9f5,main_screen
05f0ded2f139133f4f24ac0849f58a47,statement
e0d7c94bd35d82653d427c1ac0a4d2f2,own_transfer
0e5f29810a866978fba863bd30dc74a2,card_recharge
48ed8a64a5b827609484156b718cafe8,credit_info
5fb83fd00d82abd309d099078badb8cc,main_screen
4d2ac94ff8cca7ebdfa40842b603e1a4,main_screen
5e683572176a60950a0bab9963322ffa,main_screen
52abb5c713e2291b7b86d0b7bc208baf,main_screen
7b13c0f8daef496f1e73ceffc1cbef70,main_screen
8fa6f686cb44d7c66a88eafeec02ceee,main_screen
3231f57706e3984fc6c474cd21d6cf99,statement
2faf53fdc9736f690138469a750bc531,chat
9721ca571b739c0ca767f4d3070f413d,main_screen
fbb96f607d105655ce79dcf6d3c1a10f,main_screen
834c36c51c74223d4b52dc3db1652a05,main_screen
315b520e5e08c87340e40e4e0574d12b,own_transfer
afc2ac4870bf8b95abb08d3b87fb1664,main_screen
2681b80526961f3af51aa4332301e4f4,main_screen
10479cb3f44a09c10ca75de3d5c50065,card_recharge
2cd1cdf4263a41b2b702f3785994ba9e,main_screen
f852f1f5a5e2ec97402c07842f84aba9,credit_info
e0d69eeb10438b892c51e4b577896220,main_screen
bb86d37010dc87ec6039ae466c0bb282,credit_info
0d9daa9b5234004947e53d1989fb6100,credit_info
5e9bfdedf08b0f227591559ee0c5ee3b,main_screen
71edca82c28427078178e7d65644ae07,credit_info
40086f37265af85be0bc8a4ceba32db8,chat
59fc9b52eea90a107764976b62cf3c5d,main_screen
cfa01b272d07946bed64db320170f3d9,main_screen
48a3f084271b8d1874d320878f059aa7,credit_info
64c7bbaf05929251fd512066509539c2,statement
19dd312a379d3a685ee83ea8341b1d90,statement
ca5e24d96f1f6624e79535db64d33fd6,main_screen
08e8c838e51b116076554a27e6f41b60,card2card_transfer
2aa586a1efb65519c34d981b7b528a06,main_screen
1470617fea2ada41ae8267b7eaf518e3,main_screen
148e99ff1be98b1ac5cedf97f67bd305,credit_info
d18315f7a648245a1bfc913f71018dc1,credit_info
58bc35fd2c96c774357a3a285daaaf51,credit_info
f3c55e36ab20eac717d3b1c91dacd219,main_screen
d1894f68cb263b0da51456b968ab409c,main_screen
2785104917a2ef72063cd5955e6baf02,main_screen
a49e5ec379419d15b468839c1acb6853,main_screen
3e864ab959d40b2db0115376aa6257b0,statement
e87c41bb7e6585bd09580e3939fc4d7a,main_screen
f830cef613c1224e7a1e82a52b89a263,main_screen
e79f475342a46fb4914a223233d34d64,mobile_recharge
cb2502f45a1249bec79dd8496112ac61,main_screen
7998b876831b3e020a2bbe0f30f7b7ff,main_screen
df40d53efdda328cd85521f7f7a2c77b,main_screen
2dd7dccefc6305920563d9a5a17c4727,statement
9a4de6d137c2193cc935201016b239e4,main_screen
802e589761542845d4079f605eeb89e6,credit_info
d679eaf8d30fde4d077161aa124f5b1e,main_screen
d0d970c95ff48c60f2ba2e65553f604a,statement
e60b38eabc16e62df4e7f37ff23dd99d,main_screen
576a9d838fb57d9189c041b1c7312011,main_screen
c7f11c7d49464e594f89d100f2dddfa7,credit_info
1aa2d4d29f7749afd2fa2025d4581478,credit_info
0c8701d2ed17c1c49478a06497b78300,main_screen
3ffd740c950d00d2011361bd600f260f,main_screen
a2bbcfa7db4a3f9283520229c6332cde,statement
ffd031faf66be158c325f869093eeedb,main_screen
95a0ebb02b683f49b74211ed244ddb62,statement
541b735aa1e8cd1e2d87a868fefa2ce2,statement
1628df80cfee276bac78c2e1c5ed53c7,main_screen
0104f4cb2ea8f019448f7aab4c552712,own_transfer
dd6a78810d150c581abd63277df66e91,main_screen
f9458f0599bc95c8b470f535b0db3146,credit_info
b4a09e0b6d96dd2ebaa9254a28e1fa3c,card2card_transfer
1e1250e2a94749846577e1a7003a9a51,main_screen
13e6abf409b23de6fdc4243b8203256d,own_transfer
450258da9648dda18d6d5758f1713827,invest
2a1d81ee178e9fc6e355f70b4672e926,credit_info
44542566ab5de5923304fc8abdf1f568,card2card_transfer
6c283a186431076130f0c0d16ec1c19f,main_screen
42398a6cc35957c3f7f339a9dcac5e51,main_screen
8833a4ed61db6e52eaa18bf20ea2d90f,mobile_recharge
2ae776eec6cee243ea451e14405eb83e,credit_info
e4df03958355cc8d729fcee4318692e5,credit_info
87b90d7333f96b03a44aac1621bb92d9,chat
5392fcbad5321c909ca059c448bbb9c5,credit_info
4231eba606815f6b9557ab37e91a6dea,main_screen
ace4a76d00a386c89636c6a52b0408b4,main_screen
8619dabb195426404f385fa973dcf04b,main_screen
8f9dba8d37b082ee1f494345405275cc,phone_money_transfer
9d87f30ee395dc61110f5146f898eee5,phone_money_transfer
d0bb9efc678c38536a04bc7ddeea45b2,statement
5674c73f56f8852f0d469f9d337428da,main_screen
7a675331858a0071a42b503374cec9fe,main_screen
5764e2a0dbf86f620f8d248205a61ece,phone_money_transfer
93b591f60a4fa93677ce2a5877c01d47,main_screen
dfa94e6976431aa78d79b7f0aecc58e7,credit_info
e3f6b7a60d7e6010659f2ce57922ac6a,main_screen
1889e58ae86b5b2d1b05499594ba090f,mobile_recharge
2fab71b80f21ba947d2a38ca79f076d7,statement
5493c11c9bba585beed0769cfc737052,phone_money_transfer
d38655b03e93699a9f4520c669b39f04,credit_info
f02b85decb5a5c2d5cde5bd1c60663a4,statement
1666c36e6149c9f4eccd14ca2091b439,main_screen
4d1f1aa086802ef5545f6ae21b8db58a,main_screen
8dc5d8457bffa222d35686d5f57baa46,main_screen
1f4b8f4485baaa500774082f73e3b0ac,statement
653b00f9b273e5362cf675bba194e0eb,main_screen
5957c3165ff24e5187620a15e2d68a2f,card2card_transfer
bfbf50deea9ceb503a5b7384a5628431,own_transfer
7b94bdf3ff768cd11033cf8545963701,chat
0649d4d9f0bf810d33549861c4eeb86b,phone_money_transfer
483c0bc4e0be4402199f27d1400fe4ae,statement
bde8a09c6a646e761e83335783c6a2cd,phone_money_transfer
cd86826d18a1320b5c781e130bfafec6,credit_info
b2e31f54e363b7a3709e1eeca2f7b581,main_screen
f34b25e88f77fb199fe1549fae2fd4f8,main_screen
a84b2247d63c731f2eb6eec981b767c2,credit_info
f232e8497d8fc43a90af7c4d23cad0db,main_screen
06f51a9e8b3e05aa5a3c6eef55681891,main_screen
fef9aa5f8d35881c3df49c8a5de1469f,main_screen
5c0227c9e044b84d350a03b37287fba7,main_screen
548b5f32eac58c2a2775466a2461f788,main_screen
2309cf8de169fd06f03b3c228dcb9ab6,own_transfer
38380bc042d90668d2b3a3b7a0af3427,chat
bde4dc2b608e2af1fd00d2a0a1e51c8b,chat
048b7a097e23f1efd7da3ba2bd717bd5,main_screen
05e94b31e65e65e753160a7126e6043f,statement
d6f218f5d3b47d9c6c9a5f72062c870f,credit_info
813e474d0610c3ef26b5e305c583fe5a,main_screen
d24e4bd6fad4d3420b69772673148e4c,phone_money_transfer
909f37641a77e5d8620524521cb18e28,main_screen
1ca097572129660fb4a9793731175fe5,main_screen
3d4516676817561d6ddb83faa767b991,statement
2335d43021892d7e16462f5bd5d04465,credit_info
5a277ee7da2abdab07b49fc1ef2486ab,chat
d3166f99103a98810618603f053895f7,credit_info
48ec1901dafff1d0d1b9643a6b2c1ea6,main_screen
a7ce02e7e899d956876dbeec8b2f2cbc,statement
449afa955d888cb8d41a0b8c0f784cb7,main_screen
4ccd44858958ce280d78b767216726b3,chat
faa9cefdc65818d66e9446eb86202908,main_screen
3f70f008d131660de528872ca07b370f,credit_info
e678716dbc3966b147376e72136f7144,mobile_recharge
488d188bb91cd790e55a2bb6dc2ec20b,main_screen
77bfcfc9d8a106a1e7c02783d32a5927,main_screen
8e746177aec5daae4f88819a5c6453b8,main_screen
46e6d61bc658636760b850c1720e5c96,main_screen
eb44f142f24941ab976f851cf0816024,statement
aee802de85ccead1207fd6cf006677c1,main_screen
35f692875f62673ede32ddc50b64ee28,main_screen
23ac057e1b1fc169590d700ed75c9fe4,main_screen
43a756eaa2645e6927c42136edfd7f0c,statement
7b60cd13873957d5e50ec34ae05d90c0,main_screen
892ffb0c105dc111d1efec30ea377a36,main_screen
1c5b8057aef726fb41146120a1388f02,statement
834f27a27040b0d267af840f8329a7aa,main_screen
47114effda55d1c0fd58cc752bd6cc3c,main_screen
4a7c69f837234401f0ed41ea1d140454,main_screen
9ef0595e22adfcaf3ac41a3a1dda1128,main_screen
165d86cbc25e7ce153f1f77d68ff9cb3,mobile_recharge
6e75af420227f9711fb00613c28a5d2e,main_screen
9dbb04e599e2efe74b93912daf8e45e1,main_screen
4b915d06081dd3a21a8cd5072871aeb4,credit_info
f52b264d54eb44a3bdb2b5c896359f07,card_recharge
9fc28a748eb9fc153492c02cd803d59c,card_recharge
3eeb129ac729e63b9502e364eb46846a,credit_info
d41ba507f92a9915b0be207524f4889d,phone_money_transfer
e743a0e54efe30ae1e2641d42be4123c,statement
95e11df47ef0bba0e8e8944f7416422a,credit_info
1bbdb2ec2d23508a50e4a1722de003b2,main_screen
c874ebf551ea455e9ac08b5a89a09f0f,main_screen
b2916d928e517fd1088cbde6b076addd,card_recharge
3af543efe2ef8a8754838b18e47175e4,statement
47103792989a610ff1ee17c793780d36,main_screen
393f5c05b1be25f5b075cc06ab1b0073,main_screen
c0f47d15868683fff3d9530d7839ccc8,main_screen
168d65ab6ecbe768a9bdf9def96e6279,statement
91d438a43d326139b51d89ae62170512,main_screen
79f9b05cd0fc002b2279dec9b6aac6ed,card2card_transfer
57cb3f20c5b315b18143ab0cf161030e,main_screen
fd4609da6ab3e3d1b6d9aad879de8e4e,main_screen
ac467bec9ffa4d3dd42a10eab4beac98,card_recharge
cf5740f96a5882c8ed1a6d12a6554e50,statement
342595304b9b8da238f787cae2afe37e,main_screen
978a460a18723371390c9212147ba513,main_screen
38501c4361f702b21d0e1f334d0d2a08,credit_info
8199239e394611c9d930dd5aaf9d262a,card2card_transfer
bc8fb645083cbe63595aa3bc9ffc0d93,main_screen
8868b885ca7bd683156d51b705aa4dfb,chat
4999d8a4ea21a0c45cf5d05ed6ed382a,chat
4e518c7688986afdfb3703841c9d72f0,main_screen
8f4737557020351ef26b168c843693d4,main_screen
52a72bef821ce5193a014fe6eae83ba3,main_screen
e092bb275731d645d58b9c86a8f8c5c0,main_screen
eb48a3da25f527f0c19598f8db35f446,main_screen
273d249662e7af03cd0d4b1eb6d470e9,main_screen
a68f00ab05c6a65c7c56e329c7e74555,main_screen
f51234786869f2c7dcce3c3d810a05f3,main_screen
a1b10fc5d7a3fc8027172bf5440653fa,main_screen
a985bf86ad969e4b0e054fe89572e1a5,card_recharge
c581e052aa81709315ca7364616776a6,main_screen
187fe4bfe413f60676d47aca924f75fb,mobile_recharge
66782d806b4edd4105aec46abb7ceb8d,credit_info
fdac6377b97cbf3fa80331f97e6ec7ed,credit_info
d4a25f4cd5f14ccb720ee59fa2520bdf,chat
8916f1942e565c050b8764bf55825e20,main_screen
a3e088fa9315e759a70931de5badfeb5,main_screen
84b994ea5219eff9e68ba40bf09ec309,main_screen
c06cb326927326f3da8ca5ce8c19b7d4,main_screen
883da8ff6c20f86f939a6683e9f217f3,main_screen
53066563c201acfb93d056c02305cd8b,statement
91a375b56fe84adae4428cc4d6dafabd,statement
1902b46bb609f682fb4ef3287b975ef8,mobile_recharge
fed1e3a3359bbcc0b72293da3512d884,statement
6ef20b65ad1d0df8e399ff9cb2c6a0f2,main_screen
f2ff87095739c48968811b43d2af4115,main_screen
75131e6c52bb75f837e3b7eaf50b3951,main_screen
ecb39f3b7b0cae87b47e5a546f36f3d7,credit_info
22fc520eef0aa00a72c0e0babc37693b,statement
63e6f80a4e0d00a5430c65beebf48349,credit_info
df3180942ef633bbebb5b6b8baacd938,main_screen
2483be58dfca49d70c6d083b95c35721,own_transfer
06d54aca196a097b12f42a9dd681f3b9,statement
32b7f9c42cdaf957dea2e4b9db7f75ae,main_screen
d2e2d83e3cfa800391193b5fd359a191,main_screen
f69cdb307fb7038052ba545b35fe9843,main_screen
6fd9b9c16bec0cf3a0a6f0aaf2ba31b5,chat
1fa0731aaa29dc53e2a4775cf0b65ab9,own_transfer
06ba3300dcb35941af148d01b3d07a69,main_screen
70beefb487abb61e3f16293612e2f063,statement
7d515139589d35fa169204dc0d8f6811,credit_info
067f6d64686865b20b13319b69ac93c8,main_screen
871cb4caa713b54daeef2b8ccc38570b,main_screen
f7bde847940ff54a20304640ed2c2add,main_screen
ffffe1150b0d2ca8005786cd35729226,statement
844ff28a137bd1bac2a693df22d026b4,credit_info
6a6f354740ef39c11443325ec10db5c0,main_screen
a6f456c4d831d239a25bb46380ca4130,main_screen
5786e708bfa37c053a8578107876df99,main_screen
986c14f5146d3a70cac6bb044d04b39f,statement
9587a8eb04dedcf878a559d66bd8fca5,invest
899ccab8d2c01d20a9e64371778ff69a,credit_info
f40c3fbc3be69663b05a64a65a64d04b,main_screen
efaea2bd1eb050f10db9f713c9e47bd1,main_screen
d51ac3344b326d41b41c9e396434ae22,main_screen
85f08b2f2cdb9a2c4294dcfb4c90f927,main_screen
9bd8b64049813b4356b805904b776cb5,main_screen
c784e003f836519bbbe30792d2ec5f1a,main_screen
a3cc7d1fb310f1666a71ba3fada9a8fa,main_screen
a3de04fe599707bea2e309595b14fbe0,card2card_transfer
9555b9d4762df2d97f684c469f96b9fb,card_recharge
af7b1b16dd53c687bf84639cf5f3c1f8,main_screen
e19308e55424c84a45c6b2bd291ba120,card_recharge
c97dfa1b4d268f7604d8b05ac54e764d,main_screen
8ff099d3d395d2f8e4962db7fa218302,main_screen
a9ce55f710e5bef075c33fa71bda073f,main_screen
c8258b6a99b188fcdfab27f6a3a72d6c,main_screen
c5ea340f4ef9a5da2609093cf30b1a6e,statement
4ceaae032ac02e0c54b5bc104e37b3c0,main_screen
831b2222a59afacdbed6e51bb0181204,main_screen
e83f6846ef5ea40f0a6733c3e7c642b2,own_transfer
5b68e00fba1928578cc2df87c69e3319,main_screen
ed505fb92dd7edf594d5486d11a71a0a,credit_info
29d51903c8eea092870be939eaa11754,main_screen
95c2c6220ae371f131d98344c48c2927,main_screen
ccbe47a54e6a45c6d489a7e784f3998c,chat
b60277096f2e27e4d75a5563ccbc75d5,main_screen
ee317d263f3129253ee6e4d13782a0de,main_screen
1a8dee23d64c0c5360977d0c055b51d0,main_screen
7da8d2847d555c2e48391aab9ffd2dbb,main_screen
45bc877826a57870c2f75967c8df9eb2,card2card_transfer
b2ef0cf824223178f66824d0ae7fb94f,credit_info
8190cf9cf2d41875e591613ba3a2d574,main_screen
5079ec7ee5b60559a4b9d943bc9b4d88,credit_info
cd90c8bea94d1df0fd5152729323e231,main_screen
87eb60def9a8697d13d75fc6dcdf18f9,statement
9f83b5b5aaf791f09034a9adcdff8cd5,statement
d5100fc818d945178947a62d9f4fdb26,main_screen
2ae10cd4f8646f24dc9c83aa23f12118,main_screen
3a9a99c7c891b11c1528f1598e6ab066,own_transfer
22f0a7a5bb7d65574647fff72197526a,own_transfer
2da920aa8950c3c36fdb009c4ee178bf,main_screen
af3f39478865804f053a779de2422d0a,main_screen
5fd288632b677aa858f956873a3120b5,credit_info
99f78c6fb72f8665b08b1d2de75306d8,credit_info
58cb424de2dfc8714f53c11b1635843f,main_screen
c8fbce4a6050c178e9e8d1b65a8eed4f,main_screen
0b100c26ca9b01358e4e68ab4783e75d,invest
9cae73ec19d55310adad9d9f858149a2,main_screen
76be2fc44001295989dbfc34f3a1a5ec,main_screen
e73c864ba7a5ee94a33c646610a7c9d0,chat
ca703b0f0367398ae09c3118af4b08b5,credit_info
a89cff2276b1eaacbe6dc6b37414b9fc,credit_info
17e70ae6f9dca9412efce8a31184f88f,main_screen
07c69b3f90a50a83fa4bea2cffd4f146,main_screen
dce2912a37df21d80dca724dad2208df,main_screen
c112faf2595e1c448b8de26cad0ec45f,main_screen
bb01d259c303076dbff29312c7c013ac,statement
388dd5cbbfa789fa62ada1ff8ec62c36,main_screen
f21c3525112eb2de80c81ea425dee839,statement
c33563f5dcfa04eae2f1abbf49fa2d36,main_screen
71f2fc053557e5239faba0deb2cdd5e1,chat
50b4937c030a5ba4e7ddcd75427e6243,main_screen
a6427e80ca0069a5cb9423336adf4100,main_screen
b4741ab3b7c25af7b211941257c3331d,card_recharge
32d84939e6c3ada2489e88e474ea537b,main_screen
1df69e06a43ed790a62bc19902f4f159,main_screen
bdbbfdfda4b5f7c760eab2dba2f99ffc,main_screen
5f7d6689be7920cf7ef3b656c2a0df57,credit_info
e66e777eb6e8ac2fa73b55273d7d8c47,main_screen
19a53d720da6bf1ef6b6d9efccdd1bab,main_screen
026e33d9c7509b3e7bf2ce90703873aa,statement
b4f9df03a4d5505f610fa0d3b98b4304,main_screen
9367ceb03acb10fff2619786af6b81f7,main_screen
15e6c81ae309158060ecc506b50b1e97,main_screen
8b53d76b33a878cbdf89deb2fcedbf93,main_screen
416f1e1947ebe1b5963ad6b60b1827c6,main_screen
adab38447bdc6c2abd24b9362f431880,main_screen
dc74487d673956fc978e9fe758d0510b,main_screen
76362a24c521961b6bd657af1d3c5d9c,credit_info
125c2766871035739b800671ad34812a,statement
e5547710288eb9938260fd65323000d5,main_screen
e8e01776c2a747e0853603b1814b221a,chat
1e66d1116461898b817259c9cf07e3c2,main_screen
10153656fcc2888678fb2bfdd8301896,main_screen
8054d3fd7a27baf0cd12069bf1cd9d55,main_screen
c98e2569b967075da55cd99abe275b64,main_screen
fada0f8c5192c42c923aaaa71118102a,main_screen
9db87566f9f7d521bff59eb9d11107f0,statement
ced3a3c86a33c9bf1b19a5f5a081fd89,chat
7625e5df523e73440b9069e74dd6b1c5,main_screen
45682b89aa10a40d4551bc9fec852d2a,statement
1eeff9417e895e7a4b50f32dac626dd8,statement
7aa962aa76c1980e77a358d2f1d055d7,main_screen
9504c882e68b88628304edba25163dc9,chat
90ed0e4ea05e8f60dda85634812e12b2,main_screen
fde63f99b320f60f28815448f5ee77f6,chat
ebf346576bc5f5331d7566b38dfc382b,main_screen
5e853e819efc78e7afd732443263aca5,main_screen
f44786b0e774a5872d124ee90ad38f3c,statement
1503bb2648290f207f6ae0262442f403,mobile_recharge
f9315c4ee6c8410efd8758b34d374e00,credit_info
a1b7020af8bd610fe658520ef21b4513,statement
24678682f7203f0581578fc4e2e44eb4,main_screen
ab220ff0ae09493d47b9011a7bdadb2e,statement
cd2aefe9d47e5fa586e2fd722ea9f73f,statement
2ce7c08c1a32cd4f07a2a1f240a65a08,statement
c8cad7f14e043568818783804144fb91,statement
d4d885247d4c2059c73b1a63cdac56e3,main_screen
17d2eb57f319e9f8caee7ffad5033244,main_screen
48073205d917bfb481bc5a0e4203db46,invest
9b565b618e558434f4d30b8d34a63d33,main_screen
9c81154c4301aa534c89d52dde620c66,main_screen
474baa984eca90da68681dbd38ff1451,statement
f6d5ce9daa161ee43015a6fdc0ca1d6e,card2card_transfer
bb735da12d660f837bb7aeab341f3482,chat
c28911e716a5735c9b5331c59546ebbd,main_screen
9e1358d0e94f76dc639d520f268d180e,main_screen
a10eb2cf89d8ca1c3d75404e2a080434,statement
3199a38c45cc49d7fd2e55b9cd20feb5,phone_money_transfer
227e95d805c8c2c07c71ce7e1b32b3d5,mobile_recharge
5601429d3aa9d7489c90ae13b4965901,statement
b332c2f7abc3845f9d23da1eedfeec33,main_screen
f3c19dd0c262e8149804a871c3bca4fd,main_screen
9eabb97b3a5e39575bc13ac557f1b623,credit_info
b1a6e4be797ce145a70565d3d6e3d18b,main_screen
124785b31007065fce46d7367a32c6b3,own_transfer
dd005a27705a3207cfc41369af21c64b,chat
349e4903cde11bc89e33ea6c19643d47,main_screen
7b6e44dcd6c78185d83f292f23266b92,statement
c5d1fc70e49d0328d99ddb9cc7b13659,statement
31da591965968a13c972f1a0be39924c,credit_info
3d9591e734d682da47e9a766f6cb694a,credit_info
1c70124deb9d0079470d69e72eb22c21,main_screen
972a266b2fda7169fc23a4e6f862cdaa,main_screen
966137752e8c07971f708bf0c3ae6834,main_screen
e93c97bf4862c3fe69f7075db5e1ecad,main_screen
083c144658f62ca32f285e47471ebd7c,main_screen
cb42a8dc96f6726eb9023d24b53ae2bc,statement
0e23c7aab545e0c902bf39c2c9f461e4,main_screen
ac381c6db8d59ab18dc5c8b2f9f916bc,main_screen
69fc7693ee0db965738db95a4e54b3d9,main_screen
8af2a5539811bcd8a452942ccf1616fb,main_screen
2e100cfcd5a95cf6c2e93ae846926fb1,main_screen
657d3838bb63536054a15cfbbe33a041,main_screen
ed063cf3ab25ec1a31a277dd2cd97849,main_screen
71cdf1d50bacba57aa6b83e67eb6a309,card2card_transfer
f9de6b924c9bdee6637aa6ce83959589,card2card_transfer
cc856f5ba0439aabed8fc3e01a476f13,main_screen
21e7b8c07f0a5968783736981c4bd9dd,main_screen
18c4c084a23b0be7fb33fc0e9828592e,statement
543c5eb0b06279b7e4c2ab0287936fcb,main_screen
47bbe21ef0ccbb9fe4fb8f1338e4801e,credit_info
0f94fe6ac77710bd0c24ca55173b687c,main_screen
0b2d9f088c6d780ea43b7f07478c1b57,card2card_transfer
5f604f76c074aebcea463607acc310f6,statement
6f8beb2e1d3daedec58bce6aae035a3e,credit_info
77908f98d04c7ea215e9c43a098c0041,main_screen
07492d7ef6fb295b4a5708d9c42ebb1f,main_screen
a1cfbe341886ac73bed5180c77e8fba3,main_screen
eaae093b029e30e208a8fad552e6dd5f,main_screen
b6f6a187680338d48a437001a3f42e25,card_recharge
ba4da656160436169c58124ff642150e,main_screen
9ed25afedd2b696b7942490b4bf12207,chat
ffbffa74f8314358bc54070b57ef90da,main_screen
901496025a09ac81e46407232784861a,card_recharge
e375c6c6cef9c49e9d618c257b630b0c,phone_money_transfer
5094d041decbf2f34c5661b1c1237021,credit_info
b8d6534095010af88d6cb95b8bb37aa8,phone_money_transfer
1fc0c5b9b63ccbb0c0cfdeadfa0b3f8e,main_screen
34feddf8c5e5cb7106fecaee0e6308e0,chat
997837aec2f3c056aa53e6d8bd0633a5,main_screen
9996b4d1b90bc73553a5abfb21e8876e,main_screen
dacc89668de25e141a7d9ff98af729f1,chat
3de6734b583b4155a5bbba5b87e2bc47,phone_money_transfer
9a806e3c9b2383ef74d5ff22a943f6c4,statement
8881ee19c1ae960bd3d0e66c7bee1da0,main_screen
91c6f81d0ebf678994566c26ae51a9ee,own_transfer
31054be49a2d1c20b08b34bd929e42df,credit_info
6ca30057d7e70cca95862bf45b8b11cb,main_screen
bd33a3366331bfd091bd91786bb014a8,card_recharge
eebc33c8a103441a4ff1493c76e8184e,main_screen
84b3654b234793212731bc559fceee43,main_screen
92a147386e2c8b2601eec0dd7c53f235,main_screen
29cc9694006b06f93d98d32d0820eccb,card_recharge
5bbdb28d723de177ea18f2b83cd571cc,statement
be2da9df3f4376fb6eee48288cde22f2,main_screen
80d1a01c134d58812f0c96fb51f98895,statement
8e487f57a676847ae254a3c9c5fc083d,main_screen
b5052db398f42b4b97c2e4582f473ba2,main_screen
c30f329347acb72a00aefef978fb726d,main_screen
0085d699e62b3554145ff0cbd17adc7f,credit_info
3b4df0a188bb24dd3374799a3f13b352,credit_info
b3c9329a13f50ed59b8f81447380c5d9,own_transfer
3c4f48cd2a02dc7a9df1b104e5ac9a41,card_recharge
46e203443d90f7a84f5bbd0209e5eb3a,main_screen
62e8013c6f640292a415b314a5c18138,own_transfer
c43208157be74986955ae83cb01c828b,chat
09eac171abaa4121e6719eae984fdac4,main_screen
588210a92f7c9cd1324d961c26917be6,main_screen
3972107a1e249469bde766a16edcb8f4,main_screen
4768400bd7cc1a07d8113a6d76121992,main_screen
3da8425f0f4ef1bfcaaebb11d3f68e1a,statement
3506008dff5587a267e6114b4fac2e79,main_screen
fda5a59362b3b9231f9c145968da70a0,card2card_transfer
9795968ecb54cdd382bf5f743455daa3,main_screen
fee53e0b0e6cd2dac1a1600a4e6362f7,main_screen
7f04a102123b37938520a04a9aca2224,main_screen
4e2203951ef6faa60697a3c5ec822b94,invest
a077b410180cd148abf69b7eb2fa3915,credit_info
036969ed907520ae93173e0fc9791f86,credit_info
7bb01a7f253d486156c9421a4b24af95,main_screen
7454bb2507ed3205489dcd61370bf0f1,main_screen
d8ead4757834631385f13cde54ed299b,main_screen
a71a5e8dcd08b1c96b8d081969f725be,credit_info
0da08d652ca062cb14929a70a9c6ea8a,main_screen
c17531802974c18664abd0fb3cce8d69,main_screen
835137fbdaa5780c9a5efc34f50c014c,main_screen
6faaacb2abca542ac1b5983906725802,main_screen
d19c3308bf8d0fafe79e3cf75199708c,phone_money_transfer
5d7824ad96b2e781a525098b79359a00,main_screen
27b2e45de3abcb307525d2a1b0e13fcc,main_screen
f3bddd3a9d55f1aa78fed8272ed1bdc4,main_screen
d6e7917207bd6fbd6db3ee59390fa5da,main_screen
52c1a866715b90da462a9bec83514a53,main_screen
b56d1f83ee83577806161c9511a3bd1d,statement
e9177dc473dae1e9f7414000e2d55dac,main_screen
aefa445a522d98195f4e5fcc9aac5d56,main_screen
b86db2c1e6a0ab2bcee3293f500ed17e,credit_info
1a06d930e076f7c77a09f69cecbddcd4,main_screen
c72bf512550cb054ccb711d8df96418b,credit_info
5106d24549a635fcfd815eb1a65c1dd4,credit_info
34313f02504f076d062834bd5beaa3f6,main_screen
4c0a0ffc9d37f8e8fd2b630280ae69d2,main_screen
883067ce9a4993abe0a1924d73b95054,main_screen
c58fce0f154aa6377967fd5ffb355552,phone_money_transfer
97a22c65d765ffdf0cd52e780bd4d815,main_screen
fa1c7c6b5243256fa08be6a8dad88d29,mobile_recharge
3c3e3729fe52cdb65242dccc1eaa2b11,main_screen
edd5947351c6275fed690fc61db146ec,main_screen
b595c3ed8cc8bc123f46e65ac72b8db7,credit_info
f32861bf464248743f546499143ec635,main_screen
9dd21cc129e15d2222605109108b36c0,card_recharge
10460ab7357c89e5cb456454c89ed04c,main_screen
002fa99dbae157a8dfd940ff7fe7ce50,own_transfer
cd90873ea2a786c98ca5762e080678c4,main_screen
c309cc259cbe614d16dbaeb5987efb02,statement
9700ae54e4c921833b851b8b3e4b37c0,main_screen
a029fa84eb0b476a6f5808f9d154c962,invest
064ebc5fc2b47b4fa3dedc720d5272cc,main_screen
ac9ff0a7878a96402f162580b6dcc3f3,main_screen
ce535587cdfd82cb5510a2fb3b2f8cc5,main_screen
1304d2b1d5ce4593b2682910c5ec0ba2,main_screen
c748ca98b85043429a1315281963da3c,main_screen
dd14b55fc1820b395e7b87668b1d36ac,main_screen
088747c9d685a894a0400f93e21283b4,statement
1bb0ea25a87d3ea85e0c06396697212c,main_screen
78027c850c908321383346bc548cbf77,statement
e96af2626e46f6f412c743a150d98d87,phone_money_transfer
875dd8e0135aee0adc679a60dd691547,main_screen
70cf435f95b51319cefa57d9f0cb6966,main_screen
c987ce89e24e6c9a429d3987ba4d8efa,credit_info
e65a4d1046423d421aad946ce0d7e4f8,main_screen
f90d9bd049db6ac526e1bd45713e0afb,main_screen
fff79bab15aef9e5172a32148fb38602,statement
88233c344078534cba5430df75cc252b,main_screen
82b314774469a61413b87d9d1840eb62,phone_money_transfer
fe61369ce9faebf3ac27bf80ce23b0ec,own_transfer
c442ba46a373823f588e9933736e476b,main_screen
9a7e75582c9823b316776886019a83cb,main_screen
3f97fc18b86df312119c9ced9c0c2107,statement
7bdd69e4c6bf197af97958f5802b18a0,main_screen
d7d21bc3e2a7ce0fa564d9f4fb03a449,main_screen
1d68f4058ec770289f94428c74c129ef,main_screen
2723be8a1c40ab8e3f6805e3a9c1fa8c,own_transfer
e05e6dc7d2f2e4b666c350c91a54241c,main_screen
d87f03108cbf85d6906efb1a437c536d,main_screen
bca0d5271d826a1fceb05052574ede38,main_screen
cdc70a3317abf52ba2132d5569648bc7,main_screen
f6cab9cc1ae1183830646ffd8eb50207,card_recharge
4d094ec10c145c2d9970d25191c5dd1e,card_recharge
9f94f2dddc9dd626a0ccb56ec2f52691,main_screen
06c32b4fd47f75d06e9110bc69e2a72f,own_transfer
ff318d1b1f7f4df995433900cde13495,statement
03830032bea1a42a2581a561019fc4fe,statement
2d141a97bb9104821f81f2fac2062188,main_screen
f9174ae88d5818691e3d8be31944cae0,statement
dafccf0f946bd591a029b142ca6246ef,main_screen
395b4474ae32ce283e5b8da3ae2bbf73,main_screen
62b683457eea9686b5696063095531e8,own_transfer
e778ad1ca665f248ef30a6eff1c625e2,phone_money_transfer
472716dd9e7aa45eb0c3609d78075870,main_screen
072aadf81feffdb027a68db94f4ade2d,chat
d6be84eb4d42528afbc3881d0c71f4de,card_recharge
cc58328443884765b730ddbfb008bbe2,main_screen
19001ca419913808027703dc8d2efcc4,main_screen
a48a96f51878b6ba93e695a901288ed9,main_screen
ac8c07831dbcb45b3e10c9ab06f4fe86,statement
3d9b96a9d0d3aa9c3746fc4197a83009,main_screen
76fd7ccf1ba4687d8bb0f9202d182902,main_screen
6c1b637510309c797a8c89bdfdcc0170,main_screen
90ee52dcf844a40bce60c1cd3217740e,main_screen
971cb02f3acfa179b4caba58619af7fd,statement
ea9c82cf15611b9af13f5de7afdbdb30,main_screen
fbb84e332d4820aea945d77ca921378d,card2card_transfer
ef9ebab8d7415d8f6486b21d7d6f0ee4,main_screen
15d989c589049e56a94cb14d70f86696,main_screen
5a5305f3fa039b56a62036d212139217,main_screen
f0cc1c7914bdedd21284401cbd233460,chat
ec0886192c54a8832428a9f2a3751049,main_screen
7eb7d9b100b2cbfee9237043c207ee0d,credit_info
c31006539005392889ddf661e63dfcea,main_screen
32cfff3087e6978f4696e24a874f619d,credit_info
3751098595321afab1739a1a46f57a5c,main_screen
d95cb994ae83c14e9bcbd10f7044d9d3,main_screen
8ecbadff89cc326b0a1783d7a6b3bce8,credit_info
d4a7076606cdda37ba91c6c79a7ecd8b,main_screen
39b18b1b1d75ddd3f2a06a4bbd40bf8a,main_screen
6481345f4daccdd946c5b3c2b8675894,main_screen
8549af5c07914b39ca9ea62e17499c4e,credit_info
313c8afb6d808c02845e8e674f46bce4,statement
fe51277173355408e0d99403553288b9,main_screen
3201d4847a052dc353fb56bf8658821b,main_screen
e16b53d274a4d7d16b499b9416c52651,chat
a6b592651c97ad20ff628be113aace3b,chat
270cfec94aef549ee9e2e50cdfdab3a1,credit_info
cf4bd7307cdc54182d772d532f4936d3,main_screen
00b2671ece910a5cb0a0ae8071c6c0f5,card_recharge
f47a2b70b412311ba76dc9026110f437,statement
faa1246ed8285734b897c901d420c57a,main_screen
98be9f05474a6f49abcf0035ff97b36c,main_screen
20ee46960ec86afc46d7cb80930a43b3,own_transfer
bcfe1d14d6be5013274d32c429381466,main_screen
06e368d83c3c93c16249b767dfc1a544,statement
80526bd65b89e4ef0d8298c3cd115a79,main_screen
8ff33c30e791c2d8a996c1f8ff08f79e,main_screen
8206407cd7f9d301e7765583e307e40f,main_screen
219a085659c1d9f900501a0eea5088ac,statement
9e1ae6a0a889d399cffdf9dd8ef7a4b7,statement
946ae2eb1ddb25311d864dfa35a1e4f0,main_screen
41c7499d1f733193f105f5a2b3c293cc,credit_info
c643f267c636001a08679a529a2142b6,main_screen
f92badaa770ac8f93a2412985dc261be,statement
f0dfa1d94d635a40ccbbba78d0221408,main_screen
1d916bc3b2fb2a39deb50bc0231d17a8,main_screen
5ae0e6d874ba33969d6116740c23bc65,statement
a1334819728e44dda3319b901bf3ae40,main_screen
f17deec7749778931b5071fa09a44151,main_screen
5495d4665f39d39483bf344a774c6c6d,main_screen
85caf3ea847052da7f0e7141769adf8b,main_screen
81351fc4ba5b0fc134893b6e2e6c6e78,main_screen
33353ad3d45d2b42a14cd3d7a812adfd,credit_info
94641897596c022accfb621b5ed9ccff,main_screen
b16860cd2a9ff68eae19a0dfbb1e84ce,main_screen
ca61a39cd7470211a5c2b96f6d0df3da,main_screen
4a1a09afe14fa8938706a6752c876f64,statement
71170fbb0de91398897f92f5ccaad0f2,card2card_transfer
5d5e08b4a43e3386e5a9a04523dfa462,main_screen
6f03bbb1122eb7c0fb22da2bc6c1d05b,main_screen
403225c41558101ff7af9ff08a97d991,mobile_recharge
71e90c5f79948d29887edaa1b0b6a9a4,credit_info
524d3d0069dc6a9b3bece0992659cd20,main_screen
a440938407bb49ab7038aeef39350e41,main_screen
718e65e1db33c7c27a4486b1a9116a02,phone_money_transfer
b81a94323ab3e2277f1493955b380370,main_screen
60bb7bca7e33ca153ca27b0e218eb64a,mobile_recharge
f1f88dafcc49d401bc059e24404066ce,statement
91851923dfa818c314cfe4cb08501351,main_screen
8f27d47ce36396764214c0cf91c2d7f6,main_screen
181ab9e8eb5a39b3b1955fdf04f33299,main_screen
923f673731fdbe571f189e50ffd8e8c1,credit_info
7027201900ab54ff3bc7d832e17cbea9,credit_info
1c3071176dfd3dce0f176e71e4cd0ce1,main_screen
b20fe31b73f15ac9293416701b96d81e,card_recharge
ed2e9d15816b056252016ddbdd8af504,main_screen
6d869ec356ac3446169071f0625f9c95,credit_info
61769648618b57270ef7173f00f2134a,credit_info
a1e2aa1d6130b4a7ea8a1fb780c4665f,main_screen
937b0f72595170e15b3d8d82bab25061,credit_info
1a79bbda804820f1880618947617a638,statement
8709592075a16a65ae0a4b2cd44beb65,statement
b6f0c5dbbd1b26b8630945d5b5fd12d2,main_screen
7d0754958377cd8856e1102f1fa3bc1c,main_screen
4537bf04484d465c3e08ddab09318acb,credit_info
fd41dbd15478504c3d961ee87ac92a8a,phone_money_transfer
900a432ba19c79d35d7fa4d634927344,card2card_transfer
43be10b62b972aff32b514e3e1055c17,card_recharge
a490df1ea747a4d70da1d20bb924224a,credit_info
be2703f58e6db23a1c1a3f13f5ab9528,main_screen
2d1030ed57224b433da9f287451bb085,main_screen
3c65c6fb8551896d05619bc28e886b8b,main_screen
84eb396d9682b455c096b4a47133517e,main_screen
aee2536e40ff188f0df20f311e85c703,credit_info
4395c984a3a182592ba1a0fa4bd637cd,main_screen
cac19d72ac69752e9ce289251569d473,main_screen
80a5fe2ec2090c8fc7765d54f6026cf7,statement
72af33773e61d6fdd888d3540c7df71e,chat
7d171bd8a1356817a49c6f24bbd417cd,main_screen
2ab3172f0442c012a4534e9afbd8ceaf,main_screen
ab6d41c68dcdd7110fc0358371427aa4,main_screen
6ac08b6a18fb4a55a8b3eb4571c64b88,main_screen
4d13fb8f8a8be657db3bd05697480a16,card2card_transfer
73d47eb527ea8a50ec20497dabe7c0fd,invest
60d0437de145594c1c41176f6e4b1ba6,card_recharge
a203993fb5fd5d34aff1f7eced184295,main_screen
c0a1da06f39f2a6beced3537831d4052,card2card_transfer
38237eca7522bfc3144b39c21c930a05,main_screen
353986bdbab2c31e14d19ed6333182f7,mobile_recharge
b55fba12ebd179a23b5c66f0d9ea4f6c,card2card_transfer
7564633002aa618c71768fbb21c01311,statement
5bfb7277b17867829244b94b3bc0bcaf,main_screen
0c5bac6f3ca9ba94b953213813da9c1c,statement
55d119b5083df9e8f9b18ccf7d4f76d9,main_screen
ea86baa8dd661ee08b5f2fc7c01d8f12,card2card_transfer
00aea90a4301607ac512812e5da400df,main_screen
ee80a47e6e4bff6d5b344e3392e12dab,card2card_transfer
523183f6b6d86a059b24e81018f0b922,main_screen
1ce982159512ea997694888dd44b1618,main_screen
60225ed1bb2810a53d2f19a4995509c4,main_screen
637ee499f8da6f5bca6edf0914597a81,credit_info
b0a943d798d243198a47ecfc0a7c79ae,statement
ee7d296f28b8127a8f2c68458fd3bc10,mobile_recharge
30334f018fda47a6d91e3a145852d993,main_screen
711799d76d2a0459e277f27cda563b09,main_screen
6f796190bbc050cfdb0d9883ad662cd9,credit_info
566ed5e8521d439bbc35d206d22e069d,main_screen
2a5b60d7396d04cc6ef44fcd7e6cb0f3,statement
e10119b6cdb930325dd6227b0e3d6d27,main_screen
eae1e13db2c047914883e3efaec7692b,main_screen
66e078e6e35fc2f96d822ffa46dadd3c,main_screen
dc9d6039055cc6a567eed7b3eb3905e1,main_screen
66ed4030621d2a263d596eb326629e27,credit_info
3c6cad208078623be6abd26b76e74122,statement
79e4cbe138830b7860449c5bbbed8959,credit_info
58786a6466f84cc1c90b0b23f700c009,statement
906abc60396935632e3fbb7c3a3f76ec,card2card_transfer
17e7dfe96bb6875617adeeec726e9a50,main_screen
d182aefea9545c1844d44bc8ade311c5,phone_money_transfer
34d56a964a43f0fe783050fab49ede81,main_screen
3c7b02e75dc685ea3a7051f9e01f01b3,main_screen
d2697d3d03d016510eaa17f065d0fa6a,main_screen
0ff872c84ecabe553df44d95723ae9c8,phone_money_transfer
63b328367b09c15dfcbb6c79d65cae4b,credit_info
40fbb76467f1d6a7af7a8a3d268dc4a3,main_screen
5a50a5094ed28d84d665e6e6f3f3715f,statement
214108e8abff41caab3692a93c40cb55,main_screen
9976567ec17f7b28db6a528ac294a88f,credit_info
6c75487b589ecb51acb7a06a80b63102,main_screen
2cfa15f811bd39ee088e62c4e1664e07,statement
0cb1706cdb255b518a2e2a0af906f9fb,main_screen
f70ed57daf5c4efc6da0faf1c91fd451,credit_info
964bb087a989f7a1ca54bd3a6e3f9b96,main_screen
92c3fc7cc478eb4b3f1fe2b694981187,main_screen
0720f4fd1f628afa57bc997053bcb6fc,chat
231b40dc6265a5b8fb7bb8db12b031d2,credit_info
a33b9b1fdbf13ed907cb18dde2cbdada,own_transfer
6710400820b0b294cbca1fba2e544de0,statement
2a5019166b0d7963b3f54b5122090e4e,main_screen
b3e3385137ba5bc5ee3f1b03a59dac12,main_screen
5bc6664f37842cfaf74d9936f673c979,mobile_recharge
99ad03452c892b2bdda7406830757205,card2card_transfer
8212fcfdd4f6d40a67eb9b4bd9a567c2,mobile_recharge
b9a4f368853fad5539c20d36a5ddbf1e,statement
b1e450d7f32694b50392151f55d32ef8,main_screen
6fb77cb7001c1a079a365b1c0a2bfe40,statement
b20d7c0c8ca2a0e46cdaab6543013701,statement
5b4542d94a89086e64c251443b6aff71,credit_info
ac77cdb8e3ba2b22187d600e63b050b1,main_screen
408fddb75052d3697fb7e276d3242ec8,main_screen
e9ac239702f86c9c8ca18c27ad7472d9,main_screen
6e5eee38a7b49ae9beec2f19942e553d,credit_info
2dd76683798a22043acd317b5957194f,main_screen
60153e43eae30652189eef69927a7716,card2card_transfer
a4c28d8a80b43e63e27f8f0c75733c14,card2card_transfer
5c816efd90372509c9347fd37a873bb4,main_screen
213ce6765636e092b5f1b3b1ceaca565,main_screen
d47492178e347ab22961365e6b44ba94,card2card_transfer
25eb39def978a71c45eec7385df5f3db,main_screen
45c9d21ca250d52a4f3b334b9d4139d7,invest
972d2ef1c42dd1ccaabfbd6efe475984,main_screen
d4a27116bc71c0301370e0bc82edf762,main_screen
4b978bab8b9dd317ad30c961a1bb28aa,phone_money_transfer
8a87e7533d8df0071b745f1cbdaaeb01,main_screen
eddc8c86497b8f4c6882962102d9fd56,main_screen
16a21755e5631a3b6c85ed58f22badf7,statement
1d5d5bfb75d97cdec757d12070905f3e,main_screen
e278974222796bec4f3dded21a01d1e8,main_screen
b6351fdcb5b27f1f9ee81bca97dc17a4,statement
662037b0d5c86da5ebad3bb08b063900,statement
dc5458f4038fdef8379b6df135412f28,main_screen
cc6d57f74b9f88ec6b237049ffae65f6,main_screen
f57c1666b9c73504aba9b15374195173,credit_info
766c3e329af12f520addcac759c835a4,main_screen
91752e1aa6e61d1a043cbb9328cd93d8,credit_info
d830a232cb609f23e9fd25ff560a1542,credit_info
b3e486a45279d77a7742b120516cb023,credit_info
7d6a12e883f98b79cfcf181fb0bb3880,main_screen
c7e5e093f2284b55fc63a8a9bb4a37ac,credit_info
256d63c4452a77e97bbcc2d6900bd7b5,main_screen
02dc7f1518621ff1f74b7fe9dd0b39be,main_screen
c8ee3af748b1c49a149bf6035330bd09,main_screen
222d4f28f7d6682f109b1a6c13afc29f,statement
6770695fe4a340199ba9fbfccacd27bd,statement
cd1b024859701352695c2d325f772774,main_screen
0b4c17326cafe877d8529ad3ae14f53b,card2card_transfer
e433031dd4cd14f185a9ada077775920,main_screen
7cd8d44b142acae5ed1829953c646b1f,main_screen
ed4040a60e4d32150a3c523e6aa7e096,main_screen
ad2ffea46e8671f9adc7f367abdfd050,main_screen
f4ab18e46f3ad18f92589203e6ebe424,main_screen
d8dd15952fd1abebb7313273fd27bbdc,credit_info
3d3a1518eb65b33e3e1d185f7c1be4ec,main_screen
75f78bc2849e5fc4395da7c53ab13bfd,main_screen
6dacc1cbb1c43fdacde990e9a811f5a0,statement
4e08594d0c31126922f76715527f346d,chat
936ccabd8b63cbf4fa546764bdfb48e5,invest
1f1d2c95cb24bc6ba08f547a232de7ea,statement
c832ebbff915f42133d5a6c16df65da5,statement
d6d622e6ba463865f928137fa7e6d3b9,main_screen
a0c5464c41871fbc33f5e360561d1647,main_screen
aa83d3ea71d36f038107b96d88727cb1,credit_info
9827cdb8f3e3306d286a29237f307588,main_screen
fa7ab465cb683a2335ee3c2487384383,own_transfer
7e156d5cb3e4805efb4ab0b05e799d5d,main_screen
04281d803f52682b3bc8937e260898f2,credit_info
a115fc2627207f147ad6e3020cb1cea3,phone_money_transfer
ba997a7a043f09359b1119f5e9bf63ca,main_screen
614d5c1360c813327f7c284bf62fcf64,own_transfer
358b05c6fa21611e1fb6f0f321e91ba9,main_screen
1ba66d05e8b258b35e9ceefd8581f143,main_screen
c0d2a9ba5d692dec55d0fe30f7b76e30,main_screen
caae73a1c0d2389db3c77e6604730616,card2card_transfer
0ebb1c9e2062747a4e36a63baac72339,own_transfer
b596dcb9ff2e2473244312f5d463260c,main_screen
7c93992e68cfbc4d91bfeb69c04f14b7,chat
a8511424457c13fa9ea88e0dcc6b48f8,main_screen
df149a8344eaff4e95f3f2eaf02aaf24,credit_info
db9201bd25f32e588f89ff3911d4fd12,statement
b36001562913f960ed6dd5fa9de17057,main_screen
4389747ab7d2b25542a518b1b7b89ead,chat
b24a77fa7def0c7552461a84596f0791,main_screen
2f4cf723e028245b29dea054aad76d3d,statement
2ab2c9f4bb5afdce1a8a40e260f3fedd,credit_info
6a89fb6b7e735c6f605e914364011742,phone_money_transfer
a1bc397b55fe9f6c41f297a0806807d2,main_screen
27ab786f37a1b45151cb5ded11f4d576,statement
af9948db3c8840a013ee94e9317fef92,statement
3b231ac536edfaffae3822e85fb83f93,credit_info
8bb11757bef56f25712fa470f6ff3786,statement
4e2a685741aaa6e26c09342987bc98a2,statement
43c56adc96d5362a134292402754d602,statement
57ab352911b94df66b06a3f836343dfc,statement
a3ab0ce71e9f5f13a4f269020ea84934,statement
965c3c8d07142854676ecdebb7524bbd,main_screen
1448f17c56eabffc8e3f2412be3d1cdd,main_screen
1039ecaefc79c6af5234cd7b6abd8e00,chat
ef18d4d63d61469884bd553d97157f4f,main_screen
42e80ee8ef6b93f92b857c1ede3dc36d,credit_info
ae5421a99e7e3c85747df0c7908128d7,credit_info
532d72f0c4d03d07b15e51d68b4f3303,main_screen
a02463578160f50a4ace5c66d00d81d6,credit_info
0db9d35acef1670571d61fd8529c90f8,chat
522366cbd1781332849a6469023b4cd7,main_screen
7e42c41f616769a72dd01731769c0093,main_screen
480f73b7d9df5c96c62f6e062e19d152,main_screen
17d4e96ed9a2b4461140cfb10bcc701e,main_screen
9aa96e6124d840a2136c0cb5c952fa36,main_screen
d0c0b3df1b02cdb57c6fc37904170f32,card_recharge
e420d009b0df05e44cafcf4b86ec06bf,credit_info
bf99ebc7dc2f927abf0b5b533081749a,main_screen
d3ef35dcdd60edd21a64b127a516b91d,credit_info
4df812a33ac75f21c3878bc0c804047b,statement
552cc9de7dc559686f579b2aad767c3a,statement
f36b6c350f0e227d001bd3381ad03ccb,statement
47002760fece0475553326f3268392c6,statement
44f37f7bea5bf855edf789604a592388,statement
dd6b2c7542d2148de19d06dd699f0429,main_screen
6ceb051704639ea47a3d39ccd761d902,phone_money_transfer
e822d2b08a8e597e8aba283ee2bb80dc,statement
4c5b28b9f2505851b4c1f8727a718bc9,main_screen
7fd758f979b2a6d28547be233a527132,card_recharge
48447893a7858376ba77766afef4fb54,phone_money_transfer
072d1b844ea943177ed3a61de5e76a7e,statement
4c2fbdf4fdf6d048938628ee7f0cc159,credit_info
c3c24a6d8189e4f6a7331557e98b5541,main_screen
b17a4c7ea3fa3e99a4cd260671dc7494,statement
e3d4cdef08c108df1f2a73f9abe19842,mobile_recharge
2b0fd3e8cc87ddfb0a1169082d9de827,phone_money_transfer
b006c98fe13d8b0e2d89b419575e606e,main_screen
cb750f8597aaa9141adff9d64faae8e2,credit_info
4c6ba462fb0d13062ca96ee18b7ccb32,phone_money_transfer
d09421f971aaa7844dd0008da5d04f36,main_screen
7c07c9c6511c3481224edadfc5bc51a7,statement
f38bbc927663aedd9f1c62b213992684,main_screen
e1730dcbed5ca47f550838330fe34ad4,main_screen
8422833b31fdb7664b39573dc0b1e512,credit_info
bf99f25f02e263a2d770bd3bc2fe28b0,credit_info
95b174cd7f2902f43b4bf528310ba515,statement
b38516a7807e3974ab9a55f32bb957da,main_screen
46d9ff5e803558113262285a26c4e671,statement
d5f3525d2d0c1e52e72399ae02fffd7a,phone_money_transfer
9e635c147f41d06fb6b8b8684e889b32,credit_info
ba26de0a95243acf8aa2c206bf3708c0,card2card_transfer
783aabd9b18168e684ae8c504806faef,main_screen
0bc7477e58da26d98f9c7aac59489b5e,main_screen
b489f87519e154d5eddfbb772eba3dac,credit_info
4a58aaae55e7daa61f0ae3af6d5467b9,main_screen
5e4d258a7265b694a7a878837cb411c6,credit_info
9f2cf28d1104975dbca77f1a787fe965,main_screen
1c76fba796c0726ab3883e45feb0d1ae,main_screen
bea7c473c6ee6b5b2c1366e38481c1f0,main_screen
f4fe0655a4241a153fd3054da0ea7b90,main_screen
801c86c2595a46c8a859ca59dabec5d6,credit_info
44dfe31f3c0e1b83c7bf2bb7fedcd292,main_screen
0b32c45fc20a28571974aca62d44cb18,statement
2fd042afce4125e6b49bd0de930d9f9d,main_screen
eaedafff0df81fa13a3c203dd4cf0710,main_screen
68b9bea5b93df1355d81a00b47e0cf4e,main_screen
94cf74b63971297456f4431f12010172,phone_money_transfer
0949f4456947503e5d1799b5869b6416,card_recharge
38fad937e75ee9ce71d30097563dbc90,card_recharge
878d76c4a3944af5e1b9e2cf84f34f85,chat
45fdbe7e95601c0007789ea6edf904fe,credit_info
3dcbf003ffc9f5141ae89cc6997356dc,credit_info
b3dfa479eee31355465a2c4bf046b300,main_screen
7c81830d6f7648729faf7bbc582071da,main_screen
998aa3fc1a53329502676b728466d2cf,own_transfer
eecab939de9a7ba7a8289ee4a5eb08a9,main_screen
408d514c0f8d763654c2e83cf6f50992,main_screen
18da9d80c7db8e253b4f6649327f12b0,main_screen
c90df3f01513155246b79cfb7579ec99,statement
a5fb917f5b4827d8294f37137ed4e9d2,own_transfer
797fda8f0b3dd2f330743fef7fa238d0,main_screen
cc35a90e24ef290d1f1b7ccb81dce65d,statement
e83c6766631cbbaf78c2bea1559d2ca1,statement
c49f5e2bfe3eb9f06d0d045aa2cb6d48,main_screen
dc4226109dc01f180e9586379467452d,main_screen
201d1ad0feba7de1ea93e13e65fd1af1,main_screen
a6bffa742dd547d061dabeaf8cc0d342,card2card_transfer
c5fcf99cc4b5e5a5be36d4fc135abe7d,credit_info
7e5a8ffd1d42a560838bb5b60a458438,credit_info
45f655a160f169fa68e4b2e99112703c,main_screen
6705b1bba8aa7b078785b65c6a02433d,own_transfer
78e996275d6fac43fe6a98a9c3b0de1c,credit_info
e410d65a9e4eaf9fe7e65ee6d3e12b80,main_screen
5af7e5badb650278ee10c58a00b7bd28,main_screen
be24610b37c3f3d6f0d6008a837108a2,statement
d0b68839d8a61f5d45419da2532c7f0f,credit_info
f31c1ff218d1f0151039bd0f26c45649,statement
34054abda62ff79ca41e96255292b6a6,card_recharge
e6b01a70eabc2eec29b06f31a06fdce4,main_screen
b6cd36530ebbcc60058ce5a124d5c31d,phone_money_transfer
2e78706ce40621d1415cd2fce59160cc,credit_info
72dfec6deef25a0af747ff252c76cfde,main_screen
8ff4c30ee1ff747fe19721171f0754f0,chat
4c0d9e293508e32ecebdf818d8475bdf,main_screen
828c79958f66f09976af513052acce00,statement
374175ce0f2c7aeca444a1753fb1e550,main_screen
7693f50053ad5f268c7077bb96dc8c18,credit_info
5f742195d3d062ce744c218f6decd229,main_screen
11e26db6d69816596392a6f3dd2d7c9c,statement
a057a36f22a42da8a63ee670e406eaf6,main_screen
f0e7e820a76a04d2e6e2a5116c50d831,main_screen
3c51b16974d388d2115adf20270394ac,phone_money_transfer
a466628e7cb841a8c042a606fa5097a1,main_screen
b1edf2faf86ae1f1fc9fcdd3818dcf12,credit_info
cced3b94342754b48f578c231b751105,credit_info
37c4dff7bcae9cf0e976b00eec089967,mobile_recharge
af236dcd8565029ace0043cb093721a2,statement
d3a2e39f9cd2109db3b2b31b87fd2f91,main_screen
ed96ac0312beff52b98cdf3b7f764b12,main_screen
641723d9d1f751c43f3a97ee35168ead,main_screen
4c8e99bce365c641fdd49b85f0edbd40,main_screen
ee51766247b8b3682be10294f4bf35bf,main_screen
f09e9f6eafb300fb382ebd5b7e7a7bba,main_screen
0bf6b6c833bf01a0a0eef105284fd1fc,main_screen
8be61d011833a847159420e32e433e5a,credit_info
3ef4672ed60038740d96e3028db57be4,statement
9640c3c63de30d35e95a60f9127b756d,credit_info
97fcdd700c14cdf66ff5c296891b7e86,main_screen
340d64ccbb9f5c3f61de7774e244136f,credit_info
bd071432234d94b0c69e1b19d8a1037c,main_screen
b99528e30a0c4db2470cada4fc4c5ba4,main_screen
fe713d82e7556bb90e1ba84b11b0a06c,invest
5efb606ba897d36970e0cb309e5da916,main_screen
8b7a44679bd36f28b6a6aa2a0f9e3111,chat
ea48f43d5ad02f4a3755a7942b4401f2,main_screen
37d5a0915f863c513f1b969953f1ac34,main_screen
c6d349e79e85055f72726e32cbd6b7da,own_transfer
943ea7b3f5e0a2819a707448b1479a84,main_screen
d2f438ad1a1e7e5044137df9b26a6803,card_recharge
92486bcd5faeec97afc421c1f42bde22,main_screen
c8e3a8a4ac3fb1c3855ce7849d390c1a,credit_info
e94550365af019a8a25dddd9393a2a4a,main_screen
ef97664fa7f127ecbc3ac7ac3161707c,main_screen
e2207f011ecefb81ee0f35d54a960354,main_screen
85e6c23a49645b66ab0863859ddaf7fd,statement
cc59e221757dba5283c097b2dc841347,mobile_recharge
8b5005e1cb1bfd40fdca26fd305ff51a,statement
c2a9f68c5decf61b5139b732724a1ee9,credit_info
54086c7b69030aa14388ebb5729f7590,statement
9c73486781cb5625de93897d6807f1f2,main_screen
088413099e9463f51a6a6801450f2729,main_screen
eabbeb17dd23b0a4268402314fb460c7,statement
1090959408eacc69a1d81c1b63476efc,own_transfer
3098806481ba81439ddc861492cd03d9,main_screen
bc2c9590c90eeeb61101c92a580570b2,statement
5b2793ee8d8f5591120d9fff54fb55f2,main_screen
32e640ab784d1dec755a12a6962a9106,main_screen
95154077ccbf0275264862b28bed4cf8,main_screen
15428c5c985940f749987df298ca0d61,main_screen
c7fc4c143b9c03f2086a873903073694,main_screen
ea050dfa3e100b74bdb3a9afaf9d20f1,main_screen
ac14548fa8f4115ff70f278564c4c6ed,statement
2e4d8409930b7613eaa9299af3b5ab7d,mobile_recharge
7bb62330f7b5f3ddb837a38e3d5ce56a,main_screen
575b3c2cdf803216851ae4d8724c3418,phone_money_transfer
7938d4c88c0edd784ebad9ead66e02fd,credit_info
12300f29e4a254131d3dc982bd2b50e6,main_screen
9f513c4e7bfccbf65848af72f02ad642,own_transfer
88d907f925e3f7f4db6af00be1a75f3f,main_screen
05681ec20bd2399a280b3ad2968fd18e,statement
e9f993a1577414d0326241f55cbc745d,main_screen
c36727b8ccfd4be34e79f133e2d80601,statement
b682f4bbfcded2b8af319d858712b2af,credit_info
75a742e01f027434d053e21915c9b029,credit_info
c92f4e30291666e51da7014b1d8b4aa0,own_transfer
d48ae9a5bb84a8e37cd53b44ae0b3930,main_screen
2ec92bebfeb9efdf0acc76607d5e537b,main_screen
8a822926ecb5c00ae3dde8c38148e1ed,mobile_recharge
900efdfdb039a8dfa6d6824294a85b70,credit_info
a30e8326ade9f96a378165543c2823e9,main_screen
37b4e5465f1a2d6fbd2af16694b52b86,credit_info
54d8380dcf8768684e0b1ea30a86629f,main_screen
2ce53be3f4816443b37af4ad29bf6c4e,invest
5183013bd9ad8ef8c0bc837860afcaf5,statement
87e39eddabfbf0a0bb883f2554f8eda3,statement
47ac645ffb2876f473c0a0d1cdd4d8ad,main_screen
8341ce9f386a03b6639cc0485a063975,own_transfer
f11aa14a74443ef06ba6e5f8333aa9a6,main_screen
747ee7407fc9d344ceb670acbfd37c81,main_screen
b227d2103dc29c16547e569d51376a47,main_screen
ed1833954152f80a26bfca6599141adc,chat
2d2b0dd113c5c2f08117f93f2cecbdba,credit_info
95deb71c53ab6f0e64e63e05547a4506,main_screen
127101e1287e8bfdf0f1489185213e34,main_screen
71c65c4d525cdffbf6703dfb62a0e949,card2card_transfer
eac480122d48a35d9ba6b6c1c1964c8f,card_recharge
8a43e2c9b022a0947c1db81fc6969c35,statement
d3e3f26cca4871a67575ce4be60d2cc6,main_screen
c31d9cfd0359b88ab211ac923aa6fda5,statement
8d74befaf4ebdfb153dc2605bb388030,main_screen
95a241fc9838997b7ee59d72007c6168,statement
deefe92e7f2de9651faf9b738600c737,statement
2949aafc50c1c27663bd7980550d434c,credit_info
b41633d227e241a8253a28888ac289fb,main_screen
eb6af97823f1bc7afeba623b5ab63b22,main_screen
71bf914a087e6897d3ee680c5b8ac400,statement
fcd179b1b593d9e970b46a4f2d1cc6e8,main_screen
4372328295b1bd650fcea1154077a60d,main_screen
ed7151cb651ad82ebd40d8724cc29cd6,own_transfer
50d484f55a77ed7f306067ab0950b263,main_screen
25d2250a72ca6e900ecdc97d7dd82fcf,main_screen
22ce6543a1f75c78ee7df669b498ad1b,credit_info
77b69e6f01a8343a5d537a19ca6bffc4,main_screen
ecd26ec6b9f90a5ad8b5a3e9042bd12a,main_screen
873ca7f4607049ad7b124c8f64846fab,main_screen
e9658b841461120c9ae4d2619e78aad9,credit_info
88086ad1da3948f22c9d1c32da7b5f46,main_screen
e0c3a37f2619ec2f1ad1c9a1070c50b7,credit_info
5965660d9b1ceaae76bf36d20dae91b1,main_screen
7b28cd4c233d015238e45b5c7804b5e8,card_recharge
b230e584038abebc06b219a3f85b3cdc,credit_info
af342d2894518d10ce2b755e06332671,main_screen
e961258ead395f45cc6cfda9c4eba6b9,invest
6a509b22c03b167f2401f3650f3c2954,statement
a663003743b804ed21e66f867ad1853e,statement
7066bd273cbdb1ab4aa46429446fc547,invest
2aac97791b17050ed0a3125c57ba6dd8,credit_info
47a08dee51634c2e202488fc6d04fe90,main_screen
06f67cafcab18bda7ce5ecc8c400d3e3,main_screen
3cc352ae1941cfcfb789cb53ba74bf99,credit_info
2f7bbf56937c7a736d53159d6cbcf9a8,main_screen
d757abdb8380fa390b5d83a246eea734,mobile_recharge
7060206b78e4613ff8f1492782907b1d,main_screen
85ba2a544899e3cbbcd9b40aa76da15b,card2card_transfer
6733b6787cb42119f20c08f753be349b,chat
669e5917fcd9eb0fd029a4d47f2417ab,main_screen
48fa739148a1277799f0e551a470be94,main_screen
35fb654a487ec72405ff5d5e3d730afa,card_recharge
dd859976bdf5a2ededf0efd7569cbaf9,mobile_recharge
2ea8fcaffa594acd9d3946b870f5de8d,main_screen
83493cf8442e630af83363e5bf2e4998,main_screen
4d15ec7e785e99e09dfd19443e2bcc7b,phone_money_transfer
998472ec12f8a9322a5102627a268d99,main_screen
fdfd9582d5e7cb9ec0666a3bcafc31a5,main_screen
0ec3d014abb7c0fa47e5e504d9e6a820,mobile_recharge
4f079b708231f4de32812fd1d8c531ba,card_recharge
6bb75f26d926d68177233f6e5eeecd75,credit_info
c43f6cef10bece31a68be6436288c18a,main_screen
21a2c6fd86403a75730a7b0a69f74b06,credit_info
85ae27cf65b69d10a825952632d0ec8d,main_screen
9d72ee9c3ec22f0720939449e062b184,main_screen
f71ed6352db4ff405bc543267b8d9863,chat
a808aca4759c1630522d5d52459b7e7a,statement
63a7c18721192c4357ce5107566fbecb,mobile_recharge
f9106a71147d53d9ccdea19eabfede1f,main_screen
dd88512e2d37025e8dad2ec90ddca764,own_transfer
0dedb830c3fc31388f951f0f816ad202,mobile_recharge
9048198fab1177155d7aadb2bca77eba,statement
0b01a75006891137b398e6ca89009c7f,main_screen
af5c01873c045459867b07b7c48bb140,chat
8f72354eba1391d072c7d2bae9fa45a5,main_screen
9c76cd3d20cfb251193d84966a5066f9,main_screen
9dc081f4db1c3e6bdb13be2eb0636404,main_screen
b3c5bf5c276f5ceb08e8bcbd4ebc24b6,own_transfer
08e1115332d61de197d0925176dd11c0,card2card_transfer
6ad6df2947990fce4330c66c5efd0a73,statement
faedff3ae49b511f4d4aa0f7da6a2b2e,statement
d757e9fcc7647c29fab2e02679e919cc,main_screen
59957440a212aa3e3623730eb5a05ea8,main_screen
1a1bf98384ab0ca58b4e4f9cf909b610,main_screen
ffda8fb9e1dbff6075b5b3e5af6a8dd3,chat
ed3726a03f5c1c4575165402ca2f0ac6,credit_info
0057797da4b6a58a499c9327db0e1603,main_screen
1691a8b502d53dfbf6b0fcb9f9918cc0,credit_info
536b71f1faba7c95a1bfa93e38b62350,credit_info
f1b4aa0e55320b66f930f46ac4296e93,main_screen
f3a59da9f6b0717d0d0f374c38c02855,statement
b12d811787b58177bdd3b69d1e8b9515,main_screen
730c0a2a3f9b1fbeaa8907b7f15807c4,card2card_transfer
98484127e3d82eebcfa579c2b5712c56,main_screen
827a8ce645d53a20ce2cf155005ff8b6,phone_money_transfer
fc203bf7314e8f3ebeb3b098db0fb902,card_recharge
bbd489c89c1d19a2ff2bd29a895a2e5b,main_screen
0de8890d3b14a393f4d971f878586ae1,statement
1d89f887b8ecaf6f8414e7fbb920a468,mobile_recharge
6aa661027547572292211ebe7edf64ca,own_transfer
e937b8847b84e00e29c3a9ab91ed9c64,chat
5b17e7c34df9ff386afb095f87bc2625,statement
6e5804e2fb58221ca13b02dba52c53fb,main_screen
53bb6667120eb1c88de581e097ef0fed,chat
5b98acdae3a1097cdfcbeee1b0ffbba1,own_transfer
3d177e1e36c3468ab88f3287a7e7300f,statement
16f79ce089d833aae9d83a38ad9d2110,statement
41da5a1826e97bdcca1431d991b9042e,statement
61647185fe56b4d9f62c1926e6b90cb1,main_screen
5b02aa6ecde14d759ef542f21e3c1874,card2card_transfer
c0d83e3689eeb98aaef31b07cb1105a3,credit_info
be7154fadd63ddc5a454dc7064dba353,statement
e9e943e4ce8a763dbbdad0203ef2e5e3,statement
1edb7a2037e070c878ad66b686dcf867,main_screen
9acc4a30ab5598406a82b195bd6b6955,main_screen
825a3d543c5bf2c6cfbec6dc9b75e03b,own_transfer
4c3aaaad68fe1b0dcbac5ab3af177cd9,main_screen
2aed6307afa921e10f0d7051ddb86021,card2card_transfer
ca020505b9d9a28c80c66cbc7c48a0ee,credit_info
ca769ddea7eceba8a1c7480fb26849ce,main_screen
dacb924a8429866210e7c494dd51fe4a,main_screen
9114f78ba3dc9c0b0b8edc29c37b1d80,mobile_recharge
6fc84d5519a6aa36b08aedc8e93a989d,main_screen
b037456bb074481b2d24ba3e5dbae4a0,mobile_recharge
2f98b1e1e8377b7385befa0ebdd0e5f1,main_screen
15966bd842dd3606fd426337d624c9d1,main_screen
595cfe8d81be550a45566903a952cdbc,phone_money_transfer
0c769e35f1ba60f9f969f95601aca855,main_screen
5e0b95619f1554e709d17ade90dff6fb,main_screen
e5b9962e895113216a186617f7ddce71,credit_info
2a7cf10dad31aeb02bdb370916062801,statement
eddb80ef28aa037148ba79964ba5896c,statement
4d0787b4603005b19928cc7a1f5dabb4,main_screen
bd95fd8cce0e5ca4a31456993d41caf0,card2card_transfer
7e6c47b84e4220659d4101b0a2b831cc,main_screen
462d19614bf4438a032efd469db012f9,main_screen
76b9edb72a70f8ae9c75f9510bd77d53,credit_info
615b39c0db561b863c07e1b5cc81d67c,main_screen
bf94f960fea364cf97f6b0b718eedf03,credit_info
7ee4b319d85958c09b346fe8952d186e,statement
34cc23a79b414358917ac98d73d84de3,credit_info
afdaa71e4dafefb3fc5ac76adada6b0c,main_screen
4817f8ecc9d0c75836053eedcabea2b8,main_screen
866b743e689621e66228d7c78c3ca18c,statement
deaa70f4716dea64b219ec6c62c5e5ac,chat
749d7303e07af18f8ffe130a879593e2,credit_info
18043275ab6b7c5d9673063ffc943f07,credit_info
f9be63ad067ba261546c4864c3a01773,card_recharge
43d13c30301b3860d877d441339cd09f,credit_info
447a3bdc873e225f957c1469952b792e,card_recharge
1e6fa4dd067af55ed30d86ed97e793e5,main_screen
928e7a4f8106d5fbed518308b62a9000,statement
e97828c7d6b022ae8cddb26f74316200,statement
fbf7a2aa8e01e24c797bdd7ce47b4309,main_screen
4dea04f920dd21b29f17147d492abc8f,credit_info
c70ed4d66373ad244d59d7abdc8ec82b,main_screen
dd42d93126cc621abe942d9164ad328a,credit_info
c593d65ee080d1ca1118fea88da261a1,main_screen
94984bbc335ff6b6a81c7d38658347a3,credit_info
7452b65e62992f23000e12739adac6d9,main_screen
8e0f2db05703dc5d42b29fc8e032c00e,card_recharge
6da165eba1ed0ca7090593aca7be27eb,chat
dccfa778746b76d07dd94d03aedff0d9,statement
c78d156c57c1cd9e2bdda7c0c9a49728,main_screen
ee956ec16999dff769896e927d9c6b38,main_screen
f8f28cd4c993ec3a249c971f77a4c97f,main_screen
9aef00d9e4095f2908f663f37f7b7243,main_screen
082631b768598f92691122284309feba,chat
350c31961a2bc9a0ce9dcaf3cb0ef060,phone_money_transfer
389f692f79926181410a8ffab45c51b0,mobile_recharge
556acc9574f63266226d2ee5c77d1492,main_screen
01989d01c78c506fea6d7b895fa0d8cc,main_screen
e11395f7efa463aa35a29cc8ec7ead9d,main_screen
e86393092aae3e76470c5b2c14b566f3,card_recharge
582f87c81e39294caa943cf2b4a2a512,main_screen
fd4c67f3b73a610edc4f11b655101cb8,credit_info
10cdbc7bcd67d9302f45f6ee532ddcc7,main_screen
cebd755ba38db6b6312b9ec9503e6873,own_transfer
2734adef7f26106f93aa361610a11017,main_screen
9ae9fe4f438debc522d13ca2ecb24b0c,credit_info
45e31ae0ead8d29e50d75048c110f7d5,statement
1eeb0627f507ec4f8bf415186047ea9d,card2card_transfer
4f27c538c3ee0ba72ea218b3bd16045d,phone_money_transfer
6feda8b61a3f403486ad725a5cfab8c4,main_screen
8b1fc60af97b120342fe1ced8e6bfa30,own_transfer
81b174ba83edf6571294308dbf247711,card_recharge
beec57b76da61ffa09d61c88dd0a29d7,card2card_transfer
e702797a5210ad90d79073f1f2b96c6c,main_screen
97c66ed25a89a7083e8db480cf766ea2,credit_info
e32b7377d8ec39bf952db132e1a698b4,card_recharge
96a5fe7462f10da3acc61c74b8ef75dc,main_screen
7cc075614e9217596e1a5bf0b2bd2a5f,statement
9fada590a77c155429d3941e96ed5b67,main_screen
a96ae18f3ad893868830e62d36093274,main_screen
40f5d61288af00a9b8836bf127c16075,main_screen
22fa9892b54dcc79de0b214e86f59813,main_screen
a7b3e6c9f5814ec39b5bf520e66cd963,credit_info
e553966500801c5dc37743d4f6791ccf,credit_info
9ada3f363c2268f53e5859563e3091ed,main_screen
db49809dec89f155e20a609e8d4f322c,credit_info
2d6496b58794aea177bb452bf2a93bb4,main_screen
dbe9c979197aff47687d03cb8191aee8,chat
a03b0a8f00892bece68fbedfca875db9,phone_money_transfer
f8230d4d8be1bc8ead7fa51826152669,statement
6f7cd41b5eeae4d74fc69865c61b446f,main_screen
625ee93fc774e2677f04439f970dbbc3,main_screen
c3a2663ee03f3f93322a52de0c91deec,main_screen
0eb0f951aff6695c34e5a9682ab73f68,main_screen
0902195bf1819311e32f5085436389d4,main_screen
16a19f862a513ac4dc3b3cefa04c2cbe,statement
2d378990fbdf532c29bc0cc4c09edd6b,invest
8ca44314d0e4be2e9daf939ab24334bd,card_recharge
d6d6d0316bdf644e2acd51663bdd3988,credit_info
84bde63dcea0adee68e1373812221f01,main_screen
81e8014ad140aac5332461a8c4056670,credit_info
2048a21f2f1c2c8a836d8e1f3107eb54,own_transfer
64c919ed35dd75789dab505e3e3965e6,credit_info
f3141ad4ef5cc08af76bc7d16e7f437f,main_screen
0976d9e7657cd46143640ff8da9a85f9,credit_info
22b0282f3a308ed659830990290f7508,invest
3279e5b656ec89d0ed6a398a638a2b6c,main_screen
95c24718e06e0bc4d3140debc55a55eb,main_screen
872dd3212e6a9bb55b4683031d97c9e6,main_screen
70b86eaa2fc7e47bc164112e2c0c1cde,credit_info
6dfd5d69504bfd0138969e524a46ce64,main_screen
f1187d79334acd356535e67244aef3f3,main_screen
16a35c65aa8a2d1080ed737e9d11238c,statement
e99bf7da2d79570f0359ac67db3bcbdf,statement
78c2223d0f6336d4b40b0837da852eab,statement
ca64e7e348ee18f05cda26725589a0fe,main_screen
1f2c79f1e211fe14da8e25351777a788,own_transfer
a8841fed5f8b579a5c2518f6d21431c9,statement
8a472dc468f63e0a49cd4b15e3ecc5e3,main_screen
ebd6dbdebc62299d15712a19bf71f04d,credit_info
9186ae3aa8d34bf75db58a0dfeae6e5d,statement
3c279e21fb7875470cb15cfbc61de485,chat
010d3d7a41c277467a76fc90a5da2b1c,statement
6be7f946dde25cb3d57d4cfd874da0bd,credit_info
82d3c29cea77a4d385138c3becbc1765,own_transfer
714199dc82c0676ac4e9de5263ff516f,statement
ee0ba3876a2ba1d5ff3bb873f1aca2db,chat
8b6484175dbc7d8a77056816d5430f8c,chat
8db51b184e41c135caf63096abcf3e40,main_screen
86e2721b31cccdb190de88a92a01c0c3,main_screen
45d102166fe6452d7db14a8306d11437,main_screen
b5e0e4526e03ce8b92693f2bd6302a9c,statement
a776969c098c61b8e0f9872f34bf1bf6,statement
104359fb8c30b1b9c52d1a7ac1d56a6e,main_screen
df22380baf7f1a422e7925c7bc468aa3,card2card_transfer
26d13877990f0a0f456e621e05ea3cd6,mobile_recharge
7266041df1278229d4b71d316f12e874,credit_info
e0539914bb60c51d12a3b34d284476bb,statement
8ff97b8dc876fd41c06c5551c8e1a71e,main_screen
a77a259c4199efdec66c7f26a8401a8e,credit_info
bbd9aab308ed872caf3a288adba32ecc,credit_info
5952e7022ef51ce0f172a87ee9a1fee8,card2card_transfer
e293dd0913c6b9a2c1a9601c0d8b4184,main_screen
b76142ff0ca4f4b11b580a3600019094,statement
3e4efc04461d2ccb751b94971a33d01f,main_screen
125128031ce2f1bc23f44ac98f0c18c1,main_screen
b3359b6b5dc2f6946f998f2346cf05e6,main_screen
b052a087efd97519cd5e982973479197,statement
d960530cb6de4ee8efc562fa2251ba58,credit_info
8d1e254c35c7a0d9287d3e6321d37166,main_screen
db90da4f14f992bd8dae8eae164d248f,own_transfer
9755b2a5b9007dc82d092098c183a817,card2card_transfer
6c5edfd1603d2de20731d10e50e073be,credit_info
3d068436443bae865b7c293092b9073a,main_screen
def78634e315e36c8c1c364881d41d7a,main_screen
607521e119348e494f2d3f58b5fc2d06,statement
382da48aed004ca2b552883447217dcb,main_screen
6adc37e2b46bffe02720373774aac92d,main_screen
ab12d04de9b8bc9045178c54c8baf353,mobile_recharge
b827a7211da43f9145f780cf55505cf0,main_screen
2d7ced2f6cfb3c3fb75a20722d444620,credit_info
c21afb6067265b566815d8e754b4f965,main_screen
76c19587493f2bad9789943d8b9ce1dd,credit_info
117854e668b4b9a9a57a98bb5d4d719e,credit_info
a19f97718f1b0bb9c671e67cfcc30f88,main_screen
57a6892836614bcad2671773f96918af,credit_info
5d97b2e6074ced9bb3531ca8a6721300,main_screen
726cd6c8ce21d20fb97246999e7d26e0,main_screen
6945419f56e072dc3fcb5a022a608898,phone_money_transfer
196f1374d8c9f2eed0801eae241cccec,credit_info
8fadec29d8d08af8d2a4f92b3a161443,main_screen
21d14a5aa75e85f2ffa664bab8feaeb8,main_screen
ad02182db10880d620b81f94ce881102,main_screen
3efb45420f89a8ca1144f9fab8dfbca9,main_screen
e7254e67276195e362c1cb2ba76dda44,main_screen
e06d62791fc2c15b21eeb13bfc8ca003,main_screen
c06c8add3878e2f300da1e86c0a076ab,mobile_recharge
425c73089c42dec5cbd375cb1209c6bd,card2card_transfer
95c2b73c8989b35817dfb57fcd382335,main_screen
ad53822e8b3b0a18b6559ce4d55f0499,main_screen
953ad1336a88387e29476e2bd0eaadb0,credit_info
2beee0392ffbdaf6f597102aa77428fa,main_screen
4301c6e83c32881f1e34ea93c5aaa0bb,statement
834ba832daf8924bd128159c6719bcb1,main_screen
fbcebee30d7e06c12453245c0325a484,main_screen
52c4021afb88ee7174be8456dadc3d29,main_screen
0e87503cec6308e2f1967e64cf12eaf6,main_screen
b1b6de1aca26465b9f3ac6d33e462908,main_screen
fc04b2bd29da25a988df76d61a46a1b5,main_screen
a1198af5ce615e7d66b20798562e623c,card2card_transfer
4df721935c88f97d0529a1f52e2ce71a,main_screen
db384de78a3f7014af426de8addf43b4,main_screen
bfddc941fd8803b26d4e4e1c7ebe2084,mobile_recharge
2c9c0c0a7876beb7ca769729fbd78f55,main_screen
736a5af17a3fb38947cc91ae59647ae8,main_screen
529daf097bd748d77295e9f4fb41d1e6,main_screen
8b1c775bc5216bb2a487e2d35427bce8,main_screen
514dd41648a94c2c0c6fd8157fe5dfcf,main_screen
c79c0397fe5188ef1ecf66e59f216d90,main_screen
f9fd58943f97dac352e092852cc5aad2,credit_info
520c108e3977ffe7e2cc6539a21e4fb7,main_screen
768d7c89356788bf80dc380ed96c98bc,credit_info
e3a577d02bf1fb4d8f17d8702244fa97,credit_info
bf0f91df5633d8eeb71137f60bf3b20b,statement
19635083bd0fb306bfb7be61ea9c4547,statement
daf93996141969a718cd4dd8e5022348,main_screen
1c92e3f4a04012a3d731683183f1876a,card_recharge
be3941300bf78ac835fec2bb62d4d289,main_screen
4b76bc714ccc9c1b0200880183f1b21e,main_screen
45f0f99685a937e5dfefa1d61addfa28,main_screen
21140c18b5fe9a959e653102c23f74f1,main_screen
f97d3cefea60c377a03b32e8b33fe109,main_screen
307e6a218c763c506db7b86c9998e144,mobile_recharge
a730ad5f4ecee3b0c71ffdea016c2ae9,main_screen
0a0db4158f2353dd183874fb33182747,statement
87e11c83185aaa192c3bb6534768c3ea,credit_info
39313c021b97e6f742ac86362004c4ea,statement
afc179dab36191b348a5130a5589311a,statement
c6b3429ec7230cbcb7387f6c6d34babf,main_screen
f7ea2577de914e70cab06c936e36abcd,credit_info
d5ce423466fb0f9e738d032ad19e0d2b,main_screen
393a90d0e5dcfe860db61a6c927c1b7d,credit_info
f1d5747d88403c95690fbaa908246bf1,main_screen
e4050167308f90e0e8707eba80986add,statement
1f2dc4db9e72a6c560592acb8a8d386f,main_screen
9c51f71eae87ac22abf21c5334a7e859,main_screen
e90db10f068a814fe782f12a9101a455,statement
cafedc709a7034a537a3d73e3888cb86,statement
003bad4a4a5c163938c9305200d47950,main_screen
e0c185f7ab1743a8481d46f8f2b9386c,main_screen
a2a1b62fdcec4d6cb24e50113c152d3e,invest
f3d32fa14b0d9cece5e2bfc365d1d4d4,phone_money_transfer
cd5d8f9da93e1c795bcf2a1375ccee0c,main_screen
1a98f31e901043fbc596a19921731d46,credit_info
eba34f199f03cde1562aafc0f09aafad,statement
787f323fbc911362b5f71f1c437a515f,mobile_recharge
f1e99b47b24ee602b4f11325209634a5,card_recharge
f0b7e9350de8d91df528c69de483dbc5,main_screen
88699afa93ef684d94c8f5d9067465e9,main_screen
fa08b47ab709f337e6a63aec19a1160a,main_screen
675381cfa29f8583bea17a4ef44c02b8,statement
33cdd364b620f39374b34773cd988de6,main_screen
d8552c2e60229c9da7c75a7c47ed87fa,chat
af880ce17a02d34c7399aacb4f0ed39c,main_screen
76ecae768744cfe6b0f6485ceea44fea,main_screen
14d703273499ae290135d8efa412c2f3,main_screen
a86ac410bc263edeb47ad5b6814a26a2,main_screen
bb1e8ba98579d8606f136d713f69dd43,main_screen
6a925f9ac9fbb681ebca5e1a82e54496,credit_info
df97457e63a878233fe51b40212ea90d,main_screen
4340f0a135b91c345e128382d71e77b0,statement
ac5e05dd94a3c21ca32539a4f23cb6c3,credit_info
4b2dce8e2aa4743f41c601bbe2330631,mobile_recharge
8f1ec0a9cd1bb69c750e70f8f1c50842,main_screen
18867f10fec0488956c29fd1e53462c3,own_transfer
f7157de7e45de8d952171924250decc4,main_screen
c7ed4522fc0564c223a4dcfc076e2468,credit_info
76728ba5b273e6154b1750f53fa002c4,main_screen
a14a78a3a431ef579ca3cc86130309bd,credit_info
9e3e271d7f0cdb7c479d83eebb56d3d5,main_screen
787f152b7ce8c56b06567e098aeab858,statement
a49c6dbe367a1d2a52b0e68190618b10,main_screen
4f81e2398ee753d6a21670b10df77a3e,credit_info
234fae63870ec51ae62147a802cce334,credit_info
0c75441dbf4915a3eedac0e850af3c7b,credit_info
9a62d34a13bab2a2e159bdddbaa05e0e,main_screen
ebc4969f5b4af3082e509fdaee312742,main_screen
21750dbccf1f7b283a620753d6bfe9e0,phone_money_transfer
15c268a8ea89f4ea7ebac7fd9d8b9381,mobile_recharge
3cca2a1ac425d525fe086c4170907f76,main_screen
ad98fbc2d9655a5b7e6729c5dce44737,main_screen
161f77073e3a568ca10b1c45be8f422a,main_screen
3026d8fe63799e61d1270f561d197ba6,main_screen
b534ce70ab5262fa94f3def7a2235a7d,statement
696b849f3d6930a2cd8cea631247aa02,phone_money_transfer
85861f4e74570a8559a004656f81f257,phone_money_transfer
a65402ba94433da2cd493f7dd57051f1,main_screen
ffd4ba4b67478aee27d670239ba6d45a,main_screen
e266604a5bdee6b5ab9e7f7c56a9c790,main_screen
eeba23a4c4b9823fc7d0a79fe41dd2a2,credit_info
78165c9fdecc0b066e5566dafc1006e8,credit_info
dc60b7861948c8cdee969cdd0fc40453,main_screen
ddee993d241dbfde89bb0321443fc604,phone_money_transfer
ccbb94eaa505948747d03349a2d24809,credit_info
e23a263f39c1f3635cb2c0d6bd2d8f27,statement
d2169ac0633b0f8f8e08cd98735e8fe7,statement
e54c23b59b7f295095c67efcd38052fb,credit_info
401a0150bca894fe9d85f041e3130fb8,own_transfer
6c7a6b0872591286003894c9fad5929c,statement
41502680c8816b45c28dd05c69773fd0,main_screen
b609ebf3bb945dd1a5c979a4755b7072,credit_info
86ed955f0f39f9f8bb47fea13563c448,card2card_transfer
39f723d364197e68883df0aab1050195,credit_info
083665579de7b5b98f4040bb718ce8d9,main_screen
6366e2b09c1de94aa4faa523b7345c11,main_screen
c945c75b9b8b457234533c0b7c6b75cd,phone_money_transfer
d53182fbf9c267072047f1dd7c882086,credit_info
51ab133702c3b6e2b5bc57c91a272e9a,main_screen
6280c13dd1389956736703a04967f577,phone_money_transfer
6528effccb5bc698c9e648d5e695ef87,main_screen
0ddec9ff6bf85da035c0ed5da0360446,credit_info
3237fbdf4708660ed8e15c64c85a0a85,main_screen
cb61799291f517a6088b67f77ff6305f,main_screen
d76234c10bbdefbd4e623cdaacb809d1,main_screen
9e7a320e5bc2efa9740cd68c0143d3a0,card2card_transfer
490e6ef2268d92cbfc3f376403029eb3,main_screen
acd5dc846438e55da97dfba48a8407f6,mobile_recharge
b4cd4b8069da224fafc2758553d6c9b9,card2card_transfer
d291e9d2bcdb05f24d3e3fc073c32cd6,mobile_recharge
3568fad5183a870f285b85fb13c2224a,card2card_transfer
940e3faa6941d092caec277d29eb5c2a,main_screen
f5dca1b7e523c01268f3d4d2d6ebcd69,main_screen
1ec5fa86dc05d13d1ce6ba234e73eefc,card_recharge
20803bb1decf55e3a79d5829651741c8,credit_info
a6adbc861432de1f05c2400cc42737ce,own_transfer
4713c5cf7e74bf41882dfa567f349195,main_screen
b9358a33931748fdff4bbda8d80dfde7,credit_info
35e02a93a91e603f76a2a48dde392dee,mobile_recharge
c8da478f0c50c3f14559004d048d1e7a,chat
73a705cc6d0ae9fe1d35dbcd9400a30d,main_screen
4b9d13b07d0082946a3d5d9c218d6604,phone_money_transfer
16348663c72c597249a8e15bdbf528e5,main_screen
876b62e8e0ed2e6c8ddba4eadd42cb77,main_screen
2536166ac48ee7126b976ca2f7bf179a,main_screen
69a23e5e878a06888cb8576da17fa4e5,own_transfer
94b63c36db422b41a67ff4a007a16e12,main_screen
c0a0b3802bfcaaa7c7893aba3dd2bcc9,main_screen
18dd91fe281d3356492a28872b624941,main_screen
871e4b7bf493354f85e6ee21ad375be7,chat
e153cce05d80bd10cf9e064a1412966c,chat
3b9c71435a8238eab44bbf990c8120ce,main_screen
d4bbaa11a85ee56bd549dc44ed380ab6,invest
f96a089513c42da6db7b882ddd0e213d,main_screen
0b339b412b49a14567c5cc81798a3e4b,main_screen
2d85da84af9cf137d3a12f72c4dab2e2,main_screen
6081b1bfcb4a97c3dc1012c9712eca08,main_screen
3ca3421e2c5505c5d1bf87aa8c00e060,statement
81a6914552af3f33df8d429e109c539c,main_screen
7cd74bacff4b84e808a395860886196e,statement
eb3eec79464964060337776286db066c,main_screen
d2ab0105351757a05ceaf423428c2021,main_screen
420778b1054b9f1fa4e72377483aef4e,credit_info
a90c1c269077b742771dcdbe7f730d18,statement
bc5ae2bf3a28967d9eea570b69d9584b,credit_info
846065eaf9a9531dc04c7a901fe66ddf,main_screen
32ffa4b3c311cbe3ce6f4bfcb83104c1,main_screen
b2946419f3aa2677bb228af69bdc5128,credit_info
96a957f556891111223bc1def97a9ac1,statement
909a13ec106e858b2e3737d1b4a7b907,main_screen
26a77397ddc4cd3ed50912ac012324d2,phone_money_transfer
ddd36b4605665117662831ee0354bf12,main_screen
ee0e41ca5b9165efba6656b20290878b,main_screen
39bf0d7a8388526afba4306ebcc956dc,main_screen
7a055926ccab220d02654c4e14c6b294,main_screen
43f7271e01bea130c241d2df39990a80,mobile_recharge
734cecb967d646090fb90143c6186de9,statement
42f479fee503ce5bb072f2f7384a37e0,main_screen
e8e389e141491edefc4cc409d2b5344c,mobile_recharge
081039da3594770dcad4f951d5b1fd15,main_screen
a03bbbe9b6a4e40f9b65744cc11b79ba,chat
339bad9c7e234c9d0c79e228e14b0c19,card_recharge
082819528821280b268b6df97d4293b1,statement
919b5f80e4b8b2ba94e8c89b0e6fba99,main_screen
fc04a6836e52d602d5ce9eabc1614c38,chat
4b9ea8d354acf63c7513a193a5b94f3b,main_screen
11f01c53ec8d7be38b1b1ab7d6b27064,main_screen
ca0cbad9831a53b8e8753db1e3476ea5,main_screen
5bf37f536d237ecc3056a6908c94df69,main_screen
88fbce9eb71d43eca608f774aff04dbb,main_screen
f30df64084088dbfeb1c2a8f7081268f,statement
49380f00ed393bb0999b45830799002c,main_screen
1fc13c98271e729da1e2f02e23a503c5,main_screen
a46b6c50bab24916aff5b0593e9ebda4,main_screen
5ec13c736f27918e9b3116bc5044505a,statement
c4f8eb5ad5aaee1f7acf2573d93b3c8c,main_screen
c4acaca7e72742649a3226c85cce27cf,main_screen
896351d383949b4c36638a9668bda49b,card2card_transfer
f7e6dae7dc32b69c30aec6a732c2e802,main_screen
c5607c7cfcd54de0d18fc62887631e0f,invest
b750c4b2c823c9de378266e02620a729,credit_info
9bd3c44dc1fb1e4eda6b54496d701f3a,main_screen
f284a27926b398086fbae67daa6a40fa,invest
02e441bfba38160a731bf7217f6f4f22,main_screen
d15b6521e22e6e9714ba0649fa2fd1d8,mobile_recharge
3d0762d29aae26b24e9efda5e86ce68f,card2card_transfer
db40e68456f7c89dc442a1950d1f70dc,statement
6b46b6690a9cee4bbef1a3a6e2ede25e,statement
30a82e12602bf833ba908a468394703d,main_screen
cdbe2c8d5310cbc48f867f0d73d990fd,card2card_transfer
568ee3dcc5388f09f49940db10229f69,credit_info
b3bd1436386ba33b5d625dcbaf5fdbea,main_screen
3f141b68bb70a890ad55a65bc619e269,main_screen
1316469da2d930cd35e5e666e949b688,main_screen
5137dbedfa976d18fb45ba9399352d4c,credit_info
6ae30f3454d22c24c2fd6358a51ec672,credit_info
600e27575857268e3208d02e05044226,main_screen
99a0422032accdb6b5d0c71933750f42,chat
b7ef7380e87c532db482158f2cbd53c8,card_recharge
30a9be52f6fc3a7b86ab3d4230c16a8e,statement
8366b5f5a990d2ececac129149f79e6d,main_screen
6c157b3ba72fce64c1abab1677741940,main_screen
f5066ee8549843c69dd1396b1214e270,credit_info
75be0610b23ed47e853751f74b0354d9,main_screen
3d20a20f73649156668fe12377a6ebf3,main_screen
723ed69eacc789701e0619d496ce69c7,main_screen
be7b162f67585590517d5e6cfefbbb4e,main_screen
39189a33bd224ca81d9f1e700986369a,card_recharge
51d8c788b54334bae7e5ad40811c3f6d,card_recharge
498e0fc918a115a59648dd9a584fabf8,credit_info
6eba542f8cdb141073224fb67a98c0e5,mobile_recharge
8ab2313c83055a2a4189e1d1684e939a,main_screen
3c3670b3155b5aa30aec74e2cb9856a2,main_screen
c683ba238d8b0c251659f9d06076f515,main_screen
a7e1e16c465a88b68e08336b13b23fc8,main_screen
6314e951531d6e1a56a18b4e64403d1f,main_screen
c2cc9d87b2b5098e2660718e34d1534f,main_screen
861a6766957769f25c9c63f4a8c18423,mobile_recharge
9a93e805dbdf4bf52214451a2ca29f7b,main_screen
339fa3a50c9af32d8fbcf1c899079ab6,main_screen
4ffd7dc6c12f37a57c23609b149beb23,credit_info
38df53d7ab106a78ca170fd8ea6b9eeb,credit_info
d6df6f06c3bb81bb8f1ed73e102bd4f5,main_screen
5c4aef6af3d132db8e8310433a49bbdb,main_screen
541513161d4f81b300d8f1022e388b1d,phone_money_transfer
b5fc7fa4a3e23171d41da0d7d6a80ef7,card_recharge
87538349dbf417057bff7c4120c70de5,main_screen
2a2ac060ecd3e4ed77b2ec526793116c,main_screen
1a2e0d65fae7e874c0199355d30eb33b,credit_info
a905a8229a3fc0807dcc6618b960e5bb,card_recharge
f0dfdbf5d3b757ddc74594b0ba178cca,main_screen
1a9c53cfeaca77e608348b889800d52e,main_screen
44b0e00dffdde6555f5bfbd482b87daa,phone_money_transfer
b73a1b99eb5245e65767caf71c8bdbd2,main_screen
ea76d268a8fe37261561a42e6b2c9ab1,main_screen
f6085ab94ea7a7ccb0b53790af3fc345,main_screen
549cbd64391066c83a672451cdd2c01a,main_screen
b69534c4dcb5634783ae2b2aef731a14,main_screen
e10d4ce8934058e796d60936086424b0,credit_info
9b9f744ce18f4131f8f783e9e3cff36e,credit_info
c8b55b296e67b2d6489e6b9f5c94e8e3,main_screen
4381a295cf327d8f3cf93c590336c8d0,credit_info
f42ad05cb5e0b956d64e91295eb8ba8d,main_screen
24e75e96589b0ab68d9730fe532d12a5,main_screen
51941307a16dbf3b20bfa2ef93a83c60,main_screen
15402258d5e4cb5d18240f522094e84c,main_screen
3aa073c3c656f96ca6505822a0de5b63,main_screen
7270703214268301f9cb7bd572ad8c15,credit_info
3a3b42f5d8608785e6eefee53871996b,card_recharge
54fa422424ca88dbab7cfba0b0c371ec,main_screen
9f06f7ccc030b613e5b72db67ec4d791,main_screen
6c618dd467e2272a67173258547910b2,main_screen
52dd84796e860adfe0682f1d250947c4,main_screen
370121f3fc8da6e18e39a5d07dde1cea,main_screen
d54270d7527b6d4b527a23a13818d12f,statement
a1e46991662ff98cd875673ee9ab96d1,card_recharge
436958fef286de9a7e823ec03d8dd18b,main_screen
7fa9f3593fa68d3fc766abbea0055b83,main_screen
ea7cb7752688b2d595b2b4e93cdaf9e0,main_screen
cc23043ad6a0bc2b46aaf1b853934b7f,main_screen
e22e8f54435d290766b7a6cdb185e102,main_screen
c7187dc7be851bf06b015c4ee683f1df,main_screen
b4f7f69e9cad3308adc8a45a15e62b4e,statement
f5db27fdbbc842f3f59e9cb314569328,phone_money_transfer
3c02463fa39a610dbf3bae5a83b9a051,statement
902ef6e4fbb6e8ed83fb4616da66c664,phone_money_transfer
7ab146b091fa21d3e46aab474a19297c,invest
25d26c5b6aaf574a8c493e72990028eb,chat
43d3c4794dc3108e26af3d90b25ddac8,main_screen
e89cbf0c0de37f4406fa931a3bd03173,credit_info
ec4d974ac5104c3ab9a58f090d3be7e9,card_recharge
9faa651a6a7049a0fa224cc472a158ad,chat
49b769c3ac0b363f498784f5a8c72031,chat
d55c20e3a1f2550bd21d4f27439e964c,card_recharge
ea51d86309710aa2f28e63a72fe8edae,card2card_transfer
8451faae2b10230f1c3a5b83450e9049,statement
80b227093b4a412b9bef9c57d4c8b4ca,statement
d0ff6637db755c15b98c50f2f3a6e080,chat
e61c7f632d3659a89c93fd38b9dcf676,main_screen
61b5430a2f5fbec0860433a1fd71e8c0,mobile_recharge
e205a673ee0729d4b2fcabbb22c4beb1,credit_info
a306e9cd005502660bafcb06bffe6b7f,statement
ba87b0c3efc27e685bb35d7a0f99810c,main_screen
1c5aa81f6eaa27663b4b1aea36616944,main_screen
90aad888558a44c1e0009c903a970726,chat
a1df0b89b364c7b88ccbfda7d57fc6f2,mobile_recharge
93b4685bdb2c4de1e17b022efb3f545f,main_screen
0a5c7a662b25c908a9a6ad1c5c83b8c5,credit_info
dec7cfbcd5a37f7b5cd3760618793820,card2card_transfer
c6a0a9441b3d8128cccd265b084269ee,card_recharge
a5a1d6abb720532f47f066a89622dd8a,credit_info
4840a484da19c506b7a693147e2db3d9,statement
95936356cbccacf251fbd37b8d2c9ea0,main_screen
88b88a4c1dccae7a68861bad06f5c295,phone_money_transfer
8d66a2e9d3f1d06ebfbc3bc88bb30d00,main_screen
df26eab72b5315876b1301d79baafc66,main_screen
667612f579e674a1dcc39c74e6976a5f,main_screen
d76bca66a48f0a96818607189479276a,main_screen
78cb8e7a1982a2fcbb033a314c76559b,main_screen
e7ea8e988ebfdd3e7448fe9583e1e698,main_screen
26d6118d6f75f1ccee9be6486332a0f6,credit_info
a1b3f70f32b7d7c7eb7b6d782adb5bf3,credit_info
78b5f463c330214ef08c11bc2af4a4af,main_screen
a53c438770ae75a58edb342c479c97f7,statement
45458dcf6d5e922514d197f4f54544bf,main_screen
d70a570f83347ebf8c5c78939ed3c083,credit_info
3ad3fff0bd5223846ec827e9ce09eb99,main_screen
4b373400d953a7556a3ce19dbfb98381,main_screen
8f41ea27e1b6632547537dbaf8a7cc49,main_screen
64ce66f4d3d02c788ea61a14f05638b6,main_screen
b6e343a41aab5d07f77b66ba5820e3d5,credit_info
71fdf8495eb83d3e85a66c647f3715b5,statement
7a78321f9deb9b08210b6d0d8c99ce6d,main_screen
da83cd143e194084018b3de8deb0e520,statement
ff24d4fb69e3800a2d5ab0aa7bc67d38,main_screen
2290760c813edf8c1602629e4d9ac1fd,main_screen
6a88798bca56f8e45ebe82c0d70c1a7b,main_screen
68e51dace47ce907bcb89d1760adc563,credit_info
331a0051a1afe599d86c4ba17a75f02b,credit_info
c6f17636bc467d297dc8bf76372fbf73,main_screen
b3ccd489daef4904b7bc170ff6d35500,main_screen
e7e6c09d796922b39ef09bcb6b4bdb90,main_screen
14d96be9df243b8ca3014c11e0916038,main_screen
530f33f60f713bd39a45057cbefbdbe5,mobile_recharge
455efc683fb10dace7e49e145ed09e97,credit_info
7812309ad0ed30231f138e82ba17dde6,main_screen
d38694ddf504c61d64d4d1bf09799f06,main_screen
16dbaca7c208388db28abf77647c247e,main_screen
70120007f39cee4c722ff8ec33dd8ece,main_screen
ad26a905863d427badefb76141ee636e,credit_info
bc8036e462e60a0c148eda11fe645c4d,statement
ed78ce0f2f0994918cf552396755d751,main_screen
a86c5121ab4fae5de893bdc570e9fd3f,main_screen
f27f204177a70b4efc2f8577c5b903bb,phone_money_transfer
3abf9b6e0e463f5257fd97d13f0d4733,credit_info
60f03beda70e68b4f4aca8e153b03ca5,main_screen
4f790097bf1a682537b77965595993f4,statement
194b1cc7e2454af453c9d232f46edec5,main_screen
dbd9cfdbf201426357fc1867d7525bd0,main_screen
a69bb3817602cf2e5bc1bda9816c9a89,main_screen
d3017dc7194054ac0fb33dbc59237137,main_screen
1fa2bcc366662dc8a4fdf17775911d8e,main_screen
189b8e3ffa2a3ad63f14bb6ab4ec85d6,main_screen
01f8cfe4a2e45b6780990ab4ee3aae03,credit_info
7e01f0b4cf8de5a97bc5de18f7353dbc,credit_info
b5333ca48906ac97bc5610c82b6cee91,main_screen
8d3dacd40d85ed8a7bcbc7da668dda17,main_screen
731e216d0d7403fad67210ad2d8a965b,main_screen
8d806914f1b3bf4543b1176d7df9dcba,credit_info
d77d72407d15c3f26a83bece31e9ba54,credit_info
60925483709cc3ed8a703789ce00f173,main_screen
619f8c237ed9fff8cbb28099b0ab0b29,main_screen
c0b555f02a6958adf3ac5b325d9dbc7e,main_screen
6ce963cd5414d13e4c231da6f0359c34,main_screen
f8f24053d50a4a49502717476e5d1bce,credit_info
68d3ec7933909e3c534e8406025cd4af,credit_info
9a3c1f7f6db111fc6f23e5f63937860e,card_recharge
e17ea86682342fc7bcc3736245f995ea,main_screen
7f6974e3bea84395be1c7a9ce2527dd1,credit_info
a3015302ef1a7cf754cf53b2c2142f90,credit_info
a65c7b50fdd6526c051ced3aec3cd865,main_screen
2a7ea2b21554e26edef1a4e993ada4c6,main_screen
b09a532c3704fb530a1aee8a360627c9,main_screen
c4a982ca97c5700c23bfff8d057b5edd,own_transfer
23dae707c186646114f380e08502cd47,statement
4193b709534134e848e8dd017ce16bba,statement
38343eb2d02e78a06ce2608cc0a669e2,card_recharge
77509e86a70d781909a89d6c2971395a,credit_info
962e30d937518f95f7838de8b9d2a79a,main_screen
bd6e2bca9a08289a4e5839af6b2964dc,main_screen
a6cafffd40e72f68f748dc8b653ab5ba,statement
175691a86c33d93817aade03c8287db8,main_screen
78be93d53815b8c2f747002a9f7c5cca,main_screen
e4160186d80f5eaca7b965eb5dbd4dab,main_screen
f1c3ae73573cd0d1fbc57c07543e3e96,main_screen
a5f07bd1e47fe571159179b8aa97b3d8,statement
5c5d8c8cf06548f9698fcaefbf4e3ff6,statement
a730448a19c22b21dd588da8774ef624,card_recharge
08bc39097d8eee2f9eead81f51284503,main_screen
40296a7c9323ad037395646ccc1b5a15,main_screen
9668f5bac6f4569d91db3c9221fc5238,mobile_recharge
51a619d691ff2221ce7f005f4c523c63,own_transfer
47e41276e17ca40ec698ce4b9ec94363,main_screen
1b2740a636da3ff73bd86a33ab1cd388,statement
dd860d6b87c261a5287c837371539552,main_screen
01973c036ebaa57056de1b18b529cc5f,main_screen
2a72b5daa9c3c75f056fd67dfc33bba5,main_screen
1f6051242286405b6f87a60c09dda51d,card_recharge
f142537062007da7e0a074f7ab26fb49,phone_money_transfer
656fcda122073e0eb8ca7a1c0cb794f0,main_screen
5736a2073d5c1eb84da0eda388c04fbb,main_screen
afe2fe22ac593187f5b8c113b54debde,credit_info
2d69599d0880b0b6e4124d5aa3b5b127,main_screen
414db4a215229873a34ac549f932c0a7,statement
61ccdda366c94e66e44cd537c47a11e2,main_screen
027111994de2320c8f135cdd2458ddd9,statement
e2b292a32fe4863f835dd1b6adecc842,main_screen
d3ec9b48cbb75218e680e48f18ffa33e,chat
2911364116ebc3638e523df22fc6aac1,main_screen
d69bf0755f1d65ece0075e2a43639afc,main_screen
29bdbfc924d4bc9fd480acde28a553ef,main_screen
b8c17f4066c2512f234e944eb4593565,main_screen
16504c239f6aba748373044bc51006fe,main_screen
ac226a4d7049dd61f2df11c0a3f76e4f,credit_info
46a453cf031070da9339074ac168272e,credit_info
5365012eb1093899e344b17ac11165bb,main_screen
fd94c68394153b3f20505ea0a49502ac,statement
721e454483aab9d268bbef980bb318fc,main_screen
7af29e04ac18decfbd9c373d35615ae5,main_screen
3ba528ed384eda648b20b4abdf7d5585,statement
205039d0b4735b006df5b8a449b5bcf6,main_screen
644c51655f3529447e3af7fc1dcb0e3e,own_transfer
70e07276f305d697175ca3e94ec363d3,card2card_transfer
1547e2be692e8a80161656610b11cc99,main_screen
f10e960318b488ab18b4d6a798fc9e47,credit_info
adb2092003b593aba3a6282c5d820a21,credit_info
64eb976c606853756ca4674915c463d5,main_screen
5530bd492580f8ebcf5ab7a92574d271,mobile_recharge
8fb5b1c2149ce9212badb0f2676ebd99,main_screen
549f0d546e8116df915609e3756c69b2,phone_money_transfer
099cbf261e5384333a01e3f2e9a67f70,main_screen
63c3c8b6f0b566cf54bcf45dd5eccdbe,statement
cd6e79c3c177774ec599cec0b5050ca0,main_screen
4e5d3db2f282bb91532fff78587bde6c,main_screen
54a908b3bbf052a8f925e7151f9911fb,chat
336444afad5b742f80ca34eb8aa4cd1a,main_screen
9754733fedbe9b7eca42d5326f4e6e68,statement
e3d590b175f37bb9d3451fd0d7c5ebac,chat
44346cf23b9440d69872ec910afa213a,main_screen
7501d055d6c67374e696d659de87cfb5,main_screen
4858bc1dd2e9e791b999937ddbfdeb6b,credit_info
3dce1786491aed96fd99018a4e79ae2a,main_screen
604aea551155904b94151a69ae54875f,main_screen
877abba145726e08bf197da2f5386186,main_screen
c0fa28d0394c6275706e121fc5bc7673,main_screen
f4d0f618be4a33ff08c303d6cc926fcc,main_screen
127769f8d73a33c83055525c8602f6f4,credit_info
d6e7d201e31b3a89f057920f6f50b6b1,main_screen
f3440594adb523c38f5cb38fa7b2358f,main_screen
427f1d88124d1788b9a013e15bb4d441,main_screen
084aa95aee5f002eabb67779e3b0e4f6,main_screen
fb0f963432bd70d2d8828da8894fb040,statement
ddf608a55120d78f2b588b0f7167f4e2,credit_info
1095e844547c6ab7b73c351b77898cfa,main_screen
c80c494e0e9f7922af9bfa66baf83465,main_screen
5e15ab287e532ef96260965f80bb28d9,main_screen
c0f57e6fc802c97b61dae78fb555ae47,main_screen
c2fc938b73c2b88c651376684bbaa137,statement
cc7e5d8ee57844197fd7378697ee5abe,main_screen
eeeab56371ed677be1ab5b721a811eac,own_transfer
ac26bba2173c220e3c5ff358611f6b49,own_transfer
c6016f6570cad7e89582fdd882496994,main_screen
b9ad50c4b5659b6f1673f1812ac5c164,credit_info
bced0c0fe4e92152c3a71e3c546df78d,main_screen
48380a40ed92566899f6a2693205a64b,main_screen
4f96a283fbca037e2287219a73e2bc39,main_screen
262a24fac05bf3b1bb892b77266204b9,main_screen
9f0b7c3aa680fb98fbfb9a1d759bef22,phone_money_transfer
ee8250a15fdf761172d32bcb3ab545f9,main_screen
2612e3c115db5028caf70d660db20e93,credit_info
5c2080eb28da7ec0c69efcc3cb6c8484,main_screen
fb64b6a748c15c7a3aef8da64800f189,main_screen
c1022baec09e1b91f4c74137f8a2a08f,mobile_recharge
d052c000470bf4f192e94d3d8836a9d8,statement
02e785f552ae5b99b2602af81ece52b4,card_recharge
7d183852d85782c880c33fc7821adcfa,main_screen
4e21b82a0143285ee66092190e813df1,credit_info
e0d37ae96c75c78d99e62beb14e33c39,credit_info
f594810f314393c7ed4862b266a19901,main_screen
300ef9ebd3ea670b803980ca2728f75c,mobile_recharge
d6eefc7da23149faad46ff1d1f3c4cb6,statement
21cd5e02f0e139112d5accd437ee6090,main_screen
5d90e9e31cd8cdadd6116263ad4131c2,main_screen
738f7f2a7a639daabc89d481d58832eb,credit_info
c6ae2de9361373cdc16d55b4564da5af,statement
bf278f0886de0a5179698f1e2641bdbc,phone_money_transfer
6098aa34105aa2a5ce02caf303d3ad12,main_screen
f6f93ef7c142d41f3a0ed03f3e32049b,phone_money_transfer
4cd23be5944516de81ccaaccc9e3c7bd,statement
edfcc26285695d19c029a9599487e514,main_screen
91d85ffc41171a05e7efec9b78cac48b,card2card_transfer
1d73e12c37afa4cf49230c17eea64ef6,main_screen
3ab212102b03f40606d50ec94b660391,main_screen
7a1d5966cc0c622c21b4d14fdbf53c36,statement
ddc2041f56c0e8581084de0083f9c8b0,main_screen
a9c9c5a74ac0ed55463b1cd8be6dac5f,chat
160aa89ec3473cc59b10cc6a008c2adc,credit_info
c8a6379a28eade5b037dd48c02cd912c,statement
e1b37b279ea605abc013800883d1d52b,main_screen
60595e07618b5b6e4802168f00b2445f,main_screen
20521847d970ccf0fc4e20f66d91e98f,statement
a1cfb63ce6ef15127fd9cda540a1f2ee,main_screen
4105d8f5499b9fed85d1201084c953f6,main_screen
04ab189c891a9f0a9bb1dd203c2abf5f,main_screen
fc4701b8611abc80e2964cf1bf3bd286,main_screen
7034b32d196546a8065768328394b112,main_screen
f14de0100fad1665fe7156d006e87d3d,main_screen
38b2bb55c629e148a13693cb1094e3ab,main_screen
88ab282be33e5f0ec9bb31caae40ba97,card2card_transfer
e3dbc6ba15d1717bb8618e679c08f300,main_screen
ea261b5952e0154632d6407b0f2a5f9f,main_screen
455c0e100103743e67b283247c159661,chat
b9d71d033ddba08969b52d69bbfeecd1,main_screen
2bd10c342311fbde290640c1c72b1ccf,credit_info
85863ac2a15e2641d01f7b9acf698aef,main_screen
0b81a9638e53c75a34c5e5c8d2adbfe6,phone_money_transfer
7aa22cbf87fd044a1b07648962566595,statement
6bd74ef4a37f8246dcd6fe92626a0699,main_screen
6c01224047981bcb657b5e5d0fbcec2d,credit_info
3cea91b16fe1d6364fc52f171c684721,main_screen
248029ed5fe52b6dd8c1d61f58142675,main_screen
f2b8e4110c96c30a92f8e33d21f3776b,chat
8207d8ad1d3b2e92290fc155cf9725cf,main_screen
4e2f7b36e5e81dc5b299a049fe6a50a6,main_screen
0e8bd73658caa7229bc5914a4ba97fa9,statement
4ac86ac94b6338df62eac49543195ef4,main_screen
f58990e3e4e56b79020e2647b1741977,credit_info
6327ebb1a064f3e158edd2e6b0fea7d8,main_screen
57779514d0e4c6ac260c0459fe0a5361,main_screen
dd3fd90b9b25ed8ecd07a4657a7b4cc7,card_recharge
66bed3d42077869a2a20916673eddea2,main_screen
48750a6af8f06fbde729c3082d431282,main_screen
2a132b01b1ec6f2cffa46f0c6cdfc791,main_screen
ef758f6a9b24752141b4daf6367a1477,statement
fdc4ba6510520928a0be40ec08f61cbc,main_screen
570b2a2d45db50fec2976af314015524,credit_info
c7275c24649f511eded1e261574306c7,card_recharge
392a5ba39435aef3a01c04c5f9bced21,main_screen
e85c8679a8608eb7ece6bd16a714e044,main_screen
a71e7e3a54f8aec246496652aed68e45,card_recharge
aede8c8472d7e95c879741539ef6b887,statement
6dcf76f2bbf8b4c9001de145689d1d5e,main_screen
ad477fa6e053697f311524016bc37a8f,main_screen
c74a0714264f92672abfb93f15ab8102,main_screen
a0fa7c0f00153e9a55ba8bbbab32f0a8,chat
5d7fbfef0c85976d13f823990dd09a12,main_screen
7644422676ea47621cdfea4d3e14c6cb,statement
103c4fac1317d5139f91bae536fe5877,statement
a8c3b9f1671a5100bd9b40fde31481e0,main_screen
298e680ab37f1c63dfba957afd9751dd,main_screen
b2ddd62d34bd61e44a6af4646d29a7d0,statement
82ce59b59693687569683febf68829a1,credit_info
cf905b5dcb7e26e62f06422e107bea85,chat
b8d49080a0bf06d16f1f035f7c4049f9,main_screen
0847d23501325fc56414d0b974721f65,main_screen
05d7fb1eac3d59a43ae6b310a5c72e35,main_screen
cab5fc1c0bcbe3ca3b2b5b3f490a9fc7,card2card_transfer
c535abc57da8ff08a186ef613a89a850,statement
d08629c0f67dbfb24d23014b69167113,chat
0a55cff0b4012ba72ab3aa3f7c8550af,statement
ecbff6c74c8afb7228e9a20b2c48639a,main_screen
0943640fa88c2faa240c8c10702b37e5,main_screen
ec3eac5bd88a28633df5270690848ebf,main_screen
33a2fb0ef13c015a64367f9f5bc36070,statement
7e28913c319edd4c31b48e242fc5554c,main_screen
c0c40f1d0547eba245b2b7144362ce11,main_screen
a0467674a599c0d1cabf44f2885af38b,card2card_transfer
7114523e801dbb398d6646d103dd6551,statement
06a9fbd063e1498ad3f531ce02655e43,credit_info
df1699f9af41ea92affe16066ad93c39,main_screen
746df6e0167cfcb8d420dd0e9af8a83c,main_screen
64b69766b8d17b8e58189ca94046c3a2,chat
513b2a8424d7975646aced85092a608d,main_screen
7acee28fc717de6182ad96550354026c,chat
362db398ed6d81dae032aaaed1072ef4,main_screen
ba8c0c235ead12301c8eeb3dafe10130,credit_info
1fa800b6996fb2c1fe944218d1cbd215,credit_info
32d24de73fd476d3750075ff5f77f9d1,main_screen
81c2a08ab41f17d024a9687f945d84b8,main_screen
9bc35826dd5a7b558651c7707c9a2cf6,main_screen
965127fa5eaaa6d9b086d3ddffd21f81,phone_money_transfer
22eef5401023d8364df89b2c5c43287b,main_screen
fef8263252bfd7e447a98ae5c47a19cb,main_screen
2bbe057da39e2cc95c66ef4c54be1f70,main_screen
45d0af2683c579fa1a06cc2121a54a9c,statement
2b1142b669090892c3bb17c735883d4c,phone_money_transfer
ea66afe9e21bfa194ee648308d35ecc6,statement
6858f75ecaf7ca3f838c3e008ccd4be7,phone_money_transfer
7b256773409e0672dc75d0e89397ec16,main_screen
fccc61b978538ea3f8d2f30d2b7929dc,main_screen
8a4542ba6e8e13be2262810a8b951bca,main_screen
012941678377317f30191283ded3da8c,main_screen
4881b091e98b08a03d08440fc490b380,credit_info
c9239dfeaeef5a4db113b8ee48f820e8,main_screen
d1da0fa21ffbc38554145a315189f731,own_transfer
ae20c20b767f21049f99238393896b6f,main_screen
ba83ab065353e7c9a2242a6ce7a02bcf,main_screen
3a68d785c948a6c38ea3c54ffd45d648,credit_info
88fb99abc03341d8ec2ea2db6b5a2d5f,credit_info
dfe2fa5c7dac08d64406e59d54f173e3,main_screen
74c836e7867b0c1b0df6189b3314d35f,main_screen
59e6843361169aae85be3a373bcd3782,statement
3eb6f61ddf90b18b5b4a460808db0ff3,main_screen
e28bf8cc48f869fc8a0f52940bfbf5e5,main_screen
d632f867a8bb7a28eefe7cda93b04eba,main_screen
df41056d4c8272f80d103eeb9ec530f2,main_screen
106759ef54e08d68f45c90acc6cb8633,phone_money_transfer
9315ecf2708eccf9e0010af5bae90b11,main_screen
8b787f34f555432c16d01d7e0e284538,credit_info
c6c83abe17bb4deeaa69b2e995178263,credit_info
14a757ee7e7f3edd16a8f727c12121a8,mobile_recharge
9795e473d02d3d0d0b7a23c2fc1f2b23,credit_info
febaaee181e6241541a9167ecba5226e,main_screen
0b3ba085a696f2e7964539850ffb5b7b,credit_info
161ed787c36e16d57fd687e058154c30,main_screen
2aca85973a2d9a2f503fcd39f1865790,card_recharge
33725c18d626f833ff40033780876221,statement
28ef76133a5a3ca298d27938398b72e5,main_screen
3ae87a222f22f5259c5ae792dd6e36bc,own_transfer
3292e8c0b0e6e371de9a57a2949414d0,main_screen
9f4ff0debf85a10f9a24b0bcf4496cc2,own_transfer
1b3bd2501959d6f55fca7b2f03f65d11,phone_money_transfer
a40d228cbf16d6550840c73d90f6cd78,main_screen
e901408919258755c6b6e57f692ff056,chat
6614422bbf4e4510bf09bf919ae430df,main_screen
ae4ed06f854f844201dc4272353b6c60,main_screen
a7b5370a7f61e26c98554a0f6f2de2bc,own_transfer
05cb457173c8815a81249e224b5a5668,main_screen
f787845d23fce389ac3f2135ac3cde7d,chat
96c48cea6cce512125a08d08d4c0fa5c,main_screen
6d8d70b4baa3991f9abd66ae2e3095d7,main_screen
0a202d1eb08f5dd32ce95923a4b4b07d,main_screen
3462ce7b8e4554b54e64132396fdaddd,credit_info
75839c19bd362923fe790deb07a3b586,main_screen
b57dc777aadca19a01b3dcb2b4e8a2f8,main_screen
d3c6db9a7f533b47e5969e56cb4c1a7a,credit_info
b709717c79cfb92733ce51d7752a872d,chat
5d6a40ac2de4f5f61908a5e9a18fa6c7,main_screen
88c4b8ac0d2b5583cd1831c7f52d8a94,credit_info
36af871f07cc8df32527f9d9c5d12f44,credit_info
2ae02f3ffdafac3994a39e26be1addb5,main_screen
97eb0d287635a0a37d012d8f29f99dde,main_screen
352c9bd6a8ebfe06e8d89784fc188d3f,main_screen
9c1dcb8805e6f6d2887bdc4e51feb41f,main_screen
cba7233ede98c5e2d73f6b0670c52e8a,statement
9a97c105d745b53e134991df98c5d695,own_transfer
0086b9750f4904fab3fff4acb97b2481,main_screen
c9a0f8bd33b9d3b49a67fc6a685155b1,phone_money_transfer
70933ea342fc0957a6c70fa4f4e0d3a3,chat
a14eec118d089c9a89e430055f8ee241,phone_money_transfer
bfb80d021cbf7dad307aaa2b6eaf8e44,main_screen
36e740e66b8a2add484058abfe18def1,statement
939733fe0ea436da2de5c252d15dbc23,card_recharge
f81d6d0aa7bd05571ceaef2f125e65aa,main_screen
b61c5eb714cdd71b9c9a8e70d75cb2d2,mobile_recharge
4cc2651e692c31254f1e18173ec1fad5,main_screen
95191116a6e206c17f11ae0116034627,main_screen
522c1722f1297aa96e4b865303430804,main_screen
e2a0377c747f05c0a39d833062e769c0,main_screen
7ad3514ccd4829a0e1b29f34e356653c,main_screen
5935ad1ebc5485cd64ffb521edebe54a,card2card_transfer
bd814f50d19d7c70faac1e757b1ed844,main_screen
e52d53f859bee6d3c95d758eefd8d32c,mobile_recharge
232635c5d0456a81485186b4ae66d6d4,card2card_transfer
b3f48ba843fb9d205f0315a2be92e53b,main_screen
ddef831756add47cc8b742f40744c031,main_screen
399aa64a78820717e46f0ece2b48764b,credit_info
2f73773489e1a24bbd6341e01919de31,main_screen
fb7394544cc709feca459fddf5c4aacc,main_screen
a8e36308faf5fe2257857d458c3e7934,phone_money_transfer
0ff74d793a193db9acd70b24a8b3bfc1,statement
3f05f1d506be97bb34aab8493a21ad6a,credit_info
39c885547a0c0e9681deb49bf35ed1ba,card2card_transfer
fafcb94b2fe1adefeb76d1b4ee3580e9,main_screen
9670b3c7408f459ed09ddb521879a33a,mobile_recharge
d665edfbfad50b63bab5f6a9f2e86bd7,chat
03bb5271d3c07383709f1beb9f87c15d,main_screen
773144b2eda31f7d6c4349dd58d495d6,statement
f5362b56c56f3c03ad441efa3b761e07,statement
79e59e4b01ea321c35f74ead7b9686e5,main_screen
034698c67d406a1847c0304070574934,main_screen
03740693c5c1bb5e59de3254ae22f2a8,chat
5d24c37128cb95cca086e095eddcb22d,own_transfer
62bd098177e47114b03578a02543ec62,statement
0cc8286abc3a1e576bd8b2c7154547e9,main_screen
0ab8f9f25221f524f2ab80633ebd232c,main_screen
9b4cf4df6b1d7f06dc7e6d6cb4a87602,main_screen
df020ffbf217b5eb3650b5105516167a,chat
7312f714c1f6656be510240003e895f9,main_screen
4bb54dcd935d6d73d8724a2871754dc8,main_screen
e49eda3e529ebfbbcf7b53a32ef488b2,card_recharge
5a51f9f1ca0c3142b36e3f8d1e5b648a,credit_info
e1f1d89d574973cec6362b3276153f56,main_screen
42113c9235e18ceabddb517e7815e79c,main_screen
23f33df67b14ab53bf273a11f74f9907,statement
5aa80b399efbf959b375fa8c897e1e1d,main_screen
6e0fbb954412f14ec6be935ebf3ef00c,statement
a1b775da8717cf29b63eceb3e9722a80,main_screen
a917538d7c6fb23d7e69f0ce58f0e082,main_screen
a1b8dfe52bafbc1b71473abbd216b8f8,statement
58f0351f1af0c701ae5784580eee7b8d,main_screen
40582297285ff06edafb40eb68ce761f,main_screen
97ac322de88aa017d9f23203977b0677,phone_money_transfer
954d5d86f71388b86165486def0bb509,main_screen
e192dfb254c83695b78734c4f56e7c20,main_screen
2ce25dfe81f22480c3e1d470b5e34c24,credit_info
4e71253ebeb07dd45293ed0e7ba571ce,chat
9a39f5432446b0a0353c3549bc7d0a20,statement
a51d97c06028be27b48e49c018496e0c,main_screen
11b3495d3944b540dcd24abb8884bb9d,credit_info
aa7645801868704cd04e87a4f7434277,own_transfer
1fdfd2067b53e93fcf0d19eea28b86cd,chat
b156f5be0fdc39271b6f19c2c3309a2a,main_screen
a76e33fce1f7fe49c09b95bd79e166a5,main_screen
e2cc87ed2d9bd424827944b38f1a06d8,main_screen
a42b63952e6aaf5a2854409d55e500b0,credit_info
57212b6c83148063533816f0ab30593b,own_transfer
34915b503ffaaf11da42b19cfacc4bb1,main_screen
3cbee21ff8a4c44e50a046e4ba307221,main_screen
fe77641ecdaadae6d03bfafe13e19240,invest
238beda4c794ebfce5d41bc1d513f1b6,statement
dd9eb5e856f4f462896ee8bf2db8475e,main_screen
7ea7535a20a09af67164c5b5206f24b9,card_recharge
33a71782afb612e3c15529f14fd1dfbb,own_transfer
f564fcbc5d212f38a5176db9bde56af7,main_screen
bac6fecac2c4ad61b91eac3ee0d8ed81,main_screen
0fda38db0958365bcfd0455121e75dbf,credit_info
bedaa5d619abbea584b5fed5c855f9de,statement
a8e62bacb58a900f4680be49f83e9d7b,credit_info
db41f0c4d44190804200389514557cab,credit_info
3a13d09859971c4e69ceb8860e3544f5,credit_info
300416c29e5b34d6f9663c1d70487648,main_screen
b950e54c1f7ab76f81164e515e1972d4,phone_money_transfer
5384190fab7e6e4f63260ad74809c20c,main_screen
0440519e8f77d02d91f4cec51ac5308a,main_screen
89d7fe46faa6a90ea2bc3eb6816289f4,main_screen
52084d20b09fcbd64c7dad498050bb19,credit_info
88b4b9cfab22513eba10a05df330d172,main_screen
1e32087d9c1e5b110475d56cc8d02c9c,main_screen
a91a874180eda09a6b5daf7a2076d662,main_screen
e00bc5604e16c23507e037e36b87aac4,main_screen
59fa7893985cfd52f5d30b0f45af6f1c,main_screen
6b9d5a79a5255c279fa0053b5c8db85d,chat
a05d12fb9079dccdf05048ad91e8dee5,main_screen
b9cac00ab253051e30a1482077522828,credit_info
2e3e717439531a38d70801a8c2678117,main_screen
a835c2037643e8d6c4758b097d4c5576,card2card_transfer
d3acd930852d51558acb8e89d0b6a75f,credit_info
d4f2457a6646e8cab2da8a9061e80222,main_screen
310ee1e4d55253d23c0cc499e12501e3,statement
9e94030f607bf7a7a6903ace54f85c7e,phone_money_transfer
30a1f601b491bec129b7d619d2526e1d,credit_info
2296801f29351defa9d4191767805b31,main_screen
0d4a0d5fef3a766774fe55ba8e831b6e,statement
a3eabbfaf14e75024bd587cf52ba82c7,main_screen
172f452944a80d0b249276d947792948,main_screen
917f33fdc4c146a51e3a661621aa623f,credit_info
5a1eb6977160f67a28b8186fd79d08b5,statement
58fa0588e51a91bdb46601a66237bd5a,main_screen
e229fbe7b1dc740cb2d1d164438ec352,main_screen
cd6005a1f3f45464023f9e73fd6dae68,credit_info
3c93384449fc4a74430ede12f7f46327,own_transfer
da352d42aa718dfd7e9314fb666f88e8,main_screen
8b16def297cd2ddc150337d8c82055ca,statement
08face1abd7aee90a6f75aedeafd76b6,credit_info
7d39d350ec3c1a4622f64aba9b7b2cba,credit_info
b8867af95c58907bc2ec4fe21ecb576f,main_screen
05069e0b8eb21bd7da8ffacb2b435245,main_screen
54f833e26be53150a0c4d1a4d483851d,statement
49a05f186d1a6a4340df281ca46dd62c,main_screen
b42c430ade93a2552f8cf9543453bed4,main_screen
7b467a17e5dbcda026847d3adabe3e75,main_screen
141acc11a6022782959bcbfc6838b355,main_screen
1766447d6b91e725ab2cff310d308d10,main_screen
ce2b6fc665e7912f1e3eebd2d5eeb16d,statement
100a6f2ad544cd118daabaaa08337b48,main_screen
c706e8de4b055a8231b5df21efc9153d,main_screen
fce403c29f543c6ca002e860ed070de4,main_screen
8db9bf1284f634ef7c0ab6ec66f06866,chat
38114125162ad42e55f434054ab18f9b,main_screen
7f1d3cf23843ce35bfec8081a4caebbd,card_recharge
8175a158b46c57179b1aebd13147775d,main_screen
28294bde382c2b7253bfd4de3d1aa47d,mobile_recharge
56cbe640af5d36d26b5a6fd820fdaa3b,phone_money_transfer
d0325b1c123d2635dde4a8536e78dc1e,main_screen
ca1f17157e571ff7f4a9feb05817a8b4,main_screen
05e0590a348aae897a3880ef8d0afa83,main_screen
39c6db71df544919d16ed4c42189cef6,main_screen
9c345585d09d6b0eb68960b0b66c7149,statement
f30e5978b9cfedea5ff0116885b5bd79,statement
3ac20a78edffc15923bcf35390836ecb,main_screen
9d59bd33243a7fd09230bc3b6b955d78,card_recharge
dd382819f6d57106b50c3cb9a2f6c706,statement
27e2ad2d24d44e8c873c4befb4d19db4,statement
9bbda03b3651fe04b61689cb0b8e1398,statement
929b96ae94e04e28cdcf8d75b4b2c3b9,main_screen
0aa5f0188b604f5fc61a2e5475238a58,main_screen
997b71dcedba9d16a1f7983d1cab74d8,own_transfer
47032f840e456024b0e82edbd6f69c83,main_screen
7156d55dd4e152de94dbd913da42e477,card_recharge
bca7aec161aedbfb8ceb9860448661b6,main_screen
eede6a92b707f9f739672ba3cfa8b517,credit_info
01f7f194f517d48a6b9c589787a6e103,card_recharge
17c12fd8931fc9fbbfe7cb84f56ce0c7,main_screen
a952b67eb0841e8faa74dc8b31e34c27,chat
f0a8e51be11aaaa2c80bebeac414f7fc,own_transfer
b2b3ae1a900117ef7eb4e26971e7796d,own_transfer
3aa51e148a1965697c659f4ad1e226bc,phone_money_transfer
5f6cfafd94ed491ad83abcf06cb4b88f,main_screen
8b24842dfb8e8ae8e190f32fc2f8d1a2,main_screen
a43047647e282ac65393fa2eddf4a3bb,mobile_recharge
f1dd000a2e36b44432c8cb68dc699459,statement
c39bb38adb2a0d0855b395ffa12066ac,main_screen
94d495db7b60538baba84c2e7589ca0b,own_transfer
bdbb9e1a200676feb3bc02478bfd86d9,main_screen
89db28987920605abe524066874f09c7,credit_info
7d69c9a5b914cc51807dcf891c1313b1,main_screen
097f3c88e4c106c2a3a1608f4ab39661,main_screen
8db243c059a60dd97532c2c3eb8c6ec2,main_screen
84c3edd5e8c3dab9c5b11518a9d3cb40,main_screen
9f1239a325c91c3a43bc81231114632a,main_screen
6832f26578d01fd2fca8ad405bfc9bf5,credit_info
91eb41a7e0fa76b4dda040aa24288c45,main_screen
7f226db10b3de824b7cd89c61506a666,main_screen
b15deadc917186d8d78860bef0103ef0,credit_info
8049bf6d47b69fd601f1c1ff215728e8,main_screen
2119c6cb8a7dd8bad1639341368371f9,chat
a641562297f61df03c1571aaef553269,phone_money_transfer
093a984332ae4dcd0c66b57a9dee7c30,card_recharge
1a6ed154b1809ac724cfdee4cc06102e,main_screen
ab40abf40ed377460de9776ea881c393,credit_info
0c5e17f98b9043fece2af93b83a4783a,statement
8e89f026e88efeebd562717667f68b09,credit_info
330160e9bd0218df7b69a4756ea05947,main_screen
9f517013d62efb6e463c54de32e618cf,main_screen
828c3d4d8649f27821c60467dbfaca71,main_screen
1818880b585ad41f38255bcf9108e2c0,credit_info
16190693af0c80874d719e7947b4e151,card_recharge
b5810a8c43f42e0e489deb756bf7f5e3,credit_info
97409e9fd98ebe1d0e36f637bf0a7d3b,main_screen
59bfdc22076f32da760cb039af97be53,main_screen
a967749a7e67754685b3b88159ece816,chat
4fea035be8f67265b53a4e9f82f0bad9,main_screen
87f86694c6a1c9476aa325e1dddf74bd,credit_info
9bbba2fd5353cb4df5c492a881fad4ae,main_screen
500c597e2f9fded388b4eef3a7dde516,main_screen
c7f7a893165b5ebb90831a5f87ee2152,main_screen
8c3c985fe85048b6860320a0cce0a5ce,main_screen
ef2e5b2d3e096d650e2bed7224f233e6,main_screen
613124811c8956f6b4a85f63d102879e,main_screen
96accd813a3afe5fb8b549931fe3dc8b,statement
9c9aec89e083969608f1fcead5ce5641,statement
f924fed7c94dca466314dfc73d4ca419,credit_info
3b570d60978eba79b7f8aff100b17406,main_screen
a27ac46bf408730b3b8ab478ec98dac0,phone_money_transfer
e5128a853d26a5cbe4de841d51c565af,phone_money_transfer
269162ce6eb8f54e0451eb44658fee8d,main_screen
7d30ab6e8b12891c36c2f70b5503b549,mobile_recharge
f0b7991b16f334c92c8e05678b475384,main_screen
616799b5a2ef58f621168c349358f620,main_screen
02e7216b6cd315c32077ac57b24e9cc5,main_screen
d8f55c7a64f85a8b0e15b9f687f803f7,main_screen
e38413097d958fcec438fcc93c77c5a0,card_recharge
3aaf779a838de620110940502456080b,card2card_transfer
35be5cc40fa8b92f99ad628fccca0ae4,main_screen
b3a2407aecf29e8194379684b922f582,main_screen
df685409f31c434098809d8bc222ebfa,mobile_recharge
6c8fd8feecb822e6d40537132f45ac9d,card_recharge
ad04051d06e52523925884937d6d4603,main_screen
6113c603a9f6aa8f000404b66f6314ab,credit_info
1105bc77a3d6513519b5cedcd1ea1e3c,main_screen
2d38465025b2ce3f01abc6deb9e2d96f,main_screen
3be7eb576c52ed08d5e27476c9fd6b42,statement
2bc2756a329b7964c94107d0de63ccf5,mobile_recharge
e0ebb4ed0d427bc25bcbcb4793e639b5,main_screen
ba5e67751487bb7470a2a683cbc51a69,main_screen
1994641c8672a0e573f7bdc4cd85fd90,main_screen
38f02e549f55f184886e0ad859b8ac77,credit_info
e65038d2fe58d0b55fd5e513c2ebf542,statement
ed29849d44b3cdf13fbffc7986144423,chat
12abb8e2e8532eac72a766081afedc1f,main_screen
da49822bf386972da9bc9771b0e8305c,main_screen
99ad7d8ad4ee787857757708670b81c8,main_screen
d13c76ddd1decd388de04c7d112d7e01,statement
2ccc0fc0ba4a9295a53bd8559b5d5bcd,statement
86076a94fc2ae23f678a22651f276e99,main_screen
1152241a9f9cb833b46d1698573fc1e4,main_screen
1535d7790bf08ea004df23b6319a7ecb,main_screen
a33f68deb964d8b77926fc03a9da32dc,phone_money_transfer
3ff4d85d3d8750e26f39910d5ea78b24,main_screen
93f01c0d005bb6dc38ca16d7019392e2,main_screen
192c3f156fee99dae2df72e28f6f6fee,main_screen
40dbc1362ead4bb64a82d97345f048fe,main_screen
7c12844db1374ce82ac546e2893fc15a,credit_info
4d027da8517fe081b6b0aa30462141f8,main_screen
19a8b80b3bd262217acfd9f995a03f93,statement
72b988e60673e727905a95ba4e25f730,main_screen
761319eba5e96ceec1ddd94e097a3dba,statement
0296ea8a2def2db4e4266349391832c1,own_transfer
d62852559f81e820fd6781ef0d638ba3,own_transfer
b93cb856bc0e8fad16bd40d7dcbe293c,main_screen
8a1bd246b2ce85cfd500c2007b80e479,card_recharge
c8e9deec6fa97e93ac6ed04a77f0b0e4,chat
5873a6cf354a3e7329c16cec3b84c887,main_screen
6b900fe81aea88e5aee4caeb6e91d705,main_screen
2761e432e9f2799796a5f23a1b4e5ece,main_screen
cbb51b44985bb926bf3765b7c4984a95,mobile_recharge
0d8ac8435dd81023cb4050d9fde1d23a,main_screen
011dd6f01041283fcb3f224adf2a0bb9,main_screen
f3758be02b6585b8c8683932c7ade475,main_screen
482093d3e9d60d3c313cfd3080827211,main_screen
17fca78bbc68a71a360614445d636d27,main_screen
0b25078482b5f431326e7b0840bfe08b,main_screen
48dc36b94c72cf1643b8a8d92bb08f57,main_screen
80bdc9d26900c3f159c60aea90caf2b4,invest
72ea51ba6406f643fd7ae7b4e6cddb03,main_screen
a8ba94872346c731a6f1b6a192ad37d4,invest
5603fa4f24c25367875e412fffa85175,main_screen
de21266a41742b20086201fa791334a5,statement
790400285246c6dc8edae932481910f2,card2card_transfer
0ba5065adf0b242a08b90376829e7fb2,credit_info
de9512029ff491eb60ca6c4175171977,main_screen
dda9a0d0871652d74e45113a434cd29c,phone_money_transfer
316e4bd37391417ee3ad973007de0561,main_screen
ef9781e4730d26e99ba0e54194bf3ddb,credit_info
77f628fb9c0cdd8a9062fd03ace9294a,main_screen
1ca9a0521e5ecc0a6ac57d5b483f8062,credit_info
5a141905897b00c14fa1fdd17e822cda,chat
1904b4b9a691f07add7de67b127fb748,statement
2565be35dd31389d0accf3924b2bb5f3,main_screen
e0f3b4e8f28bb35bd08e0e273f692e8c,statement
42accab500b12e9660f2fd36ad2aaf4c,main_screen
77bec5afadcc8d23ba603262b4f8b980,chat
9dc79fa6b1f67e5a9d0e9db5ee3c0188,main_screen
4b03ec97ec81f8aced8082908cbeb2f0,main_screen
2fb3b560987cd0ec89342ff568b86a9e,card2card_transfer
4825c2da7e8c715c1531a0971b6c5f47,statement
64d07f02bb68b8cc5623fabec6cff4b8,main_screen
81e0401785ea3b0de6796bf88d641e05,credit_info
8cdb734fe959425daeae3272b3ed10d4,chat
08e0f5cf92cca4ed3bf7ec62a04f9087,main_screen
d617e16da68524a2f4051d3243492e72,main_screen
455d0c7acd2eb91fad2610a9fe48f2b1,chat
102bedbe984ff806aaf10f02990c7b29,main_screen
29fa6377a1e6dbdf7a4d5647996086eb,main_screen
64a3cf820ef36924183f6e93dd88d665,own_transfer
21fa68ec7496125d0f23d74613b7630c,statement
9fc3cc7a62e8f4aa39b15610c37d8789,credit_info
e61d5ebae6bdeabccfbf5a7a57137bc6,credit_info
386934d3f3456b9525b818fd0026ff96,main_screen
ca1aba17d24f17f8b0fec4ba59059d69,credit_info
21dec316df8daaa1fbdd9623593e05f9,statement
35216da3b7468d3441fc32168e44d303,card2card_transfer
85adc0010b788b294db2e8a2cf105185,statement
a6d3b0e844959a19a1605b667b69b4d1,credit_info
e0dfd88cf5ab880fc2e1cbc6398af3e5,statement
d84cb9bf9ad1749801e3f7e52d8572ef,main_screen
ae35b216ef529a74b74fa7be6347fc07,statement
63f161795ef57f4f11f6e6bddb48d3f0,main_screen
b59d958107e150a0892e384249fccfd7,main_screen
c878f1a01c399b8cd69dc7f85855bb1d,credit_info
26d30363a2da4eb4dca81f44215b177a,main_screen
093dd463b0027b3fa77e03af84de8ec3,credit_info
9ee46eb663917535acb3c996dfdab164,main_screen
cf4bb0de4019c08be6dde9a6a6feb488,credit_info
9c2ebedf45369078cffbef9fb30df0da,chat
fed82a3c519f387e7d651aad21aa1546,main_screen
30451023d624ce0fc1be92b91db73a62,invest
b4e42fa9a8c96d7294c6f0ef0a012b2c,main_screen
1f48d5c6978f14185cb4bf69f93404a3,credit_info
39c264f3e7ce8f7a7c381c325492f9f4,statement
c1be370e245378aa5f72a7b66a3ce47d,statement
b945ee5d299350bcb55769b93a90f978,main_screen
69fc4142f2eb5be205771860f059891d,main_screen
2e82f42d7db96ed7447419bbac0b8b50,credit_info
33eb5f9c8d1af06d375399cfee90ee6f,own_transfer
abfd7b226c2cedf0c65da29d1811dccd,main_screen
d397d686b761c70f5ee28c8d91d77fdf,main_screen
834ee6a3249ecf97fd9f7ed1857debb8,phone_money_transfer
d768411402ec7d7ac96d924f6e157d63,main_screen
10b807dc168f3eaa3034eb8e3cd8cf47,invest
973d22a8eca9361f4b560ef009ba406c,card2card_transfer
a7cd19982530f5a80333a4b91878fc20,main_screen
6f4d2b614eb5f21f38aefe61ce333c45,statement
246c33679646ea2b15f857b526e5015f,statement
f55ab3723d1b7ef0cdece83341263883,main_screen
b034efe1ad14d5ab9df9ceaa8df73de1,statement
e266984dc8085ea905981482702a0eda,phone_money_transfer
af7711f9df433793a7f0c381daf31536,main_screen
14a618be6cfd10b912c6e2dc8fe97833,main_screen
df7aeb51fe8cfa0de8327e70b81a3cb1,main_screen
e970e7d77b6769a4217ced564b1890c9,main_screen
f8b0080b7e91c3ac1f540c685987aa60,statement
931e6981c1fedd72eb9a68223389d130,main_screen
387d7a8dd3a6a5e5392ab06188d6810f,main_screen
6465c9ed46a0d68bed7349b9b7101ddb,main_screen
0b6ce2aeaa7502621ff10bbff04122a0,credit_info
54539231761d4ff8d4b296aaa0a9aa38,credit_info
feffc4ab1874d5dcc660bb5869bdd484,statement
60be78a3a2d7686ca1d658acb54e873a,main_screen
b86d2319bbcd95cbb792de5e3fead4bd,main_screen
058c63a2e0ac9baa3395fe051366753a,main_screen
6039e16fc991d9063aea6ce2757a496f,credit_info
e16e94183c5b2f84a46855ef74ccf1f6,credit_info
915ad560f39da2be6e403cf0cc50e3c3,main_screen
144c3f85d0133927f974f8988ea0d5cc,invest
264f5b92fa1ae5f1440149aa8ea365ab,main_screen
81494fa8ac25c4564d47c9014f0a0621,phone_money_transfer
3aa32f8a51ad5ff561ce7dbee9ef2f4c,credit_info
8d88aa5307be2856d0fa4ea5530ee9d2,statement
d8b63927387afb411a78b68b3505585c,main_screen
9a40ac657764df5b74dcb2b8d480711d,credit_info
3d736c3a2bb472ae9c2f8898582bf20d,main_screen
a0b56bd9d11dbb367795f8d893a796f0,invest
f85d132d5680cfd36ecb68d24baef341,card2card_transfer
fc364e77d56919cc9b52737cd05ee171,main_screen
582e028596c1fa9e9dedd82bcf9b7ca8,own_transfer
3b554da618b3555c59c3062a23fa0f47,main_screen
f227276c7d6b1a31e2c4f7c816ad721d,main_screen
d8973d144bdf63473408c2d3aa551c4f,phone_money_transfer
37e5534dc92053298d196ae53c937a3f,statement
626a14f9491e6eb95a54814fec5a380d,main_screen
d7904e8306e8f8f56f9c9c431f01c1e1,phone_money_transfer
55ecf6c743eed49c6c3df64c2d4dba90,main_screen
0dd62936bf689004406b43ddb9f86408,phone_money_transfer
c51cef0d33959389f517d02e29b76ce1,main_screen
aaa226858c6f143dd6c27a20f0b72c00,card2card_transfer
f8a752a67bf4f9a8e9a53dcf8516a979,statement
f9e6b008a0bab1d81516743412004690,main_screen
0ed7ef179d2bd579955f8daa9b03f73a,statement
8fae33421e8f3697a031f911d00b7d24,statement
297f8be16e91f830c30628bd30b1bebf,main_screen
8fcc6305c1e520d1c773c22414d1dd2f,credit_info
d3d11d9b5c19e830693080f769986e12,statement
2d25cc135c7042a66e0726fde3764ef0,statement
fce1b40021a1b4923dd6677ca3ee6bb3,statement
584ef00717b3166564dd0469dbf3369e,statement
732aca39ddece80cb6d7222bad980a37,credit_info
fffe62aa2ba7ac131c25ef6bde9fdb2f,main_screen
719cdb3101f4e06067092b33675d63db,main_screen
652f88ad50e4080a5fff7fed6e0a1c6f,main_screen
8985ef03d45750da9ed90ba029586d7c,card_recharge
581779c25fee9a7f2839d20649566671,credit_info
684df85066a00d589f4ee2ce94e7f135,statement
0c5f903a8cf4b57745b08f4683dd2c6b,credit_info
ec3e82c00dbb0f75e1996c2f6b799bcc,main_screen
6136f2f777e9c20e457619c74d3386f6,main_screen
bb1304ce718990e1a58904bfc34d76a0,own_transfer
b6b0795a95cf50522bda9bf9234a4c41,statement
32cacd25fb538fbe89128838324050e4,main_screen
f1ddf0a50c5a345803db1dbfbba87bfc,mobile_recharge
c84ec5186b5f42e641f5b63a2e9a57f6,main_screen
c587d226617c684a4694c7c68aadb7f5,main_screen
94bcdaba8ba134eb295ae9d3751f35f6,statement
15bd1058e2acdaebd0832cdc86d419ec,main_screen
27d1e09402be6ed80ba0c5f2f954c291,main_screen
3917921b383014b638971908268c18de,main_screen
5ba65a37f9758e7169277a823d89d87b,phone_money_transfer
57f61a5a6f825d8154cd95a1792ca19d,main_screen
3d5cb697e4cc90841c329aa389ce1ab7,chat
9e1360df369c8efb3c01dfec61d3eb24,main_screen
4c0266217738e084fbcf11efe7583dbb,credit_info
ad34cddc2e17a3f99aeb278bea12ec8b,main_screen
3a3c12783e21483ebc8cd0285b62c742,main_screen
8d058cb49912a8abdb317ff64cc6f232,main_screen
06a46344ec9a6b1451642bcac7526d0a,main_screen
caf25c894bfa65daa8b3f41610ef49bc,credit_info
6bfdf866f1f6ed3230a05d035cc138d5,card_recharge
4a830c38b4f2716d3bb5404d92e7788b,main_screen
ce77af3d1fa0215f90036d9389298d82,statement
fa350e7df5df30ac2f3e2c0d6ec8d5bd,statement
49256f2c9363330cdd26b8a6069d85f0,main_screen
d3b59dc3158718a738742dccfc1fe83e,main_screen
e0dfc9d340793461c9f75471a3aa433d,main_screen
10b391fde24a1a4554135c82176416ff,own_transfer
fe653b0d43e71d8f8e0b8e28b6f4c84c,phone_money_transfer
ba078cda718e1ff5107a703218565bec,credit_info
c0135b90c5ca3299f9da8c3a0ce953fd,main_screen
538f50bd0912f5eb3558410ae16dd7c1,card2card_transfer
20125b26df3ce99fc69a0345684eb671,invest
38fda4097f10b450d4f4b3413f3e3399,main_screen
d9389b30c1da0e5d8c100bebac2d6bee,main_screen
5302d9b26afa5da477017bc2e4be14b9,card_recharge
d55affbed2f0b5e35b68f58f571cfec5,statement
c829ed18dbc65eb203e9ce73c92fa468,credit_info
3cb8187652efc44003e6463afd119f34,main_screen
516afee57e8a059efe0d0bc496fe4ef6,credit_info
7fe79a0c5e2ede3f6dbb12796cb87ff0,main_screen
633870a20e02a932f07f6b1e2abc5c77,statement
01d66189deb5c5b9affb46c77be68fbd,main_screen
aa41eb269fafc22854bceeee25ba7320,chat
929b2dcfb061d99bcfc29841eed8e20d,main_screen
079ed386d046fc5a0466ee71f24f951b,main_screen
c25706699924b54a1a2349c3f5c01473,credit_info
3fd44d8aea8abf7daa114f8db1b87272,main_screen
6a86b2ee27e304f7270582317754bcef,credit_info
4c1b6170fdef013ce84014a383da86ef,chat
9b4d4b74da0eae2711c70030e7d9fed1,main_screen
84a0b7d71ad856ef4ff9ab1ee1073638,credit_info
81c0af6f73e0393f13b4bb1eeb0e73ac,main_screen
3d0823f4bf1b23c5447efb8a473599f4,statement
2488ad9f5f9ef08406584377182377f9,chat
13de12819cb26efc404596efdb2825de,main_screen
c1897ae8b2824cdaaa5c8bf1bca4c310,main_screen
13033f5cadf35695d17ec22131c3beb6,main_screen
4b73cba09af4221278d1aae583453e64,main_screen
74f6e0b5ef370388220ad5f07bd964df,main_screen
9e0a941a6086411fad4e7d7b04fdb946,card_recharge
1f2ec12438caabcbd631e279dcc1e9a5,main_screen
59696c558b57e1a659d310628747bbd1,card2card_transfer
5c3bb465e74d3e6893daeff4f8f338d9,card_recharge
b3e364ec928df29684bae0da025e4611,credit_info
28fb676c21710a6c8b3e88cbc9f648fd,statement
0b7d43a6ab491cbbbe0bdd00e3370fcf,main_screen
bb6fe8931169993aa8048d2bd685d31f,credit_info
70e358742578710f25eb79cce82a70d0,own_transfer
694f5a48dfd4b1ea9c46dae6182581ed,own_transfer
b4ec12a24a9cec5cd439960ce5e98a9e,card2card_transfer
67c22d112665dca687f148b663de601e,main_screen
e3ce18e6ca7d3c755e4a1f1ba1207231,credit_info
93d98cd79b27dd5962b0c3749bd8afbc,own_transfer
f642086ec6c49f5e9bf75dc6a16c48f5,main_screen
9461328f1e3206d46dfb0e9f4b98e964,credit_info
e41d51e0e54d20410017252ae01f9759,chat
7e27eeeda79564f617b4bcc04e2a5524,credit_info
bac4b71b9851fae8d4781295dc3b8f9b,main_screen
a1cca535dcdcabc65b76622a82f1aaee,main_screen
a58e476fc203ddd284c7089829b91b0d,phone_money_transfer
aa157f27458181ab6fdb08523d86d535,main_screen
c73c574533063401fab8b7c7b9c9af8c,mobile_recharge
ab213ba5d9474c73062b228a8cf1a7be,statement
6d3ff9194b5b5cb229372f677c48deac,main_screen
328ef172e77197f9f4640250f31b6940,main_screen
376c6dd7b5ef26aab76b1e3f9c9e7a73,card_recharge
bc33989a7f9bbe2811d7bdca5912b03d,main_screen
3553105e15b5c5b17e82a9074f010123,credit_info
fc25a19f025bcf455c0d6f201ae692c0,phone_money_transfer
95fa470a1fdf8dab4dce7848c02a03c4,main_screen
d98d503cd4e863860518aacde3ae4eac,statement
a393d685f49af2ceeeb66404470377fa,main_screen
62b4e4a8698fb06fc23d2db56ee63a67,main_screen
0fb0bdf43e78bfe6ebe0cf77874c9368,credit_info
a3a66570abcee682e0b0e24a1b3f69cb,statement
989635e50c9df0666012fe3d2d6dbec9,mobile_recharge
3911807ca33b92bfeb981c876d870470,main_screen
2977e11875ee79756ff60e6734d003e1,main_screen
82310b4cc896434b98975009ae72618b,card_recharge
743603e7bb4cab5541d923cc9a02c882,main_screen
c5b8ba8cc31ca8956509fc0085ae2297,own_transfer
64b2188da4e516c898074620fffbfc61,credit_info
99218f9dbf87e64c9d5e500d67e53cd2,own_transfer
0b6031df32e617de38f9b4705c832b63,card2card_transfer
c0a2e440464c3fe70ee280ac1a0b98e7,main_screen
9743bea1e761f927382041290d2bd5be,credit_info
e48bd1915671b43a23b4c6628fed1fc1,credit_info
13159f7f3d1bfd4153659eb7b7ff05a9,chat
08476bc27794a0342aee98c87887b68a,main_screen
40eabdd4df8981c118b50c452d4bf4a2,mobile_recharge
08081782ceeb28769794d3920a04e1b8,main_screen
3b026066be339385d37e96e97dbfff8c,card_recharge
ce94ef90c7cae29b4729a8ee9bdc1c6a,chat
2bdb4f03fed6b4045b7869f7d4ac6454,mobile_recharge
f7414c098672a2bc3d9a01beaad021fe,credit_info
83f65a27cc5506f64513c876e6fe976d,statement
c7fcb99ae9fd35061cfc62b44200906b,main_screen
7a30ed0c3505e6fc4eb8d30788e5c72b,main_screen
e7228a625c2e554a4ff0046f194be3cc,own_transfer
2cfc89dd9705e8f9006448c057452128,credit_info
e38e2e1aebe75d5c1f0815c3b6f57cf4,main_screen
5e4d627ead399c66c3cfd400a44268d6,main_screen
6c7655a61341816b5c9921cffe24d080,main_screen
bb5c2030c4f6606e8636a0ba99bf94e0,chat
fd0a6987c0a52d565a649a51362b2527,main_screen
d0a73eb3bfa6dca254d9d717e3d5cb4f,own_transfer
463f06e0fe787722aa5c68d118345ece,main_screen
c81e1ff3e717f9820955fa4a5e3a4014,credit_info
84dd7969f3130e31fdf847b6e749f888,main_screen
b70e3d5486e95a2a134a3399ae0c7cbc,main_screen
42d85f2e9a2a457fda2aaffbad3c6555,main_screen
7aada54b310a1b88069b8379acb4ebbf,statement
3bdf0d1e4e15c5359a8035791d2ed494,main_screen
58db33228f04727b3df59653584f3128,statement
8d5e7570a5fb2efefdca7048d7ea2267,own_transfer
84b3d5ad3fcc40e7582936a125eb4320,credit_info
00de9db535030d8225bec32fd9f24a7b,phone_money_transfer
4fed4d904db97c0b5aadc527e8d39d45,card_recharge
377c5e6df5867cb2b8bff9a55e09720f,chat
8f43c95ceb946a17ba17847873b02dd7,credit_info
fb75b6aa14601976f70e09b360ff6077,main_screen
7acba7dd28d8f3099cefabe58c23e248,main_screen
4467b12b10d3a682d80b7eacf53fe1a3,credit_info
0f4410b1cd0b9762de98089c9f10a864,main_screen
04d9f65e7229d2abd605f0d615ecbb9d,main_screen
42b8d596af4c974b778a3cd35c3c888b,statement
58b67827f4d66b09b462ae259b89e875,credit_info
c1aa67e1c17f44a7c431a78585491fe4,main_screen
6bcbdafaf541a7ba12a0381dc384ddbf,own_transfer
5de7f04956bd68ad3a7476dc027b3f69,statement
b4c7d45d18ccad419034a956f5e5892c,main_screen
2e1bbb09449658c29fe99bbba76cc72f,main_screen
1bc9c10b59125e582d86783ad859da72,main_screen
dcbd3a3bb91cc17c74490196a07b2c0d,credit_info
9819d1633bedaeba1819320bb458f916,statement
fda6f8b9a3408b6a2033e5d3ad66f707,main_screen
615f893c54f313740187e11a7f6b23b9,main_screen
2aa83c72bc03f2c3878d0a524ef7108a,main_screen
5b7c567342b6e2c4402775bc2124a7f3,main_screen
27e52a8b8bec9110bad0c0f0348592c3,main_screen
5b96ac9def037e92f06383068dee9a79,credit_info
8e9f4f8190d34a21592e1f8caf953ec2,main_screen
1449556ffd86fa4e7e1ca99801c7cd8a,main_screen
6d78f596d5043bb03bb10a59ed3e8685,statement
f7a4631c5f8d6c90029944da2e3b8259,own_transfer
070224f1d25ec148a2ea8c7d06617077,main_screen
a6dda59cb1b5acbfc79ee58d1396cc8c,credit_info
2d60ec2af35500f2b97339b93f595d31,main_screen
c36e44b18b3ad95b367724c3c5bb8e86,phone_money_transfer
f772d7663bf7c3a88c8e06d4aaa91aa8,credit_info
43e655f35bbbd95c5536844649807049,main_screen
ff4a70ee24b24aa0f5e2612ea4988814,phone_money_transfer
890f0f79b068faff91fb2af0b148217b,chat
a7ddbecfb722c290b5b456dfec6bcc60,mobile_recharge
3216ba87bef20aa7618655d7a80cf279,main_screen
04301367272596bacfde0414563c96ca,main_screen
7aac67e03177c9422639083bfbc38989,main_screen
dff8db44cd519ea30dd7f94047ad121f,chat
9efd1baeb2cda1b07065b40bd563151b,main_screen
7180a882da7521131bb7ef120c21c78d,main_screen
7aa6aed031634bd2affdcef27148e015,main_screen
08eaf4ade96632057d30f19428741c18,main_screen
0756f95dacdefda958c06a46cf092ca6,main_screen
7c8b5452d11f1ff14b1a5bd5596c7fe9,main_screen
6abfd4ddfbab0da600f2dc8a3fc7f835,main_screen
d1c3532d497c1c9de963f1825a2358ce,statement
254af3b17da14fe3a1271bdd4b92a57c,own_transfer
52f62c17594cd1c322ea1f3cb222682e,credit_info
78a08fca648e516e012de00a996f9e25,main_screen
4bcf928ff10bd44d5bda35234dfe193f,card_recharge
3edcef8e747a6b854024cf73402f57f4,main_screen
3f4d010193787ed3698c99ed7111b5ab,main_screen
acf23b383dd96e6d88578e47822178b4,main_screen
e098a9c247bd302a5a1f4956d069579a,main_screen
9ee37ef51ffcd6493cb0afc8d2edefec,credit_info
e057441c078e8c1ce4da0269375f5e8f,card_recharge
7df20805946521bd7aaa5ff8139793a0,main_screen
bd817deae3c5c6783906a5e92b685bdc,main_screen
4e3e222b6e366fc0b227f4a850841fea,main_screen
88c30dd329980598521d42548f42d8ae,main_screen
f727e8535c725a861fd8070344b5d92b,credit_info
d6a8754781cb791119baeb0b3e51479d,main_screen
d4da30403fe454e1d4fe5b1dbd77bab9,main_screen
e610291696ee6419f2642861780a2a45,main_screen
0c0bf69608fc5421035ee8fa08ede4c7,main_screen
4077959fa105796b8226c41ca2c44eab,main_screen
8391743a09bb9ea1d44a7c418a939453,main_screen
078a5bca27a1e4c85d2570153806c3c8,main_screen
0cb89ad8afea68f36749802dbc4980a6,main_screen
e0476c26f4e9ae1ba68637049f9faea7,card_recharge
ffe4ce176d6dcaa52cd96a2fb334dd74,card_recharge
ff1de63b98ff2d30d5518f3464320e1e,card2card_transfer
970f1703f44a01791b1c337e4322d2d0,credit_info
c1f121f42e9875cdddee64aa675e5cba,credit_info
8c0e135b17c688ef9675527bd464bfef,statement
e739f9161d5c5e09a3932aa80ab0a39e,main_screen
7dd48c2acefd0ec556385b0466f4db36,credit_info
9e72e2e467a7c7980a1a790ec4d89bbb,statement
578a4ae9beeba0b6840540d0ffce6def,credit_info
8d8a428926b16d6728147a3eed380d52,card_recharge
4578a8e7fb6692f103e65bc2d27aeef2,main_screen
691d1a0bf02c8947ebfcea5610de82fa,main_screen
2582bcf96d2a6cae07e801e7119ff048,main_screen
d54a2d013e7203d95fd13fdc1498dae2,phone_money_transfer
4cd4d82f0b26859fb49578ef55afac9c,statement
87c4bee3c2245ba1c4ce8037c265786c,credit_info
310995932f8acda76036ee4e7009d07e,own_transfer
163ffe649af6f263ecb935a0aadc8026,main_screen
7a76afac6b2c21e38649feea0db73f22,main_screen
2adaf0faf46750f480a129810333b1e2,statement
b0f4755763b40985840620ee172b85b1,statement
608cd4595f43f51f4aacdc779cea0267,main_screen
ab1cf93037501e0fc5ebaee0658ae3f4,main_screen
b5797aed18ccfa6b4f0002893f4aaf9d,mobile_recharge
9bace4b126033b6992752d54ad5223ab,own_transfer
2deda11e998f283f42aa700b3c3d538e,main_screen
fdd40ce970742ebf5e60ca260b94ef82,chat
7998b41e6259bb8203689e4f9e6d1f28,card_recharge
8d53e54717d1728d231e83e8328880a7,statement
5f034cb971e57a8199e25b4a8653061d,own_transfer
6853a6235c95cc68208c9a45dd5001c5,chat
80450a0ff90b85aea012454be786a3d6,card2card_transfer
cd48ed1e4e33c348ee67ce99df9c75a9,credit_info
f4c2c9b04f64e3905f23cded2d15b46c,main_screen
c69a44149a5293d6b83be53f0f2d2c04,credit_info
4b4fabafc45d2051509e3c9849d8407c,card2card_transfer
bf288e512f95bdc6c5e8e22dd35d71eb,statement
badca1c9b49459cdbfbdb554409357b9,main_screen
ec218f014868089b718cfca3ee7c56b6,main_screen
6a10638936e478d7f124c933dc281081,credit_info
7bb5e52ddb652e30d232e40db721c777,main_screen
b4b90426f88b884251ffc4fbbac60cd2,main_screen
6ede80dd63f1ebe1df774cd23914e415,statement
d41c1de323888a1380ef7aa6631ba57a,credit_info
1c6b53c0422d7e09eaac11cf200419e4,main_screen
402a03fece25c4c40b7075cb7455b16b,credit_info
9d4e22dc8000b291e212071d616bee7e,main_screen
2e6577bf962c3f676d5802104283260f,credit_info
83ec7d64b0ceadafe455191696a98002,statement
46a691d0494863062ba0d1db86db407e,phone_money_transfer
2bc1460faa7c208c69e30284188a7686,main_screen
18e76f7984312dfb5cdd5589da03cc79,main_screen
c84137087f66efcb39c335595521861f,mobile_recharge
9ba079ed37c8db1e954bcf828d6af58b,card2card_transfer
2e9e69fdb2dda4de4c8f5f4664906325,credit_info
e64128d8c04a292b2ee6bd3bab2bc1bf,phone_money_transfer
d0b85bf235c47cd3fa980ba87026b966,main_screen
66d4aeca0e676d64e882cebd06dbceca,phone_money_transfer
09f56aceca3500e5549287d3dd150157,main_screen
8651f95009381a4ddeaef308be3b52eb,main_screen
c753d0bc057dadb0f830a52575844f2a,card2card_transfer
0bfb1003f0dcee29ce331f6d0fb73a6c,mobile_recharge
532c1176f75c1d890fad5f9020b292fe,main_screen
23fa82270effd3c602582353fc1979ed,card_recharge
ccc93d062832a98a4476dbeafc7f895e,statement
87fb509556df11df637e16741f03485e,main_screen
ab7e2f75c23164a3ad08966f94dac79d,card_recharge
3f325cffded33cf13e19ae686f8f4fc5,main_screen
8b1f6348faa685b3b8e8b016fc9649a1,main_screen
77f76056e74f0ba935fef1750e73fd27,statement
67875a2863b23f7c231959ec148b6e41,main_screen
f9b7694292f8078ec0eec19f8ff5ad57,main_screen
84195e0452166a7a1dc32cb449d16e8f,main_screen
b06f5d96925a7cba4392ff576b864e3e,phone_money_transfer
2c7830db22037a41ceb55fca487786cd,card_recharge
16ebf2bb40c9463aaeac3a2c4320d088,statement
251702280dfb1d2b2b022b24ed514da9,statement
2aa39d1cf1389650c412f4303b61b64c,main_screen
f0f2d58a45984c0107f528b265d75a8c,main_screen
eaf5b343ab348e7037fa5f0dec1e0550,main_screen
ba35f4c8a5e9cdb269a33fabb81c99c6,credit_info
e21f2489d64c4424c0545d72571d0c0a,own_transfer
e0135a1773737622fad7a26ca321bd41,phone_money_transfer
1e26d9f3e7e33a698bc981b0e93e77d7,card2card_transfer
9e1b1416d29d6e10275211d65f06d1e6,credit_info
99fb235a70e53e0bb9691ba40d1387b3,main_screen
e3f9e6920d53cd978096fb9be9864a7f,main_screen
a9b1b6522cf1ea342b9d34c7310a0570,main_screen
13070f8f85257a8c6333fbd227d34848,main_screen
180649e1fd252ab67ec390dc999dc26c,main_screen
11a4d68583e4907a724a18c589e727e4,own_transfer
b8aa4bfdd5bde624d877446d682528ae,mobile_recharge
3d5fa06fc60aa40a0e9724f181d4d281,credit_info
81573438a0c44f7c8a3e837478736f32,main_screen
ab127305686d0129cec9cd8f5c628aa3,mobile_recharge
a6e5d1347cc88ea5a6bd7d5d976425eb,main_screen
055ac36e86ff49e05616455385d912c5,own_transfer
7f27214c43a2f9fe61b433eec33bd65f,main_screen
a0727a9d95ef54758e99f5e6dc250bcb,main_screen
f1e85d90de7006dd4fefe35886c7a3b5,statement
1b77b806564a194103731842ad8d6a2d,statement
14c0e062f1048019f0865ffb5683882a,main_screen
bae998ba84bff15052056297fdbf1c57,main_screen
163263f1f1a16c27c9be2b67f88af57a,own_transfer
fd03d37997391d685e8f1463d75fd2d8,main_screen
3928e4f8c093e42b8cebe441b877246e,credit_info
1b252b6c779c8f792d72e52c3e2108e2,credit_info
216cd5e5734768ad8fbbfea044812a2e,statement
ec24c0c467f4960e02de7a72b9c41582,statement
de730ff9b3e588328002b2e138056a22,main_screen
24a703e30b0d9aef69e4b657c3bb2fff,chat
f9c86c3eb17d4e2d83a1328e00c32f82,main_screen
667c575a691c3114df7a5ecc1cae872e,statement
510f10157341de50bf509db85cf67998,phone_money_transfer
2a537ee96bbaeb2dcabd32b4b01b9413,chat
6e96253e5d9ae112212f44c0c84a8408,main_screen
e2c99d561e209c8f65b8dc9bde592a6f,statement
947d425e4d7de7df192b0a073f9eca23,main_screen
82d3ae82b5c564baace480f2522e336a,card_recharge
07b6f81b77967bea5f9ffd684cda6007,main_screen
9297483db19a82fb5fc0e2f14b5ea40a,credit_info
28ad441ea372fb1258c3a513bca8e1ce,main_screen
c4771c692cdabf8da3f6d7bc7d0e2808,main_screen
bcbcb812012f6b6ae35244efea41e7d3,main_screen
514a39cfda3f4712080a8053e9848db8,credit_info
7e1497c4dc98bb0eb90d8eaec73994fc,main_screen
2ffa3f635968c9161fb4af0bfb57d51d,card2card_transfer
1fc51869e24d7a3cd6ad50e776eade0e,credit_info
572de39dd6b2f54a9cde2ae45282e217,main_screen
41be42f7427c6205293c7ab9612c497f,credit_info
0066552e2e4269d1509d4efaab488dcc,main_screen
9889f1814d03febe40a53115d8854b1b,statement
4373659ca5a275019735f621a944ad74,main_screen
ff14abc452b597ebb9bed6669b6705c4,main_screen
f509ad419cda05a158eb2920cd0abbda,chat
8c3316c4336a3f46086fab512c91294f,statement
31013783c91c24cda8a9215654ab7a07,credit_info
a34d9dfb7352c59c51b2465cc9cbcca4,main_screen
10f079e8fa10e2eaef67919b73d69d0d,credit_info
18c7c711be9efc557e894042e21fdab9,main_screen
ad7f7cef224e1ada5854dbb8fc6a6239,card_recharge
0e7a4fc10869345c1d50b7c923b531db,main_screen
22a01f58d2f6af34ad83225a18294023,credit_info
843246e20f5e2b1863ccc83e50d1b86a,own_transfer
e41f72f8e40f6918332d40322b7dc7dc,credit_info
70abd51ff5f2ee7254e9c074caa84375,credit_info
88a6318d7b7f4ecb2d2b722a8f09848f,credit_info
9f49b22224e42309b89f726852d5dcf9,credit_info
7b4045b2739fbeaee866ef96f2bf65d0,card_recharge
1e5306d4d05aaad431238874dac3b060,main_screen
be671d17360c4f636a355dcc89dda9ea,main_screen
1ed33d8e752e94c1848ed4a2feb5aa06,invest
10390cdf8809d18738c1685a12d0c4e4,statement
e7aec978fb6a3086e895f870794f9aec,statement
146033df3990decc15c7790a8ee1f873,main_screen
28168a57a94caf143b3d84981ea3fe83,statement
8932f08598c4414d81dab2ba735e6837,card2card_transfer
07950cdfe10796052d9008c474e61079,mobile_recharge
2d638639f2a6339fc9829b70b24493ff,statement
3ee394c5e1e2a0ca08476fe889d6fe21,main_screen
b59f6889cd82fda126c6c5154753c259,credit_info
88389426fe167ceb20a2d0453ed6ad0c,card_recharge
be4b507b85430e0673216513e2683156,credit_info
e1ac170261bfacaf88093f7fa8d9a8e1,main_screen
6139c80bbebbb7e42d2ae24bdd7c3710,statement
53fa4db14b2d7d5f19599da2e80ac15a,main_screen
e761e5d653da3dd2c11265c1d26b7bbf,main_screen
5b0e647dc16e4e264f5039e749642861,chat
4e4e4574ee0adca7f3a109fe264988ce,main_screen
12317386b80c9c814e809870eb7c5fca,main_screen
5cf719c47fd6a009611ff611f7885786,own_transfer
06f6344d09af5f430ffa023131b6df28,main_screen
14f3bf8d0518865378da85f23be799a5,phone_money_transfer
6de4ebea75b8e67afdc8969d34b0f9e6,credit_info
f10cdf30c48ef500d1ae2b1e94d02703,main_screen
afbc40a1ef5221b0718fadc9ccf42dba,main_screen
989075467a5f1d75702c4ea6af6fb2a5,main_screen
c234ed53cfd8427b6e4eaef3e660935e,statement
88134b92e0edc0058354dc0495d8fa9b,main_screen
345ecde77ab20e194e5c1567cfdd9958,credit_info
1694cb17ee32191bb44e0b63b51d1395,mobile_recharge
35121826ede54a7936d30c774f6890db,card_recharge
23e290c4ff90f00fdccd8ba9dffd9080,main_screen
486b2606e0bef3df929d390ad7110473,credit_info
e55140fb71035c64cbcd6c5f67da1324,main_screen
8057978ac82a666369479beca867ef16,card_recharge
3917664aeb1a055897fdc7c38410c268,main_screen
968a39bcf5c782db5078cdad1176edc1,main_screen
7d807a8a0d0a5f0adffddf8ea4797a26,card_recharge
4d6abb3badea9838307954f4ea158d69,main_screen
9b5471c77dd957f8b88cbef5d4296a7c,card_recharge
a58771515c78cc5fd19b2f8d489861fa,credit_info
6dc9ed84db3ee1245cb55d9d8f2e9595,credit_info
3a85f7b44ea5658266622f12cc926b83,phone_money_transfer
c7b4ac9ab025a450c094b11995e0227b,main_screen
463d4a245cb2f7aa0958b7712f3d2a25,main_screen
b8ce8715d23d7c8133d9cd86a7a6e632,credit_info
d5e68e6d0bc24af810bc1ed1c664bc0e,credit_info
c3389a93010475dc4d80719275038095,statement
f38ecc52c92f33cd5286859468648b77,main_screen
23ba032227f496c3c24be92a40f6d152,chat
e140caba0e9aaaf1b4d699c368a3b873,statement
265fb63a61331d3b9bde0054966c5cb7,main_screen
e695e6c5147f3e1c73445295d7bdd137,credit_info
98dc0ee13c134c64152c1e2867d89d64,main_screen
45ae6a7853705756f80d955128962cd3,statement
cf6b2f87dfe397bfb0bd81932a219485,statement
54f13b910542d3edaf7e2ed55063ef9d,credit_info
e1a8467b52ef4d412fa67d1cf07d4c5a,phone_money_transfer
6b6066deb10625d30fd988362bec3fe7,own_transfer
d511ef39e8ca3c8ecaea8caefd04469a,main_screen
d1666aad7b8a98365e5614e60d8e861b,own_transfer
1faea926857499563c26f2a46f749c78,own_transfer
26d2581e2938c2755bbb9ffd73d3bd46,credit_info
96f536cd80a80eea21c5a0008bd53981,main_screen
db15c8067580a6d540095f5392be409b,main_screen
ea8057f60dee767671b4bd241b1a90c9,credit_info
3840d20d8a3a12603fb6a72a08ff3a28,credit_info
528dc065899ba01efc30f57b65e0f129,chat
b51a86b3a95e8c2818ed5415c3b651de,own_transfer
34aa8fb429b2ace9aa6467e9a15cbbc9,credit_info
ff7bcf5c862091bc4f4b102472cc555d,credit_info
bb995df8382ca3fedede948e7e6fa323,statement
10809b4e3df82f9d96672a2fd680124d,mobile_recharge
b02fefc0d7e3465a1e4be7498b360162,mobile_recharge
c18e8d5bdae4b3c0737918e28964a95e,main_screen
85fb12a568d5ef1eeca8e846f927be39,main_screen
3daab69af9542725c5630c8eff99c106,main_screen
8c83728eefd572288bb1f44edf39383a,main_screen
645ac11491d86f64b76b64c560f54a41,credit_info
93c36644b043a2c0f96682e5d7be066d,main_screen
10349b8de7e69414072e2b7ff3c861f7,credit_info
2dee5f74dc8610615c4f47937ca34cb5,mobile_recharge
0cbb68a8ea507d7470d5b6d4b3ed9586,credit_info
f5a9da5b3a85d56c11e6a8272ca53cfc,credit_info
aed52fe5e2f54f0ae6d8b318b940281f,credit_info
05b7a5c3b248c6acdfa207971702f208,statement
fe040dfc17c3496b79a7b79908dc8e7f,main_screen
c6b77c266156770f3df5f3159f378d9f,statement
ae4db6105eaa8b51ba569ad0e71898d6,chat
8af77474de375b8f9e2728b3518fd414,main_screen
62b2736f4016f7256b70c7d1d3d0d801,statement
f9b0470cc15ab4a5cd9bdf106af741c8,credit_info
88fd4a7025ad5dcb78332270d8520781,card_recharge
8b78b991790cc28e1838759e1da4bc4f,own_transfer
90e6bf293a04b75287faed8f2bb9116e,credit_info
51233bd77df7d87131f82a27124da4e9,chat
4c24ded4d0a7f8d3774ca3d189a248fb,main_screen
9e68cc80019458122b8214ae2f229df9,main_screen
be640c5fa962dbe481b7cb8199ad9c92,card_recharge
5fcf8ad123b6e03f4086d2b1ad7d9e98,main_screen
f1318918d2995beec85eb5268360f200,statement
6013101f4d0cf26674d032d82210aa53,statement
bb506e0a01b3ff65ce6065c764efab7a,main_screen
88632ea25854b3a136b07803911c7e80,main_screen
cf61f365e4945b35781d3ec803ffa459,main_screen
8ebd42b552e51e1e2dfb2ebea56d16f7,card2card_transfer
9433a3dd04ddaa009272894e0ab0c35a,main_screen
38b9332bc8a3e3d784acd1c286309f9e,main_screen
c14f4b892f17832f6123a3b95d447e15,credit_info
68316e7e6be211e676c6236023060759,main_screen
f66a31c25202d134889e30ceb3b04c4c,main_screen
6d341f8a34828292da6ee39037e07b32,main_screen
2eb3c13335a6667fef29850b6fed6cf7,card_recharge
16f93f9888a96c23f6b1772e6d7da388,credit_info
3eae5fbbfdba2965ec53d60a41c0257d,main_screen
affa118b1b631e8e0c2147a42a694f1a,phone_money_transfer
d6b42ed3e5fb506bc9487dbd5b6432d5,main_screen
600c91d33e75a00aeec351425d851a02,statement
af9f4a6e2e6363a9557c201dba5307d7,phone_money_transfer
24d4c5e3aefe3b5ff19b088273824f52,main_screen
03d9047ca8b5601d98d5d4f3227771ef,own_transfer
213ec46cb95f16957d4b50c8d2968fda,main_screen
0ad76470dd155703fd1202634a1e41da,main_screen
64dafacf47a5d2d72e4cc7f79a380415,credit_info
12d9cd883e2bee927a7934f244c8b7c2,statement
ef129e6140b70664f60727373ba862b0,main_screen
2087851a90d6a0d55c7d170b8b739655,credit_info
0708156c7294b9a63ecb0e7127511cdf,main_screen
c2198d2e644114452adb96a49a558ceb,credit_info
afdb10f956942bcc13a2f2e3b5e80adc,main_screen
7894a63175eac535b2aaa058662da264,main_screen
17bdcabc3f874ee74ac02e752d9ba54e,credit_info
25da183bbf2b7b1199a12344f133c2b5,statement
0fcd9024469aeb828ee95d1e92a9380c,main_screen
f473242cdc32066e5c2213946bf758c1,card_recharge
692ba84796b5171f980fe9f0cfa1e941,main_screen
8b19b6950aa8c0da1bc788a316ad9cd8,main_screen
998264494e98c1b2f19d19257b7ce10b,statement
50e42bb94db27caf2126cd477522305f,card2card_transfer
0b71885ffecbb5ac10abc310c4769a45,main_screen
8b3becf9878e0c44ce8a2bf73b5731b2,credit_info
02fc4cb30021430e82113ea3bcf71ac7,main_screen
49c7673142ff7ca68990fd78fbf6aa8a,main_screen
5e0c5fb7762d0daf12c5ed0e0348ef70,main_screen
a54a949804d302cd4054c711bee7461f,chat
a8f43ed04bcc33d8155e49a1fa11e7b4,main_screen
11d02ed8a3729c06c531e5cdd3ab4b8e,card_recharge
36c2cff0510fa39a4e3e8a70c4297966,main_screen
f017f558bc9a4cf83b3e505b47f7c427,statement
4b63f459a4ec337ebf18eebf4fae5b90,credit_info
0c5bf58ec2edf31b3b4dd2c378320961,statement
c9dcb5e99ff0d4b83068fadc161eb644,chat
eda84c34f92668a66097d23701690c8b,main_screen
0e0c51b7acf1a9e706601d032414b61e,main_screen
ce9d688bbc612d74f6e99b41020f3009,credit_info
95281814f9bfc87b97b1170896eb5a75,own_transfer
ac07569b694e1128fd3652193e814056,main_screen
2bf074e07f2393c7fbdd87a76393aa14,credit_info
a53053cd18827fe3843ade781d13d97d,main_screen
ec91dae144a4b8c4aae5e34da9e06b29,main_screen
42a289bed5b3f1f07f03d5a591ca572e,main_screen
b2c08dee1a5075adf9db0c414c918b2d,chat
f578c3295dbf25a9806ed4e4f03610d6,card_recharge
ffa2e794308b4745601476ebc518cfed,phone_money_transfer
34b6197e634278ccee645cdd98fd13e9,credit_info
c5d379824eaffd985f5abb2871c182ec,card2card_transfer
6790c3d328425a562c14ed3352b6dac9,main_screen
0d16afa7d19981ab879618486f43f10c,main_screen
d03ccbf54badaf2dc1b0c073ac2aabcd,main_screen
70f65ccc52c044d43e4c4ff61ce9deba,main_screen
38663ee9ef32f98f8901e78217730f28,main_screen
527fa1a047b367bb150b9f2f55b1dcd7,chat
7bc8a7b2b934a030f4a165bfb6cc3bc6,main_screen
a02acfb3ea70973cd5f87533fc17c26a,main_screen
6e40305c37b4e550d9b0e956503b019e,card2card_transfer
cdc8f185a012d9b265ed6368bf3abb72,main_screen
3666bd94cbfcc96392abb52ea346328a,card2card_transfer
b55ccd501b5d594f21deedf78433b6ed,credit_info
652fc3ee088f482154480145b0c4b88a,credit_info
90632121f4d856aab1cbd434bde03ad0,own_transfer
40649a958a2ef289e19c9543c142708e,chat
11c03df9eb1c7c84915b7c6e29e886f0,own_transfer
26eb7f929772738ff5a3e9ceb9e808a3,mobile_recharge
0a2ee4b0375f2ed4b1fa98b62ee9ec8d,statement
2fd2cd05710e88e3775e0e52ec738255,statement
1de1b14222095b98dab6d87a40265bdc,credit_info
86d345a2a95a9678e4a542b15e8ebd0d,main_screen
e5a829c6ccc75c53d4ae24735169b07a,main_screen
24cee7605cb1f2f1d5f6b221c0ed9307,phone_money_transfer
1e06fcb692567a0294aa5cc839bf0baf,main_screen
46d9193c233ac27eb3d30ba3d9413cc4,main_screen
bba4d5b192e167f32711e7d5ac89fb99,statement
3b8e1500389c276941e5df25049fe417,main_screen
589dca2bc31c255ed3168aeef356eba5,main_screen
e5b46570831fa3c21a8e326b2bacbe98,main_screen
e510640b00844ab014986704ffe7209e,main_screen
19be97787d918ede9dc7edee465c0e17,main_screen
59c3d59dffe042373315fafbfbd0e675,main_screen
7bc90bd1acf02e76bfd92bf0b4771056,credit_info
ef01fa52958abbde00d83aa4aa3662e1,main_screen
77fcd5ec52b7c0b7a4bfe67fc98318f7,main_screen
2b94a96a3433fb1edb3bf6e47d49fb93,credit_info
a12da63eb0608b8e48d9f372eaa299e2,main_screen
dc943b122cc9872ef99fc80fe5bcf764,credit_info
346a622821ce3ddb7d55e0fccde801a3,card_recharge
a70fa6ff947ba8fff13a918367bdadfa,main_screen
64a181d9897beee6d141b383755d2a06,main_screen
387eb27698d2a30e94ef8cdfec1aa7b3,mobile_recharge
5728e09f61430573f9cbde5486989d9d,main_screen
788d7e1a4a8490b5cc08289809d8aea5,main_screen
4ee7d7f2b3d4b196c2f4d40d49f9b4aa,chat
5d2bf89bacc75b4add9c4509bf526f74,statement
2a4eaa3a5283f796f16aa89b0e3099f5,main_screen
162e4407da565e0d84314634f9f49475,credit_info
7389fb76c977745b164d3c286c9746c0,credit_info
7cbca9b2c838a4f7a6b6f41f805c7e79,statement
42045ff9e06aa5c7d54243a79563e56c,credit_info
2dac999f4264054495c17aeba20db86f,main_screen
574c7d239df041fc1c951d219df3e011,statement
0d489b09cc04c1f4f6c384198ebe156b,main_screen
49fb9ff199e861daeefeb1db490f1245,credit_info
f1bd29834b517e13abbdae82dc163536,main_screen
c512827e52fabd800fb2931517cad593,main_screen
babdb1ebdab9f2ae4c7ec35c37c5b666,mobile_recharge
169bc96aa15e4bac83be6346fe620ea7,main_screen
43cbf1ea46c9d0faf24a029af2b8daac,phone_money_transfer
6dd18490ab0e11821fcbd87fea1826f8,main_screen
e859fea610fba74d85576cc078634649,main_screen
e6d2d641aeb0334ec4fe0711a8893618,credit_info
8a45758e4d9caee265092546aa2a2b80,mobile_recharge
79380d1da1e55edb12c0fa5238dc06ab,statement
796a51d656a29446d80e290a36ff4890,main_screen
8509b46058bb38c2b3825089db4288b1,main_screen
084b8d40e4beb99c8b5b0fc5066c38bf,main_screen
f3ba5faa7fa0aa7b26aa0b30aeec5fbd,credit_info
792367c1886a2194db631fdcc465807b,main_screen
e0beefc8e87b92499a624bcce02060e5,main_screen
3038f690e5d373c66a2da43e7f298d54,chat
0509833be11667813c80112f1d1b49fc,chat
14ece6539eef131a6acf4eecbfe4d91e,main_screen
b4117a469d780438c0ab8dfe55b3741d,card_recharge
61f1afd799e85a8b06a9471957119f76,credit_info
c4d9f83cc71216a1431d83993dd21aa1,main_screen
181cd2d56c004fab64ed5616c784123c,main_screen
5d9b5a612dce599101336b5225ced807,statement
4c466a4f186d136792a1cd05023b1ed6,mobile_recharge
d098b430614c17551173cb26868bf776,main_screen
1ee440d32769ae777f0c285de92ca2ab,credit_info
8cdf52ac90364d9c4fb360c51c9703db,phone_money_transfer
9f635f9aaba7af679ab3c69eb25831c3,main_screen
50d7f968aa50a94fe02ead727f350d4b,statement
ce0783d2b864e8c529d931cb77feef32,main_screen
f0b2ff94f97bb0163f5816881bc6c519,mobile_recharge
353c0793afbc42aee931f2148725a9e0,main_screen
55b410ef0ee3fa88db2000a6ded8da10,statement
b26ce6f71a7f93f24ffe640a08662f2f,main_screen
34b7e3d8dc2c0c9459b775c39229ec22,main_screen
f3e22fd05ecdd6044adeba2e70d6bfab,own_transfer
a4232761cdf46166a837a712641c49b6,main_screen
92c0444c5fe920e1f75c11a1b951722c,main_screen
e473987df854830bbb6bc131d8a4f2c9,credit_info
06a1a2b6370e924a9e0193e28826df4c,statement
0b672844661751489f8c094e6271a827,card_recharge
f071f604c7789b9ccfdd5fc00f44cacd,card2card_transfer
402dcb9fbfeb0fdee0d6966e1ef8c0a4,mobile_recharge
bba077c5aa57e83a27cad1e1ba3b4fdf,credit_info
e98f21b9d005ee56b9e79103d1b57a32,main_screen
177bad5ad7318a83955c606c842bdf2e,main_screen
405962ce77dc83ecb950a2907d9303e9,main_screen
8f756af06c22d1ebb32378baceb75cfa,credit_info
9ca97564246e1d61127a67e5c4fbdc46,chat
362c7e15d1cb8f59491a7832522640d0,credit_info
b9b47c983c1353d075a21a6ee685e5a5,statement
2a81bf8670ca2b725223ceec1114b0fb,statement
70f8ac0068c825eb6b519a0488905db2,phone_money_transfer
f7638dcc8378afdc1067e02e14a71529,statement
90319bb5eba2510c3ad681731cf899ac,main_screen
330b0714489e49004d8ad6acad19056b,mobile_recharge
046d2191890f9ff92d2159dbd0b1d98a,main_screen
9776f728f07a00ed7d6b4b1eefa62c4f,main_screen
48600ed471eb08e0b9338d3bcc8986a8,statement
1cbde5b4af55df42e7dcb5b21677e18b,main_screen
d4ba0948e9fddd56c98f562e5b0fe589,credit_info
724e3b5f366d548f4bb5d0b43748cbd5,main_screen
40fd9f93dec16a2fcdb11d34e6c02f23,main_screen
cc734a5f26823ac13191ee5a314fe8ff,card_recharge
62c9daf4be2d65ea87b6f524d4ce8bdf,credit_info
744f1a2fbba469d6113a0ff37e2e7fed,main_screen
1c47ffb2647fea155dbd2e2375ccd85d,statement
88e9e20f48ab7b6bf5ae3580c089ded3,main_screen
1b452129432ebb2cb6979563468f3276,mobile_recharge
35af85c29d768ea6e89a9e30d3b7c747,chat
c1731befadb47ff55790b9f5edb1c129,main_screen
fe8aa28dbb6c044b9a732ad1db832721,main_screen
85adafd5d8297068f8f7f6d6a2d63ef2,phone_money_transfer
3bbc8ac18a211ea467dc50d5a8ec1941,card_recharge
0f4ab42fc26a6c51d4f610c743d426ea,credit_info
dea22c00d2cb8f268f6f05399c4b06b6,chat
d1b8cd946161004888c2ac3faf6365cb,mobile_recharge
2a7bd2f393d67f28ad0ea217532b4a9e,card_recharge
2f47f7a75ca20906aa2bf966eb8c8900,main_screen
83b9c78a892773b1e3605bf3bbf252da,card2card_transfer
7fc76e5aed8764fb22797bceeab4897c,main_screen
375a5fea8253ea9ca9d9434bc0897936,statement
4a95b0f7a419403ef5330d12240ae4aa,credit_info
435382947bcdf24dc8e38e3a4edb9121,main_screen
727afd3b1b967ec2a43901f77c9ddf62,card_recharge
cda915e9bebd2a26ff28f8c797678c1f,credit_info
542bfb27720eed775115c5644ddd7cbb,main_screen
69631e14de468c3eb2f47fcace6e0ed8,main_screen
695933af247711705ec8ec936a9ad6de,main_screen
fb13c3a27733e9c4de03b44f31b4e872,main_screen
b034a94653f9c0360da43cfa64eb4fbf,card_recharge
8cbf047b0b5cb3c472c1e73766a3ef71,main_screen
9d6296b6e5138be8c93e769d02dea322,credit_info
805dca68599bf3e3e702de0774c83432,main_screen
1170312eb19dfbba3a96d0fcce39b1b2,mobile_recharge
2d1381848fb25d5c4ab085e7666e43c7,main_screen
e5ee6688e9894324e3c446653bbada6b,main_screen
29d643885ec316ca686a81df421ad5f4,main_screen
76cd1988e8a0e8b5d98abea5efa4767d,credit_info
34d3f5cda90f932c1494b4c6cffadb3f,main_screen
d89747155a9d8c7e92788ff5ca6fce7f,credit_info
149210e84a4c59825942b6b926efae5b,main_screen
980fbf8b95f357cca8052c51957d7a23,main_screen
3ea79ed8b4da20683879ed8acca7c7ba,main_screen
108d5bab73c172d85eee324d56ad1c11,main_screen
eaa720e63d607c206ba215ef49d9df7d,own_transfer
92ba743425111036237d9c1f15612bc4,mobile_recharge
5ddfd6d17c40a59b862840483c4eb461,card2card_transfer
9b295a6a943c34a52beb49f10e8c0942,main_screen
a436508b3859b1c6b45a2bd647eb0340,credit_info
e6821bba8f21d806d5ba5457b4bed356,chat
f815e68003dcf19899624ab0495bff6f,credit_info
639b1d6b9d0517bc0804fba9edcceb87,main_screen
b88d08996d37295ed22336fd84f96d86,main_screen
7c4e8cae46cc3079034dc7c4253cfcd6,main_screen
0668a8402da7a5eeee188116efd501c4,statement
a840c7f522cd45f4a5f700d79bedc51b,mobile_recharge
0ba53ba1fc8b0823498d12277c649a8e,main_screen
3357a9f487755aa2376cc2bb98251a7b,card_recharge
7be59da0b39fc2977255a52b184f6e4b,main_screen
0a5172d96a07f7869324166532aeaced,chat
86105e01bd2b017789185be48845a896,card_recharge
dbdba9a9b9d3a52f1b97cc22adfd4a03,main_screen
cb9531006e67ba8fbd3b64e111b07831,main_screen
e20d9e97ab6d1b65e9790e37c5194c43,main_screen
072119995f84c7cb4beef205657451f6,main_screen
aa1dd8dac98bbaa41cb4003c769b6edb,main_screen
1e26a9f7a99772de61753821c144a66f,credit_info
f3259552746be8ad1a8d7de6fe3c9a6f,main_screen
37e858a59ea7292ade7d97b22cf0ef45,main_screen
baa47f36051356e9786e642734d315ef,statement
4ae638e0b63fba3c8ddc600bd5e04a78,main_screen
5f631ad1800098152f76d5cf0e471848,main_screen
a783c5a64e1792bdafd6214a2763f652,main_screen
5b724044526ba33368df208f7b957678,main_screen
dbcc813cc027a89937964b9f2fafa948,main_screen
cf24be492cca03cc1728a73e3604ec63,card_recharge
445d1da701bfedbfd7b013abffc967a3,credit_info
cbae37c98bea3affed4c13d842ffeebe,credit_info
c958fbb0b22f45e4ee611a9c3e954d1e,mobile_recharge
842e20a3557bd64356384e2692cf8251,credit_info
5a00c023a3c3898b9051957d583fc1df,credit_info
00e52713e5eaf43dcc89f2c34701486b,main_screen
7a4c0d2c5a4b1047c171e142fb346d99,main_screen
109f6771f922b83dc3c627a065f41149,own_transfer
37a0d77589af4fbd617c1978df9f54c7,statement
36c7d64ccae5d9972e7b1eddddc16e42,main_screen
5fd26213a2e48ef4bce8bc932eeca400,phone_money_transfer
6f13918605515538e01815ab0aa45fd8,credit_info
214a96202481cf8e7193329fd068833a,main_screen
474a6b73b689695e44533a9272622a3e,main_screen
82f4d9ee21be0d9bbaa3e0f08767409b,statement
126bec71e2fdb99e98dfcaa6a96b826d,statement
e0097841000b8bdbb664a397ad200f4a,card_recharge
d5635b7e33f24794e9def7f26b4e9ce0,statement
5fc0f20a2555c54be19b6cedf67cf89f,credit_info
779e3b35333c0b96c369e0f580d10665,statement
c42a8704a8a50e95c90f8dd22705bbe4,main_screen
4de139644a90eff7b07059bf798e8c3f,main_screen
72ea7aebc7b2840f3a3738e562bfb440,main_screen
4fd5ca0643a7e219a58545eecd3ea722,main_screen
95e3a83cc0c658ff62fe73d0b5420054,main_screen
39199e59f88514a0b7a6996c615fba6a,credit_info
75f3f8ae5fb986e833c0b39e76bce268,main_screen
726a5d3965ebc3ce08c087313f47e268,main_screen
2d6e8defce4ab17cf8d2efb4330ad5cc,main_screen
7fe9ea4e32d3c24dacaf7ae2bdf38f3d,credit_info
715dd27c0a5155be5390f89fb9c18b97,phone_money_transfer
21e45fa9674778962e904a80012f040f,statement
d5b8c31dfc57d7e6b98bf776c25728e7,statement
1ecfdad8ff18e58a663973d196e8cdf8,main_screen
8ac6838952485ba11dad3fdd2f8706bb,main_screen
58205e6b8b17dfcf6c214ba2da465cae,main_screen
1e4e543ac30bae3b96a23a56c62cfa8c,main_screen
88627407cd7fa2e3fcafe0b93ad194fe,main_screen
e83f733143e00af472fdc9c07a1f6752,main_screen
be058f7f60b470dd475c5496a10f14ff,statement
3a508e5de4c0b4381a3b3082611d20de,phone_money_transfer
9221fe101f5ff8672294fc10946972fb,statement
18a6544535fbf0a20220e7875ef4c383,main_screen
c535f4ef2fa4b2a7698cb01080f84bf6,main_screen
aac2ce9ffd5bb8a0cfd3d82bf8f745a5,phone_money_transfer
81bf718ae2972f2d858e1606be4779e2,main_screen
77d8c34d60799348bb219716b8e603bb,main_screen
8711eedbf151e263e50952eec655ce4b,phone_money_transfer
55c2b62180a92480b762a30aa2c88780,own_transfer
bab4a8ae1807530fceae983c723ee249,main_screen
ccc77e9120c72dd3e4824d5ec234842a,main_screen
daba06c9d444858cf140acac4fcc5e43,statement
be5940d06165b19e17328994afc717fb,main_screen
0324e6e1cc7ab622a409d15d39801df9,main_screen
ee830a86dc7b9325831e3d7215065505,main_screen
cd9d41c5fce68a9be4e663312eb92f30,statement
1d906df499fb48ab1fdf7c1a9300f300,main_screen
08553641429b40e7cdc68bba5fbddca5,main_screen
910576fc355c198d4011059578aa6806,card_recharge
daf80d9d7f0fc853bf908fb43ec9db4b,statement
871580c61ccaa00ba49f316e3014bb20,main_screen
393eac9cb1e270c6372983f67b86bd84,statement
a9774974985845a6c4e1c3b6c6810c66,statement
8f850b9519462db8eb0d1129ab275ade,main_screen
00251e193bcf524c72b752f54d6dce9e,phone_money_transfer
e0cc189f78917f99243e7dddf254938f,credit_info
cf9bfb3fba13f939977eacfce74784f7,main_screen
15e07362a265f1c8832b67af270019f9,credit_info
861a204e25181fb0aab6c13f83bf6362,statement
beaac7230bc3a0a21c3e43b671c5baa2,main_screen
e6c10878817f5f75d842771380ab0e2b,main_screen
4877ac19848a98624c1f624b2067eb95,phone_money_transfer
d7f46d0b9ae3bad91ea9470394df2a3d,main_screen
7bd558064512f3585cb6454b200bffdf,card2card_transfer
8b8cfebb5493140065ac6a82bef775a9,main_screen
e7737eee346df0e94e8d5e8a85333e65,main_screen
a781ee1a8fdb6cf5e283b1f28db83a02,main_screen
88d062daa573e1643098162890d01cc8,mobile_recharge
dfdd59d505d7d0ea64b501e1f66ffc1a,card_recharge
4efcf83dcef9bff958f7a9bc6328395a,phone_money_transfer
d23cecfe3746d27be559d44eb3abcefb,main_screen
6fe803d46ec802af2c1b046f8814766f,main_screen
b612f3621e0dee50254c02df4b097a90,chat
b2a2d3b0d937eabbf5340f257ee513b5,main_screen
577becd6d9420717a7c6cbce471a0f95,phone_money_transfer
af76a2fa0c6540b7da418b60227598c4,statement
29a609c401aacde51c6ca000153414cd,statement
82d6ca22a172badbc58e05e1b4df34b1,statement
5fd925bf74deb62f67b0f82f7d363f21,statement
954c7e7d7548a03d04dcefd5009f6809,credit_info
8f513ac6c5d2d9202cab0e3d9c6d92d5,chat
1b3cffbd1dbb20a54f64cff8da710539,main_screen
a8c0b15080effcd1d25f8f297c609ad6,main_screen
ec99ef44da7699a676278d74e7541193,card_recharge
f6c92ffa1374462555759388d786ffaa,card_recharge
bd5b07140af3df7cbe58c29923bc1fa1,statement
e2a5bfad9ce0df8acc96d2797b947e7c,credit_info
d3816695d83d2959a6a5b1221ea44930,credit_info
d4489d7425ee0973ca1c902d680b9a86,mobile_recharge
d4ab9bedce0a58c1abacdbe7b616e5b2,main_screen
2b0d808ccb0e1892f9d0cf3132c6d975,main_screen
14b4d39583f3523144ef01ccde702081,main_screen
192058f8cbac2e161367a1bd07b98fdd,main_screen
a0bff5be3b2abd06f9981e1f0748f08b,phone_money_transfer
a580c5a76ad6f1e0aa1a3f7c5a5bf6a4,main_screen
2c51c62a71df9b5650183619e0bf8a7b,main_screen
a7da851189f513b18655695634178be4,credit_info
7e47801294a7ef1db18cb59c6f1f0752,main_screen
8987b708cfb45080be3c8f37c2b92889,main_screen
b47199531c6862a316e5d6d4ddd0181b,main_screen
426eb39b52bfdac9f3448c26c07c1432,statement
aedc748318915789ce3ae098227cc5ae,main_screen
8d92b022fa1ee08ce8b8941f636b51cb,phone_money_transfer
fd4ebee15f79850a44426ce777542a15,main_screen
5c094154c19a3e372f4d58f9bb296a6b,main_screen
3c67a702360c2b44dd10fadf41e1bc81,main_screen
2161b76726dbe40fa41563401af9593f,main_screen
2bfef99df91bc116101c47c28464d3a1,main_screen
96fceeb496fbe0847176d8f3e0e5df26,phone_money_transfer
ef316099d47193924ab71621b3c2d694,credit_info
94a50f68011acdbf556e029cfc562c36,main_screen
f342539273bde5d59fdb409a2a8cfacf,main_screen
e66519b107de6b8c37fb0a8333d4cbe2,statement
0fed25cb707adaa0f7926425dc58fdcb,main_screen
1b3cb7faee886d1b002d9142a043bb7f,card_recharge
52b161a2483a8cea495c46347d5c6c84,credit_info
28708bfb4977b918700db3ffd76904e8,statement
80cb8252ca7d11dad7e2462043ca808e,main_screen
41253a6b19213215e881c57c02de640e,credit_info
38acfd79ce1b7f60f66d16a235dd00c6,statement
f73c439a6b0cfe941fcbefa8a1d94610,own_transfer
a76a896fe5c3dcaebc0f9b3f104532ec,main_screen
c407185a125b17ff9ef8bb2de074a4eb,main_screen
e8e38a01b9be580de3e9f83e5ebbea47,main_screen
096c031569cc214d5e5b0da1903b1c2e,statement
fc8c15ad292775358d14af91ddd1cf44,statement
c67a1ba1e053f9c53ddff70f966621ef,statement
17d5773893fd94ca2bdb5239d79d70dd,credit_info
510d8c7dbd3a776aebe73f1b6abbb280,main_screen
a9186fd2074bb08d87659bebb4c7f21e,credit_info
c8739423930b866b5199cdeb185831e2,card2card_transfer
b13514bb185909d576f818bb8f436d6f,main_screen
08aab960571edd592ee54063d91dfc71,statement
3063bc6597eaeaa759cd7e42d4163d7e,main_screen
aba87466c77750c9d548ce693444e2a9,card_recharge
f3563f7fc536a9f3a218c72149bdc346,main_screen
d889adbb001980552b9ef53f62f6f970,statement
72fe603949c63bd116e09dac8411adeb,mobile_recharge
3239ff2dc6a71d8726152d4ac5d677c1,main_screen
103a4ea592496c959c03da7574018d41,phone_money_transfer
47f15b6be25db45f57f6f3ba3b8a4cd1,main_screen
ddfbaab70d489a2e12d5fd7debfb2c6c,card2card_transfer
8b39a5a7269a4ca109b093badf0fd42e,statement
6361ac5c62e561576b8fe87148b2c304,main_screen
9a998f8708615ef14aa57cc9c3c8d3b8,card_recharge
df895140a7e802aad30347735e008d7f,main_screen
45b49bdd5495a430603cd33452b156cd,statement
26a68d4b0bb7954ad193fa05de748d74,invest
9d23d7a588cf6821c4b78597f0a7c745,mobile_recharge
7bcd68503bb088b9289d1b4fd8e5cf2a,credit_info
955dda60d2114235895ab437535a27bb,main_screen
b71d8d2207252b09d0b9c1be7b124457,chat
0b38586996489af7c1d68d4db9d5dd37,own_transfer
810a88699b1efd9b57547d3dbff4433a,card2card_transfer
c787fc5a1ad59f2bfdf0bf49cede18b2,card_recharge
5653b7ba0d7734560ed56b456e1fa33d,mobile_recharge
b139e34c8f8ae6d438f56061056d4c11,phone_money_transfer
d973240ccae8aac0271a3e7f6194330e,main_screen
408c2cdd0a41bd90b62e13d4f8057925,main_screen
98b2e589717042c4963f251fe2167c36,main_screen
605e8172bccfda237a288ed031bc10bc,credit_info
2dfeb6151f0cf01d8c162d5574e4c629,main_screen
02efe0cdcc3f9d0f989945029bb0d78a,main_screen
286d74f4afa3536e1c12334c9507bfd7,chat
da1532b277df34f598312baff528b602,credit_info
2d4b173bb09b3105eac399ac5e8c92c3,main_screen
cf47d55137470a7aec7d208a7ebe765b,own_transfer
42e69bdfbc8d59efa41ec1e7719d86e9,chat
7635ec5467c5d164ee6464d454a2b0d6,main_screen
3134dfa882d900a7e03906369efb8c7c,credit_info
9fe03dd917a0f103384b7492ead5621f,main_screen
d49737983a967133ea5eea659a24dc1b,card2card_transfer
ecfeca22593bb89abe0a1e4cf881dba9,main_screen
6c58e9f639cf3b5a12894c5fb51f56cc,main_screen
72ece7f8a5c326ed8ebba1f758d3510a,main_screen
f02687855481a465a829f9aabe444b65,credit_info
4431ab6735aa5f4093756ee42d3bb1df,mobile_recharge
04257b2811fcde3980489f3ca87cd633,main_screen
f33302e00fd5d229f8e562105ff33d08,credit_info
bfe956a8e5c747bb46efb46acd28568d,mobile_recharge
f70fd134f6b2e1dc05309d2195f54167,main_screen
d1b94f2f598c045c36c35b18b08cafe7,main_screen
49f7329c9d94c018aa423fee044b5e5d,own_transfer
41aeb953a0afc33da9bbb475a1c941a4,main_screen
7fb1e059e7ebb9beb083ecf831b5e6e3,credit_info
fb8beb2d335d6fb40890fdee48055d2f,statement
dd966d51ca19e3f81e3557827cfbff27,credit_info
081f857a1cfa69b3f11ca043e60be694,credit_info
9fcda77590932a1f5873665162818759,chat
24eba9a733495b6f2ed1dd1ef100322d,main_screen
efaf322c9168c6e63492aa1d323784ba,main_screen
3d532cd1fb65953a0b2859f911068341,chat
ad605114304c4c82ea5c5bf5feab3934,phone_money_transfer
38f756ed771bc94e944126c259b98900,statement
1b3b706a3c524fb388c9c72ebbc4f6f3,chat
3322ae4602c94ddb32335e53b79c3332,phone_money_transfer
cc70886a26abc378a85b53f200d23680,main_screen
51afd5c66615288763dd950fd657c132,own_transfer
87b3ae70b8fb28532ca4485a15793e77,statement
d7cd52e438910bdce30533d0aac7fa63,main_screen
d49c8dd6cc58232d1efe11191ec6fb36,main_screen
e422e8214345db1e73ed8ba0654a3d75,credit_info
13a7c0ec2ae1381f94eddba5493e8e12,chat
083b014b2591678afbad316db8095abb,statement
bde9efb8b39d4e110d6e559ef0629a08,main_screen
9941f38efc06d465bfa74236fa069f83,main_screen
9f6ad02d982e2241cfcf94bc945aa06e,credit_info
33fe8e5e6d437767c0cbf92dfe52f3c1,mobile_recharge
436aeffcbf317713fd941d1298f14562,chat
22b95334d5d0e78d26b8f6b52d4a6c8b,credit_info
3893f0eece99c6b0f13a67c84de2df04,chat
a25f737c5c99ea24c491a8cae6db5693,main_screen
e732c79d5f2971135eb97e6da80ea562,card_recharge
3ea7cdd0fa84f6a0012b068f0b516cf9,main_screen
8f2601b529b1ca3f7490dc378fe79612,main_screen
9a0c4066b2ff4eb40349285a1dceb91a,main_screen
4b8da7a888647985eb8a5bed96879a0b,main_screen
38e9957405c7628bd7d4a1482edafc86,credit_info
9a20ce888fa4e012610d7b95d8b8a4d8,credit_info
3e152a851d6ecbbb778942d0f324e6eb,credit_info
d0b46406a266d9e0dba5a71de165d39a,credit_info
b1aa6ba8c46998fcc8a14e9cb4c2d560,main_screen
7f19bfab3ab6b2bebae7d21bff3bdffd,credit_info
ab5964f9ebe7b58f7b8d8cd36bf3eff2,main_screen
9d104030a4ae90881a940e0fc683139f,credit_info
844bfc7da79140befd555153a455861c,mobile_recharge
db376fb9cae219ca35d530d07e398aad,main_screen
23d9d0f5df3eb23cf9b9fb618fdfc8f4,main_screen
5b7b6cc316ca3a487619e0f71a9dd910,statement
9070db24fb6da2f5fd5b977e66ea4aa1,mobile_recharge
4a98b2eee305ff1d87083148ce8357a7,statement
a2634e9f069d9df8e18d72a02d6c50e8,main_screen
68ec0c9f86d46d1fb586b542449749df,credit_info
164c86a0161207c8270891df8b37012b,main_screen
6a09495db5be4f8fde3646f8bc1015fc,statement
d2418c1a71e86ab0ce8f63ba351df35a,main_screen
c8ab61e4813d1c89c6c7d3e706f6f03d,credit_info
1f391e43b944be8ec35ac48f1ff9d266,mobile_recharge
d3e4edbda27a240913cab28be7732e5d,statement
2a0b2ea372953e4f8f0ca9fd6a093a47,main_screen
33b61249a841ffb2c3c6e7b9b22c9a86,card_recharge
a65cd87ff32aef5bcc1a851195a22e7a,statement
b78d0e87f7e484e8fe83a862e5e9c5b6,main_screen
f157c861f189a18ab89861c8adb9d033,main_screen
4a6d2344d04a197c1380e869774ad75d,main_screen
a459ba9c2e67da65f1c21419f1ea24dc,main_screen
bbd46f984c6bb2ab609dc2732ca3451c,main_screen
78abded57b87ad09cb69c3145953c533,main_screen
5f376599efba663344e000a2f6a93907,main_screen
72ff295502a401d66b938b56d0f3d9ec,main_screen
a39b0973296386f7f8bdd93ac71b42ba,main_screen
719ac8e3b7d513b5b5e7685b6429b557,credit_info
cc3933e464754f6143da8c35729cb647,statement
8e0f1d9e1f341fe7581f66f04c02c1e4,main_screen
ec676e949660d11fa8f2c405b7463b24,statement
d59c4c0d9005ff864c6023e22a44993a,main_screen
9a96296311f0507d3d3536268744714d,own_transfer
8724a125b381f8695512f7f496b10843,main_screen
e9de8387c901a16b32d2e559dddee360,credit_info
c33e0b2853b324aca756487afbb09351,statement
1c587a140a17aa68e10244ca4812cc56,main_screen
33159d3ceb8f63eb53beefb967636590,phone_money_transfer
03d39acced215c6493e9d7f8693adac6,main_screen
0a14f342665b8f95cd02aec5f00723d4,statement
6ceb70958ddde7939a09856b70352ca6,main_screen
ea8f00e926aac09b5e335c3a73c7f143,mobile_recharge
c6c2ca82549b1f23ac1d5bc929fecf5f,main_screen
c967953746936e079f686236bf3b9ea9,main_screen
c2de4cecf0786b9ca96a72153b38f387,main_screen
6c79ed40b1a4cd2aff25acbd3ce0af30,credit_info
c404e456aefb4bcd3484d6378a1da55d,main_screen
4bbb340703cfd45363e5f0688dd31300,main_screen
8373fe7c8c4c1d548daef018b40bd2c4,main_screen
81a4fb7b90fe84c3d03445f90b9991e5,main_screen
8f8df5b6050b5fd96004c6e2ff9b5e95,statement
cdacdddad07dc0b37b82bc427d775bbd,main_screen
003dd82cde21751859dea70b8c8a6655,card2card_transfer
98780ca611e3d8732389f5c570d08a87,main_screen
80a96b7608376a11e9ffa0c57ea3b460,main_screen
b601f5bc3c4c1c930189fe6c2f69887b,main_screen
64e5074db9e84d8f4d47a0eee0fbf648,statement
46818df6b06d5f16279c14c66e9fc2d3,main_screen
7c18924ac50c232b78714864ad4afa02,main_screen
eedd736a712fc97b839d0a9970e50e33,phone_money_transfer
e8b0168b58ee40619bc37228f82b5d9c,main_screen
f3466e05ab0fcb08a873d4eb09f5af21,main_screen
f700cb34438049b985dbced8b8391bbe,main_screen
3f63ad7977679162023fde7b3905b877,card_recharge
6fd5a49c8ca0f575214c7cf2a825518b,main_screen
ecbf7bdfe2da4c4943306df1a7b1f5ab,card_recharge
8d5a662019425c231f13eb3918411a34,credit_info
c519dfda7f5a389d2695a27297a20c03,main_screen
7a3c42bc3c12f0e1765e5e1f3efa3dfd,credit_info
80f6283b180d5902b4dbcec633dde97e,credit_info
1729cd8054cc6c8a85addea9d8e1650c,main_screen
4d2f9db28949f6eaca2e644a95b62888,phone_money_transfer
ced622cccfb54f02d3657d37d936f424,own_transfer
92f4b2cdd142bfc7103ebc51a80a572d,main_screen
ce4c7cba9c01d1a769364370515e3c85,credit_info
87d6a2726574c019c506bedd6680ac89,main_screen
ab1565811ee1044a16c1fa42d8e901c0,chat
ec741d5a16424c7dbed1b1e232c76ae6,main_screen
0213f4c6ce517806dad37f17721f2fc9,main_screen
679d39d2eb21ce288324c9957d6c712c,statement
598cd474fa7f856797b1e88ff2403adf,main_screen
971fc80a8378540e129fe01f23024189,main_screen
caed058481cc109a6667ebf445018a57,statement
59f620a4948f36e04a828f97bd44faa9,main_screen
92ab80d0b8f6907da7b117d3fea499f2,credit_info
00b10a0491b41142a811380545f645a1,statement
bc344122f12d3b6140821f245a52b543,mobile_recharge
925cba9ff58e1e0e63f7c665f28d00c4,card2card_transfer
aeed940e72e50003cf411306a67bf4e5,own_transfer
f90bc0c1722273e670b00d0a72924d85,main_screen
194a92460448bc0d5c4da0d37b6835c1,main_screen
4fa2c6c3cbd3704c86a334865c80fc96,main_screen
b98ff3e9321768669efeafd6d3105c6c,own_transfer
b119b37ebe0695a16a0098e2526a4d42,main_screen
ad0743f0900b18a6b48d6aeef685b243,main_screen
700b34422f827377ce81fbd223ff66ba,statement
ec868fc2b388293cf10e18ee9518d72f,mobile_recharge
24b9cd3be068e9dc1415b652ee5820a9,credit_info
b3bd5deff5901916aa6022a7d3e15bb7,main_screen
a1d3888737ec92ebd529238f5106aebc,main_screen
3fba3858ee3c74aa1b42f13eee1a611d,phone_money_transfer
c391d8dd854ca13187fc6adae932b5c1,invest
63268cbafaa5db808414a592d582bec0,phone_money_transfer
474fc137245ed3b54bf5f355ac83b4d9,card_recharge
f38552ccc417cd1b765badfe5cfa0fa0,main_screen
76c9272e65a476be5a7c760b9ca7a950,statement
e6e650051a09caa364244d8de0adfd09,chat
01ac955bce47f633f2f9697eb85dc8c9,card_recharge
370cc3ffbef0df66b10095a662e441b5,credit_info
278c7f6c577f11c05a1fd8525dfccf5d,own_transfer
3104ccffc819f643641b53957547bbae,main_screen
3d8973633f6ac119da381670a53f3dbc,main_screen
8de7c771a043187f048a3c7e80a08332,statement
c73de3c19514a7a84f91530730334e05,own_transfer
587963ed55c39904fb7177340d372a4d,phone_money_transfer
268ef3ae707998fe9e57ea67321ce587,main_screen
157bd2241e5409ee4f6d8de1221fb92f,credit_info
b6a0833c9baffb76d3eeff0766c4ce5a,main_screen
dff1cb76a17aa0b5111bbf2ad6f97ccf,main_screen
403ffdcdc3aafe10d944e3d90ef2f57d,main_screen
e9bde2141b49e96061ad0810397a91e1,card2card_transfer
23c0889bf4e48e6db107e133784b3c9c,invest
ffd485c05f41d3fd1c724fc020a8bd67,main_screen
35d9be0542de6b3a7d3acf6d779acdb6,main_screen
b54e91dd4d5bccaf64ebd45a83e881d2,card2card_transfer
f457cebf20bba1c3824c5faeec64ed53,main_screen
de0732dd26e9c5a4fde3c27f49dc5fed,card_recharge
e440be979364e60f272ee5e398bfd47c,main_screen
bafa0104a4680b2df4f7f542617e3b3e,main_screen
2c9e0f1d32aa47f7a805dfb19fa45057,main_screen
2163ad7c56f23318bc60435d694fb1e9,own_transfer
f25631bebcf39bd4090173a891d20070,statement
9bb7602aea7c83da5712a87ac62c7a75,statement
76b6f85b4ca59475204f9425d8118d4f,main_screen
ddfdb780a6b578507b43785b52544133,main_screen
12b2f8edde0ca7e088b7da6bf502bc1f,main_screen
1b9ef7c968db2c494515ff656316c661,statement
c99627c07957b18abcad5fbf6f6286b4,main_screen
818ccac2bfbb3985dc36ab7a625337dd,main_screen
573759ca3827c142b1bce0aff15a1d62,statement
723aec73a60e5972c4c4c00d6f05c24f,statement
552804940b206cf043a71cd0e42c366a,statement
05ab0382e3a9f7a6b049280edc978549,mobile_recharge
a20867c4811ee1318f0e400754e828f0,main_screen
6671438e3b7ea91c4b54074588dcbd71,main_screen
79eb4595f2d140f781ab408b4ec9aa0f,main_screen
bc9fbcbbd85faa854e022a7bc7c98be1,statement
0c607089b676917c2e1381a8aa1bd268,phone_money_transfer
f247a3969d197e480e0eb316641b31ad,phone_money_transfer
4390c6f00b220d0d96be37c69f07e398,card_recharge
86d331cdb7b578a0e33904607dd5a512,credit_info
4756858d6277210951be3a7fb1865d54,main_screen
ad9f293934a1308cc14763e54c2d90d2,main_screen
ab6e96ffb73ff3164b7edab52668f6bc,statement
3bbaeb7aa8d8a45bdf0fec009af227ff,main_screen
5ff915cdd031ba18b24d50bb75627af6,credit_info
184aa1f7024c5a7c741f03bbb8ac1a7a,main_screen
e22703bebd795d328ccca9ab9021319b,statement
e2a68f775a451cd1927889567436154d,chat
d38ec06000671e68bdf2867372d3ebf7,main_screen
7e60165a5e6d0301a9aa1e15ed5cf35d,chat
db655b0bf2c18874a54586dc472d9a2c,main_screen
eb448e0e62f55cf19a357f924817ec18,statement
499d0f6982205be2732311da23a979b3,own_transfer
30773e41163ca954624b6b58c0aec918,main_screen
4579fb61a373d75e4808d94bf315a139,card_recharge
ca9418a16fb7fa096701a6ac512bce5f,statement
30de4c4a1972c4e2fcca6de6358723c4,main_screen
95aaf9b7e77482d24661007971b7cb03,chat
ca574ff6350765774d68a1b4e55d05fd,main_screen
698055940de66b092ae2fb203f8d46f6,main_screen
cf0583b6d42a90227990e8b569598b28,main_screen
e3593df0ecbd7e98a15ab5a2ccd2718b,credit_info
5b062e7553a59d8ae3ba4300efb29f4a,main_screen
afeee83e1c3df00030cec28fd194a9b0,own_transfer
7bb62910c8520e09cccbed70dacc69af,main_screen
fb5b9ccf96058f5013505e4ac3a05c76,main_screen
9c5e5a55fdceb67b5cce3cd195ff0fe4,main_screen
3f120786c461e2319cfbf2b55f6c850d,main_screen
d759bbbaff6b51d547c12a58d5e8a397,phone_money_transfer
b1e28af720d3b2bd9ff16a66163ef289,main_screen
9e9f75041d48638f29cffa8eba572f7a,phone_money_transfer
08328b89c7d1c0c6e2520546c541a756,credit_info
5252270877f9092a397f9bcf12287afa,credit_info
5d89a14663727ad2df6d3d2192a31cf8,main_screen
79053d212384b7bf2900f92622cf468d,phone_money_transfer
bddd171b2f6433848721d76c0a535176,statement
35f68b89913e05414f9fdf7c1ca53dcd,card_recharge
007fa225ececa51b35b2000e9225f41c,main_screen
baac7a5860124846fd8467f2360182ea,own_transfer
abf624d2079b3bd95e3a48e559c8f5b3,main_screen
9b59eacafb02142af6b1e9a930af12a3,main_screen
5755d822b3892502951788046b67f317,main_screen
e147e188fe608eaaf9097f8ba046ddf4,card_recharge
b1ca8cc292acbbe874606d7dc9464198,main_screen
2d11c7e846515f5c599761051c8fabca,mobile_recharge
56079f64591ef9feaa9df693387e5807,main_screen
6bb434ecd4d2607ac6b9f3aba538ba80,credit_info
d526d77efb2458489c7fa51f4c54e140,main_screen
68b5909d442e204ad88c6f28ec30d510,main_screen
3963945885aa800fe7fbf2a5eaa5fdd4,credit_info
d1598111cc50a5e45497a77898e42570,card_recharge
e84572c6cff439d51a5a50bd9a3392ba,main_screen
26118d857330ba112e4e77d85c6a3886,main_screen
4718b7a1d5bdd75b917575e05b04275e,statement
aec1fd9b7ff48620642097f5abae7e5d,statement
240bb8897458a16e165b2370910b8765,main_screen
8a93fa36935302b3665f095cdc0cfc69,main_screen
319eae635e08b6fabec2607a1c6a47d1,main_screen
9cab797df9b67e231309f4ab97e2b634,main_screen
474d55c884e26f742eb41675b8c53be0,statement
ec15b73d20af44d87b29aa9fdc73ab3b,card_recharge
4782bf907a5d563dd4e4e2db3681407e,main_screen
79df2e2d7bd8cea9b18b096e9ccb5123,own_transfer
4c8759e9138a0b9fa006e70d5c135c4f,credit_info
ec9f20a1cc0908d8792403e7d834774e,main_screen
62e7963a121b5ca3f943a3355d867128,statement
0c8cd574b8153520fcfaa2f72b751e14,credit_info
91ebdc5ea4699288fab83d8299f07573,card_recharge
13df96744fa07eeb2c1e7baa48e04594,main_screen
b62b31de0ee538e94864e8e44ac1255c,invest
76b29850197a6d6dfc0171f3e0c62ac2,main_screen
5b31fd15e250b3e4e674d9349bc776e9,main_screen
7e7cd007a61e6349d15b3543c027b397,own_transfer
930cb64d07e53a43e628b3ebd2a489b0,main_screen
37951e3fee800b2a8d98bcf66e59d857,main_screen
bd84131968e1133ce60d1b264682785c,statement
09f0f33eb8b76c449965ba5f4e916d8b,chat
0dffc0febc2d6d355b69b0006db32bb5,main_screen
639df725df26333b381910e82c0ffa33,main_screen
28ba291aa69ec70386f97b4cce79aa70,statement
d08145197e64ce6969823876d3ed4d47,main_screen
f8fd219185677e8804219b1a6e85955f,statement
7ad07f65fe053dc535b1835e4818d74b,statement
279f563806709981c07f17336f429791,main_screen
dac900d2ee970ed315b320dda75293e5,chat
6d90682d9c6e25602291f4f1aebf2527,statement
1060d0cdd1bb5fda313160195ffa1904,main_screen
edf38794e386f73f5992d67109bef94f,card2card_transfer
e4d2622e57e812842cebf14b8e8ba258,statement
3e09d725f186a298e9ed5ca95561626b,statement
b669aaac4a953afbdf6daeda46d1b2de,credit_info
4419244c42ee0595ae430869f30c4bff,main_screen
617b2bd77577e501e6f7254c80916fdc,phone_money_transfer
37d1939565653786f593cacf35ce90a4,credit_info
c9dcdf42cca290842d3229b5bc0e648e,statement
c7413c79afea5dc3de536b996acd2293,main_screen
bd22c75d1126e348923f486a24edf0e1,mobile_recharge
c0979f3957ec719bd9410b26a6aa3b07,main_screen
39a1307fbcdfcd17ecc045494f6d4272,main_screen
0f5d114355db83891fa3fcc208b0eaee,main_screen
6e67e900585200af9e1b622649796db4,credit_info
bc05f27e24e95c86ca0b9b671b0c6443,credit_info
48e28a270d204770c891a5a7934ff524,phone_money_transfer
be3466c7ccbf19d64608539843b15f47,main_screen
19bb220962cb0fb46f47c00e1c83da7e,main_screen
d75538980be2483558251ec5ac3dd316,main_screen
ef5ae25a9e7fff03e56b42d887a01951,main_screen
2b27460deed97b430b600d218fcc99a7,statement
169b8c6ebd46a00c8c9187c7d31b4536,statement
2c96b1cf3ec5e914925e43e0a9de910f,main_screen
f63c8dfe79c455781fe6cc84eae97f2a,credit_info
ea14d3fc97917e9966cbfbc85744a7db,chat
33bc25de648a4522caec6b341f5dd9ad,statement
dafcbcc1f4cee2e65bb9114c66831398,mobile_recharge
d10d14fc3c089cf5108e2f07f4410eb5,main_screen
1b00700dbd3455fa5242a13e268553a1,main_screen
ca22d7a29db87b2b0b17aba8da90425b,main_screen
b39a4107ec9800cd80f69d401f6de9e3,credit_info
68985eeab68fe8861ca414d943b2fb7b,statement
d70de1d22718f13fdfe7008d34ae64b6,main_screen
e56d3103d8267d1e55f6e6c6461ba96d,chat
b84797bf3716e2d4ee569a2a99bf9066,card_recharge
5a2664d09d8fdaefb6cefdd779b3318e,credit_info
992411d23328c1e3db8e2fe1285d11d4,main_screen
dde076eb438f9f84e7043f56f8c95010,statement
3928d96193fb736065e4ccce5f230424,phone_money_transfer
a558e389e09f8a9ec9ca4b58cff2b690,statement
e83514bd7c5b8129a114a0608ddbd548,credit_info
c0604cf11cf9d66e2b0fb55388cc06ec,main_screen
7cd52b0fe4360134019552045df698fd,main_screen
2306fa5b19260e66f70a16d501604148,chat
5799f359d56093a1d02613d84cb9bab9,statement
c79903b50ac9b5bc1797516d2fb1a056,card2card_transfer
95eb74170293d508e6e28f6213591336,main_screen
d9a6f606f223cc0d814dca59cd3d78f3,main_screen
9bff28fe5b71f4dad8279287cb3069ec,credit_info
3cc98ac299e544c4f3085f869c5b2193,main_screen
1e2c3f914db4614ef38cfc525ade73dd,main_screen
024f2612505f7e3e61f4ea5f0abc8ac5,main_screen
4f3709e589aec1b8bb80ed620629ff11,main_screen
828277a61813ab169ccbb0d72fbcd04a,statement
d79eeba050eea8079f62c6fc6f4535bd,credit_info
bfc2c3f165bead15ed3db26d9bb9e227,phone_money_transfer
8f27c3fc373d7fd83af748de398dee84,statement
8c232237ff73c21e0f255bd17197506f,statement
c687dc36d915fc53068d0bc6051ba7b5,own_transfer
b9507cb211219f2ddc595e3e6dc63e54,main_screen
eed340d37d027877c35416ab1601e9d2,main_screen
aa34f46b5e42114e7157b9f70c3a3580,main_screen
2d869513c48161df6dab3fcbfe9d6750,statement
4432933c83d14059482d2b3bc995c703,main_screen
384333f928ea894da3368ef83eef5312,main_screen
f2f9a4b33d067f7d5df985d0a430b5e5,statement
4e068c8ea22d06c29dade941f42a8975,main_screen
525068de88f9a1541a070ffe911b62c3,statement
93e15aca55715d3727970bca63b48b83,main_screen
19b0668f8639bff097e4e29e98fa8e32,invest
0591ef67dbd88a506cdfc0c6b57d023f,statement
cd5fe02a5183e8c67aef0e8834499635,statement
7810ecb2abaadd9fcae95450f62c30a0,main_screen
7ec0a99203d10265c8140e879861d29f,card_recharge
aaa43b21837a13dc22b3bb6b6df89eed,statement
693fd99368d0e0e033f33cb9651a9386,own_transfer
e0e763974287cda0e64c175323d2f154,main_screen
d624bdd1773de0ee1302ede15d23845e,card_recharge
1aaa625eb8c01b73b4220e676d052c90,main_screen
e9452609c4339cb8e37c59125b1085e6,credit_info
24cbf8b0b3845c08b46187d2c9c3dfa6,main_screen
26cec69375a3815b0f95ed1f2dd0e8c2,main_screen
4b75cdde9560552eca81de36cf7533c2,own_transfer
51717fbfb853af914c21f5e85796f657,main_screen
7f50384efd13c4df15b2008f37fcde47,credit_info
8e15258347cd7814cf86f61cf04d3749,credit_info
8185a0c9727a3b757199387d09e40560,main_screen
aa18d81dd9e791b77af48eed9c41bc88,main_screen
e521a7cef4b6153ac0ea9433e49582fb,main_screen
ee07cbde0591a1c391211fb103a7ab61,main_screen
8d351bf8d1c3524aa7418df79866fc15,phone_money_transfer
ed370a4bc5c9b295242bb0720440c22b,main_screen
52ed2a79b27a750dd17b7c3c4870a0b0,chat
4d027e709228c713ef43b6692ad0be42,chat
928b33681243b9c00c18f6cf78dea548,main_screen
abcefd3961fc2da30c90bdc23f2dac7c,statement
0abc63feae7f5eea5f78ae65da338a55,main_screen
9be200e61afe3c9a33fc994ad65864d4,mobile_recharge
f1406bcf2b16d81c05f9abc3315a48b3,credit_info
2ddfcd583bfb02e4b1160cf8a8331250,main_screen
6199d8b0950be54298a506bca73c7c83,card2card_transfer
94196fbec75e434f60c88dfbf19782e5,credit_info
4c36f55c231ad504105147891fc39fcd,chat
df7e44a44c3b1a4c5c47e3ff9446d07c,main_screen
d528de3d9025fa4a431fdebc6820f36d,statement
b4f89188e063fd6e4a7f519fb372fb34,chat
272f07eb30b77c8dc972ddc02f44612b,main_screen
982262790f743ebf43fb382087c5675a,main_screen
407be0d04424db274569e58717fcf93e,main_screen
8aee9f02e5016585e269262f88b52443,main_screen
168c1cecd946bb59785ca26fa948093a,credit_info
bd3b9dcba32ba229b18699697b774232,statement
5b089b5a6e3c94e909aee55192b7067e,main_screen
8f92a20262103829c772258dd1e7c760,credit_info
b7eb47a658810be2d7cb37d6fbd3dff1,credit_info
1ba3fdf54c5bd71df0f5c19291e5c0ce,phone_money_transfer
a82c16abde7c2013262f2aa9f2d04c60,main_screen
a59017222c3dd1bf70347ee04bd86cd3,main_screen
8a376ce9613442f666b2071f3675e8a2,credit_info
0ac9f97a1636b7e4865bc8dc478ff436,main_screen
10367e7d17851060d97e52346e4add3c,main_screen
8ad09572cdf7688dbffc39c09fc69e2b,main_screen
e9a76d548386258a80930b3edf78dfa5,main_screen
29deb6b21e45b2334c127691fc5cf6ad,main_screen
714c55506aa0edf5f5153fcd5230eaf9,credit_info
2857152eb5fd103b54d3d5ceedf6192d,credit_info
57f202d22a12fc7ff966c4c4cbd7a011,phone_money_transfer
75a931e50de88f9d2a2cbbbea2746828,chat
3f6c8757f2acdb127d7af0145a297be2,invest
c34976abd39d7658f832c31b9a8fb148,main_screen
90b7b6d81ba7514bdd2153370466f3ea,main_screen
bbab1bb7e845f7b85011ab87ba9031f0,main_screen
6845cf416bc49bc19539c246d13dec28,credit_info
efbc00adecd3c98967688b5757360474,own_transfer
b9fb44ffad10408937bcffc2e9c8aab5,main_screen
0a6795f90d7264d93ecb2af1d85b2913,main_screen
2f5ebac2004f87135fb4b00905dd97f7,statement
529283dbea4bf85f001f6e3fa4ebbf74,main_screen
a8a67397d611a7a275e51a3783502ef4,main_screen
e75534732a1141188a6620a015a320cb,chat
0ad91799d043c80e382291907bc6e716,main_screen
a5228d21acf140fb26b270b96bd3e1fc,mobile_recharge
ec738a4e9b2e38a7c4b21568154c3d32,main_screen
51ff5d5444d8be84263d85c3037725a3,statement
936eb2f770e23855806750d6d67402a8,main_screen
e99235c77414b82267827c94d22a4355,statement
31c2bd68d9920c3ea6f18d68c96d095e,main_screen
8becd5af9ec4dfac3b0b8b79a2819d65,main_screen
11b9d3325975ada0a69911c263c27cbe,main_screen
e0286f0cfd62a72842204779162f0cc4,main_screen
6777850435897d3058705d3e72f48afb,statement
8a69b04cd83955902c2c1a52fef8d29b,main_screen
5d5d39db708cfb117e42ebdf6dce10bc,credit_info
067d39da7ea0b6c33a370de6dd48df4b,main_screen
cf9a79ee52c955537e7414064da10463,phone_money_transfer
1f9983dbf779e2f28dc86d083499fce1,main_screen
18a6f4f53e6e1a2e89bb976ffd533e12,main_screen
3524abafcc548e250c10b6380bbff63f,main_screen
a03a65c452ba3d39d5bd5380fab80f9f,statement
777a76d4e95f01a60f598597b749d6c1,credit_info
5e74907419059d4983cc747678cf02d0,credit_info
4168617ef00e7ef25aaeae5e26efe482,credit_info
bce750bbe9e4f7e0c99cb48907679493,statement
a167eb63286d7c18be960432af105498,main_screen
6b58764faa69361c6fcaa7f2c51a6b28,statement
b52dabe37d4ffc23c2142350865715eb,statement
3b31ef1b0e4d8163a41cfcf2768014c3,main_screen
30ce8fae7f1d3f7bfcaa1616770ec3b4,credit_info
7b58f275330e81ea821319534042a34d,main_screen
07351b86e43a78722a2c2c2bf4d78b9b,credit_info
4202a638093843a957416e32f07cb408,credit_info
2a570bfb52b251e4b29b7f42d26f8f3b,main_screen
14962d7f226dd2b412d1caf4ee918098,main_screen
2a0b10715616e1716ee739f05fc81265,credit_info
b079215b6c6571d39be9a667f7aecc87,mobile_recharge
c24fc3d45bc95b633a4c45310ce7221e,statement
fc5b993c10a0471e7e72fb6fc7bbb625,main_screen
f0511f6c39e930ceba5f1cc100857ab5,main_screen
018b173f260d62586081554365d6bba1,own_transfer
c995cfd7e4766078fac6b03f28a69f71,phone_money_transfer
d3cbf29889f759a5131badaa22a9707b,statement
05027ef8c1c882e2f31d9e1908d1a49f,statement
904cfbcc8d7a000a0c5fc92295f559a8,main_screen
8e5a4b4870eda891ff3121799ca492f3,main_screen
cd330d87a97b35f7cc76f3ecc6e48196,phone_money_transfer
f28de10194f8d5883431badd9aa6931c,main_screen
ec52bcf7cb977c72bcd03acfe00e6318,main_screen
9c1c14a9be0d6a7f8e5ed6d5f80fdd7a,card_recharge
a440a7bd39fe3378ae873a123867077d,main_screen
9072cf495061292467da333aa4c90a68,main_screen
86c273ea5339990bb3bbcad56b1f5d33,main_screen
abf5525c6d92daa9f5b2e5683cf0be8a,main_screen
569090b500b32568aafea5a294e99fb7,credit_info
b61f2351f72ea54657a13fdd3c53c694,main_screen
b54e8551ac036217d178e3474eabdbd9,own_transfer
5ef96faae16b9868b80e0967085b9bf8,card_recharge
79db87cb10bc2e22c25afbf233a2f4d0,main_screen
602859ac71e3d55e6785837dfd3d48bc,statement
34a7ddcc4cdd9c44a9d3a5527496bde3,main_screen
89cc3f2a64df3918d335e3ac8ef7c263,main_screen
092457d200858b5dff9596704454c042,credit_info
114790dc1472abcde74ed7709e34b1cb,main_screen
a529485ca1809eb0b5675e69f205c11e,phone_money_transfer
6747acdc2f6daa5d99f80f35eb887edb,main_screen
c53c2662c8e4ec3de46579e0df38061e,statement
c888433b85578e3fee6853196853b8e1,chat
f98c0382aba8fd263c5bd0682d24503a,credit_info
eea1249dfa91fcdbcf9a1c61b676ffc2,main_screen
448df0f09a58ad5830189b29da8ee5b6,statement
5915271bbe80972268c71b869c68e801,main_screen
0f4b8906ef074e8ca8165773091827b5,credit_info
296059199e9e14539e0202b158df296f,card2card_transfer
8ec8cf7b595921eea0eb9fba6ec085ae,main_screen
f034504fb13ca441cff1f94cd1126e84,own_transfer
3186d29f9d23132d0f045c28bd684244,main_screen
9bfc50cca26c12f868c611e08a855e42,credit_info
fe302ba4b69162db7f72027f9920c51b,main_screen
cedaebaa93eaba0de8ad269022cecf48,chat
5bc1582cec209a582dccacb519635805,main_screen
f930f6c582376ceb94f386ba3e2b158d,main_screen
87cff2d62d69775a866caaeda1ca38c6,credit_info
a80587e22a08fd7a1eaa29235a3959bc,main_screen
fc48d4179c3c7206a36d06970f870f36,credit_info
1c18a3a593c7b297ceb5375003ea5b58,credit_info
3bbdff8aba12d83d9d98cc8f155c626e,statement
d147bc9c822e0ca04b91dca46de84837,main_screen
198b224c2fa23b46f517de4b032f70d6,main_screen
a3f4f7354ed4955544d15017b8b55aca,card_recharge
1e05997415760f1cd3b44c120a994d52,main_screen
b3ea082184513831357aacb98b549769,main_screen
a8a64ca05138c6542577f7208b903e32,main_screen
79779a3ba2030b62c39bddfb59b1ba54,statement
f1f0fb4aba023ed391ce4e9e52543947,chat
11c2f9a6c4a7f6a20e9552020723f9b3,credit_info
56dbe0362c3ea0ea41adbafadaa91ac1,main_screen
01a97b5d88f34a0c1f3cbb48c957f363,main_screen
5833a0920fa761faecf45dc2675590bd,card2card_transfer
0c751494ffafd1225513d5b1ab18df88,phone_money_transfer
baa77b17222b5d18445063c795cb5f34,main_screen
b27df1aa15ae58634a33bfd423bd0215,main_screen
d1ea5071ea11d18b88e6d6b1ea8cd9f8,main_screen
d1927869ebc7473a8bd5bacff4297c0b,credit_info
e8ba2a56291b7b5212e635641c3b7ae3,statement
4e706baaeaadf75e7088c1a24db5834e,own_transfer
7de676212080ccf1d1f891fd72723cfe,statement
a4746e0adf976bca661e196732a8ba10,credit_info
a77b4d194cfc2ce2a83d016db9ebadf4,main_screen
7470549bb6221603089a29963faaf838,phone_money_transfer
d8735c0ac0892fd696d37d677e4822eb,card_recharge
c5e822b3fe8d34df65e66b88e429d8f8,credit_info
b1bc0be11b3ae4f68727fdc5b025d785,main_screen
fd2931537b144815ae08fb6985089da9,main_screen
baea9b68d3252371354afeff8356f892,chat
99a1a7e44554077ecaef0ebbbd840dd3,main_screen
feba6b9889984c636d0d139c388d13e2,credit_info
3be733c46c48a6c6b04deb2a5fbaa25a,phone_money_transfer
25fb25270c6de77fce60f3ce1d91eb49,credit_info
ea7998a94f0d69322779cfbe751ed380,card_recharge
d1603b02ad26e19a8118db7c76ca22a9,statement
dcc3da4c5f17db7f39a2dc7334afb870,own_transfer
c0c7993a105d3fae8dcb98892524e513,statement
5b8118318fed489f00e3aac9dd591bad,main_screen
4d7925c374b55a244568ec651f8c811a,main_screen
d3917b1077b710cd6577db14420177ac,mobile_recharge
618756583d826ad431ff286f8bd3fabf,main_screen
714dd13a9af4db72b08326b2845c053d,main_screen
2f773d62ec5740deb93845746704f497,main_screen
fbc0c1448b3c2af3aed5fd25b60f1d93,main_screen
1f329763fff58972018712d2c0972e27,statement
2d979f15925ae17425ae32390653fd6c,card_recharge
6e78f0f6d2019b562a1676a26960bca7,main_screen
31e803ace26d6891d9e542f2ededadec,main_screen
fb268904ff5b7aba16f2983a5cb022a3,main_screen
3f0b5311715818e32375c6f80d39997c,main_screen
26913d5688a1956f5f040e758ea73ac6,card_recharge
e95106da96530125b9b3f5903fce449e,own_transfer
6a88af48fea7a7c21914f653c582087e,main_screen
4971a85e45b36375ded14e4d7b67bee1,main_screen
2d0aa8d8526faf823b658ad7dc49e20a,main_screen
ae6638514a2fec464fe1c774aded1a49,main_screen
a6253c1c2b31884d4e745d6846a5af2e,main_screen
e401cc51e3492809803a30742add0e30,main_screen
ee8b0728eadb2b8eaad49b765e19ce41,card2card_transfer
f94bebe448882bfcf7df01ce8b984cc5,statement
00c4502a17b487c52777382b5c14695a,credit_info
f3d79132956275722294c1d01c7d6065,main_screen
eb49f8bdb706b770ee4ec7a83f592999,chat
6885fb4f5e5aeddfd6f0e6ce13730e33,main_screen
cf440ec1aeec1d5e7622c5aaf3461887,statement
6937d4ef9e7d1d7c322c66f1e25e9bb3,credit_info
d48e5383cb5d48baf90edfb14c8cf713,main_screen
49fee22fb01acc173e4707c1536da71e,main_screen
255264080676dee4fb1d786b04ff5cc2,main_screen
27319394cc3efdc0e41188bc512ab692,main_screen
005e70cce8ad4773fd41d595e0635a90,main_screen
9c1a32e0cf4c949dccbf4fdf7b93fd67,main_screen
e40b47002f7162fa08b97a8ffb30d429,card2card_transfer
57cffe51b79482f9c455cee1452f281c,credit_info
0a05e56a9f5d0c853739b6aa680e6a49,chat
b06d9ba89d9a33fa5474be8ba19028c3,main_screen
3ea29c84971a70116c224c7723b8eacf,statement
001d73788c261da0a73c41b44e886e2e,invest
5ddc1b4b7bc266b1ccc769ff5de4909b,statement
565d07225cd44deaabbe3e1ac13c9d3c,main_screen
bd03b8e4b19834afa97839471d16321a,statement
c65caf7b825f8806f294c75a8a635d22,main_screen
49516781ab2fefaec48e5679b521c755,card_recharge
3eb9b4d86d467005e91d274666fb16a2,phone_money_transfer
97930775dd4dd1f8db98e7c1046e5b50,statement
1960a532125047d6c75b027a771fb08d,chat
9ad268fe09bc1ddca84bb5c18210bf99,statement
ef666776fda391b3277ff92362cb3906,statement
9f5a04b66acaf7ff1227d833f21b0064,phone_money_transfer
1a4e14cc1e29d6cd92e20ade60fdc714,credit_info
afbbca88faf395e98c67b453b3cbb850,statement
add67e5af5500d4ab5a0a5bb6150f907,main_screen
f99c04c0d19d13a9d2e9d856e0a3fb19,credit_info
c368e024f4cf9743c048a809d9a5c28c,chat
d9f368c0e8e6ac001a6697d953fd4260,main_screen
e654e0927fb79fb4bf2f870f51e1d2b2,main_screen
5caffac597a5c2ed10fe8075daf16f81,own_transfer
f4b86fe92a5a2554aa3de4b516370e21,chat
b5d76b7cc9937ce02eafd8e206ace599,statement
cc922d875f33e2ac3b0de4e8e54e274f,main_screen
745815ddf9cda9cbb7a5b6dd5b64b018,statement
623bc680ab275e8a67edeaaff599fd32,mobile_recharge
93429200d32276c965c0c1e4c2e65c38,main_screen
ee13e9d1e9d793332dcda6d531849e26,main_screen
a4526b5578dc97481154ab53774e294b,main_screen
b5e9d99bbb2c91a54e5d63c3fdc48f3f,main_screen
99de7cbe4b1bd088052e5de55717f314,own_transfer
67e32d161579ad93ee4105e551c89d21,main_screen
f276e49214622b2824351def69294e8b,credit_info
96785bd251b11cb1d93332f08e1344fe,main_screen
f29187392303817ea919031fda5e2645,phone_money_transfer
8729aaa73048c8ca9d2ca2bddeced6cd,main_screen
6beec7c753a73ae0510393a7f85f61bf,credit_info
c56a4f8acc5adc00f321829a009afba7,credit_info
67486ae2381b1ec9ae032457c50d3230,card_recharge
db09d774a785cec244abe06d1559e2d2,main_screen
6881e68853f2550c7d4d7191aa0a1e2b,credit_info
421beeb7476b873d9c992e3fa841158b,main_screen
ac8227bb9a55eb6e6c2c8e31652dc124,credit_info
3b7fe7b55c60864a4595f933e1452969,main_screen
95cead7ff8eecf1d8674410b3839a01e,main_screen
a34950b395b73a37c9b412334f8fa4a5,main_screen
8951f85167ed39c3f5a7d4a76d5b823b,main_screen
fc381eae4aa7b4a79581be6108a7eb93,main_screen
75a7a51eeded0109573f49396b4a5df6,mobile_recharge
44023e8a300346596aa9d339868a794c,main_screen
f561c9f9d8b26c380efbdf8ba805f01e,main_screen
bffbe84e922225e9d817bc9ad38b5586,credit_info
1e5afb0de626a6c8e0624ac200ab2d64,chat
7f4519ba44ed99cf639c8ff3aff98487,main_screen
332dc9972f8dd865d0e84fa010d19cd4,statement
3e1a698342c41c104b94b5ced655849a,main_screen
9e52250fb5b0a3326c08dc5b89873d4f,main_screen
6b7e87af4b239dcd4a51064309fdb2c8,main_screen
9b618e8d978d3a831c296e53e44862c3,main_screen
5331fafde699dd71bb7048ee68a5991d,main_screen
94828f585e324ceecf0b70dba104bd13,mobile_recharge
9d94fd23aba7fb34cf69616bf105218c,statement
e8a45715063fecec0bc483e14431b215,statement
6cd8f2c7152ba136846b8db371e1bbf1,statement
daccf93e6a53f355f51448789711a362,credit_info
04f3ab61431491fc739164a9cf0c83c9,main_screen
197ef938153b40ecf930a0bf3d1a2a00,statement
14bad088a1b4b1ca41c0a3cf024f773a,credit_info
84a7a54b6a730f9f44e0fb0dcfcc77ea,main_screen
548c506ad78e0079d337d0086ac45738,main_screen
93a743b8d77cab404e259e5d66895030,main_screen
d09f8950d8b12d62ce65d9444ced3dcf,credit_info
cfd750cb05e6732e0f339d56742ae116,phone_money_transfer
f5eba6a6c00fc6faa4064a841bbba5b4,main_screen
1a195a3119b376af7f7b7f47158b25d2,phone_money_transfer
9d79a68dddf4e78b0c9d953503551e98,main_screen
dfc02906c76e83857816bc2efac92abf,main_screen
d6c5535aa3add03eddc23affc9ed819f,mobile_recharge
2a4c313b6608b614ba0763170b4a30a8,statement
8593c5b64ddacc4528fb60fc25bdd236,main_screen
37d9290e9205d0941f75411401b16f69,statement
67846688a44e1c23ab90aaa86e1c1ef1,main_screen
7b8d85ccbc9db661fc878c5a3bb86126,main_screen
bfa95bce06e9a8340eb2256e3efd51f0,main_screen
2fe51e157734801fcf17137522d6444a,own_transfer
ef0aadcfbc0973c5676ed5f9b6d8d02b,main_screen
26af00e6406621234e01c115c4da94d2,main_screen
a25bf4f5b9569a4b02646f5b27d90482,main_screen
e65f669812f4f4330c234c54615db3af,main_screen
dc4378466df95c881f945f5e2ef0abb9,card2card_transfer
91e7417ac33c7f83422683d4dfaf2044,credit_info
fe8149c21a87397c13cfb9c00a252b0d,credit_info
4b320c0b2b1a3ff1e348eb6faf641c68,main_screen
0ccbac986caa3d40daaaa00f003265d3,main_screen
52d5369845ee1a46fac1ad6db87e6d94,own_transfer
c4701a6deb264e2f06375415453e4277,credit_info
c83c2b8b21219d320d110e458aad6a13,phone_money_transfer
55c9a20a4ec23184d2ce308b9be0d909,phone_money_transfer
efd98426684767404be4e7b6c2c5f6fa,main_screen
21cdba78145c3c6d2f87af064009097c,chat
b2d976f7946239eb5862538e5390dd4f,main_screen
91bb0d66c44e8e84cdc0f2646cae0bb6,statement
30653ad3902fb6576a2a493680000ac3,main_screen
f05acd2724ea324f86cfb970034b7497,statement
8f772df983fc76e60075ea75d6531e3a,main_screen
5ea3277bd45018ea07365cbd478754b2,credit_info
0de669496ace6036b89479ea8656b0f5,main_screen
51a8d0f2157a861be5ef5fff249e0c5a,statement
b6f3d7371fd990f7f4de9ff0374586ee,main_screen
cb2e9dcabdf74ccc5ea862336fac941d,main_screen
1d3cc1c17e99f16ba723baf92c762288,main_screen
c0bfd991e48e34520fc42aff925467ce,main_screen
e4297841d8ff813ddb8a9a165004b330,main_screen
8e7f6f88ccf9040f30c31d7e19e8306b,statement
019669416f9125515a8c7034923a2fca,main_screen
b95aea7cd2a69a8c13f2302c0e36f346,main_screen
fed87be2910809a96db580202fe90a64,chat
e51d86de76c6aec455d83aebb4927d8c,main_screen
b0778e6311a182c8f3aa62404725ce28,main_screen
860593a7d4701de0bf5f4d0bb0e1ce29,main_screen
67e5244b462eedb6208497e5ecf0ec70,main_screen
b7b648a158856bee8469439bdbb814b5,chat
929d2b31307f0c8579ea0088b2f0303c,statement
ae384e536a013521270430040e23e464,main_screen
661edf64bcc414582a779e90a0ad96b8,statement
31e7a815f41446e5dc57e64c8da5bbf2,chat
bca14f3e0ce84ce81d8f74d13f1035da,statement
fcda6fa7036b48fb37f08dd7446e9900,credit_info
7ad2d05d06aed77b75d1e4da817aad65,main_screen
1058ee75620f71777abb1a6bceac22fa,main_screen
65fdd930d1ef1e990fd6e0375f4e6355,main_screen
93e643756fce9d4f5b080264c1f21cdd,credit_info
38fd4a97334f34402cbfe5fafd3c56d5,main_screen
7e4e17ad5cb1510dfa101d7cf1004bce,own_transfer
107eac34fc93ffea17ae41a42f39e93a,credit_info
eca0e0f1e37959f0bd7491794dc38eba,main_screen
b140aca9b864a9dfe1067b01f111d895,main_screen
2cbd21f0ec1cf64c22aebec6cb85f7c7,statement
86cf081306747d306f58a5914e28c210,chat
d44ac63924de63b392f2f2ca39017e3c,main_screen
d37fb0bbff4cf10b61fe11ffeb94a185,statement
8cfd9b7b2ec9dcc38954869866c3ec84,credit_info
21715ac5ea82d511ac182e7b6b60fe64,main_screen
60dc9ff921d478a9997296e5a80ed5fd,main_screen
869d7a21f85c9df9c9cff70e925299ad,own_transfer
2d1f58878aff06d4f117f51413222b40,card2card_transfer
4384a178ce1d27c0b87d236a6fbad71a,statement
1b38171ab6ed8c1fea4a4a24a9bc9ae6,credit_info
16765d2c196a023bac62347c20d1c9f5,credit_info
08d7c54fcb64282cf8ade6d8653abfd2,main_screen
adb7ece8343abe0a89d4e8aedf414990,own_transfer
525439402275042efd756192f9026833,statement
7e621e3239223593cc8700c32438ab1a,main_screen
7505130a3c2af8e0e341d7e7a5794e42,card_recharge
00c110cdf39a36782ffe1c50d21dd1e7,main_screen
55f962de85614effcd6e5d87f4515aaa,credit_info
936bcab8872633639bb163b7a6be8d1c,main_screen
9b4f838a70bdc0032bdaf984d9b4c364,main_screen
2b6bc99985d9d5949b8169d4c5993dfc,main_screen
37d2dd8a8492872f67880c89764a7908,chat
83874191a2fe6972923ab79add16114e,chat
2356ce6f2c0f0f380f33032a38efc280,credit_info
d5828797868482aeaa055874ca2230ed,main_screen
ca21aeb61279ddb73616b468c2cb536c,statement
b41ba21bcac22bc1f179effae305c339,mobile_recharge
bbbfb95c871ce7bf469c84d65a955469,credit_info
134a3702f6e49edbda0d4d5128310929,statement
4a2e142e801f6880cd41ec24c04f6859,main_screen
694487a5d058869ec02b415474dc1634,main_screen
6b5d2a13605523ef7174f8abc1219b29,main_screen
af4f234b9dd0e0e7c3c1d75748758792,phone_money_transfer
5a06b21bbaeb2c6dba881100c70b24b5,card_recharge
a94b359f590086b34f22fcca468a507b,statement
ee623b437f7bfa9a2695d69d9e40ca6a,chat
d6575337eabe6b1c91adfec5ea0023e6,main_screen
096335cf9addc9a39a200e1dfd0e9268,statement
ec4526e7e6046a561b53116b97c8440f,credit_info
4e200c9da2606359c07e83c3fa328fb0,credit_info
2abdcab871df42a05bfdd5bde6534d43,phone_money_transfer
4e6b20ee6910f20b85b93112d9a3b90e,main_screen
97c31a1555d132e33ff82846a7bda9eb,main_screen
bf022db551415f077b8a96b92a262bd8,chat
2b738336adeaea26656c90571b745505,statement
d5aab4753e496159dc020d4ed8e05984,credit_info
63b4339cb65edec85782caace1aaaccf,main_screen
2879f6dcd3983d4cb43ffc5d4cd97669,main_screen
e4cb7cde392e4248d6c741f8a5fe9c2d,main_screen
ba9137d12796b0bf6d1d9939ccff768e,chat
8a0747dd35ba3db4c80bfecb4f4bf06c,main_screen
17afc44344cec5e0f6501b080abe2082,own_transfer
dc44227e9c9695e2d82b1114ae52fc80,credit_info
12a313b52b662aace7998f87a98057c2,main_screen
ba49e81c8f5a5e4f610adf15bce3f814,main_screen
b860294eac95004edffe0129c16e1b77,main_screen
34f282befbca6e2e8eaee6ef122647b7,credit_info
62a81eb95768477a63bf495fd29500dd,main_screen
86bc4923ba76a344e7767a7f86870f90,main_screen
195eac1263afd755e29aedc7371ea7b4,card_recharge
d5e4ca425ea3275b6267dc7de9051571,statement
636ee09a443df2e3111844543357d0c4,credit_info
b26d27c80c55141cc6463fbe1d9ec803,chat
37c1755ec64c6176869c777f805b08eb,statement
1dee6fa53b6211da9d96e54ed4a15805,credit_info
5160891e250b3396d286929e11b23667,credit_info
40ed16448d0b29b63708054d51276099,main_screen
d8970a3067f02aed48aee6bc18c49dec,card_recharge
f5762913d2e810a71775f18e4fe73606,main_screen
9eb6bcafd06f2890fc52e2ce228f494d,main_screen
9a8b9db5327559a16b9628c34f1ee2fe,statement
6ed6d22bc65fe9e0d7d438d338ee3230,main_screen
ae76f6012ccd609f2194566f8364a4ae,credit_info
bc5f578ea006dc1bedf62eb8491bb04a,mobile_recharge
851696494e9e160a3738401bb442558b,main_screen
2524ad213d530693fc5690164a6ec354,chat
1180de00b4e16ed29cdb2f71e559fb30,main_screen
d32b56e9038eb86e0f6768ed32626126,statement
a64c48e26e6cb9c2d6e93e26bd4df345,main_screen
9e430d6db1efb6f250f53b5aec16ab7e,own_transfer
9b63d114d338915a52b8468e9e7c1dbc,main_screen
60b5c07898b100e52a2129764d12e219,credit_info
670c9c4112cd81d236afd9d692aa843e,credit_info
a069da940e4abe62e4bd451cfba510cf,credit_info
4826a961863117c1e5d9b14ba2298f0a,main_screen
f7294c0c2ef49f91dde65c9cf8aa589f,main_screen
47d7a1789981150344b21293310d51e0,main_screen
cc2f5751f928ec41b6e6dca0c3a81f7d,main_screen
59c71f8319cfdffe30e393eb03d80674,main_screen
11efcbc2af917492ac8ac8c1383dcf54,statement
1071e2573616c9b5bd9bbdfad11d0a55,statement
0f3dc8f833b253025bbe37fe91bd15f9,chat
889e4544f8154a76bd24eb4f09691b8d,main_screen
14e605219147fbe08fcb92e9ee2e0ccd,own_transfer
630aa2cdc0344d727d11a350a1ebf064,statement
9fd270b1063342e1106423a034a412bd,main_screen
d2f8786de9f45e712ce5fa96752c5ee7,statement
e316375d49e2cbf5cf892060acf9e365,main_screen
c5a94afd0aaaa96f26b8e6a621cf7c37,main_screen
c8ee26d3a4a50bb69e4cb65979da1448,main_screen
c26d4f6a22de054e91b4f1b4cc2df3a6,statement
4bb174efbae0ad19c11b6866ebb8f325,main_screen
9cea1fe2b2fe4e01c42785ad7b64cce8,main_screen
fd0990079427c3c13b757eabbf0257d3,credit_info
1b48f5da70ce70a44233b69a08e4f3d7,main_screen
56541afff5369362424c0e99007c7e78,main_screen
79b910d1daffaac118b3d6b74718f090,chat
69ffd667c1bf8c2c03cdca29dadfe15f,credit_info
3eccb133c7523a340702169fe65034a0,statement
34b0062cb8a6a0f5551332afb01971d0,mobile_recharge
aa6b3f3fd327eb4da98631f13e676617,credit_info
e75bf807c393a9d845c73cb53b135679,statement
0f4870421ce69d04c8eba6cf77770bf4,card_recharge
91c857bfd904eaf82d274b6cdd053624,credit_info
bba92e2559b902b2be9594971e123f63,own_transfer
ae15e882b1cce2ed9d9180219c0ca1a8,main_screen
6d3d1f168ed0161d92af63f9e7ea1a1b,chat
0b8484782bd622557f939310ac59269a,invest
b4c3c73b0d3b2a2c504d30f99934a981,statement
43e039ec99a6fb81822a3505384ca277,card_recharge
f80305efe0783f427277f50b46f7d5e5,main_screen
3ab0645e2bf24a8ced034b0fed7f55b2,main_screen
0b0aa5cdd0a492a0c80f1a7e26657276,main_screen
6d82b61d17db5c5f24c158a1631754f1,main_screen
58b739605dddb17c7a0ed252845f21e8,main_screen
29afb21450bdc3822fa6c2023f82cd8f,credit_info
3a919a6c99e9742c445c898483685166,invest
5a74dd89c970363aa07f7f8b90cea2be,credit_info
34013adae26816626f518cae34761d54,main_screen
393f5d9c7e8e07ac7affc530876e757a,main_screen
238300bd24a71c197e848e12cab6db9e,mobile_recharge
562ac0d25326c803b990e903397e8fda,main_screen
5252230d15c15823ffb4c173d8e89983,credit_info
ce16e0db5ccf0944fa605b85cdf22109,credit_info
e8bb228ff5a5a16db96c89bfc2f009a5,credit_info
ef02873ff7b280b9f72de31592b55b4a,credit_info
4106d76966f47686c4c815287307e0a0,main_screen
9353d734695d8483ea666e95ec902177,credit_info
8c5afefd4ddb72b58972195d623bf91f,credit_info
7d1b2119d0d7cfb3e30de8ac3f56f94e,statement
8a50e479e5258b2426b69a970b4eb66f,statement
f8b2f0b5bf0d8ce1468839c411112d12,main_screen
1ab347f4de0f4864a56cfa2a79627cb6,credit_info
df7ec9a19ee8d37225c2b984d1ceb422,card_recharge
53500bd775d21268079e3a4e7a964315,main_screen
19bd0955c28ae4ad4f2355098c05c3b4,card_recharge
3fa451db32fc7b1c25e0a5a0b6f87c52,main_screen
39c8692f9528886af9bf821887ed419d,main_screen
19dd8a1e6136e6c8262fb73efd68d624,statement
1a430afe33eb74b9399ac2dbee0be51e,main_screen
61722b9012c0be6ef6d81a4fde080da4,main_screen
4bb8cd5a87ddc87d7bb886da71281e9d,main_screen
50d4e91b492800b58b2beb1575b43100,main_screen
6d274fc070a7abb083b3e8eef99688fe,statement
920e69c1b0cd51ef4a9a1244c239e0ad,main_screen
24e2d57798031e979b7d3b14465581e2,credit_info
cbe39924ca3783f9406f7b28e10906b4,statement
f0a2a5ac26dedf17d910c5fe11006eaa,own_transfer
10bc46b900086f8452b9b1e1236cc5b5,own_transfer
a08b16ea7dafc6463b30263f9eac474e,main_screen
0e2647766e26c83d2496ccbc9cf218f5,statement
858d496d72188cfc419040a16aa7f6a6,mobile_recharge
8d903bc33b67611ef58806417995f7cb,statement
f913356e3e92758eac52f1b2b5769e93,main_screen
9281f5202cbffd704ff7676d4635bd36,card_recharge
ed49d15fa85a07160dc5a93820e4c131,main_screen
8b538cae5114782e403b25df9db0c0fe,main_screen
acdcde6164e770f4ebc2fc132b30a6e8,credit_info
353952f2041933d0a2f2452deb4b793e,main_screen
32ae3e8e685fb6846b8511cfb57e1a1d,main_screen
e5e0d35bd47e17a17d5125f987f80827,main_screen
149008ab79536c10f99afc560b7c6bc3,main_screen
fe54bc2c0b8141a872a0dd2fd3032c62,main_screen
beee52dec8edc754dc4221b53b5e0bc9,main_screen
e2970b3abf99cf7de52bdb3a03424f26,phone_money_transfer
89e52d0382f33dd8299b8ce4be4f3fe4,mobile_recharge
63d360dc83a7191e2c676988ab583c70,main_screen
7c84a1a743c508c883aed6c0bad7eeb7,main_screen
383d403595c735a9d9cb5162a8685a86,credit_info
8004d3cb5d8df75c0f7247988865b2eb,main_screen
33a8c424e5728dce239e7806f41268ef,card2card_transfer
a3c6cd54e00ad8701cf9aacabd2f27ee,main_screen
7d1da73b079e3d229b38c4e91d564651,mobile_recharge
3388057c91646e5d9785b0da13496301,main_screen
a355b60a9b3a56091f0e1343a8013fe5,credit_info
aa960dafe42fa9a9514bb70755d23883,card_recharge
64b7122c12f659cdaf74fca3e677efee,main_screen
aa97b07643e5c5aa4d369bb49a5d44a9,main_screen
5f88e3c39ba597a390df248f10874143,credit_info
e402800f87f9e4940f8d6ede10c415a8,credit_info
0f3e69af08c07a70559aee74852c8446,main_screen
ff16937b214a59e154fa381e313e0a00,credit_info
123d7394fd0a58424e829f0d37919f0e,main_screen
10287258a9cf48b3bac78953e64f0710,main_screen
e77690496064c46f5d2149f32523dbc9,card_recharge
d8e5c1956216a6103dc4e1ac2f6f1eec,phone_money_transfer
2e7ab07d9f57cf252641b97c4d034ba6,credit_info
b73c8efbcb9dc4b41352abca2ddd0e56,main_screen
6f6a4f5d1a0bb76791ce8cc09be1c564,main_screen
277b103eff5b97f1ddcd22b41a0d3ca0,credit_info
7d61c2e659a6bb5b5515e6a1623f6451,statement
9a5e662327f5e7e07356fcc1cb51e39d,chat
de985adc42a313bd4f406d7f42bd358c,main_screen
30b7380bb8304a7332158981fe8ed374,main_screen
b2e52a3642c59381492a33d5694e44be,own_transfer
e38f4c8208eb066a02a619a688ebe29a,chat
d5c0e2762ca9878fe07476be10270229,statement
055acbbf0ace71e3b2096bfb16af4768,main_screen
ba236d87d35805c01d5860ecc98c5105,card_recharge
cb3ddfc16ace6de4d9a072c52c4174f2,statement
f48af03b178517d49eb4b888f25986a1,own_transfer
776cfa81e38dffc1b64cfd54788e0b59,main_screen
88b92c444dba2caf5a627d9e64e162fe,main_screen
32d8bdceab177225f14f4ba5bccb41f0,statement
7441e8d2440fbb92d3fd29919b70d0b2,mobile_recharge
95dac137fed743be8fa088dc025aecb4,chat
38c8e6e060973d1fd70d2dc6a3ca9126,chat
223c7e96dc927ec7aecd57dcd0168c14,statement
b79fcab7b7b5d63c0537c1a7a0180224,own_transfer
25f02160513f90c438ea3f3ccad58bef,main_screen
be4b13480f85166b08c57014b475fe9f,own_transfer
144ad519668d0cc3849bc3f245bed8a1,main_screen
b7e6494b5f530496f96915577030383f,card2card_transfer
f4bd8353666ba985f4eb88cc349e941e,card2card_transfer
e9ecfdc16321e19e70beab95e635460e,credit_info
910a402dbefae7a85e468a43ec0b5a16,statement
a3b8ca500a11f876a504d64de450feb4,main_screen
44035076b540b6215691602b27d15fd7,main_screen
bf35c95988b7f7e5ebfdfb1b8e809504,statement
542d973dc0bba89398c83c04753cc056,main_screen
c1577f081ceba945dc6917b7b11bb34d,chat
48c026df06cc5e8a23d502c69ed1336a,credit_info
b3f81ad0e568af6de8b4aaf158303024,main_screen
49bd55c38ee17a4d475a02a11d5caa39,statement
0ec5023b5bb9cc0c4ab412434ea8b16f,main_screen
13ab750caec483126889c791d07ca12c,credit_info
efc5027a730acba94bd4de7c43fb09ea,main_screen
aab05f6e199b39daa5a1892dc7fece75,mobile_recharge
ada581f3560341013968f843d0cda7b5,main_screen
1c840889bd1020f56b4b62c58493e8fd,credit_info
080e61b2e836080af664e75aab13183f,credit_info
a243cd0dff3a5c72d17179966b8c8e56,credit_info
d24647b2225a82eee456e3260d62c46e,credit_info
f4ae95b26935aa88249571e18de1f8cc,main_screen
c471efa5e088a994115ff7dc4455d953,main_screen
15d995b537513521155124c04411260e,mobile_recharge
ff6a97703170d79e7445e6d7df026045,invest
bb1a1e5e9058acf1e5d6faadd58625b7,main_screen
221a34e8951f6a3c545d2fa1345b578a,mobile_recharge
323e1028a412297e646f74cf3a1f49fe,credit_info
4cea4895cc761d3c642b02b52e89846e,main_screen
c4a026539576acd60389cd14ae922d16,credit_info
b449bbad74eb74a7b9e019ed4d9ddc1c,invest
52aa056693c1e6c9cdb09d7396bfc7fc,credit_info
5277ba23c661201533b4391886154a3a,phone_money_transfer
0b4329a9ffbf3f48eaba10a20e4ec142,main_screen
a27b9df35b6c05bde1592fd8ff212f73,credit_info
f00470c7c4b6c5a5019e908aa006582b,statement
4d00edee7452b6f290345cb6ca872a9c,own_transfer
8ea945c2e9f80b09eb8483e5b1b49379,mobile_recharge
365d8eddd9d9c9a5c5ab332a5a277451,own_transfer
e91b3c7810d31afdeaab1860f3deb42a,main_screen
fdb85c514ef4a8153d867204f42f2f91,chat
03579527fe022cd03b59e569a999cfe2,mobile_recharge
8116aaba3935eb9641016e4ed5885409,main_screen
a6faa2a315785a2a8897e3412cb51113,main_screen
43d961d2887565b17adbb6b9a3e026b2,chat
18f134250f12c4a126cacc9cb66309b8,credit_info
a69ea5050b0d5279934c45a7e636f692,main_screen
a749a505727a69d6630e6762752f6e11,statement
62b1a4ce992f8b1da668f4a695610ae5,statement
48b49f16498cfd2fccc9cb53b9469b90,statement
1d08a221b62dc11889158be363432b85,main_screen
36ed655731138358edc227c0447a074c,credit_info
499a3cf03efa0a6056e074e0036dbd06,main_screen
41bf96bd01903ebfbb9219abfc8e3541,main_screen
8c90af8ce339cdd66beeaf724203f77f,statement
9e11e95332341c5fbe8ea6509c2157c9,chat
0b41300816afd5b031d7a8a332b18ef7,chat
811cab7577d41e08a44674006699ca25,main_screen
40dfb82643cb4089705e81e1fd743274,chat
3ed6a037d90d932c39a332836657f5c2,own_transfer
cb510de69f16d1e5fcb88c29db501b06,statement
bf6f4ee853890061c2e157f59d8c26aa,main_screen
f99610be3b4820375a440c0d328db3ef,main_screen
f25be288e9a832b719455bc2d4ad2ae0,chat
e9a3cafa812541e054d7036ebc0f3719,card2card_transfer
58190c9b0cb793768937c8e710a996c1,main_screen
036b27f4ae16e516d41123f76a17e96f,statement
975d2d6530df66fdcc4eee8d163351d2,main_screen
f0382df8f6b1cb010de4906ceb212366,card_recharge
bc69d1adfb86eb1c0a562d48d0c044e7,main_screen
106ef6e20bf7950287ce46f9617b8cba,statement
2e7dc78f7654e28af8c9e01b9adc89c3,credit_info
cc983ffd1162ee80332fa5493857fc17,main_screen
cb7739c85b9ed10911738ce733dcdde8,chat
ee84b3abf67506f94e9689d905e7a532,statement
b8d25713cb718a68c08716e3d73fec48,main_screen
9ddab0e8766452ad52dc52d2529d0e25,statement
9fd4cc0e095741f98762526a944a7741,credit_info
e51e2f7763f03f94e7567e2419e00d1f,main_screen
4a91091080b9851f83bd3cfe5a3f77ea,main_screen
85e1caafb31d739744f3037c24efe411,credit_info
95da027ec509f2f903012cc0dfa009ed,credit_info
087473a498b796843b2dd62102da9d7d,main_screen
37d23429fe475bcc0803db82f12dd306,main_screen
d7d69e8b9d81946e5c72cd35603772a0,main_screen
23c8801a0ee20b2f972e31aa931db4d4,main_screen
50a0fc6bf778e2ed8415794d7e418bb4,own_transfer
55f93e37b2c4da2ae8aa4fd20a0541f8,main_screen
1e8726afc7a5884e2e9f0e44d49aa481,credit_info
1593dd6305d86abb8f1393cb0f2d9e15,main_screen
15f63c9ebcdf328d8a4b762ab9754434,credit_info
8de24da10921bcb65c0ee21d28028677,main_screen
5ac942569b742a3140177ae79d63932b,mobile_recharge
58abbba46488583b55f3f74662acb1a6,main_screen
df9304e1bd579186b1f5d3fb8ce67e4d,main_screen
0a323f1b750d6bdeca2c85187cbb5b6d,statement
764cbdf149b8b46fb594c2f0db4312b8,credit_info
c5ffbe76bf87f43cec51da6c57ccb44f,main_screen
9636cb243ec9e9b034212b722e380cc3,credit_info
57f8a68f9fbe6b44b47a17b2c7b24271,phone_money_transfer
eaaccd2c5c08d62d2982840df289c1b4,credit_info
849a9b59bf1454d74fd7368ce0459aa1,main_screen
6d22036badee7717df74667cdb0f7e14,credit_info
ca2ece64c01851a37adaa1b5a1103ab9,main_screen
41e2dd717e7fcca8f2a6259c88a33614,main_screen
2d823954c111da636faf95ee188c45f5,statement
b9d82588de9b591e674bb64f1a2dffc0,main_screen
d0509245b290d0d0f618a827c0bcea63,main_screen
f8757f360297e5327831fc8ad57d445c,phone_money_transfer
007fffd3ed3b54ba2c27a916ec62f876,statement
30b881c135fa01ab3b50aa117bbd313c,main_screen
3bc60c542b4f75e256f8f583193ceb93,credit_info
e6b7ec317e0f6d1663c3b26b4be9762a,main_screen
df8098c36d059895dd506e604fe22d51,main_screen
a96c4a6962d14e3e72630f57786f541b,phone_money_transfer
c8b8add10aec786d2a8ca11759f58580,mobile_recharge
34ac3349574e3ac7ef1eb499706bc065,statement
0d49ad18bffe69f499dd9a00f7d7dbca,credit_info
b43cd4a6c414178ea7ce0a0f64a25f91,mobile_recharge
d0209cfcb3ff095acd3c97c08c6c46a3,main_screen
e71e07fb1ebf23df4f55b4375303cb3a,chat
96331417c888f85877c4fe8b6825e695,phone_money_transfer
9c4d5ba50058ad90be0206fb197a37b0,main_screen
4ada9f50f69037ac484f2bf84cc0aa88,chat
27d4762a635a260b876b6e0042a7bf5a,main_screen
c9f564083715de8341baec1d6495301e,main_screen
7c9a695a13f723f742baf66851a7d2f7,statement
7641f735a75b14e686e65f5da8e38579,credit_info
dbc7fa1bff88501b14de65f171e290af,credit_info
659b573001ac58f419806b687da64277,main_screen
fb7a1dae13f30415112a3c30198112c5,main_screen
a2b8b95c5a82390f72e2423a07787437,credit_info
2f3e9fd2be9b82f058bf155ae373ca61,main_screen
aefc2954a5855b2bb9f05545d2faca77,main_screen
002fd06ca5823479db7a372d71cd5b86,statement
f8418dea6c1ce8e75957e0ea9f4883f7,mobile_recharge
ac4d6e2e0969fa8b6b7dca46bee03b95,statement
d7ded977c9d22e44fdd23dd2e6f0bded,credit_info
7efc26f59fdac0a00f5dca74c3ec5fd7,card2card_transfer
9033a7bb95d259fa06540eb0bf37e528,main_screen
cfeb94e19f987775b7ed849ca0a5824b,main_screen
eec8677aa6b6dfde6bbea4176478ed09,credit_info
d17d387fe1681f9f3673ddeec9d81abc,own_transfer
61236bf5643e7fc0a1f1f55a2cf7be53,statement
26d4c371b9106c73cb2800e78642008f,own_transfer
71d5bb2a4c75f6d3d9b61707e59f86a5,main_screen
2fec3bed697003eca5c65baf74699a59,main_screen
841ad0998ebfa05146f3990fd2bbf4c2,main_screen
e4b6fe0c671203956ca21b160c7b41f4,credit_info
a5700d16a75c669a995d21ba2884908e,credit_info
a87181c314741d2bb17209d6923acfbe,credit_info
09a097141b05b7f70b8ff8ce7545a6e7,statement
d8aaa0005cbb70f1973161e488cb7078,own_transfer
f49a45da8c26c55d16b281074bcd8761,main_screen
958003aa838c082c5ab827f0c8bf2bdb,own_transfer
4b36cf9b0deffc0814e9539683a78590,main_screen
7eedd0c1edfae9a9d2597c05ba63114c,credit_info
746f1ec47bea4d76aec1846af02509b3,statement
79befd64df10762263394cd66e378b24,main_screen
0d4be8a609122744da92122346f55874,main_screen
303bc0cbe4564a7921c81586ba39a631,main_screen
df000998146c22bfcd6d89a453ff4936,main_screen
8304c77e9c5d1cb27f1751222a8d5f78,phone_money_transfer
b1674cd40a051d546d8dfb6b978c955b,main_screen
3f7dd1d66cc312fb124278ab7dbbfab1,main_screen
e47a80534fe6e26de2fadb6d0cb84407,mobile_recharge
555545b33371ada35eae1d314c1f07e7,statement
c37b002ad59efcc5bb1bd0021ca14f81,main_screen
75bb2e858e45bd8b4209812fc20aa039,main_screen
5e798ea6d1f7b7e8a355ddcbff4aa74a,card_recharge
3bfef8889db5dc5692a0e2969077d3b4,main_screen
f09dda16cfbc7ad921049717496262a0,statement
3a5ea44fc69ea2ec51c5caf7d3a29daf,credit_info
93f913d1a938a9f87233de2e24826916,statement
04f81abf05b924785a81868dbc49fc6c,main_screen
3037afc472affd70d2b1784070122ce7,credit_info
c456db942c778c02b7703019f0fb925b,main_screen
8abdfec8721f0f42fca7fe1ead63c1dc,main_screen
6f45dfd59eb71d98f5bbf0ced9ad1720,card2card_transfer
c40882871e1ff7f8f4d893d34eb4d28e,phone_money_transfer
732bdc5503dc213ccadc5fc82313dddb,main_screen
5a3b75c39ddac301b5f3ad768cd47f0d,main_screen
e8d9d95775d7b1b4e8d9d01b6e8460a3,statement
601b0b1c3b921c28706d98f76e6d1fcd,chat
a5e52b999079125d0451586e78064ed2,credit_info
b2f436059cfce1651a31b82391a9a0ab,main_screen
e04884f61743a749e862e6d78ad9c5fe,main_screen
927edf6606f5dd02aa866acc0ab170fd,mobile_recharge
6f5e94cdd8fd832ae58e44c98537f3ea,main_screen
443621edf8e206f664ae6b71e7f997b3,main_screen
87ef354bccce2ac971c23da43da8ad28,card2card_transfer
615ed29521871b1527f2b0c178292afc,card_recharge
3aeb965928b9ce9bae559004c6416deb,main_screen
45cabea94866452bdff042165ad25b17,main_screen
5355998c233acccb26fcee745475d26e,credit_info
be8cb65845061f08bf5f5356ede85b88,main_screen
6451b146486291c63a2259a39ade0de9,main_screen
858fde68a26d753e6f2b130d94f410ed,mobile_recharge
cefe8cba43b43071ccb8209424aacc46,statement
5b69be15eced67dec96dc0c398e11b21,credit_info
ca05843e09346ae2810f31ea2c959de2,card_recharge
21f20ed6891423e53834868c5e4ae4a5,mobile_recharge
37336ec845bf1bde2347774b9bfeba5c,main_screen
8d26f12e3184386f0edef34c6bca2107,main_screen
1ebe6a36302744ed18e4eeeefcce3153,credit_info
32e4e45a6ea1f218f8eace4c1287eab8,credit_info
cf0fa65c256cdaf2837ea23292fe7e44,chat
40b77f812f453ff2d0771789de04b247,main_screen
f48b1a9189c4adf66053077d20ab8fcc,credit_info
24265375de8534d943062826e8f6af0e,main_screen
003b116e97be2a082b0b64f6c5b8f0e3,main_screen
97b48ec157269e5ba49e161d162c5e9d,main_screen
7d551bed3a6323d4e710ac737822bd6e,credit_info
f9ed9faf9d2b67f8640a71c8d53e0918,phone_money_transfer
067b33169c55ccf28bc3e338b6c7d16f,credit_info
c949c829246d37d22a453a759c66b424,credit_info
37ac96d9d0c222db839170986638ec45,mobile_recharge
0eacdd7ba35555e838888017d7a0144c,mobile_recharge
ec21306515851ab686380db140d4e81d,main_screen
7d8eb01935dfe6e87b821326b0c9eeab,main_screen
348ed8be9002f61a6dd2d56d89ac3c59,mobile_recharge
f8db122258609b5860bbf6ea2227671d,card2card_transfer
401238cfff36b75a460595f69a0a6efa,own_transfer
2f8d66946dfe5fd8afaa91c0660520f7,phone_money_transfer
0af504b2e84bec245a1b09ea6be053b0,chat
1f24c10dbd62c15cbd35ec3320b12fa9,main_screen
a7403749d2b8839fb5ffe9d31a92cbf2,statement
431bbf5363e179b5abcb83801721bf87,invest
6be404c76e6574bc41ff8641d5a0bde9,credit_info
3c388e8c1851dc161a7cb7003cac1c2e,phone_money_transfer
3e8a8eead41f2a0e23f6b03d9a2d3f4a,own_transfer
f188466fa823a252a99a97a0eac69e09,phone_money_transfer
7f3ef7fe4352e98d427ac1fa481c9142,main_screen
1cf5adda5701a3a90445ac5c55b26888,mobile_recharge
2715ddad43cc006c608b8ac2ecb5ce31,statement
0b3a11eccbeaf7ea59268f666e751de8,main_screen
2ecf7c44976c3c4a2d0c936c9140bc1d,main_screen
78ee5a430b0603dc57570a5c0af01bb9,mobile_recharge
744001550f6829237fee6a062772e3ca,main_screen
3aa58c5c8be4435afe6b315ac5845174,main_screen
de27b0b0b5f266b1fe20d8343e541379,main_screen
09d42a89428f29e8fd3bed863197af5f,credit_info
5d4b50c68523d43d9744387c8b272e56,main_screen
972132e4f72403925b5f90b502122717,statement
313fee12a16bc89e9e26540f781d496b,main_screen
1106d8b13a4f401cfff9f3ab1ee745ba,main_screen
296fac0a05fb655c006e70c9bca73db9,chat
efcb7b33503f2c5eccad0a5f3c727dfc,main_screen
1709f2c8c4cab24b076c4cee2a0cbe86,main_screen
110328f2a81c9acab147431cda931c06,main_screen
ff92871557a29de2f808f7c4d8f2f0bd,main_screen
ece469963c157b3afd591c32b7232fa6,credit_info
42adb72283e5d2de3c99396b3377644b,statement
f0f9e2f1ca3e013e42a82c90bcd3ea39,main_screen
c2576d2ed1b8899c6ea7b5cc61970b8f,statement
17c4b91d9ce8b013eea82f4484d107b8,main_screen
a54cb315b215c5d6cac7b0f546b288c2,phone_money_transfer
302c78742b6041e624d2b2b8e28a7f77,main_screen
60ae13f5eef3bf53b59723d0f9fec8dc,credit_info
8a5131c875b4b2f1fee4797915b2770d,statement
9bb3c4883801eea1d7539795da97259e,main_screen
1178131c5323ff840a8f1c7e321ebae8,main_screen
887c34a248f9f94401609e199e2d56b0,main_screen
0ed6ee805a1c15bf3412e75f2cdeae3b,phone_money_transfer
8e825990c86af5cda97f4dd6b952bd37,own_transfer
dda2b02dc6460f8275d9eae1b4cac941,main_screen
b36306b75c7fb895cf567d85f63f43ea,main_screen
a6dcef7e06dce0de6d06c802e95f86ef,main_screen
44560351741918f11e4a69d17c5042db,main_screen
a5f69a8b578deb7e6649a20b40796919,main_screen
ea8e07a566e469a1ccb7b13554a6910e,main_screen
f93999e93ebc959b544287d2ac4cdea9,credit_info
ea3c1743860441459c48414e201bc262,main_screen
08a0836d56c2b2ad8788e7fdc406e215,statement
e76f6a8fdf0814b71f3a63bc4f4d66fa,main_screen
45d2559c67621aade92d3469ef85f3e6,main_screen
5a497b5847ea8c40e8aac4820f5ee7a2,main_screen
c83c0f0ad4b419f3a2d2f3f8645571c4,phone_money_transfer
07fe08737833c49bd771c91f0e87a39e,main_screen
072d9054b2f72556e3685532f985e945,own_transfer
fdb9f8096691964d250074eb31f65fe9,mobile_recharge
8528dea98275e7a46a533d444e45654f,credit_info
0870f6985f5eae4c7b012dd02cb20aef,main_screen
8222a551851951a2384421c4b3aa0eda,main_screen
43eba2748b9683f67f2b50a7de8480b5,main_screen
c669c1390cb16f50be37e25e63791c9c,main_screen
a840852f86c27c154dd4947ee49f5255,credit_info
2b8f1cdbb1f371488982392a4d0d263c,main_screen
5484875d0fd0e45a06487fde7ec68d64,main_screen
69847007913d4f00ce5691f4dd77e5ab,credit_info
a39bd8933002b821e10ef5893ba01d50,statement
edeae71009e468d3638b4a82d26acaab,statement
201619ad0b79112182fd88a052f6422d,credit_info
cb3efe338f1b2d2e2c68aae0d7ec854b,main_screen
8d4f253daf35ada7e695abed69e8e8d0,card2card_transfer
ced37aac867d385b83065ba2f8633094,card_recharge
6ca54e13e0ce048972ade9a96883b447,credit_info
f1002d036009a1ff5eb001fa2c9cbef1,credit_info
eb9fabbc006619fca4473765488cdb95,statement
715e04ad39161068ad61ac1bb5d858b8,own_transfer
1c87129e78fdaae2088bec0a8a979088,main_screen
3e44a088fc02dff941597df64137bdf9,main_screen
bd7aff5098f4f9dd95bf28cf54b75f39,credit_info
b6012a97efb7bea72382f6aa85518c2a,own_transfer
f5a1649d3412607026da9ba5b9e97beb,main_screen
99573403154ed81c5f9623291646b780,main_screen
fa0b269b60a0ef1484f59c2a166c0898,main_screen
b364fdf920635766772408456dd0815c,main_screen
c4cc7f078ea36503ff8e0c122f5789d8,main_screen
96126c84f92ebf0cd6313381333d7a9f,main_screen
967519a4eed78c87ba1e9e5332b1545f,statement
e4bf4ecf0017b9d9408bd0ac8c078684,mobile_recharge
3e02f7cf9de20cc62abebd1a2468755f,statement
769d99f20a649e4f14fec1b86461ad11,main_screen
e30d71baf4e70eeaeebcda6d84c3e39c,main_screen
c266a9d1f7fb67ba716daf12a1878336,main_screen
c857a984ed4151c5012f917ec5a0e96d,credit_info
3b5517ec64e3aca84d5f144d72a85146,mobile_recharge
64f95874a6494fdb196ebd008dd5236c,main_screen
5c504a3b30928db50d4410656b757002,statement
9e1a3eb9536b73ad277d7288309d3346,main_screen
06bb488629046c48af1fc8547f39aacc,main_screen
67ac2df3a1217fdb9572ad1f9a83f6ff,main_screen
765c566f41cdcdbc954d5751229381a0,main_screen
c554845318d82c28e4783bcb87cc0047,main_screen
ae9d2cc0ec58fae4c518a1db044f2fa9,main_screen
59550b483d8d8857c5b408ec49964a09,credit_info
a0bf1878de0a46bbf166fa6555097f49,main_screen
604f6704cfe22526a6dff0fabed30558,mobile_recharge
383781996ea38640266dc14696b48381,phone_money_transfer
7eaca259b4f54f94606466a6241fede5,main_screen
ea135ac29259f797857087968efc37c5,main_screen
e6827cccdf6ea35dcf10040331fdd23e,credit_info
4d44d2f8d4dc9021c091e19cf5ccef1c,credit_info
75320c7d14d8d88421f4704f29bab3d1,statement
cdd30f79698bf3f319cffacc5b401074,main_screen
822fae6e427e7f48d119c340b562aec9,credit_info
c49f60df22a2df65cb11f299149706be,main_screen
014d730086f998bb8a141f41e5b5e22d,statement
1111c1f4a2a40c407737c0f0cf4cd3d3,main_screen
7d8a57ccd4534f855d44011b6c79379d,main_screen
9587eedfd7388a74d47d65e6e320ff07,credit_info
45419ce3e17cb8366c448b548a26d79f,chat
b7d6cee96dd11b088d7925003ecd4288,main_screen
491ae24313d10d5a8bb8526b7bc6081d,mobile_recharge
623a3bbfc7a4864db9e0c4aa48afa4d2,credit_info
73bed6fe40b05c71ce2634abeb5ddcf2,main_screen
7532b751f2e087090a8a79133080e2e3,chat
b59acede8239ac3bf0f777b35034bcfa,own_transfer
a1e1636637fba2a1bb616508adf6f631,main_screen
f0cb8b48034407ab63ee290a799c7abc,main_screen
0457fa1c592ec9a38aaff081d8bfac55,main_screen
138f72b8e3871b7ed477f9b5b01bed9e,statement
3c456c6d36084efce60dbc3fcb38f7db,statement
842eddd8404134207947f2c817ae8629,credit_info
5303ecfa1d1ec661cd010de6dcdc5e6b,main_screen
beaacc5045c73ef4337b3efe3d2cf710,main_screen
e89ce2388087e87c9837c34ef61e3126,card_recharge
895921357c71d45f79a82c22869c6edc,credit_info
2e56c540678df00d4afcd13fae452bc8,credit_info
b891e2e76ebd0e768f1ec1642e7de9de,statement
679198a73718fa2b0fa7e5b2044b98e0,main_screen
9f3188398108da5590913a85fbffdad7,statement
e427113e8b02120166567a484862d2ad,main_screen
ada54023a42a073471721a0682cceda8,statement
9862681c50ad955b88a304072cb70ee8,main_screen
2921433e3a74ec04f3e13f8f554008c2,credit_info
34aa35b2aef11fead7797ee9a142d0e5,main_screen
7dd77bbef426f55792b28953bb009a80,main_screen
d16bd2e0312780e0f0c8ddc46db92453,credit_info
6ece1ef81ad9f41d41840e62f9a2e33c,main_screen
66d9c699175c44c43a2aa7b2ade9416c,main_screen
dfead99efb90b1c9ac6183e0e682bca6,credit_info
bf88ed7133ae53d1cc358b9bffa65350,main_screen
ec7ab32cb885e601d8c88a568b011106,chat
355fd6d10baa0bbec5c221845ec60ae7,statement
e3027b3b8a4e061f4aec54d06f641316,statement
0ccb0be0c3fdb3c226b002fc6d4b90ea,chat
04d27906451750091f32006fb88e6b93,statement
75192272828c0f236cd76f4782409c4b,statement
5128e0a09d5daa8fdda2a6171b595e2b,credit_info
0d1bc430a0935fe83335f25b4f6d35cf,main_screen
13bdcd5e962766aff428a84961dc8a2d,statement
f2789173d37b68c1e1d8de18e0f428aa,main_screen
bcf855f8e2a4e19d0947038174f3cf81,main_screen
8ab0f3019937e528eb9de34f9ab8d25b,main_screen
2d043b7469c0450fb328975a5ee58434,mobile_recharge
27552439f4262af8b9f899351d87f412,statement
14fe9fdaa56fe44db12bcf1676bc3370,credit_info
603b711936fb4b8e282de61c0d883655,statement
4ae77308d123b875856e9b130a94e235,statement
2e6800981444b358e3d30b16a70e576a,credit_info
9d47f1279297ee67d2cb5fe184190fcb,main_screen
23b0a24c13d226858758cc1506f68a5d,statement
774c5f39d674e7af3be21276f18d6b0f,chat
39c3868368724a24bd30e9be4604c89a,main_screen
bc0e84bcc181411bffc79e92b35c96fa,main_screen
f08bc2ce8ccfa21c69141d068ad5d498,main_screen
faa9cfd0c4cde518accad0049b3caffe,own_transfer
061a3898275db842ed7ac2349f954140,chat
e96a2f258a7b8ffb75c94cf1ad813178,own_transfer
da639c3e70a0bb7b54f844aae2888b6a,credit_info
8bcee76b6bb6bec8b6cea0613f32c9ba,own_transfer
05761946df818e1534887237cde101ce,chat
3810de2a6b14cf5716049887965c9a5f,main_screen
7bdeb90e025395ceae32510e80e12a8e,mobile_recharge
34d6119f1c40b4c7c187e336326b7080,main_screen
a65a9ab652060345d3a51fbb042d10f9,card_recharge
8253cea709333ac160eb02c80c3ad4e4,main_screen
f168f8a0c24ec4da925247b9c413e771,mobile_recharge
dc40c11eff4b54b0a2bc7b4e187ddee1,phone_money_transfer
306bf20344e4bfcbdc8ea65491678d0b,main_screen
4286dfe7b1243cc2d6900ddbd37ff7f8,main_screen
afe440c8abf5ffa810868896a930af51,card_recharge
283a81feca18b6ab9be2348979607642,main_screen
d6c585c97b7e1065a53aa3508cbd8faa,main_screen
d858c076df9ad95f0c089303606b2538,phone_money_transfer
d0de583d436709e2364220e6cab5e3e1,main_screen
3fe94fbc63078a4d3b1894d3086de277,main_screen
9c204a6c48267f2b471835ae45e1bd8e,main_screen
c35bae5dd3aef9e3810fdbb2eace52dd,credit_info
702a2fdf153a390c2fc72ad8a1a16363,main_screen
1b1d2c6c2d7aa39f2674a9bdaee9bdf6,credit_info
1cd2d4fd61f9ea870939e2067cc9c0eb,own_transfer
6a343d35ac9484a2a5870b54856de57b,credit_info
1e3acdb472ae0beea84a44e2d40ab6f3,credit_info
411c5245b3af7388b7dd293c2b5bb88b,card_recharge
1e46ab54d87b12bf8ff4c7e65383f6a1,main_screen
5ec89613d9464fbcc0d286ad00e31fce,credit_info
25f5622c49e4c24dcecdf70b8e73df92,statement
e063cbb41e0c1a882a8bc7f22defa418,credit_info
e9a17864721a9dfceeff01958481a9d6,main_screen
8cdd56b223dc00c6b91e80cd86ebfcbf,main_screen
859b797bd17d1f5c05b798fbbff9fbf3,credit_info
eed5f6bd8f6db36f0891c23f12bec7ee,main_screen
9fd7ff804d01e85a04704d73d5236556,main_screen
7afb63d2c27cc6bc20417d3eac1e5866,credit_info
a4bdbaae692c5f2da0d332b2e6e63a12,credit_info
d8e4bd5c7fe8b2cec345a0c41e215557,mobile_recharge
bd8155a9704415cd4dc033cb827cbb20,statement
56ee4a03dad5e2a911eb63fc254bb1d0,credit_info
86d1d5073721d6fb7d68f439799415d5,main_screen
8fa05d9b91b9d55617b8ff82f2382284,invest
168449ed724846740038aaf3a7d883af,chat
c1f095808da1995fa0cc3a1f2e86548c,main_screen
e4a89bf77c109becbdee669a9d78727e,main_screen
65727859f438d7171f6943ac51e052bc,chat
b47929cf0906f45e4cc3a0c5116a5f54,main_screen
d9a0a25b4b4a46c9e3dd944ff089bb9d,credit_info
4c48a3dc1d6740eede67e3f9023ba6ca,statement
28833ba0283e5005c390e1f17a055cc0,statement
7f1f39732990a0e8454d38b27e23f530,statement
e58954ee220e7961c6665692b99dd28b,statement
a97cbcbbc69822e18602fb35d70d852d,card2card_transfer
416f920cd0083b1538417af8699a6a7f,main_screen
3e1b12e4cbd3e72a82134244695f9d24,statement
5f50098cf97aaf84d175507c640987ec,main_screen
0d7fcb8ecb07651ffdba92a829d56d09,statement
4afc812eef55791f8098c3ffd7d68794,mobile_recharge
a74117310db946c54b4e76b400655797,credit_info
82c3364ba45dc809d23353898674bb60,main_screen
17d95fbfaadc329664b7d62706ec834d,credit_info
738830ea8659b6e253a9a549521205be,chat
3fc0df69fd9d07098c5447dbb4b48642,main_screen
3a306cf0892373cd3dbe4de722fb9f2d,own_transfer
31d14ce761b25f6cb2c885a93bbf3e3f,main_screen
d6c00346a3c40d547d96429628587b40,main_screen
3a0c7cd9694bf15eaf433e462db5b693,credit_info
53e89e6dcfcc7e3c3949123635225aa6,main_screen
43dfb9ad9477f90d22f00d981ef5aefd,statement
e6a82c66116e6649cfcfa4d543bf6b5d,main_screen
d635d0bb803865a49871cf6418a5e3f1,statement
cda4cc63dbb7ef97603e771fadb21841,credit_info
dfde178d7fef7a09a1236a5b548be809,main_screen
fdcf44d75597880fda1276508e6118f8,mobile_recharge
6d975da05828bbf40d3c9d1d81877bc6,main_screen
ebda78241e89f9c3d8271cf34ca51321,main_screen
be95259b7cd7b653cbcab2781171df09,main_screen
8d2385aa073045cef242a1d420dfdd57,chat
5e25106f09564dacb0da9dd2f644a479,own_transfer
c93597f71fcc4b2555f1919de5037d0e,main_screen
352278667b69508fe36b03453bf31722,main_screen
f2501f637fd6f3363b5b7fb44f891656,main_screen
5d31f3edd5551fa3947193c89e975848,statement
7674cf9a4a64530d319d70ed1422c979,main_screen
b858514826c6de704c61fd87a7a6b900,chat
56c5a4ae3f866794c540d225b8d36dfa,main_screen
ac440bfebb2b4803024e61d1aae23efa,statement
ecb32b93dcb4112d6da0909d30074ed3,credit_info
84cdeacc6f0fde245dedbb86d61af233,mobile_recharge
658d83cc890e36c2028b42139b0a6698,main_screen
489e0a0a6426c5f32529793af5288697,mobile_recharge
6b1f24224ddf01ae33bac172de635f93,main_screen
0b6a05b0980ad2ae23676cc126fc936c,credit_info
875a91aa0f2d36d9811a120c34d1c20d,card2card_transfer
d5b3689178964148c7b1c0b8ebaae74c,main_screen
eccd80db3d99b09622391bf5b9bd2090,main_screen
d174b2dafccfdaf81f9444f6576eb5e1,credit_info
607b8dcf281fcb3ea2a423e815b12581,statement
26c3b0a322a1d8ae11b8391f1a83215a,main_screen
98ee96fd82975bb0b6dfb846a3f05f83,main_screen
6b453264a34eb6bfc389ea6f75cb395d,main_screen
228e6aa580d511ae0abc126b823a3589,main_screen
11659c88f9a4f15b4fbeb613500d91ad,statement
e48b36644e78e26b3ca5260cfd7f9397,main_screen
53218d32e2564ff9ff68423664c80cda,credit_info
e89e3aeca8183e554e0dbc87f226f0ca,main_screen
18264fccb3c55d63b66868d3ef942c43,statement
af13222b98057f1fca7735602d87f273,credit_info
471eaad9cdbb104acfef13d6a31bc4eb,credit_info
3d4580f9174bc2519a960626f24ad8f6,main_screen
61005ad32a6f9cbb24a37bf515638128,credit_info
82b795f7dbfabc2e159a3280c3a4b7e7,credit_info
57210825fbf2f6f9268510d693a8a387,statement
6c7fbff1c2da45175eb1b2dc6807e15d,main_screen
366f7adf5cc3e92a919e47023bf1d181,statement
ab1373abde9c7aee2203bdf8360fb837,chat
445d0e1b2065bc0c810bd9dd2d4f7bf2,main_screen
8ee8d115f34603b70eebc174273bde17,main_screen
f9fe27a60f0502c24201835cffdf41fa,credit_info
6fbab702c1695678fbaae52bd5d383b9,statement
5035522a9c0ab4d0ce450a9d9b1df74e,credit_info
4782c3ee1d615bda80669f7130202e64,statement
87c716eba004c00e1c60d195bb8ae4fb,main_screen
9d9baad38253e76c2c8b009075221ca2,card_recharge
df8733e3c2d34ca3bca9cc5919cc5934,statement
bc1025702c86709c4151751d3022fbd4,statement
253fd0db461d536a87ee7b9ac8b5625b,card_recharge
f2aa7c1588546e2603afc047b3214dc1,credit_info
d4bb5a70237ced911f71e77a5f47b6d0,main_screen
c4c2ab3535c578476426094b3eca3c63,card2card_transfer
2a3b45ecafd8df37d71e0e255e5ce5f8,statement
82747f6f7abe525642b8db5cbfc3b260,main_screen
b0912e52b4aa53e8cd8c883233780e39,main_screen
611979af08570981cdd9a85a14ea1dd5,main_screen
ceeaef040da9b68e914eadd6fe6bdcd0,card_recharge
2c5b6644ec9d3116729ae62791177ea4,phone_money_transfer
f1e70596a7e7718cb021f55621ee2103,main_screen
330d36bf60b33ebff109c2a709190d6f,main_screen
e32611e757a05ed9bf3ec33c371c1d96,statement
995dbb6bbb269e738d05f7ad003e4633,card2card_transfer
3f19465254bcc212b59bc7dcff2c1afb,main_screen
20b0071c722dd90f69e0ff63a9e726f8,main_screen
2f08b33f11dbf7b3f604ac846a8f138a,card2card_transfer
5ef5543836e8cf35e4803c0f1d662f76,credit_info
f609562a3b87187652f2c9d36c5aab2f,main_screen
102559265311a680b2f428e9193935f4,main_screen
98ba8cca06851dfe47fa8d90e55c1dea,mobile_recharge
efe09813bb07b528b93041c85bc9baca,card_recharge
7f7fe0d5f938736e4ec44077cf4afa89,main_screen
4d35d8e357a10a7a71c73875ea78161e,own_transfer
05571f9552fcf0aa819d3f1d47596996,main_screen
638289c0a30841bae91c5d38528d23f6,credit_info
98c550bd9d8351b50fd8cbfda4117800,statement
4f823df0c64c5790b390e3393e0e2fe8,main_screen
32b08007a9f5db60106c63673eb2adf2,main_screen
87a3fae34502450b8c99af83e5646f77,main_screen
2c0c64d5f4cd87890a6eee5f51b05c66,main_screen
afc612ac5dfed6018992acabf9af641c,statement
f62830cc3cd94d3a6fbfa2f6d86b9dc5,main_screen
d62845672c6629edb7b6e9e82b5a3d48,statement
aa0d3e6d293bc57f63a345e71dcef445,main_screen
6d44edaab3ea936aac3a926c83865c65,main_screen
c6b987e77b4010cdf19ec429cce6e162,credit_info
c9261d9c9530bca377fa417ec1d6301f,credit_info
3e6b89c2548332a013f0fd0ce4202b88,statement
95767976b7a2769ba17ac91fa7c912b7,credit_info
a6def0b8266ba13e17019408a5d0809f,statement
0d208c336b52b8a127f7782960a09b1d,main_screen
238439dd01117e05efd2fdd9025384b7,mobile_recharge
56c18c28f1d1545171fd5205c37c41bb,statement
3831802b9b37cb9d94c847144d2efe88,own_transfer
76dcb13e22418ffb2b2eaa22663b1cd1,main_screen
5d3717c1b8d316b3ecba85b72ae14070,statement
d2e0dbe723208ddf97f2351f42705b05,main_screen
6a80ced1bcc18879b9dc46e06f554d01,credit_info
547d205bc52929f52adebf3ae28a9f8f,main_screen
d89d98b6bfd5b3d4a62d87f3da6fd3b4,statement
5c95d8344e4bfef7b00d2243928d2f26,phone_money_transfer
92bf8a365af850915399455cd7c248b1,main_screen
44e0299c814fe93cad3734ab76507f9b,card_recharge
f142acd5ae468bde5487e8da3f8d3bb1,main_screen
60fa5ccaf440f9a41f920ed0abca1b54,chat
4d432ed76372fd1ff8905ce0973038ff,main_screen
3c5af2f7ba5ab8c414e55713451547ed,credit_info
9cbdd4d37b23f38b83a5ffc2c3ffc4ed,chat
4c4c2906ef83194b2e7ef753e465bba2,main_screen
0799f272748209cc15ddba179d7487d9,chat
60e588df8e2f7371d9ae4e54958d8561,credit_info
e87b83f10671e6b94ab4108f46621710,credit_info
25074c2bd77b64c40a4c6a623a748724,main_screen
856153f64bdcc0cecb5ec7d458af9ec0,main_screen
e6bea6b2b215f8d7addbf9ab106b7ed3,main_screen
b465c4b01f6fb735ba70f73868be1220,statement
ce4080d8e697f5b1f335e47d3bcf30e9,main_screen
efc1bb1e02630f9754eb73c54dff2bb8,chat
31aba4e6378b6d147edfd59ceea409dd,statement
0574e2b8c3cc55683068c38138ade822,phone_money_transfer
d7ca37491a0b331edd12c5ae032e5837,main_screen
5ed6ed3df32a7134f7aa995fcf7d52ee,main_screen
dd7ba11fb5442bc9cb727aeb18f0f5eb,card_recharge
66a40031d938757374f7fb996e1e845b,main_screen
3e2373ecdd79574cbba4c422265abf16,invest
e5fa14217cd26065c4605a420ecc1735,statement
cdf19fb21f9a1c9258e9afa28e8e8a11,statement
eb533313d6ef5a70c9b3554940187db7,credit_info
fde086c281f5c5254bdb67f96f1a942e,credit_info
976e653ab874dbdb7b6f92776982a473,main_screen
7a8dacb1451404847b9ff545233a9672,main_screen
b6cf751acf115b6640ba94813d72f16b,credit_info
74b09fe6ac4e485ea0127c6d781edccd,mobile_recharge
8c84eb5d51d7f450952edd69bbd4b771,main_screen
f5fa2c90e064230f24428025871b438a,main_screen
1f8242a86a60983f9665999a5eec9239,phone_money_transfer
1eaae6d6b1ae6c2dbac151ed142104ef,main_screen
943c70096246bfccea976a414dcf08e0,main_screen
01b6affd88b4cc1f80f240054afe8075,credit_info
91d4b81f5ea84d273085a543eaccfccb,statement
71bb0e4e4bfd4d7bba6c692038a225d9,card_recharge
7dbc5969e3d5669cf0a16bfc6621933d,statement
0193439efa890715c2648f3ab58787dc,main_screen
a2fd408c4726cc25532c1f216c9aef7f,invest
326022dc251e20206ba881ffe532ed2b,main_screen
49cababaa2f7afa46336d98c6dff5392,credit_info
dd4ffb2268b99ad36143d657c8491558,main_screen
5042d6a6c6dbc62e757ed8125719b8b6,mobile_recharge
b30d69b4e9e1b5e4bc81dc9cc03cf682,main_screen
6a29a4b456887dea82612d1413f96ea8,main_screen
3ddc8920b66a9522b5b206fff605d264,main_screen
c73ff1ea686effa414e93e46c8dc0886,own_transfer
f4a34c6028b98d48b60ed8001a31a17a,credit_info
b8c5b896eeef2ca080334215710ffb8e,own_transfer
e18f4ae44329553ec12e0b7922e922aa,statement
945ca5f91346981f1bebca3851a85369,credit_info
073de0ab93601af1d314cde8242d12e6,mobile_recharge
5ba48ca44efc2b1147e8ab43a55b1ecf,main_screen
f3ced95ae57f67d4e821bcba7fe5a5af,invest
b88cb21c340eda20c1583c25dfa82390,main_screen
a8b2b582c395382b21b405a8d3a02fe2,main_screen
8ba263ed3ba96dc718a12e99783f8fa3,main_screen
2231110141c91900cc6ccfc93f1463ff,card_recharge
88cf43a5b457a10739b6fab7dca7e7f2,main_screen
8ac70cf4ff225a9b5a012593c2b38699,main_screen
35ce6d837bb36223da183ab69d308778,main_screen
f7ff3e9cfbf9d0b1db1e192f15f3a41a,statement
2e1cb44e8e177c575f17af405398a8d1,main_screen
97252bd373e8e305c228b18d77a476c7,main_screen
883a6f6dfdab2b29f76cde6133808181,main_screen
0d6aa53fcdcab2ce638d48c0ed804299,card_recharge
cf0d473c9af5cba176149f14a59916ad,main_screen
f1ddc0cca7954428d402b3f5ad491cd6,chat
6c2ec644883eccafa8aadb6a4566158c,statement
f9497c85f0bdee183a2f3de1948127c5,main_screen
3df21f2311b6a9982d363408ebcc54c5,main_screen
04efd96b9dd9ab8ae1e202fa9ddee852,main_screen
f01998b854b42d6682223e0670dfc61c,main_screen
99ec12d9a330505155e42316fba360aa,card_recharge
df792fb06623b50cec9ceaf5734dc237,main_screen
61c526e3035fea25ce1960461b0e514a,main_screen
7fe5519f34e3445b0e909d03a1c5dcf9,statement
84922f0f420877039f7ae4ba3ee96fcb,mobile_recharge
258faf4dc625bca17812195dc9a97537,statement
6ffbf5f3513298497afc47fb86ec1f6e,statement
c40eaf8816df2caedbabe1e7931c3399,main_screen
26298f5c44f7b40bfc2d1eae86699f11,main_screen
0f393143f9a3a2acc941183280c142ed,main_screen
3fc2d93fc661ece44a4da4240e745bc0,phone_money_transfer
dc07b041cd32b6955bd1fac4ca5b3175,statement
faa1e65cfa83c19aeacb0a07076dfa00,credit_info
b86098711a257de6e30eea1227a4267e,statement
6350709b70e3d9c0e44a16a08ebee15a,credit_info
cd96b375c95901fc585d44a0435af7b2,main_screen
5c3d7341012a11f7e33972f24db2b0a1,main_screen
fab9ad908efeef7d46b6990dea30620c,statement
2111f08f041bbc0608c4d8bacbe8778b,card_recharge
a8b5d74f75fe35f6f8c4595c2964e3ff,main_screen
6050e1cf7944fadb39c8dada743aece6,credit_info
f5aec97d91d474689edba811cac98f67,main_screen
cd1eed27edbf08ef84a7d84b20892ed3,main_screen
fadecdbb8505008b58ef68e144a33786,main_screen
3f8a7f0ee72addc070b59c180d4f3c63,statement
dfe6c2e9e3c36b6b3b4597636575f276,credit_info
fd70cd667fdc6df6d0f40e6be09c328c,own_transfer
b1a80096f8daa573f79e1c29c18df6cc,main_screen
7a45a1b8f17766512c2c224c0fbd1239,own_transfer
5c06b71fb0bdd37d11b2aede225ad922,statement
ffb8101fc8dd2235be4ba293a1bb7d59,card_recharge
fe14f86c515567747ecf421d954b2043,main_screen
d975b45ede1143b3ad02badb943c90a7,statement
c069e29bd704a654dabd618a002fa541,credit_info
fdefc73864e43b0e3865cf084af458c3,credit_info
5534747b1b63d51aa02ddfa7b9ae9bd2,statement
d3dea4a6aa8c8cd03b430970d353b704,main_screen
ab401fbd566b831f1282a85d2f719722,phone_money_transfer
fd9f628e04c97bd6d497d61064586974,statement
15e57810e04afdf71c8b1bd92f7ef57d,main_screen
c219b23552457cbcbd9df05728668b9f,credit_info
f552b123aaad24c07630a2221234f2bf,credit_info
07aa67600fec03f4c1c2eaee2e166219,main_screen
ae3ce3b86710dbd0e8233fef791bb8f2,statement
dc77039e3190eb7fd3cca8de50905435,main_screen
ca4a9d51f76158226bf17a55403a7b50,phone_money_transfer
4ff16ce8eb14b440649a7dfe2596b741,main_screen
caa417f01807bc23a9fb41470eb0abd9,main_screen
05d23fb036631ab9c4220c15323e1331,main_screen
97f2dc42105aafab949f8ff570847de7,main_screen
3e0a85bda60baeec68024743ae9028a8,main_screen
e1e0e5357bda14a81b7dc00e9fa79d45,main_screen
e51e26ef1a69453b9d755342ea1f61bf,main_screen
e8141c5ee3d7315cf451fdcb5b246279,main_screen
778bb5721fb8a56456c59d5a98a1c97e,chat
93bcee3f74ff1952ab9c9e54f13e212e,credit_info
c8b24674daf8535c0469de66c403e163,main_screen
09a228b8b97e1fdae549b968d8335f6e,main_screen
24978af4700f65a7fd64351b310d4902,chat
7d30b62e53aec7b361905a9aacc3be57,main_screen
6feed27806a0954ffff9026b895a26ee,card2card_transfer
8539729ce9d44fd6a3bb1d09ffe49ff1,main_screen
f9c4de819274c0bab0d6f75b91ef6bc5,credit_info
bc9ce35908db2b30621caa957b746fdd,main_screen
faa6c8c75082142b517642fcfe7b1032,credit_info
8a6c2bd3ce3bc25ef6a1ceb3d583c0b7,phone_money_transfer
0fb11b9b6fdc87da22d0fbca799bf707,own_transfer
e4956f3f084818cd24bb77830856fac6,main_screen
b54eff798aecfe12b086184861201b1f,main_screen
ca1d1c5be187d85f9b089bdaef560730,phone_money_transfer
462f88c2c23c8801d1cb1bfcf195defa,credit_info
ccd7df17e579d191e55526f6d2ab6cd9,main_screen
10b7f4a580af1f4641073a7e547be7d7,main_screen
e131631026481bcde1cec1b8703ca2ac,chat
08c54c7b21e3825a8bbda717139c9dc5,credit_info
ad72500276d6a1a3126378eef3e67e92,mobile_recharge
29a3ce32f7bbff47d09a1e64b9192295,credit_info
0910ce1d3299e18d6e6bf7731d4a47ad,credit_info
1dfbc24ccbf765e36e7fd20b73a15bed,statement
80834a7184a731ef9fb861c9fe9527db,main_screen
9926b49949df981788171884931bc5f3,main_screen
f5a20910061ecef80de96bb9958f5bed,statement
26baf5fddeeaaf31b7548111188f650e,statement
9cdcfa66e62eba3045b9a9123611b399,main_screen
ba99122dd0e4e029db7784dc55486c1b,main_screen
587a5af76f9dc47cf1e5036479f8cdf7,phone_money_transfer
a13c3e293dca08cd8c4b2435c11cc00d,main_screen
d824180a4f57ba1bc1d424019b08ad1d,credit_info
d0c19aac7b53c4d2383851239c75050b,main_screen
27cef2290c4323e7e6d054c406819d7d,chat
84305a73e7de23de79e55430063a5c25,main_screen
cb90cd6b3451982fb697fe0b2007c620,main_screen
7f28e4039de34892f2ee49843fd0fc0f,credit_info
b9ae7f369282e464afcbcc8bfe3fa045,credit_info
3eeeb3003676d9c00df91d63ea1a4ca0,statement
e7a58883f2b307630f19addbf5e27422,main_screen
3cf5309722ba1e974cdb0c7cb23617ac,main_screen
6f0e228fdf73717c78c72feab5fd47cd,main_screen
ac7ca39f86d0a488d220626e507ea1b4,chat
5680fa9897ee8eba95d21e33d8c926ac,main_screen
40fe26b96d32c623ff6f8414791d3985,statement
01b6ec474070e89fd4500fe1525a0d89,credit_info
c04e75305f7d728c09acdea23b64046e,statement
477cfc42f936c69979867218146e0ac6,phone_money_transfer
d67e24ceaf72cd133a70645fa687b724,chat
294e5ddee1c744d141e315edb91cbed3,credit_info
c03cac677e104ab1e6491a8d5e9ede98,credit_info
c36da974885ec037b3f7a739d766b927,main_screen
5be56980a8ab7d51ddbd45b39bd44c87,main_screen
9cb655a6b9e80ad9a3b9acb727965213,main_screen
2400b4b2f938719a30ab8f0f63c185da,main_screen
ee71915311d103473c200e7f0e168f07,main_screen
c0f7f23d9eb2b4e5701c4053eced62f8,main_screen
a624b90e1c985f9b7ec388b24d692965,mobile_recharge
0a8d4e639d58df0d1af9b9dd847e1608,statement
840aa2018116d8c7a65ceceed5fc58ab,own_transfer
33c25921263fb34cb61b74c943d2a162,credit_info
d2afb902a69a17bf625ef0e8d1ad3f29,main_screen
67ff53cf83a7dc0c190b737a44674e90,chat
62b33c7de9b5611ca73756429209ca0d,main_screen
cb9e68c2c68c17307fbeb9613dd1f943,invest
223d9811737d5525bb8fb0902096b7d0,phone_money_transfer
33bc8b080dcb589a1c79751effcbad49,main_screen
7bb71933f086a7fe826651ab23f68340,own_transfer
977e0b8e40f0032cfb645600f837341d,statement
739a10e967c7107a381062d2ad56b20e,statement
cf1ca32187983fb38f8a6ef2ee1dfbb3,credit_info
843f44241566f5a872e28322274b933f,main_screen
3076bd6c51280d894814a5beceb0b65d,credit_info
8e80397a2e99147ead7a3259c3c2cd70,main_screen
abecd068bcea844b64bc7f5d88edae0b,phone_money_transfer
33db23fc7346209801c76a29a5f9d40b,main_screen
6cc97cd37e4fe688587a92691f12f7a4,card2card_transfer
7f7e8e64a669d6bb473cd572b2c65506,main_screen
6e8f01f647e9841c2aaf96bf4bf4d84a,card2card_transfer
406bb63d08c4e4f1747621100b9aebfe,statement
c0a78f3abfdc98ee8752ace78e6810b2,chat
68aa8a3719aebed726920d4f6f0646fd,card_recharge
118b174abc4316ffe4c685203dd5565a,main_screen
ef29edb49d9b01276ee05038454ba4a4,statement
7dbe4d582750c1b32b60bc6087a5c37d,main_screen
8cae07df9554f3aa82c9fc5b77e3f9d5,credit_info
0b3a573689f6586bc229914dd2671c87,main_screen
aa75737ccf44fad6a3e7900e9115b33f,main_screen
4ffde2a9f1b137794bc2454c2b091334,main_screen
bb421256ea829bae5dc5067f72864a64,credit_info
22dd577abe6ef2f29fd6a0c7528e7af7,credit_info
ab2f12cdaad05d0ced5f37c813719926,main_screen
f5e4407d00818fb6ab88e96b4ce37408,credit_info
4646f33a7a5ffa38143c272dacea6ec6,main_screen
22225cf107cfccc27bde2727acb25ace,main_screen
72db1afee76828420f3b5c585b4d7aaa,main_screen
3b19e4f438c5edf4415748cacf95cbeb,main_screen
67e6d0ba91a98dfed290a17da4775e1f,main_screen
cf0f37ae3549b6e0fefb751c59fccdc7,statement
033c8677676740084e01b29a2c522fa3,statement
95601ff9d8a84c1db7e8fdef777cdc50,statement
4e911ab8b088362f45af908282a7e88a,main_screen
0766e101c7f4cf51b9f05003ae01d3d4,main_screen
0549b4b22ef1ca33d0b7f5d3b77e28d5,credit_info
65a7abbcb6e2c786ffc2636b44971c12,credit_info
ccc006a05bb1e106be3f8c49d0f3e092,main_screen
e2941ecd6f278610706f7501f3baa794,main_screen
be964cea06c2b772cfac25dd574e08ff,main_screen
98431ce4312c72a31e26cf2c47e7f637,main_screen
95dc1abce70055557cc0e837f018e3d8,main_screen
3b869f5dbc1938c7fe014461cafeb029,card_recharge
4a3bb66fc74f19bd55312381299a88ae,main_screen
8d2018d5ea94acfd4abf64cb4c0c5555,statement
e0a94a941ec625bd745f613a2a932332,main_screen
aade9cc1db8a8500a22d42f42f7a5f64,card2card_transfer
4ee91c748f4b53da0e98a535fa5f50bc,main_screen
83eca7176f320c9905bc3a0524d7ed47,credit_info
aae9d786c98b9bc2eb280323bf42eb4c,credit_info
69d0e7db43d8c8935c7f4dd7832d2480,statement
b6eb7aaf4d250ac743a195f7a2b6bbce,main_screen
4dc8699197e4380bf861fd8769197b24,main_screen
c1b9acee28a413863180bbfbe8003b04,card_recharge
a6fe23233161712000c7945b17f107ab,own_transfer
b06099dcc0392b256104758bbe821f99,statement
ce11bd07f1bbe608cca61b4e0c608b86,credit_info
5b229709c105edd235587c29b59a55f5,credit_info
8a4d13b834d7d78871d423528e7b83ab,credit_info
a0b5026529d9e6fcedf98eed18d44758,main_screen
056ca3b5f42fff5dc1ebec4575da2e0b,statement
1f266fdfb2d2552e63f8cff474b992eb,credit_info
40713d608519ae733dd79429ede4ef13,statement
fd7a4a79e39c3163c558ba3e9a385b66,main_screen
bec69138a519ad09e3ad26d96a3bcd73,chat
181aca7b502d2ae239b97c3e259e83b1,main_screen
33cda5ca1d1ac754d79ce0496342ca80,own_transfer
c05bc2b66ec2fd7d5be02f1c72e6ebde,statement
b11f1e8d9e4668b10becb27647212121,main_screen
3615088aa8ecf0308073144fc11e26dd,chat
6a3b754be278d87dc5be0903fa23571f,main_screen
2f0a9a7aafdf11395210e1cada51887b,own_transfer
7b9c056e75170f641eabda9380487e4d,chat
9d812b330b322961afafc1887b1b54eb,credit_info
2e6cdaf025f151f3e80ea99060a98457,card2card_transfer
aaa31823b1369b9a0a6adc9e2374043c,statement
3bca19b7fa95e77524c5b9a61110edba,card_recharge
80952a907c8a835ba9d0133bf2529eae,credit_info
bab42d97780a828816286fd0ccb3de96,mobile_recharge
5e148491179acef11779bbdbe9f5b73c,own_transfer
cb3371c7da70709c221a6c522c5297ef,credit_info
0ce0fc24f0c4a80e3ba25c16df46a2ae,main_screen
812a531f321cd74a65affdfa030229d4,card_recharge
9b6faa65de63a36da6e3963619046e80,main_screen
8f2a0d095aed93dc50d81989998d1d0c,card2card_transfer
f38deb411a35276efd97a3c6103815d8,statement
80fdc8e3f17d4c39e63f8527c3bb89f6,credit_info
0e3d515cb154a05ac618f034016608a9,credit_info
99c2b44e2072e147040f2d4b34072be8,statement
f9b5f8bb797c06b1d872a22d92c47a8f,credit_info
0adf81ee872d7510c7c1501b32d5ce01,main_screen
e12dd347dc0dfe4409f898835d8526ba,statement
e50ff0f9dc9abc88d1f964f1f5f0a05f,card_recharge
9a53b6fc5a5ed0f49911496977cddeed,statement
85aad5bb7616bce4a541af9f16fcf104,main_screen
9bd9b01d3462dfab723313c032c9f61c,main_screen
6fabd48d7f156df4725266084dcb1b45,credit_info
0b7073611162dcfcc047df26e226756a,main_screen
e0baf52485afc502c583cb0dfaa273cc,statement
9d96ce651cc43a7f07122ade15716b9f,main_screen
924e9e57e93a8494dc66c8aabbff29d1,main_screen
950d8b03e4d543de8ac24681c4fdec7c,statement
d3b91041f15c04ac345e4d92487cbf69,card_recharge
f32d5ba15c6defb27046bfaeff48ae14,main_screen
0eea074a32ce672ac9dea2812758b842,credit_info
e7fbc1399878ade0bc4d5c8895e99faf,main_screen
bc28b8c7784a6fccb413b90f6b239d90,credit_info
635d0e257d1e10d7617e0142ff2290b2,credit_info
64c9baa93bb07ae233987bbfcdf969f5,statement
7cac0a40981f65bbbdb71c28f0cb5fc6,main_screen
038b619b55b84dd2bf5b0cb69759a001,own_transfer
d81e42742fa8813854539c0b67a8ed44,card_recharge
e886ccee9ddd56512e703ea1943e20e4,main_screen
04e04251c4542df33a38630f55f254d7,main_screen
7cb021c0362a6ce6b379aac3376b743c,card_recharge
a1ea92dba68fc6e5cb78a9b38c79b071,card2card_transfer
f8eee3980914b04bfc1aeeb45fc38953,main_screen
aa964ca9347657e32d7f742b4b0e5cf6,main_screen
224752b2e083902f572eae90f89eed54,main_screen
46b9c9bfdfd54cf43e7f586261376a76,mobile_recharge
86f98e486ec3ceed353c9b23841b2be4,main_screen
7beac17a95d394160e07ef30a9768703,main_screen
d9db71ce954ba58db040352cb40439d9,main_screen
df4e495970cd111f031ac9806170b114,phone_money_transfer
0bcb755efb105cc9ab36584d7005fc8c,main_screen
df349004f5e6e6bc7cd48fb264085234,main_screen
4972eda3258de1ceb34a748c0083e06e,statement
29362ee8424730a7fb5186f2d0460bca,credit_info
e51512cd9bf97b3e362d99bd0497332f,own_transfer
e611e77140485d2930c24ea7a18848c7,main_screen
ec9874bdebeabc2fed5e4087a9eff915,main_screen
516e67ebcd2e58dfa7b52b3e07a30128,mobile_recharge
2a157af5cf8b68ff1f4081fad2fc3fb3,card2card_transfer
ea66bb62663af432dbd3d66cfa89e65a,card2card_transfer
f49043f19aecbfb7e647cf5e3330e61f,own_transfer
f6d6224022086308a8db9c58fe636752,credit_info
6863abb0f23b565aab93ce58bf435c88,statement
9425acbd5dfde16796cc951294df3491,main_screen
ad203ebd2629fd99b68c2481e3bc366c,statement
5981f98f562c6a4230b42719e4b0c228,chat
81e723e1c7fdaf7c944e2154bd355479,credit_info
d3191bb84eccaa7c8ab5a6a6e3556334,chat
89c417c9a611be6adaec4153132350c6,statement
556b49ea4ba8cc8e599a161abbd54cfb,invest
57f091b9f5f611493e5ba11c193bf917,chat
77446e309d88d637a55be878c24bdeab,statement
b4665b7ad412226153cc78d3f6b4b93d,main_screen
fad9d73dedf85d721b807baf5298b8d9,own_transfer
5357c6f142cc1c0bfa169fd997273820,statement
c0195da77c553fe38136e98806686564,mobile_recharge
9a95e0b63cb5118a1c94242c0f188e25,statement
79d936557319aefa876839c0c0d0ab7c,chat
4cacf9ab603db6bb5736babdfd6056ec,statement
24fcdd21181e81f84fe197f69d136b08,card_recharge
e1a06a706d5ea5ed4f180db026f294c9,credit_info
0adfc362dec9609ad0bd3ff89ef048e2,main_screen
c9ccf17d3b52cdd26def514ed4da3196,statement
4434bf86e8e49a70315b7c51d204bebb,main_screen
b88a7973dbe8159cd27c631c2f746737,card_recharge
2cb9450fe0163168354c66391277151d,credit_info
a17673f4710e94773a1126545a6b605b,main_screen
3b07afa11c1a5547f66be40a30014230,main_screen
a22fe91bb8281c97c51a61eac5fa3d84,main_screen
ba1d4504a103620ba0e65135ae0c8f7d,card_recharge
165cd0114b374417d11e43e78b50f53d,chat
023253e72162d891189a2dbcceaca333,statement
650ba51f6fabb1e33d7f38fbab72e56e,main_screen
7c33125c09bd1b2f6ceb571525a29bf6,main_screen
998b9ecb853cb8013f260ed36de616bf,credit_info
2a6ad8b8c57f3c19edd903f08cf1a385,credit_info
f6519bf405640cc53cfdeb2ee707fb7f,main_screen
b860300b0237fb53d5547339ba8b4bfe,card2card_transfer
385a313f6060bad3b13a1dc46a3fb77e,main_screen
c4d16ed03125197a44f0aaa3720c66d7,statement
1800807c1a461c72bc34911944b6987b,main_screen
0e1d0099e366a562eeb393b0f3a1628f,own_transfer
4d9b1807266662aa96e8aee275b754c6,statement
54d8c7424b5711b62338b2e1cb0f33dd,phone_money_transfer
bc43ad160fb78737aa909bfb844903fd,main_screen
531955f34fa0577b6a36af256f2035e3,main_screen
1a57f6b06c56e0da6104eb6ea2b7e276,phone_money_transfer
2797fa66d965cdd3243f4b6ae501dcda,chat
09f47e2186b122b703166681cf3d0d60,main_screen
90d19ff7fc4235393ce33d627b6ec91c,main_screen
32f3c52045878b617aef1f3a9ead99b3,statement
ec759850d7d159eba6b9e295791ac6ad,mobile_recharge
5a664eae75626ad8b3cde700743f2b08,main_screen
483304cb5d22f292a995603bb9a97273,main_screen
23066ce1cf420a540701a2304e31e2e1,main_screen
e1ec3f88e01fd7f4d1056a60c0cfdf2d,main_screen
4827a63d688d795f0108de694cb3ccf2,main_screen
9326421c0737abb9a61caae167afc89b,credit_info
9ed45f774cc4dec1f4db4f28a6a248a6,statement
bb80f1678796a3bfc4b3d86b7fe5e816,statement
a2a8116eebaec134e13a8d3857adf98d,main_screen
683b94ff49b1cd666a293b53219199ff,card2card_transfer
643b21b8e4723a58bca4deae0c713d11,main_screen
e4c5c43d32c0c5a9589e8cd95e4936ec,credit_info
40ff47bda0db12b08eeb87d87fb6a9f6,main_screen
9bd04b61cd14b3cd14ce4a7eb01d786d,main_screen
ea79fff37959c6a42d45e0844f471707,statement
8f4c9cae6fc7c926df4c3b79f18e31df,credit_info
fa2d94d1f4377f0bf5ee6176b8186e30,main_screen
2433d4d6cf3edfecde318d3d6f94e95c,main_screen
83857f078f147ee5632ef8ff3e280e3e,main_screen
e9fab1630e57bcdfcec7caa2305e18fd,chat
e0eeb03373d0ebfc10d0b22f9427b0a2,main_screen
6e5b0da064839d10164fb4246100f13e,main_screen
7c27cf12e5e990da1bba4ebf4ac2b41f,main_screen
524016f56b07102df571aa2a78de93a2,own_transfer
59b4ad3e32073d2bbeb8f860844c2d29,main_screen
413a638b2fb9f575e4c9fb44903b8346,card_recharge
28ef27ca4c4f613de16eb8329b3f6836,statement
92f51e4e0b88635da8904054d5b35282,credit_info
449ecf93767e9b08e59df6b6767f0f90,main_screen
b956df09911f85500d0182483b2bb3bf,main_screen
1346fb5e4296c4aff5b03d5a8ce87604,chat
efd04071f2d16250df4e4894e59243e8,statement
8cb1bdac42b18da5edcf4aeb1984596b,main_screen
004ea2f740014f87d6603b86fa064f86,statement
5d9301304b58521a72f2ece5b31c5bca,main_screen
357ff9b47b920a9eb655290506302beb,statement
d1601ec23f074ff12f9e53de74de5375,main_screen
3b297324b85bb85517d4450352513fe0,chat
892a9327699041019d60830991d573c5,main_screen
a9a2c3458e61d9717a04bbd60f7bbb0a,credit_info
64299ebceb89c256d7606ddda619fb45,credit_info
a8d5d717ef09ca0f0020b74aa645b6e7,main_screen
add1518366759e21f9dc413fe8be8da3,card_recharge
f0061491d596a0fcc404ff23f42fc10a,main_screen
1d5fef310809fc5756ea1420293396f4,credit_info
6aa34b0d5be7db28e88361387083fb17,main_screen
98df2f9f1a9ca37c1b96bc2b93e46f54,main_screen
480da48c6320dc5fbf58a23844c2f4c4,credit_info
2d8595a03a1dc694aedbbad458549242,chat
61435eca1884c3ab29b3546d401922d6,main_screen
a3bd96ca8c671273d981804102d814f8,main_screen
a2970fcedd9dea8a987fc94a32f806a7,statement
f20fa28749d0e9de332a2e92509c5284,card_recharge
885baf2671b21a75f00e1ff6798f0a71,main_screen
1bcf5040f9c0427e1f59ccf0d528992e,credit_info
2a2d749a7d4f19ce729272433c9a07a5,credit_info
12224155789bec83f474f11ba3fff7f7,statement
256f1fead3b706e7278d9e1014792fe5,main_screen
732f1d28b86c3f305e8f9935d725793b,credit_info
40d31d4d527bec5ece2586ef461045f1,card2card_transfer
1b9c775965df33a7a8a4b850e6eea379,main_screen
7eaf5e1240b6e49bac394b98a3b22a6a,chat
41614e9c4c61a1fcb8168ede010bb30f,main_screen
81af23b7b5440f43392c18025cbd3fb2,credit_info
d86b571274d40c972d65a33c32c963a5,phone_money_transfer
76f99a32167fc66067294b46b55dbc77,chat
55f9470e4d7e165058d620bea0fb9332,main_screen
153541a24d6483fcbc574bd2d55f8e1c,credit_info
d55bdb1f666a7642c9c3f2ba36a09284,card2card_transfer
ee7e45c635fe00033006d70f82f055af,statement
3dce2cdc8a0702ae685d0f9f8ae97e94,credit_info
6629ac5ea3555ac115b5ef0072c8c028,card_recharge
db255cd49fa2bd9e09d8f19e94be6855,main_screen
555f7ed482cbaabe79ad32c6a4530b8d,main_screen
1b6fe83820927a7458b0183168ddf824,statement
9d7f46f90e8aada2f4615c5955fa380b,statement
fc18a66a0055b450fe808bb5c8d97c9b,main_screen
5c14b6edc183f3d7f630d89499c7a38d,credit_info
67935d17e4ff2395bb6b3f3e059cd79b,main_screen
25d904ba0858d17155928f92e849ebdf,main_screen
63a44d71a966ce0631a25cb7b442bb47,main_screen
900921fbb7884b725114e22db4456a4a,credit_info
6725d2bc7b5687a3960bc7b956fd69ee,phone_money_transfer
13b25dca1624d4973b729a122583a213,main_screen
77c149233b24e76a61eed3723f4483da,phone_money_transfer
e23d4ae6ac83ab0975bcb71223e7cb06,credit_info
61390bf9dcf41ce5768a91fba7a90805,credit_info
6a0e8d270f924c5839917b485cd45f50,main_screen
0a66c680949f62a8fb6aed3fd715bd35,credit_info
f0c642ac4a6d711ca04df2e56575b574,credit_info
95a8e4690e33917915b186ee75e4027b,statement
63a6bc218724cefe5962f1b886029939,card2card_transfer
e5c0867c8a3d924c5640e722c0aa059d,main_screen
a79539f6bd60efe6ef825a7733f1e006,main_screen
1a80d2e0e6d5382d76a14f3db5a6e6f3,statement
edbb8ada2da52e2dc6b1b21c53f4502b,main_screen
a0264291e78dcb19e3702aef4c51a212,main_screen
c211e1b7f95f954fbeb7f408d23eb1cc,card_recharge
70df15dbc3cb6bd35c7b228a680d2069,statement
ea43719433697147e2f6944ef3742f22,main_screen
7caacdefb4e44b849ee686de15b87c2c,main_screen
543420af9c3135811aad6afb67ebe7f8,statement
8b2d1eeba1ca82a6a02f0dcb4d5e8fb0,mobile_recharge
401f99144fdea99d49fe76a27d5a592a,main_screen
c83faf4d27bab3fb86b70b17532ca486,main_screen
307f6c9860643b725331b3bb5e22d284,main_screen
d74f7776141dbe43a09e774daaba5088,card_recharge
da86f663780dbe39bdafe5c77c517d0e,credit_info
2a15f2ec5f5fa0abc073f9b24d0a51e8,credit_info
ea716078eea3dd66e9bb3c72fa6ecfa0,main_screen
b61a99078da8d2ce9f01d59538da5baf,main_screen
e497f0d7fd867094f8e515e6f21d7aa4,main_screen
926a7da64d33e2f348900ca2ecaf5355,main_screen
d836711e0a6473446eff5994bbc75231,chat
6c1b08ee0d8793d128076a06ecd43d76,statement
cb16093fd1d0ab44a79a738860eeaac4,card2card_transfer
dc317ed3494852462de2b119734b0d01,main_screen
a94fd1420da992ac8856d79a6b32cf6d,credit_info
59599303062f728172e83a51ee0ace5f,main_screen
499136e146074d475f2b4f5ecb6cec4e,statement
656c65a0c732b386dba448cb59eed919,phone_money_transfer
e8b9de5716371fb791e433058c1057fb,main_screen
fcc5ceba914481c3ba0e35a2075889d7,credit_info
ff0656da5731cfd3806d4d595e4e231a,statement
40605b3bdfc8d87ba418eca29c5c3f8d,main_screen
2a504497ddeeea36b63400cb10a63616,statement
26a0aedf92fc88cde7deb2580347e6c3,statement
7adc281b069c82a86af531dd47bf50e2,main_screen
00f0af5676445c669cc381b155de1d19,main_screen
d30d97e5b43d6e9ce7ae01afee06bb24,main_screen
009eb608e2cbf823df43f64b8e4db580,main_screen
4822573664b20fe6a933389a1c971a2a,chat
ad7d27fbd1252a46908042ec9532cf19,own_transfer
ec0203f4c7c2bb0916e9fd437b9a5949,chat
200abebed766fca549e8473163621bfd,statement
b46ed49e510317fb4d962350de17dcac,statement
c69543148f31ca107dd0af301dcf10f2,statement
e74b9e0623de4257350d1699fe9a8ca3,main_screen
7588ae95f99fd581c7eb96a76a41508c,main_screen
0e6fdd4e36a228802770bb1a67d67663,credit_info
85dbe4d0fddc6472f7cfe874bec7699e,main_screen
88871845071676c7784b1b78f0065780,credit_info
32048d83a3b2281b6246ee94414bc7b2,phone_money_transfer
aed0544ac1ecb59c5bf87eec0c1119bc,statement
11df233c79fa18662bb3e578aa9a0dcf,mobile_recharge
ec65fc00dc9da383002430a28a8e77bb,credit_info
724a37e348b861cdf94ab00083f7f1ba,main_screen
83a93be8c35b6634b1eff2ec0cd88bad,credit_info
54936468a284eb18537f914e645eb54f,card2card_transfer
1e57138b033cbd89bbe102d695fdf050,credit_info
6ef931b63b3b64122eb0400e10cc74bd,statement
7669e43c09fe19d470bba0b81c17721f,main_screen
2ace5c80cac3b89d8a66fed9786daaad,statement
4999c3c9db2c82a498762ca04689c293,statement
f199879ccc3a6e2abcf1d333119ce5db,main_screen
8c96f885b8aa9ae0b0ee81923ee52c35,main_screen
7c38a26b980de4ba3879f5f40e093714,main_screen
af283fcf783d460017468e4fd7d0b7b5,credit_info
97565e2551cf4688eedd166cf0795454,statement
d2e1c83e3553a1c803be7d1dc5f39aef,main_screen
bf7d856b28e52969f77680afcd898ca6,own_transfer
d26dafb2e990a49befcc71617a5f8095,credit_info
e1175a233c7398bf73c62464b8e3faa3,main_screen
fcb90ae48757e136887869affb8989e1,main_screen
3d4fd19960d4cf011929b61493a844ff,main_screen
a03fd29a045550d243a9a060cbeda418,credit_info
dea5a1fbcab15a725bc319aa982fff01,main_screen
eb482bfb1765489bcf1fc0c504cce1e3,card2card_transfer
21526d0769fa35215cdaa7559a406e51,main_screen
be4837ec09bcc029d063c79dcc88ed7c,card2card_transfer
ea2d3d695001b5f39dfcbf440caae346,credit_info
28935a2348b62f4068946a0ee9a12517,card_recharge
aadf459981c17800aba2e0795eafad27,credit_info
d7141b8c7ee695d9c3f3199adfefe571,mobile_recharge
744e97f63c8241c29f37faec8d8c4581,card_recharge
3484013c63f11609aa33ee01687816f5,main_screen
1e0d02eee1d4e31c08cd63c438f6b1cb,main_screen
4fe3f9e76e10fcecc8ab4c091bae9c75,credit_info
0247674d1ace2292f44ed35a39b3141e,main_screen
248b2f527b1788d4e657a25175ff8344,main_screen
881b363e2b0ffb4e165b597038121057,main_screen
1b4409ed97ad90326640c24814753dfd,main_screen
5b7432e92d7cc580b2da4ac3bc80bcb2,main_screen
58873e9086e5bb2e7a7dfede27ff0ed8,statement
d3c652cef55ec4aee373ed80bd37c747,main_screen
663f5f3b00d5b39174a246bae64eae25,credit_info
c30144c7f468abfa017fea8ad411ef0e,main_screen
5ae0937c079ed52c6877bbf2e170bf13,own_transfer
5358d40ccd184b2aefd6365492bb2bf7,main_screen
961e203e39771d90feb6b513478a289d,statement
877da0d84e86ec428acdde23397d119b,statement
0388508159653645881d9f2e3300e009,main_screen
134cc48d493f4b46f0a603445376bec3,main_screen
c3367c2460582fec7c6f2a71950fb26d,main_screen
77e2423e1af961a927bb2c6db180aadc,mobile_recharge
8340195f3eaa68b8c78d80072476d525,main_screen
100e98fe4e9fe587f3eeb3f59c241005,card2card_transfer
d0dae51cf6be65a9b285a78c7bc2ecf5,main_screen
368106096f6fc24d6b3de3f4ee210b64,phone_money_transfer
3127828499f3eeeb5f9ca5ce5d2fb3a8,main_screen
0e749404e861fed91c14390eebdd824c,main_screen
65561d31f3999a8e894263d4e9c912b7,main_screen
5e7288520a620665da0a5f09805ce20d,main_screen
7bd9a402621c5fed82d79069d2bd0af5,credit_info
57f46015308e830f41a167e7202f5d03,credit_info
86c824457a2a4ff9194afab907d69cbc,credit_info
c7b5a575f6f2e96f66cd144df9f060f4,statement
767e9436d5d044b15f8fadb1f4b21626,credit_info
087215d66ad20a99bbec2b137aa9e895,main_screen
3655a9d6455070ff77021983f5da8e36,main_screen
d329da74f8c49ca3cbcd1ee4240fc15c,invest
72288887c3b4101c48453d251edc7f49,main_screen
bf0cdb1153311a08b45e49afb1bd1dd4,main_screen
1e2d47a181c9b4b62ea2c4853d77bfce,phone_money_transfer
2231421113a8af7c6bfd309a04d1f7ae,statement
8b7c58c0ab6b14df24b4e2930e753117,card_recharge
8aa6491778814ecc78616568ef512bd4,main_screen
08988573b55bb36af649ae982dc38878,phone_money_transfer
19529c2a0ce428fdde82d1072e784a8d,credit_info
e94031908c4b6ad7fb1f32524df9266b,card2card_transfer
a0ccf580f15f27af78488375f2d954a1,main_screen
f4633a972b2993577120df75849a532d,card_recharge
7c99cb7fb13c24e97fda3367efa492aa,main_screen
345bef4d3ceca857c91764be9936d10c,main_screen
a336f97ca389af5bf2e27d1e7b68cf82,credit_info
d9f138e7932c80abeeb1bfb13821cd4c,main_screen
e4436db43d54c51bde128e553943f600,card_recharge
de03d9240bdcc6340fd7288293a7202b,main_screen
63b55eb80e4dd46b49dd8c3888a17dfa,main_screen
f62f4859d55a788ff1a986c9006a9093,main_screen
fe03a27cde31a9c28d2ed2e2aeb0c15b,statement
d03d2cc2942f9cf092dc0e1f9b155967,main_screen
19aea7a54622c658491f6865639ef571,main_screen
f28fbaed97dacfc93b938ea06e34e99f,statement
60ece0393b201673eda4e64f53f94592,main_screen
2fdaa71bf633a45b97923cd9b68aeb7a,card2card_transfer
e47a83e2ced78633d2b31c47677428a4,main_screen
910a3dfcede78ec7ca0b62d6aa05ad5f,main_screen
564b99031ed2f5e8032c66e742cc231e,statement
f30c4f6d6f8fd64cf54a3411da170f49,statement
f9617b91a7648e54cd8c52b82695d41f,main_screen
e4e1ef2bbc20c23e82440d823b1ec680,chat
84462ac27b10677acbe2ae1db7f797ff,credit_info
ce15cd2e54130625e2b2c55f2842c187,credit_info
4e9709a0816049fe31757cef7acbcc84,card_recharge
a8c2b0d15ffbb7fd3177a8dbd6083c13,main_screen
1684d6518f46d446a48c6d01f759ea4e,credit_info
f4f064107427ec374c79f609d8bf6012,main_screen
0fc14221f6807c24f7e2048080b3961e,card_recharge
eeef7892511f19ea260ea85e5bfa6362,credit_info
9a540e3a63fea6be9a9a7a5cb224d570,credit_info
1ead960128f4db121d674f051ff61463,credit_info
71ab3e1440f203f36d15775fcc7bb49f,main_screen
4c037251beb4a416444f1b1b67a33210,statement
4efe9463bb74efc4e51a7c2cd5eb9988,credit_info
3c0df43d949287b70fa4bc20509525e3,statement
6a531df99f36a61551b318ef897fc89b,statement
a91da16cdca52b6f756484b634b41de1,phone_money_transfer
d1f922428c1f98fc1488c4131fda1839,credit_info
de92584e085359f0eaf020903e24d22f,statement
aefe2612f6b40519826016114ed4f91f,statement
917f249fcf07df78858073f8ed7e146d,main_screen
766dc5bb7d3684f2366af657fdbd68ff,statement
0114ac7ce611a11bd5b19422e6021ece,credit_info
821dfbf7d95537b872f5220bab59f427,own_transfer
cf7e05ce9a7383813172cf4a77f8cd81,credit_info
4abebf27f8630ce59d65bdb157998085,mobile_recharge
278b12f93c318a0b4e2a0cc101802375,statement
9a9f28be05505b366e89a8f086149f00,statement
50dd61a27e1dbd8b84831a1561fde67c,main_screen
54108f0863962aff29a727879db69c36,main_screen
4dd948053337dcd03ad1b88ce8bb6278,statement
d92387d376edd84249dba0bd84a3c6fc,statement
f1b8cfaf03af1482e49df8394a10ab27,credit_info
7560c479ca46d93575b403704a8babda,own_transfer
4c93b6b8e5b1ded5be4b9f0a038adf27,main_screen
f1fb3326f77cb82565aef198a1c848e4,chat
6e8f52eed8b826097a294b1a5831ba9a,statement
c6e14609870a042c1e2539707c14260e,card_recharge
6b09b221966dcf110cad9176d3ba5811,credit_info
5a966f3e5f708ef981db44c52d92f796,statement
70f68e8441cc136133792adb83330aae,statement
a3b74cf1c9e2d84244979efc587d7047,main_screen
f33bcd70455afd5e4785a9a2cb9b9df7,credit_info
84af401306428941a82fe96da6440e15,main_screen
8d007e625f19ee2490291b224aaf5770,main_screen
69989c72fc9885254e7765fd8c603338,chat
204b83cedc3cd50cecb64dbb8a60988a,statement
b1eb08d877ac964aa4e8edf2188d449a,credit_info
68717a21a3387d5516e860901a5d96d9,main_screen
df7f3a63a6436ed50a82a6d32d0e8149,chat
2ed63ae6ccc5692c915a898388d4665f,credit_info
edb604fda38b098795cc4b2e34d7cc09,credit_info
1861c4db04d7e482fabf006e8acc4751,card2card_transfer
888bb6ce86b0ef402c88cbf5243794f6,main_screen
5f02bfd5d74ca9ec935872357aac3016,mobile_recharge
c8f92b91f7176f53c69fdfe0616bbd0d,statement
8c4f721b25158e22b49bbab6de9d4d7b,main_screen
b44e0ce0c00c50084acf9d2b18ff1bb0,mobile_recharge
acc34942d66407f2da71dd496be7b3f0,credit_info
cf0ce3f04119084cd357d8b777da3306,credit_info
89666e5e05269e66ebb9a9a7c53670be,invest
811b46ffdf57a961b57fcfa872a839e7,credit_info
64ff56ccb3da3a4ceb35f9af262a8409,main_screen
d368285fe609f22819e2b06135bf685b,chat
9c1aca98f1e4db0a04c509e91886ff2b,main_screen
0804a6ef221e8d5551ca3214558a734c,chat
eaf207b0559989cc1bab702cda981ce9,statement
351d0dc16067917b1c575897a36bc6e5,credit_info
13d5afae9ad1a873e05e9ba509d6ba64,statement
6eab0ad5d70647c18514d6e893866e68,statement
326c8044984c472d8a7111468d2acd72,main_screen
539347c9246b9accc5d2d6e21cc369b6,main_screen
a02dbf6d6a703f6078976a7364bb8255,credit_info
8f62c8619bfa4f77db76bf98c6f1846c,credit_info
d02110256b88104f73936c269a5eeeae,chat
d778b9b548a039b73e8403997fedda0b,phone_money_transfer
7f549ffdd9773326c71e77df3305b4d7,main_screen
d7f9c4657bd6f5810555832a22dd35d1,main_screen
023b8dcecfb5a2642d8ecf0fe72893fb,credit_info
e9be223586047b307608390d412fb699,own_transfer
9b2c106e571582c5d321ff136cc8ffa3,statement
17c2f08efb005aaead4ad229f1ab4911,main_screen
64b677ef76260640a9701ea6c8761c45,main_screen
5b29d9fb83dcf1fd95aafa2f28f835c8,credit_info
b1091dac773118cfe9418e6e2c9f8015,card_recharge
8c4298f186e1c3927475ad4185358808,main_screen
974a837bffb07c483f2d7f902958bfc2,credit_info
7cc288019d1cdf3c3263a6bc67e4eb67,main_screen
832c931ea0aaa9f47eccfb0ed48cb62f,main_screen
8d5b25991a3c2a91df285e1191c8ac8a,statement
bb8bcaec8b9643dfc0a9a8a10d3f395d,main_screen
caa6f41a56caa0494f42cdf35e583508,credit_info
297c455d79ec68816b4f6b775003060e,statement
2bfcc02af559de8fa0f41c8481d2a08c,credit_info
932e1f86a9d4cee24fb953dc7ecb14f8,invest
de117234b1116d88b0a6adde52f6b191,credit_info
2d1c0ce11a6ff927f1514a1252f42ebe,main_screen
554b3c635b68f216767f03cb4ba6a60c,card_recharge
fdbb06da7782949ab10d843728853e1a,main_screen
2a08987080bdf2cf8eb3cf9662a628af,main_screen
3eede320755e6199232aa8a8298622b1,main_screen
94212f38defbe2fa1b203cbe499b41f9,statement
0b850f85a9616d95ea476259c455eb16,main_screen
4f37eb89d0ad5c3134d38b6c2903df61,statement
c7415333e8c4b514e6de3b8e2e148cda,main_screen
3bd5de6f9f031141d5dc5e3c73ce2d99,chat
ec50c37eccec7223cb02eefb12ca6dab,main_screen
d70c3e8998d5c4764a93806dbf78e7cb,phone_money_transfer
62f82f73f5a4ff83594176f86b7ae03c,credit_info
2469ab2af3b407931a3acedd1a7412a8,credit_info
2f317d017ec2fc36d360b2cd46475d77,statement
de37ffc291a3b2b538a8733a33a76a28,phone_money_transfer
f8e8e703a062b6e2d0880e72c24fe045,main_screen
f38d8c7463e03f1a1725baa92ddfafe5,credit_info
ed75ef2186871e65c0cedd09df05e244,main_screen
34e3ed42989c2c9e1d810b3ba3346ddd,main_screen
fddf244c8350d71ddf48a065a54a9449,main_screen
c15e71a19f747e9156776b97a1df1823,own_transfer
cf49862615b23c769db020d6e3b6afb4,main_screen
90b6c747210a085463714ae76b4f273e,main_screen
e1aabe379dff5c9e0898d4f85745d1de,main_screen
73a4da01fa6726e2543491db4ea23f3a,main_screen
e804f2f4fa84dce4aa2e537c4eed1555,statement
64fd8502b482f81207914ca9b114ee38,main_screen
26f8a38a9401f6b4debb826e2c8db184,main_screen
53d9eb2c6d68cb89f1ab8a999f9261f7,card_recharge
5fddc87f2b1a7292154d194ead117cae,main_screen
903e6a5e05ad9ae1f16519688d2d2966,main_screen
b9eb360d62364bcfab6b0aa46a809e51,main_screen
ed909a152ff8fe2cbc9fecf717dc34d1,statement
09bdf5f53c5eb581513df2219c5eec85,main_screen
36ae741ff5bdc394b859c65b4a29ddd1,invest
328c22a4f60195f890e1da177f44bfd8,credit_info
616b30057f032d6fd02462dabf200be4,main_screen
82c211c8e9b79ce0b3abb8b322d6dc11,credit_info
c329376011334ab4442394165c75d873,statement
249791b96e98c75ee44859798f8ce2a0,credit_info
d208b98fb90a49ac075fac4f8dbb9408,credit_info
34858b9dfb4e13d1a07e9deddaf299f4,credit_info
c6e8aac451a8ead3b4534b3e5f9b93b2,card_recharge
c14aa4e9d79adb7cbe462316c0e68785,main_screen
5364456cfb915710570090270de62583,main_screen
ab6988770741152e508022c56a5a8334,chat
7c9e98dd03db2ee8a5ae597e8f5c6c6d,phone_money_transfer
d07802f068dda628118466fe41aeb87b,main_screen
1abdde756674ede33cd48a2fa5ff9756,main_screen
bdf19953aca52e7b5182f1b80f569084,main_screen
dd21420e857c3d07c891a55b720ffe2c,main_screen
7f6a0f67556421e914a8165fa3edc482,credit_info
d936bba0f924e86aac96840c33ed3eee,main_screen
38dc93798973535d7c176feefffef932,main_screen
86316728f12baa60e4f70a1567084078,card_recharge
01f024c2e9b06bdb4bd5377d5f55ebd5,statement
bf3bdbc46c119f80e3590b8208f581ba,main_screen
e0c515373d70e9376843783dcddbff10,own_transfer
2c57a847ec3524381161bb406a3d97bb,main_screen
c7136171d2b5e62b135f6807989922d2,main_screen
acb8c684145fcf6496c0a5e116203a3d,chat
554e305813a0d825e5c068269eb428c9,statement
9fde5ef25caaf077be8212e4bd92c1b4,mobile_recharge
dc956d95c6e55e6df4b096bf1f594fad,main_screen
e2e11e1776fb3da3f928977a0000a38c,main_screen
5b02b1e565cbc4c14b3ae7fda2eddf19,phone_money_transfer
6c107159d8630fb550b111c2f451ad07,main_screen
45482a48a5e323b2adc1d1180c06fd72,own_transfer
c1f5167fc1ea0fb8cb5ea233518a4f20,statement
33d3ebb7bbff14a6fe9c12eb86987d4c,main_screen
3ced7f1314a70bc602d716a30d81d510,main_screen
4d6f6bd88ddcc2522ce5d1f37a92424d,main_screen
84b9460ea3b7d99be5e1c02aabdcdda4,main_screen
3714e68293d8feac2ea41b3f50a9a76d,main_screen
afa0a145facbbaf740ffeb1c4b5feed4,main_screen
43bb0a2e54c6c20c270392eded59d5e5,main_screen
1340415416e695be4189ae4c76d2422c,statement
115255da93d5e921a003ed63545a2d85,credit_info
338a02cb02248f6a71de2002f71b887e,statement
9cb0a3297d3de236cf5ea0cd3ee172fd,mobile_recharge
f7690dc385428ca846b23a1b81fc0c6f,main_screen
a8e26b447628d93e8241256a51a03261,main_screen
a19f50ed2f8788dfad7e0e8834741804,main_screen
60c6da818571748c68e31ccb7c9973ef,main_screen
410bc3d4c218852467934168366bd1c4,credit_info
5abff9677577a7b549e72a1c911fb1f1,phone_money_transfer
30aabc798626a6a941f02888e79fc31c,credit_info
cc7c5f93b7682fcbe2b610582ed807f6,credit_info
45b5876360e14060d2637ab74dde8a2d,statement
cb3be956236b88afc32d4ab768957a2c,main_screen
02b3859dd7a4bb6b7909b82922418922,main_screen
88453278a312d3b2363e23f1d543bbac,mobile_recharge
18cf175ad4a4ec15db2fb10df6ae61e5,main_screen
751980569b144674ca09c39bcb9f776b,card_recharge
a01c3bec57bcdb46f65c8fbad4d05ec7,main_screen
73146eacbf84bad7e1e0e32ed89b3d6c,credit_info
de29b13170f6ed5caad615388f4d1732,main_screen
3f418e89741f16d2d59302b54a5c9e03,main_screen
312d5d758a47be808e9dc474004f5697,card_recharge
84e9cfcaf46d89f0cf50c5b883f0d195,main_screen
72290671365ae6f7598d5c02a336cc4b,main_screen
b079fd25ada4e83db50d9198d5b1e0c7,main_screen
25cd8b57262ef69837ef18d50319305d,credit_info
3dc272ccb15f688e0c7b576fb02e7449,main_screen
295d2502eeb22332094d265a87ebaeab,card2card_transfer
e887a8f3f99c3d54f7b9e002e5110aa5,chat
519134f5a3f15237b8f4dc4b4b5b0456,statement
de922b54aba077f463f68c1131ba18f4,statement
cc35025c2613e9512b47733ef121e97f,main_screen
9b5d79a7e82a50d7ea565ed3bf99a8c6,credit_info
7c3c48da37424ce676fa9e3cf7029c75,main_screen
165f3fd99e54520cf437af78643ccb9b,main_screen
4aa99b56019b49c35df766d5e18b0f41,own_transfer
04ad3946b196915afd0853e90520bf23,main_screen
d8636e37748e633afc080e5d93578c97,credit_info
1da259f18d94b770f2b11fc6ae85deee,mobile_recharge
450aad5e2b5cc50fcf1ac3464fbdf998,statement
162953b1a5bde74cf55f546ab7df165e,main_screen
6f5eeaa5b72d58ebffb198f7f09d299d,main_screen
eadafcc50b3d58ead7fb6e8b6ed2dfb1,main_screen
14c243b0ed10a61942f7a2a3e53dfb89,card_recharge
b6b05c581bc96f778af2240569483685,main_screen
aef1cb3672067c50234993febabcff43,own_transfer
6fc708ce8836bbb254bbc7136768de55,main_screen
13856328dc0c81f527907020b9bed04c,statement
0a3bcd58aa73a2b3759afc1ad7463d76,main_screen
9c411687155d972b82abc3afaba335df,credit_info
382ce173dfa86898d8eaff93459c93cd,main_screen
119a34137790ecef12679580c91d5711,credit_info
578a20681ff4318047e995f59dc1190a,main_screen
d0f53ab56f4df48980520c75b092ab3f,main_screen
9f6763def532645c127ad5ea765de053,own_transfer
ed2e66fda9caa1990b276b0764bfa35d,statement
911b2280c31e669bcaf05b878a99ccbc,main_screen
e5125bdf469465dad48606d90df4fd70,statement
74a2684e87bba27ff7ab7902bed74e02,main_screen
b4b2aa6d64f23f354f727b5a23140a55,main_screen
e664ac8caa9e3f9aee80ab3c05142bd8,main_screen
a1c74699d24bfaaa498f9c4f90256436,statement
a4e5365995e711770b7f7028b4eb5bb3,main_screen
56201bc2df18f80de78dfcdb2f053851,credit_info
a8f8db9f93cea4a672022524a77ca629,chat
23af4a6c313ee1a8c2b90c2a6e8f7df0,main_screen
75319d2f52f3933a28b7a66b9c3178a1,mobile_recharge
063f3c77dbf90697ddbfccd639139b1f,main_screen
80e4b63c8201795817ba9b3c2783bf95,credit_info
a68c70cc94479fa06aa5e31b2e2274bf,main_screen
5a64d04cfb4c389d3a6207ad49379921,credit_info
fa78d59577245fdb1fbc138540a6dcf5,statement
56ccae46cf82466a74993f9f50419f4e,chat
a2e6b9ff67ec54ed386dd9938bd0743c,main_screen
2a377386f25a0ddaa52bdb469ec61ce6,credit_info
89d64353062a9ecf12de310f67a3ccb3,card2card_transfer
943660c308e04a7c4911e8c655db60eb,statement
7411ed2c4cedac29ad859124bd2d0c32,main_screen
e3aaac37304867711291ebf492f3af4c,main_screen
c20d54e2779bc3ad2e7bd0f79945e28f,main_screen
5e08aac2b11a2c42f6714d8b75d900a8,main_screen
329a915d1d8d351c8f463020bd78dfcf,statement
f3f561422bfe610cfd8efa627ca9bc44,main_screen
91c1a554919fb89e14b912d4ecd86a66,phone_money_transfer
b6463e09f628f9388f63ff3f3ef56b8c,card_recharge
6cacca30b8a5cc8c4777224166fe2720,main_screen
8c977130278b363e5876df4159751aca,statement
2188d2333821e1e57170955b8bd7fecf,main_screen
a443b75f741369a249d64c3ea052ee6f,main_screen
88dc92e542cd531c7d17c22d02955c65,main_screen
ac131f8c3117e206b6ef79f5dfc6ff61,statement
a6dda24bbb98becfb46a28498f2e53c3,credit_info
0626f86f06ce5b13b172ca194dfcaac6,credit_info
1cac553b82403d3538d646ac1537e0f7,main_screen
7587d5f41a399146b0a482299ce6a6e3,invest
b0735a648dc467d048977791b7a7bd69,main_screen
199fb732b06aa88eb3d691665af8858a,main_screen
0f49ed1b6614611635824e6dd0dd3f11,main_screen
c57a6bfbb0ef19484e3809e3922a91a4,credit_info
33232d9256cbabf92cccc439f5bbda77,statement
ebdcaae8601fe7c7bee77db99a2d7cd2,statement
2c12875ed1c12723d6c67a4a138ffab6,main_screen
2dbc5ac8159178a1106bed482b183fff,main_screen
b8e030ffa6bf762975c1bbe1d9cb02fe,main_screen
9cc92adf7fe7e374837e2adc53ec405f,main_screen
df7d3052d8c3c0feef1df7e5287d835d,statement
34fcae96ec9bb7b13bbf81f22966c57f,chat
797d9514d6efc22b2b659ab9b1b308c0,statement
7bd4472dd33b5cd69f6dadc85a1fdf25,main_screen
355cc579276c742010c20e16a0e1dcd6,main_screen
e3d4c1e759c17daebda2eba40f3c490b,own_transfer
ee0985ea2debba9674bd108c518f60d2,main_screen
655cd4301598340bd3da3a65085ccd2f,main_screen
67585e74d1fd59ec0b689a79a2942c85,main_screen
01d00c9e9ecf8319dd1888a15d4ef8b3,statement
a40ad604c6ccff1b7aaf8f4478b76022,card_recharge
f463e80acd6157bd9430996b36ee5295,main_screen
aa97fce18d8e49073aed974466b64f14,statement
3d7443bf4502cfd11163d1e005f3d45e,credit_info
07d901b8a2765ebe756b744af19644e0,credit_info
b97d9de8066c8690bc189f5ff61eb8d1,main_screen
eaa56b8610c6fc746e758d2f52106e67,main_screen
fecfff975790498149e7f41872559757,main_screen
184dfe7a4eca99fe9a989e214b9868c6,phone_money_transfer
0677550bff2053a1ace59865945e97ea,main_screen
55ae301b8d322fed2ee72fd9f325655e,statement
f87cba608d802e2c018d3b945131a165,credit_info
9f490c1470b460f57b5acfb96a4fd1ed,statement
7c4ba1e146257265fdb705633090dafe,main_screen
3a5484cbf4b0e1975a5fd20ed9f9dda4,credit_info
4af5d5ce8e506b247cf034d2e8a6effc,mobile_recharge
f8ef441b91307905cbb007f58cd9cfb5,main_screen
1a2a138bd0363f4f760950d4d7cd8363,main_screen
9d489e50dfe6b4f9e803022942fbc87a,main_screen
744a26526ba2b6f7a99ec4521370576f,statement
c625d6d88ea90ad0d5c9dbb00edbbe9a,credit_info
e5d07d4309aa055f548dac45629b79d2,main_screen
82df6a3984b65eee441abb7ed3bd7d8e,credit_info
7852619672542f6382a7548cdd6820b3,credit_info
120355ff45eb16c68bb0c1d77bfeda30,chat
61c7862c00e892d7eb184ab2eec99b55,invest
b992c6b376b50e5100289a1845855fcb,statement
eb0c7cf88df96aebe633e9a34704b0aa,chat
72fc660d3720727cd882b10e94a6b54a,phone_money_transfer
dd93c1eabc0a5e3fa5bf9ade28fb8aa5,mobile_recharge
ff5390ea031d1aaba46e4c7fe62fd3d7,main_screen
a65f046d074d1a4c65cab78cc663fa1b,main_screen
3c8b1f7f7e08b5c9f60e9121bc7668a1,phone_money_transfer
f4a66a8ee549c374c95eb640ec2aa336,main_screen
5aecda16e9a7a48e86c5412057204e68,main_screen
c432ea69929f717db5fca523049985f5,credit_info
8e5a4c8f0a6d3eca0468038b2597cee2,phone_money_transfer
4dd7b00f059e166b9dbcd22b7e3ad5d5,own_transfer
82ede521ea4fe0f3ec9cb81f2f50778f,statement
09fb6df5c48437ec15078c11f63cca8d,main_screen
14cc43829b4b2ea9a8d49bb550aa24c1,credit_info
ea56331d727b2d76aa3f4dfe9b88f178,statement
da92999478714b76c14e5bce69566e4a,main_screen
706b58ff2b57f202ae1de628b5a9f822,chat
1ed8ff27c88d5fe4c05d5f9369da6b8d,credit_info
7a6e654a1b4b4bbb0931700113f97387,main_screen
f91a742467e2c7efc05dfac35cb6e999,main_screen
ad0acc6cb215c660a804c401edb4daf5,main_screen
c627675709355b1adbe4b1bbb990206b,credit_info
02e49bede2c1eeeec919e6dc73ec3efc,main_screen
0b95e7320667eb9ecfa553b7170b623a,mobile_recharge
a2314e4fcdc054c0fa192f86d2c9a037,chat
161f1b2ee228b71a002b2b6d34038c4f,statement
1ef20b1aa478e0919ca621ef78bdb788,credit_info
c2bb0570a3bb8d47c17afd19459ffa4f,main_screen
92d756ae233d20ca09c8ee1c0738430a,statement
ed6da0ac492eb79228c5e3ce4a37437f,mobile_recharge
dbdbf19c98d60aeddc878bcc41d67175,main_screen
8a8a1ec9d6f45c9875e6f4c713f238e6,card_recharge
2f46b4138dbd3016626155a06df9c671,main_screen
560e45017f4e0e04f2918e2195970b9c,statement
8d5723ebb28f9a49237f44e7752857a5,main_screen
e5327f076619d909d6dbf4a0ea0387f2,credit_info
77452f853bdd459bf3d823abdba7d6a6,own_transfer
3c1c3a6531f338a1004eec71dda10cf2,main_screen
84a731e9f13ecc5157283a2788567b36,chat
f281b99969a53c846c83450d8ae00497,credit_info
0443f1e166b0159c257624fe5e4b68ef,main_screen
5195256c5c8228134abe6404c1f8a0a4,main_screen
81e6d6a7beaf44db5f64b47e106128c0,credit_info
1659b852dfb8934ac906611cb1815fe8,credit_info
7ba67a717fdff872ac6829b88da4365c,main_screen
715df689e641bea605cca7b239e190cd,main_screen
b365fb1b4081666054514fc53f5cbe5a,card_recharge
4f3697ba48fe7ec1b5adcebe279f52ab,mobile_recharge
b9edc3107fd377a562fe138ec880ff1b,statement
32c2eecb2d624bce4bae92884d673a0a,credit_info
2eb17a8f08fde66ad61b2c9329331bc5,credit_info
789664a974ae3a0d745daea826b318ed,credit_info
1569b04cc1cebb046e286a3f920fa1eb,main_screen
b09c4dff5b9f496b14628fd1cf4af2be,main_screen
c9984db8cde7b515c89227cebf680170,main_screen
c7adb701b3374adc4234f4bf05dedd4c,main_screen
f997914982cd13a0b3250fdc9e829f1f,credit_info
654b87d4fd92106d040c723c60550481,chat
bed55b0f1c2d87e8b2dfacd13996340d,main_screen
1b6744d79164c2c433461cf8339eebf9,mobile_recharge
49a6f947380337b05d262b3cf2f91809,credit_info
ea12a6d7662da8fc3bdd207f746146dc,main_screen
309c5001f9ba25ffd5d60b30a145245a,credit_info
893e73dc6a9cad99128d3530d0865ceb,main_screen
caaa1973fae61550ab9a2ea7075c287a,mobile_recharge
c5e8ae88fdfb8f815dc790cab4cf4762,main_screen
dae63ab8f54fad5e94997ab7d9ce4412,chat
0f0a59fc81618e62f66d5a16e7c9d1ed,statement
dc58ae7f3e6adb5ec4a294d0ca12d830,card_recharge
d861c06052040004d4dd0f6fee53e173,statement
9123b9156cee6abffd738b6619ad3b01,statement
daa0a6e458accbc7933ae7fc4828e060,main_screen
a575450640b8f94a6cd4e85b34307fe2,main_screen
105d638d8e622b9ae0bf73a39b95949b,main_screen
ae69b986c5a8a1d718fef33830c1cb4b,main_screen
e54ddab7133af77ef26d4eedc2c95e47,main_screen
cbd6e78aef40b853bbaf5fe383028e7f,main_screen
7aafe55330f69a10012cdb297efc68ab,main_screen
162f531a0e776cc79f68e639ad20deb2,credit_info
e591550785dc9078187bf75b21a0dfff,own_transfer
d0d78267eca3e9606fb06c068ab10046,credit_info
26e795983887f917aa916342c8123a62,main_screen
28aa10255721de85ea6d03706ce7541b,credit_info
570fa32c98f6eee564e6613cb18a3ffd,main_screen
a3aca7fb1c53c68157f17498c634ccd2,main_screen
659bf8ba433aea3f53bb6278709620b5,main_screen
0b2af78c7d2afaf5b534c0e682157c0d,credit_info
1b4ec727a1b12bbccb600b127030dfb1,main_screen
76f703ed6d6749920b6748e91ef29de1,main_screen
193a25894eacc972e54d778004ce1757,chat
88b035f5d2397c16d3a069cdc218df4d,credit_info
df6cfffe927740a0d1be452320e8e825,statement
7871f7986cdc85058587a95e37deb4ca,credit_info
56f521a1bf1547c51fc39004b23193a8,main_screen
bd9de1f4789a3baef2acfe194405278e,credit_info
6327a2635106aa04a6741ed86f5f0f7a,main_screen
9938a0c28692e7533de0ad54b5bca403,chat
b1c354cde7581138275858d870ef36ec,main_screen
ebacdd02a0d4657cdbd8d865e2fd9444,credit_info
be30ae455e5a52d80d666ee0b034cc69,card_recharge
253686b94e0638138c7dfc8cc7475a5e,credit_info
6e2c34a37d51adf1fb0da38021e92f3c,credit_info
2a823ffa557b5df7bcad64f76dc3f464,main_screen
bdeaf848f05ff3be867d7cf88ed9c84b,own_transfer
6662b2590ee8b79fc6fbdecd982bc7ed,main_screen
75ea47eafa0f03c79a01de26d8aca269,main_screen
10461da315056ae18c2696ac7e57be05,mobile_recharge
768240687d7279f1512f8d92f3417449,card_recharge
c290482dfe27abcc0d197a27e290c9ce,statement
60c7233fd5ff2e66c3a6a7ce9a4eaf3b,statement
08414c6dcbbbf1d44bbbebc240ddc7bf,credit_info
0623469a66017dadbc2250aeeb974469,main_screen
9c3992890938b6cd3b47aa21a31dc985,own_transfer
793ddbe07d6371cedcca92daa2a1183c,credit_info
d3ae064fb497a9991e8c1c9631f03e0b,main_screen
0208cdb0c9b09ce2342f9a085b09b2ef,main_screen
26a8faeab7bc329c01b67c8260a5e985,card_recharge
a589607ccef742c1d8e0e61aa0974e03,main_screen
b7fd99a8ba17713cc0a18aa5d005f67c,statement
75dded8fb6041354b5eca9de4f7fa789,main_screen
17d56feeacf604699140bbc93eb20e07,chat
ee011de451fb63216124d1301f441bb6,main_screen
3ff03908e006b364d345fb4d0e918516,main_screen
49c871174d337148420635f0cb09a0a8,main_screen
f2578ce5e6bfade8bba90175fba5533d,credit_info
ad8ff07a87cbd375e73e14d153db498c,credit_info
fabf120524091e1be932e2be8a68cb84,main_screen
e051e9798ee1b5c1552f7ef6557d7d59,own_transfer
e5f96f19d872f367c5f91d8734c71fd4,credit_info
fb0a7234244e7822a5be5d4abf82fdac,phone_money_transfer
32c741554873c5ce55a021b92b706126,credit_info
8234ee46372b4e3d138b11b5b3e8aad9,card_recharge
6a1034453d6940b0c01b7984cbfbd10d,own_transfer
3c2a16f8b1fc0446a4c7326ab6b16df5,main_screen
6f08d31ad0de00389d43b9838b279ea7,main_screen
9f5ad054ddb905e903366637e7fc947c,own_transfer
8831f0c64be967fb97862b27b9356d36,statement
ab1e8b6d16635b0e42c0839437e8c659,main_screen
29fdcb7650d1c3bde1ad9dc7a33d53e5,credit_info
305219f18d2fede660ddd133002da9ba,credit_info
940634c4cb32c5b8ebcc01992ced4ab6,statement
0fdef4ba1da1b0864295ed9f23dea1d5,credit_info
2963b3170b058c932f978969eb897a89,main_screen
3288841509544a27f7a5bfc2ef9fe30b,credit_info
b59c26a23eb83f1ebc135c9c972bb2dc,card_recharge
c305e4f67e15fcbea5fc5cf9b38492da,main_screen
6ae368b5ea1b38b5a9a6fb8002fbf852,credit_info
1c29c70ce768abf487a6dd87eaed2d18,card_recharge
febfb1b087854773971398bbd00934c3,statement
b8515c3ced9114e4219a3ceacbf1274a,credit_info
005fa922eb8bd3388e373baa09c4c64c,card2card_transfer
f119d83c8076424d4271857667ad79ff,statement
20497866423e41786c052e3be1838e17,own_transfer
615f244e31934e14da9f6471260cc86a,credit_info
60f78bf665e992f59646b94085b93c8c,credit_info
8ff5541b4a21f316cc1d13725e63b6ac,main_screen
87968c75f6b0b499d204bd4fe1a924f0,main_screen
3d141b31c36825e6f0dc29f0fde7be3d,main_screen
d24b76654ed40e1cd601d62aba934bf4,main_screen
06c8eaebd6e62e7e9539de229f8fc54b,statement
0118520c509cf6b842722d50830627b2,main_screen
52527508edf42b0cffe8c1057a75d06d,main_screen
884dee60eb38398968bed7fb61a21dbb,card_recharge
f37bc495d615dbc957f7a58b4f08e91d,main_screen
d39685024c4b29a4f67c647ce0cb6cb6,main_screen
d9cacb6fa26ad23d4094067b482ce333,main_screen
225b23e446d1def3e0a4707459dc573c,main_screen
0efbd092942bbab9867f93c82cc36e48,card2card_transfer
088c459da86202f23a94cad7e370a6a6,main_screen
1492261bc1eba8bf28168a49601b0fdc,main_screen
e36b7af62d1377258e84173c61100fce,main_screen
7d14b7e4514b7b694d97fef16498c873,main_screen
e08cbf9ba08be39ad499f3e5c8bee6ac,main_screen
d481b36119fa5dc2a15cf0fea549da1d,main_screen
65baeeb19a72dc05cbaca2cf8ba65bc3,statement
912a328a58da2a80146d5c713acf493f,phone_money_transfer
2fb9a41e53628084e01351d6d2e26181,credit_info
5b6b642b332b083da884a71b58a645b1,phone_money_transfer
a4567a00984209404362b08ad1f45fee,statement
eed597a2add50f0b769fe49f0921ac09,statement
fa34457247632d74d41e8a00971947bd,main_screen
3d6f95cb0b0f833203ce98d7e7391b39,statement
8daa6552f9af4cff3c4189246aef876e,phone_money_transfer
4796efe300ecedbf81e31e34627e3a46,credit_info
82222efa2c2cc890d631f8a155541d1b,credit_info
4b5e54fccf4511f426c437bfea188c21,card_recharge
f820cefb3ece14aa70b9c92c09ad7b36,credit_info
7aa99e1c99cab20569c97f2fdd7b5e2b,statement
819cc240aea97d46ed38b861eea49430,main_screen
89963e4589f612e2ee56db51a8cc7390,statement
5fc3213198f7b7be14d38ba410c35ec1,own_transfer
2b5801ee24ebddffe32d675b6924cf35,main_screen
0e0d7f34dcc228202e8a198a2295785d,main_screen
5a89d1ff95a31c1591aca6af14d626f7,credit_info
65d05ea0bfdf1520f9848781f9103fff,main_screen
1c52f05051463694c04234cc5d94fec5,main_screen
b3c2007188bdd7f93ace1c83b62420d8,main_screen
dbdb2562737fd4e3a4d85c5ea495578d,chat
fa5407612244e0ef532138f6978f8601,main_screen
23affb7373bf5e6807e13f4930cdd4eb,main_screen
60b55bd5da2ca2b7a809a69aef855d2e,main_screen
c2bf8e4a1f4f331b70123d027ffb1fda,credit_info
ddfb7f0743f761f679396cf7ef7a97eb,credit_info
31a14f8185a120d9554df22cac7e4d16,main_screen
9b4013486dd43e9da15bc46520715181,credit_info
b3dff30fe27b5d579f5bf03f0f81f181,chat
6a96b47cd0b938d4fe9cac65506aeba0,main_screen
a6fc2da6e90e2860eb0d87e95346e81f,main_screen
140e2699210a6737a47d433439ecae2a,main_screen
cfd7208a80606a8982d545bfcf7b4f6a,main_screen
80a81e0f1ee8d304834e279c01970652,main_screen
31761a3c22a231d12a2b98f5dba31e63,chat
64246f55ca404cc0778679a58391dd37,mobile_recharge
5870c6b87b6f89f1c87a7a5999001531,main_screen
e0517c0570a63282582050b9d774912e,main_screen
efc0678d43d0970691cba8b405e2bda4,main_screen
9ed2efae97639abf1b172d8ebe02aeee,own_transfer
cd251396c19404530f029d25fa69f55c,main_screen
d38495689b6c1f629e7beab04e70f62c,main_screen
5575b2875f976730b64e8634502b597c,card_recharge
a16f644dd47acc1510065b1e2e36cfb3,main_screen
059d489bf1f353299ba6be01f5555a22,main_screen
4639f1bfcd9bc43b7c078c5a1d211f00,statement
444f277d5880f50d1eb3998d8c1ead2f,main_screen
8b84a42e5163d57c667c739ee51c23f8,main_screen
7e19a2fca7b53cf0992526161ccf80b9,main_screen
5debbbde8128196bd474261d15cdad4e,credit_info
3f9f6c915338ef0af2fd36cfd416d83e,main_screen
adfa12927880ad22eb7bc49748b374d9,main_screen
b2a57a05a8098b148b0574094de64a40,chat
357daeea3d0145defe487de0a185166b,own_transfer
4415074a6b8b59acfe41d40b784e47c5,own_transfer
016739ef023badcb2474f0f5e27dd4e8,card_recharge
d8dad2a97b89c3e6c7ac3752a84f829b,main_screen
e928b1ef152618e7af5fe50170f42308,chat
50086b52ef257168b35d00a53bb76542,main_screen
72a24f0dc15c613a8581d47691f61291,main_screen
72a626d735164276bf0813dba210668f,main_screen
cc905bb9dedbb1b63ce2d747e33523d9,statement
ee5d770a5f08454d2626013f0d8c2c05,main_screen
dc3a501cf80fd1bd59e81bebfefc8e67,phone_money_transfer
198ba19a0e0620e69554acdd8001ee27,statement
e03b8beda568fe837496632b05de8111,main_screen
9e2df93907c3f7622acee5c0c0af8eea,main_screen
da6ec17fc337b5b320110ba12e438d5c,main_screen
399865be86c191eb5b72301c96e336ba,card2card_transfer
5b7ca35d7288d6615730532bf2d2216d,main_screen
b534e1a4a187937c093694110c9e479f,main_screen
91fa5e8efbee95e34dbac626e8a644c6,main_screen
e95c08d6ee739e0344057e2180354959,main_screen
5b9ce82f662804a7c1b4de98158fe6ab,main_screen
4bb859338c3bb4890c04e1cc1e2f3191,statement
ab4e31f9bdb5cdd8534167d5201193ee,main_screen
dc58510da080f85136002b8da8fd89cb,credit_info
f4a845f9f8347b06ca97db05a2ccd56c,main_screen
a4f0c7534d339d28e3c6e50b58294dbc,statement
d97990ebb5c798d2c2827ee753217eaa,card2card_transfer
483087e28428a9ff0d8c53f7080899da,main_screen
42493da3bad8c71cd560fa2c40b87702,statement
96fc741aa0866aa79234b3ae8dbcfe99,card_recharge
c3ae1bdbb6e7a7ae114629f2581dbe1e,main_screen
280f841b6a2ba2219d2ea2c4ebc3f18a,main_screen
9f6c6ca6c5bbe4497cb546b7df50947d,main_screen
b3935a6bbaaae00f9c00fc33021a7e94,statement
4a0b8300c8e9408de17d3976c35241ba,main_screen
664de40c452115d506ad9e54b7f3ef96,statement
6f3550787cb16be5af525a91a61ae52e,credit_info
90f9b7ddbc0051bcdbaf0f30b0ada920,own_transfer
5d0dfac9642ea03c31a74c4111a23bc3,card_recharge
56fc2440e429128cc18353d6cca25150,main_screen
0f376d07896caff7ed1e05cb59c1c6ea,main_screen
2a22e20507583ed41155c16dfbafd183,card2card_transfer
a9a316c19d5363255b592b4165541949,main_screen
a4abd46aab6919075356ca9c3ae84961,main_screen
b32d071668847642d0241bd8d573bac6,statement
766b884957486e3731afc90bad8cb71c,statement
666ce68ca20bbde7106712ebcf5f288c,own_transfer
2656a3a5052f35038aa32043c59c2b29,credit_info
d98b8e7383cee65b8152dbefe85b285a,chat
682d95715d1c4350d95d8cd01980212e,main_screen
d7f359642b99bc04480b9d37b9b204a5,mobile_recharge
f49c8704dbb3ff2faf29465a028ae8fe,main_screen
6b5cfa70ba27aa82ab07fd3d68df6b5c,main_screen
abb51a881c6463479b565f5959ed4742,credit_info
a88d4d4db6b6564ad28098303886d382,credit_info
c80883c9725c9c5c0ec22e64dfc67652,main_screen
a665af16f5dd3d76e658c9f65dd7e46e,main_screen
d881dcb644cf41c5b16bffa1f3dfc2d2,main_screen
db0e930d4ccc480722a436d64538da3e,main_screen
c61a8b1e91c28ea788f7e19c8f12d3a1,chat
b01c23df0e47227c781c389908ef854f,card_recharge
36b53e8fc3a51065b814c5e02f9eac03,main_screen
7a1ee64ba57afb05fae53c81a6a35fb7,main_screen
f2364060c273ee9cec9a641625faf688,chat
0e961013c34f235bb9c8894f540d56b6,main_screen
5fc0ccfff9985dd06b2e13fb04a10df6,main_screen
ab9ef432d6922459c5e72138814540b1,main_screen
e0aee31b64b5440c02926c060217ec90,main_screen
52a2558c7018b1e4f8d1e26aa51ad218,card_recharge
e05d8490fce7168a8e4e3b9e6607787d,own_transfer
59f771245c7542fdf85e65316a50947a,main_screen
9f6d55e5792bf00b965fdcab150adb45,credit_info
c886083b2a5df8b9f7e5a52bfdae48b6,main_screen
2eb38b67499cb9b2823ed8dedfe11267,credit_info
ce8468fa0eff3cc85f64328847b0adc9,main_screen
e3ba8573790fa3404ab35695b2b3a55c,main_screen
f9e12ff4ea4f80d9e65993428856ce83,main_screen
180283f4e129d516d2532244a00cd15e,statement
f16fcd0fe18898e4883246d4786c315c,main_screen
c9cf273dee8b4ad73b1fb7f240e7ae1c,main_screen
7e37aeccefdb0efde1ee1d548a9ff269,phone_money_transfer
d6ceb499b19a028f73a39ecf61c26457,credit_info
232fd15351dad4a8693a3134de66a840,statement
bbd69d5dc2a802b5ee2e684522d64c13,phone_money_transfer
6afd3efdb9608f07f9c042e0a23318be,main_screen
ea41fba1d251cb93e03878a4b3291cf3,main_screen
30e7272b3d6086992edd5cc1122bb04a,card_recharge
fae5ebfd3d14d3083412601ec136bacf,main_screen
6d11d6d43ae2bba5a1cbf9809f4c4dbc,statement
b6510776e67ccb67689f8e8356df4ce4,statement
8e77a41d8a8ef3fc734370ba08d660fb,main_screen
87ec29b6e98d9e8e2c5cb393ad8e0b5b,main_screen
e9636cca1b2eabc7a396f23ddc8a7905,credit_info
e78ba62fdfbf8f9563a3adf952eb9234,statement
4e1cb7bc64073359bd5042f6f92b6f8c,chat
fbf936972c0804aaef4e677fd179704a,chat
9c6c63f5e1596d736d3f3549d6d1d5af,main_screen
8137f4fa7afb0afe25b4e038d59fb0cb,main_screen
4473903fdf4b040743ab1999d554e9f8,chat
b2a1c33715af374f3e97c7fd8cc7ee7c,credit_info
cb6fbdfcc2f9605b41df616c2e264256,main_screen
7e14662adda59ef70bea39c00f95cfe2,phone_money_transfer
381ad53615e950ef89c3e30d0886d788,credit_info
29e8337602fb5d9b373b0d86e5f0bfd2,credit_info
f1d118b139a49bb31835c75f30fe6456,credit_info
d5bc8e94402cdf07311dc3659e9e484a,statement
0eb8e4ce19f797884cc3ee9bfc55563a,phone_money_transfer
f991690975497f0b7ab51d012ed57205,main_screen
5ff6a63921a264915c26a4f93651389c,mobile_recharge
57bbe6a3951deee2deb05796110473b2,statement
06f95d85e4ae49d007645aca1840ad68,credit_info
9323714d7ffb90f75b804eb593734a44,mobile_recharge
728fa62531ce73a226c07bdb809220fa,statement
ca0582abfb1f5c11326416a1e0b7ecfc,main_screen
4b02eaf112c25132a0ad426a5a181645,card_recharge
9cd282abeba23a0bdcbb881c01e7bdc5,main_screen
e577b0bc0a60b38488eb820003aae603,card2card_transfer
3bc93a3855af984292d978ef8500ae6b,main_screen
07645a07428745e8fdf168ab70cb8a2b,chat
5577414a121a4bf695ea38f97f94895d,mobile_recharge
b2850f2ca4e3d0899a7fb617180a50fd,mobile_recharge
6c3c4914f047d57e102e837d51c8eb08,phone_money_transfer
15209798190ad554849ef9e6d5071781,chat
dd4a09bf840ff126e13cfec0ec0b436a,main_screen
671031d0813e188389cc24330e085b2b,statement
758d17ab92cf1753f764029ccde73e07,chat
3c127620a2530070b7f8ea5712b4b9d7,credit_info
3518523d908d3b777a711908adbdeb4d,main_screen
7524fe1588c9f21d036163f2f2ecc506,credit_info
7c339be0378c1bd61dd04cb2e035cf80,main_screen
4e9569917ce01583b54b5a3a798cfe87,main_screen
0fde8910a8a208820e5a6f609bc98d37,main_screen
d67cd54ac21e7c5b93c15274b3004d6f,credit_info
75f1284202a46fed659b3a93423e077d,main_screen
f3e37eb29491bbc7ed68996331ffa3b1,main_screen
cf5cf0c915ca48798d4d5add0d60bab9,card2card_transfer
0699b64eeb18b760db2b37992d7865e4,chat
638510097481d67b6b3b02b3a25ea254,credit_info
5c33d253ae784fd75a7d136075e4c49c,main_screen
2507167475cf762119469bcf46ae7dc6,credit_info
a8d28614e6516b314caea81d1458b9f9,main_screen
32af01df194a4994a871d2560afda5af,statement
416f67f7a713d8578e350a17ed18d7a1,credit_info
34402f459fa2d63e60e441b02d91869a,chat
c05ad63e85991ec308da950a7cd373b1,own_transfer
2aa5844fee5611d30eaec247d353398f,main_screen
2b19a28d429fef797248420b971a5a94,credit_info
77c43f41c1ee2e85b8f1641c279dc003,invest
55117e5fb35b7be0b5560e820e5ca6b0,card_recharge
28e29bf3f80e8082d5b3f98801844c19,mobile_recharge
10e505513c3ae59b378252c71b1cab61,main_screen
8b4a6f2508d2dedf981e5abef27ae33d,phone_money_transfer
8c8722c06dd4411adfb276cd313d87e8,credit_info
a4a6f48bb432127b5d142d22080643de,main_screen
fd7686c88a6b821479871348317ac96d,phone_money_transfer
93ddacd9ba1b378afff86a38033b368d,own_transfer
222b8930854f3f15297841e9e5e76385,main_screen
cc5c83bf9ca410ac7ab5dd2476830a59,phone_money_transfer
3efee668810778d47a0988fd40596824,card2card_transfer
766f15339e511bab85dc90cfe48c484e,statement
80fe2f83ec29c7322d1c6adf19efbbfa,statement
b0b91f52db8f3c2d4f983ad9280a2195,main_screen
08ffff39e1e68fc14fc5a19d7b858315,main_screen
64bba81ef0c94a80bd500b915c0e5c24,own_transfer
d58c45c17beea4359ee8a9cec8649fd4,main_screen
290096954b6b8065b9dc2e1c0367e925,credit_info
620bb64435e1d4ef7786d68b10ca412c,card2card_transfer
a7bfafde98df0eeca936d4b6641f9358,main_screen
085dc655de17f92d4b63c97b4f3b08d3,credit_info
75381364796c393b293db13966f2331a,mobile_recharge
eda4711c331b751fa3ad3162aee324b6,main_screen
b160021b6bf0afab903ec9e9663f71e6,main_screen
27ac94ac75500cbdd1fea718cf4e2ef6,main_screen
ff00dbab7cfb35719e29e24c13c3afb2,main_screen
5128bab4d122ba3ba637ebc44cd7f479,main_screen
cefefff9dec4c16aefd39f26ef717541,chat
bc6f3c84d64c2f50db2e703c943b0bec,main_screen
eec3bfa1cc616e267c779c2204ff23de,credit_info
7e2717729da812b415ceef48aeb670e8,credit_info
0eb163ff10ea2107f9233a936da3afbf,statement
bcd7806feccb481296cdefcf722c8f78,main_screen
9db3313d432189ef32ebae5eb886183e,own_transfer
1de047d52fa3858a4ad5e8b83926afc0,main_screen
e392fd6110416f2fee63ba19d8789d76,main_screen
9fedfe59fdd57823f9eeab94e2e09b5d,phone_money_transfer
f6fbc9ca4f29bcf578bbc1a47dcd4a07,statement
aa283cec9f1b5c59acee983daba876c2,mobile_recharge
f9be3a09fb103bdb20736ea4b545244d,main_screen
804fb4c5cd6c42c8076fe9effb1ba806,main_screen
426d10ba94187138e3d739a8a7eca3eb,card_recharge
2b6fb0df9acf835d64d30e680439b586,main_screen
89cf40a2b966877c07b7c0d7f2d5b9d7,credit_info
492ba8ec64dfbe6759b1d93aac2fcefb,card_recharge
cbd3ae9c04fb008bbe9a461692ea107d,statement
8b62e6a4e02e4d47a9ab585395b09ef6,statement
9ee9be69737465c03fd8b34c859e39e6,statement
d982296ba063fb190e9f32d04620ecad,main_screen
f41abc2381dbdfc657b486399943adce,own_transfer
48a764b0067dc342b4b3b89f10347253,mobile_recharge
bd33a3daa2c313fe4ba6836afe8174f7,main_screen
2cb3db8b816b50f3ce17f58b62457b67,main_screen
7bea938a441068757ba58980caf01a0b,own_transfer
c42058b344cef957745f493e96044b11,credit_info
c7c3879098cdb1e13e957741d261b58e,main_screen
bf6e3d802a1fa3f0390c870836c77266,statement
b542ad042d7e13b7ce37c48672c4832b,phone_money_transfer
f683d3326d4a6eb590017756dc509343,main_screen
46a810b5bc0296f1b413b88d6865d9ed,statement
453a9feb9918f18032d0e9d9ccdd5c75,credit_info
a7e40bd2ccea39d4b6b80980bac80fdc,main_screen
f8d2e70eabee4c4c6ceb624ef0a8831c,credit_info
0039771eef739df24b6bf4d2600bee4f,card_recharge
4f504aa87e4373932cffc7fd0313a47f,credit_info
f5c4a6f12786ab1118338e6954f705f2,phone_money_transfer
78b7c4b99a711071b0009d130ff323e8,credit_info
e6430bba116ec6cfeb2bafa023f766ea,main_screen
27e23e19786f756fadfe52da9a2c9500,statement
36e19307b2c71dea381e70c73e16e5d6,main_screen
26bcfe9efd55e03416fc87afbd63d1ac,invest
fee4bada88469681ce6fc3418e64127e,credit_info
30943b60e3dd6bce8ddc30f43718d809,statement
19466fb6b716b5fee572a1c7d1c98f8a,main_screen
e0ad6672f934b2a7e02fe4bacdba1c77,chat
0682611d67448c4c07d77b0c4c4ea771,own_transfer
2b6baaac86eae80bd316d4f5f78a498c,phone_money_transfer
63d82b48757a8ba94a66556f91646c4a,main_screen
21ac2954ebec0b74d4dd2b0e990e9fea,statement
50eaffe36d21efafa9b6295222496692,main_screen
e9a729cff1792244b148b88f6706342d,main_screen
e836e3fdb7832b3454d00ce83998749d,credit_info
e674f41c3fc421fef46ed39cd53fd9e9,credit_info
93f1181f0bebd7dfc725da9305e9e99f,main_screen
77010e3b828c894a3aa63d769fe973cf,main_screen
aedd9f56642e6912da058a63ff144085,main_screen
2d3587b8921920c3d50ff83f06487563,statement
6c4d6ba2ac5a944fffd5b7a6f0089fdf,statement
e23ee2c34d38e698e711b92de51cc2f2,main_screen
db5c289fb635bae7d0dbc96221b611e9,main_screen
c1abac80bb413437db4cb84999611052,main_screen
b013399ead6b134dd241bd144ed4fb1a,mobile_recharge
47dc898655eeaefbbdd172aebc54d06e,main_screen
e195066bfe46aafe01da3290344e8970,credit_info
053b5e65d04c912339c6e3d278b6c9ef,main_screen
1e4498148cbd7d0c005ac09a10c34d9d,main_screen
a22cca59692b362110fc79e52dd5d9d0,card_recharge
fb147ed2f6b216941e23cb6a5e7ed84b,main_screen
8626cc41614dc9e5c2e23b17da9d0dfa,mobile_recharge
8577b889a87445f3a70477b024dcdc00,statement
db9055481b75c83e2b5f1f8b33a3f486,statement
5a5fd33c5669e9c5dba5d3f24e5455e5,main_screen
f891ddf9fb3fedb9ca0118f6b55f9b2c,card2card_transfer
b03aace047b9a60173712e1c4838a0f2,own_transfer
3519d8650885c429ccdc56b1ad199169,chat
2fd103c455441e78a2c84302af671f81,card_recharge
8f1078ce128afabf91b3fa3f7020a081,main_screen
2c28a4a32e39ab4d4391d450ad7fcf23,main_screen
d4120ba8991f9066466fd49421dc24a2,main_screen
70a69668bc8cd4317a9cd6dd6f713f77,main_screen
be64ed536052758ec29873a6f0cfef22,main_screen
2184b30a66bd970a4699f47c85374eeb,chat
ffe9bee597e440d2c1d544b3dc32246a,main_screen
ed43a2d7b328bf755380c01e6a69608b,main_screen
fba1e3f351bf6b172015a1defb3a2e79,main_screen
f7091110441784aedf6da739928843e4,statement
e9f33041ed5d5b144b82d5bff86af3a1,main_screen
dd9dde7c82bab0e2a907d74649307eea,main_screen
2441a658427b66ea0c4e9205accab071,statement
8b25ee7d88c9e3e217e22fdcb62a0400,phone_money_transfer
ffce1418ae8fe7944ac924de1e48282f,credit_info
1af2523a404a1ba7c3d8938ce22bb05e,card_recharge
e01975e577cce08012229ec5a19fa355,own_transfer
9b646e21069ffb01e6efcac10d9c78e7,main_screen
29401eae36db6b24de739e6d5d4aaa01,main_screen
bb097b4bc7b04abc3a55d2986f7021c5,statement
6e8f5f02e8702d45f205ba821b1f1aa3,main_screen
3815aac0f9fcd31a9ef47a21e0a37ed3,chat
99001d3d0e20ff30929a88ef6d50aa0a,main_screen
2d8d1e8589785b94b2b045af108a2bb6,statement
c7820b24b04a1c7a9649783f5cdf8d1d,statement
e5a367fa41d28247c32b61d34fbf0213,credit_info
6b47975328502a576913490ea38b649a,main_screen
85c6d2ef64433cdc897b074da2b2e2a0,statement
64b025dcd1a8424f3c472d78df3c2cd1,main_screen
21223e692b25ba60de838ac03072f8fa,chat
02c837df972a2d0e21bd1a9c8e93a4fa,main_screen
4d0e856fb4b2ab47188c85e4f3c3488f,main_screen
d7a6972622b5b23c9d57518b90ea3b4e,chat
d5ffa9b597989eb9c487e073e153c4fc,own_transfer
8814afd9791d867a54ad5bea3d44d39b,credit_info
0228e26e025a810e526091ec6d76a747,main_screen
166e03079381683fb2753812b05e2a5d,main_screen
ea51518c98ef9d339cf5cf8cd09d0cdf,phone_money_transfer
7221034fd938680b38d19fab8a63f2f6,statement
09a8970813b0fb291374ce6c8956994d,main_screen
fd215e2178095fd15268b9f22e7c7a83,statement
357c9a9c62a4b2c818d6890fa954dac7,main_screen
56fcb551cbf666082ff73c49a5625744,card2card_transfer
ff351b7c41dd3382d9f71f31a9584ed4,statement
ce9bb5bf2dcdbd5943e3761e915fa7c4,own_transfer
8c2335cff8260ee8424eea1991a47fba,own_transfer
56d3f94d86877a6fbe7b998134eb2895,main_screen
2153bc2dd79d7e83e19682242c7a4461,main_screen
b137229ba49d7d796ad80e6e44130571,main_screen
e51b2819ac6e9f420fa7b1e26b045537,statement
8e69e0528f2e33a7b2c7a93e9243c91f,main_screen
aced7edc16c447d0dd953b02f2c3d393,card_recharge
aea9b1b430d4601da732af4954d99b4f,main_screen
737e4a14e925e791b925ca83f7300a5f,main_screen
84e0df68afec340907f93668fe453294,phone_money_transfer
f5f1ae7ea83676344d59951af6917b29,statement
8bf62075fe08a0ccd3f47220b03497a4,invest
8e738ecf5aab0012fdd5f69a74d22a47,invest
c3fca40fa85d65a8a2e5256dadfc636b,card_recharge
ce5bfdd20c02c077779cdba475fb516a,main_screen
8faa77290d267c0fc3b386a796c37c36,main_screen
8a6596c44ca99e44f999aad1db5541c0,main_screen
6e94153c00f9e8a15fc225c2ef700598,main_screen
438fdd502d75e8833af72820e52ed72d,statement
7de7ad61a45a6f9f802123295b5877ac,main_screen
916e81e0d31fdf199ebf7ea140fb27c7,main_screen
3b7deefdad720420e67d2316a628ec03,main_screen
81a388c2ca474ccf1f74f4245f49f047,main_screen
9597077742e4a5013396210bddfc8222,main_screen
a8b951757279ec1ebc24ad612d68cdc4,main_screen
3a915bb3944462d7807fb17f77336799,main_screen
5bbd85955e1218742a1df9c7d9e5e5f6,main_screen
f1af6b36e0a7fc7b39b83f2d723d51f7,main_screen
4c832d6a940818018e9a1dfbcb98b7d5,main_screen
40ee5017a1b629818ee8036663fe9e5f,chat
4ebbf2ac382e7c7d0332400743d3b9ab,main_screen
2847b0df7ada27fc7cb21d6a250a4236,credit_info
13ab90e689103b55d7d6f54ebeceb338,main_screen
f4b1b6e28ac42ec2fa6cfab1e15d7a7e,main_screen
78c53de03c675f338c8d67c5db47199b,main_screen
c0dc2a145ad2cee88c6f3f3b41a98e3e,credit_info
506c01dd7378e07a4f21bdde2e08cfd5,main_screen
1aea1c37d571997e1fa242012dedec8b,main_screen
3ddd1b72d274a0515db465731eac3ea2,credit_info
aa10a7668ec4202959526ac66abfab8d,main_screen
23aefa65675427c2a058c3401e4f998c,main_screen
860cbbbbdf6dd6ed47a4c2e990711b04,main_screen
79fc8f7b096eda2085e4b16647590f19,main_screen
c484f7d1786129b4574b227b04a44fd6,card2card_transfer
a689851c400f999612df02445a989dc1,credit_info
b168dcd142b654d1b8c6587fc38b85b2,card2card_transfer
db4e2ce0a2cc371ba8c53875638017a3,statement
c118e90af8476d23ac349bce0fc73fd7,main_screen
9cfbb8dfaba968ad078127e6dcc8048c,statement
908658ada7a24d3a42840bd140a6c040,main_screen
652955ed73fda6c0155b655259e6b20e,statement
a9b78c4a84f5fee67ab9d47e1ae560c8,credit_info
086f689d1a1e8e61628b97158617f82f,main_screen
a88d4d256552fe35fc141443635a7633,main_screen
09212ee05b02484b4580911d1e452a3a,statement
33239feb0ae311b370616310fec9e5cb,main_screen
2fad080ba0fa73d9d15a609ade84fecb,main_screen
f91e871b8b04b077a1101a692525c713,main_screen
8dfac31bd705ee0791ca56457dcd6f57,main_screen
e32fb0e163bb03e3931277aa52828258,statement
a7111a49762bd288026cbc2cec0067c4,statement
ff8289971ef2a6b7b4bd78e3e200628a,invest
50259f422d57b9f3a35b6e04b2176f18,main_screen
ed731465d736bfffc65ebf06d6f42d62,phone_money_transfer
d81e702ccdfbc59cc478e8006e57580f,credit_info
3ec17aa4f3dfdd87251b3f52e37f67d3,statement
a025cae699daaa8c8b5b815069c9127b,statement
4d0271530419e0cf8b465416d0d068d6,mobile_recharge
333135e980254a38fc010289ed140e69,main_screen
2d90fbd28e061f2a096af15e47789094,credit_info
28b22e4164ac509c7324f0bc51fa32d9,statement
a548ff4c14d3d22430e6bb70facc0ae0,statement
1e471b9c953409e4b9df435d340f4fd7,card2card_transfer
86aa17f4989686a4cdcca92cacacaf85,main_screen
4162f3487cb767399d5fd61fb097a23d,main_screen
dcd41dd26e298003970762c81aa52f14,statement
da05ce2cfafdb9f05f3c5e332b17ad55,credit_info
7b7af377aa92ec9e257f12ae2360b507,main_screen
17d1ff6b9018ea5899e7e1e45f7824cb,main_screen
d482ab413ee03e742d9a9c1377159c6b,main_screen
9331f51b091579f0f05f885bd96a1cde,credit_info
f8516e2b0ab4cea2c3b63388d6b25045,main_screen
a500f33fc355dcebab0f27e3a42eb51f,statement
4f526ea5d60fcf73c8cbd649166f1e56,main_screen
d396cbafcd5dba4ddcdc61fd392cccc5,main_screen
c2c6f82c81779ea3ea1afa082a92b4a5,main_screen
71b1beb9e7545d1b298334d90b56a09b,phone_money_transfer
6deb350a1f4c20e74936b3f3f70c37cc,main_screen
c057ba79eec919dab44177d658089731,main_screen
769b9011885ef04142e29b36065356d9,own_transfer
52d52ad0a3e4559305308400f98b6e5e,own_transfer
b0b16dc41fc377670c90f8dbc71ae498,chat
ed9a5ffe45ab3c99a090dfcf4d4b6e66,main_screen
ea45d9f723a2474556f924e324aaee6c,own_transfer
0a806ea6c0a25ddf96f77cd465ab7c98,main_screen
5643ac5ad14a081dda1203f6c7d165d4,card_recharge
603ed88f6289ea6bad651524bee3f920,mobile_recharge
b2bc1e62eb0bdf2f51ca2b6f6b6150e3,credit_info
e11ba95ef67fa18e802d58e10b28d92d,main_screen
dcfea4c1e607fc9a6539c895cfc6f647,main_screen
4aa4425d7bad1a9793a00fede8637325,card2card_transfer
89b39811f93fdfc5e254d239566965e0,statement
aef4278b3b0c028b8e35ff89b1f65976,main_screen
fbd776d88f186c0bf526a816fd44784e,main_screen
8e3771fb740dc7b1391e1ade0d997d38,credit_info
133e9a873eb3f54dc2e977f883880d8a,phone_money_transfer
27c8e62d8516ef59b6bb67f831d9587f,main_screen
3229e96a680045438981c25300e2cf07,main_screen
7c9c4f3f801cbc2c2e375f379c9f6087,main_screen
0d996a2703e5515a341c690fa50285dd,credit_info
eac6458d9543681de6d5e3d9a318858b,statement
0b50700c7c1da160ea8d010fb10d3920,main_screen
6547c8ee6dc38ded2c10192cd8f91942,statement
5248f8fa82ba6c2b1e9a826b92ad3495,main_screen
dfab2d932a9d44ad7d196a06cff932ba,mobile_recharge
1a54f3bb277a4aca48591b92524104fe,main_screen
30a7c36f00294267a24d3c6ae2614f9e,main_screen
d049e7c4b39416252a7920cd88fb7c11,main_screen
342f3058f8fb4de917b264b7960c92bd,main_screen
385d07795eb8336725a5030f459bb686,mobile_recharge
f37157338068ef3fed0c4ab6da525493,credit_info
b5d7a5a26d1682c54da7cb0f8270684f,invest
cb2c75151b4d943a869acfdac32d137a,mobile_recharge
2d063cf68f31124f86749495ab622a2c,statement
54e9df0efdbb0eba72a32b1a215ffdce,credit_info
96eb25698f94e79017b7c61353cf0d54,statement
dc308376d175d1e4ffc3242865e644b6,main_screen
af50ba14e297c74a93510278d7d8e900,main_screen
7e9d868e6a2156ec4a6122f0516d08b8,phone_money_transfer
00067f6a7575df6f067b3677b6ebfadc,main_screen
a8ff548422bd013881fc489000faa9f7,credit_info
093e0ff4941a5ae1473d97d7b1d2fbdb,main_screen
03fc9405ba920e8a1647650a2c111d66,main_screen
9a59ee28fa23e351ebdeb4935e44bc7d,main_screen
ba6e0430383622552b63129a2cc128ff,card_recharge
fffca970344a6c5bd082355809df903f,statement
ecd387693826a7cdebb59c8c9f28aeb9,mobile_recharge
e7e67ee3698c174080833b9ea752a858,main_screen
5d8be572c579e25cb155d6e21886de84,chat
f2ff5b5bbaf1b8da431739227ade9922,credit_info
a38c02939f48d502770a3a546e4aff17,main_screen
ed49810e075237f4505fd32ec3f77d37,main_screen
78f7f6168aaeda17fd43fc3a9fe49957,credit_info
8e3d43e416377e6dce0c86dc2d66297c,statement
35fc328a63e8aa0465263d9da615c860,main_screen
6a16951fc247dffd03ae202cf7ee3317,main_screen
4cc9df0f9e9383b3fd8eb67596e05f6b,chat
6c7b34267665e9458c08b956795ff316,main_screen
96753e297786912462fa9a0faabcdef2,main_screen
e1ff95e78432166bb606bccddcac4c13,main_screen
60a707eb5bca45ee143663d02ec0c831,phone_money_transfer
546d9d0ee329692128b0d8ff4ba591fa,credit_info
bcc250e86b7b55e70cd16fc3227e4ffd,main_screen
babd26e9104b5f6a7fd0729ce38bc494,main_screen
5e6adb760fc100ecc69ba024cee0df74,main_screen
b138532e3e3fd5057773d71b3c850d0b,main_screen
f0a3872e06f73d0d5b4fc4e0472d5f5f,credit_info
b327d9d49af54e2212d10305bb49fc63,statement
b3052b74181bf9e1cdbe4cda8207848f,statement
7940290c2dfb8085db2cfad1b3b279ff,chat
5dc0d694ece614b987fbcdb082c7a36b,main_screen
fa9cb6db4ad4f4673d9016952f9b0d7a,main_screen
20c3110125eb279cf09b01c86a829844,main_screen
066c6f17225f68b24240b7aa072b50cf,statement
e6fceaad7c9755823a62fe5cce1bbf40,chat
1a1335019697e23bb33d8eb81326508f,statement
8a4294714c359ab1f0e5316eb970a8c0,main_screen
6ea8cc694ecad92bc3555bdacfca79cf,main_screen
15520ee187af2ceb8e02171e398c6864,main_screen
66d78e4cf1022ed512786f4be5b463f5,main_screen
58c0e07950c001d3f765c939216bc8ba,main_screen
a48ceee30045fe67e592e25fac3d78ba,main_screen
ac528a657ba7dddc15f9b909634da052,statement
dfe3b4424b5c57a34bffda8b27b05473,main_screen
5ccb9b55723e643fa9d1c0dea03cb0a5,statement
135e4b29a3eaa0a6985169fa1c2f9462,credit_info
f6435506d64bb3e415c1ca7621a52d1d,main_screen
ea23cdf0f4557704ff6953327cd80b97,own_transfer
1525dd3b099a13090b01782687b48263,statement
419f99ba89ec59bcb99cda79b05acf92,credit_info
947f86270b1b37dca2615d15efe33835,main_screen
dbdd64dbcec07ee1bae2d39bdca847c0,card_recharge
0a6c4408ad4234af9c2726e377ae09f8,card2card_transfer
6eb536b1dfb16d0b5c0936b14c349a2e,main_screen
98b2cd1ae8c830dd3c1f5c2e4284857b,main_screen
1ba026957639cbefe81d7cbf91c75ba8,main_screen
4e9125b74583b29aab92453ece8bd760,chat
8c6b38f8bbc5fd9661bae82af9acbc8f,card_recharge
9cb99cea998c426f58dbcd504d486f5f,card2card_transfer
93727988cbaff59ccd08922b988ba1f3,main_screen
5f4bf838803fe25501e2f5b13adaa342,credit_info
ebf702e2ce2ac63f97aa2d91b69d3add,credit_info
3dce2990c4435db3cd7f967f8bb3a6a7,card_recharge
f2ec97a88832d429f05f97b67ba32220,phone_money_transfer
9d03ddf264e084d0e00d2ee847c1300e,main_screen
408165ab88298da2fbdd990f4929f8b0,main_screen
70550aa75b30a0fe40463de8ade4c84e,main_screen
38e9fd463f77373e4f8b779ad0172283,main_screen
9a99534c97fa3269f13a432c0f8f8a78,main_screen
836a64fe4b3b0d7b63d7dcff39329aa6,mobile_recharge
e8801a50e33f61aef92807171aefae1c,main_screen
3ef705321063d399fdfbba8ab2729068,card2card_transfer
72d0e69315b8116a9cedb9761a2938d0,main_screen
185b0868c1fed478617b2b33c4849e9d,main_screen
e865e7c98d62a8dad92bb55b8e5ce60f,main_screen
b10270bb45f6bb0fe1eefd628f355d4a,mobile_recharge
4b46333523601f0815965e9b7476a733,statement
5d1d7204e232a2759647db980791c538,main_screen
7564d2981ad4ce8ee0e471048144555c,main_screen
33b2ac33b14d0baf02a4c82dc8bfa843,main_screen
80cbdd18ccd8994ef3276f16f3ef4195,credit_info
c4cb47be15845e1fa7eea9edf8935f90,statement
71ef42c4617e811b06158d04d9841e05,credit_info
6acc27e1d3a8bb2addba19188a0c6c46,main_screen
faae46190e6ce57069a809522b0c6f89,own_transfer
386466e544c331a5e82847dbd4027fb9,main_screen
d2303d023da521ed0c9aafd5a9043809,main_screen
a75280b16b45b112e7bdf248cbe07057,card_recharge
cb3f796872743e43bf6df7c21fcfa5b2,credit_info
856aa7b1fe917691b7a6ff2d67ef7f00,main_screen
d60118a03e126a13af09d2f5053e788e,card_recharge
95badf86b9b2f2f254c2b2d2eb894c22,main_screen
f2ead705444d042df0ad644838d245e2,main_screen
b0e7250c3a77925c8f10b2d7ac93e5c2,chat
5ccd7425d9d849ef348eefc8bb04de80,main_screen
b9d86178245e6f0058fa372d3ae005ec,main_screen
7a791210a4c0c836b52f7b7855afc99a,main_screen
2d694934bd80f8b62c0b087237f185d6,main_screen
66de847f89e4010079da340e875b53c5,main_screen
7b7c7023faf63a5364a58e78525c6be6,statement
9b36f2da9523e5c6b9d96a1f3ffdd257,statement
74a0508351479d1fa1e9c461e610ec09,credit_info
ef77c97d5e5cdadb1ed121a195bbde33,invest
5b81d7e5157fec510f03ff29dca635e0,main_screen
da570a6d77fa63796a3db3dc54953fc0,main_screen
235d25184ccc8adcb32db86df57f79c6,statement
c283c748e222fa0f2fa1800c76fe3777,credit_info
7be0e864dea08e29400df9bf7e7a20d0,credit_info
453b0585bf0762026654603608ec9479,statement
2aa6c2666d2541e42304893e7773b5dc,statement
91aed922882e0060dffa1cfc2cb98ff9,statement
d65faf6c190e62b85f3b9dd550205122,main_screen
18de3a07d6333409aa2e34ae1458668f,main_screen
7810a7400569b6be95881d3daf85304a,main_screen
3945a386d94e808487268aaef6dabec0,own_transfer
0d2e2c76448fdb4956016cd3c2c6e239,main_screen
9f250707c1a575d858af3a4ea6859c61,main_screen
11eac8c3b42a2c4fff83e40d30df872b,chat
1ebcc2d3250aaffdc179b8c1911ffe03,main_screen
e1e7397dfe4aea65e3bee13a6b725387,main_screen
c092e8e6575cdd7abeee47237ae84628,main_screen
d96a139771901574ba0c60c4ec873ee9,statement
c050e31c5f620a572a349ee51d5b19fb,main_screen
b56097bf7a7b84b4a343339b9da9939f,credit_info
2ab1753ac01f200c7d60ad42e963a2a5,chat
d2e2125bfbc93490b884bc8e5cd7806b,card_recharge
12c60353eee1726a5eee6f5504c22a08,card2card_transfer
aada520657890cd2f4e1256b6fee7355,phone_money_transfer
56478faa1af4f58c52af43e90beb50a5,credit_info
f6c905d9dce35112305cb2acb1bb88ea,credit_info
69667c0816b0e7ab0f684059de52a1fc,main_screen
9b95145867ee4742c08ed9116582e264,main_screen
71779e9adb7b2f85fdddb4bdabf4fe4f,mobile_recharge
70a61a44f95c128dc2fc10d3faef73d7,phone_money_transfer
36a0f288ef57de2d115451f972170cce,card_recharge
84d18a4741bb7514e958aad68ec0b1cc,main_screen
51aa13f8b8ef3a4abdf3b70098f780af,card_recharge
7de7ecaa16ac1a0c24dc89e871d92a63,statement
8071bb17bf225d06ee3167e660821417,main_screen
b28b90e23248349962ca146b910553e0,main_screen
207f6533799afe7b53f4dd39c0fcfcc0,phone_money_transfer
371d102d175b35c81ee57ce46c797d6d,statement
3b46549b70f53abe7ffd8110868af51e,statement
bca15636f34f9358ce1f390846c79506,mobile_recharge
796ba566069bfee73f22b65c8c39943a,main_screen
49643f342af4dc4951aed7e1b0a1420b,own_transfer
8930bd837b541a3ad76e52558e421b68,statement
79b38dbbdcb1e0cd7b5050aa59d8bf10,main_screen
190f0875c7b151b11fe22613cebfca61,statement
c31677769da492637a0f769edc921d52,phone_money_transfer
e1980d67108c64c6a20503225ab1d269,statement
bae08e0ec659481d44d3a3eb713a76b5,statement
bef1a973262b28e6da4d8122f6323fc8,card2card_transfer
6aad7bc80f78b06eefcf0c26853361f7,main_screen
aa3ba66d4d61c4642a61c60fccbb36ad,main_screen
76b4c80cf7242ce0f6a0b977e3ab7d0c,main_screen
3fb0cb1f10b5472ae8c58c38c8444036,main_screen
8b9781d04b33efec76e0223fc50c762c,main_screen
cd6d2b209d0bed077bfc4fbe81f39988,credit_info
783f50b5c84e8c4e2c239fcac3c11763,card_recharge
058eb5922f84b4dbc86499e7bb02dd40,mobile_recharge
c52982892e05f34a382b26f32bc708e0,card2card_transfer
603db484d6a83b539911925a2bbb0718,statement
3f23c080947d01e2ed537e42277f020f,main_screen
303901609f687648b632f3272905f348,invest
efd4a504d4105ef4e6fd655a2e2943dd,main_screen
4da09f3209e4a1e4137bb12c6dfe8778,main_screen
edf31d39244d8d96e707babfd1d16bcb,own_transfer
cb3c1b4dae02da9e1d66afea121dc210,main_screen
83abcf2d77249728bbc9836a6bf1c185,main_screen
bf5dc51c33a1cb57005382ad9a1f63c9,credit_info
4b8f56163f1e9b914099e09902baa9b6,main_screen
8385f62036fd8b68b8c25d7550c25bf4,own_transfer
3133089eef089977a2cd7ba2bcd8e2e9,main_screen
cb933aac71ce25be04fe7a6479cd1f81,credit_info
3c4f6c38c68cf0ebb583e8a418a42295,mobile_recharge
82ee796f9035d75419ba170a9f3bc0e8,credit_info
4514e6aefd6e09c48c79cfc8f26fbe5c,main_screen
d99d3e963072b72f2cdfdba65b33fc57,main_screen
255fd04c76bb003385bee5b4da5a7be7,main_screen
b5f902c2b3d1ec48262aee66f4f34f60,main_screen
1d47a511216715db638a5a3a6aa59aca,mobile_recharge
4c099ec452b7bfd43df9b2827d32f639,statement
2237a2afd5499d6a3a4e7b3da2ec36fb,statement
845e2966737d81ae1f7f84e792291c2a,own_transfer
55bf55068782bfd0d80520a626d53fd0,own_transfer
c5c1935ac80cbb8f8cf809672ec1bce9,credit_info
2c7da25e7231414898cfd314cdce7ef1,card_recharge
8c83df7092aefa79a167e16f65505255,main_screen
2ef2fbc0332f9e8d6081b1a1acb41508,chat
9888187f83868b448dadc3fbdb22d673,own_transfer
78931afc052638257ae832e35ab403e1,main_screen
c7a5ddb2ed4cb0df0dcc74d7252d2607,main_screen
9bd6cf63cc5cb7d898179f292cee95eb,phone_money_transfer
947169334255827b9f7f7bc0704392f2,phone_money_transfer
911ff20882240fe925c07273d927bcd7,main_screen
a744797a7ac61d6dffb0272e03aa36dc,main_screen
fd066afb94a2bdcfaafc3474b1b9d0df,credit_info
5bf7907b5d2a609ae48a0b984e7fc9a5,credit_info
3e20f24d100dc7cff928d2dfd9362ced,card2card_transfer
f0b4dc152a54c25f2693bdf02664afea,credit_info
54d39bd7d268787fdf50dbfa1912da1a,credit_info
0879482eef0855db39dd5e386d391b83,credit_info
da6682fe4078342050b03f51e41fb935,statement
991777d2a8fccd4c85b95b83ea3f7f37,main_screen
64dbd6f3123c8c69495dd2cf9337ae05,card_recharge
30c2d706721804d22ec92658b6194fdd,chat
6e8552689689093da0c87eeb75fff1a0,statement
c732e51500ae297f0a03c88242d04f26,credit_info
f78fe803d861222c2ad4f1a84fee67bb,main_screen
f3d26b3417dcd4975753187edd5de703,credit_info
948a95ef1931c511e88881813e6cb825,main_screen
1475a47e9945378d996f4b5748307a0c,main_screen
68feca61b81ccd34bf84398923a8c38e,card2card_transfer
a64fefb484616a3eb81f1e908f0fa10d,credit_info
3e6f9b7d5a9555f3b07d0b1aedf07918,mobile_recharge
f7634aaf9ec55686ce55cd060864d14c,credit_info
6343924c91899222c8886fbdfc3d7b04,main_screen
cdce3cb4caf42f95b3e5d85990ce8e31,own_transfer
af872abb15ff4ed54f22817de822d8ab,statement
483f403fdb72d6396fead6029bc7f44c,main_screen
97c644b76ab7b0efdc19d59aaa4d3f0d,main_screen
39889008acf8a037c35a52daa70e9108,credit_info
21f4cbc1a97005b6178ff9f6ff1b0acc,main_screen
5dd3e8510685ab60f45be8e52a99de08,mobile_recharge
94983ff6cac495c787bf39b33c56d0e4,chat
06615631e1a19c9e053a80e89f1193b7,statement
22c0e5b866cbec7a40b0acc09ad67a7f,statement
dd597072f6120d2b557d21a3ab0bf4e9,main_screen
c5f03e8b2ca57d857131a9cc2a574970,chat
994d4df9197e49181f2b981d8b841866,main_screen
d5063dcd2ed4d758f1aeadae09901670,main_screen
919f487d0d142112e4c12f2f92f1c410,chat
c63da1292139e0cb1790e5a846e9b82f,card_recharge
256647a404d0d26258bceac2682b4465,chat
b472507cbe557fe5a6008ff02b77d5d2,main_screen
c7b212018ec74061424c84048d7a0fdd,statement
fc51e34f0464c716bceede48d5a1505c,mobile_recharge
87a251272d8206ed4b514697a42a0b00,credit_info
86a9894e4cd4d32ea43e62146c2b14ca,credit_info
89d414ff15f9118c9611a6b85eb22597,own_transfer
e2e3f89b671e038f3a6b0c272a3bc347,main_screen
bf3697179eb4d638a8515026698df090,main_screen
3e3d61d2e2cca5a3b1fd51bd69136d6f,chat
b7679eaffff86647a64927a38db9a176,credit_info
8acd47adc561f37a104417a14396efee,statement
03c692ea0c926419c137d1c99278edc8,card_recharge
2117c56644b573e3a20b318746c9bb10,own_transfer
ab3f01e88ac74932153c4aa1dc7bd6d6,card_recharge
d7cfad96cc1116fae9709d6b5ecf25c2,main_screen
797721ef36f927a4b145b95377557101,main_screen
18fcd1b4fcb4761f9c69c5751b28487c,chat
998ce98b4e74dca49b250bc3909179b7,credit_info
42d981df05b8b9d658784a969a24605f,statement
a2a4930bde6b26b625a58a81855b480b,statement
22e14462fbed6c851e6751cd0bf548f2,credit_info
9e0552b3f983ab3373367dd5f334a255,main_screen
eadf2f219c6dba9df3f64134c782e846,main_screen
48ebb42eeb6cb0a77e7e4dab2d3ae647,own_transfer
22522526083c760c4b951d4216a8bd4b,statement
d6c30d6ab90e3af7968ed9d9171608d5,main_screen
7dcca3570eea717b407bc5fb46187216,statement
6daf97f8c9c30caf778b89199764e0b5,main_screen
185cf99c689ce382e9c36465087908ca,phone_money_transfer
87eee8bcd84877f7e814148ee26f6425,credit_info
1806902b214aac663f49ef561a4816cd,statement
f9be08d436b68d394c68c8d429b31d4c,main_screen
c07316324cfd560433c642aacc21c2ff,main_screen
f8dc5f0c87a94d15e9e65658357c96ce,mobile_recharge
9a9545ddbea76225507b5e2793a1ab32,statement
8dfc2842ef32150b566761c40a30dcc6,credit_info
1af44eaa18aeb33d44ab3d89a774feb5,main_screen
e0fab03bd179d4e650254c97331b5157,main_screen
f0be4a917f729bb258f6eade64ea5bd4,phone_money_transfer
b10322f3cfa9bf7299f83c68d47f65bc,credit_info
502be5515e1d30d67dc44cf4f5d83346,main_screen
ead07b6b2c220749571699355aafd80b,main_screen
50aab2c31b4597e6dff5b90c6ee567d2,main_screen
8505e4dab95ddcbf522c5d9c42a0a498,main_screen
d7eaf191b9bc50d9a4aa0edd14306bf5,main_screen
b78258a925018aa758e9706ca0b055b4,phone_money_transfer
44145ca607b21c220aacdd39d0a3f342,card2card_transfer
94a962daf69b6d30993a44ad2690ec70,credit_info
79e0d4e9f0ee0aa21fb392307e66e443,statement
b6cdbc06e2dcf984c6448305cf700771,credit_info
364a1b067c7ed55f7a47b837321067fc,main_screen
0027cd90cd9162cc71137795bde668cd,credit_info
06e6a397b30b89c72cedbcfad42e65ce,main_screen
7eb2dfc38c20fd36c0268f49dfd06bef,statement
ffe1a00eccb67bd226091d26ebb3a4c0,credit_info
45b9a5f0ec2c9acb52c9cf04a44aace3,statement
27d51658e702381e65601fc906d32919,statement
40b39b2c82960c11eaabfcc103debda0,main_screen
f895199515338b0b1a128a15ed29e539,own_transfer
eac974ae7b2f1425cf634e597b68d1d3,statement
859ade22275d265b8f831bf714cda5fc,statement
3e1d848b07e3e6a8c3de749f01c73b2e,statement
58f74435e97f7481d2e7716d4a91955a,main_screen
48ba3cfad65a7a79b904654c1b7e4953,statement
b7942f7f77e25d7c3b8713d59558c8fd,statement
849d48fd64a02758ba2f3a2770ff1608,phone_money_transfer
aadcc1221ba6064644db2c7d3362d031,main_screen
7cb22c9d9180135c11ba83779b25ba4d,main_screen
819495292239a3ca765f154b75e297fe,mobile_recharge
62c2bfeac20755e614f94b315296a03f,mobile_recharge
d2e34976c04979945c11ce83ddec1190,main_screen
964d5361e90c61b56c277aae64030619,main_screen
f26ed75c4abc0e2bc9b31a805f6f46be,card2card_transfer
9e060713b86917bb5974553211f86b1f,main_screen
7d5c8bacec342b26c328bc863feab7ac,main_screen
146cdae30f2494c551c146ebc58a3ba9,main_screen
1af9692f421175fbda8959fe7182ba0c,statement
0fc78081070ea9b89915f38f6243a884,chat
25ba7aef21f1418f0c2de54a34d9eda9,main_screen
0f846c3762b23ec09ae6f3f69c84128b,chat
c37cc476f29932846af56c2674387c5d,statement
e8f56970f723d3fe8fb813b55b6a5da3,card2card_transfer
25db4022396dec7ed9b88d4f2654de2a,main_screen
0bd5fe160369f9f640fd90db22b480fb,card_recharge
663c40c47032a6f47a6a9a51c0b9e035,main_screen
92b8143517f062ba1e5cc8e93be28ac7,card2card_transfer
43d266e6f2d0d743c3c75ddb3211e6bf,statement
18554dd97af1991224a2f6b2d80c2b29,main_screen
447d3325e12cfbf8c8aecbb59683c1e5,phone_money_transfer
86cda743941ab118c2a0eb5cb1e6b508,main_screen
26834494d0423d9bf3be40d7f90d7a23,card_recharge
7703dd15b89feb319828725e4684e687,main_screen
12b4f8574d76f165825c9671b851267c,main_screen
b1996096e17a92f8897da4361ec87970,statement
67e649b30cf5f62dcaf914be7d8de213,mobile_recharge
f9333f17c14e3073a72f534c233e37b7,statement
6f37d7b9ceacfdd6f92712692386a2c4,statement
2fed6da3a7f69a42dfcb0d9d0e041715,credit_info
3ae8bb6ee9cded8859edaa897bbe8d7c,main_screen
997cc9552f37961a9bae8f5966ee47e5,credit_info
d2406c63f98e8d28030367aa9e1e669e,main_screen
a00b30b91c6cd35f81310a97d2d263a3,phone_money_transfer
561001692f0fb7a409ecb204d80f035b,chat
390d4db60ebd639f47419500b3a6a6d6,main_screen
83b4460bd728851701c830fc14314a6a,main_screen
2a34f4f778758aa5c8adbca6cde1f17e,credit_info
dd6f00eee0082504fabe341add3bacd2,main_screen
1615f00746bde7c9be0d5f734b5b1813,credit_info
ae711884b0820c44052c870adacfa5eb,statement
f53820953eb196bde53230308008efc9,main_screen
fb89bf498e3cc7a8e45d3cf98548e73a,main_screen
b6ede05162e2b4562b20923a6ef9d41f,credit_info
633a986e0c17a43fc11d5d5cae21b188,own_transfer
bbfafc27a5dd75f6ed590d2915c738bc,main_screen
325838f78c0c05bd843fbaf5ee45741c,card_recharge
244b11932dea49182eb77f41eb8c7d9f,main_screen
fccb7354a55c43f5d82e3e4e2d63afc5,main_screen
443171e2cedc62a1165bae1aa1ab89b8,card2card_transfer
7b4d35b15a8d5b372c24c08c848122b6,main_screen
e73a55fa3f508b296a532f487c285080,statement
f044db76c9014206387e722166a8eabc,credit_info
2d28add17a1ac9d4761fccbe4e008a5f,statement
6d018b938e7c3a475daa05db77dc7627,mobile_recharge
b43098b62acd1e65e5ce1cb5fce68abd,credit_info
0022b12a2ec1645c8ecee1e77191e75b,main_screen
a58759ff517f3aacf710f1bd92e18ce2,main_screen
0f11fd0653d0f67af7b9d5f5f6ed44f5,card_recharge
8c1fedf396a571baf4402cbe94798bd2,statement
45b91211ae48705e572329bfdbaca3d6,statement
6c0389600082fb1a2248449647aab1f5,chat
87022494f5d47ce6724737427c0e08d2,main_screen
8059fb3aea4c057552b00a510a7a11a1,phone_money_transfer
2e1de9d06876bbe551c40f3960fadc86,statement
07f2b253994ebc0310ccdd7768aca4c8,statement
e918f2fcd947ac395c6bd5b607d66db4,credit_info
794e302832090276dc04b1b4e473312e,statement
71ebe03d82c7de7a3a5e465dc65ccce0,mobile_recharge
0f3a03da7934b2fc51a1bb8c9297224b,statement
0013744421df54279dca733d9308c195,phone_money_transfer
80157869e74a68ce9a02ab289038c62e,chat
04b5d3793fa253119efa38ec68569103,statement
75aedf1be010e2bfdba6cae73b1c71ac,credit_info
a625ad673aa12d80773089e7461a6166,statement
a2ae457e8fe1441e1c8ace9978c6bd78,main_screen
fe71e87e4e1b0b401180dfd9722cc618,statement
ea77ead631a110bbc1ca7d7cdca9a5e1,main_screen
9bb43e948458d7758a3b10f7e6121ab2,main_screen
d6a84ce0c2ac9199d8814ad931574cd0,credit_info
0e00b7b42d8851436594836513c23173,main_screen
1135325719e4a0794b5370e5fba0dab5,statement
ad11a44ba8a0e449d128fcb5d9a6f68d,main_screen
17d45aac74f88fff56ff0e225e55a585,own_transfer
63f06a36505cf6f6c14ca0b7990aa125,credit_info
5a94c297c4d3854c589a68d3aca354bf,main_screen
472b1d64ed4c6f42ce68fc4eedec46a2,mobile_recharge
f8f6beeda1fbb259a9f88144404bbe81,main_screen
9b172bcfeb3251c79a55fa1a4ff540e7,credit_info
412c25e2cd9ba8de055de67b498ffe8c,statement
1109acef38b5549c3e7317027691e3e7,chat
745209e7ceb02a2e722be07085c2f48b,credit_info
54e41170c95c4ad898758a395d70cb74,card_recharge
925b85098899ee4c1d7086abc0c90932,own_transfer
dbfeff393fdec5fc857e7bb7492eb750,credit_info
e2e4421892dd597250912cacf6e177ae,credit_info
19af36c9c910b10a16c3edab8a995d8a,main_screen
47879f27a8d05349c3f66c66760a85d3,credit_info
3780c29a53fbcf7a1a4321fd9b61d329,credit_info
85de9895f44379d55b7c5e3eabbaf7c0,main_screen
be58cc5993a72cd59263fe2c9d706a36,main_screen
781931dce451897f8157f41db6ed0688,credit_info
e74948c72eff9dfb7b17c878605fcf7f,phone_money_transfer
a63f748811359e0c2e944b11b071c3a3,main_screen
c582b29a15a22c4696cc0abc929f05b1,card2card_transfer
359d5205b6ef706908d9ad50f4fd48d0,main_screen
16be7b4ffc706937e2819c278bece2b7,own_transfer
491978c8dc2efee612e385cfe60339ff,chat
893c4416414c8c3d84e7da396daf471e,credit_info
8d1622e5059a5113c4825051c6faf567,main_screen
f6f89ed749ffe740b6874fc66bb5ce47,card2card_transfer
f7a4b62464fe34c0fc781ceb2fb6693b,credit_info
5246d11b80f0c4b6e0dcf3408a90f322,chat
24e52047116454aadd33acc0db843e36,statement
b7a79173287609374fd89f6e4ac03ef6,statement
621236fc76be4a020659817b6a311307,credit_info
c89d7d4d2372f8e81dab71f215a16c0c,main_screen
e7ba71f2cb8bc0d8126c47ba8bfe48a9,main_screen
c6be2567ecdc83469a0aa3f722792184,phone_money_transfer
bc6fd3d5a0e9b0074e045e6a6432dbe6,main_screen
0041ac4fc3a9fd6514c583c45bead48a,statement
8671b56beddc64d146d985802f709f38,own_transfer
dd837851f4b05d49c6e4055ca577fb0e,mobile_recharge
6ab3c11f5070243749ad4bea7a620343,main_screen
bac9d4c815aa474a80b4e7b64069acc3,chat
5c696ffab25c7d093c815e365f60e9a7,mobile_recharge
abd02a995344f1b1ec93e193f6cb9269,main_screen
db348eee7755e1a7b7aa15a651dcb53b,credit_info
61d91bd000b56384de6f3663b2b24d7b,credit_info
a39a8fecfa14098c026025867274ecaa,main_screen
eb308425b999883e6ccbeca2a63b33cb,card_recharge
9ef98aaf459dd46f3c843ebc9e631520,main_screen
4bfaa3dba40efa9c5c270e674036fe00,chat
4526f28fd30a9a8bfe9bc7cdf1abe8d5,statement
5bededb1fa8e4d46e25b7a0f19b6bcce,statement
d86ecbd7e33edb03ff382e1409f19685,main_screen
37977c5f620a4bf232270a708e6803e9,main_screen
590b0072595d8955ac70ca4a30ec7c2c,statement
c6ae5189e31dd6d0267f67e8d4a4e0c8,main_screen
939cdf50c2b35950c2617246c60c6882,chat
86bb6e7ffad857d41c1a73dd702e234a,chat
92142adb91de85ec20d25f5a392c2e43,main_screen
5902a898da2e83b2a9f1e7387b12e999,credit_info
617123e3e9b3d288c3e6349804ac2921,credit_info
8c65605829bb768fa88a378393ddc5b8,main_screen
68b439044342f29a49a2d6ce10a79b7f,card2card_transfer
59d4aed82bb893cffec9baa706ad7f6e,statement
403c052fdb6f90ff40d4c523bc1d6934,card2card_transfer
ec81d6023eb9ffee8c6f83f3eda9a6b4,main_screen
72a744865d9b0c0b3d71965686f09548,credit_info
a18aaa231361c1ce56295c15fe13aa56,statement
9002ff75240d9809969ec68544c6a534,mobile_recharge
9ee8f03d7be432b3c53ed6f32bb130f0,main_screen
867ef25d4d74739cd97194ebf2eb9c65,credit_info
1832f8e8852a04f94ef746dc7c1d7517,card_recharge
c914a57c5c01d84f386731576d240559,credit_info
12792dbfd243414f00a1e335dfeeecaf,main_screen
6ab2522e3f2c92bf7732d73c423e9d2c,main_screen
e71b4d07e2b1a54be5de16b798396da4,main_screen
751001df1dea165e2565f36378e5c718,statement
cc1aa9d1904426a99d2b4ab363408b08,chat
33f5c2983055ec45ac374ade1c796e0f,main_screen
1fc9ffc3e9fc5c7aa3ba3b9fa4cdfa8d,main_screen
443864e8deeabe5f02b579fe36664372,credit_info
782674995108c897b077b93cee60dc20,main_screen
bc1cce0bbbc40bd84da7c34db9b81cbc,main_screen
d36d3064165f79da64416aeb68d269ef,main_screen
bccb598c551a898bd441b7795417721a,main_screen
5b1368e732cb9480468b731517e3bbc7,statement
4453049fe4e16b8d080d5d4902ca05d5,main_screen
38d1732cef44ff4972118b0faba23108,credit_info
26f1542d75edc82d73c5d63b546a69df,statement
8bac50f2831a053686426f26f40c59fd,credit_info
a076e034dc0a8cd2462122347f58eca9,main_screen
5a4b20091a3b701e3b7db787ed13d9e3,chat
07463c79cc7cbcd4f93babb56bf6e9b1,credit_info
bd504fcabd4948e2d7815a82eea4b807,statement
646d18f8bd9d894de5b663fd856ea855,main_screen
565af80c7ae46e871a48c0f93004fc47,main_screen
25ecf27b07912e13393470e14675cd7b,statement
d184dc9be6787f44953362eab91110e3,chat
6c02f5447b558a559435e7954d145216,phone_money_transfer
b44b1bd7aa7f495f6a1bf5ede0787994,chat
88d6cb4194261f2a6997a6c9bf919b2b,phone_money_transfer
18313439492e15dec52108807ba59f80,main_screen
4eff13a289de47ae5ca1dc77f6e63a4a,main_screen
aa93ae517594e815702294e30f044e15,card_recharge
3bfff41ca2be63c1d97056e6eb4dd308,credit_info
3cb506383b0af6091893c4fbcc7f695a,own_transfer
41ab94a6714691242c07d9c4aa09747d,credit_info
632cd23e019163d071cd61c9c86459a7,main_screen
f54fc2f93ab7e9713f4770f53a6b730d,own_transfer
42b881152b0aa8bfcacef1cd948a1c7d,main_screen
07366ce8d6852eee59148bcc77240ae8,main_screen
d612a47bd66d2745f9b82bafbb18a6bc,own_transfer
8c69e033c9e3011b988f3b409c3aacca,card_recharge
2b087d57d11eddd48aaa1c8ee4b5364f,statement
24b007e022429753a185e4e83179887a,main_screen
60984c259e39ad8a14b023a2635a48d7,main_screen
d1e9b476bc03ddf220a5aa8253c8e2e8,credit_info
4a8fbd36a78a4b57bfc060d09851f823,statement
70c3cabda2c502dd73393aa9abd33e26,own_transfer
efd9ca522cfc7a787a983ed1fc510102,credit_info
aeb48a49b953a3020c783a36384800d7,main_screen
ba2d84656a61bdbf598f451dfc262293,credit_info
2ed09c904748ee465376d09bed461d16,main_screen
5d75f151653b3b1c710049ddf5d6bba7,card2card_transfer
1fe69d982a494de772f7f7a2a1692f9d,main_screen
a1f0fe335833f54b47741550654bfc7d,credit_info
a294cbd335eb2066dcd7098fa9057543,chat
2add16af612128a8ffa37fbcdae9ae93,mobile_recharge
3110e4504419a90c8cdcb7082b5bb4fb,credit_info
93849159661a0bd75769db16a0a39463,main_screen
958fb72194788410e441a0bf2410493b,main_screen
b635c76db3cba53537a555c90e7b1651,mobile_recharge
0ba7426abc773fcf7981283920c539e5,mobile_recharge
2e017c06221fc7338e6db09d112f1e9a,main_screen
3d754ca369cb8554b6cb58caacacce2f,main_screen
93489444a0b55ae4235d4c276013ac34,credit_info
b6624094822d50275da5116ad2c1f29c,phone_money_transfer
f18958201c6b3547e1ba2136764e0e46,main_screen
f0e58343b3c0d9e7db47f99d31ed3765,credit_info
6b9415833a66317b2b72a3e03d2f92e8,main_screen
30f6e85db8dfdff97aa191e0a1aa420e,card_recharge
ea1e7c87cf0037caccb195b250091287,credit_info
f9c9096b29f63c9972aaef4bd4ca274b,main_screen
ad906f34fed2745e33f7edcf5eae43ea,statement
0d590775430e4a4a67e2a72b40d14db2,phone_money_transfer
c8e82528354bd67c6bd08406287caa2e,main_screen
cbc1c29674e9273f7e580e08f980031e,mobile_recharge
f2eba0f78610c8bc809b374334804f90,main_screen
9d3a3774e0a965a8ea4c1aa22a4aebe5,credit_info
c053c76100cee7d86b045f1945ee2059,main_screen
07d687d1bd9bd6cd120400756fd622fd,main_screen
08c315c9070caceb1fb45473a7af4ce5,main_screen
09823a6518ae44f8b3da203ab95d9c86,main_screen
da19894751504c834e35fc0e385a5227,credit_info
ab00822eb7315e7dda208ef43eb4d40c,chat
e81eb64dafb39f2fcd315a741e009a41,statement
e885dd4574aefc8b5a29156d5494a94e,credit_info
81d652f21fc94cd0ae02bab9f650c866,phone_money_transfer
003f0d4110a7aaceca1305b9930fecc5,statement
618dfd8d87f0eaf7f2dead604e8e9c5f,main_screen
24829c39ec327eaa54c94230260a1b74,main_screen
1c06c2a4abd4d2803d3311d976a32ff0,main_screen
577a391385ef19fc227ade4a41bce594,main_screen
b1d4e70342840621d2f1dbf73c4ef9e6,credit_info
419d8e080866b8c2734493e235fa2b6d,own_transfer
509d779c37927a42644b533de6ca5e1a,main_screen
1e211b646c5277f0c0c6bdfa506f4d2b,main_screen
382304a6c87adfcb3b97e7e6449d6baf,main_screen
096f7098004fa3726297ea634f74f5d9,main_screen
af88ca557611ac60756e154ae73808bb,main_screen
85e73fc8c02d7fc4f51d2a1579f1ba50,main_screen
13d5b7e246206a6a34bd79f0e8b4d33c,main_screen
7b1c52cfc663e477045037463e9282bc,main_screen
a085daf230b2d9e06afddca8ca992129,main_screen
f7a9f89760a567e64be2800da0b17e29,credit_info
2a6cd42fb5ef4ae6fdbe0c483ca63236,statement
394d7236feace1928438af74af5fcad6,credit_info
fcad1b3ec8724b29475544ca258ef675,credit_info
6c5521b5127293fad80ec427d435316e,main_screen
784068c752c4aae999df47033875f818,own_transfer
060ea37238213c5a53f8fb88612369b5,main_screen
306a13f55ad9dde4d7eedcb3b61eed95,credit_info
353ccdd21ab02625e01876fb0b934e5f,statement
bb137680b3d7f0313ff199c92945921d,main_screen
3c18cbfab49c18819a1babf3ea12b72e,main_screen
dfa0242bcb15165e5471613439945c56,main_screen
c2e6dc318d9edc090667333e8aea5677,card_recharge
be5d327cb008d73a0d4634b2fb61e848,main_screen
e22353a3d9d7acdd113ffae042342632,main_screen
1f1985124f9049a574bcf90e003a74b9,main_screen
71b48d47feedd96a32490cc9e5c937fb,statement
c8e7a48c954618b66c621760047b7825,main_screen
8c67de33a48801e9f2f9858619801cb4,main_screen
4fe0a39eaff9bdd85aa38a6bff5b0d97,mobile_recharge
6363410b31e168aca0f80c1d83ca9736,statement
f018a6062471e21a88895703a11a9f9b,statement
5c8f9265e69686b3d69d5ad9fd158ff2,main_screen
593290a12ca2c239c163288ba962a331,chat
c185e07401664b90c256e4218ea6e545,credit_info
b49dcab8b54863a7fe1696742076f314,main_screen
67d9129c41d7431101dead9ab1c61e41,own_transfer
a6dd55eee6aef4e0a13431775bde2b4e,own_transfer
71c4a6bc4cc052fba2eae0b36c04e0b6,chat
b23f0408720cdd8b055489c28be46549,credit_info
75fd0349d6832c8271c2fa15fac3e622,main_screen
681342944840ca9e5e6e148dfd9d6b7c,statement
ca54895e49adb9ab80e52c9d7a6860e3,main_screen
c65c820bf4975fb687fa33124a551fd8,chat
c23b67a33f880c473cf3fb849556d73f,own_transfer
c775f18a095141e0eaff726a866b0894,phone_money_transfer
e52bc7d1639b74065e37208952e97864,main_screen
b3dc4e65bfee19221e07100e20d1d2c9,main_screen
fc78a059c7c91aa9f4bfd7254cdefa07,statement
18839c016f783dd69dbbc929dcae8898,statement
a5ef0e539a0253855843ca68900ecb35,main_screen
df5ab0b48ecdb18a4c28ef07764f8d5f,main_screen
1a4b878120e56b32ddac2000277f754f,main_screen
60d7d757920d158a670a3282bdcd6437,main_screen
10954ed8f4feef10943eacacee761276,main_screen
72f69724ca36a1ceb5f3d9721fc01932,statement
5c07095f0944ad927b1e5fbac982b668,main_screen
0cb5c1231b4d3687b9a1a67a6f54a342,main_screen
dfdfd67105fe7ecac148ab29359b3618,phone_money_transfer
ffe6b4b7563d4112c087f8add760885a,card_recharge
1f58a5355e01d6db2d9f7d2e6637c139,credit_info
ef706954b64728f401e9fd8c4a487051,phone_money_transfer
b6fa2ec2d8595948a6c767f4369d5498,phone_money_transfer
1be03257d9dd091372456b989a4c9997,main_screen
1965b86ef014ec1498a708f951a5c107,main_screen
29435a96ee908a92977a0ec12c9aebe2,main_screen
809f260107bc5a1f7a80288d3c99ce1d,main_screen
17fea4483f83b4fbdab8040a797b00ed,phone_money_transfer
c2c0fe6ab4315076709e2f66ef687fcb,main_screen
52e20136370c5306ec036dfbeddeb9c0,card2card_transfer
02bf772b06e5b7437f24b654a0dca60a,card2card_transfer
7c3c9c7063bb4d2c3d7a9bbd1cfd6778,chat
c933a341dd34e294fe5602a06b7d6a9f,statement
3cc71443255207b0c377fc5caf870873,statement
294acbee25d8c783ca49236574530bd8,main_screen
df2954f63290b745d22d42b9ce1e23ce,main_screen
65c26e7f06bd72952eb8329ed0e314ca,main_screen
9771711627eb0ac992b0db3a54609042,statement
da5d81ed634315b4a561d19d53eae0a9,phone_money_transfer
34515e9bc7ed928b6e8e13eba47914c5,main_screen
8b1a0001d1221e23f4dac2d2621fe7b8,mobile_recharge
8fffeb102d0e740365be755e0395471b,main_screen
289131f3b02248c4a6d7f58de93e86ea,main_screen
1d96f6283c76cc6611ef637be34e175c,main_screen
7b4ee9b466f1ded8b4ee2b8f96bbcee2,main_screen
f3f794d3a65f409703285063b0e420a2,main_screen
6762d83553734dbb80d884b79c68f3ca,mobile_recharge
48eda3fd50c67a4ece84c7234c9c8157,chat
3ca5a5d3e3d6c4d556cbfae5becb01d1,main_screen
5ce1624464673b2b14030f478cc69c64,main_screen
0fcd7c30661c3e8526b4c27bdfb7b717,main_screen
63cc6b4552b7d35d2b04d9181ac8ad80,chat
f114711c766b0bef190710ba6e782dba,main_screen
e200877e7ce6fb2165ce811279bf8aab,phone_money_transfer
1935e53626c0bcb2d58780fa4f1670c0,card_recharge
3ecd6c183748e5f071c015d7f0f401a1,main_screen
a7e7930a0cf26afff8228a3c8f7a8f5d,main_screen
2edfc66eeefbc749dc7c6b48060a26c9,main_screen
59c4ce1089afe1ec6ea72eaf2562ea3c,own_transfer
7e68267198b66ecc86231dbf9c408bae,credit_info
d76461c23fb87e49dcab5868e1f5f29b,main_screen
95d7a6965f6dd6b8c5c415329966f143,credit_info
4148b8087e95ecdb48024dc0cff7ea09,statement
9668ce98d11c8010b7a717a2e0da2e7f,main_screen
7d21130c49b0faa65ec36f5ad445a4eb,statement
6f4d04d3cbbc1c2a312300e31127b00f,card_recharge
05f8d7b0a073e046d7888703d97576a2,credit_info
08368b5fb52be619920fa0f16afb24e4,main_screen
ddfcbfe24992ea8a00746b6fdcee3d14,mobile_recharge
7ffcfa94f35173f9386b354e93f403d1,main_screen
ff13f81c0859f5642d748572d71b4585,main_screen
67ba5079920f77be026a8fd42686ad11,main_screen
d59a83e7338f8dc9dc2f2d2a10c531d8,card_recharge
8ccb658cf5436d0bbb27647b374971da,main_screen
5dfcebaebcf70ad9c0f9ff7abf054548,main_screen
9005cf1a76a4d9fd38f0a5c134702d7a,main_screen
e48916c9cfeeb8425594788c200b08fc,card_recharge
f069c43e666a2aff01dc6a3c678b4c0a,main_screen
16565bd6ef22461937f6e6127f141ed3,main_screen
e4aa9340b58d4f31f348ec253faa1269,mobile_recharge
9726e528c4f5e48a819eabbd72a5cf97,own_transfer
87624371f4e8fa2ab7b9a23ee418ef57,main_screen
0db4de47d05769244a63fd4488ec4214,card2card_transfer
7ce7cc4459d45bcea47c80a15e8496b6,credit_info
0e575fe2e36ef07db812597e2f747cbd,credit_info
75fa84122f4f737e612fa00bc2b0c0ea,credit_info
c55ca3030da9cee9a7d8e6d57613cfbf,mobile_recharge
bfe60729849eb775df72abfa7376b88f,main_screen
9795600e57fbff85e9e26451ceda40f1,phone_money_transfer
4b019acb8b7497553d4dcc868d142003,statement
08585cc719a574eeb1fbc132f21e03a1,main_screen
3668b4405eb826b2ba74825c47ec54aa,mobile_recharge
ac85e304baf12f8edd4ad129bba8d965,main_screen
5d44f2ea3c25f1dc8ee9c4b2d6e29f3f,chat
759cc495bd66331bfe4340f849905df0,own_transfer
f129f08c939eb1f4d69aa32884483832,main_screen
9a47ad7a8e150a0110263d6725692a4e,main_screen
377f8832c0d6bbef12323bc978d32154,invest
b5a4b144522d8d697e80e570e2a34073,main_screen
7499406799c0a85b6b0b1a8b67ad8255,credit_info
5ea7d30e6b789d70e2ab8ebf5ba1edb1,main_screen
9d36e1946cea49eafa2779a08c57184c,main_screen
8ca42fc3e879053092a2e5df846813d6,chat
6170ea4c284fccc9cb30175030933b93,main_screen
25c63ec1eeb3d7b2584e3ea728cc233b,main_screen
610b535469e51991b779b0ee7985b966,credit_info
ead9da45cdf446bf8ee6c1cbc3c81f7f,own_transfer
67c53a57e2c05616661a741ae37ca4a7,main_screen
50e7c1f1ed45503b44661f66afbd9734,mobile_recharge
ebc2bdddfbc47d457adb4f22c172d476,card2card_transfer
01ee4464d64afa389a2ae0417598b2d4,statement
6e711303cc1cd4ffd3425351f7e30b7c,credit_info
7734356f39eda8d416efc0ba32caa6a8,own_transfer
9796448369f78488cd007ffa89d66d12,main_screen
7c4d423a69f97b83d1b68100ac6d0524,main_screen
ee900ab741cf4073471c5a4f8b421765,statement
13c9971a073b5f3164cff6c9b167b0b4,main_screen
f7c12f0025a3e58e32ec409e6a4b326b,main_screen
f1d4414fbfff11bb4bd8fba881975ad2,main_screen
1f7bc99b6a2619d68c08b2ec4b0764c4,main_screen
f86f13e2973a2eedfa32d19919ba5117,chat
b8d16b4bc71f8da720b4596cb3b05538,card_recharge
72b20c510c979d3ad07aa0cb09dcc0c1,main_screen
17911101755e27cc176c11e1154e5c29,main_screen
00ebe096ceded48f0908856570efed2a,chat
3bd707b66567195ca953923319cc48e3,main_screen
0156c6406ac5968afd29621be34290ae,credit_info
bae0e7ab30d0a076459ca6849675b589,credit_info
ac05eb680a3b08c69281eaf46aae0d8c,main_screen
8298559652f282ea939b8403edb23b77,main_screen
63a3a0a07a458a55db8d12696e35d934,main_screen
de60ac862d4a1555e215921462a4689c,main_screen
aa2e0f3f01f6803e112f0532623c1c3b,invest
1b246b8bbd588d11138de299285edd67,credit_info
4a48fbfad8f5f1a11155aa83ea55cb08,main_screen
875855ada19f687d08b1e3a1b59c01f4,credit_info
3e2552962b733c0623e5b6fbfa34328e,credit_info
c3be03b77ac9007825d6c9699c61e5a2,main_screen
9e7f0f1866cfaf23ffe4c2b5f2851f26,credit_info
da85304fb6db5fe18fb75496b0185ef4,phone_money_transfer
51cf90447b40e43befc43f333c3423fd,statement
ac025aa4399bbf0e5b0945c3ceba3c32,main_screen
2b923f88eadf5232f55988ee48443e6c,main_screen
707621f64caeffdbd9916f83c1dd3cc8,invest
469966734a85921e8004dc80c8a0f4ed,main_screen
325046f044ea7df1b8d95ce5dd84b734,chat
269d708ec40c06119cc190d58b7e0f0e,main_screen
dd001b46abfddd802519dfdde3bd2eae,chat
cec2f9135a3fd1e1f54c22c8b22683b7,statement
5b40815cccf6f1a6b19284fc484e25ed,main_screen
ce9dd902b80b7805f380289213dcfb48,chat
5f5ea0839497441c9b76e5d7649b65b4,statement
de367270eae642eae5078c7b609a7e57,credit_info
e1787f844d50ba0d2fdf685884aa99da,invest
e9bbf23ef2e6c4167cc79d9271153ed2,main_screen
4ff4da2a5e731b4c5ab820f682f4072b,main_screen
e83b6395e61f4f158a414621b77aa53b,card2card_transfer
31b25a7987848964178528247628b29a,credit_info
ef85eb97466c86c6dcfc7d452c249152,chat
467e29bc6c2175ef374bd2915052a51c,main_screen
d0b724aebd2ab8771beb71503731ef20,main_screen
8416b8616764779ef7a3aab8da6efff8,card_recharge
1f062e2bd6764ea58c5ea91bbd2319fd,mobile_recharge
65f29fcdc3369195715c698d6bb636a6,main_screen
348e422a17f1f9413b70bf65896c5f66,chat
80d5a15a95aed45f3cc96749e0f33ed4,chat
183220668bc84981b37e6f8c34c241c0,statement
3c493bb729eaad7b58387096a8f186cd,mobile_recharge
07b5d4b3dfd871c69d5778edb5a8b7ca,main_screen
d0093029148e4846f0e66ebb080a8fe5,main_screen
b8b710b1596077eabe9f4e9c8476a074,main_screen
3fb94270a88e9e2321ea008d3b753c7b,main_screen
13a16190a7216f3f475a613b4a8ab416,statement
6db3db43f6c0fd4848cc3795469e4a97,chat
750661b4f72d41ab957fa6c03ce92b2f,statement
6d0f61853eeed49249c4b3cac46b8449,statement
b63fd39d7f463e433a3d7c5ba03a1e22,own_transfer
705bef64a9ca8e9ebf02e762ea0aa8e1,statement
d733eb07f8c091f3a54839e223f09944,credit_info
334d5125bd6a3726e2b2288f63769400,statement
f5ea00ee84bf45f4287d9421ee50e0b7,phone_money_transfer
5b6d26967e9a2a4021c8e66609f3149a,main_screen
b03820f744233b0847b98f216c3c8897,credit_info
34408823960d2213601014ddabfa042e,credit_info
5bf3327cf56b3cfa72226f82daddcb5b,main_screen
9cbb410794ddb4c9cb13d7ec5005ec92,main_screen
caec94ac1ec8840547361e9b6efd8e9b,phone_money_transfer
0deade74eb128baa019e266067d0b671,card_recharge
cd7f7e749aa92b7d1cb3cddbda5c2e2d,main_screen
ed8dfbcb24e08aeb6e5dcfb630cae619,main_screen
d2a205df88f2b030a7965f5c5dd6593f,statement
049198d67856fc802090532866a83eb0,statement
861bbde1b134e06eda221ec501cb7b9e,main_screen
0365b12f88bbde838786f4a808ff0064,main_screen
f0b9f933b1ad99d23ab0484b4feb6c0f,main_screen
2a425048dec18053befaf8de34f1559b,main_screen
2d4f8d035def3a30ddf56e119ed3cd93,credit_info
c3db1e1414b999d3cf005398ddc1795b,main_screen
a0ee11f6204fa8be8fa8ffab50ab8f6f,statement
6c54f744b65153ff3f3b0a1489cbe88f,own_transfer
e3ad7276f838fbd21a8c4bf794eaf602,main_screen
5ff375a9ebb403a5135c2e0abb0579da,main_screen
1c23a13d4d5748a8e83f3c0605c13c24,phone_money_transfer
fa666a2345fa58ff68e57a7ad87164b6,main_screen
ac9802c5f57d95ea2b07e6285c8f2de3,credit_info
8195269374f9962222da8400fe9cea4f,main_screen
8495b643eefef9e0051cf5e08ab8a2d4,statement
ea95d6f12805b9280102c19c99f38b1a,chat
f3c02a768602cf3e5cd81c7ece17cfb6,chat
a226bd333fad8418017518a65f24cf41,statement
15a5897941fea4b0102c038b8d68ec56,main_screen
4a10b8cf1b8cb834c84285829aa92304,main_screen
dcfce5d29131c46fa59ffec409b4bd33,credit_info
f08889e4bf387aa5d6f40ef151b1db8d,phone_money_transfer
bbb77f970fa9a12460f3de4c90a0beb7,main_screen
2997f582ce1f671571897ff47fc8f9ef,statement
68813f620eac4fd340a870498363063e,statement
215b93c6c72a6a0cbe0bbcdf1182c60e,credit_info
6ff78e4161f209c1ec55430e02b3ce4e,statement
3a3fb20a69a076ea148e96bf027e49a8,main_screen
372d28ccf6abfc2483d49d62167a332b,main_screen
8f8694fb659650ba6ab8a86b1b044585,credit_info
98049089444b65722ec323eac119e77f,statement
21729c89233877b0c1b7480c52cc8b29,main_screen
7671433612b5dc5b8bc71eab07e06a67,statement
8322401aae0fe17a3e46ba83250314ea,phone_money_transfer
eb582841240d092434ca2763f0b3776a,main_screen
c8ed5be65f7e5047b3f4b689eb3426d1,own_transfer
d2ea84fb414b32088fb07a9002960dc4,credit_info
d478552cf11efbfb5e6eec3326c1760c,main_screen
be1169441ab2df36559722e01b71a544,statement
73881e986a388d08c09a8c43150e367f,credit_info
f9af8a7b0054d400d425766410408031,main_screen
e3dabc9e07484df7ecbac3f47127a70f,credit_info
dd84fdfd7b3879a2dd701df5f30d738f,mobile_recharge
f5e78465cd49821b074203dce9913ee4,main_screen
339d38a39a013228e9f8599eaced65f4,chat
c80d43e8a1c5e421f0d61381905527b2,main_screen
13098beff45ad322b67e096e44494415,credit_info
051e075e037202552686ceff0bcf5abf,credit_info
4ebc2d1baeb3aa51db93262013385c3f,card2card_transfer
94eb9240b6839bab338df6ce4447fedc,mobile_recharge
d58cf36f33ac1b47b18c266fbd4b43f9,credit_info
7e756279e9f17292b2c78b575150bfcb,main_screen
510ee754a9a255d0a8e966ebf23772ba,credit_info
c0369232cee7a933e6a631cf1a81e363,credit_info
afd78dcf5f4eabee971dc8045262aa97,credit_info
719a8b49af5e127b4800a196375f54a1,chat
cc215b6bff6b7913b6c66becb16a47e9,phone_money_transfer
2fd45e12031c38ba34740e5c503a7fe2,main_screen
0345d2a34900f070b8825e278f628162,credit_info
8edf15660b77a60dc8ba8b346fb09956,main_screen
a60bdbe5595c68c254901b18c232b87f,card2card_transfer
ca7884ee41953c28db57bf5969d1c8af,main_screen
0b658c1645cebef3419afe2b614f68b8,card_recharge
15b772b7e449e07ad80270221ccc767d,mobile_recharge
382c2259875868325d3f478a096a1d72,chat
cebe3562e733087aae816931e31edf82,main_screen
213a639d9c1feda0656b22347c67dea5,main_screen
e005c5473ac21ba89bcf5852cb762b46,statement
c4f1a71d27d14176ba09bc66dbe4ce18,main_screen
be2187dd8bcaeca8c30f663b5f88e935,credit_info
362e33fd86130bb06d670d45acbd9443,main_screen
5684234588fe25b93b3e33f2b5feee31,credit_info
e9f4e1b71933770f2849b8eacf5d499c,chat
b7485b21657421c72af32f637b774b8f,statement
0b26263bd9a24ae4bd2b3bc14d0248cd,main_screen
74a09f95d32cda9e17beb26d7518e1b4,statement
cb2d6af59bd005b90a995386f918ff47,card2card_transfer
684aa68fe0dd71a36c26633386068691,phone_money_transfer
e446ab34cf2a7edfbc95701e291f6172,statement
a14b97040194aa683ccb1bb72d15ef49,main_screen
2177aa2f00f17c48ee4948e88ead6cf4,statement
57c517720d836049a85d53c34c3ff52d,main_screen
68c85b330092a943c021cfdbe8ccc15e,credit_info
c17a040b9bff1b4dce4bbacde50dbd28,credit_info
85bd205ed7d089ba67829df8c733540e,card_recharge
8dd0e636025574ccb06a9bad8ae9a0b8,card_recharge
dc1323460f95640083e60019cebaeffe,main_screen
a7d5f80ddcb3c3959051abc59e904e6c,credit_info
c0c7c82850c3d9686113b1cb2c5c4511,credit_info
0bf7b7d94b9332718f5421c93309655f,main_screen
ca41fae39221f5598ed862e093f9463e,main_screen
bf18fcdbaee19466442d0571f6502e45,phone_money_transfer
f79d9a5632ea9927856002609225dafd,credit_info
455dd159bd65688ada15ef53aec7bca3,statement
2a543556f60a4db7b41b59767938898f,statement
07a7ef9887b24efec317cbc47240ced0,statement
e3b6046330c42614fffe281811467cac,credit_info
cd818d9f0a7b6c3126a1b7d7143bd4ee,statement
20d3a7b34150a47151ce54f1bc53e876,main_screen
0a563d6487425e3c0486cdc1f72076a6,main_screen
ba8ab7f6b83c1b600029e99637b0a108,statement
fdcf3e271b17fb7d701923a73c91893a,main_screen
1ad2a5abbe3e931c12077728f470d886,main_screen
a8ec5fa703f173fe46f58711451c3989,own_transfer
9f8e491d77c97883803037f5d3c70ddb,main_screen
d4d8076dd8ba87634cd840e685f80ca2,mobile_recharge
553a6e3b9858f31aa39d3c1bc431f62d,main_screen
a4926eb21d844071f57bcbda9a05ec00,main_screen
6e7eeceb625267e23116b79ece866804,main_screen
919066db2695083dfa5f9379befe74ef,own_transfer
940fd0ee0efe74fa7f353c82e891ed14,own_transfer
94910b17065e3dc1bd3dd6069b45467a,main_screen
fbf6a474730d35100a05fca553399735,main_screen
d46c906a91190f1d89f92df93384cfe9,chat
d7bc87c9493c33dea9600d7e1f9536c5,main_screen
409282c3bf02fa10c23c3492a05a6abe,phone_money_transfer
74cb5d8a3d3e2b849508d22c093b7846,credit_info
0408bc316197b67b15d0885784e79764,main_screen
57b260182ad754ca915f67c043e4d8fe,main_screen
c0c13df4a51c492648f2da903b86af99,chat
d9307a82b406052e51030a14d8253d04,mobile_recharge
615f4f8bb62afa87b2d1edd4e6bb5ab7,main_screen
55f3eacaac5cd53ed31bacc2c1c21eda,main_screen
71e1e0946f8a63b14444835b62789ff6,main_screen
32d230695254474c3961a4c6f15a0c6e,statement
da2fbd65fedf84cfa8ea165e6655f279,own_transfer
b71447c3a1a570a109c6333c76367b32,statement
ca3afb1f961140f91eb58f1637363b35,credit_info
1d6ddf0e4e5be4136e33bb9e8a910396,main_screen
9bfaeb4a3e12cf93e699b52ef83fcdc9,main_screen
365f7fe08e4eee93f500d0e20a81e0e0,phone_money_transfer
409356b65a075f822e2010159f4c1f95,card2card_transfer
ca3afbafd93b6f4bbc932d44e4eba71c,main_screen
1a2dbf7f772e65cd998b84b820228c84,statement
5c854cf6017eb678cbe24f2bd2e0bfea,credit_info
486591c1c408dab367eb44a7ad385989,main_screen
c47e9c6b3e45a90bc58c8e614b20c4a8,statement
8bcf7696656e65fe29d2ed70d78e12ef,main_screen
8db28f86e3b9dc457be166b7126389b0,statement
abbab13047ffabf701c1971e3916ec80,main_screen
96f17a7cccfa3af7f411cc9055d10d47,own_transfer
73b1ed975de35d24ab7036e6c4315780,main_screen
aa1dd0f307b43728405c39f20168ce84,main_screen
f281ca9f9e519a094d18dcdd6885559b,main_screen
3546ba257463cec88f0018c68429dc07,credit_info
1113491e1f2ef078f84ddede92f51a52,main_screen
6832dd7b0ed4a7f43155f8e363da14e3,own_transfer
233309424698fc0422696d62d4a2ac8e,credit_info
3b17fa15589dbacf4626241b65ffe10d,credit_info
19ed09faf64908c81295426575acbd1c,main_screen
f539c17536719be791905f5f7f59034b,main_screen
e2da726875d393dfc1a8045a3bee2ffd,own_transfer
f40c9463e12182a5670765757521002a,main_screen
87a523d10d35286127883ebc4381589e,credit_info
682b642831c6edee9bc806692a51333a,mobile_recharge
2af5d36752a3b6c50bc8856d029dbab7,main_screen
721e576b9085c817870e5f930ebbae1c,main_screen
e107cc8f8065a5c58813e46674242ba8,card_recharge
eee90daea2c2d2ed817d5aa715988c9c,statement
fcb30e36e2a2daab5bd2c9ecdf9871da,credit_info
27298e5de302d4be43af005920ac3fcf,statement
5effae29872531cfde0ab581ac2872c3,card2card_transfer
775fb75c6f9abf551d4717bc01971a85,credit_info
801f937e874a8532a83fc7f9cd94be8a,main_screen
7b90116ce5a796f36b8343e629ea2aac,statement
18ed9292b2bb146967e2dd7732b0603e,main_screen
8cada95e593fe39addec553264acb652,card_recharge
3d9d3c63d7643f7feb622634ef2aaefe,statement
1e97654ebe3454bffd761c131c1d07a2,main_screen
c5df3c756e5dae9fa85961d8b3e95208,phone_money_transfer
118e410f5926dafa8f91011430797e8e,chat
69b7e4c4e5f7b1f055eb1ebfe516d8f7,statement
399d9951deb6e2e8598fa4a2cd3d8681,credit_info
0bd0ab0f76e7bacbdab9ba48aa37eb82,statement
1de8bd40ef79b431f7601fa2d7641580,credit_info
305c5b4a6efd483e5a393c81ff654b03,statement
e131904f0d79f1c582ffce40a530424e,credit_info
ef698ea44b587283065d3e700beeeb58,main_screen
2c775a9aa37bf34d2ad11508e440220a,main_screen
67ae42eac30f8752a7093e4a579e335c,phone_money_transfer
595f5f753a72789f749fd431dee009ca,own_transfer
4eb0ed05b9caba41d5b2beebb0401edc,main_screen
ae8d26dfe3ca9be8ca56c3645f0d3cef,chat
9982ddec5462ba502b61b0ca719b5186,chat
5dc639f1e62283f5af862d243cbb717a,main_screen
4f90f00d59818a87246067866aa2548f,main_screen
d0fdda32525f74ce729768ac968bc931,main_screen
c5ea1fdb7272989b7791e5eba4a42022,statement
8e35c3d6853709af75bf7da1401f7253,main_screen
10102e5696ecc00a676a12c94e65af45,card2card_transfer
28d89ecb21ac2b06cff7a6003c0963a2,credit_info
d7ee0fb1460fd84268fc93b922b1cd4d,main_screen
39fd090955bc95ee0b27cd8bae81febd,main_screen
948c2a6651cb43ebdcb1e493e89b0eae,main_screen
756a15bab17edb4671493b8a0e72b7c0,statement
81cacd4f069bdf9c41eaabb09d75bbd3,statement
1a49878355ce56c185cdb1cefadc71c4,main_screen
bbe31788adf19bccda13c5fc77dfc0fc,credit_info
01b1e3ce9441ea284dc7ad79da71e15e,statement
7afbb5b3ea539a6b3dfabc4704035228,own_transfer
6168e9a5be4e611dfc4d429c97ce6315,statement
89c0dbcd78af9416856beb0d315d5ddc,main_screen
1c2d15153d2e126eafd6d98b471bc28e,main_screen
3e2dc1b4db45ab08ad3bba88097434cc,statement
1ce97f31b81543e6f0ce21b67c3819b8,phone_money_transfer
7aa5ee7e37990b18bcefc3f4d321bdcc,main_screen
bef26b26349c4dfd2a1c5e32f615c217,main_screen
ae6e35f62dd0714b5cd5325ed4bc126d,main_screen
8bb6f4baa1483060296bb6b4d4e95dec,main_screen
0c97ba4feb613f2d4ed886ea15e46a59,statement
aa4832589bfafb51cba0f5bd3130bc4c,card2card_transfer
e483d6c896292bcb71f0d2d738e15771,chat
1617aafdb9bbe39ffa63ff420fcd0d9f,statement
b88e5d2a3f8378b6396765a4ebb1d7fe,main_screen
94d3a90b5895c452b60ff18d702aa7c0,main_screen
3c46f3096a1e5362df56ae736050de25,statement
e658da3d7b931d4afe03fc5545036d65,main_screen
c4289758851f6e5bca17bb65cd9d954d,main_screen
62e62fc54e6cab4e7a8ee3c2a35cd39f,main_screen
d86748b6cffe857f6998ff6c73bc0e8e,card_recharge
e9bf7412ee3234d561a46b36b243e1a3,phone_money_transfer
eb65509adff886d2b77ac129d3b13f11,card_recharge
d26ef73043aa25c6aca309f82c19cd7b,main_screen
c1db3fda5baba49d4ab0022662901912,main_screen
290a3d4e5a9e42fb5614682c37f5ac9d,main_screen
172858c76a4568320ad2b6bbdb74c77f,main_screen
f935898434853db2ea66e58f352f518d,main_screen
a413a4745bb7c2609bae888faa27961f,statement
5778d9b6c1eed03f40eaca8ada680f66,own_transfer
fe4133d0ccc580a5523576110927f73a,own_transfer
a1c232e96e85f480ff6ca060f7c47747,main_screen
54b1e1723a261ec18b6d08a0aa6017d8,own_transfer
3786213dba4acb311f43005bf95c116f,own_transfer
4305513d0c8d5d996134d632e351458f,main_screen
4904075d5ce1fb953fd0bdbddb4411a6,own_transfer
95c1de20ae0876922c2a93c87e09e3d9,statement
501bf79dffd4f6d65b675e914cd7435b,own_transfer
f0635eae28e32d6a96b2d4b78c5804c0,main_screen
628bc78e4af92cdf94c75be4f882f767,statement
e41fcc6d01157cdd872347dc6d9c4a69,mobile_recharge
6f61b69ba3801353c3472d96fa49be16,main_screen
e9f601611c3f087b9bf73d1597aac52b,statement
af57c901a4fd221d8c39ecf71c8488ea,credit_info
817dec875067bddc8db7ca45bc45caee,main_screen
9a50955b01713afb65d860418998b4ed,statement
43f7334e3c3829b0ef8ffebc11d5ac1e,main_screen
efe89796e910b8378f1fa2a167337c23,phone_money_transfer
04a813c1127b0d085642f961de0e2697,card2card_transfer
4c13e8b6146739c277d068a9e8a790f7,credit_info
13f839ba77349cccf418255171d913cf,phone_money_transfer
8be087736230de30e6ed8069a04e81ce,card2card_transfer
f8247a2395f1600261f7357874354637,card2card_transfer
cabaf4189041a964796beadc13a88b26,credit_info
9491fee333609fd1dc2ce0cbaef45eaa,main_screen
addb210f085d03ce5159e9e59d3bedac,main_screen
c459fa341624069c93ce9a3ff067107d,card2card_transfer
2c04df5affa2990df51e1d016c3757b1,main_screen
78c2b410b3a86a07f167f8aaaee7c92c,main_screen
188e27f5f19bfb0e832c12c4a593991e,statement
c98c0bb94786f5560d4b03a2a7e19e98,statement
6ae4620a82b40dfb550d17362bb062fb,main_screen
4d82e84e53b61993e472da60e628e8b6,main_screen
65eb8db68af3a04131a5b7a5c3add385,statement
868085e1fdd6a80b7e6451094ac73fd6,statement
ce7e56639c4a14fb99aa84a2876f6421,main_screen
675fcb149df70466e5afab645bd42f56,chat
7e89d154632fb06bddf0648f78beeca4,credit_info
0288bd91881505d6d546e303bb4c24af,chat
7d95562547720ac8347313ed2fe5c90e,main_screen
f6d48839c98b3fc89ed96151dc8605c4,main_screen
0986eba66c2283e574c587cf492e3ba2,main_screen
1a0eb2f09a69fb9985bfae81b1f9616f,own_transfer
25aa76819fa204a4549e22178a54a280,main_screen
e216b5e530fbc1d0188bc01265e9b62b,statement
dc5a5a7576d1d0a593f742ab36ab02ee,statement
150aea1ed70428fad7c7b5ae8a34013e,statement
d69b2401aa5d5f440c94469c119a245c,credit_info
c7e5995c8caf763b074ded87b9cb2ed0,main_screen
cdc2285fcca2f81c9e9a2fdbca14ed3a,chat
fc268d5a8d0193cbb78d40e8e63b37a1,main_screen
ec35671683766164dd27be604f118f55,credit_info
3a5069e2eb36f302ecaa6bdf5f5f3ec3,main_screen
a21db6e2ff4eb86c826cb5e012fcdc13,own_transfer
77a4c5c3667e2d8b49404a95c791759c,statement
7856f3bfc6d314d508df36db0b01796a,mobile_recharge
bd1407cfd7b8a15cd52941c6bb60be9f,card_recharge
1b010d8353193010d8a1d922f769845e,statement
f8799782fa52de6f2001155c8d504bdb,credit_info
f427e3aaf7bd34b2acf3a6cfe322ad78,main_screen
b682ea49a5d62b6782d1d6d549f712a6,card_recharge
48e3e7a4189ded289bf4cd2b28a82eec,statement
1f20f07e1550a3e8b92739f8c298419b,statement
e73d6cdab923dc36d029e6afa9a28468,statement
9831493550a92d9cbd2f03ea698aaa61,main_screen
9be382c363219c5a5dfaa47fc6efa451,phone_money_transfer
fb9509c11d54484c10a2ddb49298303c,card_recharge
50275733f9f4ce9b786819e637d49d33,statement
6ebbc06be934e1843e8bec827d843733,main_screen
1441f9cedaa7f96b973570f6cfb403e9,credit_info
8820fb60b2f2c20c7ac619d46c937718,chat
1e525478a306b649be30fa095c9ddce8,phone_money_transfer
891cb04a240b38feb10f3993b67a598b,main_screen
0b531749b8f3b7a7a4dedf44b154ad54,main_screen
2ea0f1f82a66a9a2a9b7449d9ab27a67,credit_info
f766f84110c404114f4d4d649affb140,main_screen
f3db9101857cc225b81b0cf52e7d2f29,main_screen
701f68ac05e8bb759c6a6eb9456aedfd,statement
45bb909fa3d41f79df40eaff65ff574a,main_screen
67c0c5ec88fab4077f79a33d96bd877e,main_screen
d48973087e07a7a30001584068c4bc4d,credit_info
d299b3cc19a69b48d41e6039fad775d4,main_screen
179d12af2389187f4f49f185009e91d5,own_transfer
26d959d41cc49141086ed6e20ace5c8d,main_screen
cedd631b8886cf523da4aebfe8e3bfb0,main_screen
3873db9cfeb2f7fbd176f46be0338264,main_screen
a5fad0dd7d9be1ce52b789f22cfa0d9e,statement
9f9978efac0cae627b8cc0f72fb19132,main_screen
fb6b6c1f5724a369d7bc94f95993d813,card2card_transfer
1f805449a9954d97f80501b8ad5536b5,credit_info
824b011d4d57908ff9874ef13ecd3499,main_screen
2a74b13764d945eb715c4f537b9e9a50,card_recharge
835bf95f3cd186518decf15b75d01090,main_screen
fbaba733795e16b8d95d008d76eabcd0,main_screen
8025248663ed13a0f2fd38154cf252ee,card_recharge
1c4e59458ddec42523f324ae8affa909,main_screen
28787141cc5b345ecd16d516be35ba92,statement
efbf7b0f9c9ce9065abc78233469d8de,main_screen
b61215151eb74ed1ffe9ff2d1474052d,credit_info
5d3ee69b8f71f96fa9c4d7b767c0eaed,chat
6e115d24e9d6071c1c0d64fd587964a8,main_screen
3bbd1141b77ade6636e334ed2cc1bd8b,chat
99f989a5fc38afc242e323144d3a5313,chat
01a9b73b945b1f649964639a6a4167d5,main_screen
d14c1122812a1ecc87803a545032a0c4,statement
3785f9af20c33089247a68d0ee8d1e72,mobile_recharge
56d2fb15d8a57eb05752a553f037971b,main_screen
a1e7be23036af42243a243ba873152f5,card2card_transfer
0acae0df5c8fecc09a850124b4fae14d,credit_info
33b77d586a0942f4af02fea5a2e373ff,statement
1f8b481879130f76f90297c908c3e26a,chat
1b9e1a5654049152cd22e8ac180b4cb4,statement
4d8bb223915fdf46c216c1e5ae081899,credit_info
92e482bfd013bc0ff96fd8383f16da2f,card_recharge
1b8c9b720ff1c6a91a02e063271a4232,phone_money_transfer
f5cddda8c0692c0ff7193cac66084592,main_screen
104921d5de6e30f3e6f524c065371b2e,statement
6a6a7bb559e19ecee3b4e137ad2dc91e,credit_info
b7b8df55066356cafbe3d7fffdd105a6,main_screen
aab405736a00d3e11a9915acf35af8c8,main_screen
042401e92523c2c2a4d050ac23c1dca4,statement
6f136d9f24187cfd7a1cca9d8facd201,card2card_transfer
cbf8d9bb57dfc927f8480cfdf2b6c1c6,statement
cdbb0c0a81fbb3b0f7a5383e0baeb1ba,card2card_transfer
e4e34d1c7e3ff561afa8ddca82c5ab41,main_screen
5e2f2cd9c4e0908a629552e91853ad99,main_screen
9e48f22e72913d793d73c1615250e40c,statement
56f4441450ef82aa942ed430b449b54a,phone_money_transfer
1e11325732c8840ec1997b34fb45fb64,card2card_transfer
d6a0e35ef24259a7820bdb84866d5c03,card2card_transfer
42b8541887189ea21aa1b535065749fe,card2card_transfer
13fb4b9aa9ed030da6c3018800b1b4c5,main_screen
696f5ea44907d0fbdcb7fe18fd103cec,mobile_recharge
32f4fbfd96a61faf691c43e6c8f61c93,credit_info
b86e9ca9ff969cc6ba4aa757d050be2d,main_screen
378c7c5b558b07582c8a40a4d120eec0,mobile_recharge
18d71f0c0c2cb261814cf7671e7d506a,phone_money_transfer
be508e0c99936fe4bbcc481c46a7a5bb,phone_money_transfer
ee7c64e9776ac0c21d29ec91f285ae6f,statement
f4acc990fdff0ad26bb5b0a44184d4e2,card_recharge
21fadc64791d1128f24464a3d7303eb1,main_screen
e56c6b9a19e17239d4f144f8746f91df,main_screen
0683594e3f894eeaba7fdb5ffe6bc78d,credit_info
00d0f633d3e9cffe23e4b08052a4ae44,main_screen
81b16715d872d066bead5cd2fc4046d4,main_screen
cb2b528e529e99868c104ee7a8b89e61,main_screen
b760af2d3119dc887addeaa2a685ad67,card_recharge
6eb213ac2de309b3b1aaab3323a40e06,main_screen
69d5ea5bcf2756543118f266e9befff2,main_screen
5e1ec313021dfa45ebc7204f51b7cba1,credit_info
8f1fc0c1216403afc07b5d602680b313,main_screen
669fade5ceab7b557f31c4cac714deae,main_screen
ec75538f7fd561cdbf1d57f87f025aab,statement
eae1e16af7c2350168f9ee2f006d624c,phone_money_transfer
c06e2b6d2c69733c7d298f4d42ee68ec,statement
080163c1f7ef66e7708b7b8a93fec56c,chat
85f94487dc90046e7f43cb7be5f95098,credit_info
72001f1b9d5d7e0417dafb4223344fd6,statement
a4ce8b3b670d6094c5acc45ecc0f8329,statement
cc56d8c7ab77d787bc48695992eeaf67,phone_money_transfer
dbe4063377812f5c0221697f1565c54a,main_screen
5a37a2e81c6e875b26f00fd529554ef9,main_screen
534d05e733cf407c378a3ce52cca55fd,credit_info
9d62f8d39c505162ea444b591fe843ca,statement
1f4e1fd7583c854e83723625c8ad53ee,statement
cd53cbafaa0177e73002637c94f744ba,card2card_transfer
2ed4cb5946095c93141d2c96b5ccc2a8,mobile_recharge
2e4a3771471e443d98086a28e0e7542c,main_screen
21c6a06900eeb0b126d8c47bb5758de3,credit_info
1a4b15cbba0c9d59dbb8d39f9525fad0,main_screen
bd995a45243d2026911ece1492bd5f9e,statement
1f791540ff3daf2d1033e2a03116df22,main_screen
09b49c5e971ce81cfa81ad37b8f94f33,main_screen
831de2ddd46039d23f8b9eeab102bd25,credit_info
0dc4c1eadec2d0d9f6bb09e669bf4425,credit_info
281d3876e9965619dc35995e34d530a1,main_screen
ba7c1d51fcb2ae3df6de44af8fa53022,own_transfer
ef70d04b5c6627f0170d1aac95594d76,main_screen
34abf4ae4c81044f5db6d15f2b10cc74,chat
80c2d211fb3c1539dcc5c03656df89f0,phone_money_transfer
2e2a9f695dd7820482d12ccc952d93e5,main_screen
9a09fc96b2ed63e7045dd6a08d1f60ea,main_screen
7d1f2d967940193d25fad30545d9b5dc,phone_money_transfer
9b8004798f2f5163b6a84596fe158fc6,main_screen
bd85492c5ba5d9cbd695a0bd1b555436,phone_money_transfer
ae3d67cc1b50db965dba463a7b5fcf7a,statement
9fddc75fc7770f4fd1ec75c5a8582ca3,statement
f94422c2685411082f79282b961525a8,main_screen
9a5d9d827717737ced2c99cb5c1bf0ab,credit_info
5630bb67f5690dcc88ebc90d29df428c,main_screen
61da86f41a101f87a5d5a88931385b1e,statement
d56a197d852caf8ccc2622be6e664fee,credit_info
0a11d71f1cc75ab47ea562fd2669c43d,chat
6500546013a374c07e37217ba126ca9d,phone_money_transfer
0ae4a0752822550b8732156565965267,credit_info
2567ecc5cf7afab69aaa1576569d3939,statement
72e65880358602375b499904b6dbd785,main_screen
b6102618b30d3699f1959078678868eb,credit_info
7185d0bd9a8a637f03aa5241b4b2062a,main_screen
54b24d9ecc3e424b7b9065c77303408a,mobile_recharge
3c3d8c11a83cf9237bc3bc30a70dffca,statement
c50b0828169931f52257a66c0c5d897a,statement
eb4df6775db87bf18e3ee3f52fc848c0,statement
8e67290bd4eb636a8382b2f5840b28b6,statement
2ee1cc4474991c9791731015591255e9,credit_info
7c40d2091c58e526f33853d511efdb92,credit_info
48af35528c8a40625fdf1f242449e6f7,main_screen
d0bdf7e24da82050e558d6f2e2de3cd8,credit_info
ee4e7fb5792be563b1a66951b71d3289,card2card_transfer
58d4c3b8fcb8b34f54f714f4712d769d,main_screen
e8c0a68718e4e841c193c10115d2bef9,chat
c197b8f425f590e7ebb13119c6001b2b,statement
678104b34f6565cedadce0d3789a60da,main_screen
0934d441e44481c756346bbd9ac0585b,chat
ba7fe4d740bf965d998d60b8a160f3fb,credit_info
23754f99a5f76dce98c82e429bbe4e52,main_screen
5fa3e17d5e164ad5a540c3b8592586de,main_screen
98b6527ebd1365b2be5530fa3fe33d68,main_screen
fa83df38ea9b65b16ae4cf5e82744d46,own_transfer
b79d50ce3b7f82fb56c0c3f8c17e0d1e,main_screen
7dd32b32937e6158a54b4204a8a6407e,main_screen
32baea0bc7750e80338594125f0e5aba,phone_money_transfer
19b274817e0d07125d4413cee9990643,main_screen
8b395e8f3ce2a2a878b3edbe9471d43b,credit_info
3247c3ce09ed0f21c8260f5542a43e56,own_transfer
e636018d038d6d1709922781513cd1a5,main_screen
21da8f1b5054b1c724a41a944d65bf9e,credit_info
c81a80f2b7128ff05fdc638a3d939fcf,statement
02d8fec204b129aa3a4c58cb07377821,statement
2d9f9ac4e7e4a58ac1afb4e53f35b8a4,main_screen
08149c459e5823ce269ec060c4828540,phone_money_transfer
1c5e2ca35ec3fd8af6bbbb90931d4ce7,credit_info
ca2c8b6c081ac3daefd0c526737a5442,main_screen
60c6c2a59952e79b6f21bf119f3f2c94,card_recharge
ef8db959bf5dfc8d7e3ec4348ce9428b,statement
50472e5aff1b11b26bea4344084857ea,card2card_transfer
1846d883e472417a41a19de08c66700b,main_screen
6ee145151c4a346d1b11f545f82955d5,main_screen
6ca7d4b3f3a4629413ab25d35fe6321a,statement
76966c55ffadc6ba6616d6fb1a98d79c,main_screen
af888f4973c72440726ad93e347b7086,main_screen
65d4025d0464cda1abc86d730fe3959c,main_screen
d6b8ba28d132548df13b4a16fde93384,statement
3b63f5315bff1adcef9da80371f99d22,statement
c7b83316e4de04cc00e0a5bd228fed57,main_screen
582ca4d0f9cd29d633d543f22c19fc74,main_screen
967580b06e5f62f2bb87e55645922ea7,credit_info
f8469e2e8a2ef170f7e26d40a226722f,chat
5e7248a14f7da2bc25a31c04358e26eb,main_screen
9320fb71ff1c29a041f2899b490bb6ec,statement
15e63caafd5f977ad18cb68faacef241,statement
6a5f78ee099342e4e845e8624654b82d,credit_info
99de3ad6f415a6c302f0efed5831e153,main_screen
b03c17d6010e3c87770990d8229d15f3,main_screen
90fa569154d61166447e8bda72089cad,main_screen
309c2dbcf23ae5fccbc159d335a1d0f5,credit_info
1f3dc5a4c1eeefdf7768edeaff947962,statement
91401d6b3b6e831fe4d61cea2460326d,main_screen
00bd5c5e3046dfb914c3b1142560e0d3,main_screen
d539b1a17f5550aef682f5ed9d568e6f,statement
24ee12b9bb6e11fface6d4f4b378dead,invest
15e7ca9dd245369f64cf3ede30c98740,main_screen
9aa8b41bb3f557afadb8621b7ddb91f7,main_screen
0e39c75a90fb75d611967a0d64da5bb8,mobile_recharge
a46217670b5dd301a61c0054d2b0974d,main_screen
59293c76d540ac9151424ba08f217d72,main_screen
dd3ce7b9d38f9e02a212fa09cf82ec8a,own_transfer
a6f3a09495ceaa5753b87bade8ba3e71,statement
c2d2fa85577d7380a738f94d39242b56,main_screen
41d76eef7a39268f0ee1df4d11d10c83,main_screen
defcb1107769163516bf6ee6418f8cbd,card_recharge
9a2e0320f9ed692071e3ed546d6dd24e,main_screen
141bff3a24c630ca340f86a4ffdb54c4,statement
79fbffd3a851c105ac4aaf61a953bce0,mobile_recharge
781f511ffe6bed3459664d7e3cb02061,card_recharge
1a4adccc7d79c636e5dba0028daa5e01,main_screen
31208167935a83df9f23bdecddec0a53,mobile_recharge
80545d460cc858b6c20848b7bc4b02fb,card2card_transfer
b8e09f674025436f75ac639287acf164,credit_info
5691f5b17b8dfc84ac45b0bce5fdb6d0,main_screen
a1705e61494fa8591e659d17b5ac417d,main_screen
2d08b4e5ad4538d0d7e00c3e47c2f2f3,credit_info
cbc0672ca9296c2e293d9ecb212b97aa,main_screen
47d3929554153e3cf911e97b7046e3a8,credit_info
43792b866fad810149c85d17020549db,main_screen
c2dfa715d5131b294e96e4fd98d1721d,phone_money_transfer
5e17554f7153d12947f7cf3596acbee8,card_recharge
6155fa69cf897acc7e731849142ce7b1,main_screen
271843a5c272a6d6241c963c8d567681,statement
b45d964dec07deac1ddc5a8ee8a23f84,main_screen
63f2bfe1a793811cb0aa9f0f0108432f,statement
b472857699b403cfc6a227c40b900f79,statement
05e9575cdf3ff2d52f65f2d5455ea416,card_recharge
969e06170e208ad2b34afd9d74f84134,main_screen
b11ef4c52aa44ab4ad6ec3905802d372,main_screen
d5f199945bddf23b283724ecbecc05c1,own_transfer
ad9430251a8af8738f3acd99f9e4d1e0,chat
d860110b9928aa56bbb8fc94ed07228f,main_screen
0a06d91b1aba6d2cd032730f5816629a,credit_info
870126f33580533206c6d18da1f79e46,credit_info
5fd78f9ab441f4144e5efe1ac3ecf349,statement
81a46d9560800ac8cb0ca42f15447c65,main_screen
3be3462fed73fad5216d127e2bd28390,main_screen
81da8bad08d312b25e0fc7e9dd24279a,main_screen
b2e0b37a54cc174a4365e07c8cd27751,credit_info
e436720b8767086b1a9f23b4ab08667e,main_screen
bf0da1f8862829f0f10c1a83ac3cf3c6,statement
a55ee5616dbf996b8739101b73b620b7,statement
375f945b28e3837438730505b731aad2,card_recharge
331eba56deb0af89d1d0e980a11ee86e,credit_info
5930956c453dab22e917cdc09dacab5e,main_screen
976b90f14f41f79e0afb125396ff7fad,main_screen
53af476154f5078abf401e6b4ddc5c13,card_recharge
61e3c4d204292cfb7158cabb9bfa0b01,card_recharge
2e3843c4bcec5fb190c0ce343b8a7723,main_screen
509166d3f7acd8df41074b5cdbe69e3a,credit_info
dde6ae21195f9e1e88e14698b1b3d7e3,mobile_recharge
0f963bc05e8af268e9f1b5b0cf95644b,statement
f8599aa9736578662a3db0cf74f85188,card2card_transfer
544130b0c6237bc8e601e3b67b0dd582,statement
7444508c570ab8183eb5431610917304,credit_info
e61247415b46013bd531e4c797fc78d5,main_screen
19fe9422d4dfa2c1b3fa3d3fc3740a56,main_screen
260ef52a8a1be435899b60fa883ec547,card_recharge
0c14872572c0646f6f0d662a7af733c9,card_recharge
5512814105e52cc364625e5f9cb38dd6,main_screen
b54c53bc1274a174a158938ab1b6bac5,chat
faf1d556f94047defb6bc12b81648761,phone_money_transfer
f887467f43702f8e6c2e3500c0dd3f95,statement
6f23e649874af8d906c656b1ea86e16c,main_screen
361fbd2bc8c126543a265321da05bceb,main_screen
758cb2a7d07fd87b0b789b9da3cb30ce,main_screen
95095c96e54004c3f027eb7ef0a7a75b,statement
687311b3d0e9fc4e295f40c2b7553823,main_screen
fbbf9d37db4fc150023b8e1579934f03,main_screen
59706aee35ae42ea15ce6b528597e021,credit_info
3605c3d0676542d04324f67c3a1039e3,main_screen
840c37e1d11da786d01e9bebb2b11fd7,main_screen
32010fbd560882a6b3d6d68c87621046,main_screen
39a2f9a53fc0c7666c3edf0567fa6d86,statement
75a020f4fc744796fcac635b9c5df24f,invest
28ee22580d7eda63662c7fde7e5fe535,main_screen
562c3fe2e6e4f6bf69a8b76770102848,credit_info
86ba56040dd3e2b068aae8bc66ec652a,main_screen
5bb947b44718f0b224df69430505b800,phone_money_transfer
ebd03f0771ace48936bd757738f84c1b,main_screen
d629da9b21fedaaf46efd96ab58eba69,statement
c70b1c526479ce90a2758c195d012dd6,phone_money_transfer
88c019c965a0e85dcef713b2082bb5db,credit_info
b42ba44a79823c8cac03eb41239c6946,credit_info
9fd972e8b8622808a5139d8e8f06d0ea,chat
b18f11926db3a90429bd7a929946efd7,statement
101d7e5e9f5987d202a13cec661504be,statement
f2115b0fb59f59967d89801017dd1e73,main_screen
3bee01e3f35b236bea793649ea88e79e,main_screen
c8487d55d7d74941ec20e284856b0d91,main_screen
85d1a997001bdd6657108c47f03c4eb5,statement
63775951a67350ced8ad9bdee796e3f0,main_screen
dd5d97306168fec84c6125a70083f8eb,phone_money_transfer
24b9784095ba12b37a11c081069bcdfa,main_screen
70dc483adda81703e79df77863c66309,main_screen
3f11028909e3c45902d01a1774aec233,card_recharge
d9ffb7c4fef84558fb0480eeaef1bf71,main_screen
73920fbeab064be6702ff15f89374c71,phone_money_transfer
c803565177ba96594a55409f5a4bd588,mobile_recharge
20f6422997ab7c4e965a890df8a4d991,main_screen
1ce0ef25e2205dda9d2c7b574d540cfd,statement
6c1dc1f350f3b7b2a28acbd6768d8a98,main_screen
a865526278fda203d6feea9856cf97ba,credit_info
ca90dd5000e045a3027e9a079a36c22e,main_screen
ce50ffa26d6bc0f16d9445b7df008fba,mobile_recharge
6adff5aee0fb09a40f693fd7ee10870f,main_screen
3650af3edb7664651b6ff0d3f01c8232,credit_info
0e9d04da815daea7b728c527f2d5ac29,main_screen
72ed25d36cae69cc5eeaf0e00a03de6c,own_transfer
172367854539dd45d7f1e1b740b3065d,card_recharge
b21bbd36335ebec28eb6af5e0dff88f2,main_screen
868917dfa86093cdc8eefefb74987f4d,main_screen
b92f2c355ebdd3a05b316793a837a634,credit_info
93e852cef362cdc3510a6dc731e5b73d,card_recharge
e1398e16ad57fea0edda2c73cd1f8c88,own_transfer
94290dd19bbc99d2c8dc580eb61e13d1,main_screen
f04d7df572a9172a56459f7519ba7ee8,credit_info
c0f5ca10b5ceab6bfc746041d12ef352,credit_info
97a322e2ba4c63706905d50828f93fad,statement
203c10ff3cbe0218ed4887bbd817e679,main_screen
e462a6e484268474ed69d8260b58fddd,main_screen
38a6158d5e336f18842e454306ee875e,statement
a2830707026a86241b24b469577d1599,own_transfer
92a60a37fd88cad09c999e10ac241064,statement
2533b4b786c9a2fdce6ad68de20e5d0d,credit_info
7cacea6ea5451b27a93d43b1a7575d3e,statement
0d4ee4e0578a360437c2558cb580a938,main_screen
eacef0b0b4b8f2ea2afbcc2b96213078,statement
b442c71d1345554ac210a9513be2957c,main_screen
24a5589e6080602a920ce16a82f13f43,credit_info
669a7025f7264384e2d9fb8eb5a1e6ca,statement
11b5a1cca2a52260fd39aa435695becc,main_screen
c28df4b4bda6d3936cd85bdb65199735,main_screen
595f504498fdba3d0e53d6190dffc571,main_screen
88a2e088ef4b9142a225a70ecbe415b9,card2card_transfer
40a42095896dae698538072643e5be51,own_transfer
4420d6cf9f447ade0ae6068836ded520,credit_info
acb99549e2e9702649c8e06afcff06aa,card_recharge
6d1257c5ff29f5340a918425497330ed,main_screen
ae1521919cec6be0d3a9d878a34a46a7,main_screen
6cea0376cf2ef9873eceb311c461a606,statement
0495c2fa0b35d1a7918904fbe12824aa,card_recharge
ffd4c1929d63d20b5a94890d323e0ef3,main_screen
e1fd63b16b12786bcec783aef5738ecd,statement
8a687765b8efc2655a609117ce320325,statement
bcb32627b0c87ddcc6016ce8cc1479a5,chat
c35452131025070df6b0e03404274e33,statement
fc934e9398c0ea347579a873837d37cb,main_screen
882ee2977d1d1f842e9b42ab3f78a4d7,statement
7cb8be2940173f1c1fd41f86d311ac92,main_screen
42ffbb032c9bbe977421bfcd5e4c86d3,statement
dc3365bb19cc0131969c3d9c8c792a0a,statement
221b013fb2de50887567bd7a5d68da7b,main_screen
6b3b93702b3ed9266c8285f07ae59f17,own_transfer
6da6d2a8cb9439d974885e7db1753077,card_recharge
fee6e4869e4593bffe66d0a5ab29a2b1,main_screen
55c8e93600c8ebc9a8e6e2b954943fe9,credit_info
bfacd04d05d01ccc3cc8e9e160c90d53,main_screen
c9fd9976de85879e4d07af1024e3f786,credit_info
79c30801d88f37c8f7c47dc096e36667,statement
e7be82099ec955416ce4c26d95b4a7c5,main_screen
cfac40b132168b7d9bb6464e6f448d9d,main_screen
11ceac582ed129e8e576943d894716a3,main_screen
474a927ffa12105eb965fbeeb5ce9488,main_screen
130f452772069fcf4030f4ab9e9ef509,main_screen
926a74fd90b149dcc1222a3a95b7eb6d,statement
39991f9c5d9d2688231e56956f01da04,credit_info
143a55db1079a1ae4d033399c27ee2a5,main_screen
0262293f3da1f706c8692d54387b849a,main_screen
654da57fabdd3384d3af74c965a99949,credit_info
fa4d4131ad24e3247c4e1909ec482f19,statement
3fb7b7b689d68573088e909079527644,invest
a6f5f14f629922713c53ae2fe9e3df73,main_screen
e71ad7ec18a2bd6e700f3ec8dc616595,own_transfer
a225791bbb98a6e112b769e601faaea1,invest
dcc593bc083e222a0afd50a129d12878,main_screen
d34aba72f827190219ae92f0fb6cf32c,statement
834c77a4d18a4bc9cd19cbcf77d654ee,main_screen
7cdbdc8d11049986488ecf3baf2f3293,credit_info
e62b04a15529965ba7ae4a23c453b913,credit_info
85b0733690e0c2aec7cc316bf9fb7e1c,statement
d14ed8dd6bdd1c603c2371015863b88c,statement
73e2910981e10a63381316c8b200f260,main_screen
7db5cb99e8ea4b912a46716cac23a72a,credit_info
e4ce0d83bda5605a09f8b5feda81177f,statement
8d22961ce021d954d68513a96f5df87c,main_screen
cd179a32a69416c46e025681af6a5c8f,main_screen
f9331bc3d8d7e5d975bb40fe3ec33904,main_screen
a4626951adbaa3b4e77357bd9d9eda86,credit_info
c02df9c55d90b43050bff064b345e4a3,main_screen
a9d4866849ac4cd9d4756aad62323e37,credit_info
4f8a7da2844fc392baab86813eb5a530,own_transfer
7d5f652972e45c3f49f4c5003002841b,main_screen
2aeef3abe57bc3a53155e20a6e88d13d,credit_info
7110acfc853e5333449043b3cdbcf954,main_screen
4287923d07fa2a011e8542c2ae5c51b6,credit_info
c1cb87e6624db27a68d2075903c88016,mobile_recharge
0e5a867bd90f26cda7f23a8ce701859d,phone_money_transfer
3defd259aa4cfdb9349860b4ffde05e2,main_screen
9b45e7fad9f8c30f198e50dac4cbedc6,statement
cbf5bbf040c2c6e0de4aba6c211de3d9,main_screen
829661cf782cf28f26296b70d96b5b80,main_screen
8a90f6b53781c8da26e750081c7f7156,card_recharge
c02b33b233ebc9957289de1f8e959aa9,statement
8b140f217685774b55a870ebae30cca0,credit_info
802d4b29ae48249e2f563e08ba623cdf,main_screen
e9070b8e54f0b6ef51189420412ddaa6,mobile_recharge
b2af3ae3d281db290014531a5ab03139,credit_info
11e7bf3f40cdea02091bc625522dd334,main_screen
d9598d5d64cdc36f87c3479a8e9e13ea,main_screen
1234942859a9410d6a108050a49913c1,main_screen
13c8283db4dbef852321f3b2f923e580,main_screen
2d598950eaa6dc501367c509cf68b6df,credit_info
6c444b70d4f418ce19312a9c17d5caa3,main_screen
389626dc54e64a22a02f529546354d69,phone_money_transfer
535621d3ce4264ea942cfa7f12d3183d,chat
b378cae6caea5c680def6e3501108ed5,main_screen
34d62d4ae07bebd2be2d16a8359f47d3,statement
0cb0061c812fb63e5ad28598b3478981,credit_info
663a56c58e65c71236c6d7c3df10aa05,chat
8f8349092bbc04b20935be1d741f7e9b,credit_info
4629190e7865fc0067161cca01c176af,statement
af29d6b3f33600342812c381f7698708,main_screen
511ce322a6cf0c0a17b261b78a87d248,card2card_transfer
77d3521c9d2bef1452972e781080b685,chat
abba907f90c1cce21771a1320cc95d26,chat
f234f04de3cafcee4cf1f5c9b1d59cf0,main_screen
ea9e11a83ee1121516fc59cb8e042b5d,card_recharge
21623f9514f4ef77a7102087a28bda5c,main_screen
42ef0c7e1543471cd3a2b3c5e8992cfa,main_screen
e568c59222c97b4ac7420fbca1c81df3,card_recharge
172fe3d872d79657ac9e9b924481dc4b,card_recharge
b9276c0fe13396b4227aa05ee4633e93,credit_info
0889c239690fb40f92bbf7f1911e91a5,main_screen
c72badcc024fe761495a44a8770f8d50,credit_info
c3e68d7747135aafdd3fdd8fa5237160,main_screen
d8bd4fd55566c8d65c73404eece6fbfa,credit_info
a637a5c1ed34ec9ad48207a0b5191497,main_screen
7fff0edca697655f9d7f2cce5c40268c,main_screen
694d6a787a30cc1de9725649000da4dd,main_screen
201b11c9a56cadfc9103198d90c40727,main_screen
f7e823fa6ed7e2f0168eeb81cbfb6e8e,credit_info
4ecbb5973b12a5b3331d0c0a7e72c044,statement
d4e17aeb2e7e5ef7063aaed23628a6c9,credit_info
6295ccb5a121113013ae9ecc21cca177,main_screen
87f7e938594c0e012374812dd30f8441,credit_info
c1469766b14dc651296a41cf63be5e02,statement
e5c6c8192ba7213db19d7f6e8192a83c,phone_money_transfer
c26ba77b6253d437b4471d35ae4d5a4f,main_screen
3a8b472abf0743e365863ba1d26e933f,card_recharge
661cca9b2263e177368c128e3beb2747,main_screen
bb910f5179d93b06b58e1fa3bbc61ae8,main_screen
4f84255e2c21ac380ae37687cf0a5191,credit_info
741bda5eaee80882798ec124a07c3081,own_transfer
af6647182b4088be854217134d08a68e,credit_info
396bbfe3735ab861d95dd760b6fc6a89,main_screen
cd30545f74cae63ccbb5497b5b272fb7,main_screen
0622a7317a0a4891fe20000fbb9c4dc0,own_transfer
8561e0a0f577e9dd059595e5fdb31c8a,phone_money_transfer
7b65793934006c8caa68a24f9eed976d,chat
df15581e642bcbaf9d1cb88447703f7b,credit_info
b85533f89c39ef877cc33a1173a80664,card2card_transfer
c39914ac08283c5f81c7fb389abe273c,own_transfer
6103722137df15372909c6484eb0d7db,statement
c681cb29f2b514f0fee904050d40fa0b,main_screen
a00bebea5ee05229387c490696d997eb,main_screen
cf1c734e5ae036a0b96088071d5a5bd6,main_screen
9c0ff5b42203b89015370704446f4ffe,main_screen
005ec78ffcea7428c27d547e916016e9,main_screen
01bf827d96f1b09dfcc2645b18851487,credit_info
dcc6e70e1ed2d7ed7beae38fd296c87a,main_screen
0da3e4585289c72e3053fbc44a9a58fb,credit_info
f8a756f9a9351aeacae047f9498170df,mobile_recharge
ec426a8c571ee2c42ebc1ebc8312fc42,main_screen
5561ec3676974ce17082e90d66938315,credit_info
e6c5e6ce4863bcf9cbb3d7285492b32a,main_screen
29050d979acc8bc3ae63a0bf12ea4b78,main_screen
b5726fc02f1be33ff3dcdc5c07e2dcaa,credit_info
8d7daabb9e96e318b782e92d36395205,card2card_transfer
ffcdf86432e1945970c8c873e47cb473,chat
e8ac3a2abcac42d25c400caf209bd144,card_recharge
930a078fbe0d509ab18ceedc7a1c9e40,main_screen
93ebd1ce890470ebe6f6e925d081c1fd,main_screen
ac8b84eff8047bd1568c55792a55adde,own_transfer
4b93abcbe4fd462aebdfa87b3c636fa7,card_recharge
ffe922db0f4bef5cc770264d66cf3b4d,main_screen
93ba8ccb60433a698787dea8e430f8cf,card2card_transfer
2c5e889f5360eabefc21181240d0d38e,main_screen
77648ec918047973b541d5ed9daca9ec,main_screen
b7372a128240527f2550818ad41e50b6,own_transfer
d474bb7efac11b92516bb3fd3f763ae8,main_screen
121cb06f72fc2e1863efd7290cba9af0,main_screen
79787f2d5c7e9a9ffeaeec3b9d3ae92f,credit_info
592e6bc7ca890a7223f8344555e91152,main_screen
73289fb63ca23a4aa2ef037b4ac14a57,invest
5deba328dcd204f209ebec09febca60f,statement
5ecfe4edb47f6956f602018ffa0a922a,main_screen
2b684daa63570ef369ef30d685c6bc9f,credit_info
4d68eac78ea9e8669d853b16d632a072,main_screen
19a6a99df20b95e9162b59e01d80d6ab,own_transfer
7a74adddce5da953adce76120ba98657,main_screen
06cb92ecdcb24567c66c72753ccb11ea,statement
9fbb5ec0f35e27b6eb574cdec8a39034,credit_info
50e4c304fda5696a47a4affd40ece79e,credit_info
2f50bc6a6272376cac5fb752a096c639,main_screen
ed928988fda6271928c9f0cc76f6d0f9,statement
d47b97765fb1612c72474e3d0f635921,main_screen
36c8136a6511f9e61ac7ce05586656ad,main_screen
ec9920f97434905c2972ba02b479284a,own_transfer
adfe2e06ce69bb700fa400190eefcecd,credit_info
d55d49eb54088f36f90d2de351e0ed65,main_screen
c996793d40bacf26b64b7a3a518de19f,main_screen
4026f6b02842add99d6d1bf61591c056,statement
2699b8e839bc5946adf8c22dcf5f359a,main_screen
ed33e8798ca790c363274c0f63c6aa54,main_screen
08ba63d81e0a39f7a2626acde836c2a8,credit_info
f99e2c94f47ee81b95b46b9e557cdae1,main_screen
4cabf8b654fd0a83765895457ca878f6,main_screen
4aa8d6ae54f0099ea7b3850fec8e03dd,main_screen
82bfdf264e75985207961cb1f1fb3178,credit_info
0be5214f30def2a4c50e9f5d75040edd,credit_info
4a2487d23a6be085417a9f0204d73815,statement
e83014a3edadc2747ea9ebc3064bee29,main_screen
915a54f8e45e8d72ed7efbf12f9d846a,card_recharge
cae1a95a67e624afc07edd68b7039c34,main_screen
ea10dccb36d7ab25d64e6f00764eb6d3,main_screen
83ba6dda015cd44048d7bbd462be6ae6,mobile_recharge
dea4eabc975e6247e202a8d07fe6a90c,credit_info
dade1569fc00c660037b1b1b848ce11a,main_screen
98d30daed81310e8687c02606c7499a5,main_screen
e109c3a80906699ea792fe7a116b858d,main_screen
9f3bf05312c7dc37811b456f76be76b9,mobile_recharge
9de89363fdcd860e59246c8c5703c8d8,credit_info
48caef47cee17c9475dc68e84a5906a1,credit_info
8261fa3d67369f1e96f684c1f66d0882,statement
bb64151f9913f245dcd310ebb2476266,credit_info
a1ece7aec1544075c0c750cb3fccb569,main_screen
c0cab658b5d163916da8a16a259b0677,credit_info
67ac5af832b533f05db602da045e960e,main_screen
263919a4f2530fd3797fa5f26d90d32e,credit_info
b8469f5b6fd2dd71d1ce1f894bb3d927,credit_info
982837ab7e4fb21792d84c32fe8c2f7b,mobile_recharge
4eee30eaa4033bf0a0dd64f858a4df6e,main_screen
f7eca6a4a4d610bdfa1805ece303a9ef,credit_info
81b833081ac65069506a89b118dc9450,statement
e8ec22ad0c086072a68629997ce7d947,statement
cd970dc232a3728dfec3a2d973b84fba,chat
31aff1f79abcb4786e0f0887586d2baa,main_screen
85714ed81f2b7f0214f37f502a1d2d6c,chat
e38910b454fc7aaca121c20117de54de,main_screen
194c9a8d3f5c52c62b1a7656b740bb83,card2card_transfer
a3953dafa51a72b0481fd82b08e9d682,main_screen
cccaccb701fa310640d9eff9fb36a74e,main_screen
74e129289d9698101b29bb325af81fdb,card_recharge
92dffd5c5a4d92c894c8b7e645493477,mobile_recharge
8897c1d2c927b2029a7c3040edfda223,main_screen
fc72e74822968ed2f2f547d497d31078,main_screen
85b481f02b71787eebe7292b55cbed14,main_screen
2de3ff26abd8808c9d1e88575afb1565,credit_info
cfea062da7f67065521d179a165419e3,main_screen
38f96a0a0dffe310be78665902979764,chat
8d3c55078fafe23bb36cae58bbc3b6d1,main_screen
038f0e16ed3b44036d0c2a76e9b1dfa0,main_screen
b3c4f81689a3b19ba3128e15e044e127,mobile_recharge
c99792af70ead44e84d65b3fee9af1f2,main_screen
99bf351b8d3ae9fa7314b928456a9f57,main_screen
d44d237a81318d6a377c9d42acc71fee,credit_info
01f0d6a354432eff578c64b1c9d92ae0,main_screen
8ab3b3611e61ee8b663239eca9590c32,credit_info
da1eb95911a6674b480c350d9e76ad26,main_screen
5db6e7a133afb3a98f7c5ba81198d670,credit_info
29dee2a171360c2e7a96ccb91b8d9e90,main_screen
8ce5033ff7027a1327c39acbfcb72cf2,own_transfer
5cdf8d2e88ac469672a5e1af0028c09f,mobile_recharge
fdd9738a732fed9665a80a5c9f4e7c22,main_screen
ec937462df0c5e1baace7182eb33e78c,statement
99a6aca96278a245552c45154650c020,mobile_recharge
c6d9e9f80ff2fdc1c1f61eab99c4f8f3,statement
4fca25128c795d33e9ce9047d704455d,invest
f69c4006b96f7814afac66ff730489a5,own_transfer
46b5ab39e7400960f20a3077492633c4,mobile_recharge
913e8505acee16e1c4c393ff3e677b67,main_screen
84a7939b2c4d889233d11f3cd734b36b,credit_info
092dabf4829b5850324b59259fa192ed,main_screen
feffe8fcbc79b6b69cefb7908498089c,own_transfer
cde26226c3c3338f10febff124ee4c43,main_screen
2c679bd582444b5093a232ad6185014f,main_screen
70157cad5425e4b103fab5fb0622a3de,main_screen
ba9047fde52a8ecfaf91ad3df39ad318,mobile_recharge
0b6121615e1adb470de2b1d848407460,credit_info
a68370a8057e4638ed2bda1ad2071acc,card_recharge
b83a1120f08d09d1b83ff76aa5de3dde,main_screen
d4f087e40c66420ecbe8a2dfd9cf6926,statement
cfdbb52e0291fb17d0ed8d9420c4f345,own_transfer
57b839f164288e97030efec864cfd221,main_screen
3ff676a83e904a3b41d0d52edeceebcc,main_screen
6b4a55d2434e6b5308306dd6b451d78e,phone_money_transfer
2b98616b35d6821b81db3790833c0c5b,statement
d45c446b7a40dd9cd33510b04dfbc029,main_screen
1c4ecc842e3c873bb688344f9a50f849,credit_info
3dcc534024fa645a843ef86c403a2fd9,statement
04e3b8d6d06d807c6864e9e1d16b6e4f,main_screen
07703a94a86e958d7ea206b07c4a58e2,mobile_recharge
60aa568f24114b1370f63464d05eaf8a,main_screen
17d2348eae1bdf3d7941fd3482406a21,main_screen
13f234724c42b824248645ec60151aa3,main_screen
4295990aee4e8c9d5d89906fc1d7c0f3,phone_money_transfer
1e8b62fe33a1bbae25a023251b382a89,statement
03ee89d791f905229dbad36cfe22a214,main_screen
ba02307eccfb91961362efba74339e49,main_screen
d8e5b6eabe8fb6402efb2d7f3b3fc15e,main_screen
580c4985bea5b7bba29681f702b13b2d,main_screen
7eaf4267e636145f06cb37fac1a3a6a8,main_screen
901f4daccdefbd873a963254e77e68e0,statement
66cdc299b98ce3a40be00638c7a13063,chat
184079f00654f12cf9eef128eca783df,credit_info
33c9f2f3b9d748cb93150245789d3b67,mobile_recharge
1749a873bdf36d02002959fafda63295,own_transfer
b31126df69c778301017ddc53020c543,mobile_recharge
efde7e9934c353ad7fd5f1d616e5bc90,credit_info
32f86cdcadc6685d560ffc0d47ed0ef4,main_screen
c864abcfebb6098af0ef618f76a210c6,main_screen
3153b91c1cb1ff37b14b5d5074a00975,main_screen
66650781ea568933619cce318025c86d,statement
f5f3fcc62e1443e9646444b21f60fa97,main_screen
5ec048e661f9c4ebb9ea3091ece36ffb,main_screen
f47025f1ad2cdc529ce9e038b056f7b1,statement
61a197d13aa55ac6726ffe451ab0b974,mobile_recharge
211d9d3c26f295e41df32d74b933c028,chat
48eeb7839bf32a4067597e32231004d2,main_screen
7542540b029bc7af962b6771e8cb3f94,main_screen
d40a6ddcc430d43e8098f40cf0bbe850,main_screen
de109f44cc8d98e71b263de843874e1a,credit_info
2b3b85ba8351dd5d351daa24a376dd4f,main_screen
0fc52ace502b9714e7362cac0ded3a32,statement
a6761f7e5a29091121e22e01a9c98753,credit_info
6d0749d58059096ddefbed69ef386da7,statement
08b578aa4fe34ed55c79c2d5c28e517c,card2card_transfer
fe6cb1d99de208436ab1f8737ad606e8,main_screen
b78cf9cbe5ebb701a266fa6cd0580a68,credit_info
f1fb8abdbb339d7425f7e2b02a053a8e,main_screen
eaecdeb5f1ae0f236bbb4b660c64cc4a,credit_info
6d3b85694900894af7341f6f0f4d95ea,main_screen
24c83b4c25cea81948737bd38cd25c1c,statement
1282eb1fb619ec912316ca61e9eb3b83,card_recharge
ccab3b44b5dd73ab654d0cd1035f7a18,own_transfer
f36926fe90ce9558e014f1258e1ba3e2,mobile_recharge
29fc58bc9989a6962681d23bbdd585dd,own_transfer
77503e398a2baafd41e6cac1b3c0e351,main_screen
c30e66bd421d742fda5f6d4ba4826b29,main_screen
245d756cc95cfb089a18006a3292925e,mobile_recharge
d048ec547217048481bc96d5de3a25bf,main_screen
c4753068f8b545440d3b2da4f2b2e55d,chat
979cfee9a4ce203610e9eae6956231a5,main_screen
52180e0514ea0fe4d47e05e4c332192f,statement
a660ac233b2bab1b523205bd84331a74,chat
3f74c5550c9bde819cb65a24b209b5e3,main_screen
ce4620c8fe0390289d67906b4f9cfdf3,phone_money_transfer
17a6364935bdcd8b9c68ef7efbf01509,credit_info
e20d6433630c41887760f2e1b91e7d37,main_screen
f2ba051466bda175d7eaea3b15c1ad26,chat
1422c77ff4ae7b386affa6f7272f0bf5,main_screen
e8ca12bc6f9ec6767c8740e2b29facfd,main_screen
ebb14b2b898260b351cff55257d46987,main_screen
0dbc554322d88359acef74d9989e0cfc,credit_info
c632a178ebe0079b4ec8eb4f5bd52404,card_recharge
feadc749cb0585895b7849232e0e97a4,card_recharge
4db3cd79d83318b52d3cd94feada4ae4,credit_info
c8a68ea392a63d9f92a70da4765226fc,main_screen
043668c66d56ab90fc2019a89e6e6331,own_transfer
2f8964dd5a46b295c73bba819efe122e,card2card_transfer
1795139c49c94d305d30d501eeb47736,main_screen
a4503ceaf90fc0635c9a4ccbc209115a,main_screen
392e00ef7272fb6845c535106c1e2bdb,chat
91749e1a9a32f0d6958c6d8e96088328,main_screen
6390300f49b675789979c86416d66f03,mobile_recharge
99c038eabeb42ff576a476d614246273,main_screen
eb2e643b0ae963b218793f216c811acf,main_screen
e222abae08234739151016340cce8fc0,main_screen
67851343e8bd09aa50b6247358444a5d,phone_money_transfer
03a9be1922c1af7713d6e9f78a58a3a0,main_screen
c48fabf91a2f969a272d04db611a030e,main_screen
2f009ae5caa32888f6af78ec2a8da101,main_screen
8d14db1b9e9d808b2979093c2a8a3843,main_screen
bc90bd576e07d06310181c7a7d734348,main_screen
92b820413e03154ddb297b435b49b602,chat
f51451717fcb313af9fd64195bfbfa4d,credit_info
43920f580aa1434152b9dc6ef739911a,statement
3e6a5ac9f85b19e7e5b0d268ddc02e4d,mobile_recharge
50e936aea62218437a806cb94052a8f6,main_screen
72dd0fa8aae63efd7633d34309132773,main_screen
3c91192fe7b213756d9cf6b2b96483fa,credit_info
3cdb1796be20160bdf51dc889fa90f3f,main_screen
a7cf1732ec503c98c381294289acb59a,main_screen
df74ed00f2c4cb84ee04eaa0eb70fb09,phone_money_transfer
726b67678ba810a296a0f9ea50c5fbad,card2card_transfer
501dcec7a4e2100d9218b633d334dac7,statement
2b3b1a86cb27971968c57270fcfa79d0,credit_info
3559a51c15eba53d6742d0a77e3fa6d9,phone_money_transfer
28cfe6ec6d1a5c9b03f47b06411a66a4,own_transfer
0a10f3021caeae7077659df44456fcb9,statement
94df2c5f7667fd5af1293a2ba97c5f34,chat
78a0fcba3dc2c13b7dc23890879d33ce,credit_info
4bf0177655b701d32e8a45be02b7bbf6,main_screen
34d765df44042969327e2a8c4a89ae63,main_screen
7b0de5a96e198ed7693ce3668172a8c2,statement
d07c269aee02bf19e4e35349981b3bcc,main_screen
5c2f5e4c471d915d90a9e5eaa53a256c,main_screen
a8f2e483d370897630801b7ffe12c668,main_screen
4244f3dca115feb47e385a4f91cf3aeb,main_screen
614d37526db8950ae64756282ca04690,main_screen
3ebf975caff436d3b252f0c19be24c34,credit_info
f4d6e39dff020a0367a5ad3a71d5a377,statement
1dc146319b7c7a814f46afc99ddd41f1,main_screen
bc778e2fbf5868beff5e5c5e08ae5c83,statement
008c6c4600eae3652fe7574b79c9c08d,main_screen
8f861f29eaa918a75963ebbbd7453306,main_screen
a5f71b1ccc58dacbc993a55b2ba7861b,card2card_transfer
55808f26e88cac1decab5bd8d9c2bb11,credit_info
4fd284f8d3438567501fa0a96c29828e,card2card_transfer
c9255952c7103885e370a247b403a035,main_screen
0c11b1b1b032d5381770caa743f27c0d,own_transfer
467fe5c8cd3fa2d7249cd4eda5c83b1f,credit_info
d872efd88b5b5c9e7458016072f589f8,credit_info
a321331e71b320bf315cb23493679c2b,card2card_transfer
eb77e2c93c31b794e14ec5d50c73360a,card_recharge
76c0263097b077669391721b2572ae53,card_recharge
cbafcef5f4f8cee3a6746df49b1cd0ca,statement
9cf2c331a2742f778bc4a3eb8dd2a1f9,main_screen
8f40885ebc7354a381f38bcb825a4be4,main_screen
3a17dd5675483cda77659b4472a139a6,main_screen
5636327a6bb0ccb554b5e5e7c26e766d,own_transfer
e9e207e25733e0df7ba2b9ecbffea38b,mobile_recharge
673c99f9a67ff16c771269ea7f23b631,main_screen
bc39b16fcbab6456451fb7aeb13b122f,main_screen
35250839a0b4eb8647a52aba8ec1d743,chat
ff58f2d7f9852908465f181d81687bc2,main_screen
eb969d9d4e8ba90d0998c8085660d2c3,credit_info
bba9553c327d02373705afc90d112787,statement
f57cc3d7ff9d2c2450a88a33708fb3e9,statement
88429d6eb05e2b28a5cc929ac8fc4193,main_screen
0ff8b1b1bd7336b455e6d3f568f22783,statement
f5cded9a5b796882c8963553a09e1e7b,own_transfer
6f7941f0cd539e5a788ff11c9efb28de,credit_info
b6b0052edee51a39c65b912c5e3a0dd2,statement
76bd738627da8a73df40e11fe8c57f3f,main_screen
f4f77e2d9470636098523d8474e25359,main_screen
70337d84be3c80f23cbd624711a5eea9,card_recharge
a52154adf38c97a951703cd47cfbb669,phone_money_transfer
1eb6b62c44a1c2407daff07ad517f079,main_screen
caa05ac8af87dc37fd19586034ccb051,main_screen
34e45ee794894c4838918e685392db70,main_screen
273cd47b89174265d7319bb93a04d99d,main_screen
4bbbc40213761e9c9f245124db651131,main_screen
e20d282f07b54ac49c27d65a5f675811,card_recharge
d8226e8b444e6d435b6032e4ec17c3b8,credit_info
26ca9840a9e8f6a7801bd34baf5f6838,main_screen
ba1554330169753708643fdccc24a771,chat
66b3975345243e091ac7ab3a835706b3,main_screen
40107e3363fd20a956924a409df16a13,main_screen
c354dd9abaa2b678785ec8af2a7e070b,main_screen
7d576111888cdf171138284cbf2cd574,main_screen
f370cdc8fb56e6e1fc585b0b447e0624,main_screen
23ef1db69c09ba449e3ca9ad2d4b5182,statement
6962baa5c558bcb3a417515e857db9ae,mobile_recharge
c30c52fd046c553ed5724cbbe52f66be,main_screen
528178d69904b5c8d0ac1d615820fdc8,main_screen
59b8abb87a4dc84db6d3831bc418900f,credit_info
93e2d7a446efab2e335a284a22ec9bcd,own_transfer
b2b0272d64032d54e5200d7e4f5042ac,statement
9c74d484427b771a1bb6354c63f353ac,statement
d538cabf0db9b27c781c99516d65a2c7,credit_info
4c42e12bf8de10fc6a5168e27bedf851,statement
3a8a3f98eff330103917ca6c5e4d0aec,statement
16b2ab70ce2141787b71e27c5e166602,main_screen
2787befb831a791e8f2309041c570c05,main_screen
e2304c76f14d699caad285926d7d9a52,main_screen
8b8ed436f18c39409817a99c7003c6d7,chat
29b8f01b64ac9d65853df53ef530fd1a,main_screen
d640b1fe54efc343f780d5ae03721916,main_screen
230773980e51e7ebbbefec3c9d0fa632,statement
aadbb10bf17d9793425d963c4eb08e28,credit_info
d4f0752107645f31b269966c0470af2a,main_screen
456fcaed1214e8c6c9b5febefb5e04cd,statement
11758669e044e1650791d6d73cb94107,statement
1f6a9e9826dffdf0cbb0da5307480a33,main_screen
055d276a52ad3da87a413cb116dd92dd,statement
3775dcd54907dd22b695f2cddc92b532,statement
9b05c540f2c2f118b7206c4e6ca285d0,main_screen
6bb74113185338420f353dde0de1ed65,statement
ccd23ece4966ce5aba0c1bcaa01a885a,chat
7299db27c5d266f39570d95198279761,own_transfer
023dfbcb6b0fb86dc19d8dcf4e2e0667,credit_info
cf9ea8ecf851742b207167201b64f596,invest
6b82ea7c1683b0a9fef4378d9924b15a,card_recharge
394fd245be5640fa31d7be962db7c701,main_screen
91bcbc987701b6462eb6a3c5f66cfd69,statement
83752a88ca6ec1e44b97917c3f4e778d,mobile_recharge
8b216d08c3f13c4d80010ab2b3affa55,credit_info
ca586cbc3f5d9407aa84882ddb053364,main_screen
bc09555690293822afdd1d7df9860066,phone_money_transfer
23f07a5d256ca674801f069e0459b6fb,main_screen
7f9a05898e3dd10998ba9227a223d4ad,card2card_transfer
3d62fae479f8181c70c3ef7bce4b3ca9,credit_info
8d5af49129dd4c49dc0d43840751e454,chat
1249460c4cb2b1e81341d3d05a2b8ec1,main_screen
a442a51823fefa22479d7ba8621a230e,credit_info
9f78bac3354b85f4dc9b18398b9de51f,main_screen
5beef1232d49f9c220ac897d9313934d,statement
ed93c09bcb0c62137d443249cd7a3ca7,main_screen
812fc28bdb18f099111be80542ae03da,credit_info
d240e20a50a7867e6f17cb493995c1d1,card2card_transfer
e70ba4365e20d1853a49b58a5b75f259,statement
f672e1c7808176523d2b96ddd32c0f21,main_screen
c7ef96f3c212e448a0c408f4914efb85,main_screen
9201876bd27ec9e4020372beef671fbd,main_screen
392faef98d5d1065046e700fe58e8912,credit_info
e95b721beb1154760f4430af81d4b4fe,credit_info
4ede6df2dfd8eb00a12849fde7006660,own_transfer
1d19b264eb50772638037f0d0a29b3ef,phone_money_transfer
3c57cbb886e0455f4bb708060ba7f6ac,chat
185050546c8bef5c2e2d3dd00e866a3b,mobile_recharge
4d3a24818dbfb41d0b68c506a8bdef33,main_screen
b072d0b575c79ab177f6e7906271e11f,main_screen
5170695f36a40518718dfd76a271f2f6,main_screen
e8ae3e39be89d0b96047c21063b1bbe6,main_screen
7e943d5c3ba8ff1298bbdea82b2bcbe0,credit_info
a54f13e07ecf1b875fe3f90c6bff60ae,credit_info
9abd428f1aa2232bf87962ddcef91d3c,main_screen
414ceb6de6d85202214eb1b2c8d212a4,card_recharge
e2bcb015bbfeb5b4cc21f9f71638f7a7,main_screen
0636708b517290b3f5078b1b3a1c4cfd,main_screen
a9eecb56b839501420ada594057725f8,card_recharge
1be45dc76bf4a2a73e9866384e292c7c,main_screen
e49ccb7b8207b5001f456ea15689959d,main_screen
68f7d258cc4c3d3f78a01b5a2a729864,main_screen
45b6681dcadcac82efa54dec6841dc8e,phone_money_transfer
7a2efa5ccd82ed8348666efee49b2bbd,main_screen
e64964f91cf5b786328529ae8759a0e6,credit_info
0aa8caeceec7ded7cb3b024d78929610,main_screen
ceb74163cd5799716c670c5a86c89f11,statement
54d362c2bd9f28fe015fa57ea543e09e,phone_money_transfer
d79166727c81d3e74069a436131e17b0,credit_info
09f1a75dee0c221fdacfb1f111b804b7,statement
108a679ef6c75e0764d81d149cb6a220,main_screen
356000dc366d373f289b63de74fd86d6,statement
0ece0d847b46cfc7ad90624544f18e74,main_screen
ccbf25253eaecfdef472e80b537b1c95,main_screen
ed27d7ea60bf1f1e650f07b562aaa048,phone_money_transfer
880fe8213c3344ae2414372161de93d9,statement
1ac368583b3930346fd7bb91bf726aef,statement
482c4c4cb635730e443990cc049aad7f,main_screen
bfd847d874845e09e84e71a359066f78,main_screen
91d5de33d9925336cb5ab88a6e1a55e9,credit_info
8b287ff3d0571cad2b3d21cb63de1b97,statement
1409073fff3ae13d3d1a65c84dba6df0,main_screen
2bfce95ad4c12ab8a7fa179bc007a7ee,chat
dd628602a9ae5228c2c43a41262da85e,main_screen
f3d46397c22d71922b6f2c706b6e8573,phone_money_transfer
ebd540290691e412bb1d11f2a915d6ba,statement
a0fc92cc0f00710f73f519e42c4bf72d,own_transfer
4e117f1c6aa5e406ddfaa4b58b1b504e,main_screen
a21cd607cd10a7b8b3c8739d664982e5,credit_info
37290c4aaf973e2733cbe5d13c378763,main_screen
5a53fcc096ff13694460ed7f3159e1fe,main_screen
0231d04fc567156a63cd65f80dc42ca9,credit_info
7cc00783ed328d98dfc080273fde4d3e,statement
576f18cbb0ceab1e551a8c1ab2b5b75c,statement
33e073aab620ce71abff8850e56e0588,statement
cad17ee78298578e4b7a91c74c0306a9,statement
5fe34ca3e7dd559d739012645bd7e262,main_screen
2867cd9429ef4a8ae5760d2403fbb45b,own_transfer
c8fcc6a0a65b8e774011a49c95ce3aa5,phone_money_transfer
aa6550262e69707c4b201020a2892785,phone_money_transfer
2ffe6422e18c139956e567a3ec69dcee,chat
719345721f68595d890ea8de00996cdf,main_screen
a70294451b6c19dd894b38388cc2ecd9,main_screen
bd794313d07af80da2850f5107d15dbf,credit_info
b1cc742aaecbd76bf1ea6ab421efeb65,main_screen
f324e6e38213e7a4ff8c55823d9698ab,statement
cb9ca2347fab168cbd503ebb165a7819,statement
3736c8e947c562f4e3062aed76086ff6,own_transfer
e11b600cc076e6e5861cfdb62aca7d44,statement
6a65231cb2b5321c45a0f76c277cf4d8,credit_info
31f077f0a16530bb84b10406ab626e90,main_screen
070270c7310db98702aa8a466a83d2dd,own_transfer
d6da4f9f34b4476bb697ef8646e26923,main_screen
d23d1defe536407c0f7b17d402eef482,main_screen
51b355970e919a8f03f91a749184135f,phone_money_transfer
5afc0de6f19efabf14730f54a2940554,main_screen
1463f89bb04b590f43db44edfa00a1be,mobile_recharge
afca5ae38520f9520904656706655afb,credit_info
3263a43fe04d2a3d74cae8495d5fdbee,chat
a2bc06cddfeee79a33e7d92c853c6849,card2card_transfer
88e75cd36b30e938228b6fc6ed03ec6c,main_screen
15e4691a091b1e393cd86cdd0b0e5951,card2card_transfer
f8a8d13249853628b7c94192bcc68dfb,credit_info
c674bb1a4d33864bf12754d3d714e1fe,credit_info
e6eb25fcff55ca26cb0208ca01d8b17f,main_screen
d73ebb76072f9732d0dd2fa7e84dfb0c,statement
7bf5276a14c2858d090c3e9ed7a65688,card_recharge
57aae3be9ec7897dd6fd471f215a4290,statement
704a800d9ecb17c8a790583642a8fa9c,chat
257ded575385c5784cd69d5c1908a08e,phone_money_transfer
f24a4b6bda54203ccf3385b588367eb1,main_screen
635d3ae62ea2ff217533e4ad7c88f453,invest
238fcb97878256ef490649e8e872e0d0,mobile_recharge
fb927abc12f373a163a8ab3dc2de09af,credit_info
c1d1e22d8298d306feffc093eb32b556,main_screen
5c1ba95564d800a600d0b6799d75ccd0,main_screen
e0d8177511e2cb8dec2512a715004b9a,mobile_recharge
dacf2329e43d58f409622f49a235c7bd,main_screen
6e72e5d3edd3cfad6cd208172d0c5a62,main_screen
7de18f66a28bff0c3cef2dc6c468924f,credit_info
7dc070f1b889188feaaa4493d9fc0fcd,main_screen
de477c0b81b9aff2d8893f1489fadd7c,main_screen
f870a33928cd1ce641e623417c42faa5,credit_info
0625c4bd328c59e3771fe867b4556740,main_screen
6f7f063a62880d22ba1a3dee2983d3b6,main_screen
616491f41df4ddce307b1e8b9e8d0d26,credit_info
f5e6b6f473972edd3797cbd2c9810419,credit_info
89a6a02a1a7af7f17fc793d464d73c94,main_screen
b666c2f0544fc74ecb45aba59827b67d,main_screen
8555c8091e5e056ae28d6f4bae4cbc9f,main_screen
14183cf6f539acf15325ed96d46f706c,credit_info
df1fc3b3b8f1ff06a9afadb47a3a7bc9,own_transfer
603841ad16f74656651099eed0d8641d,main_screen
a4d7ccc2357e3efe943497b63b8c0446,own_transfer
5672ddea4ba0443626e446b6d1623745,main_screen
fee15c966ffd19a9f8bc784c671774da,main_screen
7ac85e474a6362f7709db7ed8592829f,credit_info
515601eba373cb3f3e422b6de90a3a63,main_screen
a6fa13754b2d207ce06f0679cbdb681e,main_screen
d0c6ec3ce35eaf96d82ff3b59f8f4afd,main_screen
ec0912c0b8311e3c3138b6581704be3f,own_transfer
f08368c5c569bafb43674bbf457b1e47,credit_info
5fe96d9b90c10b674c60b01d50e6f819,own_transfer
908d27e5cb1a79bef1fd9836a1279c7c,statement
c7a3c5a78d41cc659402dbcfd2c93b1b,main_screen
024b9cc4633a9a10da87f385831740c4,main_screen
d3b7dc4bf080fc47c1d1f3291d5bafbd,chat
92bb1700beaeb1846d1fb262dd792387,main_screen
6d705d12d25d2651916d05703a0cbd3b,main_screen
7d64bd97c62bcf3a2660e1ce6f969ee8,mobile_recharge
12adfd612f4eca02036f4e011327364c,credit_info
ba545b94523eb47bb6a7f1bd988abfd0,statement
fc17a0a16bd25a979fa327306fcc58f0,main_screen
4599b3ce9fdf82aded1a983dd5125d36,mobile_recharge
1d823bd8af984bfa39598487e08b628d,credit_info
be703d3b87d820da345ac1042a0f5110,card2card_transfer
71d7ad49a0acbf5bdd078b2c5dbc4718,credit_info
a155a8c47e5b1b3333d5a454f15e7039,main_screen
bd69ef71799dabbc18a1c31b54524983,main_screen
3ae3c648b9d694fa125c28c4fa59983c,chat
8203b341a8c0936cd140380ed9189748,main_screen
8a1e709a5584b66b01904678e09d3004,credit_info
f9a7ea5b683d24e108efbea3edf6c6fb,credit_info
311e1a4bcae68d987952aac2eac4b8d0,statement
b52bc37dc4bde235d3d7a66c28d9b086,main_screen
d4f3c438693001ea2cd6ba5152411aa5,statement
89cdb1a82ac5e84e63ade4ca4fe0e6a8,main_screen
11bc78e316a0f0a2e225dd95adfe80e2,main_screen
8a9278e035cc5ba19d92069708612cf0,credit_info
de87639de06e0756ee9b85cb3c7dfc02,main_screen
bbb63d1d204311a16f24be2b3ecbafce,main_screen
cfb1e5f3dd67ca003d8002c26cde819b,main_screen
058ea3bee526816888b3d8ddfb1f165e,main_screen
740e9aa78595ecf468754aca94d90fd2,main_screen
6a811c77c1f7f82d73e4fc632b4becd9,chat
96baed21cf27dea0ea7e95c4c62cc859,main_screen
b50593a900c363620e5ce1201422ce53,statement
213375bf7773db68bdacf5768f0d77c3,main_screen
faea93c7bbae6caf88856c1c3e0f5434,credit_info
f0c5b1d092ac69f2c2c5a8c1218b1a96,main_screen
80d21f6a744f795f4bb3d9ed2b05cc83,main_screen
858759829f8d21d4db0060cab8453351,main_screen
f1f022a2c8e1ed66727d368b84e9a5fc,main_screen
45eca23e2f0d4ce862fcb4eeea42762f,statement
5fb16aef12acd8f4a6b19bccd8964021,main_screen
29871a2b02b19279cf5bef2ff18e9c91,main_screen
e74ac78b2df136efa01f8a015581ab8c,statement
1938bd0b5d17cc740eec2c7f64cebf39,statement
26d8eaec450424e3bd5277e0307952f8,credit_info
4242a9299dfb9917d55eff92ee33752e,main_screen
6e15d317dfae5d8842a84dd6c18e322f,main_screen
6b6240d45932813267bb30635ec2b346,main_screen
df159ed42bb2f60c05232534c8687e92,main_screen
4681a41ebd1ad35ef4c7f02b574e323b,own_transfer
4d6a3d8619f511d6f4373382bb67b279,card2card_transfer
9f9fcc29cab462ba10520ac664f0699a,main_screen
7d484495756db93c13aa0997f6c887d3,main_screen
02a6b188358a847cec642b6409bb6aa4,main_screen
13439912c0497eb35865ab97e34d3e62,main_screen
534e36bd6d1b5287d7201be90c46caf7,main_screen
dfcf31a313689e9f1c4e939c7d9323f8,statement
e67a6b006faa73284b7f2fcde219fe7a,main_screen
88c7c94d8d30bd2eca88353e0b69826b,main_screen
00d77a2b55dac35f9aa466ad2a2dabb7,statement
02f07f25ea24beede5717cd498285ddb,main_screen
ed14a8eacd993968a90003bd9d6c3d86,credit_info
f29b18639d1f8d9bd9eacd052cd43c98,card_recharge
2def4b058fdaf762ea7c3866eba33157,main_screen
eff793bd81d2f5fa64fa2df26bcd35d5,statement
a2c431c5958010086580570496c27609,main_screen
be1ed00a630fc314a37a707dcf959327,statement
5c8da3baf23e14e627e12aa4a2d11d57,statement
f4caa969ecad6a984c090947236b37e4,main_screen
a47ef0756d910cbd7113fd50b4ced510,statement
ce6af2fcc1e55072346298cbc96e7535,statement
f8adf1e7e3dc40f8f2e0dd6ace007ee8,credit_info
978fbd5091bbafdc611eff95b3f04bec,main_screen
d6d2192d4a27da66295f715baa800500,statement
f6b5e05cfd0c9fa1e83f610a210ef3e1,mobile_recharge
03b7d8f99dede299f4ee66ae272ca5ce,card2card_transfer
97e52103b3413d294463108f5beec3cb,credit_info
1ab40a68c02c3eb57121c24ae90f72f1,main_screen
c02a8a10ee82bf7c1181336c3b1ff151,main_screen
aa38a77b2dd1209999b1ae76a11b92ce,main_screen
7d360a89e87120aff0f7d6829ef46c46,main_screen
773c4e2798de842598eba62252054e11,main_screen
a483f8df95935d258f56c860089f1569,credit_info
a0ee38049b7913880a49688f4ff1a3f1,main_screen
6523cd8d5f45089ff9bf8156eb962419,credit_info
2a44b580530997288ce7b9aca2e5dea7,card_recharge
9efe215b77cf03e12cae647505279d62,credit_info
18e1049b4649d66700ad64c5e607d1c8,statement
00237899d619e1cdca238ce289ad81d8,statement
066243d13c2eff5b6de8f2baa9429a53,own_transfer
a3d9ab6d766c4bd53654099738bfcd17,credit_info
8d6eec96f58e88dd12aded07641b5152,credit_info
8b6e34be8307484de665ecff7dd858b6,main_screen
e94883356deb5de4d307f793454976d6,main_screen
7493e7b546abd176f23217d9cf956a90,card2card_transfer
79121b6a6c24bbece95b4b7ee4c2fc58,main_screen
4078507293a5ba04993d28df7f98be76,own_transfer
696c403882068c68dc460ba27b421918,own_transfer
674901e25750a45d5735ef68b11d21cb,statement
e4f92421edba735b0b70c6e52c3cc220,main_screen
cb9bd8ae8427c7d79c51af6ef8ca74f0,statement
c42235a61ac1e1e4c948eede42eb618e,chat
ca8ec60396fb9d62d4792730ef2fdf80,statement
e58dc91570846165cb9aaabcdbfa6b77,credit_info
6bc5324a2213ac2d2e1a737998027be8,credit_info
53a596c791d327ec8b20d015660bd75d,statement
ec3ffbbdc9532fbff932bbcd0f036501,statement
4efd6964ed964c82faa6d72f43f3ef03,statement
2422c7174d66b2cae2b63dc0af86f8b8,statement
449d42eef015598f4076e4fd95ce414a,main_screen
6d980b191c5450b07d04b5bfbc5f6697,credit_info
bc7edcd65b988b0f2e7fb15a0df3b38c,main_screen
44cf8033dd65fd2404642c25398d7ad4,own_transfer
0f41e662c5174268ecb3119f17bd952d,main_screen
f13964d5efd4a6e7d61fafe249f77e62,own_transfer
aa4cc3603e06fd33866e8714ba07c69e,main_screen
3f2f1162a3a26feb62b454a967e633d1,phone_money_transfer
4d973e44e8c320f361e088cf410ca468,credit_info
ceab7f0a39f32ba85723c79387697da6,mobile_recharge
cc5b6cec31070b55984c21e848201b33,statement
bed6aeece67c9239824ade7c16d3e747,statement
a9f57c7848a4d74d05b2fdb633d32bf0,main_screen
5d310ea91d586e055f95ea0e7d0a48fc,phone_money_transfer
c7eb20d6c52fb28e34ff39cc085341e3,main_screen
097fd90eb9d81e269f571a7346aa3f67,main_screen
e6b10b3db5b5dc6247cc07e2e44e32ac,statement
7c8ea7d9dfce8ca6ee32241758bdb8d5,main_screen
bb00822ac91ace75cd509ea04d08af9f,main_screen
9ca106c9f84ed16d2b1f1a96f0a5c4dd,main_screen
4d335eec005fa8a636444e5ae1fecc3a,credit_info
b525cda94d89342652e1cfa803793839,credit_info
0dfb0bc7cb47b70c01b5bf306e6ad20f,card2card_transfer
a7c8834b8dee6e14aec98f90e9b7a67b,main_screen
39dfac6be96ece8907b4d0529f3a88c1,card2card_transfer
d9a67fcff5b60465f7846b4e55b34d2f,main_screen
b1e3b438d492b5932e59e288fe378586,main_screen
90ef5900941410293f0be023be5113fb,credit_info
d89ededde444318bda6a91da66b4aa0d,chat
e9104cc8a9c8755fa750b651c3001fb9,main_screen
b34c258363691d058705ecaa3302f78e,credit_info
3e96d6b4b067b4fa4264feca564b8e90,credit_info
70fe3d10b7d45bf379c25893a844af68,credit_info
39541ab59d519b09eb803b0210eaf22b,mobile_recharge
81b93b944882f05c2054ff04dbf2349a,statement
e15ad049d4d5b98f44e252307e5e44ae,main_screen
2b7020d4fa65e7d31c6d93f979c31ce0,chat
2142d00100f3c4a0524b6cd906a55bdd,main_screen
26d9c90fedbbb5258130228720990541,main_screen
9c1ded3e2c6177099cf3c075f5a8a9fa,main_screen
b2ec85bb78c0e2d9f839d8e3c04dc5a9,main_screen
20ea8322adb9781d3941f350af724c6e,credit_info
caa4e2941d1acf0b39ae7d83a38cded8,main_screen
e60f8a6df7d3a7bab153f3f1a0984b50,main_screen
3c70bd79d229a1e1aa957edbe1c848dd,credit_info
1c73e3821b8f8a9d5f0602d74aa0ff7e,phone_money_transfer
14e3e49198002a5107b79a18e965aaca,main_screen
239664f0de96277647b4a5b0015fa2a0,statement
973cdb20f75f2db7e9762f9a12c356fb,credit_info
ea453a7efa85e1eea14e363393e149d8,main_screen
c808f9ae6bef67ada50d050d14285ad4,main_screen
3ff9b9a0e60c4ca761949c357647409e,card2card_transfer
f7cad128256d198460e4a3f483d1a4d4,chat
a77214d8183f659cb2f2e522af3e0c7b,statement
115829476d12a6c2f341a3ab71310129,card2card_transfer
a3bf900d0ca9ee1cf833d5b78c9de993,main_screen
5f9445302a00b806919fccaf4310fee9,main_screen
a1a1d4d3f422159b7cf499e8f75abdbb,chat
2b54f68e0ecb749a47b71166c3bc76e9,credit_info
4a5c35518ed5f73ea2ea83c8531fa2f8,statement
7df0517076c7834cbe37be4e59c35eaa,main_screen
0c8ce5c42466d2fd49c31cd2fb901083,card_recharge
c3d779ebe9fc172ca4bc13a10e4414da,card_recharge
25b36d767288ed1536f42a3600cbd374,main_screen
2afd651a3340acad791a3e91e15f2e1e,chat
dbd2eb172aa53edbef2fac8db20fca78,statement
ca56fa505d875ee35397fb94cb4cec81,main_screen
6e380c6f6d2f318c185c30bf562f281b,card_recharge
b5927adde40d813ad4da66fae9da32ae,credit_info
65e5a901aceaa3ffec156a61fad5d3a0,main_screen
0aab94e5158dac4e4adea52517800323,main_screen
75519d06aa95c13b45db5f135e8d3601,main_screen
6e9db236de19f444f5c5229086d9df59,statement
ef8b915c9acf1c89d279f39fb3c52e6f,card_recharge
c3bfb96909103cd0188f5cc4745109d2,main_screen
cf8305ab87440949b7f21313f5bc7c45,credit_info
ad46bb2e23b6d8c5b09549c022b0e5fe,main_screen
e042e7ce19c1a2d7e9e510591b6fd08d,credit_info
2a59476c0310dabce0412b63cdb75e11,credit_info
fb11d54b34478e40186efcf3cb20342b,statement
a10f4bfd2b64abf057e8f66bb5817d50,mobile_recharge
636ba4562319d28400ede65f44a32e3f,own_transfer
79ca567391cd34f3d347e2abc1a0b000,credit_info
ed7a6722b587cb511756bdefb50406bd,invest
c2e04e0cf1624b7081bd7821b24c0efb,card_recharge
6e657acf356d4ec03af9885b24071389,main_screen
813cc9d57dac104ed9115e7c5dc56c78,card2card_transfer
53ef75aeff9c10fcaa0968e136ddb5a5,invest
43f97a4c820a8047dafaa0aa2f650b3b,mobile_recharge
0ba24ad906720e096316c94e0c507f31,main_screen
c6a140e5f13975541215b0eec3d48079,main_screen
758c1cd3bae03d15fefdb8a52a72a7f8,chat
cdba3fceb43c48852a7a1af2358c34f2,credit_info
d93f69c0cf7e4eaf95266ab0bbefb393,statement
2e7b3a45e3cd0f679c8f301a2cc76afc,phone_money_transfer
54869c8538a64a82d448a5dfe4223302,credit_info
d4ff3b75cf8f9be6b74654844d1bdb5f,statement
6f94e4b6e5891aaa9af761227d476a16,credit_info
1a08a84e424565f93c433a665e643961,statement
4c6406863846677a8c47dd922c41fb54,own_transfer
d91d5219b427a3edac73f94654b6f035,phone_money_transfer
825315bc094b0aec02a9745ddc40fea6,main_screen
c943aa6e940f28d5ea90c1c6c137af60,statement
cecb734ec14b1b28b43287e5d79831db,main_screen
b0c8127fd6aa9163d8e126bdc5edf44f,credit_info
61b4e3a994f37357560881d86bcc49d5,credit_info
c11493f52bf16132fbb54379457a9bbc,main_screen
329906f1082e95a079b362b2cf22fcc1,main_screen
506c26ab4b39e00457c531b304fbfa82,main_screen
3db675fb442ec290c39c0547e50b6878,credit_info
8cb0b4b491c7fe6a93ce7ab6d54b10bc,main_screen
2bad582f2cf2829d3d745d94ec6b7ec6,main_screen
2bd4d6c7f7aa985878ea652a58a6f270,phone_money_transfer
369b02dac120c49d79b8929e1447a994,statement
80f9b0c4784590602b62feedb983e60c,statement
6cbb7f584b2f8234ec8adba62a2ff165,credit_info
b7fa0404e3d1419386c4a5e2534da2ad,statement
b03389ac555ab2c192771e520f3f8970,main_screen
be5d65a823e7032b7d0fd85f46a31e1f,credit_info
9a248eed6b0db1e4091f71047cc4eac4,mobile_recharge
983819e3855d85afee1f373ba8f6974a,card2card_transfer
c8767d3aad9a90689bddd09ef18c0d69,statement
552f167dfb124737884d247284a6c3b4,credit_info
86a0e057d70b0c5ec959d86c15d0c7f1,credit_info
3b14e748c60e7bda1866099c5f148d12,credit_info
c0e09a7507e783aa8b59eed38305310d,credit_info
31fb9b31b7eae1e836336471e49f0005,chat
613c57831e6bf18a66aa0d0911eb16ab,own_transfer
45181f288fb06ff01b16910cb5483619,statement
4e60170037023e7842df59d9285a1508,credit_info
ff081acc8a697edff5e6470cad12aaab,main_screen
aada7d09e7b17320f1721a82f194fa9f,statement
abb52fabf604bb9463a50cd28571be3d,main_screen
de377169bb9c4cf4a4cfccc1ce36fec6,statement
7dd15e02b9b7a83ed7d30746f99d2d6c,main_screen
8b5aa2794f49a83c7c8f590c542ee231,main_screen
8aec465a71359091efa9fe2736b0093a,main_screen
7e3d03c35d2637509c635ae500b18f3a,own_transfer
cfcbd1c709fa8826b37d04bc76d054d1,credit_info
79ee524c25ae553da314498daeb4b015,main_screen
0ab19888eba93c741967b7cecddcf763,main_screen
01898164f4ac699c53597cc52d010df3,credit_info
9ebe876f6169f46f38523120aae6d2ab,main_screen
7c88f4e8634a487f5e07857f1e0e5412,card_recharge
5569fc79cbc94204661ab905f71d0ede,main_screen
c4b81ced0c87c47fc4253dba38655d12,main_screen
68f0590714a9af5e98c2603e0207830f,card2card_transfer
fe4a839791fd50b570eb3dd0c2af971c,main_screen
4daf126d24d8367ad65e966649734faf,own_transfer
f6a72dac651762fbe2922ec49c5e5ea9,own_transfer
67c3ddc456c78a51cef889044c4ab7e4,own_transfer
fa72fa00eda784369be592e00fc2e374,main_screen
75919186def29f509e4faf485b8b0059,mobile_recharge
af0f7dd9c489feb9975a9b69cae9235b,credit_info
8cfc0e20426f99cf7a4c7403ad4c4fa7,main_screen
1e69fb9de45ff7d4b090bdc7fbe71190,mobile_recharge
2d5b71e570066c1f41a29834de30a3fe,phone_money_transfer
e28ae87134ed57337675e43e2f51e396,credit_info
5e91b430b697e2156783dc9b89be3ac7,phone_money_transfer
ce4d42b111508095026e73d0294c87a0,statement
e39234f29cb3d03762a378a26afdfa6b,main_screen
5253505e136779cb8b5df17258f68a54,main_screen
571d61938fd3a561482117ab43b675d2,credit_info
03c6c99bdba09fbd9480ed288ad9fa90,main_screen
35472cd8f360fdf5af3e032911ef66a0,main_screen
0126369c29511492c03b9e426bb6df2e,main_screen
8ed06f5f4579b56ef2c52fd6bc4162fe,chat
3760c087b8a0405b1925a14946d28b3a,main_screen
8a6db3aa68a16e8832486ac40c141e92,phone_money_transfer
f27bdda4826fbbc701a5a4ccde288330,phone_money_transfer
62c0fda63f3d02754e6de25175abc9cf,credit_info
d564fe711ed0431a41159d6bbc4a49eb,chat
8aa7c81383b7cf9425ef1ac42e29bd07,credit_info
6c1a7272cacd298808fd5807db517d16,card_recharge
080323dffc4b0cc439766b6ce558ef92,credit_info
6193d35e9dbba0828e42f3a1181215a3,statement
3bd9e2f812a851aca5684684431f6b6b,main_screen
155850fb2e1359a0676a1e8dc7c26ba5,card_recharge
8f4b3311a611fd7fbdf4a2f8896782bc,credit_info
cd620b813817fe2a48d6f91e6b5a0261,credit_info
c3d5bbd133bd91c49137fbfd31d4c3b4,card_recharge
90ff08ce799429f164c5c8d6eadd77bd,credit_info
cf194e31c342bb8bc02199e2bfe3615d,main_screen
035d5d57b8fc174ffd343f47a7e13e57,main_screen
537b44c4c8a197498d8f6c16cfc341c4,mobile_recharge
a6b6230a928f4fe4243a3f45332fd628,main_screen
d4e534f50ca4a4064403edd4db939d88,statement
549b15c2e5b1f57397395b13148ccbc1,own_transfer
806b5dc2e0e8370a8f2d629b7e71f849,main_screen
8d34449bda1611706784cab5ec1e8027,statement
faf383f3be765e644909ba7ac4c379e1,main_screen
9a9cbdeee5018c26841b78be2af6667b,statement
ed57f8b6ed3edf5d9c068c08ed21b5e3,card_recharge
4e63bf6369a9c6b73f8cbafa8cbc603e,main_screen
a4bf471602097ca9f0366f5f3291f87f,statement
ed1035056bcfe26a6b2deb589cd0b61f,main_screen
15575360e8380ecf7617f842ecb5df99,main_screen
7021386e7a252e0d39d7dc551c517359,own_transfer
a168ff393156ed0a62e7ae8bff45d05c,statement
990ca649f72ae273b037a834bc413729,main_screen
c0ed75dc338eccac3dc66a8174dfef77,statement
216e70e96941ad06418848b1766288f3,main_screen
c7da70e1f18a667e5aa231fcebeb52a9,main_screen
d86fffc406eeba38d8d2511dd45c4643,own_transfer
7a887c78cad5870b611389698d119ffb,own_transfer
7f6ccde87e18d470c4788bd795fa49d4,main_screen
4be58d5e6cfb30348aedf2df289c4469,statement
24907027cff80f7b932854a56dad56f6,own_transfer
117c074b820da7b1e0904a9b9271c0e7,chat
d9ce9abf7aa5a4735fb0f32f672f8dc6,main_screen
72b69bd5d60fc86a5bf2e7d5da0a8f46,main_screen
a7b437dbe3d3b66c82d8646368fbe11a,main_screen
f06ceb504bd17e8043610ae9bf1993b9,credit_info
60f735ed7761cfa8c0d9f96835ecb5ca,credit_info
34784b616e747be1b2efebb0388ecd3c,chat
e6563c46c8163732c01c3c559a449bde,main_screen
1af3f5ae44df07647c728ced5cc03dcd,credit_info
954bfcd176ad502751992b349577e70b,main_screen
380e115049c9054ab2df5c50f169c267,main_screen
5025cb40b654892d890ef311c96a1f1f,statement
344b745333dee08995bda9819d76f130,statement
4163381e0431f9bf79680668d267c715,main_screen
5cee109e7c008945dbb67b49de24a971,credit_info
db7d8b3ce9251e68b4eff352f756158a,credit_info
62a2ee95dee15febaf1f0402f5c12596,statement
6f71bd02873fa98e223b8cb7373c05a1,credit_info
a9818444d3ec5652cc303eb83d7c698b,card2card_transfer
628d376a73156b9da6947d7d4067fbf4,credit_info
3de932ac33612ee8a41b02007fe588d7,credit_info
c4dedd6dbb3c8b426de63bfe109b59f9,chat
4b793f6eb152a75bf809ce9ed7952408,main_screen
0b78982b128bdb30822ce691987ef7f8,chat
2f1e99323c13d55d81d6734a7ff5cc88,main_screen
8c2cc1377b27ff2c61a00e5922312302,main_screen
f28b9b795b41c9ece8a0234b5687453a,own_transfer
832a6bdeef2377448cd2bc02a620a52b,statement
9e239a278f72339de6d76b723d616a07,statement
8caa4c253389adee22bb41b5dd65bad5,credit_info
337402fccfef9839bf58324247a9070f,chat
28ba1c648316298cd25fe08c77cfee9e,statement
3da820c997d0b231f49506fdbdb80ba1,main_screen
c5c644ed2656da939da8c6d0e3bed50a,main_screen
8e413f60730603f06a2b052bdb2aa22e,credit_info
7e73a582d4f55f7fb8fbd6051742477a,main_screen
89510776e54cefdc5eb8af36a89f797e,main_screen
a57406d4c4de589197c24245b5d0b539,main_screen
4f642acc26ee7b80cfb4a3d253ea637b,statement
b14827d6b49ee6a9962c6107d581cb46,chat
679d4dc2e2e8a771fbeabeb8f13952bf,statement
43ad704081b55dc17e8451ae3d0ad235,statement
6c08c16538e940e6a20f019129068b3b,statement
be26964fd9d30ab7a9508d8c219c6ea7,main_screen
be406ce4dc81da3ea0ae6bb0ad5c6bf7,own_transfer
e617bf9543f930de59aadebff6b4a405,main_screen
b9d457f790a9d44223c31cb675f83585,main_screen
1acda07fc31c2197ab20dd0d2505fb84,phone_money_transfer
bdbfca65369cd9a4d755d099e5737feb,main_screen
73a50b32d070a4166bbe4ee63ed05420,main_screen
ee0e7f4318684a4824f3dbe681f47cef,main_screen
b3dce98fd8fdf24da04643563a871f76,main_screen
12ad3d80eca3fd434d87781dfebf2b4f,main_screen
f1c455a684da3a1e94a8d5a448d42138,main_screen
3f5a1f6b1c477fa03dcf265f8f166fbd,card_recharge
973dc74edb639db891bdfc33f489eb97,main_screen
84167a875a74e1d393bd68fa1c1b93c5,statement
1b6be8a9fb661cc814389da75d655e28,main_screen
09de274f39b357e39ce4778741d5ae1a,main_screen
68a660d08caf21bccff5122927f130a8,statement
0db227553a8e629a7e0bd5bb7a71ba9c,main_screen
90565ab38321c5698ca2118b5ccd570d,main_screen
d123d710b0570971030f03fa58c53498,card2card_transfer
0b38a98409704f6753ee5fed053b4410,statement
b7a92d3dcf18cd93773a8e4536891f20,main_screen
3204bb8b8b6542f99c1c6b08ffa3e12d,credit_info
4dc04f4ec87ef80b0c341976a0305974,main_screen
0e91d8ca86cea74e9b7d4feabfd2834d,main_screen
c8e0913ee14879644e08c6f5f11ec6c5,statement
c7f83598332c41be39a3550f88e8b8cc,main_screen
bbfdd13870289655c9eaf0801323c9f8,main_screen
053d1561250f1e333565a2a22cbcec68,card2card_transfer
5360b2a9d14cabd4ffb8fec6d419c134,main_screen
31896647c81042888a5babb65e10fbd1,credit_info
21e7117ae065ee76e76c745eb8c3b6d8,main_screen
c4d29cef4bb7e898a86475520498a8fb,main_screen
12e1abc04a48ea63df1e191f2fa9ef9d,main_screen
bd065380edbe62b4c8b9c37250253a95,main_screen
c26fefc71fe5466c91fc82db027bd7aa,main_screen
2fd974b9ef2b55114d5381f65876a045,credit_info
bf19d3abe57e286f8554f1a5722c4be8,main_screen
6252472792eb05a7b7296644d78da2b5,main_screen
12779e4eae788223a0311d18de4f7b5f,main_screen
8057a30630ef4c3d721f6a3784d25f5b,main_screen
884e1f9703cee93911ec35b7f55e9e52,main_screen
9959238f57ec8c3f7e2743f4405c830a,mobile_recharge
8f23ce001045bdde48a51caf84d43b85,main_screen
43cfaa859c451f292966b54c18823adb,main_screen
5822d2339bac67055a99714e25b6a81f,main_screen
c879695d577b1c4273d0e4443e3475cf,chat
56d21d28bdf3c96add12a7276334dd37,credit_info
1c1f93492c4c2922d16b702d825ead68,credit_info
41397962b7c26971e77a4bc288ad24dc,mobile_recharge
87a4df9db460e3405889e2b0a7d789fb,phone_money_transfer
286ea0801cec56a9a9914ccf76ef9839,credit_info
b96c8ed3b225945098f044bed0652838,main_screen
b166603384755264a2b4d234f1b3f784,credit_info
75da8fc06cf7f6900e22df670414e1b8,main_screen
5a311fee3a2be582f5d97a3145fc0348,credit_info
0ff6b7de883fd68d74956300b5c32d84,main_screen
2249a704aa9f1f21d00670edcf9a6454,credit_info
ce79eba97ca875388044beb8fb1aba68,statement
e436334abba87243e2b3286b5bf8761b,own_transfer
fe83fd56a1602cb241d2b53566ef8d42,main_screen
4f165ab9780714052a918ab8d5026abe,main_screen
2c2337f9c3d585a5fa26cbbe0080ade6,own_transfer
cb60992b38b31bd9e25aac2699285ad2,credit_info
5940e6c58e977b522d61687aabf8f51a,credit_info
16ff62ad0bba548e9c11ec10c815a5da,phone_money_transfer
36ad49b4c5189e65f7523eda6d596eb3,mobile_recharge
79d82650465c2f828e3994e121fb3ef5,chat
b10ee7ec01660922058d5088d7991acb,mobile_recharge
159e126c19bfb44866136b9143eb5282,credit_info
f8ceeff87a7d73eb77e41b77a2733a56,main_screen
1b077b3154cbf61678ed7ad710b28ace,credit_info
e93cee1ff6fcfe65f57e9fbb6fb77947,statement
32a25c0e3bdf338870239ac1b48163f8,credit_info
e8bd5e06179eec1f8b9caae600dce1ac,main_screen
fe339016ef150c13999f4159947fe265,phone_money_transfer
b549a04c9e9bc7214acab1245086c5bd,mobile_recharge
69af6664aa804db8a2d4cb1e23a73d88,credit_info
c202816e1e5cbac3be97e4bf60b6b905,main_screen
342f348a7ab2976731218ac9c9d81e88,credit_info
790f4a42e1e4a460d24dd7b1d3b3756d,main_screen
ec0e59fbfc91fe141366a0903ea53945,main_screen
455e8b5ed6f696c951448d61f629eafb,mobile_recharge
d62e61600834aea3a48913a9d3e46037,mobile_recharge
914e0cf7bd38f1b24be328bd9252bbaf,credit_info
2b44c2977b13bf30cf09ce581f66ab9d,main_screen
9d9c69bd0a2dcde6c784769ff1c89888,main_screen
de2298179cf38ec476341510fc47cd7e,phone_money_transfer
bddeff729d2b2fbdc1afb63aaa1f754d,main_screen
c8f218c9431c08ea74249f43064e4a23,credit_info
59ace5342bc2d0693b002fd23f9befd4,chat
4b629c10e1517c92528f0979d62f9a87,credit_info
4a0031f20e3f02da0491576d0736f00b,main_screen
9694751e3ffefe5a1015ca1273829918,main_screen
2f36ee0f67799d5cdd5a36b9e76fc82e,main_screen
5b988b6521150452edfaaece6ca220e1,main_screen
8169d2e92a273d6b97c7d9239b39cbc7,main_screen
43ae6e8ea2582d16c5846e15cf32151d,statement
e83a124bf622a9345952600a731c0b63,statement
0ca44b93d9b30da705c7a1fe27cd8ff2,credit_info
901f6a65282ce75bd3406889f5c318c8,main_screen
a28e3a6925239cb6bb09c56498deacf9,own_transfer
d0053a5b9db3dddab96b8362cf9485dd,main_screen
e8efccade4de8695503f35cafa01d4f8,main_screen
d45608493e80daf14e896f9df10b4a14,credit_info
d9ea169cd075baa9a4b41f0e93b8f553,statement
49c2f1173d7544f896baa34340e70061,main_screen
7a13160943aaa89d973913c5b5a46449,phone_money_transfer
5fc39c36c1dd8759b6a4f7b07b06c93f,own_transfer
7dd17527c8c45466d7ba8c742f7008dd,own_transfer
7d26170f354d042aef0e139a0fbc2ea2,main_screen
b5a7ee064d7ce08c24287a4998b9464b,mobile_recharge
d1ec03cc337dc8f681c350c0690d6064,statement
61001ebaee6569034fcc906de38609ef,credit_info
4ccc0f43cbe25f5871a4aae6f84e0ed4,main_screen
4c37752d28d52c3299ee873e9aeae702,main_screen
bc1921d723071686d2feca132f78078f,phone_money_transfer
cc07f4e4e1da86da0603ee8ca1dc9113,main_screen
8a15f111955190d5537419cd25c596f2,card_recharge
dd0af0f0bd0b1dc536068348e87d17f3,chat
3ccf37b6695147f63897e8c9f4ed1b93,main_screen
8ad8cb65e250ffdfcd0a7112435d19e8,credit_info
90b9b194c988306518086aba122919f1,main_screen
085e483f382d2ea623bc690f17957594,card_recharge
010a63a9e4b5fb5fa7b4a0f3f98be732,credit_info
eebc98c05c68ee1d90dfe2828c7b21dd,credit_info
18fb337af21ed30cbe2ce986e30c56e4,own_transfer
d0ae95232851d676b2c89747b13300cd,main_screen
3e0c598ef249f9a0e168fc377a3fcf40,statement
aa532ce578f9ec1612bff68936ee16bd,main_screen
7b82ecd8c948641ef14f217b5883a6e7,credit_info
5adf2103898cafe412899418b8edc190,main_screen
cd94b5ee24e41942c8da328357cfd878,main_screen
6c119a8aad6b4720d504241ba0867add,credit_info
e67e6a55db9afe37806c1bb5035a837f,main_screen
a868ef6a2a65e9953b05c147e5706154,credit_info
b20ea8d56d162df1376da7745cbdb5e3,main_screen
47d6c38108e7a7e0dbb35ff1f33b5da0,credit_info
8926cb1d1b1a2494b09fc32c4e84976d,main_screen
1fcdd709f978dc68548aa93dd537d668,statement
c8c5edf2fbcfb0876c7d508f3870c934,chat
6af0dc9f98e6a70ba951c59a11ce7b5b,main_screen
59a048d4d0c9d16037608216d69c1a4f,main_screen
146376362ec3c87573626d19e827d954,credit_info
a3a1ed1a4ddbc105f206b9db3f32667f,main_screen
99f7fe700cce2746810b47da7f1dbebc,main_screen
0bb581d9182318e88b28a0389eda543f,statement
7f8afc850bdf094e19ff4f2701b23c16,credit_info
36a87b88023567181b3c62e523a7ada5,main_screen
7a4aecaab9824dc330f96692f2d199ca,card2card_transfer
45b76b11625dbf5a0ed981bd964df65a,credit_info
c147fb03e5960988c6f21e38ce276ffd,main_screen
17bd5919da1bd1b6b3870a3c7a2e4684,own_transfer
a17583d844587b64443f7c30ecb17a61,main_screen
64945623d7384ba50b29a5b020e0917b,credit_info
752dba7e739eee97fad32572b57e9b63,main_screen
9515df564130c00b7993a28571bb2df6,main_screen
70855b388b726e4e091101563dde0848,main_screen
26cb32ea5ad719e4ca90caffc947bd56,statement
6a3f2bf80ce12456df8db8e034343bbd,chat
5aef14608a914e7148f407ad7a2b4d36,main_screen
26ada987e3e936fc9b2b97729e9ba586,statement
9738f454e5f34c9b543239d52a015f41,main_screen
24670aae604e74cd17cfa7d899d82d3c,credit_info
a2bfb8bcf408a2fc3d31c86b5c4067ce,main_screen
92601511633f1dbe4462e49ed77cbc31,main_screen
12432359edef081bca9ee3580d99546a,main_screen
da15f502dedb2dc6a1b7166e86712551,main_screen
731e3c7ddc3e4426bc6feb7819696818,main_screen
2788d648698eb40046fde205b6c162c3,mobile_recharge
2b283b91b38c83ff1c3f40ddb720b0a7,credit_info
c682e1891efb57a50b3edcca4e5eeb0c,main_screen
400b1cc23c8ce92012b76b39ff321217,chat
3230d24faf894ae220d5a651cbdf82e5,main_screen
0253d63b7547c2115a17fccb5b247be5,main_screen
475d4cf2516ad083ac3eb33aba5fb88e,card2card_transfer
bbf7aecf5707a3a23c60a7e6ffd68f8f,main_screen
10c3e6b2a68b83c01cffc1b412acd49e,main_screen
f9ee67ea6d6d6b0ce62bf48156dd0655,mobile_recharge
30d3aa5bd63cb4f43e63ad08cc061933,main_screen
a16c94dbfeb621855f392445ab56a9eb,statement
6f1f701def03bdcb860e47e01cf52171,credit_info
1b66c34081eeb054d36aa6fd0f997e94,statement
ccc6cdc7eb7acb8492c797c81ab6b937,own_transfer
764412bd1e260f1bb21852980aaea6c4,statement
474d4870a2d12a9a9c6787022a18a2ea,main_screen
8a4a4415bf659f47bd116c02aeb2c446,card_recharge
fdd826fa96cc9681b0c2ad1a5f033398,credit_info
c35be256acd91d01ec67c697b5f3a472,credit_info
d87e26ece68cd98c63387b4c8bef4fe4,mobile_recharge
65c41955af253870a78f47db96fa5f06,phone_money_transfer
d924b5f91862613119dbe78ba5dcc9e6,own_transfer
5e385920bedbb7ec3bf6d7ff3c7dd180,main_screen
05c40a98dd93fe97fb469082513f18d4,main_screen
3eab001668f20d53b8079a0c66f07306,card_recharge
1f67063bc8c0f260c23a8c0b80d9fc11,phone_money_transfer
5272625413000977d72a00018e1f110c,main_screen
dd8611d5c83e864208814ee54ff192a8,main_screen
abc5330cb656c9605bcec98b17fecb75,main_screen
20387a6eeeb46f85c9608e0559703afc,main_screen
4014e70c7d455e314ec393f781667f38,main_screen
fd0ea3ebcc84b73a226e8e62e207800f,main_screen
a075fee613fd503983274bc290b88346,main_screen
f25497e581980ac9d6f9668e508a031f,invest
44ebaae4295225181776bd3b05e586b0,phone_money_transfer
071d6e081db3b180d65269e64bcbf2ff,main_screen
740883018543f6905d917c3f7ff13045,statement
12bd6000b032c7e2d19a4945c4203309,credit_info
8d433eeb77000d649fbd8c276c5e8ada,main_screen
25baf5397f56fc3bc0b0a4f08ecdcc9f,credit_info
287ff551e7621561ed331682467f4b5f,credit_info
480973df3a9faa0ae2c68c1951631ce6,chat
1e28f4c8576ae87330fb8d56b701bf21,main_screen
57fd73be6e6187a6f74ec31693adc360,credit_info
bf538769d8912446d90a023be4b31f2a,chat
61716660cbfdfece020b290249098ecc,main_screen
8dbc76eca2f19ea0a7390f87bf115e3b,main_screen
838757b25888554f842987b48f748985,main_screen
116982b8fd7fc4163d870028d3432cad,invest
b01a77236df802c87fa17285f3f20c03,card_recharge
3778ef617ac08432ae406c869861d885,main_screen
62f36758510210ca8938d4760afc6338,main_screen
a14c3786911e206bf38b92acb6b4693c,mobile_recharge
45d547f3e120eee9527b9ec9d680bb82,mobile_recharge
56e90893ae6c5316aa2a5b0353505725,statement
c0511edbfd23610f536c6a5762653f36,main_screen
0b9b5f058992ac0ff2c892b8f456659a,statement
afb79acd3cbf1e4119045cb2c7cdf504,own_transfer
7c05a10ede5d734faab573c5829ff79d,credit_info
99321ee90fd0893c76a673f0cd278eb8,card2card_transfer
d6c0e85ce6d2a615e6adeb31daaaa4a3,card2card_transfer
626b1dacc4ade3dc27c7d6ff97c9bf74,statement
2053ee2596e045233da57176eb8f74eb,own_transfer
0f7ab3518f29bc5a81c35f4228d7e635,card_recharge
c672f6cac07ace593151800c1c8bbdc9,credit_info
493defdaa2d23c4aa49fe8ebfe33240c,statement
d141d322bdc3a55908369737e7f41c77,main_screen
faee3b2550fe8b6a66d516572533feff,statement
f93eaa35a586f5e03fb7c73d32d5052c,main_screen
d1aee8cf2517ece844cd25c706609ab6,main_screen
16525ffcee49d5529204850e0c261de0,phone_money_transfer
8f252a1aea108dbd89eaa950a92fe3d2,main_screen
b043a5fa6bc9785176b515aa2058183b,main_screen
df037d693e4774b6679296ccdfe2f6ed,main_screen
71b60f884af375ff51c31e4563e120ca,main_screen
33d256dad8cae9715694c82466fafb2e,card2card_transfer
c0d50c197a7e88fc09e507b30d9451aa,main_screen
d3da4efc54e15ef611ae438091f2b5fd,main_screen
ea1b237c71e932985ae0ae6252c223e7,main_screen
675e47e7aca5dd41d62293fe59ee6eef,main_screen
6623afc113c68eae52f9c9ee113875c7,credit_info
c2e878e33bd92d591c520f64d7ba7956,mobile_recharge
91290c0caa3172be573dede6a9ef473f,main_screen
8717780519ae69567f5ea462c973f454,mobile_recharge
954b77235427c332217ab9ab39a44dbc,main_screen
6bd9580ced36ecd75c628bd963e2f7ce,phone_money_transfer
de666ccca88d5c10d9f10e9f929f66d9,main_screen
8304e19478d2ef22694427ae1f5485c2,statement
cc67b260b1eb6da830581835275e7565,credit_info
4e0c17f2b5671130141e9da7c67d0c0f,own_transfer
7d212b917d4a74df3c417f8207354c04,statement
cadae0836c86762d22004f67cf020332,card_recharge
cec64e19c8ffbe75c01f6cdf8cdabb80,main_screen
c805ed0567a34cf2dd1c9f6c7d266a1c,main_screen
97deac581ab077b70edc9ecbd1f9744b,statement
7b13cf269de4a3f2ed1a039535888d6f,chat
362321c916d068d897672c684dfbe356,main_screen
4c72e913ba4c290d4b9721a7ba756c00,credit_info
b4642975e4bff5e541df5cadcdfeef7b,credit_info
b372f972192e08d02b85b9a206053ce5,main_screen
ae19656a0c6e10bfec1465ad51a633f7,main_screen
492e5db826940529b855f238f3f6c188,main_screen
9c11c8f996b95f01067b7228858726bc,main_screen
8ea6e181b70ce76a0ad0ebd9645b9162,mobile_recharge
3535e16d389ac3f989d165b907c8cab3,credit_info
5f654156a4ad14d9ff2d123c4c742fbd,main_screen
983ab2b6e39a24d1fdae8a6b083af3c6,mobile_recharge
cda271bb5e662ec4e1da77229f3dae67,main_screen
b103bb6e25b9a673bff408031daa0112,main_screen
dce51712ba6a92bde9d0d93228b95b6c,main_screen
e9889e5e8a26f50598152ab14c8af6fc,own_transfer
9a4e9ca0a9c79797c42e4c5b324642e5,own_transfer
2d1fd4b016e7c9d933bc47b00a4d1efa,chat
e0deb94009e5742a2c8bfde064ca6626,main_screen
8f11c163ceb9f8a681f901d167fb2823,main_screen
4f88234dce93e0db76078ed671becc53,main_screen
43998b1674d2ea275aa7f813cb21eca5,main_screen
932acf46f6397c8226b360ab175a066b,credit_info
3863439f48c816b7940ebcc2445ab379,statement
d0e983b067983bc8c4c365a5c6f72247,main_screen
0218eab0346fb895c4fd427f2fb07adc,main_screen
54f6ebc34496554c27baea9ce9265fa7,card_recharge
6c6a9917cded3bb27dde15955c48f926,own_transfer
38c7678a55cabb9658bf404d5c035156,statement
6c07fd1fedbf13b6b0597e278d9d3c73,main_screen
783f4e86e130f0278234e2d79aaf9b06,credit_info
2bcd5b707f8ee47460883b593ca26e4a,credit_info
c1c2b84ba638e53426135d10cac784b7,chat
66b42c8ccab02277bb00d411e4b74a8e,credit_info
90d661e85eb50d14d1b0c1b2bc68b4d1,statement
2314cce531098a141c351d6af539428b,own_transfer
fed749b35ffed283cba07bd442899f72,main_screen
a3493854000e62f9c13b797f64873a8c,main_screen
b114eb46858ff01ebf0b61c985fa1c4d,own_transfer
72388cfb59cf9b1ed5a22851b63da45c,main_screen
7a3dd614e81a3d0bcffc9e177f41c715,main_screen
b426db1e5771cd45bf1b3046ef27d4fa,chat
9c4cdcf54bac70621ed3b9140b046b1d,main_screen
482164df9b3fba037956670ba48dab00,credit_info
25b4207ace97a0cc6e9f4ccebe0b28b5,phone_money_transfer
847eddeddf120a5717709972998ab38b,statement
2224a7228dc8c918aec88ea53ed2c2c9,card_recharge
ce2becdabfebddb582765558e17b3251,credit_info
f6b2e4d9fe6c55479892531468cfcb05,main_screen
e3fc247d6d5a97b6037b54a1e75a6dea,own_transfer
2c2b3a21f5eb25c7e005d7bce09cffa8,credit_info
3dc00631220fe8c740339c29301d50db,credit_info
1f1f77607935bb96d45ba95efc7fcb33,main_screen
a516e6739364ce6f0028722525f6a880,main_screen
7ea227d8e1331dab158dee737d20f7f3,main_screen
ee9172e98ef838c452955b6af444c86c,main_screen
e5ccf02e4ba232ce6ebd0957ec969f1a,main_screen
3ca0399276b578e617cadbafc5c950e7,main_screen
42286bfdb7ea4ff5fcc4b9980a890f55,own_transfer
b6b37e09915218d916567822b487f0d6,main_screen
5c79b827c389634aa5aa29f1b04aa7f5,mobile_recharge
b44db2010a7eb7793e8ee1288413005a,chat
ab54bf83fd871838895bd5a3e3d8df3b,main_screen
b90e847c4ae8ca9136f2dda22efd4947,main_screen
c7b0f12dee541601b51383953d40718e,main_screen
f26abe62e72f01029e396ed34983859f,chat
55e36a11d1de0114ac3652707058580c,main_screen
ed118c9c2abcd9c5d03f5ab5dd2b69c4,main_screen
42caa1b5ef8525e052abf3ce317180ab,phone_money_transfer
8671100d78940087e3b108417656a518,card2card_transfer
004baa6e7b0f8dc41f766a535a1a0772,main_screen
9a73b0cbc1974cc93a12d728dac620b1,credit_info
b9b964ee73a9c94e6423e80b80cedb6e,main_screen
c0c077620d0b9b2872a8246bd3fde282,own_transfer
f0390bac2c0ce75f143c293bdb774a8f,statement
09f2ff0cf650450e56853d7a09d3c55f,main_screen
c6d20ba1a2a2e20516f62cf89df6d79f,main_screen
6efa40794ad4c5578231eb157fc086eb,statement
db95e851d59aaa03925cd7447a188b6f,chat
4f1c6cb2df562bb610b5de6de42f3ed4,main_screen
6b771732659c639a2f020c970cb62f91,credit_info
c4358f5ce1fea9d666cf9333ec3010d5,main_screen
5766e3c2292fd4e0ce1a97a9b66245cb,statement
18902096a2ea1e06900cb69804fc1d02,statement
ef966ad0840dfdcfc190a2a901e65e5c,main_screen
3b8fc83c2a30291e6ea5c65f1e970df8,mobile_recharge
c6a97bb3765a02e58473353f35203fca,mobile_recharge
a2c047cbba8c398276c902be8ac866d5,statement
1b8c479feb861226de720e2b1d65836f,main_screen
855be582ad601afdb40e79ba51606a0d,main_screen
9d8799e3f6ed7ad658b3f09cc16ec1a7,main_screen
39d286e6e83b39d45b77cc4551b5fe17,card2card_transfer
cc49e34d135cda66c23c0d8059e7da34,main_screen
c7d35cfba2bb2536e727dbdad38022c9,chat
1309704b3a6f4b89ddd621a8c9aed0fb,invest
7123c858f84699715228687fa903eb93,main_screen
a8cb267b9b3f119c45e979808282cf3e,chat
27552c0278940073050beb764b3310d4,credit_info
7f32d11936d1fca71b1832da511b21cc,statement
a6b6760fcbb0986001fee017e940344c,statement
c8edf08e29a8037ed7358523179d0970,credit_info
a727626335c9c5c3b29691a965c58102,invest
2fb31f73dd0079daab7a3cd299effa12,main_screen
c847d630723ad3304e6de4ddb5168a2d,main_screen
c91ed4c8da0acb2f1723efde59fb5e49,main_screen
a81d36044041ddeee3545da7b9ec8609,credit_info
4f90e1f18708bc8d44e463089a5a9ffe,own_transfer
438a35ec5b5306fb067ea9fe5247b2b0,statement
f45843d8050f4535e7b5af767cfcceab,statement
68623b33a7f2bf63e7ba6d2e66a77d54,main_screen
ff1133364bd9eed0dd960ba368f22756,main_screen
a38a62bfbf8cd100e1a4c08fede1173a,main_screen
e6ced332c54d1dbe78bc3adf2c90ada1,credit_info
53f5f59e84793c8798ac98439205410a,credit_info
b627c70c149b4a89b314de8961526594,credit_info
a494eb73811317996401b686c15df0e1,main_screen
ffd6509b75b636e261fed14123437710,main_screen
de139e887baf5860fd07bef6d701cb3d,main_screen
1cc874fb19d705180ced4637e57bb7c6,main_screen
d3e2e59b3dc53a46f19bcb1189c584fd,statement
4efcc8bbcc3e959adc2739b6cba02f83,credit_info
7c104e4b2b0ec3233bf6d8143c6853a2,credit_info
0cfcc3eea99154fb620e3779a71bc806,main_screen
34553522a1569cc8cbbc8c6311c7e046,main_screen
7e8e16839b014e0bb3f769f75021a79d,main_screen
ae13b719f26b1535e3debd339224cc86,credit_info
d2a0d5bb521b81fb019dcc6353812aa5,main_screen
17383456f914e7c2eb9c11c7b458bbdd,main_screen
bc878feb914c4d14d96a6e5359a22f6e,main_screen
d12275d317d032f6c6924bfdd5a8d770,chat
e094a28be86cdc760a51610033b24196,credit_info
db0dbca11ca38faaf2eaa194cd6682ae,main_screen
46dcdca66aad26986a4fb709932640d4,main_screen
d9c23fbb6598145ffbba7dda2c490b57,statement
c8b84b6d629695405cbff7506bcbeeae,main_screen
935d5b409ee26151e82a8d0a1fa9035a,card2card_transfer
9dae2147a0eb81f2a79e66da5f0cc635,card_recharge
f7023cf4d69e4ccd94e259153400e7cb,main_screen
efed98c991c8c9aa446c0bafc202151d,mobile_recharge
1b8565b6c69f25fe96feb800036908d7,statement
8001bbec6b9401c1e08e1abddd29e58d,main_screen
0ee73582dce94a929e3ceadd177a2476,credit_info
feb339afccb52a4a9a21f7a67b99e967,statement
43a4df8d6684472d82ccee246988e11f,mobile_recharge
99bb5272a744d23016bd82e98ac7d09a,main_screen
e0f1ff32d55af9b0b70466da720b5753,statement
6a0e4d38407a381800b1662a8a7ffc17,statement
53312467f78fcc2429e73b1df69a4c28,own_transfer
48c10a3c6eeffb3efc3ae9f2179b0785,statement
16d21ea15cdfe96c8f7381e3d969b854,main_screen
dc58ef786a29d9954e50d62cc2925bd3,card_recharge
98d193ae1597614b6c4ae8480ada848d,mobile_recharge
00754e33a05d877d5a3c2668bc7dc6fa,card2card_transfer
17ee4977a843b6b1046cfc5928401f11,own_transfer
6eae7d6c36730a95317fe0edc7d9b206,main_screen
db15eafe6f3be2c7daf5640d779fbb15,main_screen
21be38b902fbe7485108bfa4f8bf323d,main_screen
dfaa92fa77f9f74d9648735305a4d662,mobile_recharge
23720b5b83802d87f34345706bcf48bb,credit_info
434fae0f6ea47fc4aa4a63f7c1270f2d,main_screen
3a23be7cc738c45c08039eb92bb51918,statement
a6a1e70c7dd8059ea2f7b5d62c786a56,statement
6e7ee3b717bcb5ed05a162786f14406d,card_recharge
ef29a1d5937581a4e291c389a00bfd63,main_screen
32e43dfafa83221bd31d730190a7d7a9,main_screen
ee596526a66423b8e4bd45f95f2d0d8c,own_transfer
f3953840fd548acad8c858b488d2a241,main_screen
2953e5d196c449f01bfbcf221ee433b1,main_screen
19ee4590ed212580714b98d5c55a2810,statement
d987ace26d26e8a4fa52e10ebbc42a75,main_screen
384ac8da15e392c3c2b2a154ec04f7ca,credit_info
0cb00d3b194f0128574d38fa915779ff,credit_info
d80db1391602687bc1e2cb1c707a60ae,main_screen
abccd8846633febc17808e896843e9d3,mobile_recharge
c25a1bec62232a4b658f24812dc6b05c,statement
d87c4be9e1947595f59fc0505d3dc8d5,statement
5834a97982cbbb78680fda90701e3fef,main_screen
26749a09e55adb52da26845e13efc99d,own_transfer
e5cd024981653e322dd908600e575d66,main_screen
613f30a4dd459b7bce2986a31f8e90b9,card2card_transfer
412c45e096abeef3aecaaa5b004fc849,main_screen
222a1a079187f21d39dd0641a28deeb9,main_screen
ebac8a4dedeb3aef4c3b302c8b822cf6,statement
4e0e76d6c1b4ab396145ffba4ed66477,chat
fb3da399ade32b1d25cbc5224f66afd1,main_screen
3e4230e6a5b73d0f5a349097098a4ff8,main_screen
60e3f88e6fd1da989730356ed1520278,main_screen
acc30ad66bbc35dac56f01bcec206f95,main_screen
ed5b4dfc86528b5f3ef83b7210781062,main_screen
efe189abf3a28d8d9a3333e1b2e745f7,main_screen
6319c6ca99e5792502c5348481b49406,mobile_recharge
48406a339efc24d7cbfb87bc151fdf14,main_screen
4b26913b790de95f851dd30f265e9b39,main_screen
a037313196f0e0aa2e0184e568f85d2f,card_recharge
cbdcc2d16560e22da55c1c2edad3dda2,card2card_transfer
ecf0bf4b6f27a9e3ee72b5adae9c0eb6,main_screen
1035be89d384f74049ec53177dd1488d,main_screen
42b471549789f83943e63d341fd87d0c,main_screen
489c495144c7a658b5923436358f0822,chat
f92f34a98657ffd31d95014e81d7cefc,mobile_recharge
7892795b6579f0d4974412474146a0a3,credit_info
9ffd37641f16cf2fc64cecb28dfa10bd,main_screen
85003cd86d362c961bb9494fd152f2c7,credit_info
f18b8edd78cf285c3009fd0374b409ae,own_transfer
a866d9d5e5bf8437b11ff9debb9f5dc5,credit_info
eedd3a6dc8d7358f1894184614a7ef30,card_recharge
7b5e7cdae0cfb512789fd952a1751497,main_screen
74154f4ab4f0246c0c925d1053986792,statement
2a68ada5c5ee8706a4a7e8b15c6bdb95,card2card_transfer
9a19adba03dea9f6f6431de9182d738d,card_recharge
d8e3fb8fb0e0d7ce64282d812de68aa0,phone_money_transfer
32d150b391ec91f33b1fa8c14cb94330,statement
efba09e24877c4bea56a1f25d12c94ec,main_screen
1d7196c4835523a91752b36aed15d39e,mobile_recharge
042277eb70e38cb87ef669e81699f368,main_screen
4bd412bda080c426bc6000964367780f,main_screen
435578dd9e6875e1ab813c829cd7b9c0,main_screen
c83886a5fcf54f7569b2697db2dedd09,main_screen
2d61b34587e26137d6a6c58385a1b81b,own_transfer
79a3f05bb6d3f9faeef95556efde0c38,main_screen
8425585b62758bdffd4d06659fecca46,statement
2429c750dfcbc8d4c1fa85a2f4438a23,main_screen
ea971c46132a8feda78c8ea56f4883a4,card_recharge
138d125314cbb4fb5321416b78df74b3,main_screen
2c4e4891e42c01fba367b4e4175be0fb,statement
69debb90390bef43d9807d00a9db2dce,own_transfer
684ad87b6ac44a0ba205a3f136f9508c,main_screen
fc6d451c8fd1a83d61e4745a09fafe4f,main_screen
6c4f1f94487baac83cba19c4ef12158c,credit_info
218befde3449e00fbb330c87908d9a38,main_screen
be6dba64348777a2571b08defce13aad,credit_info
8c3b73213a8b32e4bde5fb38f703c18f,card_recharge
7046d8a0c0b79f684da7453fa4fca1ae,own_transfer
639af70053ba6800bb29556bf4ad8388,main_screen
27ef07cb155cb09db460a8afbc89a4a4,chat
7fbc759f23194154c77bf0315c4da136,statement
bc4794ba9035024f3c186fea2820a7c6,main_screen
472a509112aa636d9f7d0ae6847b62d9,main_screen
268d8e84e968b4c9c8874b789b93293d,chat
442e00b3cd5b82ccf4aa98bf3876f738,main_screen
848971ab4b2fcefd5309dd82514e4e95,main_screen
f0fd3bcacb7ab1b16f86184edf4295b0,chat
35c41b5d572784945e1554f30355b1ff,main_screen
3615a089b046f43b92b4aa74b68ee09c,credit_info
0d9f85b9cd34f0688cf6e883b67ec8e1,statement
295fb8262e30cccf9f8fa05fc525f549,credit_info
bbf5316975389917cc407bed9ea035bb,main_screen
71c6e916152a650489cdc5883478d488,statement
c1e1bfbc2d7e6de5d5fa17b3000c39cf,credit_info
5c5ef89f91f67366c8b8843c8ab942e2,main_screen
182bc1f51564bfe4c17ec6238107747e,credit_info
e0e4ba014ee1617571f9b860f35a2ee5,main_screen
72424e7e19ffd46eb13c319f2c07b91d,phone_money_transfer
17dee19fe753c63a38167ed3ddf438a1,credit_info
9ccd37b66b5f8d113b523c2b6f36b808,credit_info
de117899dfeb752ba2ce71c5a2f40067,statement
3ba2ec39a959651db0323357d7eea411,main_screen
a951164ca778b60ad0e250dd374af23d,credit_info
7ea11b4e58486304fc94b47a80e944fe,own_transfer
8801eee840264377bb8f8bec7e114121,credit_info
802c477def3e2683265fe25046f87d77,statement
066cad0a8a0455b8f93abb6dff1d5983,main_screen
80a4f61ddc2505eb201ae1e80a11e425,main_screen
00bba369f21f652ff82e605b31a49b93,main_screen
42cc1eddc5e743cfc1747c2a7501ad93,main_screen
24eb3e74bcf39d707cce0a94ee40e41c,credit_info
2ffbee5144e77b8c696c926f03bec65c,statement
ebdde871443a82a960510eb22625aea7,main_screen
0844c7be5a6856980e208ef206107f41,main_screen
7b74a1a727a52255e2396a467a4be270,statement
12133cdf739eb26f24858746dc0b7e94,main_screen
74ab83423045e9f251876b486f01c404,main_screen
4deac5dfdcde739ddac05ad0c5224ada,credit_info
d5b853b6617e9adafa28bf52d21bacfd,main_screen
5bbfe3c017aa45bc3ba013c1a696522e,credit_info
5109266b003de46b03498523f97c9b1a,credit_info
e6b9a67afeeaeebe588f4cbcfc081f4a,main_screen
3ad99117d5648d0e8f6bc673dc6e8830,statement
388ba12f4ff8ecf67361a30a31172423,credit_info
e753fc4caac8580780e8457d705f6138,own_transfer
1bf5467596e83eeaaff53124eafbb9a8,main_screen
8b06dd2691e02edb40474d7ba064b034,chat
b932dd612d551594247b9fd811852c34,main_screen
36ea098d34f26272321260f194b4acf8,main_screen
bb7ef9d967d235f2cca2c5a39d2fd3f3,credit_info
8b5ffa6bc0ce3372b5eae14873e5d3b6,main_screen
9b042a7f20b687a777c04825a5a1b045,statement
f2558cff2aa8c6e1db541ed3b70e3f7c,main_screen
4c2f8264743be22b314dddf4fa91a27f,credit_info
a3aa34bc8ff6c4413dae7413dd98ec66,main_screen
705ac79f737c455cb0ba76f9ac8414c5,main_screen
906e782d8e928c61b702d3f5ed3bbc10,card_recharge
7f50a0db63ab773fa53d7fc6c3577e65,credit_info
27adc0e7cc6fa93c9039d95439ca2384,main_screen
78afd388b227490004f5b181a11259df,main_screen
9fe1b96c20246bf36df097dc46dc0234,credit_info
df18bdd52f903d0979ccbaf0d4c76557,main_screen
0680d083a0c702ce8487342d7ee37ed9,main_screen
cdd157756a74756c728475e43582b03b,credit_info
cf88bce180e927db6ab49198a407b7b8,main_screen
31ed978e910f45553aa40dc4da7c4e7c,phone_money_transfer
fc94a6ed8c9038177c193ddc5b742aaa,own_transfer
13408342644d4f22c664350b6b01d955,mobile_recharge
3c3733b641b890242133e7dca88e70a8,main_screen
3adfca5c130744425309220bc9fcf253,main_screen
315410bef64ca7c68265bed74e3575e4,main_screen
17b4918b7c0c02ec17bbb637c84ea650,main_screen
fb0eaf011abd327b52c0c7f929bc6254,main_screen
e62a5e909ec389f0bc0be3026c93b89e,main_screen
9015730672a891db9e0aee41c1923244,card_recharge
db2fe2991b45822abe1b23c6193a1785,main_screen
275f31edfe6e35278b59c2456cdbfb1b,credit_info
d9af7388a5aca222bd3b2394ff409d8b,main_screen
b5b135ed99a7392993e5384ad3f24ebf,main_screen
ea1c043be9aea0cf4c82f80c1c457e75,phone_money_transfer
9c58c2f1c53e1b272557d8e48628eca8,own_transfer
41873618e55a2e692784b84f8c99e9a7,main_screen
ca8ee3e52b7d5a4761df83405c2f44e7,main_screen
c2fced8787e8acd27d4e4a167b2e887e,main_screen
81455ff4bf683d80189f808b551a68e9,main_screen
48332aaa24a9ead5fd696353acce6cb1,main_screen
5d7ba37870674daf1f9a2f6ed586dfa0,statement
6653a853fa15f0e13e75e8fd96a2f574,card_recharge
0249b2a6d268a60de254557ce891a84c,statement
7e5c39b43a7bf2b37f59a63029cf11c8,mobile_recharge
b1ed3208c56030488affeb864bdb9fe5,chat
6f7845a35d487ca7ca47e7a482a22400,main_screen
9a7184e69d21f413067c3fbd3a21575d,credit_info
bbbfb67cc90cae9ff0d546d91e7000f1,main_screen
af913920ac97dfe7bee5dd917de48b58,main_screen
7e1113ac484d254aac6c3ff96259b375,main_screen
b2295b04e94b0ee8c13354db367bbe6a,main_screen
1fad3c3f478cc195c91ab6bd8b4a551c,main_screen
462eb2f26264fad1b467988d56ade109,main_screen
d473a6bc493e13b151511c7dcabe393c,credit_info
9e3c6af54fcebeeb46e39a5bf5db04c2,main_screen
f209eae676311405cc8607732ed4bc76,main_screen
2fb31f34beb72a0db7c4f2ff56399e0a,statement
96c6d0ad4f95d14a8edded43061f2dc3,credit_info
958f3a85e707e9daabd4de4be4535d55,main_screen
27246b7a721369682d4a21d4895763ad,chat
2cfb790ee034dfca37ca0ae47c20dc91,statement
15585b32161b7b3ad7078e2e174eb679,credit_info
3550e25e0ff61c75635b483d00e3a6b6,main_screen
eb219e9565e10a22aea387de78051dc1,main_screen
596ea30d060d0082e4b96363329fc5d4,main_screen
055ccfb8430b895dac42d44ac9139c0b,main_screen
2270e0ae7874e2cf85a5113ab6f5eea2,main_screen
85380e42eb3eecd64cc0c88d1864f39d,main_screen
27155691f7920cd392ac37d3f2fae392,main_screen
ba075e06f4d568e6aca9f3572a74569d,main_screen
b9e224ce41cde8ec811aaa28f1fa48f5,credit_info
d97b2188d22e70c86f5feaac5e3dbda1,main_screen
fe74684dd34645708c37996236c2e319,own_transfer
6f4d765049ed9239cf75d7b2d56b1bfa,statement
70189e57a0f994bc23798395c143aa1b,main_screen
15615d0ad2003d3a01ac1856fa90dd80,phone_money_transfer
67c00acbff5135245f43462018d9b950,statement
26426acc9a468b374e8832a49164a312,main_screen
b494c2d329275fc9f52ffbcec4f31d79,credit_info
9772224ef4b53f9532daf3177ad72bd3,card_recharge
63874ad1fbe375616367b93cfc20c3ea,main_screen
547a62d5b4af86183cd1dc935d41ef19,main_screen
7bd297d21068388beedcc6d896941524,main_screen
533714e959804f9f5d75e70b9ac54b47,main_screen
80d8619306af99b49b73e0547a9366b5,main_screen
4237b6e2af525ae67e725e2f6eacba24,main_screen
3239d437b3907d5a1877bd45330e8aa9,credit_info
fa8e1d260e397b64f7ba7f416443d1a9,main_screen
da1c58d49672783d5d0e623e595ab187,main_screen
fee4293ff8a60f5d9bdcde839d0ead5c,main_screen
5a7be6c9e606f73809dae67127ed3c3e,main_screen
6b0096913ff164563fa56ec8042c71d5,credit_info
2067c5c8ca985c6bae702d2b54c54448,statement
d8471208ea1bdfa22783152fbc5bcb8a,chat
2c1eea5e8bd8bf4ccabcf10d605c3a9d,main_screen
087da4550cea7362a9eb5e662d3fdfe1,main_screen
da0a0ad6cf9e5ab82de10e8c4ac26cd0,main_screen
fa390db9f7211d4ba13faedd30cc8dca,main_screen
20694023b675a942c9c8a8f517a09d1f,main_screen
43b0430f93b3a58e9a57dad24aee2e27,main_screen
7552d363f5ef0e48d30ec0e874998dbb,main_screen
7f38b121616af9a8e70b4c2b0c275fd6,main_screen
c386f429c22ebb9d85e34ac19565292d,main_screen
f00744e85697b30bb1d108baa79e1940,main_screen
e547924735e161339750f38a821fa4b4,credit_info
292ded42e3b5d0b0801737df788fd490,main_screen
ce9cfc8ca8d639cd505f93ac6d1b948e,main_screen
2ff7fcf62d6ef0daf626e3439a84ece8,mobile_recharge
61fd051af254f47bbeef463e9baeaf98,credit_info
cb2c71cefa8b9ee23db029e8d5c29188,main_screen
55b01ce4486a7eafd75bb5579bba3ec9,main_screen
bd884ae49a55660d1019e8f9f6ca4756,mobile_recharge
61922b703aa1c6a9a4e82c2b2335146a,main_screen
d76e822b084ff06dfd4d01b64a47eafb,main_screen
c3e80a98d8219641d783d1ff6b332932,phone_money_transfer
84d3ac560822bd4bbf88066240eac24e,main_screen
daee5e207682d5797c8d5cd0ccbbc394,main_screen
b97df6d97c6fd8c48d74d31ab0aed3bf,main_screen
1046aa3d17a933a7bf44d83092e33152,main_screen
1b5d6016848e1510b7c7dedb7d8c477b,credit_info
64beb043489100efd8ca02928330b5f2,main_screen
d5e577a58e29c85623843d75f94828af,main_screen
bd65791b575d53f3ce65e71682af5435,chat
9c6f5ac3c3d974c802ee806deaaf6731,chat
51871598d1eac1ae5366ebf983394b98,credit_info
917ec62c6a4c8d3cbe0f1514ea1c106d,main_screen
aa09aaf9db6c6d96858f841a778c09e5,main_screen
d0d7d18b54563529c5003cacce773e88,main_screen
1908a81070a222cd259fdf55d26d8cb3,main_screen
245615ccae718139cafbfa3eb384c0a7,main_screen
f80c2f77549c96b994155065eb906c87,statement
c86f339e8de53b0bdc377f38e0cb0771,main_screen
a28545a41ee3abf27a8ff73bc2b84cdd,main_screen
1abde06465a686d106e21f55217d3fdc,credit_info
bbdffa9d31d5fbb39a3e0e4a932d40af,main_screen
332f1ced0c651ca029ea66aea5b3810d,main_screen
e5d5f914198522f65a54bd5a5b2f04f9,main_screen
a039813387a758d4d1b75c659ea5cc15,credit_info
a5694a5dfe4d4f677052ca9f1c06c5b5,own_transfer
c597b98da35850c8d6fb8c1241595a36,main_screen
eb4e838c59e9f4ed122e61ebfb1692b2,main_screen
d2d2f142f9b1c6c1e14c227347c433d3,main_screen
18acf3f63bd8a4f26f2f0abaaaf32368,credit_info
61927d5f3d3e5a86ee5452391f40a775,main_screen
69282c650ffbfa51ada9e65e1677428b,phone_money_transfer
035008ebf49e3963e9acb6c79b15c63c,credit_info
3764280d0c149c2e787a1bb33123beb6,main_screen
396c574111943c58f60562f037aa5250,main_screen
dfd27e3fd6385478536b95e1a133b0c1,main_screen
b04e6412168a2c88769fbcf4d38c868d,main_screen
803bc3a1f8c7ea5026f3750370e18dab,main_screen
e71e87453a78a8f14b877543b522b9fd,chat
9ebecad54d3e0e36cab1bf6de3fb0c5b,statement
0112d149fc1d5ec8f61dd5ac359cdece,main_screen
8401c4d169791c60a57d732e18c1bef6,phone_money_transfer
aba636ed5d06c5b9e3ed7f64e7252389,main_screen
ec86a495ab0cf5600ee0fb4d2f45edff,credit_info
56bc1b943b2bd3baebdd9f4d39d135b9,main_screen
a1cfc53e284e2810c4fe3ccca4301e6e,credit_info
2f7feb03f6530140400045381af53561,statement
fbf636b641030f57556e551b348d0485,main_screen
dc5b60462906c8e63430fbc83d0694e9,statement
c489c45eaff1c2cbf894ff59e9255be0,main_screen
76df435e3b696d07e8260cb7772d7ecf,credit_info
0fccb01e3666377197b7c7440d749a58,main_screen
2f8b5646f8159127a642f2870be52477,statement
87a9004e53c62ee2f51404e8acfeee7f,credit_info
ea85cb314a8b6021ecf223bb827ab2b4,statement
7aabd299d88b6e942a3f883c9ebe9150,credit_info
05947b0d66fc2afe98b5c9eb53a0ec82,credit_info
c4a9072b0b89eba5955531ccd1ae99bb,credit_info
b129099612672c795e138f8dfcdfdbdd,invest
b26f61356a73d338f0290b2f72b12c31,main_screen
1bed2716cc7fe89676bd9cb16cb4e215,statement
caab80dfa77b72f1f37d0da426e639fc,main_screen
4570b9df5d26d9d95486a38e3ba1eb9d,main_screen
f0ef00cd603f3a2ccb8f951071691533,main_screen
591d3b56a700e97a6c00998211c8df7f,main_screen
3ad21c7b21affc3d2286d7f93c6b756e,mobile_recharge
cc46ea8c41e4a619658df492efaee073,main_screen
d3acc1d9fc74c8ecb7584303d89b11c2,chat
e5ce9fccdd0d5deaf18279fb0cbb3093,credit_info
2b020e1721de2ceebc57edfc07ad41d2,statement
8ad3757891c28db63fcf8a9e9be4ba3f,invest
4f9925122140365799aeca9fd54ec7eb,main_screen
14c2d7c44ede357fe3535d309a5ebfc7,main_screen
88f1e4849f554b1bad0eced5debe0ca9,main_screen
c3f9bdd515bdabd30ad3bbc9e508b307,main_screen
b01a945e663552dc5455ab1c15624aa4,credit_info
0d199ec48cab8bfed3876fbe5bbb69b5,credit_info
1bc257032a869b1e9051a31ef81967dd,chat
31809e010e3984a5dad228823e97c02f,main_screen
0810bb49e9ec626e4ae335449847c2af,main_screen
3152ad3e8811454ce7d491db6c4c84a5,chat
7b5877fa1226833ac7d1912ed2b3e3d9,statement
edb96f570c2532ff3247dd7bad8fabf6,statement
4918922f49104502c5a80b167040724a,invest
bcd7d3d5bec63b6c296ba2415142120a,own_transfer
602802623f5d5b0a6efe2bcc8f38f265,statement
5d53c99e2b9eee0b38fd81ffaed9c94d,main_screen
078a9fa827e326c0e72acdd6fa2226b0,main_screen
631263ccf2c8c57652fd92edeb5da346,main_screen
40b47a199992799aece4f8db5d3d58b8,own_transfer
89e02771ed74e43be6db6de5063a37dd,main_screen
25fb3dcc81e9932edd43b344baad6135,main_screen
c688977454aaeeeddafd685c8bd644af,main_screen
dda0603768e8505a322d9a57e0e13dc2,card_recharge
c42a4eda3d310dc364ce79d9abb33409,statement
0fede5baf12fd4a7684ad82aa223c3b3,invest
b85c2a7e3b2367543c1266d33906a187,main_screen
a90ae22945e0dd5520bb76058d99264b,credit_info
03a89a8d0475b1e524ed5256446a637c,credit_info
951062af0e9aee1d88e9bc9056231e9e,credit_info
dc3b6fa52cd0aff294cea3de6285fed1,statement
1ad0148c6b0786cd8014e1a7ce63bdbc,statement
273d9efff1fd039ba6a19b3c970060a5,main_screen
c71bdda805fc58fad9ff8f46cd0ea0c7,card2card_transfer
fda46fa1e97f1525f541290442fa704e,main_screen
13c28230dfbb12ded524702827b1958c,statement
c4574c97155a460eae15161175410bc0,main_screen
16cfeae990fcb33c66b422b47849dcbe,main_screen
5cc5b6b2525b1dad73913e522c07e368,main_screen
a4aa1293e8fead0e9516e5dae0476f32,card_recharge
587f78757877fb455510d0f8c61148c5,own_transfer
1f6a5ec8b91999d5974ddb5cf8408a47,main_screen
1cc3930a22d8dd104d975b47ea0d2e5a,credit_info
e0f8d54afaca65cf429ef42cac037192,main_screen
c5e341a4bc4dabef2139a08d055c70e5,main_screen
f0502bedb0491f1d5456592733af87f6,card2card_transfer
bc5d8a232cf8b35b9f9262404a95cd79,statement
87987e461117e76ff2906455f25496ad,statement
b46ca6ae1862b60af8690cc9ce1f6f24,main_screen
92f507c25a9ea897fb2e8738a571315c,credit_info
792c7518a56a7695add004e06344dcaf,main_screen
188246f633e53218866735de2024fb8d,statement
c7252078f84c0de4fc3e8d06dd24c400,main_screen
78a4e8848eff8f1f6203cb1245b7729e,main_screen
4b9bbdee4e416bbb6a11ed99e14eef42,main_screen
8e990ebe45f4470a6c35ce8376c3163c,main_screen
1a02a11c40fb995f2b404efce4be1b3b,card_recharge
608e4eb325e7b23af454f267e76fde14,main_screen
e2d4aae3793602a79d578b537083f834,main_screen
fb64fbbcad4b1a2361360d036145adf9,card2card_transfer
83cab016e5457fa2b6e5e9b56e457750,statement
364d03d9cfd20e2c1a1893048429bacf,mobile_recharge
1915c7ed3dd78cd67ce67b69dfc9f71e,main_screen
eba90faa0a248bb6b8396835c682343a,main_screen
7291b2a77f2e8de20d7fa7b5191d142a,main_screen
81c7ce908a02fdacf9b7f49b3b3cd98d,main_screen
bdc69050e772ae2bcf317a349e1ad5bf,mobile_recharge
ab62bf5ef3571bebdb54598039ccecea,credit_info
313b2b90a2f1954619d39a82a9f0204f,main_screen
7884c4f9d2e9f9721f9c8d767da62f23,statement
d055dc0e06413701f3dbc95d192af7c7,main_screen
18f7743d332158bebc83fc17765a7cf6,main_screen
56367964b63c8fa625189e319f3d072c,main_screen
a2e443478f9c803344bb6238f6624b54,chat
ff6c5af86ea0211e2034709dc3bb785f,main_screen
ba64275576e737aef5e0ba5b0f56b6c0,statement
72d48e9395778d7b41ca198c294cd60c,statement
645f239da4bc2821e6b4094be696260b,credit_info
b032cbc7afd9c6baaf22f14caf17e83a,main_screen
400f794c3ea7c53b2289fc3d6178fae3,main_screen
c2bb6edf45b67b56abcf42e9a42c235a,main_screen
7026310e1a57aa3d449684f4d18b3be5,main_screen
c31528d4be4afb9f1fe35c99e0557431,card2card_transfer
10be6acebe26d1da50f8a268c4c597a7,card_recharge
6d5e3333558b6e7d91168dae27cfa67d,main_screen
ae55d65dc211807cd6142e78927a6fc1,main_screen
d56d9a07fe1f1b5e5ee26f0dd1dcae4b,main_screen
7586351c92a5f2661dbf72d762642e00,invest
14deedc237b2472c69331707fa0bab1b,main_screen
0c1d167a6727173ae896614a7579f5f6,main_screen
6f66f00b5fb18b2b44c55523294430a0,credit_info
00b4af55c0dce011f616ca1e6ebdfdac,statement
6084bdaa1c452bad68df7b2210b6e55b,credit_info
99a4d9218de8d2983dec934ef729fedc,statement
7d65c7c67ede85bca352015d39189723,main_screen
a015a5cd2154ed9fd51b82a95f46e1b4,own_transfer
89ce7c889d048fa73f07dcdfdf56e5ea,main_screen
3c438a6dcbcf6d8bbeef87e86a57d27f,statement
9e2630cc161b8c829d098e3712324c71,credit_info
12c37f83ccea9d3e762cbf0bd47a8c90,phone_money_transfer
ba39832470118e9666818300182f52bb,main_screen
1feb956147259e32019600c6208c4649,main_screen
ffaba45b0cef78733b58ef6d3123a020,main_screen
e05c4898eda69698939ae505e69a43fc,statement
b12c2bf14a1323f10d4c43f36930f7ef,main_screen
ebacfb532dcc96f0357ae098c21020af,credit_info
13f253abebda94c00e73f6ff294f7146,credit_info
22caf673fc52ba9f478037653ff25ed5,card_recharge
96fbb565d9255334b5304bcf978cf34a,main_screen
01928fc77629853d54f9f014aea5d581,main_screen
39e41afa7f9334c96c06c3bd81e5b5a3,statement
5d2b2cfd7ed8c1e706644aa0bd6d74e5,own_transfer
cd51dc2df020d7f746a6956f94637fbe,main_screen
9aa5093f21147115fc1513e1e079105a,main_screen
f93fd3a8d262e4455fda92ede3a1cfee,own_transfer
d9f5a3966778f28e9a1c1b7e24306077,main_screen
d37510af20eff734fb3a029fa85ee654,main_screen
121502940944c051f052fbe21897c985,chat
c9213fc9cdee29145e201ed3e64c29e3,invest
d6277e351e5b54cf7d18c98a00dad4bc,statement
7532ea59c183cba3207f585370959ee7,main_screen
76d617a5ed864ff84d5b634b02ad1177,statement
eb1ed3c26ec885db8ac56bc00acb6e49,credit_info
81874354edb21b83a65420e19ba06475,own_transfer
b4913c79a681f9dac472fc71f9398ce8,main_screen
f19b5f67f95ba6f088b6154a9d364612,main_screen
5b0df77a6a41d1b63b72aa7906f04bd4,credit_info
7f577e173ba5209f017552f3d9a7a7ef,credit_info
5ae33e38d73e0870da5e7e973a5ec32f,main_screen
e95da1a11fdddfc20eed7f24c7adb778,invest
4594e891dfcf72d543b196b7cf89a9b1,statement
46e02191514483e8610fe7c45a3690b9,card2card_transfer
dbec093f50aaae0d237350bd9e07202a,own_transfer
bc77c1404c7b55bb6e62ca98c62d4399,card_recharge
26bff600f110b3c630171d695101ac73,chat
50b66423708325da865d92fdab869453,main_screen
8393c87e67dd3502a26bb1c0a323c294,main_screen
81e895370356a20bfc5fcbb9c566fa7e,main_screen
99d1a694a59035b8b2a6c829f2509a45,card_recharge
7200038ec1e5272e595444e54b0cf5b0,main_screen
81e48990d02bc5ddf21711ba31fe6e1c,statement
e97ea4b6bf5d1f03f800b6860a0e4ac7,main_screen
e77d6b3d3decf28a1ab381fe9912725d,phone_money_transfer
bafdfb0984d0669dbe4f0a4920de447e,main_screen
1a7724c45b6846df9a1670c13dd89a52,phone_money_transfer
3f66b271299198f3b6ed51ec05ad1e36,credit_info
8922ad35e72017b601e11737f852277a,credit_info
d4206138210331e33f05c63570731579,own_transfer
9842a7d1c99cd58b70f6460e7978fffc,main_screen
b7084e820da3520d3f4a74926462b67d,statement
07cb5829992f128e89ce3b7055059563,main_screen
58d58843d004f3f32d61e65a60129939,statement
5d0eabae809772dd79863310bc36fb14,credit_info
9a4a0a1087358edc41d567d2c42d62ed,card_recharge
d75d67c0323867152d9960644d080115,card_recharge
e6f876c6fde0f6180054e78d580fc9c6,main_screen
a91400251c36adb5a2e26f9d37972700,main_screen
a9d1784ba041d852c944ad4eb972141d,main_screen
34db099427827ad899034f80e9c98245,credit_info
b286fc307d23d5234fa8182de0779727,main_screen
7a518cfcdf648d689bb9be0b1c8286d0,main_screen
46ed89ac3d3625af13a5390dfb684a4f,main_screen
e325add14f1534517c3cfb3521760cd7,main_screen
17a86d03bb05f9934ac44d03e61cdf61,credit_info
9d9772b7a3eb84663f780beaf627346b,main_screen
cf83a4d533d00ff44ded9bd055e9a5ad,statement
ba9a3cfa42532634f5e8f76d05846870,statement
3faa13b7742b1bd6f403810a30ae2380,statement
25cf6a7ea39d0e8ecca36f39381fc16d,main_screen
92b9dc6cd88934c56cc971f686988b98,main_screen
1c05ada99574088fcc50ef6b1c7a1ba3,credit_info
462f06e7d3075899b8f34ea520ce2b51,main_screen
cd7ab8c7424f3ad521e8a09d2ffdb123,main_screen
9ad99198a4e1a12097e04fb9f8ca3afb,card2card_transfer
40ce9ef2ef2f2fbd0adfcf7db07c3bc7,main_screen
cf1e64101c78c6d1abee2e231d504a3e,card2card_transfer
823f3239e5cbec4fa8724356dd28ff42,statement
3782e5ba6dbdf605b0c05241514db2bc,main_screen
111d8c4e72c1679a5fc33f889f757104,chat
ea045cd87ef2e2f7af82683dce3d48b8,main_screen
aadd64054bb518fa4ce20901102e12eb,credit_info
0be15ada813ff54f7d7fb7f4c90238aa,main_screen
dc75acf35589acfbef0fb990f3348fd5,credit_info
e0a0018dfa120a8f1f23e4f8269ccec0,main_screen
7330a4b647c459fd70b40b2f7ff6250c,statement
647d9403b80385bfcc6749caca1200c4,main_screen
011daccfe79771d61f189e8eecd8a96b,main_screen
6b1b1595c82afb8c82e9efe0e61eb367,main_screen
4508edd81011f94c8edc3cdd7aa2e42a,main_screen
815f4b30089be35e4c6791b80bf64ff2,main_screen
c7c4508dfcb3de51ef178908db95f247,main_screen
ca97a41ecf08e8a42f600af563b8121b,main_screen
ba2e47e2b440b6385d6decd347946aa7,credit_info
6a67ba8fd15ac7826ac663ec46b315e1,statement
22013e885460be2cb59a323c88424f13,card_recharge
b549b8537761fe8198ae805ffd4e8a1e,main_screen
b5c043c1a8912ae15a213c4533f93c97,card2card_transfer
82b1fe65731006198f2a1c0065f0a4f7,main_screen
b58b55ef68cc86063e9d84ceac86baa5,main_screen
cd9a091af6ac21d26e74009d1a52459b,card_recharge
6e5f68f67180fb9984f3d71a576bd35e,chat
06966a746581fd067a29ece48bb32d02,statement
c9b811bf0d02fd8a0c36cc75b9e1de1e,phone_money_transfer
6873a747481255957621dc25e2296b46,own_transfer
b3342cec99bdda4e15f689107d7e16c7,chat
5ca09f12170db24b2b27ed49269dc267,main_screen
2f7b439d524811cf0736b3d46f616593,main_screen
3f4003668369d8938ea7ea14b95d19eb,main_screen
4ed0fd3c4a95702765a3f58c04ce1904,credit_info
ebda527ee4310a1eb4301e559c1aadd8,card_recharge
e8dab3cc5cbdb4e4c6ca34895a96269c,main_screen
9d0e87dfd323ed0566c943b876f07040,chat
b413b13690d4e37a66e6b3dd44ed2926,phone_money_transfer
96ad9b3524da2ccad13e41f97acc6af0,main_screen
d37bdfa0e812ae17873214e390868e22,chat
ce5b6423e4ed7116699e8cd98b5d1e01,statement
cac4a90afd0a2810586b6a99a25299bd,phone_money_transfer
f930f6144d323c0bd3ea84821def4905,main_screen
3700e4dcefce63fc1ba5c9978dc53c96,main_screen
5124690d338b8f3617440e9f2b90bdec,main_screen
28b6672bcffe9db1729a7ded5f146780,main_screen
f2ef02fe9557c5ac8b819ec560d08da6,statement
2e36e646fbd3b4e7456e1981e1acde3f,main_screen
5e75d53dc7703aa6a2acb54e962838b4,credit_info
60153855557f7cb1b6d183ff0674bd04,main_screen
65d1f929196bdccc6a85c9d514525241,statement
b46270ad81a8962e4b6ed4d4727ce892,main_screen
1676837b36841b779889a3c71ce57570,credit_info
536be72bd422fe9b39262f9d207f7ccc,own_transfer
30c416b2dce4505d2344a0505df36dea,main_screen
3f688f656247023a3d6cb7b9b81debba,main_screen
ada00d7fcc0fcf313ec42686125b0830,main_screen
d9ae2ab1b97f14d6edb4ab1827b432c6,chat
0ac8c5c4da1ceb37c7904726a1c39ba4,card2card_transfer
0ea414e2f84e8e8eb5f04b6a24774707,credit_info
3cb760a84329991bc35f1be7e08b7bd9,main_screen
a163c01def361cfc71eaf2c0f58b0c97,main_screen
28a8f5bdeda2084320d38b37e2ab51bb,main_screen
cc0353653eccd5be06b6c69959580ce1,statement
26bc23c73db89355d144a3abca2550fc,main_screen
bb202c38e33530a0958c72b024995e74,statement
37fd026fe7424dcde51877b15cf11d65,statement
2822326cc4e08de15c37e9c9d9dbb964,main_screen
62892686ae8d54b221b77f42708b2bd8,main_screen
398377e1ceb5bcc32ee37da970ae2805,main_screen
54b323371cbc9006a232fada73ca5dc5,main_screen
1e3f190f50aa78ffaf105b98f7757ab7,credit_info
f479951f2d97d15baf1b70f0365073f1,statement
a4acc476c3e8f45b3dd2ff9fc8697b6d,credit_info
38b2b7cc1b504dab6c86ef85164f4aef,statement
386a4d2e36f65ac21d45b316f1bc516a,credit_info
e6cb2dda76be3647f9fbd8596cf69cad,card2card_transfer
68987aa384c26999ed56a5aab2c9ffaf,main_screen
a542a36a70e9b65e5f634d1e444e2fa5,main_screen
b47233fbdf1dcb2a9ff181d074bcb85c,main_screen
2048925023714896a4178c01d8aca9b8,credit_info
de1e8fe292071b2794fb4a0f12a4a060,main_screen
94f59537f83a83e8cf5a896c316712d5,main_screen
4bf0bf2944aefd8f66f7293adcb88853,main_screen
008c62169fe27910d708541764838f6d,card_recharge
4c46d6d92db4b9b35bdfad06ece0cfb5,main_screen
76af5020100c5cdbaf1f9bed5f89db12,main_screen
ff263df848cd5f942adc2bc36a8656b0,statement
af572d8b93c9530f729c4087e121d773,main_screen
07a79cb72c2cebc233f328aff239fa2e,own_transfer
33d575b39c89bb42feb08a6144270648,mobile_recharge
66b1ffd242071f940e04cd9b39e6fce3,main_screen
ef17937c57f5bd8ef795faf79fb5779f,credit_info
4e8bc8624b72912af60d596db64299ac,chat
33a651b8d4c8a43d992d3a2b12f74c92,credit_info
1b2784ff7733bbbea855399699797d85,card_recharge
1b52cda2a879b62c4a2bb8b080e00137,mobile_recharge
2d610f13c3f813928740fe4ac06ab1e6,main_screen
103908a80e5cfb9aa55b45ca5145e9da,card2card_transfer
8421bf60c7eb5194aa6b27137ae2c3d5,card_recharge
5e382fdfe848ef6e8aec371761254140,phone_money_transfer
d66670b7abf81f9fc21354fcf5555051,statement
1de7b51b45b7808c2da2728c9ff28438,main_screen
168dc105de97ce2d2007bc5835edce38,statement
970b1995325714c1cf4cacb8a7cb793b,main_screen
058899b6dd15f2301add1d237da41264,main_screen
e2342030d1e426f2df45327fb025620f,main_screen
d0f15a2b51fce46d13362220bb212ee0,credit_info
c006e743930f5ca5af898274bacb3faa,credit_info
ea1af673fc3701691ef58304bcff1263,own_transfer
b363790ed1482693c85d165203425bf0,chat
e7a67135c17d787d967ba9395f86bc71,statement
b03cc718bdff5c7d57fa97acdeca923c,phone_money_transfer
b4098b57086374c53663bd4f0f0161d1,credit_info
46d4efe06cd2574c9a53346b260d3c01,credit_info
374902d61275edcb3fba5760f7ddcc74,main_screen
052e9a25e0553d0bda7618587e420c56,mobile_recharge
394d2756d7e746c554ff9592e7d67991,main_screen
d2c0e3132e73f0c506d0363b79571d92,main_screen
f20a3ebbd84de98f4242d4f11e1edc9b,credit_info
2411ac5bd06d13564ae10332db92933e,main_screen
f2cdcf2da9901250af783f77de88bbb2,credit_info
56dbe68fcf65cf67ee649c4e20a4ff2c,chat
523f376b62053ec26baa953241eb231f,main_screen
7a005c05bde320e6cd17bc714d07406c,chat
3bea6b7a963181f62eb4b5862a6fd659,main_screen
6999c2b8a96e5ef453b7e060638b925b,main_screen
a1311eb69757b8be55232d248b00893d,own_transfer
f7ccee55bb39d90b5ac41b3dd3b42be2,main_screen
ee277c214e2fcbeca4a08982727e682a,main_screen
7d04f7919077c4a72490cb1905e77470,main_screen
81b95d6011f06336318979b5bf9e3726,mobile_recharge
423be238df7460b91b88ab58281cf157,statement
844b5780e068d27cb1448ec75f8bf2a1,main_screen
8056afec7a545a8433027970a3659fc6,main_screen
006522846640bd390906fe24438ddf73,main_screen
e790ee26c673386a217592e0eadcda13,main_screen
666a9324211fcd6e8a5bb266d968d1e6,statement
8ef9536bb6126c1b7d406d842f49b051,statement
2c131874dc2d0a2572bab0aebb328423,chat
92314b2b73fc384e04be0b491a5a8ee3,main_screen
c59b734dc301ce6e70c4ef8802890d6b,main_screen
d54c1ebf4f12ffa68e13cc0431551462,chat
153ade4cf970e591d9aee1babac42952,card_recharge
6ba9105e394057e50ff2dc8526ae5eea,statement
fc613af41c482d2220745b4d0bedc2da,card2card_transfer
b130528b4ceb3ea44a0c1f165634cc05,statement
c6504676ac4f05a3e6e931cee400dbd9,main_screen
53a6ffa44c5947f17938dec1a8d5863d,own_transfer
c379f48675f49b01c435f89f9d67dc89,main_screen
718eff8e0e90633d583ecb5e547ac1e2,credit_info
f938406aa754ff35f379fb45ef7a56d5,main_screen
a4274b6134eca163acb2d5b6ecb32989,main_screen
968414fdfd99beea7d9b0ba17c06eaec,mobile_recharge
424a4870aadac6d99843550038afc06f,credit_info
147c2684186d26cdd29641bac453c387,statement
05a1f6a7031ea3ef55b0c3b4654ce56b,main_screen
78400a7e9b6f965bd550ec801fe0259e,main_screen
b9cdfec87e353bf14c6c69f9bd5aa431,credit_info
263a47025d28be325baffc67a18aed2f,statement
a66f6eccf1de24b3ee7bca4ae2333a66,statement
19bdb43017e06ff8fde061f9da8228f6,statement
281265e42a0b64fe5638261519c7067d,main_screen
8fee03e269dc785e7de46ffe90de80bb,main_screen
e5826b100028ad3fae42fc22a417b183,main_screen
d3fd9e696c5b860227373014ca5407e7,statement
7672f4d50c575099072e159df1ca84ae,mobile_recharge
c0ff99de0199365c5c48363397370697,statement
244a10ae20f2f04462a6e52f7a7529de,own_transfer
dc0f604014a1a39b7cd1e1b0ad311c3f,statement
1ab563f49068054674fc56591609d49f,main_screen
c0d711f5518c1e35ef791018b702972e,main_screen
6fee14d929e514d88d1f169a7c673ea3,main_screen
0acec870418c3ccaf8bf8cc41d6e859b,mobile_recharge
3601552d5072938005b40f4c2422188d,main_screen
1e0919bdd9d1441930a64e83a426b8cf,main_screen
1cdd12de5e42d82547cf2481c70f101f,statement
4832ae75c598678fb1667e3979aac888,main_screen
41cf82e3d6d6813c953b4da391809cf2,main_screen
e8878eba122f4915c821c4e79e6eaeb2,card_recharge
a6c6e82da5695e5b3968324cbd70b564,main_screen
2d1419e75d252f4a0eda1d4d4b480f43,phone_money_transfer
567f2eec07c105307f78053c246eb08b,main_screen
e54787b73483fc3674b8b2574decb3ac,phone_money_transfer
fc08aad1097eee514f7ea9abba5b8331,statement
b1594a3d10b7349ffb8a513e4cd2e8fd,statement
6d689616db16b1cd48c323ea9831b51f,main_screen
186e6e6826b37cc20e91bbbcf5212ac6,card_recharge
9ba2cf69cfe7b52a150c07c08fd613af,main_screen
1dc4ebd380ae29b9591a66507eaafcd3,main_screen
9771e9f20cc15d781c76d2f957258258,chat
d428cff59e570441335d67d339a076c3,chat
6f55bbccf6b7112c2c680ee3641c21b2,main_screen
d09ac6a9547dd013cac23b91c8c80594,main_screen
6c6d85dc57530ad578e3b9262575df14,main_screen
5f7bfc0f602b00c3665e45b403960134,own_transfer
ce15a985e5de754cddff725f8571391e,main_screen
a956cd0528c46e0020e6469bc5d6d420,credit_info
7e71153292d477098c98c80b6e110ceb,statement
984806832c5a8752eef81ed711f0a3ac,main_screen
f7bfa7b7434f59983d71b092ab9e71cf,main_screen
a851440215b6e83889e868e09e5c355e,main_screen
698668bff61ddb09c6a269361b6d87c5,credit_info
80388c6c642cebed4bc15e7656f7ed60,statement
cc006701e53756b6bd8fcfad7db0cbf1,main_screen
23323055fd9945f68a29fcaa191f82f1,mobile_recharge
41e4244021e84c0fb32239f98fb6d810,credit_info
6deff6bda7f0350f6706d513b26b62f4,credit_info
24cfb6d1dcd9c6c2891e2c6d9e3c07d4,own_transfer
b5f27e79fc896ca814280d5aafa07f90,main_screen
788caa029b4e15ebb795cd65047508b2,main_screen
f612a7a19d39738bcbd7d8df5920be57,statement
f7a759de135ef856cc8987f2c85fa39f,credit_info
59db19d7d4982329185c0d6378ec6986,card_recharge
8956198fd6bb144483d51c06bd07a7b7,main_screen
9c72ccab30488277c55918678c5f07a3,main_screen
5829b0444f20e319869739966933c699,main_screen
6711970dc13f82fdce2cbe5d7ce0e897,credit_info
ab3af1fb3a76af6dfc2f79bcea49cab6,main_screen
df19d345e2b55585e5a5f61ea8e30dca,card2card_transfer
5fa55f23635598f485c1fb24297ab11c,credit_info
42749e583e613a6f6f91e9e3e7a78835,phone_money_transfer
a2fc60c5a0f19978bf16482be6b68aa1,main_screen
b2830aafa5a2efda64e146c15b391cae,credit_info
4dae70e1788f724d2d3f50ce9594e8de,statement
8c0fb0e2849555af47749584ad4bfa57,mobile_recharge
13a3f97f098405426fb1de7a6cc9f989,phone_money_transfer
5cc7cf886209181171b5b5a96e3d55bf,credit_info
84e635f012a9b1f54a48a4b665002212,credit_info
5186152cdb3e5bea50f86e264aa8d42b,chat
a8a1a177bf2c43e2ef9705fd2e8b0cd3,main_screen
8cd409b39e98338e8faf46bf419f61fb,statement
c6d6fccbd481658d6929f45c4f9b6160,main_screen
cbeb5bcc561883098971f7cb8d4017f3,credit_info
8eaafb816a6f7bcdaaf5c5a607ff3f22,phone_money_transfer
a7eb8b26869d302309eb89d0466c96ec,phone_money_transfer
0ba942188ba9a3f8fe49a388a6e6edf5,chat
c4eb36700445071070d45a47592b15ad,main_screen
acefc513ef7d9b006801674fd1f6a888,chat
7927ac954aa0989ed28ba27150fd914f,chat
1fc528adfd8edf21f7c54e12e6257b2c,main_screen
947ba51fd31b5a8d6833a43303fed1cb,main_screen
98e8d84b12c3a5d51b11818e64f81774,statement
66f42dd405e2ace1a9c8654b67a87b49,mobile_recharge
fa853df18eec716d5cd3a415f4c7e2b2,own_transfer
e52530d270e8b51719f672066afe957e,credit_info
9d09c9691a19ec9fa27d1c0362414fcf,credit_info
1a0493d9e5cd0854041253611abe21f6,main_screen
3c0bd215b95f3ddf3397b65b55e1346b,main_screen
21a48d0d307085ebea44458cb169dff9,card_recharge
014c670cb00171ffda0a12e981181543,main_screen
d69a10ec214a499b2433fee5d09f6954,main_screen
3d9482519e5b47c94949ce45b60503eb,credit_info
d2af7b7f630f8c6ddba43e841baf6c7a,card_recharge
8ff5f7c7ca0e09fd5460030d052ddcbf,main_screen
a2ee8d9575b1407173a78efefa108d92,card2card_transfer
61442871efab1f86e6de7a3ab0b17ac6,credit_info
28b1f845087ccac3dcbc43bea9c010f1,invest
e9f22e24a64a5641c61cb48f6a98f434,own_transfer
a2f4b864b37978e068acf7c10061fc67,main_screen
1c891049fe6fcd2fcf3d8e3acf52bba6,main_screen
11ae1a3c83acb5ba436d31fc72ce76c2,credit_info
bd7aa0ee443b376987b0ad6d6dd00ae0,own_transfer
83cc5e6ed10aad52fd2165c37a7f21df,main_screen
3bc5541153941769bdc25531a1d3a644,statement
34748e323be7c82d994d7d81fb3e20ef,main_screen
5b4b0615c3be355722d3b82ac95bacc6,chat
8b7f4a1a4148997904635042fd8531d9,statement
34598860edfeff15216cc179bd5b9f3e,phone_money_transfer
fb71a68348b1d474a5a21c3a3078f5f3,main_screen
f8787911ed15812e78fee911d2d59f8d,own_transfer
5ed904bce031d301582ceff594c425c2,statement
75415f277653eeb17adf4babac4d0152,card_recharge
44bcda433730891b64dfdadf41ef43cd,credit_info
170006d730f6201c14ab5c127edcab28,main_screen
25d4622e78d014f2dccd911707159752,credit_info
f7a7a5c3b560bbf9f4c888f166cadccd,main_screen
1318cf29133c6640ee80106998cdbe31,main_screen
8c2c1ab9d49ebd747015708c6ab1b684,main_screen
93815171b50d22290bda813e53c6ecc5,main_screen
830f94f89dd93c139299ca82a13efea0,main_screen
83481049d099626c65d188579d8e3afe,statement
d57eb110b57e1b07cef659094cadfe6d,phone_money_transfer
5c31a2f86ee7f220f30d602c054a8b32,card_recharge
346a44de630d78e494df960cf0b121fc,credit_info
b68ef356e015e543c4028041929b0c13,statement
3045d02b478058dc34d7d3ed8f6ea709,statement
ac8a59d1c8b30948843f00327d6c4f70,statement
38db9eaa134cb3d10d0b9fab3a632a33,credit_info
12cefce03e29a6dac396660d62542892,credit_info
250a4fa9b22855d2e3597c5f4123f886,own_transfer
b08105130fd3ca209d766c5fc8c5f773,main_screen
689a58396d6b8ad3decc5553779319ad,main_screen
38fc8e5b56253b611a33f473648eb7da,main_screen
f77a9de2f1de2991aae1421b61fe9751,main_screen
a1274cd8318f64371e3d30c472701a06,mobile_recharge
f9d5c6471b0ed80d9b780e0830f0b5fb,credit_info
637b215d15ca8e136b97505a75adfa96,main_screen
ccd247a13fce026decb38fe0a32284a5,main_screen
c3e7fed32993a44739b0390dc6667bef,statement
fd0fab3e7adfe4e9629347a6218b3e76,main_screen
70b678397e1338350393acc34f90c98a,mobile_recharge
b3b6d0fec1a7cfe98362733528c7c1ca,credit_info
0162345493d040c60f540d349887b35f,main_screen
05657fc27c1e618e80016745c9db496a,main_screen
2623b5da24b8dcab2176a840462534b3,statement
55609e149d86732cd74e2846a8ecdcc1,main_screen
9edfa24c112a116b4620e4ddf37d3bcc,own_transfer
fcb8306d5d4467439d6e90881408d76b,statement
78d766ac2f0049bfc8114a0abb6007bb,phone_money_transfer
eaccefbc0832e4f68b7f2130b2ca11f4,main_screen
cb79ea1f8334ebfac36125f907e8e618,main_screen
1e62741b9d525823dfb81e6677f61269,credit_info
1f2a2422892a567978624c91b63b973c,main_screen
2fa62a28788c173fe85d6392ca161ee1,main_screen
9bbfc241ca172533c397adbb493cbfc2,main_screen
1f44de559536a14b440668b52693528d,credit_info
55cc1d4e4488c62071c077dfd7c0790c,chat
943e03922eff11cf0b9014b98c78594e,main_screen
658dff54d4c64008c6660539da2ab524,statement
c915060a6d4c27b2cbe92cf9df621661,credit_info
e2dbf46500067afd8f3f9c77ecd474ca,main_screen
7caa5cdf16d1d216dd368d89ee4e5494,main_screen
9d6322117e9b2955db7a9cb40396660d,main_screen
d15a0080ef53fe6fe215a9aa9d07d596,credit_info
d2f67bf55788c695819e50ccb8e42ccd,main_screen
fe81726b4cb12fb8b83e3f0b7ba8c7f5,credit_info
be696608bfb59a6dfa92521e32eefb69,phone_money_transfer
bb639a67dfcccd09b6d221f0f2cc3652,main_screen
86e53cd514d4a3a61d3dba10b187d21d,statement
f150f14fccacc73b6bd6f965753a3ae1,main_screen
1c540309a57aef61d1dc518ff2788619,own_transfer
944c68bd5ae2fb828623034b400e5753,credit_info
98e0c784931f7dc19cb5cbe659ef8f40,statement
37707edf9147d3129ae2977b02affd54,chat
5437d6b27ef14e3c32dbbbe6ab5cacc3,own_transfer
c577476b7f6c6d9a64547b8fe4c71f47,card_recharge
6191f18a8971788bd758ea88eca5de4a,main_screen
474e078621778e8b5c5edc84bf26e5e9,phone_money_transfer
2a840ecebc5cce4b63813f7782393ba0,main_screen
16b50cbc93293a1637463d03d2d07144,phone_money_transfer
3d63bf250e1c02b0fc39b2f2b9379e10,main_screen
95c5fcfb8a318a5086b5bf72c67e9983,main_screen
4c83dee2387077c4bac1253cf38e0998,card_recharge
3377e4b49fdf7ebd3edc8c48d94bb4a3,main_screen
ffa6ca9a60a0a7ef56437125ca4adda3,main_screen
5158f2eabb8283bd8537fa38855a4efb,credit_info
c36d4605b2019fe58569686af6456328,credit_info
3ca34b8ecbd400ec68a148ae67c39a4b,main_screen
9a179a2c36458e62a82320ae178d362a,chat
017d722dec6f41d847790b38bd250ba2,card_recharge
edfd4ee13bfc6fb63380fc28444a7bac,chat
5bef3d2a082f4d96035809549359ad8b,statement
df4fe2759ae907bccbd71ff7e71b7ec0,statement
0e5e0860ff18e0ce0caff8f95397b6b8,statement
e89a50cfe8bdbcb894bcd76acba79418,main_screen
93f0cfbdc6abef94b696d6e1495662af,credit_info
f1016a7593d78f42de361d6a04d4deaa,credit_info
c4bb258d29111c02825d4d435225a7b9,main_screen
59b94f5b9d541006bd38af3f8eb047b0,main_screen
bdf4a47e73bb33bbb3eca5ab270fbde7,main_screen
94c44ae8fbf6f4ec97942f18c720b449,main_screen
9043cd714f8389ab7f6dde5fd119a133,credit_info
a97507679880527a511bb5e9b0dbad18,main_screen
621b7f2759eec8748ff572a200addeac,card_recharge
006b7c165cac245044bbdafbbd32c3c7,main_screen
d507a2f044934eb16251e61e6f068728,main_screen
e0668907ac9a7f16605da25646baafee,mobile_recharge
afd36240a1bf4b2eac6b347601cf6890,credit_info
d788984533532ef6ec64f20778590700,invest
49ea532f33ad2e89a1d3dc0f7f660573,statement
33906f9283fddf8108948c521c7bd2db,credit_info
8990016dabc96cb9dde65c92688aee4c,card2card_transfer
2ac1f7989789c7983df20a008734f310,main_screen
f39b94f4e1b732601c903d5575e9df34,main_screen
a1c3970c10582ee019d6bf6aa50b33c5,main_screen
718dcb9d8a62fd98f3ab63bc942500e2,main_screen
32ef771d963165262d9dfe2e8002e757,credit_info
15a74580153e111d7ac395141d1d0ff3,main_screen
941f88faf3dd6aa3b517a0b36b042837,main_screen
4289a890b0e61b25c299dce3c7e88fd4,mobile_recharge
701b488ca819dd4761e28f66a197ea87,main_screen
3d82ec5743543b020b2f316b0669f184,main_screen
5075c878cb94367162c94ffb2a1893d7,main_screen
45757a5c0944d8e46fb2d37afdc4c7c9,own_transfer
be678e0be9c68d8dc754efb2387356d7,card_recharge
9c273e69bf62d0bc13a7281c1b68a40a,main_screen
91c019fa3c1648a46cd547f0c2606f83,main_screen
8bb3975178562b58dc1dfbc116932c73,statement
6dc64979446885d6e1abaa44ed8ede63,statement
5032fb53b8077a618f88e5aea61b11f4,phone_money_transfer
8f0f5faf13fbb788b08f92131dd2f9ec,statement
b38468a363911e9b3c14dfeb6ea311c0,mobile_recharge
d1ef1ecda727edfbff15b86c5f94771e,mobile_recharge
11e1f3c0bc44d2e73d6eb95c242dd4f3,statement
1c3c3b112adf5b1e061b9a1daab31e0c,statement
586681b455e4ebca6303d1ab17e864dd,statement
5e7015ab1ba7fcace8c87f4e2a07936d,mobile_recharge
9b8c41991dcb8c0da2124d9e9ff9b3e9,main_screen
dd7457d2c18b40b91613ad7ed56f84de,main_screen
27a7accf9ae666db7f175186a385e448,card_recharge
0c39e9b412195c746a4df6cd750d8f0d,main_screen
6b42a6d1eba4a75f9601ed5f1f5669fb,statement
aae7034ef234da4fd64bf7401b8e4a2d,main_screen
6daf8f7cb1713e19893810e015790815,own_transfer
4b8dcf61e5f64cbd437e1c633b71e4c5,main_screen
6ecf8115f33effe9bf15d91befa7a37e,main_screen
69defc82c523421492f573062c64f090,main_screen
72541b7d44ef732c81083fbe4d6b5ee9,statement
acb326b3aaaa246b52a2c4d36d0841bd,main_screen
51dcc1151e8f978b140cc61767b4c273,statement
e50e869b8242c639da6fbf6f81e99c3b,statement
70f419d64dfa3e2719fe6631ad978949,credit_info
65beb215646ce0622de28f4c87126792,mobile_recharge
842e347c4ad570d51b511b4aedbe91a9,mobile_recharge
8f02d8632584cc6d8677da48d8b6ef5a,chat
eb5a07a022535f11113fbbdf9de6f149,credit_info
590d4af4d483a7d4fa16a23d1c9553b4,credit_info
62aed9d82a361c340bf01155db79f775,main_screen
314c8047ad9053470f4c91a475fa9a43,main_screen
43c5234e99f3c685da6fbaaf5bd1c220,credit_info
74f39d707d2b30b65a47cbb03676a433,main_screen
35ba18756c85d6ad97c7ee58660f94d5,chat
72a2761fa463786ec3a86c8ecc99a71e,main_screen
efe81a07f108368390468d11ad18a4c8,main_screen
9287355467e723b977ee64a595bad5ff,main_screen
b9d2f26d9d374504d9b3440679858fbf,credit_info
ede02c7882bbeb88f6211981a8b8cce0,own_transfer
fa5d7fbaeac3e607b1a2f0a683e719f6,main_screen
d0b66094494578bae78f71a30e7833d0,main_screen
54f5bdd6a22b133a21dbf28467a72f8b,card_recharge
f6a23c39262974aae22fe4f1cbaf0f42,main_screen
5e1ba2389467a23e584d3d3c24646d2a,credit_info
e05e828218f357d8fea0169b404bd8c5,main_screen
026fae55b40261d99837c228b7abb396,main_screen
f8880e363b2ee63e12d6a92928595e61,main_screen
fd015c62280dcf1676ad1f483b4e6c63,invest
103af807820ce3ed46398f4fc26ae5de,chat
d738669139b0f6e92fb36f1025886c03,credit_info
e3a58c96f4554f74822a33d583b7d756,main_screen
cabc07068395acd1842ce585efa79e03,main_screen
3ea84d0ea67c176fe69e94e9ac23282a,main_screen
69dd217714235b82c8c19bf32184b88d,main_screen
ab4c65672e37b32abfaede6ebfe0df8f,mobile_recharge
2b60e09a1aa06b3d2f9b11cfcb80c41a,credit_info
0628a0f6c605769b6ba10b05941f197a,credit_info
5b137aeee7756235b74986ce52b324c0,main_screen
b306ebfd89b4e34dc008ca44d5d8b279,credit_info
41cbaf10570d6ebe9c1bc03b9e17a7ff,main_screen
51d570e0f6b2ac1e9857923934bee143,card_recharge
57a178351b7d6b7ff59efdb407fcf7ac,main_screen
81188482a144c5134a938e0452af7c2d,statement
5aa482feda973c44b255610004735bd2,chat
816762e2620beb5ab314e8b877f36081,main_screen
d23838a508757f1df819a9f74b2704a0,main_screen
3e3ba9b42e579ee68a88e50c71e907c4,main_screen
abe2f6118d95838a31183ac83eca88cf,main_screen
03f3c3ec19eaddb5356eeeee153d019c,main_screen
be5720006476980f9e3b2b46308f8434,credit_info
cbbda6162161b3d24257980ed7687bb0,card_recharge
8e39b0721791b1e02aa13df7e95d7711,card_recharge
f03833d6eafbf5a22c39374ec0bd3504,main_screen
e3a96e561f78f22c24e865ba5690f155,card_recharge
4b8233816d689ec1aeabdd2e3815fac3,main_screen
e53d9323f72e79f1ef6114cbf39e619a,main_screen
373631abca61ab43d9b5ea91d3b9dc83,main_screen
eda61725064e901dc88955f2f3a8cff6,own_transfer
f586699786dcfb14d100f7e7f66f4d30,main_screen
2ae2434a528b627da7bae02634c83c14,phone_money_transfer
0d3f1d553b17c5dbd18c86b39bde7a3f,credit_info
67b231c374c3face2d0d19e46dca1fd3,main_screen
8e20f694490b3843eb9bf78b8ef6bfb9,main_screen
7a064143fe1f33911e281a4349cfb047,card2card_transfer
4d23864b5f09c26b7b3d9f8100ed4ccf,main_screen
489e47d6c7696503247a8dbbf9390fe0,statement
2f656f35aee77fe3cbf998df526efb05,main_screen
39788f492ba29181da9bc5d5e07a2736,main_screen
d5f3af32ba55305fd4127cad9722481e,main_screen
b48fa882b230325afa3cd2dacac7cb04,main_screen
4980472586422840c1d0a8b4a88a4eeb,statement
2d7c1cc4fcf398f900fae266e3afceb4,main_screen
53fc3b495e1d8ca8986bcf4ff1d2de42,credit_info
5be0a2015f2f5bec3ced94bfe78ef606,card_recharge
5307b3151ebd832986acd20cce12ed12,credit_info
db2aacf2a75d7271da0abe0f4b1af33a,mobile_recharge
f5581142e1af7e63e76efda8e0dcabf3,main_screen
ab4a477da405fd5f96dfb4bf148a8368,statement
3aaec3a180db490d18b7460b3b784d36,main_screen
3c778654abfd154397c00bead3c9e007,statement
db7a9b6af5eac27ee4a0cffc068701a3,main_screen
642a880517a61ab76690960e779b9095,main_screen
39cc6b1a8cc3b7c276fa987e14a4c8e8,main_screen
b20d7f18f22c90a6c25cf155ca612690,card2card_transfer
3f18f5772c9623bf8f4f4bb0ba1f66c9,credit_info
813a5a61a47b3a478040c5abcbe9a7b7,phone_money_transfer
2e824ab9cb96529bdb0fa58d7290d78b,card_recharge
9f667d2eca248abe453df1fc86c0a3bf,statement
466552a6d5ce441959e8029d57f4f85b,mobile_recharge
0a21084c9bdfd7a2b1b1229d7a578f63,phone_money_transfer
7090a3f8cbfe666f396a5692ae77b29b,credit_info
40d5f3b9340b19ab2c40332d89edeb47,main_screen
2af08cab5802113e8f524db9b5d58ef6,credit_info
181662059d969b721234e8eff924ccb1,credit_info
204201680af67eac1325c68bde19d260,statement
e80d8d0c3951450e9b39cd08ad6661d4,card_recharge
022378d97e21ab50ab9f7422278617d5,main_screen
59fed21af229ca64a74dd7650e8b0773,credit_info
35555f8c6282649e4e03b10586a9b24b,main_screen
c54fd876940e0e6d7942e5344b309934,credit_info
35457bd2f06635e45b065fa20deeca69,main_screen
eacce38a266c9dc9273a0f32a6d0b5d0,statement
ef8f18b4ab7bfa09d9664513df4b4a0c,main_screen
2e04cfa6d24a3b833176614263921df0,main_screen
7960d8c71ced6344b40ca78acfcdc724,main_screen
1bb52dc504adec6d639fd8eec7a801ba,credit_info
3eb4423d2b52fb721a553b243fb52eff,credit_info
a200946eeab10949c158837e667aa5d1,main_screen
7566d3bab80f887594d2cc8d9f293669,main_screen
611c347c9b75c67d09017b88399c4822,main_screen
f2de6b0f54b0044b30062c51b1649cb1,credit_info
da6e1423b15fd6f3d3e84cff3c698485,main_screen
8a7587264c395992d068fadd07d86f79,main_screen
fe058c546d34f26ac2263a2c589c5037,main_screen
8b665e5c48a5c70347a8471a047ba1cf,main_screen
2fc9204db90cda47eea2d025f49d7553,main_screen
c78621e7460333a141b90c2f29df5b1e,main_screen
9d3eebb470024e8f819044f79e88360b,main_screen
27c5e365c2282ed9e3c6922323d550d5,main_screen
fffc5dc6fa32952010d1b4465e9c9c98,chat
d5c178b209a40343a4a0e1c44407c8c9,main_screen
18c8815c117fe7d2f6687d1f735af863,main_screen
9834843e3ff85c85f834a4f525fa36a2,chat
a389dee593102aba8ee05c6f09f1e0c6,credit_info
574e1fd6627f853bbc20473049e3fdb5,statement
0ce918d09cba681a28c6e634a1a32a7a,main_screen
93d61c1e4437fdeaff02243f4451b39a,statement
d2b965e2f6d01223dc26ee441f1a1805,phone_money_transfer
cb5b95575d6c56ee74be12ae1f1a567f,credit_info
9416ef1b877501bf8c31466677de8e38,credit_info
765f50b478de3525039898c8628a29da,main_screen
aac15fae7bc283714783c2a4ef1698af,main_screen
ba061abfbc19a59cff3f8352ab758fdb,credit_info
8fcab23d182a2f913ef62d94c02c2692,credit_info
85c917b29e0ec18aecef6d1700134008,card2card_transfer
2b88fd32fb633b21c1c19a682e57f799,main_screen
fb67c91d60e8f102da8ce58714f9f665,phone_money_transfer
d73360d3930e85a475b51abed281ff15,mobile_recharge
184e687cef78ce9bff7ba9314aba9eb5,card_recharge
7194f4620f558b1ed83035640b3ca66f,main_screen
bb1e9ab952f16bd7247fe88d1ba8cc8f,main_screen
d5632c67508b3c072066062bba9d1fee,main_screen
325a784cbacdc13aacb248731b9605ae,main_screen
b057047c64b2b631dd8d7d0298e2cd8a,main_screen
425c7af9447e035cee29581147cd4d26,main_screen
cda8ca3cff8b8197547e744a60116200,main_screen
7cc316f9f7dbaf9547b30379857e756c,card_recharge
44f3e29ea6ed9bbd2c7b64fcf63e1e1a,main_screen
fba25bfa8253d33ecb6473981640f414,own_transfer
8d541e34a4ada0b728b79cb9b0539d19,credit_info
0e7a2c89a9d5f246d3a0f9cf3680b3bd,main_screen
032e46181d95cb32be633204f66210b9,invest
a6a0f0fbcf88049bf7765f9afaa64593,credit_info
4794c60ff50a857dceb31d074b919775,main_screen
7e4c71c66e18713e71abdb49ecf43c7e,main_screen
155f4499ea1348543e95f7a555e49042,main_screen
32a4a87d4e050e56f70404039d39dc60,mobile_recharge
02900fb1bf9fdc81bcced35e7f852f64,main_screen
fb9d15324f55f8a10b784bc1c23df680,main_screen
4cedc49a699704602800a8a8d35859ee,main_screen
80190f10a4faaab976e3a3545a53d85d,main_screen
85fcb8f43ab6328d96b601368f2e1dac,chat
22eec32ed9a59338f912429096309a33,credit_info
8575068e0fb8c172b0d938adc18699af,main_screen
0e084c5a5a4acf600ba8e5d56d0c3898,main_screen
1863c8ee0171896e4b8b5e79d2db0ead,main_screen
ce4d3e2445457d75aa5ed34d30436813,main_screen
4d263715290264c55de90c86c8b3b272,main_screen
826a28de007d38b8e81574d6f7c0a825,main_screen
fac11f0cca8bc307b783cf2285518f13,statement
03fc42a4b30e6f9ec5dd2c59221431fd,main_screen
73be037555c4003098bcf529725cb8e7,main_screen
bb18c61acdf6241790a2e6ca5b8d1460,statement
70ead8429afc9b3e7937f34df8bd83e2,own_transfer
35645fa690d58740813cf80c50f34951,invest
4f5bf2ce6f9f92ba0770d5d34b88a295,mobile_recharge
5af9ecc3b19057b4426f93e0e3a9c0fc,main_screen
d1925d767ec758e46c82af03689ef1d6,main_screen
5ad23db183f7bcddbd4d93cfd7bcced1,chat
44aa7862569fcc5fe9547b2878271963,main_screen
0c45d509e2050da824fff718aadc8a1e,chat
098959e4b9447396de52197d200b454c,main_screen
f73242da03e2179d6247befa388fde55,credit_info
abb18927b330f74c56345145be047027,main_screen
a96fc1441b169c9b5f9acb311acb3338,main_screen
bb2baca668718c7b1d527b62e3376c8a,card_recharge
f25d020749e45325f751c0c3625dab8e,main_screen
9f6729e0a5afa35a13d1d756334e78ea,card2card_transfer
6347f5ac4261025c6cdb19e76e19a91b,credit_info
da2f9135ddf365b47e9ad2f62e9f7cb1,main_screen
142dd182aba92a243af3a9720ab12d02,main_screen
91c28e35c3113178b1087e46096d6468,main_screen
49a011cad2e0bf3ee9d74977c36655f5,credit_info
1f501d10de217faed791b72b9a4b6008,credit_info
8f4b994b5296103399dc5706a0437a53,main_screen
6d6c9239130c1760640425967542952f,main_screen
2b43cbbb469f656e3a2ba25fb64e0d22,main_screen
9fb3030ff31c00c3ac3cc81e728df6be,main_screen
41aa955039ff9e4f8e413dac5dd8267b,credit_info
c3efa57e73fccc2d0bccd4b98e911f3c,credit_info
14e057ce1f7159d5d0f7adf293439f6f,main_screen
d69455f74f3d2943707e736275d8a0da,main_screen
740576bfb34a3a78a0bdffd99ee37102,main_screen
ac787d9e370cf3241d30f5eb39d39838,credit_info
cd21a584cbc55551b2760b71d808d369,main_screen
cdd597247e9617414496f3a5e692738e,card_recharge
8b1f8616c98fa039720c97afe8a2486b,statement
69a804485760937a73e8e20f469f5ac3,main_screen
f40e5995e20f016e5d0a63ac45e1b3c2,main_screen
5c495cc911c6377a2e21cf28df212216,card_recharge
d8e4814c03847ad885adbac472aea370,main_screen
f85e100d16515a6608d951bfb697a031,main_screen
50803bccfcc143a7b47be16dc6562d4c,main_screen
35ba97c5f5921d64fb6ca4212c53cd51,main_screen
7bd6a83fcd5cbc7a0f7b4c9f02bc883a,credit_info
08f6236c3b783d69222e5fa796b7e658,statement
fea5b90d609dd72e9c974904f8bc0c70,main_screen
113b414f267fae6083b40a40250f3b9d,phone_money_transfer
8dc69defa3685671bc3b0e5b49bc98ef,statement
e35bfaf9351cabefae8f70186dc6853e,main_screen
d893e0acbd833297ebbcd504d97bf4b7,main_screen
37868ad65951bd94aada634c98420e78,statement
71a5d8367beab38da1aa964dd94ee995,main_screen
31feef1be40f13a2727da6aeca4c4606,main_screen
f80da331ee78a4705ea21adf2a70a8df,main_screen
8e8c5608267e8e6c04b204f85fbd3108,credit_info
62b0802f4b09d9707290c86c93921bdd,main_screen
e8cf72304964b06f80ea7f39c24c13e0,statement
8999e411bebb396cf9f3084c4854aaa1,credit_info
e8b9dddc95d6944e48aa9c4a69370f81,credit_info
40ffc8c4b806da2e2b00f9f146f22fc3,statement
ca3c510dfc25b43e9fd0d88eb263159c,main_screen
0ca9eff424ce5199b69317c9d6a5576e,main_screen
0950b7a72bb515fadb18b67b50a51f3b,main_screen
6583c121724eb9c5a4c99bb35efc01a8,main_screen
fbd2705ba1d676708c9298ff00b46000,main_screen
f1b56bec88acbce440da5ceec99eeed4,main_screen
f3c923cbc4c86a9f4f1dc9dafbeecac5,credit_info
582d60651713e75d4ad11c597bdcb33b,credit_info
48b6be88ac0af46be880aa2b368df2a5,main_screen
9ebaebcc778d355acdd08f5a1d182052,credit_info
6f015a6ca0cab1f8e8033d8a83fb8c71,card_recharge
d754d4a41fc85ce111bc1115dfb6ef8a,main_screen
4103f3570213ea830393bc014f7a2265,card_recharge
b033222e8c5a869de5420a3fa18f0740,main_screen
663287d0eca2ae13047720a522b9fbd4,statement
6e73fea91acee2f25e1d6aff78226185,credit_info
e514aad1fc9712eeb3b05d4563a74972,main_screen
ed560c1700b4c4c32c18d15ad95b1381,card_recharge
ade8140182095bf07a4197852b9aa75d,credit_info
1bdfeda71eff65e2fd1426651ba8e114,statement
ba37cde1e051fc60080a0db0f3469fd0,main_screen
44ee41bb92997654bb720b35963291a6,card_recharge
05983f1917f00975e5e80bc9fa0babbd,main_screen
5b1dd32aea987e27ad5bc72024fa942d,credit_info
299d3715bff2fca269290c870a4c6d7a,credit_info
d4f2c3f0e39ae186fa8846f7ceb3cf5b,main_screen
15f07a723cebc296d1af1d1d2f9ffc91,main_screen
b7c81fc15fa2d7e0fdb33ba7d47ae72f,credit_info
8276cb2df65fccd2f184efa03eb4e6d6,main_screen
3bcd8a50116d58b8019733bb3fa8ae69,credit_info
a231768a8cdf251e324ca20258ecceb5,main_screen
102bee76a21fccf73e2a92a0cd862472,card2card_transfer
061f51a26268e7354b779e2463f672c9,main_screen
e1bc24d2b7c726406219da99ebf53c46,card_recharge
37696f0c4cf6564b3ec1c05e5803caf1,main_screen
e8c31f297a7aa36e267c2a653435618a,mobile_recharge
8d9b0ef98fdcd81c825e410c28abe9c0,statement
5c1014ea60047229cff980f913e20e6f,own_transfer
d759c48361213ec514ae12bd348900b3,main_screen
392e77a554500d6493e0e4cdb6c302e6,main_screen
cabf28039fee8af1c9cd10845cd936c5,statement
5d900cf432bf53fdbcbdfcd96483fa1a,main_screen
4db8e8cbf90c0960b3d9a3f4fe2735d1,credit_info
a30db090c4d2309ba50556fb1ad0de68,main_screen
f2def35204f8b7f83eda38b5148d62ae,main_screen
7081819a011d6de294f55d5d8d8b29dd,statement
551ef5df742e0f531eaacc586ae50feb,main_screen
0a00fb2379b4ffb32c614a25b1395ef6,main_screen
289ba99f0b65b3b3eaabf4160967d092,main_screen
30e9b57e918f5ad5b436cca2e721e8a7,own_transfer
c207a052515c2a79e53d6cd051733480,credit_info
aeae01dc8b90ffc6e9e27e2d4340dd93,main_screen
face0d7054409e28bdd0a1ba0de4999f,main_screen
fa9ba9174afe82318c9a5fa7161cc920,main_screen
7d7ccf4b6b8e1abc4d3239217d56d5bb,chat
d5b10c3ea519b0d486ec7f0606c3ebfa,credit_info
c79a7e9079a6818b0b3432170c9a950f,main_screen
0d85e27d45dd31b7e3ff2186cd324f40,main_screen
15a73183fb6b1d04d86c549b6e61c79f,chat
6b522ad5b8599e2817d4f768eab968af,credit_info
ef5300d74e4987c7b8a60fa95ff82233,main_screen
fd7494e08b5f035b6902577c00d257b6,main_screen
304a81749b51b62b37e8487f84f02ef7,chat
455f0d93ffee29da19ae2081a8559921,credit_info
1c438bae64acab6d67479122e86b0cd6,statement
08f0d951ff8a722c0779b07477a6b0e1,credit_info
b36d0aee4cdf13e449c4078988fd264b,credit_info
11033c9c257f6ea7a23f4d40a20fe658,main_screen
bdcae86948fb62c77b87bd976b8f95a5,main_screen
d92c949ae3c01f1bf573e1c98d925bbf,credit_info
e53515936babaf465c9df9e93b64cf33,main_screen
08c5a69ae6da6d1f4b76ef68eaee5c42,main_screen
03f2c6df750769d7a26d1f215aa643ae,statement
7edd2acb2ea79146f616f18c9decf0ea,main_screen
3481abb896327e38a32626628ba525ae,credit_info
cdf7ac7ca6c9c7b8f7bc1316a931ff8c,statement
b085de11e476587819ce7476385ee971,credit_info
46523aa4e7a3a43564935a90d0c3a6a2,credit_info
56191d236dfef79f523c4ff6f72fcc73,chat
d31cee2f81b8a4d6708031b180a5f1a1,credit_info
4b195b3c7325dcbf6e5bbe5fbfe2b929,phone_money_transfer
7dcc08a2d61790925daa2d74e28a27a5,phone_money_transfer
be7eadf09196d91b6e6e0ad42b5b72c7,card2card_transfer
0c38685ffbe97aeada58d59b2b76e030,credit_info
08eac4b63d35025ab99571aa43e4571e,credit_info
1a65f01af84f84bca68f764afee89cff,main_screen
2d9b17585972848b666ef006be03ea36,statement
f47d19d870490eee942adb9ac4547810,credit_info
16673ca2f0c49a7c4cb6610e958c3b01,main_screen
263a676433369cf251d7db7fb38a1971,chat
a384ca85b2ab3f6ce839480cc94faf27,credit_info
a06eb9c8e1de24d1573d23659d3f5089,mobile_recharge
900c54a88d751238ee197705db202bc0,credit_info
7998fc67a4ed16cd32b29347dd625d93,main_screen
f5522b7e861ab60422d3b7526d694834,main_screen
b5ea9af6e4a34f9b69ac674212da60a4,main_screen
e0723c64aa67d752f8e687f2ea992814,own_transfer
874608b3c0e9332e4452a8fbeb627395,statement
cb3ece060eb5cc5fa322fdac3078769d,main_screen
9c01abd342deb3d620a6828880cf72da,main_screen
5faaaec975cb5e7fe8bc55d881db89fc,main_screen
e3b02a4bb85d8587e13943c9ed972290,card_recharge
6875a32b311eed6c5d332e57cbe2230f,credit_info
99d05d7f64b2231ec714fd6510915fc2,main_screen
1cc55f4aefa6970172cc44904a69ebab,statement
c5bb80462c08719ed41fa168c193acf6,main_screen
cd5cec5ff04c395e15a178b1d1fa61ad,main_screen
045491ea54b3dbfd3ff7e6e2f81ed9c0,main_screen
82a4f78297751a7d88276feda28f3ff0,credit_info
d26130ac31c86197df4979da869aa183,main_screen
45e43b295fc0999efef0dc5a279a9946,main_screen
be496a925a3dedf5a3a276d12e9877d5,statement
f9d02dd9c11ec8de521e353646c02e80,main_screen
1521ebfed7e9e3e38c7175a1fb6b3fb8,main_screen
bb1bf7c4427b0f8e660486bb4e44575e,chat
ef1bba8e1d1ba07a601074c7f1adbd18,phone_money_transfer
c4501f531e0a93817a94cf4b478de31f,main_screen
24e64e7d139fe7b11b4868c7f1729f9c,main_screen
0e9e56d9f2791cc7ebd3ba80de8c5e85,main_screen
33dbeca632cbf7f15109deb45bc5ee7e,card_recharge
e74058d790abb2617df95018b363e3db,main_screen
712a67165a5c696ac6ae2a788c098c99,main_screen
bc5c606b91c1eb5133d2b054dc6d8fc8,main_screen
653046bcf68987533a0f4195ffeb8194,main_screen
8253f6bf3296519e03f15ee32e3cc78e,statement
616bf48cd8f8b07520b4fdc557006253,main_screen
023574a6e5bc819167d3865cc47abda2,main_screen
44ca01d74793cebe39ebdce7520866f9,credit_info
50514132dda62be75ccf4e0a17d7dff6,main_screen
2b4809e260cd1fa4fe7cf446bda4a8b3,main_screen
23c83acf5e8b6dcd0d5e9ef05299751f,chat
5352c64da5230121698ddf1ac7bbd539,main_screen
56c2c9418343790ca256bfcf2e07ba06,main_screen
a5d509af22d3367b4cd0ba24f29728f4,main_screen
85b2a48511d7c9c1cf5b694a764b0dc9,statement
44e7e9f93de470cf4a30d1110ef7f65c,statement
aa7c2df499d2f22014c2b00b4ca7622f,main_screen
edca7534d631d6484e382d11f40348b4,main_screen
23736845e7417cd4a025dd3588d4e58c,statement
30df365164c65b733e6c8721a3c31232,main_screen
6190000207c5ec4829bdb303c2c508f9,credit_info
405b2e624939a740f24e57445e34fc71,credit_info
d5289964e4cf4cc803502491fe0d6c45,own_transfer
c586ac900c73c059186cdad46688ecc2,credit_info
ae0ae33b892b47ab1e47444319ab2bd1,main_screen
67951e34cfc4984e91e0cf7cdac91fe2,main_screen
ff4afc04374154a40a635a2528cc97aa,chat
625285dbb166e7724ef62e907c9e9bd5,credit_info
3edf1604e4b02351b0865c99542c97af,card2card_transfer
45519c7bcd653452fa8b934b567f6bfc,statement
69356d281814314f46aa09566b3cac2b,statement
1918ce779978ded00c8f1dbcef9521ff,credit_info
f4e1df18747cbcc494217d0647093742,credit_info
b2137f23bf3b46e9f090200348fdad46,main_screen
663559b63365ed52f98f79ddd3e119a2,main_screen
2476eda72e12df47f774d2f38051fbf4,statement
b77f50bdcd2964dec4f98e534ea733d0,statement
5fb5ca76f39387d251c6376c635c4dd9,main_screen
4caafe956a10c08060ab3f91b7759e9b,statement
e4b0ee69bb09eda2afaf5a14549cfd75,statement
df07dbae2c5f2b717b10a635104ce328,main_screen
1120e61290265e82da7d6a45f2eebefa,main_screen
4f21181aa977f765efd2fd4afced2f13,card_recharge
b867e366232056bf22408c6f03066a7f,statement
2321f555a29f9baf56a4786def4c754c,main_screen
3b7dea1e63b087b3ff65e0861a02dfdc,main_screen
59e8ab32741163e41df54f9965330916,credit_info
25b9439414c4e4b1fec34e3082a5fd86,main_screen
4db29a3d8c874522478c639e23802fc0,credit_info
b52f272ba95df420fcd90c97a7cd3fb9,main_screen
5ba502b6ead8757c3ac8894ac16f4fde,main_screen
47ea9e8683d4cd585843496859d346ac,own_transfer
c1550da317e1b9829c6ffb98753f57ae,card2card_transfer
ba51be9b4e54edbac478b04be2447f06,credit_info
81006b8ecfd6db9db6ff73e185a6c472,credit_info
a480cedf1acada7e7d93a2ef45319912,chat
0c432b26569014b2f1e4622b6f6fa499,statement
596ce1d8c4dbe769d767d56bbbe52fa2,statement
2cad6ae021058ce760d5c89b7d077cd7,mobile_recharge
67ebd48385e41ae6e9a046f56df141d1,main_screen
7230cba4656137d51a9786fe3f6b3bcb,phone_money_transfer
260eac10e5e84ac60127bea3fa97c368,main_screen
bdb753dec67a75e8140f9e0ea972392a,main_screen
935beb5f188635edbbdb20a3d5df133a,statement
705d6ecf1d34d60daa83afa8e9560357,main_screen
acd787bbb22f8f7299d111e72751f67c,main_screen
fbd504365c49345654d0e40cc4dce88a,credit_info
4299c885dcfa951b85f97d70ade9ed5a,card_recharge
4cf5852d60e658a4428ddef60a24aa52,main_screen
66730798e9231df7f6726c2c2e40e373,main_screen
a42c0a02989bfcb830426580bc0b2312,statement
8df29948983c28968b7ba13f53061ba3,mobile_recharge
7b9aba6f62a6d7997f62c9ef7a1b06a2,main_screen
d8189bc85057e2e28b59b2bc7c1b1edd,main_screen
1d13080839b64b96bb59a7d1503c70ad,main_screen
917b2926e5098d21fc924bfe2f952270,main_screen
dad23b1877f6359e2d114105d6fd8226,own_transfer
913161755de77e71eae1700b8bee0990,main_screen
cefb8c630e183af3509205024f22b51d,main_screen
3775f537c2fec40ca30a86b546177ceb,main_screen
6fd122ffa25dfd42e61471cc0e9c14bb,statement
66ceb6850ea088c1567490cd9465bf9c,main_screen
7e274aef13bba2f26531da9356ba2832,main_screen
ccfa3ad75b8a96ec725e4957bf115f62,chat
f6a561cd167e3cecabdfb8b6dd862e30,main_screen
31936e242fc0b736ef18c5403f69b5d0,chat
ac761684e5d0933aad9209e3f59f2473,main_screen
c3c8985fe75d5a3d5530463519cf6660,main_screen
dd33d29b81ee7467d0e979342044af88,card_recharge
9e995e51c5428d32021ddd3b5b5cf1b0,main_screen
12435a821bfd07eaa6cf746734ef74c2,main_screen
dedebc20e7ab461eab7df328e2d97427,main_screen
c29b103e35644a2f685066909837ef53,main_screen
cb1ac76ab7ef539a0b986c56d5656300,credit_info
aace5d2a3c08f4e54b24de48f79c6663,credit_info
fc4f921760159c39202bfdd239fb7653,credit_info
dbfea2fce3037dbca50ea165af894f0b,statement
9708f522077c4b7d4e1afbcf1c8115c2,statement
41f2ba89f4c5bbd44e7cb188967d23e3,main_screen
6c59d984c2974b6497fff738d3f77edc,mobile_recharge
afec9347a988f7b62221d4190e5fd7a2,credit_info
226ffff0d397ee797b695e75ecba750a,main_screen
a8fb25b000a986a7b0881f1661e5ddba,main_screen
5f33df5e5c396cf8c67ef828e26eafdf,statement
151a1306437796f50ee5ead6cff69f58,own_transfer
5f1dc9493ad728e19c465c210417277e,main_screen
d6374ed21ba43aa77939cd45d00646f3,main_screen
30e9729ea497e83fce7764d0091fd752,main_screen
95ed304502d91e0aebeec46cd1728ccd,main_screen
2811de7052ec9462a6619ce3f38a00b9,own_transfer
abdb1a7a8af439734ab8912decdd8ac0,main_screen
78c92f8fb33e173dec97dc91744d65f8,statement
9e8f069ed6c76b586f4ca82ed623561e,main_screen
d35ded74b4ca483c9dae0d2c1608d5a1,chat
b86163898eb60c1a29262744e57df9c6,main_screen
0ce7e2be8cdf4b5a2c7def45f8c8e035,main_screen
6eb8e45118e1407409606e674423f0ef,credit_info
f92de2e46658a0453be9a28805016563,chat
735dfabb3508bae88c7368f2a0d102f2,main_screen
cbaa067df2afba11d2624b6444d0cded,chat
a9fdbc467021562fc600acca25b7f5da,credit_info
8b4ff8906550f0c5b004c3a2478e61c3,mobile_recharge
414752e4097f01c41f44630d8011c33f,main_screen
869f7fa5c93cd9310c1f22c82552b2d2,main_screen
973fffcac984073fa261be01fde5a66c,statement
0858c2b6a29c7047ab33e4097a458545,card_recharge
e121f780a251ac117476d2555960083b,chat
ba5c16f807ac41077e53a7339fce7d6b,main_screen
06095da277e8c1682e3d79cec8eeb65f,credit_info
24bb3a22cc16f02a4deefa937f2e1d61,main_screen
4a9dd398bbbd65ca2cf6e42fefba2f6c,statement
35454c42e8a53e57aa8d3f62969a44e3,main_screen
e19a5d615a2cf49abcf100b5970e7233,card2card_transfer
e36082e7686ca3617f0a8ea499e909a2,main_screen
7c44310f7efc6892b9e6165e3d46a7be,statement
65533871be843ea4060a16323b4ed28e,main_screen
42961f6fda40f1c378c5d80c516f2fc7,statement
6908c3f649dadbdd7dec5d5a72ff0bca,credit_info
46ce3e8626f04549724980ac8bb33182,main_screen
6d7e2c15adbdc099873f023e5336514a,statement
52567d40c3f1e018b47cda076b91fef5,main_screen
7d1136660d9940c59057c86f9a5b5bb3,statement
d1a2521cbc49eb7b03c620c9adc2abca,chat
7034da057e881c471068e1ffdf3571b4,credit_info
b193fbc632d757e0be8a6ec30469c703,own_transfer
82bd0166cab3f99fc2bc04d62b0d72bb,credit_info
e6afa4a6d514432529e269e46f44e2af,statement
9fbe44748ff992fbbd585a19f183a02c,phone_money_transfer
c44dcffff0e9a4f3a78bd61102f247a0,main_screen
a1d177509d9fa2829824a571405907ae,main_screen
26f901177c40f0d1ecc0009f1acaf1d3,main_screen
c63745c006cb501e8ddbc5f22983a759,main_screen
855ef542e0e54733f7942128d906d60f,phone_money_transfer
147a4e82a55423d1d24b8817ae2fba06,main_screen
ddc8c47e8f1308408b01c6cfa1eaea5e,statement
9b7c73ac8c6c0e16232cf8809d98f6f8,main_screen
bee54c207814183fbaaca15aeef64de8,main_screen
591dd69d7146ba3565bb87fce34c330a,card2card_transfer
2f21ecff6012ce8263f3152ed4d24dcc,main_screen
0160bf69f064d647217ac572cd0daffc,main_screen
4bab93ae58a3d8d98e9f60acaab167de,credit_info
37902cfd23ddb2970ea2d4a3d4c64f87,main_screen
e03647c225872eb75ce497e2cb5d1e12,main_screen
66e315f603bb1fa08edd1c4cb7d180c8,main_screen
d4746aa4f0c86acde4a763e63fd2db12,main_screen
b700b5637619038ecf435307d66951b3,mobile_recharge
c70aede58caf336672b218a9af867cf5,credit_info
5085a72296b67d36a866fbe28f398197,main_screen
700a2ad22e40592a6437948bf2557d2b,mobile_recharge
8c0abdc1cc95f69b0b970b03d53b23e3,main_screen
7c26bb5c2e3aeede9abd454a82b1094b,main_screen
d15dbfd7d175600c6e2c13ff06e86708,main_screen
a8971e4d0b9bc05c2c490a75b8d44686,own_transfer
6a35bca56d8f45d2b9680e1d4a690bb8,main_screen
6845c568e3e5b64c2b3d9ab84a08455f,main_screen
40ca4440fbb6c8df77a18696d7e98f56,credit_info
1482d68091ddb6dba7306ed287db7e13,statement
b6f4bc636e18341db941c72e368649b9,phone_money_transfer
4ba034592b4073d94f4c3efb34d756a1,main_screen
04a700cc0dfcb1ca24c16203c3e09151,main_screen
a2abe1119e58589f5ba18d5c0d2b13ad,phone_money_transfer
22a478e0624653b3b8a4a667e5c09ddd,credit_info
89ad1b91d02210ec98e845fa90520b9e,main_screen
214510836be0723691d890f1878b9cc2,mobile_recharge
c610bc3f3ae1b2c10ff845ec2bb02581,main_screen
98442ad7cbe21218cbdf411cb78e2c15,statement
f21b90e2644c10a2850aecc87abd12f9,credit_info
4c1f9e110efe4900a7928e12969856d1,main_screen
2e637e3544374de4de7194cf78779de3,phone_money_transfer
8b7983e42e1b6b728f81f7dd29781b40,statement
ccc5ff615a227c0d2beb1dbcdc306e9b,main_screen
fea20ce2e9a0af25cab2042cae18dbf2,main_screen
0f6175caec2bc0245c7cfa89b326e985,own_transfer
61175200da36831d24f2e8381dd0bcb5,card2card_transfer
1687cca83b098911c0a4ec84aaa45870,main_screen
da36b0db752e665c466e48ce320f6c0d,main_screen
17f0e977691e386167e7f1c7d9b0faac,statement
3e5bc57bbb4e04b448e9fb2a2a481e57,main_screen
88cc7737d2b6ed7a3b68b60b9f7e110d,card_recharge
a41ee63b6c5c9d5d2994568f83529c58,statement
4ad87f1342211d0f31516adf5da560c3,statement
3f30e5ba09dc82809396a83edfd53ae4,chat
c9a5e7ad37f062d3089de6b26590e01c,main_screen
cc936a4263695953cfd974ec7f5db0da,card_recharge
7352572fab4f040a134c264955c4f3c3,main_screen
07163662d12f5fb074159f0459607174,main_screen
136eb3ff8c25ac4faf8ff66c6b4781ec,mobile_recharge
acd4704b2dd376b8933d5865c028aca5,main_screen
2d03501a2818475a2c5436c2e74d1e2d,main_screen
e095f12d33c8a7642ef9558913f68730,main_screen
d334be546a548a5e443a7aa44294e602,statement
8338600400a5b0f0ba64e167d9798269,own_transfer
850c3f6465b5576e1d3fc6dac7a68bf5,statement
8b4888881704c6fd9a2a2d97b1c6ff92,main_screen
b954aa7a6af51f2419a54d29e90ca001,main_screen
f99aac31b7f06ec1cefd1bba35b1ea41,statement
fd978a5826edb5ef83d9056feea51c07,credit_info
fb58369824d26a04745bc68257860ec7,credit_info
9262e659db8997ebf468b8e4ea4e0995,chat
6b25dd7059dc0e18998392f65a772ad8,chat
d92d2f58dffd94d662cbe7b894e469b5,credit_info
9baee4f9393a824016a6df01ce0ee880,own_transfer
afd5cc1487000da52888207531d5291e,credit_info
18e2c86a5ad28aea914e51cd89f6657e,main_screen
dc2102627d260136723f4e76567ad2cc,main_screen
c1d217b6192314e38ad7b872494b0f51,statement
78c0b20eb94cc834e97bfca25834537c,credit_info
7fb91b5a94fc508827055b514ce1cd32,credit_info
e41f30d5601fa31cdef46267ef0391f2,credit_info
66f7192f44cfd09bb808279a9b739e99,main_screen
83c39bdf148da0f8a2dd8b7ef011ea5c,card2card_transfer
2193be0fb6d390c2fcdc8c52c2f3d8d0,main_screen
9300430de8d5e72163e3c19f25cfe4ad,main_screen
3115d43bc60e8147e8f8364336cd70d1,own_transfer
917e7726f4923a8b1a7445292302cbd4,statement
d021e2426cf7d8dd2e50e4becf4d7245,main_screen
b419a80b00ffd17cfaf1a05977365817,phone_money_transfer
95cdc4290f6c12460b29bfc54444dab8,card_recharge
d38fb5802f0f14d9725d0138069607b5,main_screen
0d79a513fa9eab3694e12a2d89d159c8,statement
c8973619247a494b90e77fa5995bb99d,main_screen
2cf79395549efb902e3206b51e4b2645,main_screen
dbd8895eebacf7984704f9c88d3a25c1,mobile_recharge
8533913e98236ddf66fb561c6936463a,credit_info
932f7dca082372e2b521bed8068caadb,own_transfer
2508e47550bc907186312e96dfab59d6,main_screen
fffe4e9fbe007e73636e1bb6e895eca5,main_screen
e6d9be4642dc65df9159242a59da0477,main_screen
5968b6c0214d4b11d60607e05bf83260,credit_info
85418543c4c65fe30efc0a79243db4ec,main_screen
bea218cd3e74b125cd359cdefbafc089,own_transfer
e17eb9e23559e004a3bb94338d0fa534,main_screen
2f9700fa08712c181b21add2ef8bb058,credit_info
8a7d29fe03d5d0791203076a55d21bb7,main_screen
67b0dd9e85a37441242a11cfd07deb99,main_screen
978d3232f7a00a0b111a61fc08f1cc44,statement
573eedfec0c3cd934379c6f1e92e064f,credit_info
e7d59d4ec3bdb846361b55da36718ee8,chat
368554da6e5edf0c970f066c55fedd79,main_screen
8b5fa8eba514cf6d2cfe623fe7dbff4b,statement
b86e363bb6f4069b4e0d55d629a09cdf,main_screen
a6434564d411075ea2630da58d84adfb,phone_money_transfer
2f2893c83be43fc106a6933ca88b29de,main_screen
453bac72eaa53426290989664e8cea93,main_screen
d46680423296064ae05fe7c4fd1bcc40,card_recharge
33ac7a278d40c8d6ad406f33eef1e0e1,invest
e55e37eb3fde9f39d3bf2deeb4b86b1f,statement
343d8217d9b0a824fb3bf52be030b85b,card_recharge
f5df31332e0c3e4edab278041cff1c5a,main_screen
cd4b1dbdd5adc4e25c7df466258db293,credit_info
b71eaa260fe83eb58f430fa4ba42f411,main_screen
2432f8e113202716dd95f738101a3c07,main_screen
36c2470f83704e7aea44435b78fc6381,own_transfer
ee4c8b24fd75f8ef3288840e2c902a08,credit_info
64c1917c65d95313c60c229e5c9640e3,credit_info
64538811b201b699125cea40bf957561,main_screen
f97cda923ffa5ac03462d479b8d35140,statement
5ad34345f3b1793774ad339b8136a941,card2card_transfer
613cc8ff5f8037a8bbbd5e53f455744b,main_screen
2ebb671869af7ab6bfa825da3ecaae52,main_screen
26a3f652f1d668c8cc734f59e57fac84,credit_info
96987574b4ebd02e7d997fa9fc2d00b2,invest
530dfa385024cf558ee575b35be972c6,statement
9d2e7e679fea21c4341c9053db47fba7,main_screen
a15f24345c0918be1e56ec6b4b2e6274,statement
28b3990416e6d5d0bf91588065162ba6,chat
8c37ba525c878fde62499ff3f70ac296,main_screen
51b0d7a1958179cf079f170297c0eb2f,main_screen
6cd0fffc8cea328a0ed47f7708118e37,chat
7ed1d750265d93e8040f7a50f3fbf43e,main_screen
60f2c632e6e7d21fce3655961ca674e6,main_screen
d510f0bdac3db427d683d5d1e58d2b17,credit_info
5f22ec387ca72fe6f4f2293362d53281,credit_info
0e990bb756ab38a2f9ec4b0b5f691b69,main_screen
d70f0ff73f777f836e76e3f52562344e,phone_money_transfer
ed9d2249ffe55b984ca64f17a5bc31e1,credit_info
b7a12eef36bcf45a3938f7ad5ae9d4b2,main_screen
9c718955d8f388c39538598e90743b0b,main_screen
a06254e100580307e6ade21d092cd0db,main_screen
01e5a29445d6ddbc1b2bef2f3c911a73,credit_info
e9a089416a7ba8c3a65a93eebaf18aa9,main_screen
8b044a174cc5c134e4bb8dd17241e0ab,main_screen
1e0e94a0e2db3e5809269c1b62b36983,main_screen
6d82f3252ab03f1fc3da5b98acdc98c7,main_screen
59db190f243de6d4bd455350fc3625d9,statement
6b1bcf9c19663fd0b0dfedd2388ff09f,statement
71cafbce047307f32e0d79db817e728e,statement
865722965eb390e610b5b43512b800cc,chat
f5a4dafab3e4d0e8caf4163ee0b9e6e7,main_screen
0a26bf430c94f680d6cf0c0ce033e4f6,statement
da9c9ae1948d4c377979bce2502f20dd,main_screen
c5cc455bda8bb86080433cb3f9eb1ffc,main_screen
7333f042ff4134aa6436c64ce60b8b7e,own_transfer
2b3b7e71edfb8d8637095cde5ae9f89c,credit_info
5b9f59862259b77c2d94e647522f10b9,main_screen
766949e2afe84c8320e5df9a774a2572,statement
795eb70dee1e5d964176e366570897e5,statement
455205f76b4b56f2ffabe58d61716013,main_screen
48d573165ad8aca5954501d1ea822a51,main_screen
ad3c9777f48c5573ce58fc75def6e905,credit_info
8bf439100a6ab7bc54fd700237909b5b,main_screen
4fa91541daa51a9ff994f4f866c32716,main_screen
a1e933de094ac6dc011092da82733fde,chat
3a50faad5f619f30db8c91a2bc8f2d36,main_screen
dc9d3a4e7cc626b53b243e551edab14f,credit_info
1546b33749d153c6810e836eeebda7c7,statement
664b1544d50bf377eba5aad53500ae7d,main_screen
08531b1b17282dcd26b69054213b0f55,main_screen
f528c69bfa0dd20605dc36105bea8445,credit_info
a710b15ac012eb7902f5e0d8d5fb68c2,main_screen
73aa853e9b0368cf399129cd79c9ec1f,own_transfer
cfcab1bed97910c158dad341df535d91,main_screen
e602a1e5bcdd518782583cee75f9fad4,credit_info
a2449b756f04c439c45103c0421040ec,main_screen
e5f7f9a3ba0c203603878ce4949bde09,main_screen
2ee746a170c4400462471d33c4624220,main_screen
ca4cb559543ecd93b1b793783db07098,phone_money_transfer
dfb33435e870e0e212280744b6b4b0c7,statement
7c870a6151186eb7a7d6ccc14afd4f74,card2card_transfer
97c5e6c9dd035454ea9a0a1180179313,credit_info
3754e419bf104cc89ff6661768e0c485,main_screen
e726551b3119a3eefb1a0b289ae60667,statement
c8cf9bedb31ad50dabd5b4fb87aae096,statement
125cbef006f7fe9ba109ce4f544af7ec,main_screen
e17280f0489cad9c20629d5b2fc4f20b,main_screen
76ada5e303765df927da0e1a45b60862,main_screen
42ee70de886336ae2b5e8916fbb887e9,main_screen
a1c466fddadf958ee3ae8950ed80a3d8,credit_info
dafcc712fadb4be5abe3d42bb575d48d,card_recharge
72dee925fe027419d988b4ac024c3203,statement
6c86abf2f9dc07f5d039ecf595b5568b,main_screen
0a8a534135872d1fa90f07c300e7ea97,main_screen
df94462a1f28f77f5829e0d188c3b60e,main_screen
c54cdf1da93d07140743d970a8073f15,main_screen
ccb71eabd7c6a6f0652cd558995e652f,main_screen
f4ac2f1204896e805297d6ef885a18ff,main_screen
6ba96ed185a84dcf96eb037a7e39ea5c,main_screen
525d6b5f5458d5c5326602dc7cb6300f,main_screen
cd3b763c07a19dde9ff9ae0ce1b4435b,main_screen
5c665968fd20563c6308486b97c550ac,main_screen
aedca878acb7579590e1d3afe43172e2,chat
5539ffe393d071bdbcad034b98d13ee5,statement
d997e27fea266dcd09d8632aae8dca7b,credit_info
b58a7baca391f60d531c26a25654281f,statement
766ba91507581313d82a3251c51dcecf,mobile_recharge
6e168252ae5bd9789639537e22bd67f8,main_screen
86f575a00842085f977318817c97718f,main_screen
3400be231de31d4fa24385a99a1cfa61,main_screen
f0399a3945d5366a2e868f9787fe50c3,chat
fffc2934b4ad699aaedd38e8f9fe0ad4,main_screen
92ccf07904dc4f4cf2260064ff660a90,main_screen
273b66aa08f723786b8a636beb99deda,main_screen
90c6b72e3396ed30d0d61b0d2f4aef14,card_recharge
f8a93087f5b6c1d7962e4cd41d19b643,main_screen
d12407058ff0ce703855e048be37de12,main_screen
c65ef32b54bc10b3226008e9c1981cee,mobile_recharge
bf1679ee1941d9095d272baf3378d421,credit_info
f831df542e6fde77c67d908bf6660f19,main_screen
8d00e896cb8f4bb3de13176a83b8aa4f,main_screen
51a8286002ca4c02c4c92b9ea3f3b96e,chat
6ec245bc0b139c6d82c9b00c696c8bb0,statement
1b9d4f81f0fb12bad6a9d80a4d58c3cd,main_screen
f5f961123d0ba650163d3513ea3b84bb,credit_info
253b942cf249a68e7ef38378908305d4,main_screen
5382517d5dee278fc1f166d47c1efa28,main_screen
d8c98cb2afcd2ca94d585a260b3bcb8b,main_screen
85c27e866aac82f3ebca7221d70c9344,own_transfer
6a359a149983a4cc4da8e88434c229f0,card2card_transfer
49e2d952f451867600190e8947ba6e86,main_screen
8e08cc46cdd4a9e6e2995587b8c21ddc,main_screen
ec1f7fcb04bc50584684ac397a8b661b,credit_info
8133bb7f28600561a44841a313eaedef,main_screen
88ae5b4d059c3dd7c882fcf9aaac490f,credit_info
b944ea9bfea79c2f139e94715012ab3f,statement
193bd21057b7d1a63954821224d090ec,main_screen
a3966c47298457b83f9b467e1c2b85e1,main_screen
8b39e1f30155c40b1481395f868502a1,credit_info
ae5192fe471b56b79afde66802cc928c,credit_info
1bc1886e93012d224cd8d68e3253a309,main_screen
84e8813d550ababbc8a49852453be850,main_screen
edf6bb53ea8eabc7d1aa7048ab93d5f6,statement
ad16c9294982c6719b9e7f91a7a1b55c,mobile_recharge
002ac5722c9e4a5e9edc2c38cdd4317f,main_screen
fe7c38542e1d2d3f6d53eb0cc68ed7a2,phone_money_transfer
1ec3fdb60d951cfc4f7fe514c4869618,credit_info
18b63dd6c9a01e71161694f9bf4808ab,statement
9d2271d9c6a6fc451363edaec835d551,main_screen
d0dab3e01f520a167e8318e4a121a7d6,main_screen
2ab08528d71003e7a2607b42b0cd9104,main_screen
25cf8fc84bc74ea3a0892cfe1e1b9662,card_recharge
8a580929f901528b67657005bc26fbfb,card_recharge
250e710b93fe6682b723ebebb5899a58,card2card_transfer
84fcbeda04e6a58503221d3f05ff5e31,main_screen
61c719bd966c95e2e57315d54118f2d0,chat
9f8ed0d282026368f034b178ec3081de,phone_money_transfer
0d13123994caf984427954a79218b8e4,main_screen
3a1a2503f4f2763185a41c62baa09a9f,mobile_recharge
f5c65f4cfe50bee8fddb26ba145fd155,main_screen
5fa1c29c2eb23786752df6a668bad3bb,card_recharge
8ab13c8f18ac299ce5ca1d637b8a6cb6,main_screen
63ec48ceba791250d75872d28d43f16e,main_screen
710a569deedbdac54b4552a5703b100b,main_screen
00f782d041f5c5e0845dc9dd98150306,credit_info
5351bbfc8c74a97cce15725b70476fa0,main_screen
3c42b8cc6e3c87dab1113c4b58b82f8d,statement
7e092893b16477f58277159ce3e60442,main_screen
4af36a1e17e1e5d2234d11344eaa4b3c,main_screen
159ced14a430a53f6677d8cba26ea178,main_screen
5243d90fa8193a4ba76585dfc6162b82,main_screen
2b1f369472e5c374e17767a4e20074a2,main_screen
5b4ca039b23a52ce1d32fd473bdd39ed,statement
74d01ab0f95a90303aba37ac54a574c4,main_screen
4588ebe648fb3afeb0cd33b7427e4479,phone_money_transfer
22cbca9d3bac0c59fb6f7a2ecfa52e07,main_screen
6146d16760bbcbc9668bf28873149288,main_screen
492d56bf408054cca8e3a356edf04534,phone_money_transfer
05e3e449a00747673e2ab2f20cdceb8d,main_screen
879ff0f9fd48240aba89f5b6356f970d,statement
b78245cc3c0ec07e6a3c0189f67314d9,mobile_recharge
be0f8357a7e99d934853ae65b5840c4a,main_screen
ed12124c774a834e5cdee7a2a1d5d3da,main_screen
e48faefd4d6faa3a5affa846eb041604,credit_info
540b5f24cf262ce100f8612d823e75d9,card_recharge
28550cb58dd16efa38bc7aa7fddf9584,main_screen
03635408313f0bc55e0f11f04b4dd23b,credit_info
b48007807de7d18b2ffb458a500ac55a,main_screen
d50af8144d860b9ae2fe5a7a7bab3244,card_recharge
effd3dbbac3e4f176a900c5600783eb1,credit_info
6386fbefb5aac506888434014e58bf18,main_screen
d253d53c5ea4ba84e0e533f9f434088a,main_screen
7dde3f3d85d01234efecd59fff110c27,main_screen
a1d6b844e899468dbad44d1a31f3f113,credit_info
4faefc659e230e7cfc985350642bdbf2,card2card_transfer
7d67f454e467f5ae3197876c29f09563,main_screen
fc32503a49c68a64f0ad437aba86cf57,card_recharge
7544664ea251a4d3fd4aeb018ff1b489,main_screen
addd8b21efa34738490005b3d797e38e,statement
f3f191dc66847524ca5747ca78ee68fe,main_screen
942dab0d6c8dbe3ba68921773412bc4b,card_recharge
c81e69e389802824e1a22fe3876d1f7b,main_screen
2c1c78cb4c42c6c714ea0a275255ca73,main_screen
5e9ab12786ed2513d2163ac8268a0256,main_screen
df82c0c0db8fff7d63461c16ad0c7255,own_transfer
ab112bd6966f2bf1fa5463b31f5b3a03,statement
d29b2dba391c80fb781f70bda19757a7,main_screen
e6e7ddc777a17c97d8d357cea6c5420a,credit_info
925553abcfb202dcf2e5a18d62295d62,main_screen
4fa1b667671fd89fd6b2a84de51379b7,credit_info
11479085f73d45283481b2ae9eee0cb5,statement
fcf16a666c5ac63e3555b7ba80774afa,statement
410c41da49e472f78c3f3f85920f92f1,statement
e438fe0d6cbdee048d235c2b16f7f695,phone_money_transfer
7c4db64ec05b19b9300ce87076e24d69,statement
612edfb122323104259d5e77c7579cab,main_screen
be30cde53fcf552209614235ac079f8f,statement
761f2a66f765a7a7baf982eabd532a7a,main_screen
a4fcda626d3af6c514edbf90784f7f50,main_screen
3bbde85af69a92e96d481e6bafcb592a,statement
df45e8a18e48471b09f43a570b6406a6,chat
a55a4c854d8623cc0fbc09ce225f940b,statement
388b86cac76616af757a9120ae058db1,statement
5c68797f8029736f29844ae4fbba078f,credit_info
763a8a9fd0cb4ad9c7c4540d4a181337,chat
0e607786a075b6bfd13c21fbf6c3ce12,credit_info
7ceb67be915d550c37dffd9710ba2c6c,main_screen
d3eb735c5ebfb8bb6b410f0e27919de1,main_screen
95f59aeddb11a76e34b530361d029df2,credit_info
9790f4a01eaf14d373e590a09dc5e777,main_screen
be08c6084c768cfe43ad842ba36838fc,main_screen
1c037f3cb927917ace4bff64d3ae8361,main_screen
e82afb3c639c3161c415b5f9cb622fae,main_screen
ef8df74535aeb506de16b11a2041d874,main_screen
ccf3753059a306e9c8b9fecdbe5f949e,main_screen
b0b0fa987f8ed3243aef0a21101cffa1,chat
77408b108e5646e55c6960847e7567ea,main_screen
5db9b12cee6078d2fe3a73363e98d154,own_transfer
006da09fb1c8c802b19155fe326498aa,statement
93eb4c0a6ff777b4728d8b518e9d22f9,main_screen
9c558a82078d21bc0c5a260b2fe891d1,main_screen
3f8ddbc1d50499e779554dd2cbc49702,own_transfer
912c91c4799bbe1fa6be5ed120710a37,main_screen
983c4f3e616a574cde316d41abf2b747,main_screen
d5525be02b4e420ad1663eec45905691,main_screen
7f79433cf0b8b5bc9f9ad4bc1ee2097a,main_screen
c9df5d885da5ca231398046f621ff499,statement
f1cba01e12276d886e031b5b972c7654,main_screen
9847eb6fec708a7925439065f48a1cd2,main_screen
fff337f00c49df3d82c79023c232c372,main_screen
14678829f271bd13282b2cdec37f168c,statement
75da0714f4c1fdcf883e074a5a7780ac,statement
f812b709d5ce94720704b33e1694e4bd,main_screen
c891b7bba96e7f8a421cb4f839a21d69,credit_info
8570dc01c733813f3e6a2abf12af50e6,statement
3c206765414d33599ed8cc7c9ee2c262,main_screen
6688532f9b1c94f3cf8a60493501a702,statement
74b8c5f4b43670029f8629616578afcd,main_screen
d776165e594b0940e18d4bede94f30dc,credit_info
3f734cb1d6adec536318437709ad4c38,credit_info
477026c07c547d92c8d21fadb663aa2b,main_screen
547de6be2095df4e0bc370b9144817ce,credit_info
d2859420575ac6475f52f5aab7a7f16b,main_screen
68e5e9a4bec8d5035fa039571a75865e,credit_info
6ae912f159e29546e97d041cd1303f76,main_screen
235fb084d5be3bebb28bdd13aaa52f79,statement
d9bef96bc4709d03257c9bb6d1c7d41d,chat
99e5fd6123b94a728df3612d36f763b6,chat
ab404f9075e3aaf5ed41975eb0ddb68c,main_screen
093b6f570c492efd5afcf47374dc58b4,main_screen
c8dc2db31c05d13e35aac8e4658f716f,chat
11298d1967b7a7dd4ad127b67f11ef6c,card_recharge
d24081faf0388535bd79c9feecd73aa5,main_screen
b22a25a650e2d571a6a2fa36ff1517df,main_screen
86c2f48928fbc054b773fa3335bf441d,mobile_recharge
f0505418152bddcc854b951b43ef137e,main_screen
bee6865995efc0fca4dff8f88edb59fd,own_transfer
ea1e07198f44e1eb3d7d40c352369398,main_screen
d6d29d81da36c4fa25fdc74884011972,chat
b0988f63c73a0d77433d0eea875cb274,main_screen
61f72aa037c3c339b193921f2dc21ffb,credit_info
60474472054df8007735a47d8843778e,main_screen
81e5731332fc83a727d226a00394c1c9,main_screen
dd0e2aa17300d8f9dc8eaf12ac101a59,credit_info
cb329d157676d551c72ce85ab28e5343,main_screen
0eb7db65d87d273a759822cb4bbb27e8,credit_info
61684b3a34d18c1f1c8294eb6841833f,credit_info
469fe20bf29e176903c0ad98abb1e0c8,main_screen
98e76a6eef3134c3cf7bff50a25b81c2,main_screen
5538ea73fdf3981a3f28c063a60fbcdb,chat
26139d5e997ef5f378511708d3b4023c,main_screen
517785f09daa9adfa928369d1710bc57,statement
a22873c17346663f5683da58dd14f62a,main_screen
2cd5cf449b6a6dc1aa90e6fddc4b972a,main_screen
65afe5b19b7ea9c21aabdc5a0e638db2,own_transfer
3cd78d83f102000b2b62a72652a09115,credit_info
411fb29bd80601da67253c9f75d6727c,main_screen
e2e30926c95b5a5c2b7ed970876f8654,main_screen
fe174483746a6386b68d8c44be924493,main_screen
c80f21ddbea5286ff51f807a213da73b,statement
97bf2678fbf980ff9c47e3fe6492d95a,main_screen
eb94eee498eb28e100e1457908178f13,main_screen
9f516a69768d0b2d763c81fd3d9d937d,card_recharge
ed936a9e76ed41104e81032277c6c4e5,main_screen
e4514128b53f933ad4e9a20e1d9a9707,main_screen
812f081696092157b34d2515f0afaffc,statement
ee8d28e899d6fae88fbf4e3f131a2f6e,main_screen
09bde35b342e64bc69cdd8eec4521d33,statement
c0137e29977b8649eff6be19ba085203,credit_info
30a7930a9763747443244e9ebdf62be9,statement
faae495968f2e3983543a83925dc4ce0,main_screen
9305388f4347eb977ab8cf3a59e831ee,main_screen
c9bbe3bff2caeeb20f41273478e4ff8a,credit_info
19581b29c96d3af7dad520aced770db8,credit_info
0f5978b924cf6e0a0e156d271224bb0f,chat
ac9324ee9177987f31d51789491fed1f,phone_money_transfer
33b59feaaac2c800362e5d10f9848d36,main_screen
3bc6fdc0720ceb2b912b1bda838238f6,card_recharge
4b47dcd1125f381308e9b7ca9d061dcf,main_screen
910797fa8a1b8f2257a098b9683cb5a1,phone_money_transfer
d693e776216a62c9582c54c037dbad35,statement
1555aa36b0870e0eedacacbb36b0ac3d,credit_info
a2f68b58fc520196bebfeb53387e0496,card_recharge
1dacc16c0c37eb70b6283da618f9f26c,credit_info
105f4c96e415ca068d581759a685fba9,card2card_transfer
6e4edeefc342c2c67ab531adc6c7effe,statement
d510000e089edf996b980949522ff474,statement
25baeb7906f2fe7f52e337dcda4da57e,main_screen
25e3091dc9b3d353fe758a2caa3a80a6,phone_money_transfer
3496a83cf6e42ba5d1914504e56d8a8a,main_screen
f0627d4f689b9aaf27955fb734a1af0b,credit_info
a465ce3a1cb028299b3b50de51067c8a,statement
586f8a4015d1a66cdabf74e1f5833ffe,chat
64773cb45082c949f8a6c7cc5b023392,main_screen
9de7914f703f0630c54f1f33cd75d000,credit_info
621f2954e0564ebd817e686c10a8287b,card2card_transfer
343c0057602917071dd39711e78ab9d4,main_screen
045ce683bbddb7ca8dd8dfbce703d27f,main_screen
2bc3b0d24ed27c3e7cd81a11fd4ae42a,main_screen
a5637db75c4e48f8a56ad8f8f9ef37a2,phone_money_transfer
ca4a9dabccc51cd838b32f45cc8de4c7,main_screen
e532f76f83f2efe54dda232694cebba3,statement
c0a6997e9fa74f409511f7994aac2abb,credit_info
ea7053599191dbe4aeefacf6d835b3a0,own_transfer
e7f535e90801908e02baf281b2306669,main_screen
cf9f35242bcd6136532f5a152017a952,main_screen
12c16677fc9e5a6dc6b17a933a7f81e0,credit_info
5471073ca363911099f8deb7f68b3ce9,chat
4067cb61e7db11ce55baa0137c4e77ba,mobile_recharge
69e5faf26a5cc062dfabe49da55728ad,card2card_transfer
c883ffd3ee4b0708ae15ecb247412fa8,statement
1d07bad294b917db4973e6e123bb3ffa,statement
1bb54aab1a8f375fbc0e2d2923353d3d,main_screen
312c24622a47889ee0cf8c82be86bda2,main_screen
d65473ec7f3f1178e06d0ea7076c9474,credit_info
163a5818f6b8b3496219ba16ef781702,statement
d21726097abe3ac976adda7552b182f8,credit_info
301b5845609b76cc14dfc89ef14072d8,main_screen
df9862bc7c79e1042e76cccd54912861,main_screen
89878c5ee87a8bda5628bec83e83b33c,credit_info
bbc026147b1b10510a5a9835cb41248d,statement
c9b3e2100b6516a0da506f383f3c5f16,main_screen
f8895d044e38b6d527346c9e9f5b3c85,statement
0a843462918a0c23e6c2be0742073343,main_screen
ae3522c9d921d376f3a660169bb27fac,own_transfer
53c07f1f3729281b78ef999179c30fc3,main_screen
b66788f66300bdcda604c3acd0618fdc,main_screen
b65cfd0aca1ead6059f164f1d76f7a6b,statement
9936b83021b474e1169666d136e79937,credit_info
5235a9c44b2119807a945cf9b19fe459,phone_money_transfer
094ed6ad1f64c158139804a3e177b9ce,main_screen
7b85577ed1b3d4d68fa36c9d63d28bcb,card_recharge
d0d6d5b87b44c404be0b2922db4504a1,main_screen
2b43ea030dfbd0fd9d1f35badf0a42e8,main_screen
0454917bff6125a1e06ab041ce5b3f30,credit_info
316664b0e99176875917ba0e53a0195e,main_screen
53189ae4a2fabfb7e9bcded2c3a46d8a,credit_info
c99acd9986cbc163effbf99dd0f5ca45,main_screen
fb69e520c0558bd1e3c40c3122ba1f43,chat
a339dfd0eaea01a4941391009441d00e,main_screen
5e9fe04ac8ab93b5ae07a1c0ff89109d,main_screen
4aedfada9a3af76938840a0a34ea5133,chat
3c3244a840c473196ac4c9381197de51,credit_info
fa9b1b56066c2658467e8d0bf3720e04,chat
79380047996f841f7c6ee3b51c2b9b6b,main_screen
1d73a1dfae3343ea3c0a242f312717dd,main_screen
6e13b7e3d97c8ed4db3aae35ce1f4252,mobile_recharge
a115f3882037728a2e2e23d0593c11fd,credit_info
b59c6d3f3ac0e882af04afeef8a986d5,credit_info
d41c8bcc1812fdd6489034d6c19d2c8d,main_screen
d93232580b5fbac1a5cf79a45627f0cf,statement
1911907104fd4889ebe3036292710a4f,main_screen
922f95704b6865e70f30b0238f917eba,statement
40e1993676ae2444d6844d595b8ce58f,main_screen
8877c1545b439c534712117d03fe8f8c,invest
841ef66e1e28a42f9ae9bb44d3b566b1,phone_money_transfer
53eb01fbe4cd622f794f84d198e9610e,main_screen
19df579d1ff76e4260a78de405ceb6b2,credit_info
b2e0ae2a088297dc3d03a83cc844ddad,own_transfer
da97f43469e0babb4e80a3f3c374ba5b,credit_info
eee788b3a8deb45869d8bbbb9a8afdcd,statement
0322a1c7bc6cd84e1523c458b0eb869f,main_screen
3b040c22e6a4a6cefa088585ba69a9a6,statement
c3350e2ce6217059caa1651d8b4e5c08,chat
d5b3ec341cf3e771055ddd267e93ca78,statement
4afb167606fff3b8309d6fffa19d4667,credit_info
e7dea255ec1b1a1ee09a10ab791449c2,card2card_transfer
547cb71acd58d82aa4a79b264ebf3214,main_screen
35af4e4299d7fdd18800833157ee79c6,statement
a1d70924a1f1b156528871e8a0c8efb4,credit_info
d2535c53c59887bd8809776ed603be2c,main_screen
b1618b6e1c72b9b6d638c50240b9905c,chat
4ad9ad3db786dba37c3683ed8ca37717,card_recharge
49b50a61ca68eb2dff921fca80e1f7f5,credit_info
38628f96f41e04ef2c596b007bece421,main_screen
9de5af9341783c3042521d8559ca85eb,chat
56d0ec6505b10a724e1ffbf824718083,main_screen
8641e65f2ad17b55b814bfe8a61f7617,main_screen
033fb7fee37e8f6439c54e8e9cb30ec1,main_screen
7af85240853e078c1eabe27af5bb9b58,credit_info
64adc42cde69f3d615a12285d3c90403,credit_info
006dc675efb188312da1d73fc6d64d3f,chat
d4ff72a9d81e379e9030e4dcad52d2df,credit_info
dd3ac19ae9f5eaf7cba29da4f024e49f,main_screen
8e776a8542f4efd6b0516efc25ef6631,main_screen
8529133f778890f17d306297d01aa4d3,main_screen
f4db8003a429bb9cb14c8bb502eaf028,main_screen
2157b8a6f1592e4726c7de88f8ecdd37,main_screen
df8e83e5752e068e7e9fa0d1f7b5c8b3,main_screen
b2f67a1ecdc1462c66d02e2ad30eb12a,main_screen
e87caeda1edc783973e94ebfbacb69a6,card2card_transfer
30dc3a7204ceb5c7efd4ef00c7414320,card2card_transfer
bbfb0ac529f5ca627840e83ee8ca38ff,main_screen
9df20c7311dc3050a551e9250bb9b806,main_screen
ee250bbeaf015f61d83571deece59b29,main_screen
83ff2099b3f9f63de779337cd04a6ec2,chat
44ba12cd7d171e37d5134aed7296bd62,credit_info
373698443734642797678c2c72917de8,main_screen
da1804af5541c649104e1117842aba99,main_screen
ecaefef957682e5b14acab42fea1fb63,main_screen
f6675d5a8c82d318ad1caaa926764bd7,card_recharge
86d096702f173f5c254b03596c661077,main_screen
ab9af898e5e6f5d9f31a3e1312897994,main_screen
f8538bd4538134875deb25ee864343dc,main_screen
52ccce242cacd48f80c62ca1b6b54b24,main_screen
b45f03296147ced20fc73e057f682c5a,credit_info
accc04cfbabc7746224072189e86edc8,statement
c7dea217d505c26f7875a489c03bc69f,main_screen
9a90af26618aa8b178388c1f8792b93d,credit_info
cb233c262773cba9ab0bd18d08eba8d3,card_recharge
ea9cfbb2d1a4ebcde230e41874332b1d,main_screen
4f550da701d4c286b783b1ff80c05875,own_transfer
440302d6932ef3bc352ac9bfd52c739e,credit_info
dcff0fb1d434a20eafb7197841ed0580,own_transfer
19dd4ae6e20ff9aea6b20ce19d8c680f,main_screen
df8df52411e9f301397e3f577386dcd6,card_recharge
2c07489d77c4a93f01e619ca6dff3a46,statement
5feaf84f155180cb117ebbeb666ccbad,main_screen
938514195f1f2acc811ad6110d4a7674,statement
a17d07e1faa2afaa2e65aae471dd4e57,statement
7fce7b8c418fdda28a68e48d295db426,main_screen
32803363c32a1aa6f02e10f3e483176c,main_screen
1a20468a97d491c9158c7dbb2af8f894,invest
bf89988c201819b81669c7e892df9311,credit_info
9e9d2aae0e883a9ccd6ff884b5a4c740,phone_money_transfer
f94a0acc8c21d8e562c7700be0a89b6d,main_screen
5faf7a9e035e9fb669f82454a196b2a2,statement
a42a0823695732de9e0245d0d0c8df65,main_screen
ed89ce459b7bcb4fe56db7e34a0c06f8,invest
542b61077de3fb390b1ecc6e76f44e81,chat
30b74ea2f971fa0cb5bd77c7047499d8,main_screen
cb01acc6e27152572c9dac04638e0295,chat
3d8d8966d8fe77cd9724dadeab6caff9,credit_info
31440e5e21d7611081ed3a69e4cda2e3,card_recharge
ade19d3c293561a1d1d7747afca2c189,main_screen
a896e7406e50bb035e09af69f4150fc6,card2card_transfer
b832ae88f75ac60948e28a9b1782b279,own_transfer
7d046c5787d3180169fdcc5965c3fa21,statement
42a0681d7815ffcb6d2f36a5d7d9a5bc,main_screen
ec7b59879a9461446cd0d3e15e463777,credit_info
48fd64ed526f5589d2ba630804367a2d,main_screen
f0af44dade7bfca42d197b533b5ec0d6,phone_money_transfer
0571e0c2277d12e559e5a095d60b0168,phone_money_transfer
a66054ca89b0de3081db1ef1a9c92463,statement
dc7f8dc30dfbb9dcb3a79028e4f12957,statement
16bd0e45dde1f70e50e7ae46bcf9f4eb,credit_info
3d89cd6cc15982ed59e7b55c704a0178,main_screen
fbe56d04d85658eeb68359154fa148aa,statement
042f087aad2bcb111dc0d7db451189db,main_screen
d83791b84446ff999b47d3f977279bc3,main_screen
3dc12d247f6532b43c63d064a52b4c82,main_screen
e901885995ebfb60bb11eb5dfde0e334,main_screen
d8d0f689b1fd6be67182f4b0faa6fc92,main_screen
3a899635b5f47c1d8f4c695dbdf0601e,chat
982cc4dfe91c4d9d2466838d65d0551b,statement
938bc9d281dc4e2740c42a2ddbdc25cd,own_transfer
f02ebfd00499808918830b5006c55a14,main_screen
33913e8f93948ecb864f61b789d9b0eb,credit_info
07359db7f3d4aba489783de1c0c50792,main_screen
cc9c248736f0f163ca34c74ef6463f72,credit_info
5c7abb34e142594359c1b4f78d5020d0,main_screen
e466204ccc4b02dadc6f097c9f79d4d2,credit_info
532b92e13a93c40bbc4e8789a8a5baa6,credit_info
c938b5c568f781e7bde03e54ebaac975,main_screen
2be9c18550df0722dc94c6b994844b1d,card2card_transfer
d19d0a0ebe9632824d615a1ad0a4dbbc,credit_info
3db85a24113d6f4d869df99d190c2e98,credit_info
789f0f7df1c612c8da5a70b964d0c680,credit_info
73df42fbf6442970de5d8541139071cd,statement
968659ad683d16e3c63624a3962011d1,invest
33fae08d733decca6881265279d09904,own_transfer
c8bb3fc9ff5d5915bb20eee5ffa3f397,main_screen
5fe4ae540133137347425ab48d945635,mobile_recharge
844429f514c5af41865f0651dd7c83a5,card2card_transfer
240293aa127badebe95979269b4c18ce,main_screen
ae358560c028b71ac1e42e8fb7307590,chat
d84837ec098e54d98a6a2bd8b554876c,credit_info
73bb22fd9576a45ef3d24ffcac0023dc,main_screen
e5799e2eec3c54bcd33cf2c1160ff239,card_recharge
0fa76c0e7cddcbf42b565ed4cbc7eb87,statement
ff34da49e2b9eb59c7b4664ba17094ff,card_recharge
16274fe15ee06478b5660f70db601c08,main_screen
4fef5f6737cd338dc1d334cd454cb5c2,main_screen
cbfb2f5b2e664a4f504c12e8e79bd54a,credit_info
f1ff445209d1166b5a6847b124b4ffaf,credit_info
cc6e949f9d1c4356d764e946b89a9bc0,card2card_transfer
3b4453ee5cc1a89e0a9dfe0b5fd4e260,card_recharge
2a984a5ba6536cae1d3b65ef2451f956,chat
f737f7fd11f28519a240d6c0320f7336,main_screen
829e5beed9b37f53e7a473bc7fc317b7,card_recharge
a361a4d3365bb30068c515c60baf8c51,main_screen
697d7c33ec74884f4414676ab6fe9178,chat
c9c4090bba31487bef850d53e7f6aa17,credit_info
3658593d75d1c4d80aff1135bb432ab4,statement
c4ddfbca714ce9e98a84d4ff774567c9,main_screen
fc5aca876245973a7cbff373ae97d8fc,main_screen
27495a6c4b11574beaa895b828862dcc,main_screen
d8e4039bdb88cb5fab36010f6ad7e4b8,main_screen
9ed6b905db3efc2c0471c6bb973b2919,credit_info
da23c251b756fe2f12e85de64c9f605b,statement
378f5e08503f207d850563b1e87c7dff,card_recharge
4c82554f3810c7f5efe9c06801333af9,main_screen
1d0d2161f19f20d1ada96649ac9239eb,main_screen
3a2960ec060358e5318186ee7d04d746,main_screen
ca6d679bbbacb2d41660d5c1648222aa,credit_info
e12ffe3a91b4b7d2b248e093a5b5d14d,credit_info
5001ff12534dfc0797169637ee54d20e,credit_info
a40eb2f9db24166a495341a3bc7a338a,phone_money_transfer
da73dc514c4e6c9bb69815e8ef0927c8,statement
b920aba112085b45a353a8b0aa95d491,statement
6c55401fe67cfef8112c554014ebef83,credit_info
a41d2d9f29ff75d42c2021ccc97ffb2c,own_transfer
29b102e5aba4bb051d2ad507da7631a6,statement
b271b06b59d959cfa1c7302bde11c180,card_recharge
78e2f2856035292173d068314d30bba4,main_screen
b40ef907088c9fbd97b8bba54a398a0b,credit_info
7b4a53e54688738b5d9066a23fc5f675,main_screen
de9b79de9094f92b7ac68dadd173493e,main_screen
d0b126eece6e1478e0f20dabf15a499e,statement
de01dfaec4723b47d07a9f37be8e2aa4,statement
e79b7726306123820716ab3c7bbf2b15,main_screen
72b66640437c45b2431ece9c3512f556,main_screen
d9b25e33ac33b20ee6559ce56b70d6de,phone_money_transfer
30b0bb783bdaaff6bff0a684b4fce891,main_screen
1046172deedc5ced8fed61ac0db8667a,statement
74228b96bd574c871e400bde8c521de6,main_screen
2994e96aa0ec8dc6c352ae21bbc36547,statement
2003df7ea50e62f1a4656ed2aa461532,card_recharge
58c8c65c05131dfdc3ddf7e63e9e8303,main_screen
a72cfac159ff61f7232cb1e8f78eca78,main_screen
93ac96dbe1df13888f7e549690f6951e,main_screen
7196a007b9c281a70fea8bc8dfc7cdfc,phone_money_transfer
f22ffafadc58cc8be27fa44d04d607c4,main_screen
dae31be1780044fd07826e8a89cb6072,phone_money_transfer
92ede883ddfe9a166019b58d486e89b8,main_screen
65930a82110e1eb1075770b377ed92cf,main_screen
f775eb54cbfc08be376c6d23a48bae59,own_transfer
419060c7d590f874babd5166a4c5f003,statement
92365de9fa432da56d4d2ffe0ea21c29,main_screen
49a64f73a8f972642cce6e2a41d68457,main_screen
5116bff8b399f950f97107960b0d7a5e,main_screen
5bfb2adc0947a39ee23f0a4e8ecaecd0,mobile_recharge
2f7b2137f402383939b906847388dbcb,main_screen
b70e28facf02777848bc8b8f20c3af7e,statement
c6255ae057264cf1c7538e68dee20be9,main_screen
4dd9a01c9fffd9e516be6114321a1e88,card_recharge
f03697263078fe9904c01eae8cb338d1,invest
ada784212956b7e8eed036c157ad9c8c,main_screen
8c09d986df2876ccd93b1ed622c81294,statement
30dff5c4fbf74e3c1fefb88b5d22df8a,main_screen
6f8a653f01726eb023126383f0fe9b68,main_screen
9738f8752e972c5de13dd07faf2b5fa6,credit_info
70f34eca6fad999f338370310930bc7f,statement
8fb1dec4c9d774d1a3d398c32e590ebb,main_screen
c960ef80b8718473e66e1d0aeaab441f,main_screen
680591573f7c080d208085c6f1dd3c35,main_screen
e2c77c371365d2f68bf152af7d2e4bf0,credit_info
3837e210308cd96a42ffc912a510ef7f,main_screen
912df098660d43fce16e15abea63b3e7,statement
dce8cc2eeadbb1e08fac94726367d74d,main_screen
c045cbf12b3540499536f267f618c666,credit_info
6b9e530c7f56fc581836adad1b42c16e,chat
019da29272decf4c19a2c95d2811521b,main_screen
7c00615c39097f5b14ae43b7a624a7ce,main_screen
477f3bd7ab3a9bc18e66b4eb0af3cc94,own_transfer
580dcea5cb86bb9a4729cae60ade38d5,mobile_recharge
a6498476f6705448e1adce44ca7ada7a,mobile_recharge
248d6689d58647d00ebae1391e342197,main_screen
94db49c48a6b7123e229049b0d26b050,credit_info
373d9877c0e9e7c7ef08f838472b722e,main_screen
8328d743a47bbaa4fb511b7a0044887e,credit_info
1416b666fee0d9d68de52c1301c6c05b,main_screen
5aa858721854f5152e6afcf72cf7f841,own_transfer
de5f48f34317679d887c9ad6367d4f84,main_screen
8cd1389a06a1debab0c539a50d80cb69,main_screen
c148bd5966cc9d9eedad9b59df26f462,statement
1662a44d96cdd401add0220b44c27935,statement
562feaa2c3bcc52c4c22d0da1ec6dc90,card2card_transfer
a5399dc090513949d70e1616b7747064,card_recharge
0695cb0165931dc0836f214c727e65d6,card_recharge
e0686dc7ab1f0637909794e5cc76d24c,main_screen
12778715e3b262e414f63b98cbd56a36,statement
2374090c662c7cae28188bf7ee550e32,statement
b5dd6452239f2be3c643a036d5dc2d31,credit_info
772ede579da1ddddb7fac60695ef5671,credit_info
90c0e8da1cb331f440bba45b3e81e56a,statement
c027281bfe4f0be5f2a5a6237d34e702,credit_info
1e7f90d34a1160fd0986101ee9f9cf4a,statement
cfd29b4646964ebbfb8033cd19987391,chat
4935f39d796899b6fd03aee3c8ec92bf,main_screen
9831efe0ea378ffe64d0e5fc2b82032b,main_screen
50b86346aec471f512d2ae4d277bc5f9,credit_info
fcfdc6efd0d31bf29975bfd57e6d460e,main_screen
5ea0f4f21f2ed84230620f4a42855638,card_recharge
8fca77f0a2684f866d696245a991a928,statement
32d60e43c200a6ee03f61b86a3b840cc,statement
739a95d5e63d48c5a45e5c52170f8fc0,main_screen
804eec58ce92ebba53db4421309e5860,main_screen
426e9d2c986aea6320ed7da5b9c8fdbf,chat
ffc0481841da30c5a873a7f99689f49e,chat
22642c32a374a44c444ddaf1dd508a76,main_screen
1182aff31dc64c01b0c3dcd14014f3f8,statement
f3fb1d01ae2a8bf04ba91a493a333992,own_transfer
a0df3aff38e3b4941c12d714f3d483ca,main_screen
0d2a2e48e9277be06b60350fcd2aaf8d,own_transfer
1fd4f6707dfe44530b566d4f3ecc0251,credit_info
7a9ebf92ee28110a9dc0553ced92ee28,credit_info
f6599bbcc11e8bb7971356449700d0e7,main_screen
2fb584e41fec38d4e0a8eb0d7dd4e9af,main_screen
917aa465b85243d64671c647257e5994,credit_info
d3b9d47e0075d5a23ac138d9b50ed928,statement
b93dda10b955cfae77691f1b4dc037cc,invest
bb102f3f5891c29d52794763d847d182,credit_info
75a327e177970580de8f0e796dc9d3b4,statement
f86cac3c6c011c023e90a29245fdb153,statement
bcc5b776d7dee1b778c181a81744d8b4,credit_info
4bc3fd89200aaa15ac4804e438170666,statement
12b35e6c19f46036bb1990719b4164bf,statement
06cf49f5af15330204719ab542a6db10,main_screen
7e45f29422a8d28ff85b46fff5f5e09e,main_screen
fa51ebbee370d89bf2e49d39e6d7554b,main_screen
f743ca55e4a8f086888a6d54f1b5f90f,credit_info
29784103241aa85da2cbc1a6959e3c49,main_screen
479d9245fdc7b50d7f5c359c5c4f091b,statement
5b96bd8a0133eed25ec15ec6ede912eb,main_screen
ed20345175d951c13e6cb898ff73e42d,credit_info
14e053c25f83eb509b9e4b1d8f3e9ad9,credit_info
7e728dbec31f6fa3de2793970c0f450c,statement
d7513914b3c0d60435b1e4e0f6ef8a91,main_screen
ea7c2e3c6556543af554328d441bf321,main_screen
2c81881a3dd11a93743bfb769ed48be1,main_screen
522adeabecff1ec64ebdc70ee74e550c,credit_info
74c7cb725c06e2794eade832bd3569f6,statement
bfe658021d9bee7e3a07a02066827894,credit_info
d11af6248e94c21caab31e283f5d45a6,card_recharge
d880685159f65eea65445984a4d1e66e,own_transfer
fefcbc6759c1349c435f7bd507ba45ff,chat
196a5d38e1e1ebfc58e427a88c2f43aa,main_screen
191958997495f220a0b8a672fbecbad6,main_screen
b9759ac29dba7f17130cacb8be27a9f7,chat
94d0058e161e79e1a4a34e05ca1b72da,credit_info
5fa1693fe3e13596ece4524717b04ad0,main_screen
be390af41602d81801f2481bfccfd3e0,chat
d3bf539334222d87a693e8f2a738864b,main_screen
b3da84407e0f4ba6e92bdc34ef344b93,main_screen
8aed48d934b913250c91244704c5277c,phone_money_transfer
f6a55aa9e0cd87d685ebad6b99293794,statement
6c18eb5c9e03cc668aaf1fc69645f8a1,main_screen
ccd57822078b7a7b10d0dfc8c92dccd0,main_screen
0eec0e1ed21a3ab0cfc2dea95e9ceb7e,credit_info
ccc5e3f691382938628304746b99cf2c,own_transfer
0dbad07e8f2124d2c4e74c2601149ceb,main_screen
6246272d7a20a6630b9f2efa7ab0415e,statement
8666d6ebc6b5d2234a6fdae380c47384,main_screen
ea734897154bf5a3d4283e76cbe3cb8b,statement
8a7a758b29eeac9feffdaca7f6aca081,card2card_transfer
dbf6b4626c5e8f57e92d7778388f8e54,main_screen
0a6cf47cac653453898c43e5cd6a8e57,chat
d562927be83cd26ad89ad868b292c44d,main_screen
afe5be37b5b37366e85f8b7feb56c3a6,main_screen
915cacdca5f81a2add988f2064c6dca1,statement
b2364c124463c529b4e0479e2578d454,card_recharge
af2e9395e3dd5f4b8bda2a78f163282f,main_screen
a39f06742e2479fa8664dddb2aa7711b,credit_info
a9535171a3bc247b334893c1e51f2b78,main_screen
5f5df2d70ac6577777b16fddcf4df026,statement
9aa1b7665aa3df977c1e6bb70b131afa,main_screen
b12bd14df9932924c727c08958c7ca68,statement
cb8cfeaefb190a8ba1d24ab295f2f70c,main_screen
3c2fe041d1ab71c3f72ad25b85313715,card_recharge
9ffd3ad7cdced0d6434fc404a9ef7791,main_screen
f76376e9e9434c5bcbcae2410f049eb4,card2card_transfer
fc643893e996c7742774f12f5f92d63f,main_screen
9bf765a2b60a8bf16a7ca99d67263977,chat
bf71eaff372509885f9633e67601d7ab,mobile_recharge
75190423bf23931fdc14455d84ac2178,mobile_recharge
5185f59c290a1096c6b863dab1da95ce,main_screen
a4f806eb58aa6370b331104538b13ee6,credit_info
38c6cfe6dd16696dde925dc7e4eff7a5,main_screen
c6947dabb24d5bc957ed10b91c571539,own_transfer
ecdf9451cfcfb56afa201cef9c75e349,phone_money_transfer
aab7e10308de1c98f9ae2a1c3f16a525,main_screen
7fed561b9f2c46349ae3f942944687f8,statement
b8fbeef317d56971ede73305e303b278,main_screen
d1c66fbb6698aa2ff81b674f2465cf4b,main_screen
614ecfa00277c5662db80a08e014fa3b,credit_info
e4957ecf427758fcbd238e5c98571a83,credit_info
4a8a239a18d6f8d0daad4a85d47de561,chat
bbf19e76f088ee87078bb469d49e847c,main_screen
da0229cb45dbdecdddac2a8df093c3a4,main_screen
bf71ec734d686a6ccef172948b9735ed,credit_info
466ce71953bbdc1f2cd53c61747f29e6,main_screen
62d8bb330deced4fd7b7dc61d9344311,main_screen
3510259ce3f6e5cc69de0c5d4e2e2c63,statement
c1111a5a04da4f26ffeca1bfa9b36151,main_screen
1e6e52f2d3a4ba8a4d5299c2db52ab3f,main_screen
cdda25ccd8da5fac69e1fa7495ba996b,credit_info
90b4d16fc5a16335eed10b86cb3c4d08,main_screen
aa2b975da71b77edc525f5df6cfa07ff,chat
a8d6d3b99121924cabb5d72928d3e382,main_screen
b5036977567c8fe1393aabb901b9b7be,statement
53c0bf3a28f3b48cd851a8461729ec34,credit_info
07ab50c3e5658e92a81b335a2329cf2a,credit_info
2e2872ed5bc99695b68d073679eebcff,credit_info
6736335f88a4db162a52be9deb59f174,main_screen
78d3b84bd89389af20c685d05d426950,statement
eae3a4783341d0f60bac76e8c0e7f48d,chat
7a75f33b378daea0185fd1365c931c34,main_screen
5c8a275408b4af01ec5668ccc7fd41a6,credit_info
92fa0cf81f20857ae999369fe4b894b5,invest
664c7e29e3f3374d959af9a08a72a548,statement
7d28298e25287043edb9c55911f13795,statement
ac7e4ee1837e58195c9b9824d0c2d87b,main_screen
94abaa9be1381f6db443dbdedba9cd8a,statement
966265545d9215fe7ce5b89f36443aa0,main_screen
33b3918fe068bf992a7366e77af64e19,main_screen
221641db3f3dd1e1b58c76c8c7cea726,statement
2f42d24ec938bc2217e32229c613c8c9,main_screen
0c75b11593f64a480f464e7027a4612e,statement
47f7c695b276c6f99e67a57ebfdf312c,card_recharge
43efca89a6e7db9e9ab338bfed7e3a52,main_screen
03b8653dd2022514024d05b5162c8186,statement
584c0d53e516438a8adf5549bfc47fcb,credit_info
2f6dffa76b2e3c214c9e5c6684fd7b1a,credit_info
a5a242d76da1d6d4de12a65a4a93cf14,main_screen
80051ceee11373f2aef8f6fc15be297e,main_screen
d52e1d6eb13faeab8a763dd21912ea2f,credit_info
8f1e86a1a29f3e1201ac8a72856f4ad1,card_recharge
d60c044de61827530db4b65f5cbcba78,credit_info
c74f3d6739df519fc12fbe111d0efd96,statement
78594375c44222854a9b633363816df0,phone_money_transfer
23d7e87b3af792cbdb0ff4d651687e5b,main_screen
153a3e456b44156804fe7af93352a4f4,main_screen
96e156fc2cf4e7fe6e950290749c6654,credit_info
2ffb661ab177437b20818b27b0ce55e8,main_screen
9213f5ff41a2c6dd7f85efd2bfea35d1,main_screen
0db75593b81ef5078ac182c2449af26e,main_screen
0dede7cdb58c0abb7d723f6dca8ab83e,invest
6c7c588f39c1835ab8f3a0ce62e68234,main_screen
01283ce2b30e72e6be7f28789b69622c,credit_info
510272094ad23d612a572d74db0a088c,statement
09dd7ca3c6e29d8138da2086f524f8be,statement
10f7d07f5ce3cd88dbc80fcac89bdc5f,main_screen
d4f057fb895f2b130a2db1b12062eebf,main_screen
7b0210ff3f367e5c465f948b84e610de,credit_info
37aed9bc72da7bf39cc7232839003375,own_transfer
91f3246fa94ba8d0127dbb5f8171aefd,main_screen
65955b5b3829b4a86f418eb2fa73252d,main_screen
428ad77ce19008852afdc3c1f9b569ab,credit_info
a375c4c525791828ae345c42f9c3f6e8,credit_info
79014198597d026184fa083848aabe8b,main_screen
0d439cb74839e9f0fa796d9d9b9b3c6e,credit_info
9a54a29fac2f1e5d92f32890411085eb,main_screen
f6d6bd95a6f2afc8928780b28a7981e0,main_screen
132f1869e884dbfb19c74b0811fee4d2,main_screen
490356dcb7ddb1c08df71bbdc464613a,main_screen
d555a94c0d80bfe340f5310a1b5185a8,main_screen
e8b73c859d9dda4b22422a9fbe0d60ae,main_screen
4c1127acce99500a5cd3d1d098274eb5,statement
289a5a4030f54d73fd285c28491b939c,credit_info
2f324855c8d715c5dadfe2a104855ba8,credit_info
f8bfa08d7fdc3efc06ff3e6e9b206cb8,main_screen
8638176bbd31bd8db431eb9e3322a849,credit_info
1cae3c0ce848e6d5956f91b48918d683,statement
05a151b0730cc80621e19693eeee90b6,credit_info
96c77ce199871f9b531e24cd0245977f,mobile_recharge
be96b0660333a8f1cd7399114a1a22cf,main_screen
e8033c3566836518f44d4b6cce5e8f25,main_screen
92f7a9e0535f120dde511e9ceac17f3d,main_screen
3c07365cfbab0b2aaf38f2f33ae947bf,credit_info
8d3aef0adf4f3e92deb22c20572f6962,own_transfer
c8291fd7b81ebb69128592b7b3d7c54a,statement
0b6a2fb1202a6ab233661347e12655a6,own_transfer
28c7027767276a38673aead80c57744f,mobile_recharge
04e87318788173a8387f3204c9dc5f77,main_screen
441ed9d4481ed6a49bf923c220d0c86e,card2card_transfer
0a544628e832f5ebb23ccdb9a2dc9d5c,credit_info
6ce87684bc1db248a3e89767452d2827,chat
db3e319da44452b398216bc964a03726,main_screen
83f02d3d95b1f41c0f27866ac7a7a323,chat
d007db34ec4af2ad8eecde16831f9879,chat
4ec959c8fc943200d4a6673b29ef056e,credit_info
3f24e9c6342097648e3acd2a50cde023,own_transfer
4654a68efe802312351da09f0d1e3a3b,chat
0c305d62e42ed1252e391ba0ffc099ed,credit_info
5fffab1836f0996c435bc83f07ed333a,main_screen
8d63aa3437c0b258ce1f20fb065d815f,main_screen
4a6070ae3d5d06607c92e86853938892,credit_info
e9bb8a4a9993824183d2a6e083fd7f72,credit_info
939e8954b2f4cf2f203ac4297de0ed0f,main_screen
0844dd8c743fff89c6eb93a5470927dd,main_screen
8f5765aa0b35b2e2eb7134964e178ff8,main_screen
afc5ebc8e1b11bb4940679d43fd1c4b0,mobile_recharge
3aa2138410f26e0c9d2398ad8cb5d45d,main_screen
496f4097d8c7790a5a47f2427667636a,main_screen
f57572266c5ab4dc1f0d71b2a59b1dbf,credit_info
aa9e5b03b012ce5c12b214939380b095,main_screen
e9b0a77f9d19143471b5862fb2bf65e2,mobile_recharge
1b9fa9aa0c84877def46dc6f22a54143,credit_info
95b063cfb3f843c39424a16d19f951fd,main_screen
00f683eecebbd64fdcfc8f2da38a3e44,main_screen
5b44c8e9227101a254b35aca24ef70da,main_screen
0dd8089f947d8a826101d097713d0941,credit_info
90c1c8df1482c32483329d27e3489b32,main_screen
1dcd63eed511e8f6d689e7e4ec3a510e,chat
6f40a0fe4cc69c11b4c2828050e7ee46,main_screen
739cfadd6497deee0e784ab136de4234,card_recharge
a76ffcb93ef78df220ff60bb8bd13943,main_screen
7b67e6033aa3b66ef5c4dc09ec9b5b3e,main_screen
87b335ec42cfabd46e956a9fa35a0553,main_screen
f20f62a52e36586f979ff844db9dea5a,credit_info
c1ca53db5a3f72c9882a0c5c792da97e,main_screen
ced724f740cd13fbd733b5baef82c527,credit_info
334375c1d8f90d69907f5e062e87266b,mobile_recharge
61bc49fb777fbbf639a72b6e529f3053,main_screen
fb86428b94f0281de9b79d85a447caaf,chat
15ae9194f65fbaecf49345e9e78a3061,statement
a174ac6640defd6558b932342ce0e671,main_screen
fa0e01e8a602cec486ec855b121c80e2,credit_info
faf5f2f9caec4da05f7332f9e58a58e8,main_screen
8a71f2d358fbad3ddae4c0a7e3bf7d7f,credit_info
04ae2d1b4ff045590ddba5eb48e0f31e,credit_info
ac627bf875d7964843c728de79be3348,chat
8dbf7540d3e5f7b471d4c85855f3118b,main_screen
796a96840aa2a642fd430ca93f77c142,main_screen
eae8c7fb398cb89d2d7a6656883a0766,main_screen
80b659431e70a63692e6fd46c545012a,main_screen
ad9af3476e918ca919dab498b43891a7,main_screen
2b71e38d919fec1b38238c20e98e4d96,main_screen
99469f228ec5a7ccd29cf25b89d42e17,invest
730ac179fa3eac8ef9915db3d9005954,card2card_transfer
883935ad63f9f32f921dd7937c2e60d5,invest
cf3e9dd226ba0c7dcb51483ea781e399,statement
e40fdf73e5b7b7cad2579f9545e70e90,main_screen
75ebe18361a507194281b6cb79a2337b,credit_info
c3e7057cb17ee34a07b1751a3297cb4f,main_screen
e35ab1ce13983fab66039bd8b1a8698a,credit_info
034c6e938d4764b1552ce23986f11081,main_screen
39800397bd6638f4dbc09f83e71d4139,own_transfer
3eea8097dea352a64129aeaf5ebcb7c5,credit_info
0d21360acad786609e91a4f0d9500a68,main_screen
57cc43f6c28f5937d71b15d3549a433f,main_screen
f7d4261d13cd7b663df14599e0ea0b52,own_transfer
108f36327d4dce1af5abc0569d461d5e,card_recharge
47ca0f53caf3d74f99d69350f635e59a,main_screen
dfe5e2274a06f9dbdc1aae01d010b9c5,card2card_transfer
a5f2acf4a4ff9b4ac8206425e10b4ff2,own_transfer
8ea0ebf2827267f050d0455ea551c783,mobile_recharge
70d2daf7608f9f40a84960695032f734,credit_info
13b7b1f87a3b0115eab0a7b173cd6b13,own_transfer
e5fc98723dfefa7d21eac8c059aa1f13,phone_money_transfer
932638f6ca5233190205b08fdd06d5ca,main_screen
558feb6d03beae92bf371773ca6ea2d7,main_screen
0ac44d7c0fcab3daf16c6e33a935877f,main_screen
e7aae5b969f9926986945da17fafd09b,main_screen
462fca7139f8f5200ea875ce4932edb9,main_screen
51e5b7cdf813bc596e67c45d51acfc19,main_screen
6f89781bff5286327e77c450a417ea7e,phone_money_transfer
e28c9837689613f4a5f5b8e53a43ca38,main_screen
86ea83dba2742a894492a8470f3ab2c5,card_recharge
cfbe660bf64baf9d59f2078bb38b22b4,phone_money_transfer
91821f8ffadcc25a1de35e3a3f1c76a6,credit_info
a4ebb087d74ee7b7c5e86c635706a8d0,own_transfer
7bd1e9f3babd0c47b0592d9ffb38c44a,credit_info
35d22639c04187ae286eabb05b0aad27,statement
49427b8322ec12a4b3ba0984322ce9e9,credit_info
f3de83eaab4950b83e43900114018bf9,main_screen
bf3744cf60bfd807640374a8516c7562,statement
9d71e263bce83d7f2fbf4c532761f37a,credit_info
bfc46e00435c952530694f8ffa4613ce,main_screen
60aea30ff0f0fcf743261c7400ad8a1d,main_screen
cf70f72884a791257c2b2e3caeb9e584,credit_info
2ce9480f1ff3c9bfdf0b53516f2078a8,chat
3a7db6db23c53283a54c8f50bca066a8,credit_info
6432539f53f6c0cc9cd48b0806042aaa,main_screen
7c9aa758a06c11ce3b0af003987adb1e,mobile_recharge
81d47dc659727230afcdcad78c726ebe,statement
cc789e4337d4aa43ad313b8331dae295,statement
963517fe87f7c99c06e7797cfbdae74c,main_screen
a58ca948763a798ee3c1a620ab18b524,main_screen
8895360d71ef6be5362757d7b5e67bb8,main_screen
905c6971a1183a1b0692726e9dcb661f,main_screen
eaf7a1f15a8761f6496f7d840d768f7b,own_transfer
9eef6479d2adb8fba0e85b2fd53dccff,statement
9b067d329c5bce3655ff398bb3ddef07,main_screen
0bc0cc73b56a2f757466daeacb8134ed,card_recharge
5ed74465b1e7a9c4d1096e575f5e2077,main_screen
2434ec2e46a7c83804d9f56389bf3b60,card_recharge
d93ae07cd289a195075b29dc3ad049ac,main_screen
faea130280f309e73da55d6ef4d083c1,main_screen
e28be338e41cf52649a45a10ab39ae7b,credit_info
1736511cfa6892c4f4f4507bdf563ed5,main_screen
943683f6b87e93ea70d5656e91f3016e,main_screen
2f8a1f50b860da360530dc7ead5d899f,main_screen
6be130c08600397b821f545a79d9d559,phone_money_transfer
83e706770e5eafec2dafcc9443c0e273,main_screen
d02ee3c4cc36417ea90465eaa55b65e5,own_transfer
0f8a6479ccf1826df90b3dc3a47e6a4d,main_screen
e2f43d92e7c97fea7ad045a7f4f3047b,main_screen
26d1cc14bc530e711273734d18db0ce3,card_recharge
6865c81566bc70fa7877f329f0b90ae2,main_screen
749aaff15d98308020279892460e680a,credit_info
c31062fe5ccdc79cf2bafb07ef9b5cf7,credit_info
ba07ac4551bcff7e6b8c8989f2dfebaa,mobile_recharge
f434229ba7d1845e7ac9c7e74ad6992e,card_recharge
a30bf7d47fd2372f71af008449828ffb,main_screen
c09c636e69fcd4e7671759971346c82f,main_screen
d6fe8ffa84c7039919a2ea0572457bd0,credit_info
4e2462d8be8878a7736ea6fc9690a83a,main_screen
0f496e2780166d020f0a0506f9003065,main_screen
e8b963427d28a55281df83efc78f6cb1,credit_info
ad5c6affd7f99810bf91336409a4531d,main_screen
5ebc87fb9179758bde9a264dbb83117f,statement
78042a21922d7d35fe9eabfa7e66f161,mobile_recharge
16d94c10bb3e22b15a5da3eaa70c4547,main_screen
9b92df34aa6be522ff0bcb86de8702b5,chat
32c038eda83d63ec6ea517d3a59ffb8e,main_screen
69e37203150da869c6ba1147858e4cad,own_transfer
22f6705ecace35b6b4edf1ac55b8fcd9,main_screen
c027f2a83d2566ba074eb93face539a9,main_screen
11259afba9333f8c161c19e204bd74f4,main_screen
aca9ceb3489c37816105d0b6927fce49,chat
a5cb493ec6c2d979c83662100dde69df,main_screen
98be754be11fc651fd8e77062a599deb,chat
2dd4a58396a57780374cb1ff34572503,main_screen
9bfd076b4ade37cec0e90dc16df51b0b,main_screen
2cb23efd953c2b9e9722b2313df79673,main_screen
6d1e63d1753f849009536ebf33eb5eac,main_screen
5cae3ae316e1d313dd09bd78d4717734,card_recharge
aaf30cdd39b045a26dca0649a62a46d0,phone_money_transfer
a19d4f0b60a38c5af226e53813e9895d,main_screen
6af4bb304195eba475b42524f6d35a9c,card_recharge
290d9e0178ba9fbf27a7b76fd4666d6d,main_screen
6304abf06ae435939852c5e90a1437e6,credit_info
b972979ca019812293fe03c1cd116b71,main_screen
17f2e98bad4f1e555dd38a74e4d7acf4,credit_info
cb5ee7005f4da2f7dc4626f877166fbf,card_recharge
094cf51756fca96fceaaeb6c7e8cb146,own_transfer
c4d35cdad220baf29bd912b0c3a33450,main_screen
085a01bbc4b703ebd48bac667a247042,statement
7e28587259fa59a5b2815ad6432d5e2f,main_screen
b1f41b5b7ece8f59cc975dccded10895,main_screen
9cb9b607b45a400278d3dc61985967c6,main_screen
430440c53bbe8e5fba756556e2e5ffde,statement
315863d6859b906532100868d9ad98fe,chat
73ee69dafa8864fe943b8164e4da3f1b,chat
9648fdad678052f11ff00a71079d0fe3,main_screen
fd8f8bf2b370fc473d22757b58cdf978,credit_info
beb7014b25886a2cd04eb4ff410addbf,chat
acaa4746dbc560a43945f7698953a1fe,statement
2ec17e438aac46d35be0b66875680183,main_screen
827a969a778219ce67b908706b447457,card2card_transfer
1353ef167602b58c0b3246c73cea6efe,credit_info
fc27b30279459495391e69fc834e2674,main_screen
f72e3166204e760c90fcf7e114f5e357,credit_info
b520fc2491efeb8fffa85187a9abaa14,main_screen
ad083d213ceb4e3b3ea568021a0b6b52,chat
d56a6ff939f053d39c268a2fd600fff6,main_screen
6da5d7860bb51357243462a2b0ab25e2,statement
6a049ad375bde5ea8467ef61a457dc90,statement
10339c7f6488d548d8e72886b0001a35,main_screen
62e315732841b03166a7df0a90859945,credit_info
54d0d09cd0a672fc27e110436f5ec8eb,main_screen
b6c6fc28fc39f47a092879f75b1c1763,statement
a9fdf7ec6d41c5433ddcd74c0ea41c4a,mobile_recharge
51db4db2e0fb878a35acfe7ece7ee351,main_screen
7906e0d4927e38d4063e0581d0cac30e,chat
dbd2706a7f3851d57dbabd6ac9c545ca,main_screen
74f03a7335602cb793081021c892ad42,main_screen
5371846129e527fd504752f7e4b08a94,main_screen
960dc1c46fa4007acbdb20eab21d7b3b,credit_info
34d803918433881d24870054c1f32997,statement
c69eb7fbd0949611aead88e1b857d038,mobile_recharge
b42c78b4506337a77e88f6a2abdbce6c,main_screen
b5f202e304882bd70fcfe821a86f4415,statement
40c75e891e0d980f24c3a6e42819d373,main_screen
bcb13986d32226a7dd40ea356d4e5b5b,credit_info
07f57d57e628a9635cbf5da75c73f986,main_screen
4c97d81f94457988776ab39f47a9067b,credit_info
d54f817c5476e9940566e2e9537cd9f2,mobile_recharge
afdf0467e426ef3b80f223ca9667c76e,card2card_transfer
6fc1edcfac33d0c75943b531ca9a691b,main_screen
2cdcd3dfdea474d84fa293b122cec959,main_screen
baa322ce267a7bee685c0b92abbc45dc,own_transfer
ad9708023962593a4aa30d0cf937faf4,statement
90b610e2e950aa6fc218edda0e5676af,statement
7deff476a2ff479bff4c317abaed38b3,mobile_recharge
e2c075e6d595182dcc00a69e84fc5b03,main_screen
bcc71d87d9275779cf6511090ea1cf00,main_screen
9959b79983b9e115871f25c78a888608,credit_info
37e41586568871cd22fd3262692f9153,main_screen
159cca545969413bb950a5d4ea74608d,main_screen
bed2c514def6a24c217c99263cacbc62,credit_info
b7b24fac0c4a21d06983a3a7457470bd,main_screen
e7519487b4bcdb378b858c3a28792d0e,phone_money_transfer
a389bc8d19c8746a05fb63d9bcb6a48e,main_screen
b53ae7c21b0f546690cf283c4d564e13,main_screen
f784eddf77491ddb85728041daccb5ee,statement
46c5f085974bb9368836e6f16ac1d44f,main_screen
d1f3db033b606b9a9f6711e7274f594d,phone_money_transfer
c9bd48ecfc7b16834ca99c3a4a3628d5,mobile_recharge
8a692bfe98f5beeb347182c9506edac1,credit_info
d1604fec2546461900d2618e42b12a36,card_recharge
a45c2fd219bb3d71692b0fccef0866ce,card2card_transfer
bc4848d5887300321540d59f1fe45a94,own_transfer
da1d651e8d68deb3c66fd4f250c49ba3,main_screen
ca9a1f008663ce20b6983556c54a1783,main_screen
78acc51f8d8621edd8e6f710fab68a0a,mobile_recharge
c755d805f4079588651d69b4dc58253b,main_screen
cb9359d56a65f22fa60d4bcbd7eae3b5,statement
d242508b172cb2c475e3a19cda79a0fa,credit_info
e80fb081487d6fe5e868fb04ce0acc3e,statement
c5e8d722942e452953452dc0611aa4fe,mobile_recharge
afc3953320da10aceffc79620a4b5516,main_screen
bbedc20011c524e34da8791f9c668e84,card_recharge
07eed3a8db649a1963ecd310e2573a14,main_screen
369cec80369abee1d045774efff27220,main_screen
49e031f90340cd0a1c0a8ec929532682,credit_info
8e2429802ec9d625fd8311d99f6d6f8a,chat
00b5e9e62fb2be5546a4064e963032f3,main_screen
2cf1c716c2c37a2c457e5c99e737b877,main_screen
0963ddc49ddaa71a30fe0fe543acd317,credit_info
639920a001e7f65c7583c2ecbe36f441,credit_info
04a5bb48dc80b22aac07276f0a586c0c,statement
62b8642f0ac2f9a2620b901f2e707002,main_screen
1e04be9f85a4d524ecefc749e3ea9cea,credit_info
3ff31d57ab3c03f1f2be138d2fef1549,main_screen
0386a63f1b9c1889440357ca0be937c9,main_screen
5431af0642d2e772ae2e633c3d5cc8d7,main_screen
3de8c0cc1fc3acda1358f9cd969b8ca4,statement
2da754b7d7df2758694badfcd8ace47a,main_screen
15b3764fb3e643207d1abf8e5f2565d1,main_screen
3df85717cb808b9dc1c32f5258bd4aa4,chat
fddd6d38863b4918a1c1ea5582ef6ffe,card_recharge
17576564d90b78c375523bdaec67b455,statement
1223be98fd77f0dae3336b43c580e67a,credit_info
58cb2a825caafeb0b14b0f88cb7d66fd,statement
fd758f109b5dc0643b0ea19d964cb6f3,own_transfer
a9af481340d49e533520f61b5c941d5f,card2card_transfer
df8ebd70e87b55190be16e8ded8c8220,main_screen
2e022b61a899a48fca927e07d248c8c7,main_screen
5c4a9fea94e1cd7e98618d0c7a15aa32,statement
d75d621680576138219d8cd7c4fb389c,main_screen
78cad4d6d967e046e4dd1c7ee1e20d92,main_screen
4a491f24c3fd2dfb39085a618b2f679b,statement
18230d6c53cf47d6d57678e2dbad680b,credit_info
7d1027ec82d15f646de75dbf79e7a67f,main_screen
fa0db80b1942cbc3d52ec41189ed5467,statement
d69e3d76cd4fe85256cbe8e2541c1edb,main_screen
9a7b7b30054b3b6e8c6b5ac35576a25e,credit_info
4276ccfbcd59a5886a7395e19591e575,main_screen
6eab9788164296ae1ede3c62c8ced87f,main_screen
f02d63276a13c33ea82421fbe537041e,phone_money_transfer
dc593e14ced69b48a9c836ed1f37f419,main_screen
3d8c2b108cef86d433135e4fbaad5d7a,card_recharge
ac9e589e8eb8a5fcc0596b938b70bce8,main_screen
fb37d29b5f51860b5db0f6eee6181424,credit_info
281721797adfef39f23a635a2edb7dbb,statement
f8291838eada9cb75ffb283a46d18a29,chat
320c66355402a326ab5c341c67c09317,chat
6d4a110e3f7ea5311ecefd922e34a98d,main_screen
db547227a1b212c0d2b4d520a28aaf6a,credit_info
22d3781aab319a190d37b6edffea0fe2,main_screen
12c083723a9dc09cc7144b755fcfb2a9,chat
1cf59fa430c9ab59cad97e35838ab811,main_screen
609a44181f8060a4908a88b740b85dfe,main_screen
ff1b9ced75aa46ae6fcc56287e0205fa,main_screen
d7956971cee2c5a918df9d16d606e374,statement
35c46d42ca09a91dc2f00ffeeb4cf4ad,main_screen
57d3f3d4decef71965cc0ba7543dc982,main_screen
3adc9d66096fd2d7c6b4c5eb9916ba5a,main_screen
c03d3b5fc9a4c880c30a9984ec09f92a,main_screen
71c6b0cb8d0b17b7db186ae0ae9ec8b0,chat
435ae07d9f5f20375955057dbb4b943c,card_recharge
d6f88e5a4718fa7b8888b4b9637b7230,statement
770ea5a6976910e2c1c1647d0ed98c3a,main_screen
ec4ce1177ff7487e5c8e210a61d3dcb9,main_screen
9e6d0c7375eabee942769611824999ce,own_transfer
deca45ed9566270cb06456e1ff893f6e,main_screen
714336b7be618b039115a74bab67661c,statement
2652cf245810985aaf7aae209e636d59,main_screen
ec960f93ad03aab569a0a76444c8cf6c,statement
4684445ef94b76709a375dec1417e78d,main_screen
e183db6e22aa5c851252fe674d9311a6,main_screen
91cc1b7993d5fd59b5414006e3859f1f,card_recharge
77630c6362bea30251d9dce86667cbae,credit_info
cf94a7a6774233bdc81501a311665652,own_transfer
2d8aa974a8056d37b8593f40abb4eeab,main_screen
1152f8056391d594bcfa7460f591ee83,main_screen
b671a930679cda02a31d9039e787cd30,card_recharge
c7f772c4a62f13ee97006f1be8cd2bf1,statement
ad9fe6fe8866b82578c56306b8de8633,main_screen
ebb5a51af495fa4e1b26212a20e8d029,main_screen
a45a1522ece1e76acd2dcbce4b2d251c,phone_money_transfer
d411fee4af649efc8c751d9769cdb62a,main_screen
46629b80204719c502cdc833a04393e2,main_screen
097e50a8b553176ae697cd918c0b1d96,card2card_transfer
7d097ca225463ab393bf70fe8338687e,main_screen
14afa1ff4e28c2a5f77ce218881fd2f7,own_transfer
15d7ff1699a0c4757b5bbc960df48a44,main_screen
3aeda3d15cdca91788d475d65d5d2fdc,credit_info
c81a82dc479a749ba15b5a08403451ec,statement
58d987d3fffeafa57d4d420a1b8b7215,credit_info
659ca169c78bc1c6c7899c7a8685edc8,main_screen
fb2e36c5e3e05607d49b2381a478e2d8,main_screen
6738dea81f95be489da4468d0409a2c7,main_screen
5fbfc78dce7e5e5610af8889e599c6fb,phone_money_transfer
d58865c4e33032d30ef64cf864b08953,credit_info
5f5eb488ca979deb0baf75c5403c3dde,main_screen
a6d0fbebf8c0c5b3bf50094ae78dc953,main_screen
9572000e3913b6722be6e660453fb2d2,credit_info
f716cbca36206543583cec39ca3a100d,main_screen
41ecab367c93cbe1086af7e12231206e,card2card_transfer
867ca1250348e4e019d15be006460d0c,card_recharge
9678a0a6b9dbce46576b6d342056c7b2,main_screen
9a2e7cac8b5510a4d4cc800e973c1d90,invest
d720d06ff0bb3e0e4fa5d2e355809724,main_screen
91b6763f57fc78ee465db60706eb6beb,chat
72c5f0be173981186923fcc6cc71d118,credit_info
2f9004b43901e39ccaa5c471e159615c,statement
3c3f2daf7a56da6fc2bd0215ec680639,main_screen
5f029b0b459a522dcc953d49a9c14100,main_screen
e85f0a08a82ae7407fcfd17013647db0,main_screen
bcb7b09b6a4ad50244d0faafa8c7d2d1,chat
67c4868e49055c158c7ec064c9a6b48d,main_screen
23768fb1d182ddd3f7e0d784ab23839a,main_screen
a621197edcfdee0d2727e70f0bdddb3f,statement
3b5a6fc49531ff77b5831f053e508bf3,phone_money_transfer
3e4ef856b7e8bc9c6618a21d589bc3b8,chat
cb9d1880b1f151d3bedaad09663ea551,main_screen
08a5407788622d789d8d823720056f7f,statement
62e9625565cb56727d34ba2eb2e611db,main_screen
3847f8e46136580ec5bcb477837fa4b0,main_screen
f2dba528e7cb2b43905354a43e00acdb,credit_info
879551f598fa70b690832e9d892c12a8,main_screen
16da978f89bc09b7b83ab51fe0b9eec2,statement
a7d012277dc3f5ec9be4a6485023e296,main_screen
3ea28a59c0bf5784a7bf02f1f1e255b8,credit_info
9db6f781933261a64888a083d7e9d63b,chat
681cd8aa6293a38662b2b1b743d96ceb,credit_info
b3b0e4cd51c3e500cd9d3e6694cc05bb,chat
a219a9ef24be63e009d0dff7270f0a3f,card2card_transfer
9a0f331399308296f73d2046f33d01a1,mobile_recharge
c363bcd4c82013adb42e52095e1f4c98,main_screen
8260d72f0a80d421e0186a26e70afc7f,main_screen
d6f5e96933599984c1ac0e278d37aff1,main_screen
debd5418f31aeb876bc3f3353aeae892,main_screen
02c2e7cac0c7a033c659c1d687bdaa5b,chat
06247a0e4b0b835a34717ac086bd6635,card2card_transfer
4cb5dd34b55ddeea988af68a8c605184,own_transfer
7593b6b5bdc421edc2fd97f28e25941c,chat
1556cd3c0cabd346ef48bc02fb1622fe,main_screen
f0227cbdd6436024ec10e684b62db32c,main_screen
e1d0875e89ddb7a55598ab631e15a354,main_screen
6349a3b94c7269c5a985aebb2c211c2e,main_screen
256425abf122225a750d6d1ca26d02e5,phone_money_transfer
50485abe6ec41e5f5307e4b2cc4b864b,statement
15c914ded0989eb6f7e13bc54188b8b0,statement
579d868f97bbde0e195dd931e879395c,main_screen
70672f3ae3ba9e0e5d5fc91227609859,credit_info
c71d81aa7761a34292c6e07d215b45d3,main_screen
691649b8711fb33187a124f925526202,main_screen
d57680fdba477a26a86f1d2768db9e44,main_screen
6b7196b45f273dd6a90b18ef9917fcca,statement
829bde24d6255caa5b2c038091a4f3be,chat
b5f90fcf6c1af0749cb6e5f6137389f5,main_screen
56b86b0ce6c096fb496a628779e00dfe,main_screen
29956aeda8485015bc4970ebdeccd066,credit_info
3325f4f90675a1ccf88268b16ec97245,main_screen
dbfb6ac63667427e701bf4d756b2e7c0,main_screen
b1b8cd8db8ea7b43df71dda40852e85b,credit_info
e28cfb81ae814edd1dc233413dcdca72,statement
4d10c79280ddb2fbce3e189124e887d3,main_screen
22cfce32d845dbef4580915413fbe4c2,main_screen
1c6e8b2e15904a516dd4f6481797700e,statement
d4cc16b26c8e54da9ed5e5e529e6852b,main_screen
a10161e0bf01fda0f8939b3c76798d60,credit_info
5da709a13314f438e4149935cf680802,credit_info
17ef380d33c4e9eab469df2733826512,main_screen
d55340f81c369009ddfd8e39a434aa08,chat
2149a0f94f43a316a7bd285c71e39ad4,main_screen
45563c954c6b73fd11d4c9b9603667b9,main_screen
c4eec561b13472523150508f6b5541f0,main_screen
25a34303a475431f49a28fc0f0d474e1,main_screen
7705194cc3c81b683130ea8ef1944ff2,main_screen
1326c4a2b491e3ce636060becf5c9297,statement
6003853c121893d0a41b805a361a8905,main_screen
da276ec37fca5a1792d0240c86419434,invest
d3fc5cd607972cfe4661ed90998ad6b8,card2card_transfer
4510f55cb0f5c16e3726225700ee4446,main_screen
6d8dcaa958efe439f68315d18ada7e07,statement
1c12f44d484a182e798f7f6d6d90a814,statement
040be4637a21ac90f2be800412a9eede,main_screen
cb6ea99d94e6227bad8fd85b80cbb3f3,invest
8e92d0a84278bf1ea341d09fc3f1922d,main_screen
ca3d3ef8d7d5de1e1959cc85c233a6f9,credit_info
e015ce34122e40b04534b62a46f19cb0,credit_info
f9a8a0d18efddfe5a2b72622e348634a,main_screen
61a64dbbb72263ab8d17a9a1004e4d0f,main_screen
62342f67e2cbd4caf7dcc818b7112b66,credit_info
6fd41698afddde21583edde0fd313e7c,main_screen
e29eefc204e3e00975da33585750e16b,main_screen
8f65241044f842651193d206ed1a2c38,statement
dd6bc064493b48e9a9d44ace9c7ea44f,card_recharge
893ac316c1b64f8134b56cbdfb2f9787,main_screen
3f33a3dc42c8281010a3aef4bc53c547,main_screen
d25396593d4cb6ba7fd5b46ed49b2809,main_screen
0f75f697c7675f96e336801d103c0893,main_screen
e77dd7e60952085535c6ab4707be2da7,credit_info
9449994232b703d455f0356e45fd768c,mobile_recharge
ae1ba8fdb9e392dc1eecc01ecbf8c44e,main_screen
e1d697e1de53055baed0f44d5eaa29c2,main_screen
b4a6a6a089bf2e949c250ec638cb74d3,credit_info
ca47b124e505c1ac2d0a637c46be9984,main_screen
581ee8efb9a56a161f0841cc4c57132b,own_transfer
005338bb94c263ccb01471c7ffe5ea31,statement
ce6cceb1f9e32a22669e925f12045174,statement
c5c1ccc585aeb067082a1183a6d79311,card_recharge
18fd4dd86d02f2b12e20a9dea9985ae8,card2card_transfer
0386b9fb21ee08200bb6093cdde48c45,main_screen
d1cbaa9bd56e490416249a69486a4aa7,main_screen
b3be9e19ca621f990dac33db095869f6,main_screen
cbc07ea06a2cfe57b0d98a20b831a6ea,card_recharge
c26b5bf4c24ae69cc2512809d5c2eeb9,main_screen
8c3769ad2fb0b7d93078e247bc5f18e9,credit_info
c5d9b397d7d04b2ae726002ea8810383,main_screen
0b30ee07f9305537f7234b91a27c71af,main_screen
3614b232ae8b759bd8edfbe8b9aa0ff6,main_screen
28f0b2b67da7465a6030eb623a1792a0,chat
838efdf9bc46c3cdafc7eb9a1ba4404d,main_screen
63a024698232dbdf3f651de04b1dc24d,main_screen
eb87cc777ec7ab092ab39d4f7492e285,statement
d035fe3c160c170f0cca2bd76af277c9,main_screen
165b298f79d5b920ac58e090c64a6d3f,main_screen
4e299eb143e54e14b5c715e6102f8ff2,main_screen
4de377340621f703cf8fb9cbe1d6bc07,main_screen
8405b2103cd2f4670aa974876f924fff,main_screen
934fcf07bd98a916e8b5511b8386e431,main_screen
8eabb157606c6e6aef469648d81a9c49,credit_info
a9725acec1edc8044a2ef3ad7f9a0b34,main_screen
6ac4568e34ead4620606adf2d4190b5f,credit_info
569a34a9900a790cdf38082929c021cf,mobile_recharge
c4b410856d158616dbb78606b2357a38,statement
6721e4ec52c299074ee23ee1bd3618a8,card_recharge
2aa7fbf60ea73e578728f469f2921188,main_screen
0bb364709782da89643cd8c024a2766c,main_screen
e9999466aad85e7afeec07f91d0d3ee8,statement
44c2e2891e4a3dec44c20528f76b507d,main_screen
3ffe557d732bf46720e7ab01bdae5863,main_screen
ebe7cfc63afaedcf2460c4ca5fc2377d,statement
0686d77714ebdd4186b6ec83762c868a,card_recharge
534340233025b3faae35ac6da2fe22e7,credit_info
41ef8b5bb30722daad14830b4d71c2dd,main_screen
7daa0010e17f012e7eb4a558876bbbaa,main_screen
9b4105a6b7a4383a349a14dfe1328212,main_screen
7c23dc963cf4071bf42f6fcc58812391,own_transfer
fa11250c68f2c787b62389d8ea7c11f2,credit_info
1d7c5642c1241111db2aeade41f59be2,credit_info
0a38da4826c0574f28322202f8882e0e,main_screen
4cd71b894f46e0daf9b4a1e11ce882e2,card2card_transfer
367f385a7e6215b9ccff2e0070513424,statement
4277380e1cb244bb960ca798be00a77a,mobile_recharge
abe62597e012bf75563ba402bf819876,chat
d0b5fee6fe55196f7f5fd79c47c3a31f,own_transfer
199489699f64d675e0f797ca458dfbcd,credit_info
aea2b6713a5778d068f62288347366c6,main_screen
543a9693d6b3778dfdf648ae28940fca,main_screen
a565c70e2c300191fb76c6e99d971e5d,card_recharge
52667557f3928449a4f1115bbc807bb0,credit_info
ae4df573f975c3de4a77e20b7ee7f7e7,main_screen
379ca51323e305a0fbdd35547c3b8936,main_screen
7fe581e8b9b72db8534beb04ffeab2e4,main_screen
254ec3953cbe53bc568a98b16878b6e0,main_screen
331b4552d71fa036fcd0e8eede08242a,main_screen
99036787527ab72d43a4a07137264078,card2card_transfer
18f65e07f065beb0d5a072a6e1ce7b8a,statement
e93ca883e16f8edf897e38baca7da39f,main_screen
784457838443ee81229407421afc35be,main_screen
25c0ce08d1dbe399ff4ccc33e266652a,main_screen
a4b2f139933be09d92dc539dee8cb0b6,main_screen
ecf7e638b376c3ef183d87d0b1377b4a,statement
37b0edfffd6f3f15edfb923be42ec0bf,main_screen
e381995943ec7e9c6403a400a11415b4,main_screen
c9a877a336eeee902c740d0703adb2fc,statement
5a19a2fc077ed17449746c3733053b73,main_screen
745e599c9cdae74884276f68cfac9537,credit_info
dae255c47fd7b2d03c030da06926a4c9,main_screen
45ba768975ad39e0c4fa5d71a7a0fe13,statement
66caadae57a4a29d4102846bc09b01bc,chat
6b9fa05e2c7da07a558f721e3e2e2f0c,main_screen
6e87a0761e7d9c18822dc3acd74197d9,main_screen
70fe06666af5a6a269516d4779ae3bb1,main_screen
a7ad916d67f321d37e0f58799cee9324,main_screen
d80f0c97e90fee24ecd815a0d81a070f,statement
7f162a994876072d95585bfc1812469a,main_screen
93e6bc023decf47cde8fc15c3642d55e,mobile_recharge
0791e37bee27258bb22921d9ce0cede1,phone_money_transfer
6f1ad6f6dadc1faeca5de7d0e3b34bca,statement
487b5fd8c37505c8f0d65d47634bcc13,main_screen
81324d5ce0d3a713f170809868159e5f,main_screen
314679a994a347c31bf4647f71ea2ccf,main_screen
dbe25fa735e9ef9c0ab6b29f71dbb8fe,statement
561f44d83742a4d143eedca236a2521a,credit_info
29995412553d6bc49d6e7de14680f7d0,statement
f5c4b02086328dfcb2dc283698896358,main_screen
d55d42e6cc59c0c470785cf223734dcb,card2card_transfer
b502f4f7fbaa5307c65235800d867a35,main_screen
8a32c6b01ce04f365b65c4bfa40b34ff,main_screen
0f6ff5a662c1fe5a4142624d1931b879,statement
4e9171d2e7bfb6e5386f73870c121c3b,main_screen
2bd270c2ba1d7e557d8f13dd808e8f17,card_recharge
19db59e4b5124b37b6ae1de9240b9c01,credit_info
b44e810fe66827d220e53ba78c012cad,statement
c56460e0490e9d193f43f7bacd2a2457,statement
b5e833a1968616993d4fb324da7a575f,credit_info
4d35ea89e8dec08a0cce9fba64e09618,phone_money_transfer
a6c21151f2dd7a053340dcb08905373c,main_screen
3d8d2a8fdf1b1ec5e2e3666f6a239229,own_transfer
0ccc83bc15e483725ffe7c0dd821d9cc,main_screen
4b4d3600e976ace62472c8218ea7fcdc,chat
33a54e0c69529dc78dd0b4fa709e4434,main_screen
381d4e1af072174f1058146e6da80929,main_screen
ded35ba86af5ab9d34bd738173d89a0d,statement
e1b928476ca54615d8a67221c70f4f76,statement
2685b2fec55a3190e165655fc3cee07c,main_screen
32da5ba305d568c64418e15afcd0a22f,main_screen
1a04b8bfc146aa6c0b2bd586e0b7e8e8,main_screen
59368cb4a2b9db9320b562255618f5e3,chat
10eae5a906eeefe1b9ab2d05f179d2ee,credit_info
eaf21ad6f9b3c31249022e16d04c6c6f,own_transfer
44e19b07fd3c0a03e2f28dc4116d01c6,card2card_transfer
aa22cb62b6f319d7be093de016625090,main_screen
296b70309d52b81329f0749d24bb1671,own_transfer
7add9026c1e72be490d2e1328e527a3d,card_recharge
34e57c26df8898c7f1fe22e820a552d1,main_screen
e10029e193d490b29185c7de2a4bed5e,main_screen
8c15f5341052994361d98608f0b6cc9e,statement
48ae657931bde4ab321471cacb2d22a7,main_screen
40f0b7afc9e74a2f7c2899de2054fd51,main_screen
ec26915924b1bc55af5feda8f2b0e517,main_screen
5d7c736846165823dfc6053d9ee8c0d4,mobile_recharge
71f27716f2b4c874ecb7e7626f14bff4,statement
9df29ba436778017910bc70d35c506dd,main_screen
ac0f45ad1c7ffe29a402df3d3f4514e4,statement
6c4315cea89048dc69f9223e40f983e7,phone_money_transfer
cf1dc243cd17cb58795f6c81556359b8,main_screen
1699833147298618e0ab5138fd1eeb6a,main_screen
b3a1f0f4f1fe797ad5f1172f81e4df2c,credit_info
79e4564f6fdee48afe85601704d26982,statement
73707d11361482cd0ad8ca5647b37088,chat
8c4a4b4eed7ebbd3a305f612b5fad0cf,phone_money_transfer
79bc2dba786ecf31da53a438e07daef7,main_screen
d76eaa0df3ef5446031d489b35aebe13,statement
7d106af09661ebcf4f4b3af3cc4a91d2,statement
24a8dd5c83d654d1fd7a31a97ceb9c82,credit_info
d24368ad9ae3e9f21b7daa176e948066,chat
54f362fb39db81e271643b7d683a155f,main_screen
b0b6195780f8b5f869bb9f611f881a3a,main_screen
630c685fbedfeabb57fd812a0949317d,main_screen
6ee8fa105f25776bb5b99a9ce3fd75a4,main_screen
b1bb780435f63ea156799a498407a4d6,main_screen
a0ce8492228b979efa491421d1707571,chat
b593dc354b46e198fe251bf20ffa1ceb,credit_info
719969c461b61be7827116a7e9e44f0e,mobile_recharge
51f0e03a357ad6920994fc29aacfe00b,mobile_recharge
724647429a9c1e82b1bab760500d5cf0,chat
9b52289e966ef07b418b90fdf302ad48,main_screen
884615476818375246d8fb3fddaf8fa4,main_screen
692c13d9d81fca1673615ca842abc3c1,main_screen
3a695cb6210e6fc9a0d1276f4ea2407c,main_screen
8fd3b052d3676af727b2921631947f51,credit_info
518b652832d04bafe44629596cbcebfd,main_screen
864d494e5d87464b8a279ec9d706605e,card_recharge
b905e807cde98d60d19e9028c80e998e,statement
2679b216b11caadcd562b00d936244f1,credit_info
5881dde05e83a057287c41c31796fbcf,mobile_recharge
9aa92257de22b82afeb7db3abadfedb0,mobile_recharge
ce21d46b28838af5472fe94544a34474,credit_info
1328c759a70687ea6df8b2a5c00d798c,main_screen
4018f429ec8da3587ac6b08686c300e1,chat
5bc5fda68c75fa8b82bafefc7f68b5f9,card2card_transfer
7376e94248bcebeb1fff25d0d2b07d38,main_screen
2958ee06294cfd4ed1b29988a1f3cdb2,mobile_recharge
9652b068b51fc3a2c5609c7f78adc8a0,main_screen
000accc5dd7daddaee949c5fba007d36,credit_info
67c5bd8e4dc11e95133536d86596b4e9,main_screen
d9c4a3b03d643376c2fca5c3d6ea5764,credit_info
1551ce590ea04fc24c6e12f4062a994e,main_screen
ea63e74908b1210e86e897d4920e2c9d,main_screen
2d72c584bad64ef902669db56b28ea4c,statement
81926c74f7c6f84b17bb3991aeb71044,card2card_transfer
a45c67d70e2775b7d0d17ef613b528f5,credit_info
c6e0788381d90b1f043973bf1743393d,main_screen
f176b500e9803bcbe01f7555ab88d4ae,main_screen
3a5ea2f0013a1dfc425835c889af0da8,main_screen
3af12ab72c8dfc113fa1cd8a6e0ad134,main_screen
068d9ab950e233e63710e5df52bbcdf8,main_screen
192c6f54c9344db70c6de5257891b500,statement
9c70efb9ad79861dd682cd3a018d67ce,statement
4b8314f1ce6fcd50ed8a929b5a5c1592,chat
3de664aad71ebce9fd04723a1aaf85b7,main_screen
d2c5ff32cfbcb4c3b0f6d424ba7985aa,credit_info
ffc151ba3e39b68eef9a8b768198bf48,credit_info
45e01cefad10b8bb54b156853bfafbad,main_screen
bdc87d18fa64a35a0a55a642e7f479f0,statement
51a95bf11d262f08a35336ad72c5bfea,main_screen
40d19140f088540b8f7b8d7ccfa17806,main_screen
d5b70423e7e72f5fcf294dd189bb3f6c,chat
5ee4cc6e31d53b19dc6671156e2ce178,main_screen
45670fff04e2b2ec02c88091111dcaf7,credit_info
c77b385573d4577a8fb7371fab7a3b83,main_screen
ad6adcffa85cfaca36affae80d80f818,main_screen
a58392ffc7ff28dad2bf47464a9010cc,statement
cdfafb3118128ac1c2727a5327f00375,chat
2c2f56dbb8c0c2ad6d483e04bbcfead5,statement
35a0f4a82a7faf3357a852969b7a59c4,main_screen
8065a6a070d2d55f7fc6050930e06f6a,statement
bb2b1dd46c4b7915b9fc59d63b168fc3,main_screen
dbceaba60ffd814e1f56549733b144df,main_screen
212ea084bf11b08fb936360781dce872,main_screen
6f7291717dec7c0161fca5948cbd0a4d,main_screen
03d107bff6be84df6bf1bb9e7ef14aaa,statement
468220a30d913e61631738c76d2358b2,main_screen
419993bc247557c9fa92ac5dc44513fa,statement
88521105f28b14541e503cbb07d71f3e,main_screen
aa34fb0ef7da1f74729528c6aece0dc4,main_screen
f5781cdf2c8071fb4809d6a5c4ea0c2c,chat
c30c34684e84aacbf946cb6450f0a3d1,credit_info
29d333641a22a942dc42857cb226c624,phone_money_transfer
bea53d5930758fa348653f466203e1b1,main_screen
79cf29cd4591be1b785ee2ab38f23710,main_screen
9e47285fac077e62635e6ff47bf8db32,main_screen
9c9eb82eb27b6f9c406057800f74807a,statement
5cb9304745b2ee8c8500a7839f1f2958,main_screen
7b4d30c0c52761141ca66c8d4412c4c5,statement
76ea90809036534bfe839767bf0e5fbd,main_screen
b0968b9ed01b256957b036e019aede46,statement
624e7e1bb266e08a096fb6bb1d4c3428,invest
2fcc2035930023794a8b7655f34dec3f,credit_info
d4e314fab9cef8b1ab4d9114e68d4055,main_screen
34af6228054269cba0df462bda99c118,main_screen
58b36ecd87a09aed83180319419e1d17,main_screen
210f15053a101adc8d0e5cd72d1121d9,main_screen
421073bcd5bf3b1ae1bd29120d4b5514,main_screen
4cb212e41118726fb5a63fba49d2433d,statement
bf900dca698725dd211ebf86e419750c,main_screen
8bea23b3193f77b553f133bcdcc24648,card_recharge
95968c3fe4fda7f55c742b2c610cad24,phone_money_transfer
f3eed6597ebcfc28d6e2396d60a0263c,statement
4e7959b4d092a3de9fe991b12dfce17e,main_screen
7caf372057a439b7b80f22e3b29ffc61,statement
faecf09e0525da0660fa63816313fac3,phone_money_transfer
3cdaa2be6740310cc3e55e9d59c1fd59,main_screen
39a7b2ec5bf68f509c1586d98469c5fb,credit_info
10caeb29943b85be6a06f506a7b421b9,credit_info
32e9ca398a31c74a355e0ed0ef42b99b,credit_info
d32e8bdff9875121e072d27ade3b9ace,phone_money_transfer
1fa18101a54f7d92962001669a79f12d,own_transfer
2776b731ccdd7d03dd6ebc5a221a367f,main_screen
444f41e8a5c62bf3bd35f4ef63f02f1c,own_transfer
cf8847e632f5543610d135734b66d307,credit_info
29ef0a89eb959908b1625be9110399b9,chat
9dda53a97d40d028d8bdd8e74468e117,main_screen
0fbe63c85bd1e6a20939b4f614200d49,main_screen
73da6a499ec2bf722815aaedfb1e1c31,chat
6cf01b9d89631a7453052cfb6ff282af,chat
ae3aa1355924b2d4eee69d60ad6a9f39,main_screen
c56bc11168dd943b91068c2ea55cab4f,statement
aa1ebac51be4a7085228e40783686176,statement
3659bf393241020030d96f4394486ac5,statement
d7fdf0739e28f208cdc5021fbff44545,main_screen
7b6a93b9d7eeb2b11056cb8a92097fd4,card_recharge
d4a46e47bd18919d7e53a9268101118c,main_screen
69971c4736030ed71fe4cd621a4f0765,main_screen
3464cd54601823e3089df19fd20e4736,statement
0aad21dc8c32026e04d3b75cb3c8ed8b,main_screen
1272e652371f44d4b292417b10db6952,own_transfer
958a6b34aeae7991290c01e7270f745b,card2card_transfer
7be9d3beb22402978b778a17f0d645d3,main_screen
b133fefa8f4cecacf72093efb3aa2cf2,statement
300b17724cd02e97ed949b739b89aa03,statement
e73a230c85321c829a2ec05e85c667a8,credit_info
de5b6a577d7dc1d1728a10f584b1cecb,main_screen
e54cb1ac6c00e2aa0a3bb7f20500abf1,main_screen
ffef5c348cab71c2c19accc419d8d9b2,main_screen
eb9d4ba6d10284f8f3ecb297f50e36c7,main_screen
d68332977b9197ae283a94b4bcd19b48,chat
472fe5b545b3d58da6b243aa1c6979e2,credit_info
26e1b8170576e8763055e208c1728e60,main_screen
abfb55111ac37dcf2e8579128efd4357,phone_money_transfer
a324043e214978be7cc3cf9c35fd903c,main_screen
4687745bfe6bf250879c80241315c37b,statement
35ed5135ed7e6e7ef8811eab98fad061,mobile_recharge
45dc906e699f4e435731366db1c5a161,main_screen
80b5a02411cdeda89406ce71ea1a33a9,main_screen
9aa0c1516b794a06dff3f384d24d4a12,statement
f27b15d3a146dad9f688b82369dd850f,main_screen
1cc16981934655ed0a347c3329a8a273,own_transfer
1f79b2d5325525d3590860d04e781be0,card2card_transfer
05f5390da6da86029c5a570d59c77b99,main_screen
5fedad60917d7d2bf58a66a1987a21b1,main_screen
b47ab6da3f8219456437f853062cbe0b,main_screen
dcbcfcf5d625c749bba8b375172316e6,credit_info
16604718799b7ed92ea27edef4eddeed,phone_money_transfer
6e6adf19412620eacbd8bd79ec11f3f6,main_screen
7b4f026dc242adddd0dcf565717e7d77,main_screen
be271097866d1ec8b7a660c042345b1d,main_screen
3b011493d52e3a0bb8a7fcff49632db7,main_screen
e9ab207bc8cd540b0358c63833515273,main_screen
18154b091f1728a0da879e7514ccc218,main_screen
8748ff81ec5c4c6abc01ffd8b1e3160e,statement
15f75e4654dd0ef355635a30e69af3e4,phone_money_transfer
df88f93be09549bfeca297af40a5713e,main_screen
79e4bab945c893758dd4977257595e8e,statement
0f11dcca61b0fdfdd59dee8bfb57baeb,main_screen
3a6509b44ea481b883323e8dab1d6691,statement
26cf7cbd19456d8334ecd3ff05fdeb61,credit_info
56ad9cc32701421b40d388ef6d59375f,main_screen
92c5b7a00f22de9a41cf0680dd322505,credit_info
6ebd8af4c217988736bd10d463fa2e59,credit_info
6adaae4e64080625add344c85cffb567,main_screen
2ed82f24740c9fddfdb13f3b9ba862f5,main_screen
bee6759fdaa8367c74dee47fbdeda2fe,credit_info
ad669349ac942c32011bcb22d4f1aa52,main_screen
d09dce9b2a7da35f1e857d8b0d0d98f9,chat
90811bcabb2fb30609abc17e68b7b37c,main_screen
d0a74f07a116709e56174282141a0bc9,main_screen
8dfe678dd88aa6d0a9e40fdf704834a6,statement
915968cf3c2fdf7432adade1744e51a6,main_screen
a7b89f109c8a161bd9548fde69e5de2f,main_screen
1ea0825a169df829145b4e285aa9fe4f,main_screen
d7350710ec9630c0634d852424c71291,credit_info
2c4cbd1e92eb7668216b9254b8152bd2,main_screen
371d98ed5fc75f8e0bcb15ae3df14faf,main_screen
4d7f3d93be4106ec5368beb6ffdc3fc9,main_screen
d0f4ba1c002d0b559c9acdb5b085a441,main_screen
3ab96d926c448ccb8aa403b4e58e1e09,main_screen
371b338ceb77d8dceb9e7578ccd5d84c,main_screen
3b6079af52b29b7b1addf1ac168c4874,main_screen
546aa0e6744fff935df8771a487d3a82,main_screen
64a65ab0454e494de58ae605d8045bc8,credit_info
205df630643e04d7e796c70a7e3798ef,main_screen
13198113b93d1010396d8737f3017325,main_screen
6a1a1cea8704342e5354bb3db527794a,mobile_recharge
b66a3bfc72bc27aef6f28d86615b7ffb,main_screen
a74cedc7b8acf0b255d5f9f3e51a49e5,credit_info
691ffeb42c5e81b52efeda4b7dbecdec,invest
06a2068852ac87f569949ab4d21fb712,main_screen
70d1075e98c535eec096ee21ad4b5752,main_screen
71188bbf24f064743fe85d3448ff48f6,credit_info
dcfd94954a13cd7d0a8244ac9cace590,credit_info
2d728f901366372596d7c4c9db13108e,main_screen
c3bf95c573664f12cb8b687e6a85fc70,mobile_recharge
54ba590919ed53fe451407d82f643abf,main_screen
5e9aad8cb2376829a89dcce23bd71114,main_screen
7cb87e1a790f818554e913132bc27cd8,main_screen
a834d41c97aefb96265b50e028c30e14,main_screen
b5d492d62964905ffc499d629700274d,statement
20456b3d2658f8cf693cb4d93bfa9ab8,phone_money_transfer
ab928ac1eb92f622f86c2ab5c221c895,credit_info
e8526cac13101d03fee00867ecff0e20,main_screen
8ea87bad68b96c0a8be5c5c5fa27f630,main_screen
0730b475f78de968ab9454e9608083f3,main_screen
a5d19d79a42e3c52e8f27ed5915ae644,credit_info
fb17d1f1a3ea39470186546f9a0620c5,main_screen
8234ef2e4c59fb8db6ca65f10a8f9d2a,main_screen
f6b6a0c5f3248b6a4f228ca05e8ba503,main_screen
f40e27ddf30aa89567dfa4da4572df0b,credit_info
00992ce35ecb9ce9ddc7c6f1784a9d2e,credit_info
e180de730ba2fb151caa0e7f68276f68,own_transfer
8d291e5c920d04117d002338d1b7f937,main_screen
008612ac7cb9eb2bdd96e46c0842442f,main_screen
f72c59e3f9c176371d397964ae324082,own_transfer
a827e0accde2f7e151cb31a87a1eaada,main_screen
62abc0861cf877ce7d7fcd64c8c369eb,statement
cd25815c62f3e3c2ca76e0e8508ee3df,statement
1f6b63f7081958c600b218eeeab35f5a,main_screen
7e94e14ce1fc3a4af0b035e6e439203c,main_screen
197be7f2914b33c5c604da1bee5c2683,credit_info
3b2b54b05bff18fbf6f84046b8a8c2e2,main_screen
68613631b1cf68239bdbd9b9272ae527,chat
0ab8aabc8ece254616567008080d29b9,credit_info
7ad40f477287a06e9fe85ddb49af3a11,statement
85db2dccf7211dcee2ddf072e712bec2,main_screen
56d54b143f91307b8f2b022339029d59,main_screen
0ee2439eb16689e8e27e00a6eee29357,main_screen
5f36803ffa03b3c2ce851713de5c8963,main_screen
354e0feb12705c8a3ffe16f355dc08e4,card_recharge
e4ede9a406c07c7a1ba3d0c8737a4fcb,own_transfer
4541cd4d587632d0e3d292c1f4294f9b,card2card_transfer
be051a88ed794abc71f9d9ed820fb9dc,statement
a12ba99d21bf6148e4112d94b1fbf7fa,credit_info
868d777ecf546f3102806dff0043b218,statement
af3326db7419cd52f3bdd64d7bf45a1f,main_screen
67b2c9903c49e949b5062218ead6f619,card_recharge
185243cd1ede1c5cbee53cfed97ed569,invest
4f8e0294b4c79a03085471f4492feb5c,main_screen
fa01bf81343e2ba4144221898bb3c761,mobile_recharge
aebd8ded03a3a7375f720c40f55cd265,main_screen
1e3256d1254c29b19bdfddfdb976a73f,main_screen
485179aee77f8745e90521966c93d92d,card_recharge
20c3606473c9ce1c23592af54cbda9f7,statement
ed940975e0fcdf931bfd52f9d2e0183b,mobile_recharge
9dff4110cb5d83ebb0af037d4d37b55a,main_screen
ee826ccd61b8bad5151ea2bb3887e6d5,main_screen
e91af1363b60a29c02067e07d3703467,main_screen
23ade90e1bb22ad7d6974d9aec72e24e,main_screen
0bd4b9ba81c5394cd7451ca3c775d5d4,main_screen
5a2a892046283c5d603ce9c9d320cbf1,card2card_transfer
5ef06ebda94d6b6b17271d6ec57c158d,main_screen
2a40a6e35f725bfdf54b60768d5fce93,main_screen
48ad1df303a5edf2a5d19489fe09a9da,main_screen
a08e902a16239e836f7afa39ab990697,credit_info
cea9b64b04fc6ae1fb97161524000c83,main_screen
24fba63c28dccd8784905e94f0726adf,main_screen
76ca270906ce69c0d5c52b7d22c7617c,main_screen
9c041102dbaa2a465f0b5b7dfed598a7,main_screen
ce8e2d11940b0070e4756ee9d74e71f9,credit_info
98f4e7a420bf839c7e97228d25ab538e,main_screen
53f3470506863f3c5ae2e31ca924b42f,invest
42b395385fc8f46b380b8ae0b63b31a0,main_screen
e2bde76ffa62658fc55e38d70015954e,main_screen
cddd0044d6f1a16148fb0bb82695bfe5,credit_info
87e6a191fe9d0290c54ffee6695cbbd1,phone_money_transfer
3dbd0372b9c03abe7286c59f06a9e886,credit_info
832d907b0d402b2edd58ab6090b147cc,statement
d36fdef5c76ce2ab05ac634154f67ddd,chat
e75d0726b4046c1884d4b25efb168fc4,statement
8eedb9f87390278b5388d5210b0f7b51,main_screen
229133cb2c755deb662f598baae65b02,main_screen
0ffff4c3c4f376ef77349526e8ca64f3,main_screen
dc25b9b3c9ff69acededeef48e53d770,main_screen
3b7edc5e6f7b013eaa668f462287c24f,statement
635b90defa0f7bd11d382471e2ddea37,own_transfer
354339ca3d912df3a6fe1feeb1a3334c,main_screen
60065ba57682cf4ca9619ad4a4be3306,statement
5cae301988796aefe8ff8b1f6c42dfd4,card2card_transfer
2afedc01bd543ed7b5122b73e17c9502,main_screen
8c457120d4aeb6dae359c95532980397,statement
aa137385a91945be7ebb023014bf3dad,main_screen
6d60b3810e152bd2fd0004633a60f207,main_screen
38fcf3a3a5e29d3a518612fe95575a08,chat
bbcc3a4aea5331b9a570c046796f7db0,card_recharge
672de0a858e80e834c7d8abdf29b5245,credit_info
61f004375f49e84ccbb16bd0acb885b0,main_screen
7da7102b0763c724be5731788b580367,phone_money_transfer
fc8948eb6030f593a2d93d0ab06e02f3,main_screen
e106e07a6c083ee2cc6a12078e99f147,main_screen
b9278d1f1346a6c8c6b27991b3e2a977,credit_info
8d94b54e9b233db209d4d9994ee02704,phone_money_transfer
1ac4bab0ebe5f23861a7b711c1a72cf4,credit_info
fe0cc97d599cfa19def7fef29a8c8cd5,invest
d0e484140bcca8220eb337960a176fe6,main_screen
8f1ba1e00d665471ba0d9bdcb05a292b,main_screen
0660f12c49bf5f98165201df81b0222c,credit_info
b2408ed14107560b0fecaac3098e19d9,main_screen
e87803733279ada84cb08e068ac0d5b8,main_screen
07e68193b93e98a07dd522834ec814df,card_recharge
0b54492ed51211411ba1cd7012cf06a8,main_screen
f58125b1577a889533e5fe0e65aaadc7,main_screen
35fbc6e2a0277772f487971d5bdf6510,phone_money_transfer
fb797f91317dc7878462b8a8a7959e9b,card_recharge
17a9012f3493ac3a3f83783fe13cbd71,main_screen
fdedbffd97b4b226d5fa839c4d82ff3b,invest
6b6506241038acef5f8c51213c3965c7,main_screen
007ca189ce7efd75debb451534e2e670,main_screen
9844668078b20fb95cb3f02c5e9ddc5b,main_screen
63c207cf0fd3b1f9b84f627e33361cf7,main_screen
f198d603831a664ab3e76238583b7732,main_screen
c8330cf90a1c6a4172cb31cf0ff9ee6e,main_screen
6c05c6af597b117cc831a1751e57a95f,main_screen
404ae1f886177e35ed8050667b888521,own_transfer
03ceea469b4b08f1fc7f62d38f4d7c8a,statement
9c853b7d4c13891bd011c63169d44363,main_screen
0926e85a2f8e5b9cc7d53a787194f8e4,main_screen
dc1918ec76f99af95faaec78b82870c0,card2card_transfer
af249bfb5423ca2bafc929d108b6fbf7,credit_info
5ae0058583d660c8b6697e8788e82c1c,credit_info
f115686c9476bb8642c147080b5758af,main_screen
bdfb25636d287cdce860151f24dbb96f,main_screen
15c753bfdd903dcedd1bb35af71f6fe7,main_screen
184c3c4396eeab7870bcc1cc8a34792b,chat
63e816bb2a13057dd73989cf4402698f,statement
795d41b0d28947f48c26076cf74d6607,statement
635472cf83ff8e2de6c9eb71c6311b29,statement
52d03fb6ad37cae5ee62e609c1250b7d,credit_info
f0a23471b052740306fec009334f7d71,statement
4c9d6fdfc64a518e9073c203ff500da4,statement
3129bd9312b5ac34c644205d314d47f3,main_screen
e2228251a6d072b679b0b6e8ced053fe,card_recharge
1de03ad4dbcf7ac2b51ab6d9fb4e0e12,credit_info
f152b75876b29c2753b0f8c9da559129,credit_info
906eec3c1224e83d88a95317fd6caa14,credit_info
68d67f638b76d16aabd732988dfdc941,main_screen
d23948ad6f19e7584fbf0a59f6a4dd74,statement
8cb637b721cee8e2877e02436f48299e,main_screen
e01d952e1c52d5215e8b1b43b1eb2ef3,statement
b3139296b51e6eacef9310fafabaad12,credit_info
deae7a8a61f453eb7d74f27d9b5ac651,card_recharge
550727bff901b8af8c0ee4f1a1be6113,main_screen
aeb83c316fa81483a1c3beefabc6314e,mobile_recharge
2ce48c08cca38e30b0327cae77ebe4b1,main_screen
cc6ea7a538c7209d1af37787b1c6b30c,credit_info
e1f09cc5d02118094a4765517634a7ee,mobile_recharge
6b0c8602f73da0ff9e4dcdbacd73aefa,main_screen
25f38c79172f3b00434b73fb5fd11a49,main_screen
70bf5d2376fc21c45ca09922a1d6ccb0,main_screen
0e7979cfb64bcb23f3bbb2d89fd34d98,main_screen
0ed386fa684c3b217c070dab2e3d99f0,statement
d5365d15d1bd67c5a4fc46df81d11743,statement
4645216441a4828bcadfad2233ed7d28,main_screen
c2eb7233365a07ce31a1c97bba05624b,credit_info
3d1f96a343142d6b47b34de6c959035b,card2card_transfer
83424e94f38e22200ebc41acd638d740,statement
987ab4ec31f2a62e28fb4daa17f78622,main_screen
26781756083c0db539dcbbf471f63c17,main_screen
1abcde4d464060aa1d4f64e900c7a78b,mobile_recharge
b6f5baa35b9e2fd527afe0fc4ffc9dc3,main_screen
fda9dbfe6c3765f0f7cfa89e7c1930c5,chat
74598b21036048d156d7eac361a6b4bc,chat
cc9249ef94c47a1407ce0bb4e150a01e,own_transfer
354ad8397873e4ff93b881d577ce2730,main_screen
20a3644228e2f482af1d48d7a767c24f,credit_info
1710e3d6efdf966bc9351b20aaa9197c,credit_info
770ee29a9313fae126de44eff877f638,card_recharge
3ab992116a0dfe383ef1d8edf2f40ed6,main_screen
3ce0bdafcf37a64b9fbd6064b03383d7,main_screen
75d910fa3bbe8cdf46425aff48f51bf2,chat
23957d67c588b35b09c01ea6c8a8bb3c,main_screen
5d3c485ee42f54c537c3fea2471e061f,card_recharge
aefbdc916ccf262c189eb9352df4effa,main_screen
6889be09faaf317c975cae10febca756,main_screen
018db5cceefacda601f94d7345d6910c,main_screen
cd085c2496a2a5f6f164fab67273b7ba,statement
dc340038bff959ee6deb2d7e4ad97637,main_screen
e838d1a6b68e4c5bdaf48600466991cb,credit_info
e93574750beb520caa16347427faeeab,main_screen
f68d70032b2452bff0fa8fc572f185ca,main_screen
2eac16ba74f62f5f6e8ded4694e9e944,chat
72ff251e8b9844a1c44f20b22b235128,main_screen
ea4bbb401b4130d4bd94d0b7f9551ad3,card_recharge
74718aa9a2d9f8f098aeed999ddc7dd9,chat
b095e50994de31bdba23dfd9a37055a3,credit_info
483dde6b02fd59f635f9ad94ffdd41f6,mobile_recharge
1b1ed9dcfe5a061404a7a16e3c376b25,main_screen
efe1a9d63f83fafe525bee9307c6e7ec,card_recharge
a883e335e1e95132a2f01c099e0fb285,main_screen
98abcf3bf35a5e0bdc6ce1ec8c0fe9ee,main_screen
4f64c4d0b575c4ef19c343a1e176a90f,credit_info
53d6c6025ba888f87219b652f9a7e8cc,main_screen
bc0306849e7b1875886231cc69a093db,main_screen
74bf3d23fab71afd532ba5bdbebad40c,chat
b5e7c93a326885dc673668feab9ecafc,main_screen
838a592e784e8b7e40b074e82b6f4a84,statement
7fba2a7635b1fb2126b8ed31660b0278,main_screen
2b236a40071e0a4ee0dfc7cf840b3271,main_screen
abd84593d12d3638876a8e775677ecc0,card_recharge
d5bd4983eae08a0b9d7decda21e6c5fd,statement
839aa30d8d24b6693a394debd2c65311,card2card_transfer
913b8209d0cc3a4f25cfe10b7778d5a6,credit_info
0414a580796f50e36f32cd79903a0722,statement
2e3aac175b821cde879cd30816c1b51f,own_transfer
527344297144fec829506b6bfb133cb9,chat
34a6172ca17c13391a5c8ba3bb1710d3,main_screen
3b314fd83b6aa77d71c56875602d8f4b,credit_info
f3bcd8abfa940bfdc140561f8e04dd29,main_screen
4db1bed71695e974feedd8501395c7d7,main_screen
786d082f12289ae98830f47a1f539b59,main_screen
8a5497076e9396709161a5e7a9d57472,own_transfer
f1473ea848bfff96c859dd28d142cab4,main_screen
6babd199ce4ede14492109bc5edbee96,main_screen
aab53855a514c3ff4fc8d91a70dd7be9,credit_info
548923c5d4326667280ad90e869871d2,main_screen
cf1e012213be2e2e470470781ca73cbb,main_screen
ede1eb0d735da044560d94bb09516621,main_screen
130562cbe67d5bde1ede8ad63b3bbd05,main_screen
0a85f3b125b2826394c79491143775a1,main_screen
4075654afd1bb2bd9cbdd537eb060c28,main_screen
e2d4cf7982d92ef5d6aa26a84ccd8f41,main_screen
60f34815d4c6c00b69ba691cff8b378e,statement
21483e14a339da53483b238ea87c15f7,statement
cba43660883ea1ef3bb23651d20471d5,credit_info
b7b885f44d7e2af96a65080a2a8466db,phone_money_transfer
311d24978af331f60ea3aedb92df8e90,statement
3945c42bd5d889a75354a343ce10ceb3,main_screen
242b0abdf07aa4cfc838433eebf36538,phone_money_transfer
5a61feb01fdaa143426a347a011ad095,own_transfer
66c04037739665c28b433920181ad6c2,main_screen
9c9bfe13369ff4a9035f6960cfc15fb1,main_screen
bc37bdbff449607101971bf1777656f5,main_screen
7ec7bba8dd8f6a62d241f8324b84a8ff,main_screen
d77ce61c509f81f9a0ae000acaaa5604,main_screen
8692a25b0c8d306ce893ec2a2a285718,main_screen
1b4d136021462cb189ff8bbac21f9fc7,main_screen
1086de23d09c54cde7e41ad423d72c87,main_screen
26b295eb8380ecd60e0091188bfbf530,main_screen
c078f9b9ac26fb8bbfe39b62c33877be,chat
57f829448881be8b0f1e66372ca1c6e0,statement
d37dc05acef057c89e192709b4b7c217,main_screen
d38106b8422be9ec2416b392c5a83a6e,main_screen
048046bb916f547b0b3bfa90032d4590,invest
7503a46ce21b8698cc918bf65b5967e0,main_screen
5d9ac9521c87e3ae51c4fa8136834ab3,main_screen
02086974f8e2b50bca278016cc6b8a40,card2card_transfer
35d08330c02b3ac48be682a94c214deb,main_screen
d2055dd3737896aaa9b72d03c3153c9e,main_screen
2ae9c528c659977a9b76ed784884164f,main_screen
5df94f702c9fcefbe31a9a05d4789ad2,credit_info
87353fba568ab6d2fb79b045df521748,main_screen
57318ed9c4736ef511f015f81c075fdd,card_recharge
8c3f6b6b07ef525351ed91b68a67986e,main_screen
dc1cc6460e6918dbeee585e0ece68d03,main_screen
2312ed6d18d0de968bf4a00b145b7d9b,credit_info
4f5aea7e5dfdf69b5caf603f9cf84c01,main_screen
352b04abd4d81e471c860f22c5eb3b75,statement
a9b16bb489385725ccac1fb9576646ed,main_screen
71dc888fc4232d0baeebd44e5939822e,main_screen
4f486b48168f31760f57e36ce7e9adad,main_screen
116a55b78d20c9858939dfac5c7a435c,credit_info
a8fb09c51b1bad79ba49f5be998b7138,main_screen
ff8cd7d761a929b4ce28e91b73cb102e,own_transfer
b6d71f73ec01469877ace597dc4a1bf3,main_screen
5839d92397e5ee355ce3c1d89dfe830c,statement
33116437adfca972178838e9994bcee8,credit_info
fc8e3331db513a8dc3a4dab80c008aeb,statement
55c636661a59f1a962af81f0f4a258cb,credit_info
153a230a3f08dc246501b67286dcd2b0,statement
34627d38e31a7910de1127f9d8970853,credit_info
a78a2487cd7c64c01e32633151954820,main_screen
78cec4ae250a85b42bc8aa1a039e38e9,statement
e28cf83d748139c4a9f0eafa2950f8fd,main_screen
ba0eee8e905edaf0151f6ed9727d7c27,statement
915215e852034c3bfec0ab3806462e70,phone_money_transfer
0bb15568394c84090d8fe1ad4fec369b,main_screen
845d78e270300161373963e3867e3d96,main_screen
569631489583539ac8d788b67be89a2c,main_screen
bfd71ede3450fc1b9a04bd017ba971f1,chat
3325e0bb91304be500d11a81b8557dcd,credit_info
c4a6c9ccde65b9f77a82bcae4d6633f7,main_screen
ccb0c1f72fe6a3e9a1b0d2f7bfb3567a,card_recharge
f3c4a76e8288a11acfd58f5ae3a3465f,main_screen
140717164c03413ae5d6168bdd63c7ed,card2card_transfer
e4b3a543eabfff96ab4627f4edad4a65,chat
e051656d3546b77866209f1bcc4ec968,credit_info
4123f2555d02d20451ea11000b6c93ad,main_screen
dee727ce234e0328ecb6af5e56e9c6fb,chat
41d60016aa5d09de202f2b1ad7bff81d,main_screen
00ac04c993c83970b18e92287aef3b55,main_screen
4984e6564fe09852dadd57882f928458,main_screen
e7f7997b4a308aacfc0f0b371ca56283,main_screen
856e4c41766b6b8c86316b49e4be7941,main_screen
044708302c998e939ca0a1aa8acb8c06,statement
526a487300e531f192bd65b22b6a995c,main_screen
94905caa6c4c84423929e71601a75626,main_screen
adebcdf1b05c694ee7cc28e6a6ef0fde,main_screen
760cae78faee08655341d68111fd2b64,statement
b0e3b1413a5ba51912371aaf3a5e4abe,main_screen
6ad05550379fe47f17c3472ce7264155,main_screen
c0398447f30a5c5676afc564799ca0c6,own_transfer
44270ec55208e999219d48734492d6cd,main_screen
536310cdc6ddd921fcd875bcfc2ed545,main_screen
36e25ae7a9681f197f462e5da695b2ce,main_screen
3972b9673b9523382cb5c1ecbe13bdf1,credit_info
64fc2bc774e6c7c2aa73525e9313f1e2,statement
0129d3d8aef77fb6ce8d40d41dbe9efd,credit_info
f6d19966a077f63994b457df8f34dfff,chat
0af9936c5dd8a666a36bc9cc2f6f6172,credit_info
d232787a419150a583d6890361bea9e2,statement
b269076283afe4820e9ffbf3699c13ad,credit_info
4aa37eeb998aade4576b36611596c090,main_screen
cecbed69eca0cab80aca63bba0f78efe,statement
c4c02231db6e01be83a2c45a3dda1ebc,main_screen
b744016fe19d4c96b836101b97e07a7a,credit_info
d008bb393be0c2f4e37658255a3f8eba,credit_info
5cb5e0f7f26bf41d7413ee29f8453773,main_screen
465684fc2939ca1aefd3340eb3d7da6e,invest
4ad717ae12385b4f3dd2bf9fd4a16c93,credit_info
0832c72ce688ebc7e2c18d4d51a738c1,main_screen
874ec104f39ddc78962400f377298019,chat
84aaa17d1b79a7aa2a49c0b242b28a43,main_screen
0660eec9c5e3a81b0e7515737e965d92,statement
6735243db85dbe10c1e43e4157e493a0,statement
4a4e9f106a9fd0315627aad0c4ab97f4,main_screen
fde646c698938b91fb7602674844ecaf,invest
a7c22141c51f2ba5536eea3c42d7871d,main_screen
fd397302bc78e72d0142744742828bad,main_screen
eb610d85b959a7858ac2bce0bc8fa9c5,statement
ef0daa4b30c5999fd74788fd04513908,card_recharge
2ce16b5c76db5eb113ccbbec090b50fe,statement
7652f16085a5e71982fe83cc96a7a0d2,main_screen
0ddeeeda4b4b38433ed4a7d12671b52a,main_screen
bfdca78f7504cf87eb144a6975198ae7,statement
f41f044470bccbcdd1e7dce85957796e,main_screen
63e253e495a5ff50f26c06963ce07706,mobile_recharge
1567ec7d51d0ce47cc631db7ba2b3c81,main_screen
970b9deb0783f036e031a688e4835f30,credit_info
5dde4af5af0c77183c52a27ef8f26a32,main_screen
b276162eb9a46e8796c7214c8bf82748,main_screen
c00a70d70fd024ef0f620b66ad49fccc,chat
053fe92799e08cc382789efa32cbe1a2,statement
0c01de0afe22ad1b166de9c1fa60cf61,credit_info
b0302a8491b04882d47650ea0292bccc,credit_info
c04071d95859791435571dbc5e052c83,card_recharge
7bc3293d0d9d743996be456f7fe0f8ec,main_screen
5d2e6e65b3acb6cab16f9d9543b69ab6,main_screen
ea872f710a0d40e3f8a3572558e4e43b,card2card_transfer
964d26f0edce39acec804c60adda158c,main_screen
05d0b1d1151865ddfed3e919df95d789,statement
132c8c2c9b4ce86472099a8c914d84cb,main_screen
6e05d5f0ffefb49c8d373faf3b0c3938,chat
e97ce05d1d0bd5bdf12e46a624af353c,main_screen
027fc7f068847629ad961982a33a0577,main_screen
0c6e2b8610fe31f9c2f71689fa3bf1ca,credit_info
b4798f78617e2a858035436595268c2f,card2card_transfer
31e56155e0a4b5ec539789b5d176472a,credit_info
6567c62234c352af8eb75edc8f96155e,credit_info
d9bcd705fd93d60bc5a8ad7f568ddd78,credit_info
ac571b6dc0c772a618a48073d827e494,main_screen
e074c06410514a238eb7e6d5f94157fc,main_screen
875ff49bb0b306b25e4bcb730999611e,chat
f0b20715c7c2cf24c68462498931b29a,invest
9bf55f14f004262d481a0a7aef067887,main_screen
bb186b57db93df1f415d2f13ee9ae1f3,credit_info
0e35ef9fbbb27bdc0dde0e492fc71c30,card_recharge
689cf4da93571fd6d5437384efa5c246,main_screen
9430815ed4d58147b681696b9b94f7e2,statement
087b3c341e861855648305838b0e1582,credit_info
f64eaa540d05cd28295f7a9a60d47a5e,statement
e973bd62a0b4fcae346e7114f2a41809,statement
c5a8e1291c28bbdac65423ef05cb51c8,statement
7dc75b3df4d2e1ec838441f0b3873bc8,main_screen
05ee9bd6b239ea5ad0940775fc7d0a42,statement
480c8c28cd82a2f9aa43ae716d95e4a8,credit_info
ac48ce38347f6a9aaab72587d7562af3,statement
70277ecc7db3f39d95a682bfc0efbbed,main_screen
3d1cd49cab1955e4fa2c0b9697875a87,statement
332c155d7ed47eb24140822e48c39f23,main_screen
875121314c8ab73e799d707b21a26d43,main_screen
fb534794a23a7134efe0934258819d06,main_screen
b8505f6c5624b91c1158506f4ff7ac31,card_recharge
6b36756e0b5596dedd49db19a58823ae,card_recharge
8cd6c36bfd2d8650b4f4c5fd43301bbc,main_screen
71672ce02f84cfb2d65016b957eb30cd,credit_info
f4b693a72dd066db5a3c30343fdaadd2,credit_info
5cd74ddb8ce055622fef952ba64355e9,main_screen
a728053f081349d5e958412fdad11f1c,main_screen
aa5b7d0e5d328bfa9e91e588d4e2071c,main_screen
93855e323d1d9318a6e7bb3c3ee0cc1c,main_screen
be51e0456a542bb3d8fc244ebf2e2caf,main_screen
f8000fea09d5f250724125ea9141e462,main_screen
284fc2c4d94424b92059ab5e52e495f0,statement
9a3bdd93a0b972953f64d6a50b5bb323,main_screen
104a506e4db48ff4b65d7593cb4767aa,main_screen
f5b65b848fa1ae6a257b00dc8ba07bf3,statement
968b7955a261b9e94eadd3acb5d527a4,main_screen
98b9a2af0d63194f671a0e6c3af6e73a,main_screen
6ef53102ee6e899a764b5eb820833fbd,invest
d934223dddc871047126f6f3bd3fd6f4,main_screen
146dc9139d3ea75ec7f4e1129fb3eaae,credit_info
16383c7abb1ef85b4dd24d94ea483bf3,main_screen
77e6a7f19c8b1985ac81d3b03eded1c1,statement
6357beda46d27fc464909de2cfb42989,statement
7b0ddc1daf9b4c3f91df1b842c75dfc9,statement
958187b670e468de4f09c551a3e91ce2,main_screen
bde3f6d39e4b02808863a32367fa9ff6,main_screen
1bbf5f1134dcac60e69e6c00ed2c0ef3,chat
12b269ed98ceb7f855dd87340fa382ee,credit_info
b3317bdda249c3b3fcdfcac8284f7f95,main_screen
060322f0b84f1ae4dcca2e0b696a17f5,main_screen
0744ff1a7b88caa544a7e6fd796a7b78,main_screen
4034eada2c1df018d38e8a6403d2d9e7,main_screen
3e386ff0b2557dd3d13dc841f7523d53,mobile_recharge
f18c381caff60792eed0a63252143af8,main_screen
c9343a397a13a80b6e682c5822597dfc,credit_info
d807fa88b81a74dfdb537aa99fcdaaad,credit_info
56cbe41a487a1edaf5c448f594074220,own_transfer
2dea785e62dc0b60585dc805d9fe9b91,main_screen
ddfefa45054e74d37273e5d45220f998,main_screen
8966cdc73a7982ed3be2d40254e70b14,phone_money_transfer
b5fd385053b3e34b1d656b31bdf85d19,statement
7a03bbbce04c7726804aa09845144b01,credit_info
e7bdf804b14b6d6880c9990011ff8ff3,main_screen
fd09b4a957f6272d79662a870047699b,main_screen
f5e051ba408e264bb9ccd03cbd022adf,phone_money_transfer
5027ffde72197168d5f055aeb59fea74,mobile_recharge
11e352ee859c23f57dcb40f42806d3af,main_screen
c1b01b29d71967a87b662055d6c798f8,main_screen
a5962a11376fd7b81b6525965a245555,credit_info
41b07516babba81fab95fd0d5f24311a,credit_info
63d537cc6c0d37794f3456bab61497b6,statement
98ab52a8f279bd47a254829fefefdc6f,invest
3f3f35f32983d0a91e11ecc59113a1e2,card2card_transfer
251eb47d80a89fb6755a75014a7b94ec,main_screen
4bd2fa55a01d34a004e6db098eafa7a4,statement
433e10fac4fa6ded78b68df91dc6564a,main_screen
bba33b34eba58ba51f6e782672cdf987,phone_money_transfer
c32e082e5d42b0570db9db255633f937,statement
242de91ed2564986715934b16b1478f0,own_transfer
6e4806b374f66d4d570eb704fcd224ec,main_screen
8d671a1634be72a08789a3119b6c111a,main_screen
2e481c06e1078cb67ba8bb7ca3ee2256,phone_money_transfer
85dc0bde3b57a4619c4c64d1e742c9f4,main_screen
969a38c5fe2bea87f92f5486b69724a2,main_screen
64d9e53e9da026d6ab8484ff18db98b8,main_screen
d7743d24e51f82466b0e16ca7fecbe73,mobile_recharge
e28cb1a6b500cfe11dbead82491eebbf,credit_info
6807848308a0cbff71605fca2275af9a,main_screen
72fb41bdb69c97df5d58859b8fa04b50,main_screen
f6dfa90addc731a4bfeb3cb45cf6eebf,credit_info
2051f2876aaa735f625804d09ad2b0c2,statement
da5f3ca38b5e60606a3a0d72bbdb0b21,main_screen
d7cc6f617481388a38672d4acdcfcab4,statement
2ab719d3ff1c27b627e803e978ca38e2,phone_money_transfer
6d1f93466b1a0c95eb7815d7e5f0d344,main_screen
6a0e772350e354c8f18fc9ffa813c434,main_screen
b86f68deccf642f145037b1ceabdef2d,own_transfer
b054248311288bd83c7cbc85be000c44,card2card_transfer
7fd4fa8feda9b3751c456b4fb641154c,main_screen
45497f14d1cd08ae2150270665c0cd22,main_screen
77ec6190d12fc580a99a0d3eb4d68df9,main_screen
31d12c7c33375c7c7cbbbf0410fce212,main_screen
ef11c55ef36589a973ab08c7a5ff306f,phone_money_transfer
b831dca518349302aa071402e086f8ec,main_screen
057d0913ba27bc3d901346f625e556ee,statement
26752f9e82bd06370171d5d23fd284f0,main_screen
c076e5495728a1df88346fbc3e20c363,credit_info
833c9bde2422e90e7d7a598336b17c78,main_screen
861d6751ac75fb430ea77b3c38ff0aec,main_screen
937514b4252e2a3db5c1efb14c81bae7,main_screen
cb57b3b7066e48e403fff6e59d514272,card2card_transfer
95ed33b97d5657ca8b6b97841cf2f867,main_screen
76dd8bcb769febaeefd809e79f068a88,main_screen
02e10123bab40be02c6e5d5cf59472d8,statement
357feb771773b80a15efd7894d458d65,statement
b8e107ecbfe1b7fb70a744986ded87f7,main_screen
aa2a5fa07cf63ce8f909937c88165aba,statement
b99a451b02de33048e1bb09795209204,statement
984ba7cce96c4b40cb3eb76bf939daec,statement
bdf12fd5d4eba7f49848b4c10e040af0,main_screen
a1d9d1596aa6d6020b2da3d68c53d4bc,credit_info
30a99f160b34b12f27aa4b18fcf69b77,own_transfer
f383cd2172e3f2316bea41e0377a2ccf,main_screen
41172b378d294931a2787c52f2fbd380,mobile_recharge
ee36508bb8ed3975276d32d6db98a04c,own_transfer
33be6704bafa43d43173f718e85ad90e,main_screen
40ab8e9ec1fa069a0ccdc7362b58d6cd,card_recharge
0bb1c6aa451434e25d5d97fbac8dd391,main_screen
01690e8dc6da79691538ad6f8d73f771,statement
16c7c36d5bda1072ef71a5a29a96bcbe,credit_info
09e731fda2179215232def870829dd39,mobile_recharge
450b5df94f0f25ff68681a7120838f03,main_screen
fa80dde54f90408d0178928c01eadc9b,statement
e575a5a310a4670bb7b3fb2fc097cc43,main_screen
e374b002b565c73e8d1d31f10b827fe9,main_screen
4c0e8205c8237cbc7b47d940746f580c,main_screen
0c5e1f0074539b0bd4d0813677ec097b,main_screen
43eeb2ebcc881dec00f122f928dd6d28,phone_money_transfer
c936991488f35dd8725de0e5765c2554,credit_info
0c73522467d6ffbe75c0caaecc44e42e,invest
7b156cd909dd0e38e976cbde7db5c881,main_screen
b74ffa0400681f4e135612dccb6b3ca1,main_screen
77f4649d6a27ae39b176103af6a4736c,main_screen
b3f1fda24d312fa0f96eaff6811be5ab,statement
ee2002c61462454e1c259ba9768d3291,phone_money_transfer
7b932c73846df4cad2fef4e43b66c80c,main_screen
4af18a2614070c159d5bd1d3f1c89950,phone_money_transfer
bef07b4e71fa4858bba978c73daaaa31,main_screen
26fcefd034722d1b6e7301c467d87e10,main_screen
f0f513e6f0326b74acb001d8eb27f9ca,main_screen
71892f4e0f055ae173914f0279bd826d,main_screen
613ac9510d3356ffa4abb2a3d2de70de,main_screen
2eedfdc9b40fe643e76dc003184ebcf4,main_screen
4ee466f02ca967955c8c0497e3f602f0,chat
1f064efada0b38578f6f9a8d8a7e1748,credit_info
d3e822bc5d1f86f7afb7175ff46dc173,main_screen
b2d72b123c3aaf2dbfbe72981f8b9580,main_screen
7442161a8d09e20d4dfc6833bb188ae0,credit_info
12659ff6b80e6c400ba94e14470a8e73,statement
58d67952317398bfaa03bc101abaabde,main_screen
956ccc2f0765e92ba6e7859cf7ac866d,main_screen
4769d09e7f4eabb4857e1d4dd9f00fee,statement
fa34360e6854e659385852d70bd78e30,credit_info
7d2f4d441c82f2558086f6c100ac38e6,main_screen
250470049a7a838b9371c0bbd051f01f,main_screen
a8d4c8149636262c461d673c5c245dee,mobile_recharge
9502a42b99faf83ce2e7824379ff005f,chat
61ec685a53d29b9efeb01fe2d549e1fd,main_screen
3b7596ead8dedc7fe196980a738d9363,main_screen
0c68f47523eb116954f8ccde078224e0,main_screen
aab46a56f00d5f8b534a75853e09c6c7,main_screen
97a02ed06ea13800a3ceedf81c48e9ca,main_screen
f5ea3a50d60910930530e19b9d01ec20,main_screen
c94b7d4e699c2952f2854f17a4015a00,main_screen
50791f8b63d10a8dcc8f7bb40ce8cfe4,own_transfer
080a7a24b0cba0e82279a882ca0f0a79,statement
5fae119782b00bc419d11abd9f2eeb40,invest
722642a5b79be5514d8a4a964426f2d4,main_screen
161a87da21f02de0edf36258383f5e1d,main_screen
e9fe6fed4fbf8d969d56fcfbecfe8628,statement
8e822b4d9116b348f5ae3964b7e40b70,credit_info
4349bd55e99933e6b1df65e7326aa771,main_screen
a6a8ad237016587491c31f78b1223290,chat
04f3610750af9d14106ab3c8d6757615,card_recharge
97e6d5b9548d2f787490382082d2a1e9,statement
421094191b28fa1c22bed34bad002174,statement
56ecdb57b9387f0bc4956ce53d6a23d2,main_screen
eb521c3e4d64ed0bc216117ca88731dc,invest
c331b6a73f1d521b37dfdebd760ae9d4,main_screen
cd6627199d7d57d0ae9b0002f9526609,main_screen
bdd04861b1fcccb45675b670a39c1a60,card2card_transfer
a82b0cedf6724b06995c6b84a5af3f11,credit_info
484140044a8f8938cfe472ba760ce53c,main_screen
61d059aae56874f6dc76ae00a3a869c4,credit_info
64aef8416382dbd37b7e0b621f6ecef8,credit_info
bb348735fb7ec11180407f373e50a81c,chat
fb58dfc35180aa6c6bdb411a7acb2cdc,main_screen
a1e8ca0c6c4291d3265bcdd369b1af58,statement
8bf67e97be6250a64b4c9c2128b7fe52,statement
0cc0ee86e2c70d45d3c26ca1f7831dca,main_screen
0850b1e016a7c5bdc3b7eced0ccc6ff6,main_screen
fda3c06bf3a193061992f317f87d1e4d,phone_money_transfer
433ca4a77e3ceb4215cf7130ad41ede5,phone_money_transfer
d207ea1c0a9cdebdb12d2534bc1098d6,credit_info
89f02c7502c0c379b25216ef8f8e67cc,main_screen
cfe350fb1927e392dd3bf94d80440a58,statement
a668e291825120407d60c010c4315475,credit_info
049ccd0c2ab9377606a14eaf1a22ad17,main_screen
c6325c3b28d3d63091405183a4702270,main_screen
b0bbd271fd66d22d2095ad784cb44bcc,credit_info
244be6edd8c41728c17f6b38094aef1b,own_transfer
0a3b59b316f858c5d8c5204240ace129,main_screen
5ae88060e2ef442d3d3b755a77108488,statement
844ad3c99449a8256d4006e578eb6edd,credit_info
bdf79e5c3f678887567acd5da21d056f,main_screen
fef709fdb3632128e48f0922c3b75895,chat
04469e6ec32a1f4bf902810d9b69525b,credit_info
e880c7ecfb1f26234daf9e2d173db2fd,own_transfer
69d3e746f6e464a9c50b401ec8c4fa89,credit_info
35434c184d081122cfeb6d33bd58166b,main_screen
b537db94b0e638909ea0daff0ce32dd6,main_screen
21c6d514c6c5d657566bc6cecd18249b,main_screen
f975d07066bbe5b792f72a9d6376e0b7,main_screen
bf0a74daa10283094e6b8d805d053bd7,main_screen
ffcf22a81a2f37a5537c2d9f71815bc4,main_screen
442ae0a3fda0275313185ce47e6a5c5b,main_screen
91aa0c03658459b063c864dc6a9c9bd2,credit_info
ed4adf9743e5a6cdf126e471f1e80da2,main_screen
8ea9633a4dba64693d78202a4ce5fa69,main_screen
98ea1aa5e3b396ea650fd6a0b9852388,main_screen
0a2e39f58e64b4d4977d6c0c2d17e04c,statement
dcab6dde1099e245f546114435f10d77,chat
d098b6de5b8fb354b29ae343b345aca7,credit_info
ffb8d61eb5d944519979601f970e9787,main_screen
b2c248032331ad381327840edd141609,statement
23e3113819513428286a20ad18b98c74,credit_info
e6864620d8951570152c5790069ea7b0,statement
018cb55884d970be81b7d67768406400,phone_money_transfer
4b94be7de676bad2a1f0f71733ac5cbe,credit_info
520e61633cd5a9a47604f2bd2fb137e2,main_screen
5b5f01e63e610aca696aa82b45952bb1,main_screen
595dd07178472489f7d3a91354bce026,main_screen
126cda735c41c710c4e7872231efaf96,phone_money_transfer
2df636a59b74dd9f4a8f89c148a8b4dd,mobile_recharge
b6c2c1b49cac69a3b30d052f32107205,main_screen
a3d17db60de840e274d556c62b959896,credit_info
0ebf26de9b30652edf239723071aa63f,credit_info
c5edff3f3e715e3a60eea5fda1096cbd,main_screen
7979927e7561d30ab595fce350da3443,credit_info
4a8417e5386584e023ebbc0ed36fc7a6,main_screen
468c083cfb93a4663f6320dcf2335e0c,invest
d07bc9319458b35fe7f593668874b124,card_recharge
c4c8fa367a61f5d9d1d291d7dfdc49a1,main_screen
1b654c43f96ca00c8ca2c18a9fb70c92,main_screen
a3022814274b1b9420508663baec7f4c,chat
c3aaff01ce4c87818ee9f20b2eefbfb0,main_screen
6b44eb8cabe7dbd9efb5f20c57b33c90,credit_info
58a7fcfff425c04dc55f6857a217b24c,card_recharge
4410e8da28ba562400e193b88728bde8,card2card_transfer
52c4d6c425bd5995deb1c3c8ca38ed88,chat
51c51f07f9d839c0b8820379642a027d,credit_info
bfb0e75ec8528698db9cac9ace3533b1,statement
1e3d6225ab96a1719e40e87a1b80b8be,chat
58b2cabd9eff58859e7d40b8f8451008,main_screen
2d5ba1dc08471ccf6d75da8e25366a99,main_screen
7ca2aed200620349a51cc742e7f38b41,statement
16dfc927d993f302b87507eccdb5e0e1,mobile_recharge
1f30b2852f233f6743aaf26d8eefbad3,main_screen
6d3f9f6ed97934f28c075e1ffc0846ec,statement
8449c070f0e2b6c56b25b69eed0bd619,main_screen
58686a2d011c72387bdba705e24cdd73,main_screen
48ba0e3aabc0aadf6e1ad7d9574aa6dc,phone_money_transfer
c0282ae488ceb231b3ca60bbae8e2ed9,main_screen
08e4ab7a33134a76bbdb520de17b0c88,statement
129b888dff6e371673891b0f7bdb2ead,main_screen
fd7ad732b1395cd5d82c46e5b68896b3,phone_money_transfer
ea47d61098091a4df653c916e2b33715,main_screen
7eb7027e891402f61e529f9c303f1380,chat
8b5d973fd456245c13b5acce684051e2,main_screen
3c13c256c2a55951f30d54e29fa8b09d,card_recharge
a2672a59e9bfe9e6a0fde3979daabcda,card_recharge
91cb5ca9f855e7997489dd2ddc08e536,chat
d7972d7db29a00be9302a506978b5c06,mobile_recharge
4d9d34d9e378efe18010a42ef1c80b28,main_screen
f75d821389c80375d3932c3ead5e1ffc,main_screen
915da0c454f5cff3262f7242a11f6daa,credit_info
58abf51364e6fa22848adfdcca1efaed,phone_money_transfer
d44c7d3b2a46d796eb0935a2f7804d63,main_screen
a928bb8b122d5a0cd535fab187698e92,credit_info
307c5654253c1f00ee6b5bb39010d24b,phone_money_transfer
f39fd3c770cc815c3d2ec3169c797767,main_screen
94e761a75a5dcd9e82ea3c795606f718,statement
6322d015d7d6937bb83aeeb8a9b11539,main_screen
65c0a0fd6672dd774e378ba2c61b31b6,statement
16a3b34330678b49ac6ca2d9772eedd4,phone_money_transfer
1a919e1e69d0874ecb349ac4b22e956a,main_screen
10316ad46d07001cd0fd98f3f2b67307,phone_money_transfer
cc20e778b935ce3c9538a2f7d288bce2,main_screen
0d306322edea6168f789e2af88dba47a,card2card_transfer
27b0b8222548f23781b2b6da40f9f519,statement
c8f53201563a3109ff02418d62e25140,credit_info
67b10f1fb9b86071ba8ece8aa223c8c1,credit_info
01d0f962301e871e6866ae0706a7d906,mobile_recharge
0629a27c3e6923c260616bc637801897,main_screen
933cbbc58147ecc2b68748ed28339de6,main_screen
b9d54f6375599142ec479264e67aa0e5,main_screen
8094eb9675f5734d4e287feb6b614fef,credit_info
9806217dadf40a28b9c3fb29e6f4a1b8,chat
e86b88c58e019d356551aabae7aff36c,main_screen
80e8c206a6cec9d5b0e2812a713a1c7e,credit_info
332703cfc9647ba767458682799baf6f,main_screen
f77a3cbf75be0ab71c9c64e26170d63e,statement
25033abfabc8bef4dba03c9b7c349c42,main_screen
36fdaac91438f49e87a3dfcbf1297afa,main_screen
76a2540bb0a74bf35a3629289c13de56,main_screen
ccff6dec4a466e3ceac30e3ecfdc4df3,credit_info
b74b5c56b675764b2e0ec8418f2697c9,main_screen
847264a383fff26043b18b5eacdeafc5,main_screen
cdf7b1e87d762a4d2325accf1fa0d701,mobile_recharge
6f5b50cfac5439847c9507df7bc02c36,main_screen
cb5aa0ec1d910b60a697c3174149a506,main_screen
f4cc003bccf2da680526ac5cf381fffe,statement
dda4f557d224ae11ade2ecd21027186a,main_screen
7d57a63ae14540a51cd529c159cce9ac,statement
5190b32e28a5bd618c8af87d465b609d,chat
d930dc9c2a2b2a358baa8b24dd6fa319,credit_info
07718f9bf2f6e3a215846ae2dabda33c,main_screen
b76a5555ba2458b65f43082cd15ffa03,main_screen
348ed5e75e881ff06ded5867dbf61a19,credit_info
c1a67c720fb94a72ec2aa6c27d9ea8dc,main_screen
08736837c06c61fc3d38cbc302209f98,main_screen
7e24082796d14810c31a6e932f19bb1c,mobile_recharge
6fc1d895c57dda44f835e1016fbec417,main_screen
8533d7b0b898fe0c0b263401375d74d0,own_transfer
ccf719e6f8a947a389a83cb1f6fedb57,statement
01304aeba92fdbf6cd16eee23225f106,statement
21970ad9ff757c57bf7522ea0b21ef8d,credit_info
b175a2f1899d53ab7f1c4479f0dc2cd0,main_screen
dcc5b480aa0eed6677871723d4dd1cac,main_screen
3ff29294791114831dc713bc6cc03440,credit_info
57f3640bd07eba296a50c1d25c549b28,main_screen
84c532fa60e354d557aa48df7b64073b,main_screen
78bd59153034f0889f0bb1ce1ede6422,invest
24b536c82eb99507ef89f5d005c9e3fc,main_screen
b91b5e3755a990192893dd8ffe5f36de,main_screen
7b54e3c8b9015b4cd70796c556d51e07,chat
e6a3959f0eeb3d5dc3f5d9d88967cb28,mobile_recharge
9ea11fc413319ea9c7eb23407156082a,main_screen
d4d2204949ae8e2dbd2527ff26ed4ac9,chat
30c71d6704adc2a98dc159e85d8032fd,credit_info
4c6889e44c2b4f827745527dffac3ae8,main_screen
4fbdd89e0465b5e77c9c60987a7e3bf3,statement
e93baeb10237d110307afeaffdfbf819,main_screen
3a54707c81428fb141a10e0a102660d9,main_screen
af0efd06ce97d4148b5e6263b20cc6a5,card_recharge
b96148c78a34393768caba51163b1510,statement
0cf9090a23199b1f6775d4cb52083e31,chat
0615f535c85cb2b80a96fea28e10ce49,statement
cf13d6ae7a276fb2bbc9a1da64eead23,main_screen
693bfdc7eb460d2d6c48c6a85c144372,main_screen
eef9cae97fcb6c19756072e9994da722,main_screen
eb6041a714367b18266dc6dde12dfcfc,card_recharge
a27ee30373ecb41fdd512d38f4afe0c1,main_screen
55326670c8879c6d5a8dea00595e1579,credit_info
8e3d21a92cbd19ac4f5223fa166b09e3,main_screen
efc6e66813f96462078c2010a1275c4b,credit_info
7e95069480b5db7986b09ab5740d9e7d,main_screen
d8198984a9b9af42115fc71cdd3633c3,statement
14ad48a59782fd92c734630bb24d56bb,main_screen
f280beea7373ea881cc0aa2e03503f90,main_screen
11363f050db58a676fff1be5bc2f362a,chat
cd2ed72fc3820a57961a4225feb3beda,main_screen
c48ac95caadaefca699dde9422cbe351,main_screen
e1b8bb027674d4433765acb1a6e7f04f,main_screen
9305f7d5612ac494fd86a616253770e6,main_screen
8f58e1144280d3938be8a46377f38931,main_screen
fbc96dca2316fc07c875067a4e03000c,main_screen
0647cea4165847976095e72f6fe616ef,credit_info
f3fd00fddd2615b573eb10e70c227a91,main_screen
c53efcbd8860ae1751e6458300c863fa,own_transfer
0a32bf0bbcd8b09e81aec8696f84863d,main_screen
d8d13567a4b215f3330487e6962eb6e5,statement
edc6b812b49414841992908960714401,main_screen
1b0ee4fc191cf4dbac5cc28b474a331f,main_screen
54c559b541f48880473c668c9ead0b06,statement
9dac41291dc58fdd680512626c163346,main_screen
81052aca441ff2cd303733e94c070628,statement
5cd6fd5b7754542a98a64099f0864a87,main_screen
5055a253c378d308c7a9b6777a9a5311,main_screen
40c35cbb264e2fd4cbd1c6c2b4f6f54d,main_screen
e207085b1422127e7a2a94a2127b26d1,main_screen
1eb51713212ad20e7f848b4782721ed8,mobile_recharge
312c0457c1b8e43786afeb82f1cdf843,main_screen
c8ee37f37db276ee2424acd2e633ba49,main_screen
152cdbafac95cace3cb825359371e9fc,mobile_recharge
168c006a021e804d105d95b6d0ca1426,main_screen
cbfe774f5a48f1a0563572aeeca1b0aa,main_screen
2abb4fb775d4fce37c2bac7e6fdf1c46,chat
6a84d62b4a11df28dd2a2953ffece439,statement
75de7ec7b02b961965236b6bfe64fb5c,credit_info
1d7cfba6fed7372807c2f771e8f5fe97,main_screen
57ca288af6ef21125c93ddda3b283d96,chat
24331e0066b745e149fb0ef5c5d77415,statement
c21241239f99026e57f67926fe3ad9be,statement
3ef8895839ad1d739875c3badd5964e2,statement
6d79880ef95368a9a9ee1330ac993ac3,statement
aa0282b0075951f43f57d4e854be9770,main_screen
fa81e9c4ab9c63e6a2b9301aa55388d9,main_screen
d739fd54d19c81ccf276b3895c16c4a4,chat
fcb58b38a10f742f2a91847c0f771480,statement
72faad10cb3109cff3b58018140f7d57,statement
bc40f145a65d6a77f4602e13c4769d4b,credit_info
f0badd9044678ef6dd4bb4c7fe2393e9,main_screen
fd335e8c5ae8fddefde2c3ea8dc910ae,statement
979d95a7d2e6fcf7d0eec6dcdd300cb8,own_transfer
f8d13437d643f55f4c935a38bf5a4b5a,main_screen
9ebfff354a181ef53b01fd71d688c7ae,credit_info
c36a983f4bc59da20c27dddd4f897e37,mobile_recharge
635dea3d109d44958e934e446f5d853a,credit_info
f86a40185916df49f7f21ccb93012133,statement
b855509273a3257bfcd3f2bc08ea8d85,main_screen
7b1e4817548b64fd59064453a609078d,main_screen
a0879257e211924347faeb131050ee32,credit_info
434d7ddb5e25a5bf7848678d048a96fa,card_recharge
38a7bfef6c3ff5d6ad0bc8208a05f0c1,main_screen
a490bb73bf456b30c8813f396aa7fdb4,statement
ca33b553a25a94a63ef8d816561356d8,main_screen
63acf091458d4e018287e5bc16cfcd5e,main_screen
2ba2dcef6047ac19df9a309540c96330,chat
75c09d08758f54268859f7253dfcebe6,credit_info
ad3d213d4b38cb972dd2e1ec330af26d,credit_info
089dcd6f77cbbffd962eac3de81639a9,statement
a3b445420b63c843dd917cb6377817f1,main_screen
693c26f06154ea346ff813d20b675f42,main_screen
f2a2381f6001b7bacc1dd11426a708a3,own_transfer
07fc1cf9a84ea82ae39c29b994ac34e5,main_screen
71c948b4560457aebe4837878cdcd8f9,credit_info
826cba64b30d62638e209cb8bd434f26,statement
4bf052a0288d11774677945e67d72cf7,main_screen
2bf6a7cc2e821edb97a2eb5175a00907,main_screen
006400db4404434048f33581f56243c2,credit_info
adf5cbfd3e150e3661d080e2176fb7e9,main_screen
cea900edf37ad6da47baf2215cf7f2e1,main_screen
97bba19d263da0917852c4e787b6629b,mobile_recharge
323b4a6f7a55268f299350c63aae0ff2,statement
8aa29ba9f680bf9d7992b56e4165e996,phone_money_transfer
fdab7bf7064dc5f0a41db30800edd11f,credit_info
4452c555a0b676690aa8d86cd6913747,main_screen
037c0143ae78b800005787f720ca74c5,chat
77c6691b4a6d297ae3c948b9eff17f2f,chat
a779a19b10e65b56b916ce6813045b10,statement
78bd3eeadb0e80483e712f3bbf92e364,main_screen
963f34cf23bab2322e9ffec177ec7b97,main_screen
616f4d02df2dbeef164c990888680542,main_screen
f0dd80c60d4ddd2a161443756bc8d119,credit_info
745e9465cffb6c8462ccbb2e3c0886b6,own_transfer
a3671c5d892005a82817ced0beff9374,main_screen
ec4b056d7222c8d2ffb6e8794ac0e931,statement
79f290fdaa3ed7eacb2ffa55173332da,main_screen
a55df0e50e4e3bcc539614a08175eacd,main_screen
ea197fb7f64ed806b4be718b60b9d168,statement
53c5a51304bdc8d148b59054c8c6e7fb,chat
e8ef03cbe793bfdbea61ab33ce0090a8,card_recharge
d3a776a46772870d0fbdd5604fbc454b,main_screen
40b53220598f5c12ece2a0a9ce9eaa79,credit_info
286792f4fb479c4fa5dceb91f3386b92,main_screen
7522d18fdecf11d6303636db6a647fc6,main_screen
463c7fbb2dcedc466d64cc76ded82f3f,main_screen
707730c15696f1dac5d723be77b17434,main_screen
f540bdd360351ca5fa4103baa7f5e072,statement
575a55f0fc3ae6d64a1e9791b83f2b0f,main_screen
b1c41fa65032df6e9798d8c131e7dec8,main_screen
43a39884c5d1884ed13188f9e4827472,main_screen
fae033c949ba1cbef116d4baaf19e8df,credit_info
8e75f5a206606c92a3a95c8585f7ea01,main_screen
ba39ccd7ca8d1a4f15f7594a26a8449a,main_screen
515b35f97646e878fea176c1832579ac,main_screen
9cb8581ee9a6b66181db9c05112bf612,chat
8c49accf2126c610e2b1ae03a3a178b6,statement
7d504acae43b67005d6441aa4cfbf5a2,card_recharge
79936ad624aae62da78b6edfa393c7b4,main_screen
e2aff17839a314c9df03c3a0cc48971e,main_screen
56d442c14052298487c6d057e1a6e366,phone_money_transfer
5256e01c1f4ebe0d4c868b9b6c9d652c,chat
f93d9861c835e20c3d3a2678c9761e7b,main_screen
9887be8fe21dc7fb094cb28b65df1105,phone_money_transfer
65132c341c7b266e0a01faf256370bcb,main_screen
88153d3aae1c7d0a6fbbb4a8da711962,main_screen
6b75fdfe92c3acf03f278b1828916bce,card_recharge
98c8c05b96e918967f76cb0cc19cd662,main_screen
29f8986a4c03be76a6f1ad4695eaf54a,own_transfer
5395602b4ccf2731645df2fc752e646e,statement
1b2ceac07586a3b404232622f6e9b718,credit_info
7d3eec092d7382dc05a10d7fd5f11512,card_recharge
72c1739328e5f8f31cb7632a3a0457fc,main_screen
a7e58e735f5dbadd3293341711f435e2,main_screen
51e22d933a10b4a4dc9b7276f5733aec,main_screen
c7c402d568510630c55509e3bdb716cb,chat
885d74054b20c37e6549f4c899fb35ea,main_screen
7db49e13046920772e084de5525e67d7,statement
0548983e362368dff7e1fc9e05617c91,statement
fa02035aa02cfe213b1e96e3e924754f,credit_info
2030364983f90d3a59aad73a7821b439,main_screen
c6c50b67fc87e2bfb070180b63bcd38e,credit_info
5276a73c06aa078c6918bdabfafb856d,phone_money_transfer
dab1005c882c7bbb1f9a8e109ef0b40a,statement
5a656549591ba1167206a62f4414e3aa,main_screen
8ee1fefc40536f74929f1e62f7db0e51,main_screen
de0f0add75ac266cdb9a3ba527b99c01,credit_info
156a59efa289fc756dca3a9a8637dc8d,main_screen
64c6d14fb9c5ebf68fe8602f17725714,main_screen
aac1dfffccb81a9475885191df4cb3e7,statement
46e64ba747e903f6bfa7695e95451b44,credit_info
54c81ef6d55ac1f8cebdd8e97e1dda2a,chat
279a3999781bbf25bf4d08845377fb43,statement
ac6b351cfd9c8574f55e17e33f3bdfc0,chat
523569d50fdc8926506d1f95da46c2b6,main_screen
ebe150edd07e7c744b3b98e269ff3aaf,main_screen
d1d8075f2951494805b2530138a6feca,main_screen
344269c3382cf00b3a2ce305881ed6aa,main_screen
86820148143dc96651e0aa77303eabb1,main_screen
f1b9e759da39d7fcb85a14f2acce1fb9,statement
f116d75edde7a3cd8bec66cf253ba224,phone_money_transfer
ce0f1c536692ae8f4f5204975c5e60e0,own_transfer
a2668ed06e132108e12939adb134b9e3,main_screen
4ddeccf69cff63de927b879c2399fa6b,statement
b091bc22c7f134f631669b2bff8df32f,statement
cdda63df7cdb375bb3a45c11ee8da14a,main_screen
64b64247376322746121156d072f4c57,credit_info
adac7afc440aa33a5d56b6af73aedec2,card2card_transfer
e1a765d94c0c394bc7e287c1a3898e34,chat
0933deb8e46983d6ec610d74c18244b4,statement
52e79c1660b7a11f246a1927718dd8fd,main_screen
1e3ec5382b794f3868e018329f4349c1,statement
e43945571f66a9b4900389bb98a5bebd,statement
08e2e88b954a8d00ee83c54601fbf71d,main_screen
f4cb753de10f4f5e023a0872886194be,main_screen
4d5b3ecba2032a906050de375635e46d,statement
59d992c62b008b2ae7973e82afd83965,own_transfer
e5e8bc637097cd486685c438ef335e88,phone_money_transfer
66db83eaac8712c7e988043e4aae7fad,main_screen
74b580c3f7e2ac5465491439d1a32f3a,main_screen
c4e8f54e20b871de141af7fe185e363b,credit_info
0e933a7dd9955c3a6522dfee9b917fb4,statement
dd953704ee790baba7993d0271e780a7,chat
83ae26ded6ad48538277b0910c9518b4,main_screen
ccd819511161506e7911d52e8e6028ed,main_screen
c754fd323fc0a603ee54bd22a0d9c7c9,main_screen
c1db8aa93000aa169f4be3f52ad54425,main_screen
eef10b3776120db89fff9a88c0ca5d78,statement
c1732b8e02744f32dfd01dbe9b89e41c,credit_info
5305026b7d5f66613cb8e74837757226,main_screen
c144b8eb98b8953ecdfd00624cc57b42,credit_info
085427b373211da7f0d0d0c32f2a3c97,main_screen
4c39298b5d871ecd0c3be1ef3dfee6e5,main_screen
1fd4fe90e68dd36bcca951eb478b8d26,main_screen
78c684c2b6eb8dd1b80cb78284eefdcc,credit_info
3045502b7adb0ea155990ec1365fdcaf,statement
b65701c06c235a2166cc58b4e72d607d,statement
71aae681c2bf0f1570bd9ad73ddc01a7,main_screen
126db506ef91721ffc1b605ed0d6a423,main_screen
311370033b187a3e1fdd144d7476ac11,main_screen
648d64c0cc92cc48ebaec68c722dd396,statement
7dc68c1c44623cbe531cc5db88b5200d,own_transfer
836ede477fa99cda78050e10f66b45b1,statement
e11ff34ec4c5a0a118ed11a3d694d871,card_recharge
c4ba52302ab0a9ac6ea59ae341fda945,main_screen
f5330420a86136a1cb8545b3e00944ed,own_transfer
0f544211a78710e350133ecc4aa3ddb7,statement
c82b0bf34702248d97a34767ddcfae93,main_screen
0dd8c8f18c29859d34cef16dabe60637,statement
eb7838468a3830e56d42eeb4848194af,main_screen
2f91431dd1bbb6bda70125922d074f0d,phone_money_transfer
7fd2d8cbe7e07a42dc9af81210ff3f62,own_transfer
e574c3fd9ddacf702f50bbc582e875af,main_screen
f3026c4a0e6055b387e17d1837e83533,statement
d3a0dca84782989ac6586d7c7a040df8,phone_money_transfer
d30ac292bc9b08efe7ac87ac1510c020,statement
94429737e21af508f62e19275e90441c,main_screen
082165179da070ab54e7609ec5992729,credit_info
f54c2badd6ddc2849384b7f11252165f,phone_money_transfer
39ef1184a69140637a2754392ac78380,main_screen
c3630e908927106037f2968602e3800e,card2card_transfer
f3dccdd454d8a7b1350bde873a552951,card_recharge
e7b6e16ae9e69e892fb81b24fc39ff40,main_screen
8ec1d3dedb202d87f1264a2335ff70e9,credit_info
c892ecc6dc6c72a27932b2372f5add1c,main_screen
a488b4ec3c704c1528e978e7102836a2,main_screen
154e906109249b50d91c5d996487bc88,credit_info
d02c0820f2535c7d9d778f1085ef21de,main_screen
03e01076a127905acd9c2491679fb5f5,main_screen
aff2f029180f432fda9c801b0b1a0198,own_transfer
a1be8048884e421e5d889e0711f4a3b6,credit_info
36bd8910ad4e05ff30119561e00fc937,card_recharge
3f761d661fef6e62f870d416c2e0178f,statement
f58614d2199fa4737e5d6b34eb2c9223,invest
2800a4e8f83e729ec65358e5d83d68ab,credit_info
8d83a0283d96daad4b3912879709eb5a,statement
70911b1f081dfaf7caa04b7b0072b07e,credit_info
f4fc0d7cf6d7520e1aaa31a842963353,main_screen
e9be5fe5f8c8a51c0d046ef5bed27dd6,card_recharge
5b3697b2c1fd83cff4532006456ce1b7,main_screen
a8e24113f0d330ec0a8e0b56c2784eec,main_screen
86b6dbb781256d9d55ded24635bf2f2d,main_screen
c43a70d1818ad8069a8746714a86e6c0,mobile_recharge
a167d6e048ed172de2ec601b51503762,main_screen
da16a65571ee238adf9f08bdd5332236,main_screen
81245a18ded671fb859500b1602be41d,main_screen
42a125c01fdb8b677de1f35aa373e20c,chat
627f274697810ae5a40d58079abe6d43,statement
0fe61cc30e17028b3cc7d01eb935ed15,main_screen
547a3d6172a812c4ae0c4d202a572a94,credit_info
e439f23890044cf3bb2c8f9304511b35,chat
ee3ae4f557e28329343e2411bf2fdbe5,main_screen
a4889171637b261a590354816ec0998c,main_screen
fe863d15e7f3e09235095cfccabe4a08,statement
3cbdedd813393229acc007c1fa056dc8,card2card_transfer
c132856350cab57d78c1995de23189f7,phone_money_transfer
316fee59a19360b67c2e71d33354acdc,main_screen
d81b0a5129eee953bcc77f40ebd92529,credit_info
0bf066e66e254fc87e2a31d02c186157,main_screen
2e44724c42dc122fd4b18df9621ac5c7,main_screen
9acf01e67de75c3a8ebb290f6a607956,credit_info
ec038bbc1d844814faf80e59b6f6215f,main_screen
d9011921bac7c2621bf1b64f1e10c925,main_screen
e49ae4419a10176536e38bb20cc21da9,main_screen
06c101652d519f7db718504b8179c267,credit_info
ee55c0c803a99ab75fe6cbd3c8bcf262,card2card_transfer
644b0543fe4435326bb2cd8fd2d99bdc,main_screen
fb3192a542c330255918f00f02414d11,chat
86cfe22f6bc92d690cd1b26984da8479,statement
d532ea76b510f797c7be43c85f103212,main_screen
35581092008578a7643043d64f9ae7b9,main_screen
d8bf1685b74533c718e969792c5a5781,main_screen
2a6da10920fa721a8c87a4e57916a240,chat
0cf0b7fbd46e05767aa890ea069b2483,main_screen
a029c8f6366346df1c0b3181644baeb9,statement
0b16ab6cbada417373a1ab1600d8a8df,main_screen
a7ec33a8b85f01156bb8afaa1e2019d2,statement
f93a1c95fd68e0d55b392d4b7bed6e8e,main_screen
a72eb2eeb48150955f69b705dd819c5a,main_screen
4676640a273e0884a8e8299d35617082,main_screen
f6a6ab7a38c5dcb482d1834d748a38d6,main_screen
adcb3d00d8036936b99b9f5f20f2d6e7,credit_info
7844c9dfbb72b548fe6f7f222a7fc53e,main_screen
897de77c80f3656d51e3b6f93bf4e8fe,statement
525dd4676dd9dd50e3e4170c37bc78a8,card2card_transfer
4a1f6f72345dc2d9a89615855a59da5e,main_screen
5e4f1d70c124f38cf383fc8a579da471,statement
8e433f6135a64db6708cde0a03a161fd,statement
0d021a3c8d017f4addcdf72ae1ad6a12,main_screen
a92fda760f57add7d3329b0770eb1235,main_screen
031495d61d2eb82b7a6fe6a963e26c5c,statement
acf148a7c093bb2ed50b80f14e99fa4f,credit_info
2e7821d677628b5ccb97146147800452,main_screen
838518826d2ace386228f9c493a7cf06,main_screen
f08f3a0b6ed91aaab17922ca6c0afe1e,main_screen
c2aa009cfeee4287a3c411b6798366bf,main_screen
fdd519d20d20a4943df37886cea5272f,main_screen
1e0b427b82d51df01f63ee817a7925d8,main_screen
3e746fc7fdc5189c63a2a88054759c92,statement
ea3b5cbcf5c0684f7e3b548e3b322659,statement
e5e6c59b9ec06689616f3185f064e5fc,main_screen
9902307cd6acaf6e1988e64601abc23f,main_screen
fb98d54fd6ab3265bebbe7d81c45ff15,main_screen
1fb83dc657fb4598d3eb6d472b2dcbcb,statement
4c83b0c8396433cb3a7bb9387b9a43ef,card_recharge
d062e60822c3753d5c2e08bf9bc7b593,main_screen
4c58c2d39aa09645870ba30b2fc763cb,phone_money_transfer
063d6994fd34fc9603cb923a84e7b86a,chat
c8b5a0db575491ac5aaa4f05f85c814e,phone_money_transfer
f002e729d33da79d25358f652dc5e083,statement
60dc83c89cbb8a9c218b9fa8933b1235,main_screen
18510ba5f4059767bf2eb7f6c738db14,main_screen
56f252b1107ed8d6f98d9628270bed95,card_recharge
2b3d8fbfb77a9ee1c5a8b710adc3a149,statement
61fad63f107983c08146310cb6f66ec3,card2card_transfer
c39fd942a1f3def54073bf781615ec17,main_screen
a6ed3c75a267c9db8e550383d32ac58d,main_screen
f84d446fb4dac520fa5a1522776254ab,main_screen
2337ce769981de931bdc95603df64421,own_transfer
5e316763c56fe724933a4db0676d015b,main_screen
03864ec61377ffc1eec9075490bdfddb,statement
c0ed3674282b5665243f35ee138a8af3,credit_info
302deb5075f6095002a271ca27d42032,main_screen
976b2a0f5b7c71ce3fa086137fb13df3,own_transfer
cf6810254a0ae98378296da4cd6b05a1,main_screen
6325a8fdfd98ee620fdf5186e935c185,phone_money_transfer
6990a4f3232e20806a18ef869d4f59d0,phone_money_transfer
30b914e6b873814e1f7475b14cb57dee,credit_info
d14c981aa589c056c7b4a743b8b4360c,credit_info
928b15ecadbd9e2b8081cf83453067d7,main_screen
f47d48b029d7b0a2db7b10b02befa925,main_screen
2cb4176e6c138b611ff01484fd0664df,main_screen
39484980f268cab3c309f44b5a1ebfd0,main_screen
032c9bec14d10be719b1d13e66aa7a1d,phone_money_transfer
ad16d6fb0c54980baf93fa42414b8660,invest
fffbbdf1d6c82e73fda6d44fdbdd27fd,main_screen
66e650dad973c213680ff5b907f925db,main_screen
a297a6ec9f997f36a51fb6fc88438f1c,main_screen
508ee68eb1e8efb4e9d73809f8c02284,statement
46b8c00ac63cc5a1cef85d1b10e5e08b,statement
0f4ed24028ad97c23770c734ffe2f238,main_screen
462cc75974b9e44f74499877c5b19684,statement
05ae2325b5e2a742e779aa7425416151,statement
6a75e4b1ef538d238cdbbb0dd1b6fb49,statement
683058ab440c0b7f353478ccc76caafd,own_transfer
204d793ba30ba1446837ad38160a111e,card2card_transfer
c1365c7fa805c608cedbc4df2804a51f,card2card_transfer
bc72c2f715b23780ec8ff274c3b94df0,credit_info
db9c526142e069568e9f0d69c4231c5e,credit_info
ab728a981dd80c9e6a310ae7eda49816,statement
30e9f11d9d43a66e0011edbe6577f9da,main_screen
ea28ffc32d1ad736de923d55e914b4d6,main_screen
5d5382bf689f92081cc02da5501fa929,main_screen
fb00157b9115f1a81bf25f9795ac53d2,main_screen
02debb527e712ca67bfe694019516f0a,main_screen
345733fdf02a4aa5f064b9f51aff8565,credit_info
3a041b70cf6020d056a2a02453b71898,main_screen
0f64316e7f60bb8031dae0b66d287b1e,main_screen
ab3cf8b18acac5798451073ea8d7d455,main_screen
a385e116b6dda43cb7b4691350fa96eb,statement
4a9d4726b4bca503c9840a02f22c8d3c,main_screen
89cf9724c03e76c2defae06d635e8470,main_screen
922a269413acdb2b3e6c368352dfa70a,statement
1a695ce2d3ef7d80fe104d188dbb0346,main_screen
caf3dd913d4a9560d0e53c9775bb8cff,statement
cb322cce897d79a0e833aa9645905e53,main_screen
65249f7366e83bdda12cf4a912c58b28,main_screen
82a73140c4004d9617393c98d60f8f7e,mobile_recharge
3f6210a6648ce5a9a866b46e191a9a33,invest
741076387dd60a8a8dac27b1a633c4bf,chat
bb4ef3e2cec66a368832d69d993c22d2,main_screen
adf92d953665c0d874a423e06c1287eb,main_screen
cb25ace6b5d125920bb9433026c671a6,card_recharge
9a86f9c2381254bb2a8e072e965b716e,main_screen
8b8b83919e12d05c401205409cccd555,card_recharge
b2d248432c624bfa9742bc4f9952b183,chat
78dc74939606815a30d9d5e636d4a823,main_screen
7116e2fcfc0ace97e49071b4696f6f51,statement
c80ab0aaea29177ae2db768a40546689,card2card_transfer
81cc7d309592636ec7d9127085c8e284,main_screen
3d0c1d2668ec0584a446cbaa1df63c8c,main_screen
1624bb620c267a6a2bdd22d1cc9adca4,main_screen
c22af1413149da3a7902cf0e5497d834,main_screen
4d52e0a471a3a2317716c804ce78c9e8,invest
1aff54c9af598b754a6f770032853f92,statement
2ae85c859b5695e9c4eb11b19ac33a01,statement
2685762a394f3ddbf6bc29ebcdac5e7c,phone_money_transfer
d8b7fc4b0774954f36f65b17961267cd,credit_info
a13303680d57db3b871fe205d684bd81,statement
c6adce385223b48acc6dc4beb16e43a1,main_screen
50d9610b8dba07b5af04ce1699c91427,main_screen
ba545d040c2538a39f33bfc78a47d9a0,main_screen
c1f9498aa263184d633dd42f9d9e0ef9,main_screen
5bca17f0140ce575e2aac154b46afa7d,credit_info
8112e928f4471e626ef5a089e48172a7,main_screen
76e6ebe85af17ded2263f598928f810a,chat
640de7077696b0b05c6b20b9290cd6bf,main_screen
2924b4518f33fce494c92763a4cb91e3,mobile_recharge
b3dd75438eba3ddc42d099059675fed3,own_transfer
50acefdb65e6f5ba18f2864ffa8dddc2,main_screen
94cd4f60d9b80201e3e6ec8ffc992f7e,statement
0b33bee7cdd59ce53c6fd8080664c3e0,main_screen
87afd1c2fb2027d333af03e7c7950235,statement
66468cc38d63217860da68bed986651c,main_screen
e817cd746bf1a0a68c94a5fffba853a2,main_screen
98752c594e0c78f785b88d7aafa6dbb2,credit_info
86f598cd4bc31325ba4fe0c8aa92d558,credit_info
2e1466d11c5c8dd82379210e62ca0238,phone_money_transfer
1592284933c78b410d64fa29d01924b5,statement
a8e63518fdc9f3aa8bdc2b0b5dc7b0d2,main_screen
b92bfbefd43b828f855d00ca983be580,main_screen
d94a7345636bae1a5ee85eed6bede617,statement
fc2c8b15f53c6959534f895cb51a22b4,main_screen
5fa46a70c6b6241bc97ef4b23f43b01c,main_screen
057fa220473fe001149d1eabbeb9f556,main_screen
3f9df46167bc42911389571929551bc2,own_transfer
9b62e2497e329c5bef1bc9d2799d53ec,main_screen
847e14af70531ea478da5c93eff2c83b,own_transfer
6ef55564e64de35cc8ab713128bc893e,card2card_transfer
c14a9789fb6ba0ce41055d5b7ecdc596,main_screen
388b9bff9492c491b86ae9fd4a92aaa4,phone_money_transfer
ac14aeb2bc4a6ee0b3d7ae2ad700f23d,chat
51d002e9e7a5f4ef0951ac9ceaaa1d33,chat
8dc3d590b88a658194b143a9dcd89249,credit_info
422d41fa19016563119b03123b33678f,credit_info
8ae5d3b8aaadec008cba30aa1836fc12,main_screen
4c6d71f8b966716bd451dcdeeb2b4313,main_screen
41dc7a4cf4b3c92853e43e2b24309fcc,main_screen
580f3d0bf2ae7ce86589635dd2b5fac6,credit_info
ff8ad8fd41d4d2d0a080b7376940dc97,credit_info
2bc57885e1285273a853520076370b46,main_screen
8d11ee84153d3a0b001387ef1509b00f,main_screen
bb3bf6b647e91594cd56ebee6d04daa7,own_transfer
42e6a53d72d0a8ab55214e0bcd73ff92,phone_money_transfer
2fe51991d5d2eaefdf122c5e7883cc7e,own_transfer
44cd8ae0527a56e865870e2a9f887728,main_screen
e6ec3e009bed30eae33e624c5602f6bf,main_screen
bd14ca535a5209d4803766045e41e158,main_screen
ed17adf7f685994133c437ba6f6bb4ae,own_transfer
af430c311543c57da33e99a285d2d028,main_screen
fe4bcb56785d28667d6549c8c9e62a92,statement
b5177708ac1ea7f0a5b680c6c76aee5b,main_screen
01ed72f5ba79877fd2c7725eed9c0f5d,credit_info
3d2e6e64b114c9a9db5be8886db0cf59,statement
ddcc6be44a146e2635eefb71c9206dfd,credit_info
e108e3c424c901373f5c7b2c5805d54e,main_screen
2c4a268da00bff4d0afe41caa0946416,card_recharge
1fe019424b104244135321a0b0aecf8d,credit_info
35a7345746e88ba59b4a2f6505d1f4e1,credit_info
889ab9050f06c9672349e3bd14009233,statement
a8b960cd13c7482c78dbfb4cc3e0a962,main_screen
75fb4b219fdf8f7f30b49494a7d458ad,statement
b2efa51e921a338dfa995d5104da4137,main_screen
aec230c3aff191d172f87d5c611498a0,invest
87c56b3e8abb08e2efaa6b2564606d92,statement
85a84ad76fc43b40f3ab4bae5914a7d6,phone_money_transfer
11afd7d0e5c2dd647f78b3333178e972,chat
6e43ad862f594c6862ada480e43cb533,main_screen
f860dbe28e48006957cbae6141a07651,main_screen
a77c8445feed628bfad6747422f5defb,credit_info
f2f9a8088c9fd7d8ea318c50693b1e46,statement
64cbbebca27d6fb02d3e26dcddee64ac,credit_info
55adc5980146967aada940ca833c8f12,statement
2bd6c649256f3d108e9bfa1761a8b929,main_screen
90f2af2e00faaf24d3ba63d7938c1836,statement
e7bf08e42493de757935e87772479817,main_screen
cd9aa5ff6a6aa9bfe6210d36ec1cc96a,main_screen
98bd34a5069a2772929f78f2eff4f274,main_screen
4c726abd6c66dafd4ec0f2c3fa13fe5e,statement
74ab350fcea0992752bf8e80b7962372,main_screen
18b778a75a047c91ff9b26b045ca6621,main_screen
7aa2d1e72463a909c897625b01f05096,main_screen
417f5dc9f8709ad1d554d3718c960a2d,main_screen
5f8087e59180ff3ef06e6dda61a63229,credit_info
325249abc90febdb1ffdb781cae7fa1b,chat
414f4835d49cb6390bf2100cec840781,main_screen
c472eed45d6af695e058bbf49d500804,phone_money_transfer
11ffa0d922a67043da29e3e5072ad355,phone_money_transfer
763c49c8080c44be2a2e770f808e4ea8,statement
7c8e8dfa3381f418de6efab1c73aa2b5,card_recharge
b99805ceb31a1f41324903eef5c7492f,main_screen
89a2b215909d76dd07be642458f20aca,card2card_transfer
15dfc43c61601f3943047ed655d46f5f,own_transfer
85320a694549d5f661d08851c71cf743,main_screen
e48b4bdb28d3b90945a6af1ea2ea9355,main_screen
51e6d3b92922ea8aaee3b0b58b2f3f5c,statement
68d49a96c60a8bbf745b93af51a9a1fe,main_screen
25df9972c695ae79c39a38d17e840ee6,credit_info
c6e8b51742713e851263f3857f4e6231,main_screen
eefe06c7a753ac8e5c123445231d0901,main_screen
69232bb06d5473eedba18ded8341472c,credit_info
af4bef3173eda6890920fb61cd09ef19,main_screen
c647ed6ac2e137201066af0d44dd0c09,credit_info
5f3ade7f0fc410b85382f047b7c2d18a,main_screen
2c301451f72801d982e2088078cca719,mobile_recharge
809862c89c40a62e4b101dc2eb56844f,credit_info
b21070d6e71e4d933bea255d81839b5d,statement
e152ca828dc33dc5fc7d59f5dd24fe70,credit_info
39d97cc2ed8f7311f2360d18750a2f58,statement
54b31c756ffba044b8372223193ef601,main_screen
bcd46ac85781035cb6b809450c1fe441,credit_info
a22dcab711a75cb386b6e09443afe9a4,statement
bfae64a165e2b5e63e40dc7bd5f8b6a3,invest
383f5072e83ceed3274e1d1e5f9ac02a,statement
994d15276c9b99ef5a48a8395c3ee1ad,credit_info
3a1e6b59ad562173137abc128161e00d,phone_money_transfer
d84ad8c69d3d05a987f7bf5239394a45,card_recharge
8cc84627116fe165507c2037edf9ec09,main_screen
376a921af0d005ccdd2d5b20b4117db4,statement
82a570ddcf2ab5249009737871f4bdaf,main_screen
f768bd5d684e17f61fa70a4eb8d101a8,statement
f6528698eccbc1dc78d5b0216172fe3e,main_screen
8e15a2931aa8204e92552f1dd50e3a73,statement
911afa1be1ce677c7352f6d988aa7d86,main_screen
28eb91e4a7a2d9ab6d301ee9167401d9,statement
b5eb2691728bb6a2e21c1806a4a3ef47,main_screen
cdad58f4500433c285e6f5ac62f2e383,main_screen
a0d7b8a2b91e1396870c50a7b4e91fef,main_screen
84f095e7c42057178cfb97c00f5c86ff,credit_info
c1a1d8d45d9c81b45f1d3c570b2966ac,main_screen
3dc80e98146f6dd64e2603bb5605a0ae,credit_info
dcc08afaf4d378f136de52300f64ed3f,credit_info
2bcddc2435bbc2b920bc85f4d7b72a7a,main_screen
a68874cb45a84b196c4d83a33a7f5190,main_screen
9ab6b5f172985682ed72a3d43ea11edc,own_transfer
1637374931d2d845dde908dd025bd763,card2card_transfer
0cd9c77dda66a6d31bcad82b8169201c,main_screen
075c13ada40d81ad167e46900d9d9813,chat
8d9a5d3ec6f9dd1d6d4f83b710cf6c2f,own_transfer
29f0362cb0086edd598bcd80e3ed97d0,main_screen
91de9e0e4ea8296fb3fa7cea1d00bd36,invest
4034651869b1205e9e15418a0d0dac2f,main_screen
32681a53c57b7254c66f6843a6d39ecf,main_screen
44b86d489a8c77906811aca52aba0bc3,main_screen
89b57b191e8d85a98a53e14ff9c665d2,credit_info
6993b4de617bdde7eb0be0f3877b9ff0,main_screen
f871ba20bcd2c0fbf66caf2c4814efae,credit_info
a20e6edd0b3ad806fe2418a99a81263b,credit_info
dfe11b6717cf011e84f67d8faaa5b7db,main_screen
46a9224d5c0d3586c4fe1cd13fb4e38c,main_screen
e56cf95457f39ec8037c1e447671c1ce,main_screen
ccc25ea6aeca02ac34bbe2fb12cd3419,main_screen
b60ae4a8d224ba0fe62038dfb7f9302e,card2card_transfer
fea29409e585db34010db2f00f851cf2,main_screen
cc2dbe374d2cdfb83f24235175ab93c2,statement
f06341e50370fc180ce643812c98dc39,main_screen
8aa4d8e699bb7974eafa36015b5012e1,main_screen
c402419b9ca27c546eb71b394f607ec0,statement
1709d147e67d67a83eac8ca959a4c83e,credit_info
d0f0ae08b44b19fa3e12686b86e6eca2,statement
519367ffa4b49c179f1e3b1a84b686e1,main_screen
dab70b657db6a3bfbfbc88e639ce188b,phone_money_transfer
a9b60f3afc54df1477f31d2c3b70275e,main_screen
ae2b0e8c7f6ff5414d40abffb9006455,statement
7804964327dea2320ca9a3a7e6bfdc00,main_screen
fb46659c05474ef01295018f0d07553c,main_screen
e3ceaf29cc0a5459a4429cd429f76826,credit_info
3c2835a7f4473aac35a8f90bb65d44a3,main_screen
287c487903b6476c249ab57a228ab5a7,statement
82a1bc43f250bd53ea6a853113bab08d,main_screen
8375b148eec998091e6178d6b8e84ad4,main_screen
b30e0b6891d106c7a50c6152d504bf85,statement
b735fe3af6f5f4d4bcc3d068f5ee1486,statement
19009fcfc920f31116aa6c09c8baab25,credit_info
58aa123345dbcf703d11f1c15f2d9f14,main_screen
3e03a6996b8e1e0943a2b53236c02181,main_screen
b5034e21ce85ae3444bcff6ca8b70826,main_screen
76a07054fa2bb9e4f42510ed208389ac,statement
8b619998e86a557a2f90d160d9724a9e,main_screen
6181fe56ca54aa9025733d2e2c052664,own_transfer
be3536fe6f308e9d93df715e819fdbc7,statement
420b8da1dc9c4d954f2cafca5624f80c,main_screen
eb3903a05894ccbe9d345257b2174ee9,card_recharge
c9b20e08afeb3e7f023bcede691430f2,main_screen
95f8255d6b6dfb7d23309106f76b2ccc,chat
2559958ae6117d498a2e409f61acc12d,main_screen
8565233e75c1f21fbdb012b1a3c58562,credit_info
c5016061ac76f2e7ba3b4cb455d5174f,statement
d061c4640c1a382d34b8fc46d7dd5df4,statement
a4d46f7f4d8fe5faedf97e175eb3ce9f,card_recharge
b607ccea000e57861691e665c8950e42,main_screen
47c98313b81f2a06f5bdf918d0d495e1,own_transfer
d79f84ae031e1cef8a1fc19fdf5cf2eb,main_screen
5cd0a3b25232271e94f8bae59367105b,main_screen
3d4530f20772b33086d9741524072ae5,mobile_recharge
0f4e97e454db6c38d00b431e18662c53,phone_money_transfer
e9ef707079377d67ec4849a2393b1120,statement
a297a94777fd195d620a9ef3db4a947e,main_screen
d67957352857ec3eee508e134e43e97a,statement
108f51ce5c94714c578713a90e757aa8,main_screen
4f75cfc45704ef2bd06a5dfddb624bd7,phone_money_transfer
c88259010eadb90e116b11a884cec39c,credit_info
e85098f23da74298d20fb4973e2a0850,chat
043d1e49c37af0e24cb022b2677eaebd,main_screen
d130fe78a1457c7201c3fbe61c53385c,statement
6588a5f686c5d60f0a86def14b67bb0c,main_screen
fac60bac2e6d4afbfadf3e7f5a9d7156,credit_info
59847ed3f8cdbef03a7173c0c0418b49,main_screen
ebf9da02ecd9751b2d2fde7e163209ef,main_screen
a4044fa4b5c8d4ec38e6abd82b569992,phone_money_transfer
71be8bd9069d4eed5ebddf59b17db856,mobile_recharge
8515c6299396fb55ce5ad90f89953061,main_screen
8cc3322176fc89435717e2923000515d,own_transfer
2a297efdb6f8294c91a7e5ef3add60f4,main_screen
ffc12aaee84fe44dfdcac5e4b425f53a,statement
b7babf7f3efb5807e033517abd417221,main_screen
47a42424c8c53b0120dee305f5a8e914,chat
330871159bc797c3acde710d96834053,credit_info
a6be6dd861e23d5a069c02be286014dc,chat
f48bbf304224a27be92e7dbc1335d6c9,main_screen
10f1f512499692b968cb84b03548e17c,main_screen
c72598c3a2d76b271029276a3eee0cd2,main_screen
19ca493a416057bd6e71ec0330212ad3,main_screen
8331e40b56722989c4cc003d528b195b,card2card_transfer
e4ce8ef4f9729fec06bd826313dbeba1,chat
cd3fc94d988b03f30e44506104f58c20,main_screen
c0cd29c31be2d3ee1649d1f925b5a302,statement
bb6661e01b9afa365c08a55f446cea90,credit_info
f215f06cfbe35e25e296212131ba3614,main_screen
8d4085aa0e56bf4e1ae4db4bfe046966,main_screen
324e0b90001ef47403176f9aaa87c4bd,credit_info
95f007a9343b154e9cc889f84df45777,main_screen
c7a17ecfa31a6d23862e2cffcdfef4f9,main_screen
02d5e66dab0c20e818212f82c5412487,credit_info
9217480d2f2e5468cb3512c24b4a6417,main_screen
07b766eabcfbee096ee6409b0e229ba4,main_screen
9a4bcead015475abe984812dc1f53b16,statement
5f14e62aaf895010e4d964fd4ebbdbc1,main_screen
b20069faffd0c98a0fdbd35466d391bf,main_screen
f0a77e935cd5e7d2f93807a469056c16,main_screen
acd60deb3911f071d25fcf8ec040d5b9,main_screen
ed303037575bf82d7e81ee268cb6c3fd,statement
46d4406e5302bfa432e02e68cfa8e39d,credit_info
fd77ed1217fc98962a4343cca974fc17,own_transfer
20f3be6cef6f5c7312f4dc7ea128d9cd,main_screen
ed259815936b290b10f6b53cc73ff142,main_screen
9635d628c38bcd9fa287e7833d0c4deb,main_screen
eac0caa63f871008beb5e8b7b683915a,statement
fcae88fbfd3e57832d07ac222c953974,main_screen
1af9b9fe52279f6c486b094aff03b361,main_screen
a2e7a0a3818b7e83fce966cdb30134e3,main_screen
a28463639ba8b46bc08050b66fdf4557,main_screen
2c5d7dd9c2ba882eb6730e62472bc026,card_recharge
121fa19f96cefe324fc4c5d1184413aa,main_screen
df36e8456c523317e41cae80ea66010a,chat
5ef9796aa58b70aea20bed018ae1c807,credit_info
4a64a4034892a2a9165e81b4b6a9071b,main_screen
aeba86e2f6c3596c8054d545585d8cfe,main_screen
d3d055f542a8914b83094c2b9c7134c0,main_screen
d2c1d83316934c7c1d9229d18b44625a,statement
93c21272ded045de239dc0afc04289ea,main_screen
c0088f6ba3d076f2d35b3a3d01fee1a6,phone_money_transfer
b54ced3295c0387ad2bb036985236f36,statement
7b771ab543fcd6279ecc0a0015e07e01,main_screen
f73f2fa1860de486cc0d07a7a2a6a9d2,own_transfer
b117f0bdb9028fb83c317a1aec73dda4,phone_money_transfer
c002edcea9ca29e974d977c9dbdeddd0,credit_info
3ce30d53f36acc98d6a229f75d0caf4c,main_screen
b1790737bacc7c0b883643a9e73a4577,main_screen
f52369079344f30dcec890f9874f6344,main_screen
928340f8b462ce3d93e67164015375e5,main_screen
8ff008a7b469c7ae94fcf10505eae9ce,main_screen
0d6bcab4a06a6ff031f4849b2f827452,statement
6e55773b7200daa9fa8ea9dcee935334,main_screen
8f45b118f056c4f4df99d9d5fb266ad0,statement
5579bcc02299d8b5edac6bc7c26d0304,main_screen
2168b8bb0d23c5e80928bec28352a716,mobile_recharge
5337aa1dd6a5a6193c63c435241c788b,main_screen
c4778d103e8805e127c87d5eb38a10fb,mobile_recharge
cb0a55c4b017f6eedf221499c4aa8fd7,statement
673d0706bea887fe89f3203a923521aa,own_transfer
78aafe6d6032223bb53a69790cadd46d,main_screen
b9cba4945a00724b859aac83df3d9f10,main_screen
0374ac2dc9ad8098173869b95c1c7181,mobile_recharge
50f6d8b2c199957cc49abc18c830fdd6,main_screen
d575139f170c9254223c7696005a5114,main_screen
8e59561ce8e5f8360afbc3b6d284c2a7,card_recharge
b775466e46ea6294647101a00c94d282,credit_info
f9c474b3116443a25d0fc3c481acb467,main_screen
cd5994557998d286bc2fd187852bb43b,main_screen
cb9d919501dd5726ba14cf721015ffe3,statement
d40a3235f200310333e693a728b7a95c,credit_info
51d11c01d8556e35fa42afcda223940f,mobile_recharge
a440db949f5d6105c4fe41b9ff398736,main_screen
bf8c1bccdb0296a6be1debd1b403ebf3,mobile_recharge
7cf9ebacfa7fb44bd8a22b809dff7e0a,main_screen
e0baedd8b58500eb21f4f12f99027901,main_screen
2f1f470e953fe021a68864236dc1596e,own_transfer
05300f1a359da407f54c6ff5bb3e34dc,statement
9e246bb51798934a41f05c7714fd7071,main_screen
3102c3bbe617f0477160207e939018b0,main_screen
26af5a5a1e68ab745d0850f4fcc375dc,main_screen
6d758a1b7d7591256f55de3d7ab721f3,main_screen
7a7c55ea9e10613a418bff5d642aec06,credit_info
5fe4ab54850cb7aff22bbe28b1c675b2,credit_info
17d7e70a11a0c54d21cd992b1796d7bf,main_screen
885a7f4b8154cd02fbbf248843929bd8,main_screen
489407b99b02e5aae0a5a00ec721a270,statement
dc2a906f129591fb7d7a8b54f70c1976,statement
b34e966d5dba0914495cab840b1f734f,chat
38f597c4d19619038ad2fda35c4207bf,main_screen
3b12333c267cebd23aebaa94650c904b,main_screen
b2e2860533adde44d7036e1a61e2bac4,main_screen
13a1d9df4ca8d8ce4876d0d714b3348f,card_recharge
0272b803f0c0d65a26e9d5d675b5010d,own_transfer
9f08c0a8bfae5b8b72117a60db02f749,credit_info
85a59e8ea8ca503b3f651d5e4ad7c7fd,main_screen
8e5b94622ca50c82e82ea7709d78cb60,main_screen
1917e7fb4cabacc756d985d807f77eb7,statement
7555f890087696cea298ff33137c894e,main_screen
68092419be3df6a9593ff35c6ca4a0c2,main_screen
53075b3c9f2218c6f5e770003ff416d0,credit_info
700ccb35d9b8c6744f1e79bec96ee25c,main_screen
6ceb690ebdf74ceef9931d119fc8d92e,statement
7eb9af077584431cce248183c690f9ca,main_screen
281ee21bb31aead1df6d179d7a7a3c84,main_screen
35f910d359374af7f4cd066e3a4ccaf5,main_screen
6262b7ab035b9fb383e56267f7d5a153,main_screen
86edb02459996dffa75cb97bbb4e30c1,main_screen
16d7e32f6aa77d116874cb2467642661,credit_info
df9cebfe43c0e7b7542010f16d95e8e7,main_screen
af76bb3258888c27fd67824387e9c95a,main_screen
a0d4bc3d572237f17804953ae711a728,main_screen
0779899d75ab82a1635a7865e01b70d7,main_screen
cdb7a2eb17a3f2416b174a353d997b5b,credit_info
fe43d805dccfaf9f9bcb8f462aed7dc1,card2card_transfer
273f0246f6814ff43218acb5a0e68013,credit_info
a07f49ceb2dae031c1f8a25cc08f892e,own_transfer
bf21dc841534be1251d9b14bd9df313c,chat
228388776823d08951133724da3014da,statement
86126bb938e1872dc9c31a775b2b5200,main_screen
fd5e71ed83f2aa40068bb03d95abae61,main_screen
effc9fde1148bd179292f86d8afda32e,main_screen
3ab5041be588eaa6783fdaece8d6094c,main_screen
e1330ab5d876a5e8bceb77cea4c1aac0,credit_info
f5d8cea6437eed1b29c13de0513d06dc,statement
248a5f8cb3fb7f36a383db5666a3c589,statement
312cf5ae9288025a65331c1642a1e607,main_screen
03ef4b032bffdebb1c592a40655ee1c6,main_screen
78eb3e9f95f4ddaf2729852d33e19187,statement
0a04579c93a8f42024ae840261c47e97,phone_money_transfer
40457ad29cf2b53810b73e92d14d578f,chat
1eca4035cce6d9801008e7187afd207c,main_screen
eb9c3f791b0238313c90cb3925529080,main_screen
cbfc2d59929d491ab4913ecb29e09c84,phone_money_transfer
f003d20b6c6be35cfac847dfa6a1be2a,credit_info
4d5c70779e65bfb1bf09a6636b2af109,invest
fd8db205d8c46548fc7140b26cb6d86f,chat
f639cc862b65a36f7b0cbe819b9e8f83,main_screen
eca74e97a7a4a8ddd36cae83067fa7e0,own_transfer
88f09097174129b7e7980235f5df280a,credit_info
329b9dcf08bc1bcc91a7659c5c240fb6,statement
e1cac7e3fcedaf7659f4b886de7decf2,main_screen
11beb88213a441f22759ad773ed7a648,main_screen
f9123e6f86686fc807db449a3925df12,main_screen
26e9721cb4303f2a7f788eec51b1cf51,main_screen
0131e11a386403d9e2de9ceea4d83683,credit_info
667525fb53e176b6b1d7c057d4c9b1cb,credit_info
5254688d826a407a130be2eea2e1c391,main_screen
1109f395ab1cc9ca4d89d0c349ef2651,main_screen
51d29ae4fdb9c1c4d0119e448ebc13d0,main_screen
ebf0ae61862f45fd62e95cbc63ff086a,own_transfer
2a814d5e7b620059945d22a235bafd5b,statement
91e3e635bf78b044343cdfc34f99a40d,main_screen
258b0391fc35f07f8dbd5a99eaab87c5,statement
508268fd9793a4b6da516f6d078105c6,main_screen
0ce603bb14737b407d5c47ea1ea53881,main_screen
d02ee93353f2a3de28d320720bac926b,own_transfer
736cf89771066717a109142acc312ec4,statement
38df7735b7b9249b3fab7e6f6573d6fc,main_screen
7485d95f3a473df15b80743f6b62faff,main_screen
e12c247fe7834bde4de906caaa545c11,statement
60d3e9ff9e1a75eecb96cb9e0b454141,statement
87beb7426377d4549a33bec059b844fe,main_screen
49e9b8dcdfba2ec826f102c2444ebddd,credit_info
99d81db613245caf189ff6392da02ffa,own_transfer
708458c7df9a40a66c596d10d2fa3334,main_screen
35af8abb404202c5442cd63d0a0b94f0,credit_info
8add111a217d4de7ef6564153ff68ae8,main_screen
68dd0d2c565677ff7e27a4eb0352a4ca,main_screen
927cb6ca5da2eea5a6056f3c76568f3b,main_screen
a1722c450fb7dd6265166c4afb062fef,main_screen
543a5ba124c74b9f6450770ba97aece4,own_transfer
964e2d81b53f493a2274d6d75df4ba46,credit_info
c2c9bfb0b76a7c2041faa652419c1d25,phone_money_transfer
73f80efbda55e9b3c355ab3a1d384979,main_screen
ddc03d3274040d2e789efe6393370a9d,main_screen
4838d8ac0c6bd907b9d368a1da45acbe,main_screen
1cb3a23fecf13fa4b657e3b3a2cf59e2,main_screen
e8a54d017e4d1058f84bb600b15abb3b,statement
ed13c606d09a6dacc4ee02227d055ba5,main_screen
8f71ff5ab3abbb252d3fcc37045b8e55,main_screen
363438f11c6fdcbb2347faa7cd63aafd,phone_money_transfer
d522d5c9273fd7de52c08c0ae08ae239,statement
c7a5228b0eefa1fdfba1eff389de4d65,statement
7300aee1f785413b91a635284569aa85,main_screen
9911032ed7470601ef437ef0a78e28af,invest
bc76a4c613186731ecd8cf00865cd1ae,chat
1967be00c4a9dbf6e1247abfe99eee7b,card_recharge
80abd112f3dad71dc19c2b04ff08cf8c,credit_info
e4a2b035051ba6f5ac8077937ffd7a42,main_screen
ddb574db469f3a8835a2d3ae0aedce85,main_screen
3bccb71f1cff3cb0573ad7eca57de2f1,statement
a5c5de94c0ea4e213bac8d0e4f217b7a,main_screen
60cb684edc3d4ff3aa3ed4eba1b7c504,credit_info
abb5a0264739c2d6cc466e7ca4d784e8,main_screen
3c5c4a53b4a6817b34a22a985fac5d2a,credit_info
818b66ae3f03eec0b756fc951d7cff6d,main_screen
4926bd66ebd17ffc9a33f7052fdefffa,main_screen
6ee6c7aa2f679b8285f4d36cdc0cb1cc,main_screen
30fb7054ac1164e16200bd282ba0994b,main_screen
e658f5840f173a4cc9ee8a6fd1314406,statement
a1a814527ef37380a54205ace20bc74a,own_transfer
d38d361c20b98b5fa685ceab6278be1d,credit_info
9a10d337eae6cb3770a363e34770f08b,chat
9c65f78c58a62ebc014574861ccd8762,statement
0296878613f6f84e20a3942b59c42a50,credit_info
167053cd5e352d70855f0341f0b18b1f,main_screen
dd34537ee56f44478264aa8df855a3ab,main_screen
8c4b1f3a56b94814d393c279afdd05a8,statement
c21533d8bef9d365563e2f1d9b750051,main_screen
6e166c25c80d4842c9b8e8b3c78da5b8,credit_info
8c82067a6c3d2ba6048dda5e20ebe103,statement
f6866f5d209be707c3b3447754cb05f9,main_screen
f0a9231bbad412ddad058d16d00cca89,main_screen
cda89e6e117fb044f911d1dfe2bb2475,statement
90a417aaf67d2ea817ae3610dfec2d78,card_recharge
adeffe66ba280eb0dfc81141b7812aed,main_screen
ad2d3f88419fc5f3c7674155d33b548d,statement
6cac14c57bf7f497c570f242f5584d76,statement
cc4105d9f7cfc732de07b1c3e25a33b8,card_recharge
8de2959938f8560298476f2398f344c0,main_screen
ca57f991eadb2b65b72facaf90ccd8e6,chat
37b9155a555b9109f36dbffcfa7686cf,main_screen
e43e1693888efa6659dcea6575afa9a7,credit_info
02f7adaccd1b003b30556bd20114bfe7,statement
d84ffc851b32db707286f82a8a74dbc6,statement
94be75f20e6cf2ba8bf9670d6ae25e5f,credit_info
6f9c41053d886acc5e74afd6f545d526,main_screen
a79304c9666b0fa77a4e22f367c8a7d5,credit_info
e14b308cd109fca0613f114465a2a77c,credit_info
81483bd7a7b2aecb96e35c0cabd53d8a,credit_info
ab404e97832486536f81c75e03f9cb62,statement
49bcf6c481533ca16a3dfe14252ba442,credit_info
41bd393daaead036a8e942809be4dc75,main_screen
15516f3c5ee10a989e3875df2e850ef2,statement
ee59805b4c4817c66096aa08b4d2c275,statement
96f497e0a8e90a23b294eb4bfe98d494,statement
73f4d481944d42ef6b0662aff3e3ab75,statement
270ac8057227b25f978482b1c08124c1,credit_info
d6665f4ff96139d86eef78a1b4505266,statement
0d5257451803d24532c977ad7f7a92e0,chat
816082f77299e8d1e812326206f94af9,phone_money_transfer
e444afa6e47992db90c69d7e4e0f26a1,phone_money_transfer
ba2af5c1a236c7e421f09a567d337ea0,credit_info
933eb906df9818da60be2992861ce162,own_transfer
89066c0c6c68b755c92fb7befc7f0959,credit_info
f3bbb0e89dcdfe13f8a6e4cae0215c56,main_screen
d8a3f8e8911890817af2a8330423d7f5,card_recharge
349c0cec585693ac1cd910d71c9b79ee,own_transfer
9fde14b93095b91a241c52bcf032e730,main_screen
ed0c63fa0a3dbe7d158729f0d4bfe4e2,main_screen
2082ab78d3e8f863d6fb78403c0ee156,main_screen
89539fef6a81c37dc269881dfa8da754,chat
02964872e4c837a4511d4bb6dd4167c9,credit_info
abbc756b17c29e756616607b9f813095,statement
c9cf51cbbe195446bc925e61f9b4ca44,main_screen
0014a49ec89e3a43098375b107f8ff2e,chat
8afdd323529878be0ddc9a02fdf5e98d,main_screen
18647ecf84626a99572d5072b1892183,main_screen
593788e691cfca75d84aab94367f940f,main_screen
318778bf081863df6d9534514763fb4a,main_screen
4c0751352f9010bbc53bc5a867be52fa,credit_info
2f0ee046ea543021194746a3b36d27f9,credit_info
7ee9326b21f03043e6eb2e215d94da37,credit_info
e000bb1d75eaece6056e3472187b5ed3,credit_info
88f15f33b44c25fe0d4373c21c5c1b03,main_screen
6dfa812056bd70f3ad07f1ee59c8e82b,main_screen
0da04ab52e13487dbd1049aaaa498084,main_screen
82f2a570e9ee28373ee943c23ec127de,statement
547f736c62e2aad74ddf6f595fc5aa30,mobile_recharge
dff2ee50d5edec83f6ea149935067e2b,main_screen
f5551077533307da266c503220dbdbe3,chat
79018a7e16c5d36ac9856078f93077a9,chat
c8977ed110ebdc80b7293ffc4a662545,card_recharge
3b4185739061e6f7b3b9e81dc4282343,own_transfer
9566b610dfd905211b87cb7b433eaf79,main_screen
249d4e2d87576a8a0363911263ee03b2,phone_money_transfer
5d7f44c6f5e6a76fa4ad6db021562e8d,statement
6461f4b243ee28e2f64b4916f1d46631,main_screen
3659e712e7625dd2f9e654ef0b0a1ca8,statement
a43d9bbfcec0d271a1e83e3d3ff03e65,main_screen
591f369c874df31721c279299c9b65f6,mobile_recharge
eb957d1daebaa4e1f10d640848def608,main_screen
dc0a331c4aff055359e9d75a96a304d7,main_screen
578d1df060e364dd51a2f364aeb16d1d,main_screen
76cc95f09915ec59292a40cfbaaf7ac8,own_transfer
f6e2a9e3f7530d81a50e521378120a06,main_screen
75100ea687fcdf2864a52cfe2965a2bc,main_screen
3571e0191e3a2a4683fd1281d34080a9,main_screen
720768d806dab3fc15bc297835d1ccf3,main_screen
f15bbcea50b669cc5b021888c1c75caa,credit_info
06b254df1433a518d8ed8cf6a13f53e8,statement
08d1867a1951b6c770a32d8ec7e162bd,own_transfer
1705bd02209578872805d3b2d68e2512,main_screen
16528e48ff290723877b24af7bb26d25,card2card_transfer
83fc7adb0c524a11cb7701dd47ff0523,main_screen
2c90bddcaf20cc008c25fe9c954c6648,phone_money_transfer
e780c83ab3d1ee07e56341183a367517,phone_money_transfer
909faf2f971c60eec464380dc124cfad,chat
93d2f079eda622bba831e9154b5b4af4,main_screen
d683348ee7aea4da89021c31c8252a65,main_screen
bf15d1c3b75ef9319e2a437dcda28b5f,main_screen
e21e98e29d14d7e10285f8023f7168ca,statement
75a4e6babe16d3e9b9820637ae38adae,main_screen
9c6d8b93f8a17637645ddd1835a0f110,mobile_recharge
c65b84c6562c500f410420d4932de77d,mobile_recharge
b923f5f186f6865a1816509a3b47afc3,main_screen
e2baea4f0a7be8b38fb1bcc6cf9ae400,main_screen
43a337d4c4ceabd1a3bc42973d3ca807,mobile_recharge
3b87a4d0314194a609dd2cef547750df,main_screen
e6bdf4c251b6c3ed483af03c9eb248f9,main_screen
53d0d1f09dcd5e0b753490e8aced98a6,main_screen
f14af56e6b7da4196163eaf8f3b485e0,card_recharge
ec2211455bf82171f85c10db72a76515,main_screen
6c045d5e04acd32280c50b7b333776a2,phone_money_transfer
a019c34597811eee8dcfaf65c44ccfda,main_screen
857d37553069011db798d5486bd14248,main_screen
e1444c091b9df7a122b29042bec23dc4,own_transfer
835f629cf155acab9dc10c0a1f59dd7d,main_screen
55dfa18f8a4c106bedc367875555ef4a,main_screen
2e96e2026e04234a073f910a5cd3c041,main_screen
55263de3f63f67c014b4807393ef54db,own_transfer
7e805008d01ec75e26834102ba18f0db,mobile_recharge
2775992079b6a5f9e7e37c6b8bf32737,main_screen
6450e56d8001b5297f3cf4db18680403,mobile_recharge
ee9de44dd5836121d5cc7f6785ba3b1b,statement
36c4931ad03f26ccd3c366eb01861b68,chat
a4eb44b5e5d9cfb16b60f53523f50a3c,main_screen
7aac5ce81e9049c6ae9c3c5ca2af32f7,credit_info
734bbbd3a9889a495a095d61924757f9,phone_money_transfer
ba1c220148e420840fdd7831878930ef,phone_money_transfer
7257ca0accf486b098b554c5af85d864,main_screen
d68533d2b0bd3a8990da6be1daaa9bf6,credit_info
44343e590ae82aa31e3e71b493a05a7a,main_screen
6ca58d87188238f7c3e5eecdb67ac404,main_screen
2092b03265793d967030eb9bb3fe818b,statement
a26328e49bb00c09373b896cdef228cf,main_screen
2ad16530cab380dfc9054a5153b3918c,credit_info
dd0e9144b08c48bfb0829e9e37ebff63,main_screen
941ef85d88cce6359b9d3cb4b945e4b2,own_transfer
7124076a510f50aae9e7d722d4552623,main_screen
cf922ecf0ce931aee53eb658e3fdc8fa,credit_info
f7058e52b8f54023bbf6ed6d3d617670,credit_info
5379774cfbacb4662133d59ac10e4838,main_screen
dd3c10e3dc2386d4488a8940b032f35f,own_transfer
fdf0bd62d456ec0d2697f8ad79f5df46,main_screen
9f75dc7a720b7e39e83e6936a5713585,main_screen
aa9a53bbcb4b4666e8cf94b0d79f97f9,main_screen
13fc270920d99dc80c6cb2a3e8a85362,main_screen
087908ab0b6be01a6c4efc23004ea137,statement
0b331d358f6f299af03bb462c98a3aad,main_screen
b048b6841ffb3d2e58f788cbd1ebb405,main_screen
838aa76c0c8512a4c83cf76d73cc33a6,main_screen
1c30cc76f398dbd769fe0ec8880725e8,main_screen
89c9472d1d9933ec3c13daa451242e44,mobile_recharge
5ba69d56ae79ff8d5aa895bd1fd32e47,main_screen
609d961ef9fa7dbacd540d0d5a25d69f,credit_info
f226db4f2297dd42b844a0f77d7964a5,statement
195dbeb3b9998aa19e63cf209df03e3d,statement
55d1e3b4d36ba81a9bb21c14fb2f8815,statement
496bb18e123e4ef79631c7850c7d7f5a,chat
823c5211c946fc67c987e82db9b17936,main_screen
a3a3167b9d59b6b43b52e956cd034055,credit_info
1ec9f632c9bf3507e677502706f01436,mobile_recharge
badbfa4a9ad6b9f571aab9d2729cb4c3,credit_info
4896eed55f600d2d743308a397d7dec0,main_screen
9c017eb3002d69317faa153e6b9238a2,credit_info
783571cef3e507c5a787861e3e3542fd,card_recharge
3a5a95a28101882e74c08652ffbf72ba,main_screen
744c092b136c7911924e65e8527ccfe9,main_screen
a45a0a66118c7b961f109ade0f6b8e20,statement
dbe83bf51ce103371320a42cb0c69482,credit_info
9c3f01098589d4526f4e2bc3ee8d8db8,own_transfer
4d0bbc7a0c1cda2739b9511b283821b2,credit_info
3485cd0af87ce7d11be6eb01d4d7d98b,statement
d23ad302495ddaaa7498774ed8c39688,phone_money_transfer
ab9766cda519f5e90991d29e95df3776,phone_money_transfer
75733caaaca548eb8808eab6b7b9dbfa,main_screen
44e746013d111704aecfe2c187be4100,main_screen
5b09762a860737d0d98ae0048df31e8c,card2card_transfer
82323e40324ea881d0ccee069bd82933,main_screen
80b18edcee82337993a8b7376047289f,main_screen
40fc8220397c4b45b6380d04f636f24b,credit_info
cb2053880dd1efaeda5afbab2f6d4254,statement
6137210f5fd49f657d079c3090822afc,chat
ceac2991e895a13583569af49cdb75e5,mobile_recharge
2166b192d68f1b42acbdf00348db5ef5,main_screen
74a99f71c3457955592d0b8d123507c5,phone_money_transfer
d2cd5565d9622dcf72c9ad63cee7c1c4,main_screen
650c3c3fdf13b2ab73bd6f21082052c0,credit_info
042f83bc9e8bd42ba065838502c220f7,own_transfer
14d4f84b9d57d1c55ae351465a5cbe4e,main_screen
aaa99bcb31e8915c5d985a7d000b0263,mobile_recharge
d6128ed33a947671db1224cdf8317164,statement
7dec691075fad2de09de5553c42d3ffb,mobile_recharge
b5a7225baf83bef34ac5c2945acff806,main_screen
3ba3be2a0061dcb398e3ff88230cb911,main_screen
a1488ebe468847062f50975da2f4fed6,main_screen
2aeaf39e2d9987123b84036eff0e4c50,main_screen
00a8cd7718055894afdde4a0883a8718,main_screen
79b530a5c1d27c5ace4bb12cf1127413,main_screen
1cab294291264544c08a4bc0655c6e4b,statement
70ed36273660f43c05846bb4d75dfbec,credit_info
688f71bca576473ca190c4e51bbb68dd,card_recharge
9a57bbfc74282ac119b453bb6b1f6c02,credit_info
19b10c558746534a7d539db981317918,statement
104a5b4454240124c782ea2343580148,main_screen
24b6395160be1d2e8f4327765d1be313,main_screen
9baa4332032040f743294c97197011bb,main_screen
91d3bacee80353abdae8960346351275,statement
2d53fa4f73171aa37a89b74af76ba593,own_transfer
68c4f512fa6ccfcde1bc66bebd705ba3,phone_money_transfer
bd8b55c798b148ff0097283aeb9c2a17,credit_info
b318c152d4558a23584a46dfc4c4e56a,main_screen
71b3cf4395936447eb8ead913ec91118,main_screen
6676497f8ac602631890699ee1f2746f,statement
f8603141680aea8d593523710b1fbf2a,card_recharge
55beb21c323bd0f6e69509c2235b626b,chat
532671c918547849a7bbdd568189d3fe,credit_info
65dfc7d23fa3d000238dc707d123079f,phone_money_transfer
89cd57e9b1fc25b919cb199f248e8392,main_screen
751b76fa4788bfd98e39bc3a447aad4b,main_screen
a2a917b9cb78aad7b962f82c9464801f,main_screen
350a34a0fa5f2f6d082de5c47a6af905,main_screen
618f275484d6a18c06aa44652001332e,main_screen
b5c00db6c4d07a3950c62392c64af169,mobile_recharge
7939efe6ea253408fbb8043b0b552b34,statement
7fa31fb2e71289632fe381beb7d86ee3,card_recharge
3cc220e19394fb613e288d1a963d1ce6,own_transfer
30bef3ad9c5bd54583db07a7f1701cc4,card_recharge
6f540f79f8656b46372b5d780d49c2fb,credit_info
6ad7a7570718e8a3c9a48697b0272af6,main_screen
f065fd4a071f0b521d5e9520508fa648,main_screen
c1daa1c38620f914ea901ee1b6192bc6,phone_money_transfer
9fc31d709fd6d1db4f6518c6bf4308c4,main_screen
963ce727af639e61f250165505f99754,credit_info
ac6baec35e6923c2c4a35175c01970cf,main_screen
894e6a21dc233bee8aaa9e0ab024246c,credit_info
203d358769ffa5eea9b743ec92d216b5,credit_info
811fe1bb05fef5f273da502bec4cfe46,main_screen
9b9b17f16cae9d8b10b0fd62b077f2da,main_screen
150a84320e747a9ca241b488b1d427ca,main_screen
d7b2c5742444a0aa248cd391b7cc56dc,chat
2f125537eee7ef856027946fca890b99,main_screen
79701443c7783785e14c4eb5e6383aea,chat
9dbf596168239807e4261d44817a2d48,mobile_recharge
d6328fcc0fedadda8ea18f4e9b74bb71,main_screen
b88ad46c18435c88ee804573683441d2,own_transfer
1c46ad5d5b68e047374636f5fe993cdd,statement
1cc3a3ac82413daeb81508e9c53875cd,main_screen
fa067e145a9f5e20293751eb1f9955f4,own_transfer
17ad09951ceebb30f5309f52e82b2397,main_screen
f6f510098fbf9a5f99e4257e7438c819,credit_info
190a1ae47f437d6f8409381eea330541,main_screen
6b1f20b92092c436d378adb3c1c70802,credit_info
41f51308adad62142a8c30365afff010,credit_info
fc81550a004a0611f373f8e886836fa4,mobile_recharge
ccf087c2d72f85513bed6ab3054fef1a,main_screen
e552fe00410bf98f3f99a22e3ab573eb,own_transfer
4884497d8cea3ac77bc180cb4b71b171,main_screen
7f0305fee54d72008a1f4cecdb9f777a,main_screen
59aac144861bad3513df6ee0a1a60932,statement
967c1e44f767a03781b337d1285024f7,main_screen
837dda606f2feef57ad7216eb41a023c,credit_info
df18754a10f2b8d68a8bcc73fa9fbe65,main_screen
00d7f64c809fd81687735fe21c00a516,main_screen
273d4cdd5c38f6932009fb42ef1196a2,chat
eb5f421a3024ca2775b80215035662bd,main_screen
f44fadadaa44e55576ce8ec7f53ec1dd,main_screen
9d169d5244711a3bc46db89044791f9d,main_screen
70eefd87f8e3b15916c0bc79cac5929d,card_recharge
7e392eeac5941f126a384ba37b67f767,chat
135b6f851414745fb90d5c2f5d233c09,mobile_recharge
d4f1385808415d0d609c6ccdabd51964,phone_money_transfer
cfe65031efd80a7feab8a4f48598bc21,mobile_recharge
6b90a59e66f8d3667513a5d14b561fed,main_screen
b514926531d700b00b8974d6ba0979e2,credit_info
3adfd3784058ac910b8be23f32310f56,mobile_recharge
94767bce97608ad2f1f6b3cb9b2d1910,card_recharge
addf96d5659a17a3335c3530a528a3c6,credit_info
c1008cf8afbf2f7a18b65919990201c1,main_screen
f298cd8dead82aa89bb02d0c78847667,credit_info
e5fae9b3e781a858c6ab7dbbd083ee6d,credit_info
7602b03402d3216728fcb7cee887599f,credit_info
f56e9762b23e14019f73eb7dc9815307,statement
09a0a4709145dd5a82d56b3020152380,main_screen
930eeb074c77e032d57f82b362e7fa25,statement
630ab08a3a53b4d728203a85448230b9,main_screen
18c05b47be5f6500a7a2a42277ba801c,main_screen
ff11f3781b0ee1bf0bccb91ef35d1d6f,main_screen
4e82467c5863c629d75b4ccb6b1ec9e6,own_transfer
83a8f5e69b86f9fd402234103b1d4990,main_screen
af1849eeea981af4177579ed3a02e286,mobile_recharge
2a57f987051f498277083e34403d3d2e,mobile_recharge
70820842747d6d5228509083056abc55,main_screen
a4e66cf7e6713a29645b7c7fb26b9404,main_screen
4cb28ef832977f46796ba9c7bc4ef167,mobile_recharge
444ecc26bc1310c1aea2cc82bce9bae5,main_screen
60440b99f3647c20a43ec1dbcebd9563,statement
a740397a35d2ae54da3f094c0199897c,statement
2e970ce23b9c3de363a07c8ccd5cf305,main_screen
fc4bc92ad3c50f9704e1b76e1252ee5e,main_screen
239165dc82add019adf8e2a66a95b6c5,statement
6ec2b2242d88c13924c12307cc8efbad,main_screen
d00996b72444beb426178dc1abccd6a0,credit_info
9a11bd1ae9169dee26d83867d28275f2,main_screen
32e5b6dcc2a129d7776ce67d9d690e45,statement
c5ebf14a17ca770e6947743bf186a0ab,main_screen
1c9dc265367739f4ff8abf24835f07a5,main_screen
037c64b43cd344b44b0b00c4fd508632,main_screen
ccae587f540d9cc9b576347cc03a799a,card_recharge
f71c8ca5ead0f305f9b56d1a5692ac97,phone_money_transfer
955c619b096db8c983f96511f995a6ed,main_screen
b234cb403d576a83f4c81794b459bc6e,main_screen
bda9b78dd481b73f5cd977d8b6e0d550,main_screen
de692e5f1b22900a61e972ffb10cc84b,mobile_recharge
e92961fdda843f0579366e94b318b6ca,statement
15551898adc4cd0ac133043e7ba44753,main_screen
856b7f8833c1e0381408fe5ecdbbad67,credit_info
bfef3622ce288d66724881a0255bada8,mobile_recharge
b4754ced5cef967d30011486f69d4124,phone_money_transfer
4f7026061ea2540af71016187e29124f,main_screen
1381421d82218ccfe627b538474a2366,main_screen
a68eb34e7699ff4c32b825d3634bfea1,main_screen
ad8f95ca454f09d6abc62fd49c0a7396,card_recharge
726ad13c8275bc3b4bb00aa0cbbbfa42,card2card_transfer
5ab82998f7a1a31c2c048c53e63256ea,credit_info
29a398872e5302a018141615eb5c8f4a,main_screen
7bb8df9a635a66cbb2e350fdbdf9b341,main_screen
23ec3763d6585761ddd731b527fb530c,mobile_recharge
8b1ac9f71b4433c21067fd6a8d8bb974,main_screen
e0c176cc5fc1b11ca446e1121e50f983,main_screen
1d0cdfbef58e571019436466937301f6,card_recharge
e8f54a45b10d42374e6582aa340c2646,phone_money_transfer
1bd128edc1fd5c34380331b65442d795,card2card_transfer
3f5156682eea1b7ba719d8fb9f00c95d,main_screen
a72f66cb381f1bd447a98fa9ff7dec4d,credit_info
88b9310dd5702c8f04ca3c1f0c556fbb,phone_money_transfer
bd5f9caa82869e10c57a465767fa19bb,main_screen
3b2934bb2362c2d0183f03f59e089017,credit_info
829aed5f22e51b2d86b9fd9239d41c2d,own_transfer
f60a51fae0b20f1e70ecfa31f321cfc1,credit_info
b27f528668fee02f828b889e8241befd,main_screen
1ea29699c32e01c39a9fe50574b35bcc,mobile_recharge
ae12c90cb9e5f8d33c3544c112b617f6,credit_info
383c5f475e967479a5c261bd4c39d421,main_screen
b4ee28a1121db1d510251f2cea202dd8,main_screen
80d7d44e1189cbcd1edd74f284450afd,statement
a0416dfc4e80d79bcad0298232589779,main_screen
dbcaf5aafa54bb762d1ae8ad52d1fc91,main_screen
3222705e8c8c9cd2ff2f8fd5bd38fe61,card_recharge
98bc14b279ae8bfd6c237a9fd9d17c90,main_screen
b737ea166b4f7992b94a0988cc2cd90b,main_screen
ac951e220849d3a6b62a4dd1b3f4740d,main_screen
53d1afb6a651ac1b3289778fe021f27b,phone_money_transfer
4349772cf04aab5dac36adf070c3a4c8,card_recharge
c628114be54f7b6f64d75279fc592a09,card_recharge
5715a46c0f85fc6cd211ae9645c3cff1,main_screen
ca584fa9c4cdbf6ea4787dd18aa5e8d1,own_transfer
a55a32018695666066b20361f8dd119c,mobile_recharge
6487f38e4fc42b4b8cf87836b6ec6ffc,main_screen
065a808f758ca46348bac28fb09d2f49,main_screen
db06e46f0dc821021fcedd862436c714,credit_info
e2176df6b8ccb8681ffd799ffe4e20c3,main_screen
cbbb45d79c4caccea46af41ca5846e58,main_screen
42b9b1968f86e42a39f3f4e40d175a4f,main_screen
c0bbb54dce2d8d9b6209147c0569a493,main_screen
2bbd1f064ce5724f8b721faf577b8b73,phone_money_transfer
a48ab5836886e4bd2ba65982efdfacc1,chat
3d14d811dbd0ccb6e9a68ba1860ddfe4,chat
95e491497e079e6ae761c8cc28e36be6,main_screen
1cd21816a9b115ce6d05e7bd0fe208d2,card2card_transfer
4b132eea046b48704e78af7accd783bc,main_screen
9d547ffb612fb61ec68f3d5d8c5476d2,main_screen
fd8691613807398f0a14763f509d52ec,main_screen
f07cd6ed73f016f66256aff31b7da605,mobile_recharge
185df265d79e2f2b34915c77f750aed5,main_screen
65aff83456b6d72093944d1b03ef4853,main_screen
7d880cc1f44cbd14a89c3760de58687a,statement
0fad38777e0545f6c661ac014075aa11,credit_info
cce43639d5566ad1d94c635ab14aa3e8,credit_info
0f374fd667c00a62c0283372f992450f,main_screen
6a1f61bacca7d1f95bb3f71b36b78c3d,main_screen
4e9201d2a23f705c4efb93faa99bb22e,chat
04982a890b23f131eb7623b5b21d3b14,chat
6a7eeffb924f3652694fba810bc847d6,card_recharge
b3e8ed3cfeaab2cf1dd28656a94d3dd9,main_screen
d196ff1aa1fcc9cac6c9786889660b6c,statement
a457e397d3428704bf67e077c882f66d,statement
5ef72b22add2c6fa4687dea4bc1e9e4a,statement
bb1d400236104bacaef92ba20bbdc1af,main_screen
a84954e7a5e51ae04a58585e00be6427,main_screen
3f790fcced75e3af01f4976a4e815e9e,main_screen
5fc8a973e3a3c535f2ad958a9b083d95,statement
96dc73edca62cbcf73cea6fc6c4ace58,main_screen
3b3ec05f61722218ad29c5a77e5222b3,statement
31779acc6572d5b473e4e6fa88407986,main_screen
3764836173237d5d1f621a72b3552ccd,main_screen
3f851ea9b748767602d27dc4207bf85f,main_screen
c2a588aeb447d5dce476373d83d8416e,statement
1f47509ee0c7bec73e770f8cb6824ed4,main_screen
53e9c4d07727684d57cb41893fd37d1a,credit_info
d3f070a053778d40a9868b58ab1827ca,mobile_recharge
3aad16e4fdd2f33a584597345d44d9db,main_screen
2e8cbe173c2436f0f0c6adaad463c435,main_screen
66aa27704e245f4f2fc61fc557450fd5,main_screen
83c3b466266441f29307e0a4e7cb14dc,card2card_transfer
bfb29ced114f4437486a216e8ff4ff4e,card_recharge
28616784cedc0ae9c70ea6748a867827,chat
99c0fa602f25b86adcaf008f76d41049,chat
615b396635a10c7de6273e53dba9aac1,credit_info
4187ee9d9d151756efb6a28261699502,chat
c1e4f2f9bc5b8b7c63b7b20b2d9b7678,statement
84cba6b8a479c4d6094eeae0edef47ee,main_screen
4031445bb3e61a60135db62936da8816,statement
f98d02410b5fc07f808271a65dbb0e3b,main_screen
f84ede6c54c2a298a17c182a37bab40c,main_screen
8d4be1c424ddcfdacc3b3c5dd4490938,main_screen
1c31bf41bf86a7910a2a2fc2a04c7b45,main_screen
35860897a882c97db4ba0a3237ce7e56,main_screen
0c0d7fa1d9be1a110538d04300194069,credit_info
f3a20f54da966396d0561ceb3ae9dc4a,main_screen
38588ef880399a8487dcf21a9b690696,main_screen
57b3801b2c19b759f93bd6ca3f4fe099,main_screen
1cfe81f81b95addfa30d41df582b30fa,main_screen
0c9e9bef7cca6a4275baf7bcd6c13f95,main_screen
d54a18b24e1ffc0376100af86377a176,main_screen
da00ed297f266085dd61953238e6c23c,main_screen
698dbd8474f35d2684a856aff062d152,statement
379552e537ac772f32887e045df90a66,main_screen
50e41e8d53b94544ce938acd2a37fb80,statement
b60053be92e99e7ef4c13faa238fa504,credit_info
9f90d591645a384f541277628482059b,main_screen
fd835dc00b50d956acfb572b751f1563,statement
d620194bdc525aaeee0f10ee60727ab8,main_screen
a7e0cafe91846d53af1a86b2e7f27235,main_screen
18fe8803dfad36f934f2afc0541f4cb9,main_screen
15b0444781548b7768c0b17c9d29969e,main_screen
eaa9d0f78decd0aab45183779f636b49,chat
9d3ce8fbbb58020cbe7b35c7869f1585,main_screen
69965c831983b67529f2ccf4a1671c15,statement
c5ed052be4be33c02e364b7ffe369f82,main_screen
ac4ddc5398b8d1eb7c77a2b3e3b7ca0e,main_screen
fd7288b49124bdee63a6a0c82e99bc99,main_screen
5434349ddcd8ae1530942065e67f7501,card_recharge
8dab7018412446e3df62c61f86b63f7a,main_screen
7ebe03fb301a34bebe26de707c09a5ee,main_screen
44fdd80465a4a9185ebd8cb0b99ee73f,main_screen
5abbc725865eef3c98af35b2a334613c,mobile_recharge
6aa536778c62acd952ee0c49edf94e87,chat
cdfdbf6f1371a24cb70c4b25c93ef8b5,own_transfer
0a2fd11865ea410b5b55e78110f371f5,statement
604a567dbe25a4855f0cd2ca8cb8c48e,credit_info
d836fc6b5a1feadaa20a2d6bf39efcee,card_recharge
1b53779b4d0ec8160c86621eff2983d5,card2card_transfer
3511b576bfe8eb6cfb1ebdbfc5861516,main_screen
5309756670ef9e7a47cedbf516d61364,main_screen
a2edabd5fdf20348bd964bf35d624cc8,chat
2784aa8f4ecfba29b384f3f1ac596289,main_screen
0a90ab4547d27cc40bf4df6cdce568e7,main_screen
b4944aaa6ac7e452c45a6a4f4f9501e3,credit_info
8abda7a8ab36bc1bbfea80e1ff0eaed2,main_screen
e0b308c838655173b793dfff2bc50cdb,main_screen
50f66aa76c4f5f69a221cbdf12853a7e,chat
04fd26e74aca7e84704cc986c454b7d4,statement
15dc7181f2856da06d6bafd58ce1d92d,main_screen
97c755e38a66e676d1d08cadf319b1df,phone_money_transfer
a4ec095461cd3720f7b1932725da1fd1,phone_money_transfer
499fdb22379629319244eb8227e9c45c,own_transfer
93135ff0878e1edf7918a46c7a129469,main_screen
d05752ec3a12aca3827597d031d5e9f0,main_screen
fd8301f36c0a80de95af8aca6bd9a413,own_transfer
0676c4e7653be48d4cb77ee52dca7552,main_screen
545e1fe799de8af37c2f86c12e16871a,main_screen
98d96bea7b730c0c50ce4a425599f0c1,card2card_transfer
e9f8957cb9469ebc73ef58e139a3e537,card_recharge
96a207b78b4142695972b672a2b4bfb1,phone_money_transfer
c204819ec46faf98e501f0138ee56845,card_recharge
ad42b6d324a9ee62918e4f6e426a7c4f,mobile_recharge
ce37338e9a68d2951daf9d005cb71e86,main_screen
937ca5e216998d386b60a5c512ea10d5,main_screen
d088e4c5772897f9e65cd5c52ff36f8f,main_screen
17c12b88f1dfde1fc7cafe3c9e1786cc,main_screen
c212905208e3f7d7f5727813328ff41d,credit_info
7f38a53dc6c47911229b5f66a5cce25d,main_screen
ad19062a4a2a8ea4191142a3579f0909,main_screen
0bbf2437b53fc0677911f6a95bfcad5f,chat
6fb60ebc360c98cd4f872a3cbe8828a8,chat
217946e14804174002f6a20208b20a6b,main_screen
b600e36e7ee8a16d2143ab39a6909d24,main_screen
85b73c10496f102ce8a4cdc462688c26,main_screen
0fa57a6f78a4f8507df6a729635ba338,main_screen
f42263b4b2bc3180814c9c0385460687,statement
a9dd1dd4d1b87ae3fcc76b535f7a779c,main_screen
a93bf38cb9387e3fc54dd12385830a7c,credit_info
8745ce9143bca4f2d7e0cb42804fa036,own_transfer
1d17e20e20a9b8580bdc39f4a80bdfc3,statement
2998aa374e3be8dcba70bb809b7c648f,main_screen
dc0d46bff26de42abdc90654607fe60e,main_screen
1877b0ff8bb06aa5126c5713cb2543b8,main_screen
5e016dbc5efe17646cb8cac74fbe608e,main_screen
7ac224b364216aa1958b3a8a0cc52892,credit_info
55be59dd679d386c858eea1d3c6685bc,main_screen
b8d6e52c7152a06938e9d9182d21c70d,mobile_recharge
a92987f28c2cddb062c73bd1efc03990,main_screen
a0336c98f94bff0ab3596c5868cd52cb,phone_money_transfer
1ddc1d780024e858524483879f931f86,main_screen
75f99184237e9affe9e3e8f3f88741a1,main_screen
0b7e7eaedc4f026fa0ce500b7d99969b,statement
ecc369ed6fc2b9421ea06f420fc66d9e,main_screen
bcd8f940abe54a47cb16fb03ae0568b0,credit_info
9e069b7060846735b906cb7d129afd67,main_screen
66686990e5147eaeca7c5f78402f8597,credit_info
f53387898082172a8edb92655bf30733,main_screen
891ee2cf42efefa04f596100195a506e,credit_info
f8e07337349016aa48682b6fb62330b5,credit_info
39444ffadfcd32401a4eb49a3985cd96,main_screen
94d121b319ee3af4d68492a69ab76528,main_screen
92b5e6990a4837a6a516f32d3a48bd7b,statement
2ac093a92a8f60575d964ae240c84d76,credit_info
253dbced58351186b4488fced55c7ab5,own_transfer
b35277200e35f0d31b8a0b0fd98f1536,invest
d0dd75c09cd6376463661a1c4c198980,main_screen
e20f524b8d99156af7f7d57963f0b0fe,main_screen
b9dca7f3ec1cec8f239d31ffb3e38928,main_screen
ef7ffd69cd130a9abf1452fe29963044,card_recharge
18aa41cd9bbf50c0d828e4875ffd5403,card_recharge
10ff1b9a25699dd1f3deffa5a44240bf,main_screen
2edacebd9e0c7fe220178cf4fcfdd4a2,main_screen
ddea8dadf734d37c3f3cbbc7fb0400ed,statement
a97355aecdcbeecf14f362acc6225f75,main_screen
68e5cfdd55d3de5dc4fee548098929f7,statement
67b67993fab1eea3358a4966b74b9365,mobile_recharge
783fa06fbdae8e6df0b7a68fd2349a6c,main_screen
ec3fde867b43842a78a2b9d3a1875e75,credit_info
60995d8e0b83ef905b439e41dd6eaeda,credit_info
65cefc5bef0b48499df4043378ae14be,main_screen
2a3865c6531c7ff3bd68f297a5469176,main_screen
25f3768bfacd6caca08b53ef1eaa39b0,mobile_recharge
fd08c6eee1e7fc747b2e70f0c44c1330,main_screen
c26fac6fbe185d75b39a859474695481,statement
b976a00a57fe78ea7458296e12844419,main_screen
fcfb23a05647c126e4f994f11b138524,statement
7a77c6bc82d80720d2d8e20d5bc9a6e8,main_screen
54f889c7d6b0ee85892c0218c21d7332,statement
f73887fbc0009092d513d09eefc4d13d,statement
10ca7dc46e096d5ed79c35a459fc2fd9,main_screen
2f6599c3a44ae550e05cd157af187437,main_screen
7c6e7906cff81b93869f58a8b6cf8b8f,main_screen
fbbb9658c82b953d7326c8900e9d7bdd,main_screen
cf07e2d44a617acc80c582ac733ea0d8,main_screen
243ab70b134410dd45ada30871452b15,phone_money_transfer
2a63f2f744109c1ad0646139e93cd7b1,main_screen
195acf60e6b6fa7d5059409f2dc6afd2,own_transfer
c80449f1857ddade9c34aaab40957b95,statement
90e399e4e5d3eb7b08add49f430b6c50,main_screen
81799fb93991d5ccb49d65a11afd0073,statement
1a9825c1202ec10b63bbe78937f41186,phone_money_transfer
a768b0e75bd82610e501360a44b65b32,main_screen
290c3c02494a57601ec5c6714ec0620a,card2card_transfer
735fe90b0ff8bcf2e3d22a418de77aeb,statement
9277654e97f69c362210d5c11c7bdabb,statement
f6fc4176225e0ac75718846146e3df6e,chat
7d5c8b371cfa5b60d0e4b2421a44f8e0,main_screen
a2459c34964c6d31d43c564913b42820,own_transfer
aa25d39cc879b55cd4b9e606e76d0d13,statement
b7515e8a5ae8dc8da6c341859c1eabc7,credit_info
163b6cfb5085e7ac563f0dc6e29ec8d4,main_screen
8f4603ce4d829c1e1e6df812037b89f3,credit_info
c3640525f2c7808978b8ee93231d7091,main_screen
253b724dff5883adf2cd33cbc355f9fe,phone_money_transfer
ff9322e4d75a9185e73b9f826328d995,statement
6eec03c131c13a00cc6fdf3bc24560af,phone_money_transfer
b645e919889fda31cb7e7495cc608514,credit_info
f431c7d986275724a7e7e95fe8d1da26,credit_info
f386d9826ee6f696ba47bdeb2bb30c51,main_screen
7788f56131cb6d6b755ea8b67b02d065,mobile_recharge
559149607913d9d9d859475fb6224acb,main_screen
feaa882c9555c4a2f9442df9e22da121,main_screen
2c8bb55daadd0ce94a9ef9f957170f2d,main_screen
cb827310ccb0c8846ec19dd54aca545e,statement
20470e61b69b885c927c6064b0fdfad1,own_transfer
e6cc88ba67c8f2edc4ec9570ebc37560,main_screen
5241bec703b55a5caf8fe80b941ab829,main_screen
2e92d5880a1c37d71ddf41f916fae24d,main_screen
e0bd1618f21892eb7100fedc4eb96c80,statement
e9910422dab31dfcc81c3a6e55fc2225,main_screen
f13882a77ebfb3e7b174294512b20643,main_screen
da59a785e193201b83c2770df1b14591,main_screen
61b708d54cc4868054b5878912118f35,main_screen
01899c7d2cd54b95ef3252150fbebf43,main_screen
05a27602192580c153594bd18c3c714b,statement
4f99e50f34166489064bf4514f094f7a,main_screen
734d5795ba738a18341388e33e99ee14,phone_money_transfer
44f114df8d6ad46e71d9fb7201372a1c,main_screen
8bf668cb0b97ae9f4c46a6e71cc03419,own_transfer
3d4b28978dd4d0cab9d2c361b5c1833b,main_screen
7ff9ad37142e411c3eb258115a33bf6e,own_transfer
a2489135bc06effb5cce3515fc9b8e61,credit_info
ab8a4a7f9a559076bd008c507e7d4474,main_screen
055b093198de0603b9183bdf7c7685d5,main_screen
ec44351170b3584de30d482da66136b4,credit_info
5c28195135e778b96c5c9a53ab6ec92a,credit_info
90791ae9005060e59bd47cdd18229882,statement
ba87bcd71a4519e27fa6d187ed916b1d,card_recharge
af321387983e62d3da426fffa813b349,chat
6c9fb6e39b24542bd177caee163470ce,statement
3ac15be96ad26d06cd98f73b40ba41c9,chat
0d349392eb6d263431634bc64ceecb8b,chat
bb7f6639d4be13488241949d344f9bba,main_screen
b1f598aab2e61f30dd3aaacc190c0989,main_screen
37bc7454638320f49049113dc5ceba6a,invest
a8d98d09b8d9fdc6d92263d48f1698b6,main_screen
3a752a075a1a34a70d9f3c18e3518b52,main_screen
b41569d38c5113494f58a6d5f4a3102b,own_transfer
0b18d0f11faac82eff956b2e17c6398f,main_screen
856d3e514a3601d8a5384289c451a980,credit_info
97e4d07b3c4d4451210c1920c3f4f840,main_screen
c3023582d8747af69a7400efb1c1c7fc,main_screen
e6b8e92d0759b5b2eed6f5fef77e64a9,main_screen
2a45a005b36781a014da4eff93e05bf7,phone_money_transfer
c347dc4da3870d02c8a5a70bb64d2789,main_screen
dc4f432707a523501cea5f9fcfb9ba6b,main_screen
4c880b359cb2904904325bd6cdd8234e,main_screen
88a0b7c2031afa745c594eb6e287c2f8,main_screen
8404f422db1196ee617b7bd5bb8a19a4,main_screen
a8cedec3c6901d909338723b9c702848,main_screen
dd34b19c7830201d7cdbbd88c02f45e5,main_screen
689102a0019da154a93e03908b89a511,main_screen
fe64596463c281fff8e294a9ed94d1e5,statement
17c204f5e1be2b179441e915289412de,main_screen
e9df0e2d6333859ddabcd79e4482fb0a,main_screen
659925abf2957f4b9006bd11e6dcbb56,credit_info
4aac43974369c1f08fbdfed0821e5e6a,credit_info
9c23bba1cedba16d174f88748e5ced7a,main_screen
ae2b1d4064a5f66d6fc222f145e93efc,mobile_recharge
79a8304dc5764db893c268adac388d2b,main_screen
18f3252d6daf3dc1e4bde239acd4b161,credit_info
612cc0cc86451e58e221613b9ef5704e,main_screen
821ba93f6fc6aec4d40efbccc391bac9,main_screen
761a5e035a0586e929e504831ff7ee88,chat
97ba99dd32ec03176fc371a9281f11d4,credit_info
d0edc6b71a86bb3bd831d6f597f1e4ea,main_screen
d07604b1536d027b5d5d5fe9b06537aa,statement
90696bea8ca75c82b1bad72484498761,main_screen
c2e1641838ea276a7ded4cf27076c19b,main_screen
6d43b53d067832b04fb2c8a82aaa6418,main_screen
696159377991eab5f3202e468ff62983,card_recharge
1c0e9dadb706adf1f754e5969faa7e8c,chat
080ba9f6cf13bfc448f404230d1760fb,main_screen
4ef158d8f90959a54ead9fd086bb434c,statement
4891c6948618147c03f823928eff5e04,statement
5f4eab923b9b53c9db51ee408ba4f3d6,statement
d0661c18b3f5332298ff0f1ac9e6d8d6,main_screen
ee1b704831676f86d0041dfb31ae48ba,chat
56560a5a31feeafbe9453ff4bf5a7a59,credit_info
909c1e63c47205c1f251a5582ee18f8f,own_transfer
c018c11ea9c428e4af621fb1acbcb0c4,main_screen
fc1dc2af7db82a6c114a90ad307e81f9,statement
705a635233cf8e83d06d84136fde8ca6,main_screen
390f109769c717278923380c9a4fa328,card_recharge
d1a4feaa96d486fbccb349e9e6f09584,statement
713773096a980cf2ccaf39c9a71568cc,main_screen
dac94e29ac4ec42e50de85faacc570f2,main_screen
421425e2096457498aa276b753114c6b,main_screen
f0ed8a19b7fc8418ec639a5b449a9061,statement
2c331b1daf478d2e5f877eff208671da,card2card_transfer
4535b1c9d4e960b0e05dc5b4549f1396,main_screen
979bd1206f50927c9142c8c8c2819cd7,main_screen
032739fde6760f9b65d4aeaf7da07bd1,main_screen
bc5fc3483a3754c5f889afe3c906d0d3,main_screen
ae8b711d6d996664ccf197fd46bb0f4e,main_screen
f3976bbb0c61a06497e180798f0759c5,main_screen
4f8f7d533742f4ed7aa837f81ad9fe12,mobile_recharge
dce4567dce0ce4f015d84a06b4a77661,credit_info
b6f553dd38d8879d8c00d03910607d41,main_screen
94877921abbdea3f366abea58d6bd2e0,main_screen
8cbd3f17afc43ad1112752ce5f143c27,statement
cc7be5bc15475bba7703b921ab7194b8,main_screen
1332ec0b33a9029b737e6b53df49f62b,main_screen
14150b84b92e3fce0abf51e6187206fa,statement
84b3ea09a06fceed9d6bdd3364c00a36,chat
59750d48cd8fc5e621bb2db5406cd2c0,main_screen
4178a42a33501f08ea6173c9b7f1f3f2,main_screen
da2a3010676b25122586fae7b5cac450,card_recharge
8119ae8972f0e5703cc85a1731102fae,main_screen
5505babd6aa902f5d7d1038091afe877,credit_info
a15bd1429974e489f70ef51bf4964395,main_screen
dc2b6115b1070ded0fe4f2544a6acf99,main_screen
7b12f5615e36efa5ec7017f14b406e91,credit_info
10c49c1e062ca8bc83b4181fdd3aa496,card2card_transfer
8194becbff11b0e7a679fa0f068e5790,invest
6cc7526e2489889cf9d6c8135c779501,credit_info
922dbcac008bf7fee6a19f858150be62,main_screen
229c47bf20ac664ea1c440b4d212be5f,statement
80a2c0e382e7edf50629b40ef0493258,chat
0a550ac72d410b030c2e31423137fa83,main_screen
414f4e07b13972f0784199964e039a0a,main_screen
4485de36f9695cab838d5a9e400dfdaa,main_screen
c1046f8f86f82608cf5fecac5194ee90,main_screen
15a860de0b3079499081a6fa3fd0ce7d,main_screen
bacc437e7b1430d283aa3041e113d05d,main_screen
d8aa1775a66f5e82a0b8beb24d7e8ff1,main_screen
6fd8df8d453d6332a5a9c6b755a8927f,credit_info
f88e1fd6d66326f6339464b00aa6bcf7,main_screen
f297c57a908ddd2f6a0ac2e5265f66f9,main_screen
be47b7561a09ae79b77c832ce579af36,main_screen
57b259239875dc7e45956ee1e2db3626,statement
3a242c104553e4384cb26b49e89baeee,main_screen
1f65e9eb5f775ee73e333d5d90a9c1e5,statement
86e524d4327a7db5341a8f82db8b56c4,main_screen
b48d3373f79d2938e3a90c410f549590,mobile_recharge
b9d457302b32bb3887a556754cf74b1f,main_screen
bbcaa0ad6ad7a628967b5d8e699d5d08,credit_info
cb08a5b93d6b80b58be5824b21d8e8a3,credit_info
25cc3192a71dce2c2ea741fd004ebeec,card_recharge
26d93c4f6933d5ba2a150649a5f1b4be,main_screen
61017d520219f382fe54bd3d00e6c428,chat
7fe069c523d19cdfba1bbc689354d6e8,own_transfer
c94827515ecb995dd8ad81f4411cc178,main_screen
37dd91975a95da69aead2262348f46ba,main_screen
0472bfd79b0d4a179feec2d5db14ea41,main_screen
850ff1ab2c543e41d730ccd75cc6f6d8,phone_money_transfer
2f5dc529763d4f93f8a5c6ba8fe714b4,credit_info
ef98da742231291a0f97eaa821ed378d,main_screen
5f22adf5600901f99b55cce928cfabef,statement
7c89059cc69396e89de23150b8c65d9e,chat
b8afea2ef0d6547fd49697cf28b22dfb,main_screen
577e325b3fa8d90589841409b7129bd2,main_screen
8ed3a8c42156f6f9454fa2e6f7b6783a,invest
3241023c84974def8dc14698481aee40,statement
f2c0ee32e3ccf42f2717fa13b0a2cce7,credit_info
0f2045cf654da4259c2db3e79a96d701,main_screen
3c5a0b8630e89e5141a4c4a2f0571a97,main_screen
6954aad3f8ffe939859f7540778efd80,statement
6a680fed2d6ee2f4fa526fea5b70d3ee,card_recharge
efe6f0b3b279f4e2126a6fc585dc9bd2,main_screen
b3710ae3ec506f13b4be15c0a87ae95f,main_screen
87edfb1227d7e44a2beb2ff068011ecf,card_recharge
492a6530fe114822df0c880d1afd9286,chat
55dd6f3bc8be93180939ed321c0c3283,statement
93afb2242818796b153d6f36aa709fec,main_screen
247ddece11f566dd82ff594859721051,main_screen
3d34b2a61aa5878aa7274be8f0c040b9,main_screen
31939bd9e6db0f4236aa3c981c5342f9,main_screen
427ca1d42aec2eeabba285e24e29802f,main_screen
3f9e0bea5c7b95a48493e47cf814589f,main_screen
5f3032872f0e380e2197dc53d9205c9d,mobile_recharge
cde36439a469fd6394e3e53f0694cb7c,chat
1812ff7347604bd2d04caee27d870c99,mobile_recharge
330acdbbd75f18e35bfae1539a51881d,main_screen
e74d943ef141d558eb0b226cf99d50d4,statement
b71bd011b7e469635c91d22350e81166,statement
ba423a816ca97e168ca0fb822368ed84,main_screen
d8b767d7b454b53dc9c910daf6b1a0c1,main_screen
8ba77d12678e083440f097241492be16,main_screen
250935d671d74ba31590ad6d494c0f9b,statement
8b78707b9d67284cf14a4d69605c6fd4,card2card_transfer
3a5eb5e4da953bae3eecd3b5da24ab76,chat
27f0ea9eba1d2dee8cfa397da8ce8846,credit_info
63fefe02761630c6066ecf379799db87,main_screen
ed58bdb597ca892d647cbaee0cc23d35,main_screen
65384ad4aa1d33aff53a5e362fa884c9,statement
4d41d7fa9a4ed58db31bb22f4e5998e4,card_recharge
46e41330d580da466d8a8be0121ef74a,main_screen
41e5e7fcf13f60e94baff9d3cf1dfb7d,chat
444f43cef71bb007f1d0819f495667c0,card2card_transfer
e94970dd417d72cd372e22c9ee4cb12e,main_screen
fbe6f3b5713644f5df161f9e13b0ce14,credit_info
dbed279480c7a6bf629cb276db861a6c,own_transfer
c849a72581c40308050bab48aa2775b9,statement
73ae4b5e0d227d1b737c3abf7f0fa9db,main_screen
1e9bb0449ba809abfef390a20fbdd652,main_screen
296826477adba5d839788ad86ad915c9,invest
48cf7965cf21366fa7d412418a4514f2,main_screen
5be1929d6a73567c66f0d279f5038f85,main_screen
62397d17b2b6380f4b23359227b0c4e3,statement
a61cbb27f0074591b58da076317907a5,phone_money_transfer
e264c26dfc9b4db3a1edadaa934dab12,main_screen
389dfc35906d569e9dfd56447a1426b7,main_screen
2dab119782e277b75f09120af6dfd919,mobile_recharge
a02baa5eac3d984bfdebd74fefe55fd4,phone_money_transfer
4da04c7037f8908bde7fd057e228a9dd,main_screen
9a4b8fa881ff848cb91bc534d5db5d8b,main_screen
7232200f4da7c8b0c3ebf30288fc41d3,main_screen
21030e71e64b0c01e20b9824ce8df4bb,main_screen
973d7fd850f945da5273ab495eb514a7,main_screen
3f8586fadcaf133459e3c531c63cc49f,statement
41d4e69bc13392dfe3b39bff53b6df08,main_screen
b787461a52700eb3f84eb75861bd8e7a,card_recharge
2e61f040c9170bbaba3ffdcdaabfcd0f,main_screen
542e30a36fc1a4db908049052ac8cfa2,credit_info
bc5cbde90f8c4954ab454fecabc0abca,main_screen
cb0e7d13073399dd37a98d33bd7cd69c,own_transfer
9ef76f474bbd251f1fdcd4fbd97093e7,statement
b870bd4e9c6fca25a9a87488a9c7b001,card_recharge
843897b37757998d7fe250632dc14a32,main_screen
038dcde91dd43ee560d9626040fb0cf4,credit_info
9a617128d3a3097a20e6c081c525fdfb,main_screen
1e05ed5c7ee4b2aadfd4d106d67ce22b,statement
6647f1bada6013c5aaa13fa758690f37,statement
8f9efbbe0dc6eac7b1abe288e7118bfc,statement
4a74281bac418b580c9b1f857ea64cff,main_screen
4a1253dc81abfdb8f2e03d4ff00dad71,card2card_transfer
7525c47c3330faf19d44655dbd7b1d18,card2card_transfer
758bc37b822da6100d802d06bb1d3b19,main_screen
9633cafa71f33f70b006674a346ea25d,main_screen
f62b6ce1f27c26f62889a353efe6fd82,statement
9bd4c6062431a88b18461fdbe3fc572d,main_screen
bd7ae2042cd7bc973de5712237a34633,card_recharge
cfb0e64ff8fc31a7706f25b0257ff884,main_screen
9642499baaa841e0b61479f2ffe5e9cf,own_transfer
8c3af3b5b65c9f802fc8b1e4b2c7b238,main_screen
e08d26bf7cb1d5706ff90bd843c2b248,main_screen
f3ea460db941c3d153177d018235128c,main_screen
0336368f45123c216ca85c12ce42636d,mobile_recharge
de2a1130c71424495204a149b47fd30c,main_screen
48c209df41c1afba09014c53e60160fd,main_screen
b73336ca4d394334ae94edfb2206bd5c,statement
c6b331c5a39b1cac994f9053eec75b34,main_screen
daf67c59a8e3dee1ae7838a3cad78ac1,main_screen
63bdc55c46051be855f19b440d2cb7ba,statement
eedd7893f8494d28ab28afa0f90dd99a,chat
14f5f71f61cff2a0ad87b2ec805f7fca,credit_info
a068d1e92002a4357c9a50644061ff22,credit_info
15d1b00cfe117fae0bc489eda921221e,credit_info
0a36c29146395553f30a292e0feddd9b,main_screen
4ca7b6e59f0ea96c8a251255e9d84322,main_screen
245251879c52ddbdfc74b8f22a94c357,main_screen
6b171091c23b79da6aa6fb48ed46fa68,phone_money_transfer
15f30a432942ba857462c1baad01d5de,card2card_transfer
2102812f7ffd9421f22da38fb25badc6,credit_info
1590630754fd6ba92717895ecfc99c62,main_screen
9045e815f5beea4e9a1b5e12062fed50,main_screen
1b5796d07e6b008ed27ed1403eedefbe,invest
67b427710c01a03ac67719ebb5181601,own_transfer
d96e635c9964925fb55c8283c2e62a25,card2card_transfer
3e9e5cf92aaa1f3fe6450443442a0a5c,main_screen
ce37bb8a7b7a254e0ce3d2968061bf08,main_screen
f2ff2db3a196bd5296e74d722118a11a,main_screen
bc4b6cfc970f1f1082ed935cad318b90,main_screen
713d742cd64a3610d4ec3fe317e1c6c1,main_screen
dac229375615af15e99d1f76c2c5797d,statement
68018a7b836e2c921a103e2258633bcb,credit_info
631fab0a6ddc88e0ea4bb26187983f7a,main_screen
32c49a2dcf53ae7adb8da4196c8a388a,card2card_transfer
ffaee2fdf767a77e9fed2359b8942f9d,statement
75b31c439e30b503546467472fb113c1,credit_info
deaf799edf4401b3a0c71df7e5f6362b,main_screen
86f70b4fabb6c7e0e71d729d22ffb19e,statement
39963029211c08f61351e176336708ca,main_screen
cacb20289c0002c351c3a8982ecbc999,main_screen
bb8db2c193f5f02baab9ec377238aa23,main_screen
601231983ccf1bad27590c115b3dde89,main_screen
c08058c7d36ca2a51f8eb9d49a3898b8,own_transfer
8b9311952f4268c8070f7e3e39b0e003,main_screen
f646f577e6566b25c49fa8ec0e255a7f,statement
b404172179aa6d27fc2cbd9f5d710ced,main_screen
f1c375d36581ea40622ea69bace3cb8b,main_screen
b6ff5902ba6252da61fbf446b8b26882,main_screen
67b802a4e27c4215efc06e1d9cf2a5ff,main_screen
8804fac4fc8fe426ce853f4864c9c0ed,own_transfer
7eb17e990f10c58c883920b85bfff949,credit_info
c885d84b293b6217668ef0a224ebebb3,chat
20646c3c8966d41b6a398133fcc681b0,card_recharge
e438b2d70a152b35826e301b505e6c2f,main_screen
4ae7fd8922d755601744a5cf81443c31,main_screen
b5b02fb74f1cf91ac61a00a9d88d32e8,statement
60d93b6ab5504d85d38f832e1438e2f0,main_screen
bd31ab9b3bcb650535411ea12d73fd95,main_screen
fbd91b45ba10b6bbeb8c32d349a1860a,credit_info
1785d36665e966835008436b047256e0,main_screen
d715cf8e2af7c64b3f71b23404cf29e5,main_screen
878f47dad2b60bad3d12305c7f86923c,main_screen
74ae3c10dfa6b061bd16e4f330828300,main_screen
b40282a38291fbe458ba0f37a5188a67,card_recharge
68b2a9700a4ed43de5d189abac296b38,invest
68cd5fe247f95123937bae74ad17e49c,mobile_recharge
e5e196cc798d45d8d38cb491f1a181cb,main_screen
6f8ac08b448c997584f82c7b5f2a1a25,main_screen
b4efb4ef8fa8e692e1ef2eb667024a39,statement
40e2982c459601ca31e474fed4ea4b21,main_screen
d32d2072676f06a3f1791f9713314fa8,main_screen
1fcae77472c63c2fb373df63a642f897,credit_info
ac38ff90de2c38163174e30458d91564,statement
b5902098d021e9e627881c71da55795a,main_screen
b0b940987a38f0d78f7c3b1ac0b0b48d,card2card_transfer
514f61e1b1a4763864679246b1f837da,main_screen
6006916cf286835548f95d3272ccd5ba,statement
3bc1fc2bf15b019119e8786e06e38ada,main_screen
a003c3a3d8a187571229458a279d0507,phone_money_transfer
3709e93b01846445e8c9753870ca3aec,credit_info
78f470d5c226437aad6f18c4acd5c094,main_screen
a442b06131dcf891e26cb1722824ff1f,main_screen
ad05ed511658b95836ffe2792390b5f8,statement
6d16bc870cd82baf30aae4c929921821,main_screen
93700d0020c9a04596aa79b38cb34fc4,own_transfer
4c79b6dc7e4bb5650d49bedb064a318d,phone_money_transfer
fde16e3360f2a78fedd32a7d794f75f1,card_recharge
d34c7793ccdec96dd3697c453a85aaf1,statement
602ae72f20f78482eb2b0fd4d888f594,main_screen
fe3483feb22f11696d697089aab30542,statement
29721494a800577cbd12c7918faba709,credit_info
b55ac47a6c9d95a1f8718c23b3b42816,statement
b70b62ee19212fa6b69a9681fcbbfc04,card2card_transfer
316a18145bfa28c94f11492dd8a9f60e,main_screen
7cb080decb15bd0530ff8c00e407021f,statement
649cfa7371402670e85328ddf031fe9c,mobile_recharge
8fa99c4b45289aec22b17081d0f92f7a,main_screen
0262d4abeabb7627ffa97f946f5c0506,main_screen
7fbeaac07549927f36da92dd3a49db31,statement
d72e9a5c17693cbf74a09a4a519bf538,chat
f2ea522d262edfe1c67504f82ba53eee,chat
79f2db448e99c58acc5a8b2078a982c6,main_screen
81e70413683b9020c6e4fc4d7ad8f15c,main_screen
ed4643d7ab326d8d69c9dc5391c4d282,main_screen
89e70dfa486008f1fd8005fa9ce5865c,card_recharge
ecf43ce9aea9c674eae15382286e0ce1,main_screen
821e1767ae7569548522d9e3e13992ab,main_screen
18841d54fc0cd6d47245c4688c8be35c,credit_info
c7e917402778ffb8de9db83e0729b1c2,credit_info
4719029ef0d85206cf69da2f77a33829,main_screen
a588ace3441609876304448e38aa4edf,main_screen
9daa01c6c7af716b61d9d983fcbc5c5c,statement
c97818a92109a8775b5d0ee761245bfa,statement
f90c56c2ad4b249d33a56d68dfbdf26c,chat
46510224945d1687c926431f6ce4d320,statement
9eeb48946eec0e932d1ea56f12f4ee2c,main_screen
2eed460176446fb5485a8774e8f90e11,main_screen
e111bf1f7d737feb01cf6416f908ebf2,main_screen
cbdf55c829cc15040a156c86a62bd124,main_screen
815f3ab604d1a9054efdd434a95009e8,main_screen
4f7396303906fe59959d4f1f8908a505,phone_money_transfer
ea784b6097d97f6c3139dd01a0f83bcc,credit_info
46458da5b5c3381c7304e60f4400d356,main_screen
99585f23ec72bd726ddc6b58820546ff,credit_info
663c80bb0b2672eb5aaaca30e396c31d,main_screen
24314de46f6d1ef1736c5f5985c360ad,main_screen
2c1ff9983ee3a011de8663eda05be9a6,main_screen
60aa583d84d27b58905331ce455dc6ae,main_screen
1570f0ef34969427ec91439140177f4e,main_screen
87add4227899f1aa820c2f4c6b2a63e6,main_screen
e3af37f477d83d58cd8400651bb9119f,main_screen
576c6850026b0b945735f43884a0cf3f,card_recharge
96a1972a4932bdda4602d457627f139c,main_screen
3477934e3cc2f04f5841cf718ce53ae3,main_screen
557ccd1b3a4d2e9a6365f546fe1b5cfb,main_screen
ef80125bec1cd475a4e85d56e80390ea,main_screen
3256819306fff1c60aa68155073df616,card2card_transfer
120b57498ebe6a01bec22bb53d27fbef,phone_money_transfer
940418cc029440183531d3b98e1effa0,statement
2ff369373ef04597dd99651fa61cce1c,credit_info
97262d64753f38db1f188aa5ea89db79,main_screen
624eb71c0874c9d971ad90af6c849da7,main_screen
30b2c8f2d4f9080bac3fbccb9ce72712,statement
d663a939341ca25cd4fdb495585a7af6,main_screen
bebadf3e4a48fcb29307e7b11251cef0,statement
cb9358f12ecf639069b71fc62bf6eddf,statement
0693b1da48dc0daa05c5de7323df2320,credit_info
495239b7c3d34278cb645f58733efdf2,statement
da647185352ae13e7206bd1740f8419d,credit_info
c0ffd44cf480e873472fb54d32319da4,statement
e7eb19d04473b821257a1ec295714b66,statement
8960a34b3e14da625022e79d4f8426d8,main_screen
8fe411d61ebfcfa42fc148c5b807c888,main_screen
957e28ec703fbcf8d13f795c6c03e14a,phone_money_transfer
ecef9177d65cde0a8dd05acbd36a2376,credit_info
49f7f791d6f9cfa9b2363db75c89e952,credit_info
98d66b77ae5568ad479f91706f5df7c4,main_screen
bf62aed7c454b389f4eff9e3fd843870,statement
f3f588100ca6c0f3fc443205da965905,main_screen
87d806b0f6d889fd8753774f442c58e7,main_screen
655023ffdafcef4f12c76e4921306f02,main_screen
5ec144bd36a1421befebce725c236662,statement
6393b34cb4761e5ddd5d85c99fcf1c3f,main_screen
642497e9994594d5524531f866dd72fc,card_recharge
4e3b435f2b7d7bbc664f5ce183d05376,chat
fae76147f9127567fb60e9e2dc7c2d97,main_screen
bdf57264067c707cbb20751d15b703fa,statement
6aaa07aef76616614af09582150d6d08,main_screen
3c4259571d484aa7e91d5ffc5db22c98,main_screen
a5cfeb39fa3b9b2d2d839be6292e4a4f,main_screen
eff36a16e14d5908564d45fb1e60a845,statement
3d9b037d2fbf76ae59d6435784b5225b,main_screen
abb02a39223bc356a1573c4351152c99,main_screen
ace3e5e3d1491742034f6083104fcdb4,chat
29aa03e77402cbd12a9cbc1a0c76d123,main_screen
13fea57f5a9a7e49a88e73fe3d25ba38,statement
c21abd9a5b7f22b4589b37d969f760a6,card2card_transfer
c6ac5c67373d701ce6564e5f6d0030ae,main_screen
3c04aeb93700b9a849c9239bc7f790c0,own_transfer
7e118901c7d0c6f22af9c0264314a000,main_screen
8cfd4f1f10fbf9135a077f0c1d33ca23,main_screen
b5bc20093aac02eac318d35b01fc35bd,main_screen
1b2a8afc6ffd5250ee2d891b9e2a4e5f,main_screen
478b82b0cf5ff45efe67e33f5e79a5e8,invest
72996b25ae3714f5d233cc094908a66d,main_screen
8ebd9eb43c428d22eb47744bb7395563,card_recharge
c10bdf6a61715b736f433819c9d307f5,statement
05e72fe550cae7bb31b7635b52f93614,own_transfer
d67f31214843e72e97c15e8a4de03179,statement
d59469a0935680a3bb626f05d888a333,main_screen
584deb213075c0e32f6efe2edd8e4979,main_screen
fe5704cca4d0bd393452396f15407e4e,main_screen
73b8fae6d6ac97e33c4fe635cc55e748,own_transfer
d1b4738dc8c9581788fc37dd58ed891d,main_screen
b210ea6375f3cea46b886fb1172607c2,main_screen
f27386b4f2cf98e06fa9e8ea5fae07a9,main_screen
7524ccc61451f282dea7e3a793ca5b1b,main_screen
75b0ad3399026d2c6a450d08aeefc318,own_transfer
8819f9e79b02dd8efe90dafc25f63189,statement
6b98ee674bca28f4d46085bdc6661eda,main_screen
69d7ad3921da6697f8a6098dcc769631,main_screen
86470a03b200a9912477d8b1795207ef,card_recharge
63110d20aaccdf2abacee4e95702ef08,main_screen
18b4cfb3d705692eb26c8b44a84c0e9e,main_screen
421941d5239d56f85e9965a62b8f4122,own_transfer
1cc18a2683bed27fde38d5887f1dd37e,chat
9e5f6663a4f9ce1ec06b7b6778847db5,own_transfer
7a403dab4910f36a20007d3de1a25401,phone_money_transfer
50d042e2506c1b07736a2afe506ef013,phone_money_transfer
7251d88a2787819cb912c74d6c479b11,card_recharge
72b1e3569bb8e821faefcc2e220af51d,credit_info
463b13e0daec82ad2b7e82dc307b8ec8,phone_money_transfer
4daebc2249c178ba9018498de6501ad9,chat
2c692cb021dd44e0613adfd1d4038a6c,main_screen
451468c0a0bcbb84b3c92eb9259cdb1c,main_screen
cd59c4a891f8843185331b8d4ad8c6dd,main_screen
c5bbec40d068fda106ae9f7fd17b4ded,mobile_recharge
a6ee76df807bc8346c39bb3cb37c2c17,statement
88a2c846a39acbd337cccf2ed9538dd1,main_screen
37d4282baf4d5adc9ce817b546a0e99b,main_screen
e7439992d2d9a630169c607cee39cff4,main_screen
27f2757044aefeda2027c2b287c72db1,main_screen
ca05a08892bc5fa91498af23a749ef75,main_screen
5eafd8a64913fb24ad49bce75e1a06c9,card_recharge
1863063a3807f0b36b8b3d2842b407cd,card2card_transfer
ea1f812a65698f4f8f95f58543c6c2a2,main_screen
a427b18c622558b7eb44e596c8ffa57e,credit_info
f4c82d7c148c9150efb0e80f5f9d705a,main_screen
1c1e9db3f8cf9856b1913ff7148ac071,main_screen
5783651506982b1575cf120c96ef3ea8,statement
aafb2f68ff08ddf93f9f3f126d39dd09,main_screen
160d82a2d1e3738262aef513b3365675,credit_info
ae5fd2b0a21a7db2f4102e9bc0718900,credit_info
4d8a11b5b07fee1478f9113318301219,own_transfer
dcc5807e05eab3f247692aeb70b23411,main_screen
3522ae6e10ca6cdaa2f696272636d68d,statement
4280c88d2e2d2d8e35cc88ea2be7034f,credit_info
10d6eb269e9c80aea26f850647bc4183,main_screen
feef725fdee195f23fca201e3ed3af16,card_recharge
3d0dfe257d314b3c2261d9e365c95295,main_screen
3ea082a8cb658b0a96f0db2e9528576e,phone_money_transfer
2925b67cefc450c875333f9ed057677f,main_screen
f10da01c0b00023fc06228a4b131e648,main_screen
7f4fea012b9089c88c624d977f6a96a5,main_screen
438a596f1d36b93e7443d221ec5c6419,main_screen
ba7c11144299becc531b8d0aa63ac7b4,main_screen
76ed732635dbcc6f5dd16906e0803345,main_screen
08b529fe3d330618539b17ec2bc2251d,main_screen
6960dea85d5a6ccc96b0e9b40340fa7c,main_screen
fa0d1a788a6d37e9f0b35054d5c48f59,credit_info
de579879c9f59f221bcef516b9ea1360,own_transfer
58048bbd97524f9d060cff0f5026502e,own_transfer
eb2d98c6b9085cbad637b8c7fab0542f,mobile_recharge
8cd1534722a950c1b70623d4606f1690,main_screen
fae1ca76cb028983c7fca6b24503cb71,phone_money_transfer
7a5f6deea29bc72f4a11439a902457af,credit_info
ffe3495b1e4803ce91dc45621b47371f,main_screen
76de974129aa4b0682b18dca837d9918,main_screen
a862b12c232f47b926e03bb695ff5edf,statement
ebf505faa13939c0a35bb8809c573670,statement
f6fb5258d656bf7ecc19266bedbe65f7,main_screen
7fb9934551d407b557a47542e27039db,main_screen
ef83f9c39107a33a28125f50556d560b,credit_info
1265b2e83b20b5c6c55c6a5a221df49a,main_screen
18934032164118efb7ceb968656c0b43,chat
47436a0ece7c1ccf8a27ada84bd7dcd3,main_screen
ff22e99cc0b076c6412ecb96dc417203,main_screen
f16df8065216c5e52f063a633aa33a0b,main_screen
20b3d7c3b89535edf24bd9e6912946ca,mobile_recharge
d95c1a4935c9a507274efc9481ab7633,own_transfer
8e7d9f4e6758fabc2765d1e3578a9dac,main_screen
6fecbcb9ca20825a0e54770f5da414f2,own_transfer
be4f32dbab9dc481a25a30465969ed6f,main_screen
74de885c8bac33335c4b9cb9f236da71,credit_info
8b890ccab72b567a6da9ea6070e66289,main_screen
910d41edfd8456824e9b96394a8c479e,main_screen
1a5478f5e1fe7ebbb9cd0b5ff74263df,main_screen
247cd01d177241c962c67de3a63fa433,main_screen
485b70e5eb7d96dcd77ba3a3593a5796,statement
156098b9e1a3974368573b11868deaaa,invest
3eabaa1b6a162ded44e2b416726d795c,invest
1298cc64a0db32d84addff75d8f0f108,main_screen
37dbe62043997c4a72a3e6e5c32c14a7,card_recharge
280efd4ff4f02d4c1396c0c714e64d94,main_screen
2c62c983553943d8be99ada061804da5,main_screen
4a9b46d4389d0ec74bd2eb625176b065,main_screen
b537934202f201cba705ff0e6e3077f2,credit_info
e5f24f1cd5f906d42123dffbfdee21bc,statement
5f17af54bd85f68de72d7e880cf69a07,credit_info
3e9438d584e073d96c48ed7a5b81d729,main_screen
b2257480e3ec922fb7615f5d098bc105,main_screen
6575529972015fc40e5b06dbe308199c,credit_info
ccdf4ae6b31ee97e6bdb6a8b9f60002f,main_screen
8850460019628637d1a70b409bf8d119,main_screen
d90151934c7e4f365b59e3f32731d787,main_screen
616b8580cd7dc8823facea13694ae62f,credit_info
27d68f4121011e2157a4dc70cee2934a,main_screen
ea7e26bb516c7abab3832e44ba1da9ba,statement
bec73ac065255cabb8e21cb2a4e2ab5e,main_screen
e48e6ebcddec22c52769e3bd3431076d,credit_info
05e916cfcd5918a58ad74bd4d5ee49ee,card_recharge
bc4bda5f61cf6af79ac0f35648c0b405,main_screen
88413c274d7c13bc25d4a112894da35b,main_screen
e89d79c915efb5d58a8221f345f7f747,main_screen
d5f22f52edd2d79716d6f9e1bc480a90,main_screen
1ae7d4d889e4b70dc0c7e68c4a1e1198,main_screen
0e452372f32637b60595fafcac294d1b,statement
5a222153c6210dba369ef4bb2155171f,mobile_recharge
c55e7e8dc768740b553fc468b4a5e62b,chat
c022ad5446c5a8075b49cc45f6b2e967,main_screen
88ec4c4332f406af3eb34208fb4eb215,chat
db1d3fe8ea5554d047beab7f222b61ea,main_screen
435923cedaf18cd0a51509214dd8a2a9,statement
cc28c2388910f13da3234a5985d924fb,card2card_transfer
7ca3ad39474227f7de681a92b265514e,main_screen
d175f65672ccc3f691915ef83d353639,main_screen
3a6c64179f055dc534e3327c7de86197,main_screen
a870f6140c4095eab1c4fda36bb381fc,credit_info
13246f5ac00036e7c30be29ab4642821,statement
53353197c74ebb99b3bdc84b2f582358,card_recharge
7b3271e1f19f5ee49bd11379e7118310,credit_info
654772813846408e99773af1f9bfbcdb,own_transfer
e1f6d79fe1e5fd7808d37115e979038b,chat
1317730b80e17fd9853061b12fd33def,statement
af703d49774d7386d63fa3767d148b5e,main_screen
70316fc861c2726922532e1e5aab5c36,statement
b7658afa0d19e85169c20eb07909bf90,phone_money_transfer
ce629595e53ce81217ff43420c2adf22,statement
f7f991f4c97cee87f85aba27439a491a,main_screen
659f190f9ea1ad4178acd92cfc298845,main_screen
4b730d253c88c75d049bd345246b796d,statement
62587893b6363b74a21e04e8b92cf039,main_screen
2fdfd4ea6b057c312a694529f008c32c,main_screen
d4f8d79ae709bd86adf8ea0f79990b96,main_screen
72189127d93261d07068f6d5640150d4,statement
b1fb962b0e2d9c0c41f1b975448f0eb5,main_screen
bbf5aab1783f7d674defa208a1368ebc,invest
222124949dc993bb61603b8635a17d56,main_screen
052edf8a448d2ba5f5568a03577107a1,main_screen
08098c3f02d3f4bd481cd88a29523152,main_screen
6824fe61dde78713fa03fdcfb49307e6,phone_money_transfer
bc91bf7873c6f915b682261e03b7770c,main_screen
763b92cca7d62a2fe8ab49e97ace27af,main_screen
68924fb85f4abada9dce63a7c1ed88ed,main_screen
685204d517a55f7482ca0a53c9c7b179,own_transfer
bcc3d858d097f92d0263c285184fa608,main_screen
29646a7fc98139e3a47f1d4da7b8d537,main_screen
64e06e00f811cc5ea26b752d661f36e2,statement
06278b452ccd6b5f1424daaa0e6dc2b0,card2card_transfer
dcea4234e3f9ed0186d626eab9f0b0e7,main_screen
93f171607138c0e33c5635a63ef95c9c,credit_info
7c7cdb091605cb5e860c7cab02616550,statement
1f1a4ccd74517f5e182e73b72a13b37c,main_screen
187c8bea193c02c8a70fc3599114cf20,statement
c15206603a642b86e85f226798f25c55,main_screen
d25909deabc43113d04c3e5080e005d0,main_screen
e11542fecbe15f34f2954a66c585018a,statement
be19e239a5128abe4681522071574c1c,phone_money_transfer
04849e07ba46f16e103c6a48d4cf5bb2,main_screen
b71a3a92a94a68fe4e9d2ff51507ae74,main_screen
7337d247210484010eed9c1a51f4e21c,chat
4c324fb90719c959df2a08f471b369e6,card2card_transfer
f18b4698fc825641214b2ea405c7bcf8,card2card_transfer
75977c61980bd9ae712a1a4bc5d7442e,main_screen
a075576412f14ae1b827bbe973d22f11,card_recharge
39da2ee240fab3670d3b250a317b7c3c,own_transfer
16614105e7609a98f013ff7dc1cfb94a,main_screen
c613dc645a7282d6cbf4675a228912c3,main_screen
a888053196e1296f48f2dcc602ba98c8,main_screen
24c041500f46e801f9289bd8811a6c8c,card_recharge
1f22e63b4098a174e6625c8b1f0b99ad,card2card_transfer
7ad5e6092fc3d11a51f31ca011a5be2f,phone_money_transfer
434e05e88890bdb99c8a8246ec14d0ef,credit_info
4e20f9c6d0b1d11a7354d915b673f07f,chat
25e38a3c9b28c901332fdaa3bd49d247,main_screen
bad2ec79684a50486d2e2c22bf35feee,main_screen
265ebb962fb2c46470988dc232e94c42,own_transfer
eec7eae7b4d60ab536dca544f31bdde5,main_screen
b8fbd6429f42492515ef6fda5c60f4b9,main_screen
40f7b22f8809cb29b961cb69864279b6,main_screen
9dbed89457fbf313e7b2157eebe2da75,statement
76b454dc537111bbfe9bff905baf17f8,phone_money_transfer
b5a6c7d390cc07470acd78e1b421c729,main_screen
ff81b97867b8863fc2d5d54e482e5a71,statement
22cb48a2f392eb582edb941450f24d6f,chat
13400e8524912f432c98e6beecddd63a,own_transfer
7e566b0f1eac4e34c89d351d4cd10c07,own_transfer
7c1763ed316333320c4b827d391955da,statement
f8fb45778e6db451b56440fb6457177f,chat
27573d79e136418a730cd206273f9a0c,main_screen
5d33024aa4d43013b3e7ae752f7005b3,main_screen
be1eb7355904a29b952936836bd3ce9a,chat
bf4c705f9aee6c3332118fe4131c45d3,main_screen
e54d65d182c4e8856e8a4dcbd233ffff,main_screen
3af25a925bf08b1af164a5d86a776190,main_screen
6dbc854a1edbffcdc6aa9a516bf8816b,phone_money_transfer
570a0ce9aca28afd6ca1cec3a1d18d11,main_screen
66613fcaad8e54472af0926789da8e83,main_screen
ef70bb6243a324dad30d06e3678ee4c9,main_screen
33ad4ddc5b177f23ab2d403abf3aa8cc,main_screen
3003c6cb91ac086e85141955cd7c8ed3,main_screen
e2b1d22320e1825eda6a04de3aac75a8,credit_info
741778c37f3b18b9ede482cfb209bc65,main_screen
8665fcc5584e4f3477b7f9c6cb5a0d1e,credit_info
8385001c48a79552434e19e807415ff0,main_screen
f453791b2567a8ed3b8c497b805f37b6,main_screen
c5cd9635787d468d42e077e243e09520,card_recharge
f3d3af0d915a809a847929a9a6a4cca6,main_screen
43c12c4de69007b525767ceea8799c07,main_screen
576f912245a4ffae03022310ca73e226,card_recharge
235918b3c74343342bde74136196ac6e,main_screen
e99dba87bcc1c60e8c918464a1f0fee9,statement
ec73bc2dcbd68b436060960a49f9d6f8,main_screen
4460431bed2606c60f14479b549a98cb,statement
5c2c4fbe4e3119514ac0912949405a4b,phone_money_transfer
1a77dfc8854a6925f4fc98a7c8979dc8,chat
c95b759e1e88227e5746c96169e55583,credit_info
ad9eeece9e8dbfa84716406d0583f53b,main_screen
f0decc18d2474031fa9b9a6acf45cfb2,main_screen
c8cab782834b21f29e854808f811824b,main_screen
777c136ddef9bdc430ad588307c77e45,main_screen
b7fdc1d11aab8ed85c139c25911e1b3f,own_transfer
1f54376045fbe6d4b7ba078569f986f9,mobile_recharge
cf9d69fa07ff84da62c3eda2e7e920dd,main_screen
66ce7d41920438c44823452aba31fe4b,phone_money_transfer
5818ba320fea82afe6b7a669c687d91d,card2card_transfer
6160fa31c4a5e0c11b2a47cd3327d0e1,card_recharge
b2463c45de0d4c31bb4f529eaf731ce0,main_screen
b5cc688876f4e925e4445d190e6aa23a,chat
fde49c1930881171cf5f65279fb3dadd,statement
3d57fadaef9c178ef685b00db0ab74ca,main_screen
be2af6f6562122991a2f7b09bf8c5109,phone_money_transfer
1e35b77c0c536775760df15103997d91,main_screen
eb6ac8db90d570c7d76cc7513d94066a,main_screen
e147aabdfce5a37b30878907b027fa0d,card_recharge
b52903f3f1733c4732f58215be0f6567,chat
eef8208d526832b8937881d78e479896,phone_money_transfer
369d6826f6c6a4441e21f512ac7418f0,main_screen
7fbd3a12b758df363c9908aa0a7f1daa,statement
7609c923fcc0e1bbd43b07e20e7d2a7f,main_screen
e7276b94771a28e3bec524ba0aad955b,main_screen
003b8be0b477b648509bbd56286882bc,main_screen
89cf5524d161609113998ee5539898cc,main_screen
90828a147c697e4fa88b301a462e7a71,credit_info
04fe0d8abc96d95ca199b1e8a071af63,main_screen
e4445b186675c0f7606baebdcceb835a,statement
741c639aead045243ea7279f59123d86,card2card_transfer
bbeeaf40b8a98ae812ece5ffcfadca80,main_screen
1e83354807aa3f0e487a16c30ea6cec5,main_screen
27f5e1d32bb68fe915084b2ada71b698,main_screen
e0adc0ce898fb1aed37a00bc2c97ac59,card2card_transfer
b1ceb1b73f929e2bb523a6fb0211ef12,statement
4a1a1a770fea0e25fea7a5015970803d,main_screen
f3f4cf62b810dd149bc749ee85da3a1c,statement
5bcacde7ef04968235a9dd5cd8e193eb,statement
f17d8dd0b0f1f7c21d1a68a8978b405a,phone_money_transfer
8e58927519791833b0787b3348f39e1e,main_screen
b1fc60a5fb65dea1da2c007de5b45e85,main_screen
b992c700a89e54d2ec8810b03669fe63,card_recharge
294e95fb3e0209e14d7d33c2a84ac2c2,main_screen
10e84c7f45faf10131962b80ddcd646d,statement
a01c389090ef709b3a632c6a5c60f53f,statement
71553531b9d6ac88dd2a8ceee6c23e22,main_screen
c44b7398016bc00210c1aac45310ec70,main_screen
e54d5219ef68d6c326358200d4fb818d,main_screen
9c33a94501285953824abb4e915cd7ce,statement
2611730549d4051374a6f769244af869,card2card_transfer
039fbd0ff7daa3b951501129f5ead687,statement
fd7eee3f7808cb466ee74ece996667b6,card_recharge
a85f8d74cf330fb5df63df9286d7c559,main_screen
589050042c74c4d52f786b3ebbef6a36,credit_info
8591508d905f40cbe6ae0bd0b462462c,main_screen
b40e43e9152def3ea83fe181a89768f6,statement
76fc4bf3af1306dd0fa142606127e550,main_screen
ae14540759d2bdbbc979e38a63eb71a6,card_recharge
8c7873a962ec94b012fd1f6eba3621b6,chat
7213232a7c84657f148ceb41b687966c,main_screen
90db9a8a009d02b204c6537082e2d391,own_transfer
ac079e20cf145a3f9fb030b65414a364,main_screen
b4594fb89bf6234c3c49dc3fd9ffb4ee,main_screen
c8944368cc1cd3fe6ce67946af3a688e,phone_money_transfer
52e620fa1228bf55a285afb569dc3d37,credit_info
89a503dcd138f14dc5f5507a25d8a022,main_screen
d823ed4ac0a95a4e79b29224ec4f593c,main_screen
e55788e6918fa1b77f9c4725ddde3e67,statement
dd8452204c5e0bbc4e73d515944eaab6,statement
3f11cde49c0d5fd3b6e5fad26659b861,main_screen
ce27e2723b4fd4616150aa0d7a83dfce,main_screen
3c257b1cf49e70f14e17b61829ef078b,statement
aa35b530efb5038c1030e0c90858a416,statement
c44e31d20391db912c66c1eac83a2e51,main_screen
955c7f80a13d46d5be5c375a51518070,main_screen
2236ce6d6e88bac25fd3d0e2b70b1d37,main_screen
a3cb152f39da48da3336d85502d29ae1,chat
faf2d48fdd79d125ec69b78012c9f16c,main_screen
8f5d801c6fcfce73b2e6dd754a8289e7,main_screen
a8fe4e857753182d041d6d6e75ee3143,main_screen
e61f742881af9bc1c9c94e0ba0d52d67,main_screen
577ead385b1f25456764f977c0c8e6e1,statement
a40548ad7fcf22416239e0a9831f35f7,statement
52fc893ff62681e1d4fcfbedf667bc8d,main_screen
da8f800e743f9bf9839f728a263febc0,mobile_recharge
8d73bb3a51dfd8dff88e1d36f732391e,main_screen
9e028fe0d403bc847b0daa90c50bc360,main_screen
3b56422ce9bd55800536917c0cedfb58,main_screen
64d521f7ff9ebf906f94865679a9f380,main_screen
3315af16cbaf311d9be0ff625e460010,main_screen
ac7567597769f49f69f329a93e17b472,own_transfer
3a12d9daa9d6327b7d97eba11e62fc89,main_screen
24c7b673fd51e838c2db9ce1f16777a1,main_screen
17b10300e3d5bb613ed3055279db7f1b,main_screen
6fd49f51b541552bbc70ec632e045fc9,statement
0eadb716ceda0360c4f0d246e19100e3,main_screen
8e90eb3458755a74a916e04d2d5d565e,statement
acd17200784250158796b8eece04e59c,credit_info
4e1603bb0ed27b876298e57cbdded8df,own_transfer
277a2364356b6526b1658c16b42e3ad4,phone_money_transfer
b0b689ff3b3cbcbc7622a0051c1154cd,main_screen
c2c81f9b1ef0dc84f3de15229291c9c3,main_screen
d1d705eed9d137496270a6a32268e4bd,statement
97dad342abc896f3afc25968dbb097c7,main_screen
38fb3db51dd5581645617b9bbdbd5125,main_screen
0f52fdac9642a3a9bb9316035c092420,main_screen
5bc135ae877c764df62854a81ee6c23f,main_screen
fe41c93f41734bc82549e229a9e66c2f,main_screen
477911ed04bdfa3d79606d51f78c2f23,statement
7cb2bff813fabde773d956a926fff2c9,card_recharge
b109866d76ddecef94da4b90e2788a71,main_screen
f9c27f62fbf846b0edcd1a0a631c45f5,main_screen
60a153989233fa771e82e03f120284d0,main_screen
6c48acdd61f76a4c744c4b1c5c4a6016,statement
fb513187ca5ff558ec51b55e3906ca00,main_screen
42e397787bc173f4b33d6d5d31505163,card_recharge
2b0c0a6acda4bd100c75c017dfe1c5a1,chat
9bc53d563d958db1bb4c51c1a584723b,credit_info
e463ca1ed3de030e50ebc9563093a247,statement
be6af26ffafe59a5b0322d13b7e21abf,statement
a121d634880071ad69e131f3af0aea49,main_screen
c32b0daea7fbccbf55a3c25237f39b29,main_screen
aa2c5a816480407727aa406ce6c68c64,main_screen
1ff21e25490b7057cdf3be2429df3052,own_transfer
d33d2d77cc6988967daa461a2ddb5990,statement
366277a60d3d390d6f667ffa8a106c44,statement
818f3a57a2c113ff917cdf7fc382e5e0,main_screen
0e34ff1a056adb308bae3935c40b7375,main_screen
47f800164664cd216f1793cdb97e1a0a,statement
8e9cda8f73570e4b43f5d1bb82182354,card2card_transfer
16f57b49eb36de97cabf04de22d8968a,main_screen
aeb920d883185d43b360679d2beeaf05,own_transfer
7ade1d09e9a6ef184952c3f8246f5d7f,main_screen
c8a1dd6b28821cd5411c4698ab1945f8,main_screen
14caf15538532923afe391d84c414377,main_screen
f11d3c1a6c8d11087df97e1f52c6ebaa,main_screen
ba8e4a95393470d220b8a68b29cece6f,main_screen
5d131d3ed729c66d06c457d00ec68e98,statement
0820c892085c32ba5bbedd1066068699,phone_money_transfer
08e650b51b46d3b8d8078fed701c65f6,main_screen
0c58edd52d8b23cea2f9ac45b4d50527,credit_info
5b2cd62ff5fd4293da6956484c07baaf,main_screen
8e74e607a9452774ce141edd193a84de,credit_info
fe04c38f4e0badc3a6b135bb3354b2d5,own_transfer
647b4f1c2a149aa7461756fd0d7b880e,main_screen
26978692f2e00207cbd465e3575dd37b,main_screen
0a4c8667ffb72062a68812d160a6341a,main_screen
67ee9642dd1c0c16b9aba66f868f2c74,phone_money_transfer
d3c533efeb750a49d5ab3de047dbea1d,statement
f34a6adbb7a3991ebdcf8a41823b8c9a,statement
3f6c29b047cd825bf9f1dcb39da3038b,statement
3abcdeddc4b1a91812fb4a9ee5b8a050,statement
9ba1b585a697c5326b73da1e7101d4b5,main_screen
0c5ca048077e2e0a96b71e0ccec0b173,main_screen
8f5ba1b62289215dbabc24fe721543dc,statement
329961b017dd7e8b70244d099bbe3263,main_screen
9ad5cd1fd814a300252928a9336122ed,credit_info
953f7e0404f8f41cc1b86207548bc65f,credit_info
2a345a56159369300a59d1780439f3eb,main_screen
8271b90c397e6be233b9a4d50b2a033c,credit_info
698520f15f0e8e48447f4569b6d6a3a0,own_transfer
d96f337c5c5182ca81556274ade3dc21,main_screen
e076ffd07270c61779fdccca4c2d8a2b,credit_info
43ac8f4cca342318c1fbb6c2f872a5a5,statement
71deb040769a40a8a18b778d8b0be45a,invest
a5735abe5232652aeb05a39b7c9074b6,main_screen
8216a6c248007a19a45018b81de5df6a,statement
b7f7ca0cca39da8d4cbb6e63aa9938cf,own_transfer
76fb0a49bdd11235b29c4696afc1689e,credit_info
cb18a7eb772ead11bc942ae717f8d884,main_screen
a5d702721ca145f0afed7954178e3b1b,statement
4dc4eca6c69fdbb8d0d8cf9b0f44a0a7,chat
f97ac08f07f6a6cd6bf0b173ec977958,statement
fe52206e366925aa32fa21fd082d7e76,main_screen
9e2744c619a6f95344eab0a12c122579,statement
bb1fe60b619ba8cf63aa17f586df9512,main_screen
7b9704de6e79fe54d820756b5f1f9f8c,main_screen
f36591853e637a6f617bc962e41e7371,chat
101d532342a2daa531616f59403d4e48,chat
b5b5ec0a636989333009b72975e313e2,main_screen
c6a8d41babe1a7c2c0f10976b4a80551,statement
9e906734ff96ecdd02f12a35f6748dc2,main_screen
0ae06408aeac97e447193bd524b8f374,statement
94cae5056289e6496e0658bb5c277718,main_screen
746d809427ca75ac70014aa9c52eb483,main_screen
3a8a8d5ee115dfa201ee97c86ac8bec7,statement
65f190c0149e457e5bfef6e404cd7c88,main_screen
6b06a6fc33d03a9fd9347eaa46602074,credit_info
127a840f7b4c50a936696369f669f132,credit_info
2aa096d404161a223b1ea388a6ada69d,card2card_transfer
8842bebd01ab219a964fbcacc79186ff,main_screen
7272cb262eab2f320ceeb56707e4e61b,credit_info
bd0c1a3701de06a3b54810ab04114045,credit_info
fb0d4339c8b80f1fa8e252dd2589301a,main_screen
5712272893aea2edef29f0ad2b4d6f82,statement
46267745d3a0521d664833fadbcd84ff,card2card_transfer
9be7c1679f164fe5dff7a2cfca2314c0,main_screen
da62c1d33c0b55e51d67a8f69a89176e,own_transfer
b921744cf9869a8d4b6a8af5d7ff45f1,chat
d71c93db0d9efdf5c458b8bed43a06a3,main_screen
a76bbeb973505b8c28b12aae903bbb62,own_transfer
a922d648cb7a5b93c74411d7618175eb,main_screen
201902efcf035c11c179f609eada3c27,card2card_transfer
b415dd6192c214f2aa6b1e8bb69adb28,statement
68a69058f297fae7284b6b9f80194507,statement
5c07abfb2069892a283c82cac0dc3132,statement
36563c658cc162b8f589090caf243ed7,main_screen
a67b792b415c7f09a353d5864a391dc6,statement
f95cae18e27795de4be9647718eb5fd6,main_screen
406863ae5c6c2e51e820db1f3ce4f7e0,card_recharge
6fd6c533c8c7f8324a111b09313da0f3,card2card_transfer
e813df89fee4ae6b4594fd34fcdda636,statement
c67ab92fc95b5d1b1b07946fa912ae8a,credit_info
8a5391edc20469f2b1e94be2762adae4,main_screen
85692c0db0ddd5ea932440512992bd6b,main_screen
0b2202c3e2f975a8671ef6e31d684fce,phone_money_transfer
3a2cfe2c38327641ce34a0e1fb0cb531,main_screen
8446b3cdf974ff30c520f921472869c7,main_screen
e0002d97221b6b33c92b314426c4a574,main_screen
9df586ce900d4576fb4dca38d4428a19,own_transfer
d3b953f23b66c75063e1a3980fe14399,main_screen
3abfcae5228085f866fb06f3a453d361,main_screen
af4b657e5f41ac7a822e0f8ac739439c,main_screen
e5f1f8242331979c716aba260edd5a9d,main_screen
0ca74eba3875a5c319221ea579984cc7,statement
53c7904511172a8e5478fb406d1472a9,main_screen
fdf2157e8f694ab722fbbea7d966d25f,main_screen
f08583d1edaaf165ac73278fb875a789,main_screen
4dfcf9f01485937e1e672904e174f3a3,main_screen
b275ca0089ec5afb726c81898797458f,main_screen
56ecef073b9758361fa0981d7e41c78b,main_screen
0afecf9cbd5620940cc3db7a7c3445f0,main_screen
b76d1b7939ac59bd6cd43eef3a4ea534,main_screen
43a81ac6d43189321162078ee1bcdc48,credit_info
96484bef101b16b0cc75f07618454696,statement
4099473321e7def1a87282ea77a9527a,main_screen
66dd4f20b28e8f20e526f2b3270f16a2,main_screen
d398eb5aaeb6363344264640fdf91ef0,main_screen
3dcf5760291145f5086667a04dcbebd5,main_screen
a963eec0c9da0fb357e59398dad56d9f,card_recharge
6c53077d3aaaaf0272a461bdf77d86fb,main_screen
fd0d8252c2f97ee3938643141a6a573b,statement
2f5911fdfca059e3969a21f278f8356f,card_recharge
9839e149d6355282a5ecc2d9c12b5d25,main_screen
bf746dd7e29f8707a6eda26dc4b2d0ab,main_screen
264a67dfbecd6af1e2780e1ab3decca6,main_screen
18f060dc79e654df58fde5e0af978307,main_screen
d9bd4ea0b7c074e21bf2cb472418a99a,main_screen
a1088481a466938d4afc8195c006cf5b,statement
8de738215b9e594fcf886388af2d49eb,main_screen
7c3062ac91eddb8b0ee364be1fe7e7b6,main_screen
b53814032b87c40e2a3d48f2eb0ae466,main_screen
8955ef1a4cef4815d0cadf60d92e63c5,main_screen
91731abf3bcade39ec564f1c23e99aa2,invest
f52dd74848019df9528c05232f1067a2,main_screen
84e91bc1a12474137df4a8c97870c65e,main_screen
70472dfc1c69059d1b1b5061d28e04cc,statement
4d84e6304f8262fe93adfb6d9e87b80c,main_screen
7d26dc8d2d159ad774814b4eb86c17ad,main_screen
1dfa9c6af68460de52b251ade32092fe,statement
bd94adb4f524ae2014461804afa142ed,own_transfer
1c4a52c29e85bfd76a75aa77d64fb3b6,statement
7b8a53d83a5873b5e474203854a91fde,statement
4ca04abaf1e75c62365c5cb28b167666,main_screen
062a48125d8173c5a03320f2e33689e7,main_screen
2f7c6a01c14d98fc231f242852af552b,phone_money_transfer
e6c0193691ecc878d2f396eef46cb561,statement
a5207bd9c79a814e25a3960dff28ab36,main_screen
ebe6131c2bf89a51ce71069fa9e4f14e,card_recharge
e859333a99a82cbc29fa5c637fea4d7f,main_screen
58cb7e9823fff41adc755caef5bb8e25,statement
71ac076ef162fab8ad3bac9cbd3072e0,main_screen
276ad5db9d88406b4806265476ef75f9,credit_info
48f0c8919802eeb33074272a8e019d4c,own_transfer
6e80a8833d10ef737e7fae24382ae412,main_screen
6abc2fd1b7e3c6ffd19da465bcff845e,invest
dcb3acbba254fb1d8dfe055c9c5f25c9,main_screen
632acf0b769c84ce8e4251fb0baf1510,invest
8397032d58c317fd006237f9d5f64d18,main_screen
fbaa2dc2370f00e0c4686a6c121dce30,credit_info
a4d028f8f828d841e76cb16cc14da59a,main_screen
485b0a569fece9bd0e80ad658a10db81,credit_info
38452087a362249bab19ef4422b7ae3e,card_recharge
6f0a8438bf54469eaeca6e7346b90927,phone_money_transfer
44778a3b7b68453364f6d27c87b1e8b4,main_screen
ecfafeed8bbb8ac7a9f57b0813947bd1,own_transfer
add84d364d9c29fd8a730bd82089ac89,statement
568223cdb624a241ddffb443444dfadc,main_screen
4c82fd9b783942650a08454ef8edec33,main_screen
477161c175ff0b5fed7e28d7f1811ad3,credit_info
6c532696f253224dad0ace8f3ab4b450,main_screen
0e2870803eacca2ef313ff83c8333415,main_screen
a282ec4d4c5cbb1faff16ecf897d35d0,statement
6b79c5af2c94c674829736cb30f9b1e5,chat
9aa0ca48bf181e901379336caf1d1613,main_screen
e605f698daa4e8791b8ae4bfbf327ca4,main_screen
9e121cfedec892fe622c526c7cbe36a1,statement
2ec082e4249711338ff38f2e450ecc95,credit_info
81d601ca24b4326c243c8c9353843481,credit_info
8e40b277e3b4020173988d2edf8f4a2c,main_screen
c713335dcc2def7847683d9f9b418eac,main_screen
da2e930d4e57471a270e61af349829a8,main_screen
72d69e976216821e5c498a9f3c19207a,mobile_recharge
246658aa88569a06dc1fc9760f490a8b,main_screen
c364105562940491c0862449459919a7,main_screen
d16661bc6ace843db898b967af137f89,own_transfer
3c4b75a161f0f8d978091140ff9e2f93,main_screen
0887b43e4373baf316032b0552820688,credit_info
0f99a5d1758d1e839bbb546d7cab9af1,main_screen
bbde208a63c374b679ec756f3e329b7d,phone_money_transfer
c49d3008847a918d8c151ab70e3011f0,credit_info
ac6640bc64580e16d3527cd5cba3b419,chat
d42548c1824882f6c7fbc8e080cb06ed,main_screen
5fd97bbbef4e69fcbcd5483d6dd32793,main_screen
896bac9e6fe6e914daaf05d6c64ac491,card2card_transfer
5026fd9174c7b94196e51d44c20b4d87,chat
b89e8ae8fdd9f5315afc1aedaa20f079,main_screen
7af179b3192e1fd333f6d2da2fc50284,main_screen
4067c45a54dedecde95de98b035443ab,main_screen
17a74cf5067f9c337ac3d96b2c473766,card_recharge
77322284b235315c42f4609bf04ecc3a,statement
dde10669e0157184d02cc99e428a2452,credit_info
3c6a1c999986707ff0481c0cf0233e7d,main_screen
d47de8afcd947749d2f28d4f291077e6,credit_info
cddb91a507962748850673bd5d2481da,chat
d059fe89184b882ab66159ff2feba578,main_screen
2c9c1ba7a500af84a04f357ebffb9cbe,statement
0b06abd551f20094b090ae7d5f603ef3,main_screen
ddf8898c597c5bf268bf771d92a712f2,mobile_recharge
e8fb56f96fe6131ba3c1fc10227ab16a,main_screen
44f28e0af85935f434041dd652a0f830,main_screen
2645ecdd71cb1107b826aa700d19861d,credit_info
a2d98d7ef37ca6dac2f3384172a99710,main_screen
ec8ed72836008156ea22a1cd2dd2d0ed,credit_info
119ec544d800dad956744485c47929ca,statement
4f1a12f89908e96ba2951b3d4976c117,statement
82fc16478da9c17d093a22bef269410c,main_screen
53a490954f121df7bdb7b69049343909,main_screen
5e788efc372111f6664c060737533c96,main_screen
495247eaff85592242991deda568506d,main_screen
d4156cebe48b4c62c864526c38222dd1,statement
97a872c22a2f5318c6fefbd8c7b74da0,credit_info
9d0b57058bda7ba5a238007ffdd6b378,credit_info
e71398396411b29fb03629bcc1a07f02,main_screen
1656cb42d0a6c5b8c9e07285f9edb171,credit_info
b900ccc009a37b0c0e575d651c795977,main_screen
cbd7b6f24ca8cee99b210ddfcad50ace,statement
47b992cea84accdb0f18631ae80b89d9,main_screen
08036d777a09bf024a2f6246241255c9,main_screen
ee382e1046ef259963271257dce53dfa,main_screen
592562089e9c1d759d6622d58d46c567,mobile_recharge
78b8d958fbe0808a392e40fd3ae0de9e,phone_money_transfer
1e93e92e3347dd6427222b667feeb946,main_screen
471bac7f2075cd617b7999388d2a0743,main_screen
45cab0b31428975dd2cbd8b027f6f3df,chat
e81f47c595593fe6a97e0453e73adcce,chat
c681bf36c714cad236ea689b0a4d1586,main_screen
35dcfe954ceb596f2f68bdb137e3e4b6,main_screen
c2b4ec348e8e79521616391b0e7c358a,card_recharge
04fd2b5ce9175b87a5de2ff215e4986e,own_transfer
2e647f8d69b79110c4f67b23fb1f5ef7,credit_info
c8f0be0d750ec8d19d2484cb1d26fff1,statement
8c10841f2ca00163c23d72cf3f2581b4,credit_info
1b5c4d87688436bc97892164ebd1d133,statement
bff68c2a75854c05fe0d5c464cea1f9c,main_screen
7c216c7d1653a945f10a8ab7561f26f7,statement
5c97687411754fa5fd4b588208c49e03,main_screen
178198c658aedcd1f820e7b00d724279,main_screen
121639e5edd862c9338468f003505d4a,credit_info
92e05f3d6d1c1e0c333933df17790806,credit_info
1588933854325c51e9d5be48d0d626aa,statement
e4404a600069a8a91d7c3472a1ae9d08,main_screen
9526a30a0591de6e09fd3599d853fcd3,main_screen
f46c5f774a92ed66d332b851ea509772,main_screen
3af8d6d3a6e1224a195485ac525a0478,phone_money_transfer
c1c782ad4cd86e87915c90288c074c93,statement
b3c3bfb78cdfb933c2e48bd9ec41d230,own_transfer
63c19f342f376918ad31b967794b2832,credit_info
7949b4357fd21eb24ef346240320f789,card2card_transfer
b2798f7255e45ce46f916f4e3068a366,main_screen
7bae61687bb50d44538828d61e4fc2bd,statement
cfce0daf25428cbfa0ff751f69547363,statement
73238bb06d349075baa243d2c4a647db,main_screen
27465e86f61b15388736e525364d0320,card_recharge
6a64e310820a92386b07ea6ab2ebc5ab,statement
8fde57f2682da8efbb97362ce0c54d19,statement
34112018753d223ca43566782a39f34e,card_recharge
09fc34351782212ac706a4efd2668b6f,chat
048fec00631f1ecb93db8c862c41f1e6,chat
e215ed959f9c30249e178a80c22fd772,main_screen
46e2ccd3e82be06f7648887ab5adc537,main_screen
8c3339631126977179e9c7fc07261afd,main_screen
b589625de2533e43c00e0ad729b95a54,credit_info
77be560fca06a4dbcb2acc8b34cdaf4f,main_screen
8dad6c3dd54055bd1aa34f0fd9b86808,statement
1e5391d81a5faed9bd3dcb2ea705f7e8,own_transfer
f448df3a8d31bdc08b585a46320b9c6e,credit_info
bae30c49577b1f08c3bbba92f76388b8,card_recharge
faa7ee93e1491c608e065079fa5b1689,phone_money_transfer
9d734fdf0ad7ec5e9aac814330868e50,main_screen
8b825a3874d4f06cfa68db8c69c52ce4,main_screen
9e4f199c905dba6d6de859fe20938c8c,own_transfer
7d1aa815bd0e2a2e749a3f58f534ee0c,main_screen
1d9ec47f85758f19745197df7edd4440,credit_info
9dd59481e37f67155dee999602d89bf9,main_screen
f7ff6766e39f6de5ca7da5a6ce5bf36b,main_screen
8a49489dff9fcb17150907aa4fcbe538,own_transfer
332a918cfad716cdb9d731d7cf3c62e2,chat
ca505e3cd63cd175457abeddc70eae68,main_screen
b1158972af60135b1bff0588a5bf7c1d,main_screen
092f91891bde9a3e8f6b4995b0cf589b,card2card_transfer
9eb08db196adcd91e999ac71f9a36214,own_transfer
c680a19dbf62e1ee60c4fe915ff6806a,card_recharge
b5ee6e46634f38ef66b52a717cf9a9ea,main_screen
dfed105e893a246c61a1f8d4f72c4a48,credit_info
110a1211fb21dcf8d1d3af6ab5cc908e,main_screen
c79e2d2fc44a8be28c45dc450c7a7004,main_screen
d1749bdb1e8414f7bc0b1c4373fb1e60,chat
b734ab5044328fd6503391b98200d75c,card_recharge
5a09f0b8ffa332151c158dd2d80eb835,credit_info
6e9ff19342fb46e1b862d2c977686d8b,main_screen
31018fb8ce4d7ee7c8a92b0751f340be,credit_info
c6b8c849e00f2a24b061ef839b50c72c,credit_info
fb01b1c075b3ddd4a7b7c3991ec696f2,phone_money_transfer
4879b5f242b600c6a14d9afb6ffa3eca,main_screen
c191cb61b3683ccc4990c6fafa1997d0,credit_info
7f867d45af42e5053310fcd61fcc15e2,main_screen
407418c9c21aecafe83d051fa3e437f4,statement
355cad67d5323433e94ba01d8c263f34,card_recharge
fdfe7de7e281148f460da1f76b4da5dc,main_screen
404ec74016a567a47af64c27b0e8fab7,credit_info
5c1c72d077d918de597db9f9d9d8a1b5,statement
b5e1258fb867f9f9caaa7aec9b0e8937,main_screen
e8999d50a9e63ed3e87f14c3ca3489fd,main_screen
b1ce468a8b3e1c77a75b1c22a0891afe,statement
94371d111ac61d1d070dcd69b0efe665,main_screen
5bb0e0e0faa43fc22eca8edc4d5c409d,main_screen
2543046797502b77023dfec7ab9fb43a,phone_money_transfer
97517afa266b8973f1af637c12b726d6,main_screen
183a4251c59aca6b68fb24e586e8979a,main_screen
fa8eb0a32d2f3c801d2bb74b69659844,card2card_transfer
43d0fa33472077d992c22c1ad7b41f30,phone_money_transfer
32f227cf5c9f48498ce8ca09240b6222,main_screen
423dd4cbce065768401d893068ee6535,main_screen
f069beae51a4c022c95cfa816edccb5e,main_screen
703345da4262f860c719971fae27433a,statement
c2ff3da380a45bf87f0d85b522b120e4,main_screen
5df19398cdc430d2edb5b34852d8cc5e,main_screen
fd6fd0cf0e07a8e37f925cd9f9e4ebba,card_recharge
29dac55a2e0f6061976963faedd8f8e0,statement
27c136d3a0ccccc1e9cc30e0673129d5,statement
4f8b7219e61ad468f87f7dba1ceb6d14,credit_info
13e1b4bc367c78de9f45a4ba24e21506,main_screen
44e995f95e9c3449bebff9a69eabb783,statement
ca0330c602665faf0ce8b6583425a281,main_screen
fe6446e4f0db05c75817f5e83fbaef48,own_transfer
999596498a7b201f9bfff1ee46f2ca56,credit_info
6d12bde593b4a0df0a4d266c45bebcbf,statement
fe8e031e3f7a1056a587b1847ba58cad,mobile_recharge
fe0f0fd52cefdd06dcb0601a6c7fd3fd,statement
63290d562d8a15d401b94982bfc85308,main_screen
bc33cc7fc027126cf90f4e7aeba3bff0,statement
901ce34d8024e7128cd6a36a137985f6,main_screen
bd531a66782f8a355c351b466a527d83,own_transfer
85750ba4039578d75fe27a270dc87853,statement
9aeebcb7d9839e31c5d10c7408b7de40,card2card_transfer
ac6c25aa3b28564812f0fc6a8cb14831,invest
2065632a2cc2c57c2c513d5dd2d82488,phone_money_transfer
8a326a9736fcd5b9b6a6a02089bf9f34,main_screen
8a2d8d2221a7e52e153337e9e3039eed,main_screen
d1cec9604b7d3260a543c999c4e7d9f5,main_screen
1e4a203adb42a85623a1922dc31e2bb0,chat
2484025fab902572f4c6fbebe67acfae,main_screen
562aff15f55542c2c0b5af50044692ec,own_transfer
8db05b65ba8d6d5f8162988c2a061a9d,statement
cbf03ceb66aecf4a3220f7cfa30959bd,main_screen
b1f76d84670587386c9b4ab526de722a,main_screen
02fa4678532cf2610ff921f6a8ce70d1,statement
8ef0275e0de931e3a018518624e79164,main_screen
ccb6a7d952031b21b08c20f1178ddcba,statement
7a421a633326412b88b3e00977656d56,main_screen
7e810a77db008b20dae251903258c205,credit_info
d30131cc9443da5af2f2a6180851d54d,main_screen
e8aeea83a007422d89d42dc59df601e2,main_screen
4970be9edfdd300282d93f0a1e82ec42,statement
11d00029595546219e265ff8523b44d8,statement
9aa27869d1f4d48278db205780886c37,card2card_transfer
218fe416b2583890b4a3ccb856240c9a,main_screen
d1bc2ffd1421a0e420da01a51d33ecb7,main_screen
cc38f3a43ebeb1c7b7a8bb014dc1c797,credit_info
9404085f65a82d12f13115de72e13a79,statement
f962b3b758a5951bb15a28cf27f777f9,main_screen
30a018d07ca5bc494031c01408acdc01,statement
1fd01811541021b5578830c71ee06693,credit_info
3a982de600e827395f45c2f1af6e075f,main_screen
fa4dd9765cf9d75a8936500abc6bacb3,credit_info
41b5de28d8658e03b1c36752941dffa6,main_screen
9f86040c7fa79ee00ec923167ff967fc,main_screen
06cf17b2357d0657cb5c3f2edea034d2,chat
1c5f53699da974577c70a59e8435b12b,invest
241192b5f4d0de280cd567408a3f4813,invest
5bec319bd5fac47a589f6bb9c39344c9,main_screen
c0510481bb0ec5941030dc522ff885a1,credit_info
2bfe85b4c3fb08f41f50244e08820ced,main_screen
d08aced469fe5828ead3cdeb7e9b42c8,main_screen
dd47c47e6a41b0d52d4390cf225efb30,main_screen
713eb4a5ad1008d3f035bddc5c53c749,credit_info
819c6a377479439c95fdcaf2bdf93d18,phone_money_transfer
cff21cade9fb21bb3023a482d95747a3,main_screen
b6375aa1840743a977e7ab61d1a7dd89,own_transfer
cce50e8c3e2361611d5152249dbfb48e,main_screen
42b3150a02c7d797ce19c649caac5b82,phone_money_transfer
f6a5790355886a8b590bb2d96e5a606c,card_recharge
4599ee0bde53c41477a7730217a12cac,card_recharge
1f67866649937076196ba55e0a59d8dd,credit_info
e8633036fbd6c179c499d3c8bfdce4cb,main_screen
c997420c58b957eb33660aebdcae7651,main_screen
08df2fa5e227a4e1697bec3d1fa0f301,statement
5201144d6ea375a6d7dc7118624951b6,statement
885065a12f9f6aaa3cb241d5f2224bf2,statement
e84f8c0f53d7cab0643c9cd09817fac9,phone_money_transfer
20ab507009e5e41851491f8e0d50de07,statement
e0e1f053969ce30f375ef0d1fc094ec6,main_screen
e583f6b12c633408c5b8c47e51d4810f,main_screen
aa600498071cc2e74903c21798892899,main_screen
2ffbf419b12f2099c134c60aebab57ec,statement
9b60375ab8c8405cde5812fce8a598e0,card2card_transfer
5d5e9d0c40854bb4bc0efb616d814fd3,main_screen
bedb5598c9217d629a4f1db2c071ba55,main_screen
0af424d79ec40b5a2fbe804698299c31,main_screen
f7296770d179d108dfbed2f6a43e7715,main_screen
319de1660f42196f030861d7a4a20cec,card_recharge
5e215a8f2a06f14c0af15c28a92dbee5,main_screen
2fdd70a4b0f4e623c803f96b8a390756,main_screen
d52a7b434e2acdc228e216156adbcd1c,statement
e3a0089873f79eee075bef8f1d36bf98,statement
2afd5b765a4bf29fcee7e32c8d6507a6,main_screen
e07f269ca0de46ab8c94e4341e45ca17,credit_info
7d71f46145a2b0eb6d6d219ce1ffade4,statement
1b4f14d51d5fcadbf3eb1c8adeba13c7,phone_money_transfer
a82ea65f720d294eba59a7429c3192eb,main_screen
bf18a7f8fe2c0d6b07a4341ba5b39432,credit_info
35a7c1c558bb17169c2bb2b287641787,card_recharge
4f8365363a7c4f73e5f488930c6671f5,main_screen
c0072b5945204a76f03a4b26b1b18ec0,chat
6c578364f05c424568722a4345387527,chat
1896f26aefe27fb3c544706236bf0443,main_screen
90f6fa756d35eec0ca776abcaaf8b4e6,main_screen
0c62048f83b598a557103e9c309ac348,phone_money_transfer
b9fe25a837b275ed57e72d8f53611c55,main_screen
f92485710b569c5145caee5ad718b8fc,credit_info
90be0c09d3958b24d196f7d8ed303dff,statement
d4cfe395b0443f69c094b933c1ea5a4d,statement
4f71ff6d764d9dcf0c6905370ab6f246,statement
a13071f2bb2df2342f49c6d595c64793,main_screen
578f6a9ee95973349e61c0a729b2d1ed,credit_info
bf847fd0b78c2ee80a2edf9c963e5bd9,own_transfer
73019f5cf88e57b09554a637b9f9702d,main_screen
a9c5891c22acbb4adeb873c845d6229b,invest
15ca60ba8a0b18c8655a11b15d1c7819,main_screen
18255f116266fb5e98cb2b801e926a8f,main_screen
958a4618e544b1ca6ce81d1488e3acc3,main_screen
a5a4b071bf0682bb87eabb2421b28523,chat
a9110ac1f42f419f3881d057b5c41f3c,main_screen
d35b69b9322b70e2bb966924ce8b4fcd,main_screen
4781b08e26dca26d0c75e79426cdf4c8,main_screen
0c2a5a3f4330e89fda538c6a078cd671,credit_info
b171030d48c8998db82de357cf4bcbf7,credit_info
42384fb4994f5efa2ebf3ded52777bae,main_screen
64412f241bbb6e21a1a2e549d623b943,main_screen
4a55cbe43bac7086df4bbca546904e52,credit_info
4756f9c34dad886de1d722c99b53b483,mobile_recharge
fa383f047da01467e39bd09ece7cf262,credit_info
6c09d0a916b49ae4743bb833f9fd9a59,own_transfer
9c56e372fd0c673d9c1062341d8c015d,main_screen
f1174a261a142fdf7ecada7b3cdecf9d,main_screen
f82d5ee608eb038f368bd88617690454,own_transfer
e11952795b5cc7399eae109335132a07,main_screen
3f823b23290a3b11a2bee31bfc3ebbf9,main_screen
e89927f2dccbfa621a352a01dff0f636,credit_info
055e8b85482a5d923ffc9696af637996,main_screen
89205c3eb1c805ca73d22f88202211c4,main_screen
a46f435c9233c4960130c18135363812,card_recharge
b81cad12a90f75c509c0675241379777,main_screen
5aa55eac375a67bae3a2248f9c398b18,main_screen
23a9f37cf55c9c2146ddb080f1e6211a,invest
8be7040437b1ec54c20df1f8bc671135,main_screen
62b162b1b0ec31147f25c57a9ce991e2,statement
fa1fc116d9cabb657ed0cd132dd4306e,main_screen
6aac92b6c1ea9e93767cf6b0219300e9,main_screen
0a6cf9305e8a09975d4fdff435548973,chat
8fb245caf9a8e8ebe6b95ad64b3c7a22,statement
db4609f8d9d682528f4b7d4d7c121c7f,invest
7345bb0ec5bd1823094c4b846508d790,credit_info
6356e7a89f374f91839dc955209b77d2,main_screen
293c81434456bcbc7fda5b9f576a85e5,main_screen
30cd026e08682d11269b00a7abfd32af,own_transfer
c12388042f4853b21519ed6d0054e3ec,statement
d890f74ea67ac8af00b26d44bf88973e,mobile_recharge
2c8c32f20e158316bdc65372ed5d177d,main_screen
83adb9b383334c786ad63398ab75a40a,credit_info
408bc0e9fd62c3eedfa4ddea599fc928,statement
0a8c8740894a4a96fccad9af96e39040,main_screen
41a616a0715ed39b5a08d8fdf35bd8c9,main_screen
c0dcf36a346ad72a1fc967581fa3e1af,statement
066388f8bbe3676c8d87e7e1ec19462b,card_recharge
a3a5daf325d4ad6be6f68efb74dd26a4,mobile_recharge
1aa1aa6d3827cc9c5b22fbc3d4d19631,main_screen
057cf0ee819ce630d36e18e2a5febe90,main_screen
0f2ddd12f9cffdb69c10128984ae16fb,main_screen
7a1ad7f710b1244e6b7cdd937061338e,main_screen
e4be7d265da62269ef18335c9c49f89a,phone_money_transfer
dca7cc1d8d5b2106da177d4e84627ebf,main_screen
f86126274620a2486ff5e64ab22a1fb4,main_screen
06669d342997b86e530e6ed1486def71,main_screen
dd4a3bf7a257d9a7e544b752dac38869,main_screen
356aa7ca78ab7ea9d2ddb7f11b84ffec,credit_info
9b5e526690f957ce7e6670606a3a1cbb,credit_info
969ebaeaab5b8f029cb0897e1204a3b5,main_screen
edd09f176189f3daf82c098c8c22e5e7,main_screen
272609eac902016da6c7c08373093187,main_screen
06bde4f3595fbd526c6c2caf1be31f21,main_screen
42c3c677de3229508a2cf0f20e1991fd,main_screen
8f44465f456f03dcc9572a83b5f59422,main_screen
a606451de1b4e0aaf70527a9b67fef33,main_screen
00719d828216cf6676ae06a3815feef1,main_screen
ff0b8bfdc099d8f0364499523969624c,main_screen
c073b0bf3be7b7668dec7a7776d82292,main_screen
e718a0da2349baadf2fe148dc9c02158,chat
e584b458a68254700ba932f9d04532c5,phone_money_transfer
5f3811813b5d0fb8294b71e96e169b6c,main_screen
8d319d2d3a394dc2e35bcc3de251507f,mobile_recharge
3bd7fdef2d6982298b4360ec9ed71db5,main_screen
8473ee21c3ee952dd7ea34b83edb751a,main_screen
7a6e7b60b0c489bf211990c1a3197698,credit_info
0152b98e2a409a7dfca1275312d8337f,statement
e19c52cea154ea6a3376cdd98f765549,main_screen
3937f572eb8c46a0df826d62950d58a9,main_screen
603f468b66c9a371e7dc46470f0f36e1,main_screen
9d1058c67e548c5f8697bdf766b728a8,main_screen
f7225f331d25e6b0d2ff9f3c2eeb95c2,main_screen
3b3d3993f0e45d6c2d7c43bd4f40cce4,main_screen
3b977051ce4107fdd377e7e3d50f2e61,statement
c716deee59a596885fa83c65ec0e7b7c,own_transfer
5d56740d49a0f0c90d36e747aa80ee5c,card2card_transfer
748cf9a6a3d71ddde7d603e45b7e8daf,main_screen
04ec4b68b2166f8e8822691c6e036e8b,main_screen
d9110e7ef0a46052a13e8f70459b6578,main_screen
fde210b881a0643531b03081a420a5a8,card_recharge
2d7fa1bcb6aeaf86f34de4d462d3865c,phone_money_transfer
1ba9dfb05fea42bd8e6e67dc4e9de0ed,card_recharge
b7901b17ec200b169c2053e66ac87052,phone_money_transfer
36d05d5b0cf6e342b09009628268b4c0,main_screen
9187e394124a062606ae82f4fac55d4c,credit_info
2ab2de917124daee522a497a5fb9adb8,main_screen
de1688848fa8a8d5f17b4eb57763870a,phone_money_transfer
cebd71f4acc3eff8daafafa7009a62ac,main_screen
b2c069a3e81ff213f8df7949972c3592,main_screen
b992f89bbc5c4523995d0c3c341477c2,credit_info
0688cbc16b6f636344259a8d3e679a85,main_screen
b429cbb64b1678d000696fda363c1483,credit_info
2193e557d7353eeff25f5aa695464dde,main_screen
81104e390f0609fb803864138034706f,main_screen
b8221ec90ebb4504fd66564dcd1810b3,main_screen
a2434d1db81772342079b76df195b5fe,statement
d3eb2552be050a39bf703ba1456ed9eb,main_screen
149bedaba9ba8cfff6477838eb37998d,main_screen
aa64a4115064fc608cb8c429f06f9b39,credit_info
cdeb84b8acdb38c059c54d457e1e9031,mobile_recharge
e7b230de4d830ee04301801f6364b12c,credit_info
584d9a5f29db03662289c7c14e8ec0e1,credit_info
67d4843849a9a7ddfb0a55d572b020aa,credit_info
30afce3f3f1f3ac043b1c3a78a0162b8,credit_info
8af215c0156b0478d451e860309f4986,main_screen
d50d0b99e458c71053c72fcc2b9e00eb,statement
42ca9fea60a4957d6cd84cc4950d9caf,main_screen
8a93400d4ea056cd6d2819ba44063f91,credit_info
47d0ec560e66c7a9206070339fe4365c,main_screen
d083040b3e2e045e68d64051f46941e1,credit_info
232b5bdddb95b1a9767008f8615906cb,credit_info
ffffa1546e530f390a721a535477fb26,credit_info
61f1236f46215575b2ec58c95ccd8641,main_screen
6478acfe72a4a6ec11cada31001625ea,main_screen
f25bf44a29605b8e1067c888af521a3d,main_screen
0e19ba8cee7c0c693a9a5815e98c1915,main_screen
fef1a5bde433a5ae76967b123c07fdcf,main_screen
bd0b5ee13e9a9f94ee0605c7fc43689c,main_screen
776b4b17a2529bda41d0f947ebad5193,main_screen
334ae9dac8a46517b420fd7ee80ad83c,mobile_recharge
1bb1bd7bb22477932e69653c24e268ba,chat
362b7b171e57110cae1206eef8adbe7a,main_screen
f3b3c3d30cd0475152c3432e78c86d4c,main_screen
f9a5a4073aac0365af237cc25dc856b1,main_screen
7606d1d173c13a28e87ad0e2081bca24,main_screen
f3aa24eadb44065d3a49819bf97091a1,statement
ce991b95f46e924ec051d01c903556d8,statement
cb4c9585a3a499733b0dce44961a7566,statement
59a44ebfd33c4ea9de5ba93af465ad52,main_screen
4d3e32f71ef01d8c75d6b3a2bfe4ef6f,main_screen
c912b67018291cf171de2b1a20eef193,credit_info
ce25a0a2e00862d8b0831513ff870e0c,main_screen
7fec8a074448213b06645047c1922489,main_screen
a008dbd222262bd93de95423913e9303,mobile_recharge
d1651a98e98d30f4b4f071609d236070,main_screen
14769e3504bc6b0fd547d969cee2450f,statement
5b6050383177566f9a3f90f7ab5d307d,own_transfer
610ef020d835039693232925e7230363,main_screen
f054e33106b426c8fb2cace66e42c98d,credit_info
ef39f4d7a1d7e341c42304d46bfe586a,main_screen
fb005b37845e193d53a8e5982dfae336,main_screen
eb462dfe83be66557cf31581a2eb2830,main_screen
4ec4cefea9a20615cfa008d81d3dd340,main_screen
4c2d2ea4fbf90a62dd8a3265703fc3de,card_recharge
b7cbf658e12331d2288ea8c52548581d,main_screen
0c5d7d14a7b04dd0517d7dea7e86f8f4,credit_info
29bcd9734b238840bc149408154f2fd0,main_screen
ad4fb96d487500e1e4b123de0a5b1fba,own_transfer
453ab706a528c57fa5c9a658bf6a5f23,main_screen
e45c3e36e63eaae144a3bb4c73b94378,main_screen
b6aa21afcbdeb3e4528f5514b379f42f,statement
33164b3dc009e91e31653f51b0d40ead,credit_info
21081bd1ac70708b0aac606368130695,main_screen
88063b7ed79bfa224b641edefa420d6c,statement
d7b0e426e3249c8b407d4b18ee53611e,main_screen
6b4203fcdeec74a2e25659af345195b2,credit_info
161dc457563d88f4cc54675b290cc28a,credit_info
4f425f43677136dad53139dc306e6778,main_screen
aaea308d1b5bca54a2e8863d5b9095e7,main_screen
06df2ff0b1840e29ed253799e81db157,main_screen
e074c21fdc06184dbb7a7584fb6af8f5,mobile_recharge
84b537e6232ba35bc8fedb8acaf3e5f5,card_recharge
15caa92a69fdcf5f9f201bd694bc6f8a,main_screen
beebfdbb808132324c3fefba34651aae,mobile_recharge
ff5b70b9e3ccef0554c041227825d1f6,main_screen
63806aa5e457a1585c5c829ecef50c61,credit_info
9a14a8663091d3bd7a07365bb2a73cd9,main_screen
d4f26e33d7b2f125990c64400228f812,chat
39b89c1d0a8e921ab5316080d740d535,main_screen
ab4d7317fe0f5e69e0589e0443a8bb63,card_recharge
3282c24ef4a79aa2fcca05510031b891,statement
1b85155ac27efd1a2a1b3ed4b4cf4b3c,statement
674595ee5acb8c2ede30dadfa722ba9d,statement
69215ceef8aa0b2a43588263e70e0020,mobile_recharge
617a4df229de31d9535fbfaaa3feb4ee,main_screen
cf763627591b56804a05fc267f54a730,statement
3242cb6aa54445f43a588efc616ce246,chat
3418fe8b4d39ac666ac51ec9724adf8c,main_screen
4e1b2e6c80ea750bc67de6a11e3750e7,own_transfer
b760571014e08039a3ac849b4afcf90b,credit_info
2cfc46549dcd7f05ab7b53d395f55745,main_screen
d1709b34fef9a2c6c6e8be9bce7ff892,credit_info
40c3b25dd26322888971317722ebb163,card2card_transfer
6a7d961e266b90911bb13a0a2f66b702,own_transfer
95015b937e6212c79091b2a886313033,main_screen
cb4534c6af65542d2b961dc1934cb251,credit_info
e04acdabc85fa6375a5383be9c2f945b,main_screen
93f825c4b1694c1bfc3053430c43e4eb,own_transfer
8527b4e2949d2ec766af0aee32269be5,main_screen
1a30e4a97dbce5a31389b408084b93fe,own_transfer
1a7ab3e036f0bd64cdef81e5c17d39ae,main_screen
ed9f3a9a8841b048192d758e3c3fe123,card_recharge
0e3fa1cc23ab966360344758dc616d5e,mobile_recharge
d24f8de4f863b9e97bf6f658ae892fd7,statement
3103c8eda57906eefe5a06c720b16928,main_screen
3e97ae5d4d987504c69a37188341bca7,main_screen
ed774c0ca961440568f51b031c09822a,main_screen
583110ab275aea6a0fd5139f772dd4c1,own_transfer
4de5ee330695eb56c89890296e603ca0,main_screen
c30de65af446a37da9a7cbc00da1b429,main_screen
0099c306962f904340b02ee88b026307,card_recharge
69cc78f7e7e4640a04bf74bd7f41f576,main_screen
9c8486cbd8f9d4dbc7143d539b738b46,main_screen
a6eda9d633e2ad0e8d738588be47d24a,credit_info
e646077b87a3438a87559891ac885499,main_screen
46d76831066d1ef97f4f724e49f9dea4,main_screen
d995567ff8b7b8deeac10b790999502f,main_screen
8e89901dacfddc396b17dcc7e4cf5567,statement
eedb00b2426bd84f04b89682aa7a795e,main_screen
30cba2b95a03147acab40ed208acc4d4,main_screen
8b29cd02b91497b4a043bd52080edc05,credit_info
0dad72e633077cedd4c82d3c374cc889,statement
754114c071e91679e57cd411f2f6de83,main_screen
9f772047c422db0f7bbf06e6b4bd46de,mobile_recharge
c36545175198faa0038caadf6f13cc2b,card_recharge
a0fada272b7ccbce390204f3a497c090,card_recharge
eacfba031469cf99911811a97c67ca14,credit_info
bdddd456a2d5fc6db3df61da8656a9e1,main_screen
6e5f05c2c3678e039001ad6fd9043ef3,chat
dfb8456c3af0dae8652faaac52d752bb,main_screen
0b5c62262c7535fce14b7bf0cc053696,main_screen
5f0504494aae64a9611f403af9dc9103,mobile_recharge
0b67496ba574df68e344a38a43497c79,main_screen
d567737898770b527a14b29f05e440ff,main_screen
d85bec837365a80120eb44dd0441e7fb,main_screen
08f7ea16dee2f0d03c276fbed0589351,main_screen
779806b2b0dce2df7db66db6d1f6ff48,statement
4196697667552dfb712ec366982df4b7,main_screen
c79a96465ae2389919879f31961595fb,chat
ae6eea704393dbcf735e8621b9ef5706,mobile_recharge
4d4e9776a571a5637e6e758b2ae4b622,phone_money_transfer
f94111a1bd975d45563194e67d6166a6,main_screen
16e309c9eab82cb73fb99e70d3b220a8,main_screen
85f121270d57775ae22c3733e0ddbebe,main_screen
9f0c7caf8e8dd18b57a8b91d2122bd52,main_screen
f5753371735080cfd48bca7cf4648b59,credit_info
e71d34e683321e93114e7379e8f80082,mobile_recharge
ea9f567281752caad9fd2c9aaa43d4dc,phone_money_transfer
613a26d6bbf81a8683700fe00214c23f,phone_money_transfer
0c5be80cb84a11b106bfd43da58808dd,main_screen
c3f838d18588a5fc2407ec1bad513e20,main_screen
3d807d5c52e8c6f57ea5f2fab7e1d21a,main_screen
d5e26ec9806dfe8973e432babfa2fa71,credit_info
baa117afea49a43667d40cacb1c74c1d,mobile_recharge
3a9925b1d40bf34adbc5b909d05b8403,main_screen
992804e4198ceccdfcdaf7816695e619,phone_money_transfer
c286e5573b58eb820b6c589e6837a7f6,main_screen
1b6a34a536508baa87b317dadf53c215,main_screen
22e463a74be313b3893458b9984bcaa7,statement
1b5744bf818a8aac7919478e3b3913f7,card_recharge
104014f7e80b561dd4f2951060ccb0f7,credit_info
e1f0791210dc2a924cc45a1b04fc3a41,main_screen
0be5bf64118bc8c8fa3dd876ce764e3e,chat
f2c80b5c52a6876b8eaa8e068ce7f957,main_screen
43529ef14478647b519e4398c8290702,card_recharge
c792b96072dab7a4badbc8f7ca6f4174,main_screen
12f5c9498fa3e63f472e0751e76335bd,main_screen
89d89d6c0e0a69d7bc073509f6de9dee,credit_info
874a8d12cf71c81015802e2b49ac12dd,main_screen
654c032669e4731fe41049104b617b79,mobile_recharge
35fe216d362979c23903aa1d28d30ba3,main_screen
d45e0b77c86ceb4d4b0e8d221d9f3204,main_screen
cff802d28ad751320d7455f9bced4652,main_screen
3fe7773e07a3987eef27a2df58b6486b,main_screen
42d31ee90aa79511d19f05150dce0ae4,main_screen
2ea234ae772631e379806d18e0388bea,main_screen
8c1db46c59d0c134e7d7f6b346908cd2,credit_info
ebf455d59072c1ec703b27c5cbea258b,main_screen
a4457d3afdde4c19bf2667105d7be9fc,main_screen
ba434f4cdf412b78ec02043b23ada367,credit_info
338bd311374c2ca8d53ef125d0c5f6f3,main_screen
d1c7c3a5ba7c30860984823668fc411b,mobile_recharge
429ac3cf6308db4312bcaba10e762daf,main_screen
1aa52b4d63a3cbee41e6da164b077582,main_screen
69b08c0ba39788dbdcc29f86d7b88782,main_screen
882edbccbca59d1c7a050ed255840cc8,main_screen
aaf38861aceb00e67b0422a6ed603a69,main_screen
83219dc5815d9f986d243aa07216abef,main_screen
55decfa9c8b0e78d391ed003e8463160,mobile_recharge
5bba3867391cd9beadc1fc4d0d690de1,statement
975dd0f3178d55d5c40e1388863c1701,chat
b758bdd926dbc893087e094aad1783fd,credit_info
85e8d840479870cdd95163dac5c66de2,main_screen
7af80f2fd905d7865225b0c7dbef210b,statement
ed79c3bf2e161e2f4ce498719a788311,credit_info
f74caee5b64451affb5435dec73d6b31,main_screen
8a90dcb09386222d9a9027291b0507bd,main_screen
4660300f3be8da8282f8f6ad98aa97c4,main_screen
2021e12712fa8ba86ab2bd190791b6a7,main_screen
952701101848c3ce5514ac93f3ea3084,main_screen
e896153664bef1318efd384868f62a98,mobile_recharge
59b34a6099fa0b35af8c9cf541b01d24,card_recharge
e9829e621b836dfcc3312fdb5fa8ae4d,main_screen
bd7381e6a01d569311dcf6f153eb218b,statement
2175adebbbb3de63edd7b5ffc40e7b58,main_screen
89dd25807f741e73fc70ff22323a7a1c,main_screen
5406c102f1cefe0e89ae388fc5b056d0,invest
5bcd1abd14e8640434a3c54e61b21de5,main_screen
36a73f6bbece8e3dfd27858185dbdfda,card_recharge
a458cf3e1d0abc1491fce543fbcf49c6,credit_info
4f2dc505b2864a7a45a67c412bd57a9f,credit_info
c62083712a4b1d7445993c0fa557a5f4,main_screen
284cc43fc253e657730f35dd72a41684,main_screen
0d5a77e25184bb993ac9eaf3e30c5a07,credit_info
3c381d49a35a830f1aa5cecc6047b5c1,statement
ce9d30c1ec51ca7b05d4bad1765e4bf9,credit_info
a0b921873c4d3006cc99a2446070e396,main_screen
0c2c6c516615f57157a92913075fdad8,own_transfer
6782611272a03a869b3fd8efc107bc33,card2card_transfer
b0be9f4230a75b85fc99c63577140460,own_transfer
25c45e67f773916f456f389813cfb63e,card_recharge
eb5044f6ead037ff18aad875be662612,main_screen
d24fff4c8c67b04adef9110136755c34,credit_info
fbaa59fddb475ed5f05cbbd0471df50c,main_screen
afff1691e440d3bd7c79c826d2453520,main_screen
8de4f3e434b87927e8a1044db7029788,credit_info
b82341734315a422ed4dd6cb3fde676f,main_screen
0f6e2df079e146162cffe6cd87cd7fd3,main_screen
318a2118821228ed60dd5dd4b9e75387,main_screen
77d952731dd992c3fedf0ab7cf286c27,statement
ea5b87544db3677895b8f17d8a4d22e8,credit_info
533d44a3fa0ae99d1ec15d4df639da78,card2card_transfer
b9a75e9d8538cc1675b2ea650ce7506d,chat
e8a8dbcbdbb0f7e31e479ec699d3c667,phone_money_transfer
c1b724525f6d042e90f333fd7df6c896,credit_info
eaf4cbfd2b40604be7c43bd5000aba03,main_screen
0e625008678cafcfb186432fe1da3f7f,credit_info
f8a7f9a64bf6a0bd994c77bd74486a63,main_screen
76361a750fd02394c6bc34750d0f3e57,chat
22d152103ead665a54bcdc4c270d4ebc,statement
932faade6e6c1fb8dc36112906e483db,main_screen
538046d81bd6f346b9b2fc3a66cd6d55,card_recharge
46cc41818ec27051961284f82f940ff0,statement
aa15830509b0a77f070ba89b3972a020,card2card_transfer
d61fc24dc249b6112c8a881be7161cab,main_screen
ee8f83a0f7681134db1d85f1c36b8b19,main_screen
3ab56fbf85709f031d3db88cd95f238d,main_screen
ce034be53e05ec616108e234009d8891,phone_money_transfer
c02d6486aa09e6b73c5a094d5e11b77e,main_screen
3bc25605c8aea2e4f7a9cb43f170b6b5,credit_info
ce1eec4b9ec621ee60bf338886f933e7,phone_money_transfer
4cb412348bbd87c29ec3a66b7ae87f5b,statement
396f8feeb0857de780fbafe3fe5c28df,main_screen
11f8ec82057fb0b7df66726a318fee59,statement
953d050cb7150f48ad21b866473d3583,card_recharge
6a81da33ffc142f1e7629b7ca4080db3,main_screen
dfc15cbabebb2114059720f6d8ca9008,main_screen
b5359889a6d3fb872014b9490d4b926a,main_screen
6774f15ecf99e9e6747d310f6a8ee788,main_screen
fbb074e40c28f7bce920dcd664ef655c,credit_info
eea4c1dd93341d1022fcc778bca2cc29,main_screen
e91b9cf2d8d5307fe7739ccce4b3947d,credit_info
c128fac9d29f2907343c557940fa00b5,main_screen
30a4c5e3c2afd024aebaf73034ba775a,main_screen
56756145dd380640a54c03c0ba0adaf7,main_screen
50d2d3429e0c0e7e429850bd02c7658a,credit_info
436900571c5e94a03dbc4fef03c1e5e2,credit_info
60432bd6dec1ec65e0fe720a859b611b,card_recharge
6c2a0dbc8a6f4b8fadf506b1210a820b,main_screen
7ebc4100fd69482d6237a5d515ad8e23,main_screen
12541d679eab61f3bcf19dcfe7509a91,invest
0214bdf93835f5e842254f107a90a1ea,credit_info
eb3fa8e74b51fbdae9a02b5653f63d04,main_screen
2729f9d58f16206f8cc8df748230242e,card_recharge
650fc752354007e1a81d3e5444fc545a,statement
e7ed0154836726287dc5ea0b2017d5ef,statement
57fab2424afdee8a9e93a059e7cb650c,statement
eeeccad3e678a594e7305fa1a5749f03,own_transfer
88d148453cb702cbb7f405e05268c768,own_transfer
c105b9a3dc308bb09604c8af839d0103,main_screen
4b13841ae9e78624258e4bed287848c9,credit_info
2adf09d750cfb8a48166c9ae5d371a17,own_transfer
965e0e4916a3fa8aef564e54c46355db,main_screen
6bc8dbf602bb15d0e18c306f41032cf9,main_screen
88a379d9c9b01e418267a362d13172f2,statement
761369b7b76f39b2aef856a9fd91746d,mobile_recharge
87f66b865325f243fbdda86fb56bc58b,statement
3886d0345cadb607964a3ccdd4178667,chat
adfc8327b51c611a13e238fb85e04d28,main_screen
8d98c2769d80d2474afff0a14950c1ec,main_screen
3c25f9db0c68f380baeae7f0067f2a5f,phone_money_transfer
6958d9f2b9d5b4761bf30977d2755d4a,statement
c49e6455a1cc93b07c21e87119f19ec8,credit_info
9df387c42f47dd2d0b86124a8b38e2c0,main_screen
2825616bd55a04f76196777f0362a081,main_screen
2090c6c0c2b6e92e259cd43d4df5036a,main_screen
61457f25231fbb5c32ec176dcd64d87c,main_screen
d163cbb8b70c3b065f594caa45c2f2ce,credit_info
1537cfc1fc5b9757aef95e496435d38c,card2card_transfer
f780322363d26c61d703e3cbd85fb0e7,main_screen
e04a174dda3025f4b75158bdaa2860fe,statement
925314a9bff5c6a526b46e4a7c8e13cd,credit_info
3ef238a6b3c366d69b790a64f3f04642,chat
f42b5b1487dbf95679be97b9a02fd78f,credit_info
fb23ba77c4c414623925c41a74b6a679,main_screen
add6e1651d1925c2ab28da5e47d4beb3,main_screen
796e80da0633e4fdd66079afd007c683,main_screen
8285e5421815e4a4652ac8c29be7d110,main_screen
c30f7bc1aeb1d8e21a25a41a144aad05,main_screen
869318c119fd01756b9543445295dae3,credit_info
6dc2e25d368ad91fb351e080dc5ce037,main_screen
27b64ca22daeb0aabe35414f08048486,main_screen
d26ff95c6c7983ea9590828f7e7d52a1,main_screen
6928a6b801f82a0786511469f8ffea46,statement
b52834d160d18c9becc66e580a8ab48d,main_screen
a018de417236cbb842d5966de3735369,chat
f360c9552518c0659549b61372e816b2,card2card_transfer
700e0a4b9e67c63b45fbaff98a673a61,credit_info
830772b6700008e721b88c4956753e06,chat
bcb3c5ea6d0335e98b15c883730ad315,statement
f662b9b90ec92c5f94f624c7a66a5a10,card_recharge
eab7e9346117f028c3659401bbde5ce4,main_screen
4ff46c278ecc60c0259ab4470290b370,main_screen
d16fd94389b6ddd6404940aada6663ee,invest
fa5693a0a096f58145eacb606da5f7a1,main_screen
0e56dcd589eec86331abc4f837b82f56,main_screen
b768b52560320b7192b92a2159b20f4b,card_recharge
b7ed99a788b129d58dac4261c08b84ef,statement
207a0fa268ab2c0bad69d01221e86acc,main_screen
520fe3a6fa17d060104a35a3b733a95e,main_screen
704b79876d2a3e0ee7114d4716d4e0b6,mobile_recharge
21c440a92c5beee65a5267f3baec5e77,card2card_transfer
5dbf36aee06156473c0f51440dbdac9e,card_recharge
f7f861cc1a5d0a240ce670d1470930e1,card_recharge
b17bbab11e8261b11736498c67415d6b,mobile_recharge
9bb6eb3d53d7d86b369bab58e143a881,statement
82d0f798fa7e15c5872a26aa1b4c52e5,main_screen
1d535bed8caed6c7380365d59591fa78,main_screen
6f94cac61eeb3f508692143d70b363ec,main_screen
d341432982cf03970271eefc9d1664ce,main_screen
10f6d87ebf46e4b439b388ebbb4d6b01,mobile_recharge
0d21cdbb12ff12979f137500faa7cca5,statement
d81d743e39c14b7207295b989737ee93,main_screen
c221789a8baa87990fc70ab1fac05b42,statement
c71d2a4629ad6ac161a3a74cbd995741,credit_info
4aee36d516efe9ea83445e0e306368c3,main_screen
3df789e6d2c2860885005f3e1bdeaec2,main_screen
713037eaaeb4bcfa72d2c19a7022cfc6,statement
0cc696fccd1dae49269eabcd4c7cd80d,statement
cbd05653c14ed10786cb2911cde273ed,main_screen
4451f3eb9c888d59f64c545a72b4778c,credit_info
d3a6adce8ef987830150a635f2f20e08,main_screen
0e41c1be281b8fbbd9aba349803ffbd5,credit_info
514a6e6f019ae120dd91235cd8359923,main_screen
50f884616a857d0f4c918c6510d3f817,main_screen
7f63f26f0e7f6fdc4680db657a88679f,main_screen
3df89ef1718265a58cb38264071010c0,statement
7c70b05e8214830fd779a02e84b5d692,own_transfer
99c0b64f254a2d23cf9b631e3d2e1e98,own_transfer
b1d629e688b6781b1c34cb1045bf6e18,mobile_recharge
5e6a6cee07b57bf475a77f454d85ae1d,credit_info
df8fb162b1a5070833e6fa63748b7922,main_screen
4672a56ad7405702b7cb9f452479ea7a,chat
038e4d5ca4d992b362ab3de7a476bd18,main_screen
7b078f4ec576a5b7fbaaa54cf349b933,credit_info
8ff1a6d089f764dd8653152a0a80424e,main_screen
f558450afc760a77583e331380c2966d,credit_info
1a48bd54187d1964c8380a8b0e23d44c,mobile_recharge
8e06423974523cb5a03714bf55c808a9,invest
42b4a666e6d70f62f7df91f1048e2337,main_screen
db4eea4a0dc155aecdb4b121574f694a,main_screen
b4ba1f5692d8a65ff207e034b77957e2,main_screen
0010ae1d2e79117890586c3c3578c0c9,main_screen
28f04df23d81727727080e2c22c183c1,main_screen
1fac94fb4be78e2212b3fcd40632b2c7,chat
251dd342536dc677dddb0b34aa772bdc,statement
25ed1b8a896506c1f7e149159f99a78e,credit_info
76e533ed42ca4564cae8177957a66f29,main_screen
ab3cf494421e3379d455c633c65d349d,statement
2565d4b187f81e8a60fd9b135f6230e9,main_screen
5be68a53c0c05c8b88be5fad4cb9459f,own_transfer
bc19c30f867ead19acff1d2730c36b74,credit_info
6a6b68722af91901feb40eb6aa76dc26,phone_money_transfer
74ab0b316e9962deb48df68278ecdc72,credit_info
7b13f162f9e4c8121622979556df46cd,main_screen
b6b972697716c822866bee2102bf205a,main_screen
6199c388749b87e2c8264a423eb5a265,main_screen
b79b7db7fd000a5d110e6b4a73d387c2,own_transfer
2a74c5bc56fef9f807bf755f3aeda3a5,credit_info
fa6285dc2019000fa6525a1c3c462985,statement
8fd2c832617c2135768713e3ce56f2aa,own_transfer
776469812f896666830fb3ae677970d7,statement
296e1dfd479c98c23eade18188885965,main_screen
6fc194e22f40e304d2426cca29184421,statement
d1919504f9f5894993d28a8a2317d427,credit_info
d23e8eeb1d447357afc59e7d25a6cbe3,card_recharge
de3dba17be4746cebf56593af35414f2,mobile_recharge
f1787633ed087572587aff23199b7c4b,main_screen
df8495958751152defbfa832d56080e6,main_screen
2b353669e6234dcde2f0a83f4724a5a1,chat
a64e612813d5c82cf6a2e7dad3c33516,statement
64580c76612a32e97a266efc0819c20d,statement
0bf08275ae20dc85bb535a46e3eb0024,statement
a2b5656f32185a5c8adbb423406ddbc8,main_screen
07050817a22a4e9724dc354e32c56382,mobile_recharge
085b17a4e59316d05bdc443de7122627,main_screen
aeec44991790f3102b6451f55d81c84d,credit_info
902c0f76c02705730a4eefd74c18fded,main_screen
052dd358716ae436f7673606d8d2c989,phone_money_transfer
649fe38faf9f6aecae6ec0431712abfc,main_screen
17ffe792606147e404ee46fa96d70774,invest
18f8b2922a2abb0401c4df8efeea5472,credit_info
51068cea5f70a44be62fbb167aea8d18,main_screen
93ef72163a36390484c6c195f80e4a82,main_screen
474759ac5831a8f6617d945a695bae41,main_screen
ee1c0e64606c1ea8e94ca5c534dafb30,main_screen
0df1b27b8c85a7e930af5d18a2662806,main_screen
7fac06e0a71a9ab51375a650a034de71,credit_info
efcde50ccb20f5474a0ff669b5c25898,main_screen
244bc02b3a0acff521bb83f55b676c1c,main_screen
15c5a621177f61e6aa7f2044029f6037,main_screen
5456976857493dde6d736a3319698d6c,credit_info
8c1d4e09f018b6bc6c165be0296ed516,main_screen
0b6c5aaaacb6dd209d35efb8794698f4,main_screen
75317f0b211084370fb7796c56995802,main_screen
a2a7df03bab688757b08fe68c197202c,mobile_recharge
f255058fb4a9996639afbec9cc6d19e7,credit_info
268419e83bb015387820bee60b280b87,main_screen
2144f2865a98a09953aff2b6c5615ca8,main_screen
a7a454526e9b91a6b51416b24fe02000,main_screen
22c4276d38b3eb7f7eec63d7114d72b9,statement
79f4e82c8601b866e19fad7dc1d5fb43,card2card_transfer
036fb13ef0a2ed1454fbbcbe09e88b89,statement
cfacaa4907e041b530e6b06ed05fbb97,main_screen
7607c6655763a02cc296d0167d9d8174,statement
a62d6cebf18edb085ef31a1f655e7848,phone_money_transfer
f95cb40c762128c7b835df5e4d0bfbe2,main_screen
3487f340ae4889e3b60d71477837cdc6,mobile_recharge
7a59a16c49ab0fb9593a2a24b508805d,main_screen
b8b33f21363f2fc14d1bd5918bb28105,card2card_transfer
8529a4b68e905d779e70bafded288ffe,invest
dddf2cfd8b631c8a55c699516a0899cd,statement
d0c0614640dfa5f1b70c37d61ef205b3,main_screen
4df765460772b4025f35aa6080f96449,main_screen
3672ff6ea94f041f70afdd704a269e0b,invest
994fc36f575af9e5b9e0bb58e2436ded,main_screen
e611b816df1ae53e8c2f9ef020d0e552,credit_info
4fb73d72eee952b3ed6aeec1f24bcaf7,own_transfer
dc0ef050f45b0496f355a3e6f8ed8862,credit_info
83069c5139451a4939b894b351c02882,phone_money_transfer
3fa1e2604f618309ec1b73488aee966d,phone_money_transfer
d5407d5052b831e874ba23d3d1792123,main_screen
8aabcc1f58938c427a0a0534e2860451,credit_info
09307880a1547129d60a7df1fb720cbb,main_screen
a774685d24349322136394a1a5c79d3b,credit_info
a57f83a8a420ba5697326f8dd87fad19,main_screen
0e93cf8bceea2a16d614c0d224a74361,credit_info
abf74865742872b9edc103d1a6955276,statement
8b02f3dc10677fba5fd5ddcf45840b4e,main_screen
6d96ffa563eddcea8b12df12223dfad5,main_screen
bae9cff04f8a674ea5ab50b491acf02f,statement
58f21324b96773293f1fc07008c84098,main_screen
c8a99be407da2b1df0e595699f2bec89,credit_info
c39d1fadad15404ab01df1318000fc9c,credit_info
822889481ea0e8f112e56b0cd73594d5,main_screen
e75b1d1a0c9929763e427d3dff04b7f7,main_screen
fa4141621ba877b7d672a2ac0fb858c3,chat
4a7c851d7e4e12d72f50dac69bf13803,main_screen
3fa8a54b81e1e12182cd2df12fdf06e3,statement
13a27012913021ee0efaf0db96b8f78f,main_screen
86c36923e6dc4feaa46d239bf87127c4,own_transfer
38b7b606cebdd6e6ef047b115f8acdf5,main_screen
318bb1e043c0182dc484f64428fb9f6e,credit_info
ce882d7cc034325b0934072650e8e726,main_screen
a3f46e1071198e42ce2a4bc920972c90,statement
339d8c17d4b1ba23e36b524f5096e9d1,card_recharge
d78c0aa73cc07cf5a09442d629168b82,main_screen
2f611629dee34f0a42189ff929582a62,main_screen
d831a3b7b24b48315d0b997ad00f7ef2,main_screen
d650a1097ddf0140b141ebfa706efae9,invest
40330c84fb8b76209bb85efd6c0d0ec9,main_screen
e0272aa149b7a9b508533994e64b9f00,main_screen
80660cd3aeae32e08b5cb68d8bef915f,main_screen
f8fb5c761820b68963117271778cf4c6,own_transfer
3d4c6c7f4a3e378ad55819d7ce9128bc,main_screen
55e9661e424818f43128af1ed9cc3e7f,main_screen
c357754fda4b8517e56b4bff39af236b,main_screen
c03a6c6fe96094bdb83a016d8160715a,main_screen
bb16be788f2f407ad689dfa8d395f7b5,mobile_recharge
ffe85ff472808c38d400985af5fd68ff,mobile_recharge
466bd11dfc2f617495d1f9d748e5d15c,main_screen
87cd114a372210188000975e0ca54e2a,statement
117492e19f688e8c5ef3fb1e9e9930af,statement
85f6656c45ea62c4d2c9a4855f2df541,own_transfer
bdbc65588e3ef9ddbbd9f104df19d725,main_screen
e7307f022e2028c812bf027ee8d81528,main_screen
54a0a090cfbc35e0840f9a01b11073ef,main_screen
e67411bbeac2c6caba2e1442a2ddf240,main_screen
99c7c0e9cad888f61a793e700e5af6d8,main_screen
3a17fd048e4751d5ea57d6d9b06d017b,main_screen
f58763dc83e1f8af5e0a4700295dc614,main_screen
40ce984e45ff77a4907168b349a9b896,credit_info
e675d91c7e55747a7ee98ed3f90c6f5b,main_screen
e9712f667222fe22a9e902ccb9b01465,statement
ce4aa39136f94b8b5b590f915bb99d7a,main_screen
9832776dd299fe91dd97f738d3c2b3fc,card2card_transfer
0639d1fbcd8e3fe381db3a155a4eddc7,main_screen
b62299c5d17c88a80427f7f9ba7890fe,main_screen
1da380c4f1d26b0308a6daa7182fee61,mobile_recharge
5fea83bba484777089aafd7670e55a12,main_screen
4358248bee26fb985c8ada58f70b95e7,main_screen
17cb28e718c0016d5d0fea9a7e05cd45,main_screen
162d2038d96ffdafc3cce4d14fc8e023,main_screen
617856ba42e77f369052c29e51a6dfd8,main_screen
1bf9a7650590b024f35e5b149d07c5dd,main_screen
ea34f6a836fea2fed6989714067aa5ed,statement
9923d2ad3366cc292fda3c14ab7f2f82,main_screen
e1b2528407ecdb7a9368dab66191db79,main_screen
4ef0b0dfa1ef96adac56fbdf23c48f83,statement
91f61a71739e8c7d22b9a54c9e47a310,statement
33207a62abd90dc4c8f4a1c059e1a28c,credit_info
21040e4646e4ba2f6a4d8fa6823a9913,statement
5cf99e238dcf5f042979ac0103375d50,credit_info
b16a02bade2a9c7d483e69c20d2f6937,main_screen
e10f6e1602eb7b285f29cf72a9d97d23,chat
ff2bd190ab462c1f88e046f27f5b1a3b,mobile_recharge
47efe20e1f6da9dabc108ebc71c23195,main_screen
b6a89834986ab0a95439e379e7c093e6,main_screen
825eaa420a85758b4db975e9e1f1f28e,mobile_recharge
2cbeafb6264bbe86739eedcb4659d64e,credit_info
9949578ed24a6e78b54863ad449767c8,statement
71663253d9f4f70e1bbc16749de0e82f,chat
3000ef2c53afd0570ddc6b449651049f,main_screen
ada654c41349670e0c79c0736312c007,main_screen
bb1ba0570c2184a9a648f3c748a5bbcc,invest
6cedcb3469f428554ea465537f666b5e,statement
371943de7f692a28a403465c10fd312a,own_transfer
664ddf390001fa863c2a23a3c997d650,own_transfer
4598af9871279a7baea87d65bece583e,main_screen
e61cfd694299640f9caa2827c479ec6b,statement
2906a33be8398340036134a4014e7d8f,main_screen
4289cb920b838c9e73e0a5c365485575,card_recharge
d07f6c5e7659d6dcd7eda2815d70165a,card_recharge
be6ae533e2468c267a719c52a11f3f52,main_screen
78cf1f3cb628146710b12a25d9ba7810,main_screen
f124e99b4b5b64202fdcd6a510805b7c,statement
d3411992a4777371ee9090045fdc978b,statement
d9019d0f1af6687f57fa1456e2c85dde,statement
b7253ce52075aba661eade52f2285d49,credit_info
0be41c0cdfbf68c23eda3c967cf164f4,phone_money_transfer
da3d606050bef7e688c61fd86f2b2520,main_screen
9bc43acaf6af96cb41c637793814da21,own_transfer
a001510c5509a6a104986bc64d5a84e6,invest
8a23f995dd0b9e4c0bb3b648ce7b3c10,statement
91ed00fe40a1c820543d867f15ea00e7,statement
ed756585dc2f13f237c69fbe9db4af60,statement
faefa47158d5738af30e1c6f4c40dd80,statement
09d1e86e9190ad74d01abb2b2671229f,chat
f666d96a016e9f5e89e299c95afb532b,chat
c13b9c0ce845a68332cf16615476e99e,main_screen
d669f28c53a8db18b18bcacb7a18e447,mobile_recharge
9991def77f879cbd62f000bad9ef99ed,main_screen
3c82c06e8093f96e1fc5291e2f43153f,main_screen
4554dba373e4993b48af41e0fe94d5d1,main_screen
333fb5a5fcb43fa7c4859b9757285bb1,main_screen
974bc30b78cba3fd21ff2c0c17f5457f,statement
915dae6affc1c1c20cfbd9883eec7164,main_screen
6ad4269aca9988c5d28fda67e5c16100,main_screen
60724b39e7f15f71d42bfd53144ba081,main_screen
2d7ab403559513fa199b2441aa047ec0,credit_info
0ef5bbfaeaa3f090cb0c5a4f1f20435a,main_screen
dcebb78ca4369f234c147dc802dc9bd1,own_transfer
e2651444034289c07353262d6f382fd1,main_screen
cd7becf16ddf46cd42671ccbb0b04b96,main_screen
82deaa7e63598083232498957fdd4c44,main_screen
d6ba64c7360ef068fe36247db97c3f0c,credit_info
97c15de200b24a815ccac76b5acabc92,main_screen
77ba418c58ecdf2b1423567b49050d2a,main_screen
3ebbee46f74856c2f817096895c85321,main_screen
79f413bf86d74c99a2bdfc0b6adbba19,invest
177a282b54edff8f2ae0d59300977962,main_screen
cc6a072a3d836cb38c6d85e107af0a8b,main_screen
7813ffe703d78896be790d092d2aa7da,statement
3660034cdb63e1d440e28951e829bdc4,main_screen
8182d824eae1e9ccc0498444f0ce021e,chat
760611b73bc9baf8e7f488c6e4e1c61d,own_transfer
4c30a2a3cca9f2a2e9806950ba96065f,phone_money_transfer
93fb8a89bf971f86b33a665b5688d608,main_screen
458712ff0980fbbbb38671b01c2cbf0c,invest
e52b17c3ea6c9036727131db2f57fc3c,statement
82e8d901432593e2d7d7cbcb1a1c63da,main_screen
bd47cd6a8e1a87d6e924c78a07c6bb96,statement
288e967b2f240c65fea8824797b37cd9,main_screen
b361942c7ed12fda18ac3fc9063500cb,main_screen
6289b5dbc1634c5795fd666355b12962,main_screen
14fd538031a96586854af9cb29498501,chat
341bc8779299b46fa06315b925fb1692,statement
9574008a7668d9a3637777105be58374,main_screen
433258ffaaf641b3e4f4f099b2875f08,credit_info
559cde4adfe77ff6099f7ec12aade003,main_screen
3315e6f09861de6c99799a068e66de30,statement
3df8cc3a6ee9e41343100fb5dabb5d70,credit_info
5016fecf4668a97965e81dd8a01dfb09,main_screen
d255a72e20f43871471ab2bd8818037a,main_screen
f99f24ce6923d45c94ad2635b20a5b9a,main_screen
b82ac916aa3183d4915d512487d2c688,credit_info
2dc44a0c84e3285a8513e6fb19c29e71,own_transfer
14ebb4946ba106b614c5186e2313d35e,statement
2b6b3becbcba3e75b70f5796deff81e3,main_screen
5757167b6528b8d484f6695f105c8e00,statement
4bd1aa8d43da01f6a1e72605a5a97ab0,card_recharge
5c64aa54c06b97dd55133f9608b0be1a,main_screen
b92ab0ef63e1282c269ffb26c2206dec,main_screen
e7bf38ecb66ed881efc288111eef898f,main_screen
ecc9808a5a0a2c9eb7cdf33876b72dd7,main_screen
179bfa2ec70d19e3533c5439595de88f,statement
e83e6389263f292bef561b3d69623b6e,main_screen
b6c0aac69ba59099832743f0b219dee7,main_screen
3246829280cd36c87b2e83c2b1b0b0fd,main_screen
3bf659852875775bf238bfa8a6420c97,main_screen
7d85a50d1cab4c895c158b47a27f26df,main_screen
e597c2a570a6219d17bad2e21d7f5565,statement
edcbd4232d2bd1378f4ee61c56877231,card_recharge
9cab74f004159e7d06265aee98f4037e,statement
7da2a11f7b217568c4ba562786877073,main_screen
b5d82d40c5e83af75e1f8b8fd27b1c80,main_screen
d6dd492be84481dc39d96e3ba982b489,main_screen
9ca580d035aeda26ccf7e9cf4d9ba2d6,main_screen
fef262ed0ecdfe4bfb2aacdab95d7547,main_screen
2327d06eb80c532d88e9f65a11a74dc1,main_screen
fe2f821c3ce5504a6e79996600fac295,main_screen
42acc99e681bcc2651e6582bb0222000,statement
4d787c8e21affd4b15e96c558426b72a,statement
6cd7f3ca068e6d30fde6237f6c235a15,main_screen
d40db4d872bb133c0d4fe21ae1d8c5c1,main_screen
7b135833d7490f0b52a5f45f608ff4dd,credit_info
2e08b00a92332ae7c5691bd9d72b0214,main_screen
1fdb5860e821a7cd5353afc329429497,statement
a14d30530aa6f5faf1ab56e4272b2c47,statement
371c9f072c1a33dca9da55f5aeefded1,statement
3ffb150206b7ea9cb462e0528e03bd58,card_recharge
1d4e447cca3171408ca46e19a310e85f,main_screen
2a44b67354fd347f7624f5f4348864dd,main_screen
62a45e47b74aea5ddc10fa322c1a56da,main_screen
902b977ba7d5ca1e047f09280a2054e8,statement
18376e7f2ec16754312e57ec8bb4bf82,main_screen
f9d4c10927b0e893d7fdc631602b3050,invest
1a9aba7158efbb999f5c652c8fcff127,card2card_transfer
fb7085b4989b1213fed96fe9b79de36b,phone_money_transfer
fac432775575765a2002e4d95e58a8ed,statement
b005130fd7a0ff9354b0be341d1db74c,credit_info
f515f170a366596a13c7e83ea989557d,chat
59389dc3d9603a0d530dc4e6b27caff8,card_recharge
c14a2d526d2d308fcbcdb00b1874868b,credit_info
e426158cd8f00a604478680edcb9e670,statement
6c886d9d2a75db7b5526ffa765158498,main_screen
cbe670efe5154c7b69ee5939b398d3e8,card2card_transfer
cb5221f0358c9413f0f15328e1e7a33a,card_recharge
598ccb0869bb495a78b193b8e67858ea,main_screen
f88c882bfc8816d9898b770c5d81fe9c,own_transfer
2e949b11837157cdad1d6984b2ff62ba,chat
65c0934e2aca53191cc913c85af10f02,main_screen
2f660e11c88a5b166534549f65548f01,main_screen
8f0272b93569e436fdd297eaea791eb1,main_screen
672f1b55f85c5317ea29b955ddf0e003,credit_info
69f493eb47d2ab6a8dfd5395442a2258,main_screen
ed90caccb8656a37585d7f769f54853f,main_screen
a17910b8580ee4604ace827d08fdc2a1,phone_money_transfer
9f8256a274b2b26d91f1f9f042631bf0,credit_info
562c76e8b2ecc5bf785aa28eb20205a7,statement
dbd4631081b0be2673cbfb30747f2f5d,main_screen
455b9f243c64c866d0ac14bbf7d6f226,main_screen
f7ae653d6ca9487d3809df61f4c32a80,statement
0fa75a26a763c86aa1b8310af11166f5,main_screen
aace91012a650ab02162d731308c9213,statement
26f0871f18f7bd8170b408042cd60cca,chat
a6a178b2d75eadf36b20b6b42693b77f,main_screen
f72158a3cc657350ad03bb009df55953,main_screen
a4ade9c1831de3664404b538830a0771,card_recharge
c2923cb0c8e9a8c0d9bb0eab8f2e2757,main_screen
5c40fc3f9c8e7a7f5e5865a34ce39ec7,main_screen
75c7ab7fbc363e85a8872275bc22d2f9,card_recharge
f4674ac6f75720b9ddfe296735fd27ad,phone_money_transfer
3bf4c24ed46dae9e606fb73edd47bbb9,main_screen
f53aec391031d9517d5c17f97e433163,main_screen
1ef28100567eb51dd5710bd1c67b1848,phone_money_transfer
9a7b90c330107e6318440088234630a2,main_screen
d0c4251568bbe753d019cb800356707e,credit_info
361db05c50d8e7e11cd46704e3b56f78,main_screen
4d9193ebafd35b13457145cc36a02f4b,card_recharge
632bfbd225818d398b1853a3f52e9385,credit_info
a45eb3480d8867d0d9159b627397c275,phone_money_transfer
6d719925ff198eb2db0cf3c103d2eb45,credit_info
a4f021421d4b8294eae58a338fca649e,main_screen
4ba48cbae04740e59b00adb0c69e2c56,statement
54b8bec8a0227ed99d7413c2690fdacc,card2card_transfer
009b1f0f6808733ecfbb7fcf172367f7,credit_info
dbc8451f4eed0a7c4008dad62ece5edb,statement
bdec0bcabae5137571192d094c32dd16,credit_info
c96f533d9b35910c985c87ea8ff6cfe2,main_screen
63742eba938ae5ed411e34a31a96a005,statement
3c3df2107b60df6b269c6d8a7ff189f1,credit_info
3cd61a80bf310fe10f5ab99442520bac,main_screen
2d9dd326e6d15e48495916bdaaad434d,card2card_transfer
61f339ae54209f0b619dedc2a5b3b7dd,statement
c0b6834464346dae3c4e7f3c8c552759,credit_info
09292a2601a00ba5383765841ac396c4,credit_info
c76da8e4fd88eb4a86333ea3fb958a6c,card2card_transfer
1d1afd9403788c08ccaed868df0b01f4,statement
fa75462a5bf20f023203dfb3336a7440,phone_money_transfer
5d3fbe0b76f5a2345922b7d4b7c09a33,mobile_recharge
e8236bd8f3326cfba60852004d307f85,main_screen
56f60864d4547461fecc787ccf3bdeb1,main_screen
62cae0a829d1e0cf96a55dd3326c17c7,main_screen
b50ca7437e4c6bd1795ffa78290863f3,main_screen
f6078bf4395fcfb7a8d9a34c830c8bf0,main_screen
f823146ce826cc4afe4d505d499c0f1f,main_screen
b3d690dbf0bfafa12f157d79cba8b1a1,credit_info
0ed210678a73b3e72457ad31c3039e57,phone_money_transfer
a81ba7748acf635036523ab39ebe8d1d,main_screen
74cc244571daaaba9742a3866424a9f3,credit_info
73792afcf8975274986ec2728ef5984f,credit_info
8ba690562b727c09992c139b70a2780d,main_screen
ad7b7af7e6b5a229cde2975caf9ce4e7,main_screen
9bc4746b1398e503ea22c2318a209cd1,credit_info
2153eb543465116d8663adbb97b8bab8,main_screen
140a0f0a93e1113241abc323f5093e7b,credit_info
b190c57c7a00a5dfaf8a7f9307569bc2,main_screen
8fdc28a0803750af54079858dcc34e08,statement
6aa34f6694979ee92bb5eda54139b897,main_screen
c65ed572c8e380fd0a1985aa9034e6ac,main_screen
a96363de90cd06368e0d87585b635295,credit_info
ff30a6e7620f2fd488d82321270b4c1c,own_transfer
b0a3552f70ac8f887eb83809d5c25c75,own_transfer
b51d7dca5f1e24e562e6b8fc14576a43,main_screen
521dc8209571d1ef8ab342e96345e37a,own_transfer
907faf3a9ce332d06b45eab7940aa080,main_screen
598122f24349ae5fc91c5e1cd34f9636,main_screen
2892f94d5ed65ee6e3f7ce0f24077ef1,mobile_recharge
3c0a346a1edd0a799b9094bd9ed03c8f,main_screen
e427eeeaee75ea206d1de1c2814ca73d,main_screen
4a1900c4077fce03e4fa48c23fe280ef,main_screen
52b4bf0e2ec880cbedd92b70b42c65e1,main_screen
4af5a48017060eae6652282a4dd23068,credit_info
f189526ddc6f2640de8ec82c319c5a1c,statement
1baf4d52fc633a0e051093977ab2507b,own_transfer
94db7a560ad04e1ba395f705279cdb34,own_transfer
500c56b6589ac1c16be38f080cf1cdfa,main_screen
f985cd412672ead4ae2ed38278616a3e,main_screen
877228f6e6c84cb7bfefb90fd5fcbd3b,mobile_recharge
e58bc7ddd9b07a3cc2d1d2103c086f0a,credit_info
38d373bb54094fcd0ba4ef0b020564a1,card_recharge
74dd427205b9a4c68d63a142f9a8029a,main_screen
6886951924223dbe97bd2d0703c38245,statement
f7ec9359955a2f780a60c7fbdc63a502,main_screen
d19755beb89e168a3a47601ca588c77c,card_recharge
2a353472ee379e3f375c719dab733e51,statement
63f3b1a8abb77a348b40e6234d46b9f8,credit_info
f947220f36b14ee2fa44e84e8452bca0,main_screen
c5ebbd06c30c722a262a8688e7a510bd,statement
5929f392c1e852650e5265999338083e,main_screen
ac637cf3eeabab062eeead93166b04fb,main_screen
c1c82e703862564612ab8db79a128a4b,credit_info
35e5a35e522835a12f91e25a46e7b150,statement
30f28f8e6f3959fbe5b7ac4d0d1cee1a,invest
ff93a8d7952fadbcada161cabd118c5d,main_screen
bb34dfaed6c7b74ed0de350169aa9912,mobile_recharge
14812ede3d6ae8f9b5b92a3a1f1d6a79,phone_money_transfer
409b763786db5849f8bf9aae56434f3f,own_transfer
d8f315659c5edb4a422a3efea4da2183,statement
334c733d8c72572a6f427753a395bda1,main_screen
33e09f81f0d6ade1e72d3144dc79a690,main_screen
a6fd46fe7384803d48ce9ff1e703ebff,chat
2e89c41be509e30561cafc1ea5e29074,phone_money_transfer
c3458e3164810c98a55a6230d564e206,main_screen
50a9f3a7352202e783d74c21334f6ecd,statement
202e069d0d26d450cb6c3e88581189f3,mobile_recharge
9fb32282b135991d606a6d2f70979ab4,statement
1f22b18f6f7951a31e1d33e993ac1a12,main_screen
fac78d12515ea7d2245be672f294fa21,statement
20c751bbfc114184e123bb44b55c6fc3,chat
c9c7d273929582db86fe63c386a5c2e0,mobile_recharge
95b588652caf29821b2df4f49234d660,invest
197464d1a6f7ae281fb07e6a2ad0ffbe,statement
c107e30c7c33ae11bc3b33ac50dcf709,statement
ab566d1a8e3baaabced85b73e57a6a5d,main_screen
487464840287a2a18ef7275f36fb7374,main_screen
bfa8b1a5174cccad83ba7cb9d7911d31,statement
268a237cdf10b421ca2a94eaed76b478,main_screen
c2df37d78a12d44cd7736960ca0b2da4,credit_info
5500bfcd09636c60057e7797935fa43a,card2card_transfer
47e007ed720e16b08ae58e493234bbfd,credit_info
25e51e881e1e904c777faa3dffaa4596,credit_info
3c78744c69c7fe911d29cae8e9b3fc2a,phone_money_transfer
e3b4f4885dd7ae511b9b609b8005d2e5,credit_info
bfb13a7df1332ec5b466481f9c8712ec,credit_info
f3df39d5914b3cf89b315f4e7fba1c6a,main_screen
844008e5e3a0d7632a1189be407b1185,main_screen
329b5280dbc4e47a637256f6065fccc0,card2card_transfer
a638df43a8ac89555b70837bec0d6e4c,statement
446c39a7c23d713cc08353772b09e6a5,phone_money_transfer
b608dd7ef304f9b3a1fd3634fd6b0f44,card_recharge
67006318dc40e698d2b96170c0809596,credit_info
1d13e805575616262076ba90f68db760,main_screen
e430c62dce97c8320c019f77e46e39c7,statement
2d674b31e77a0a46043096211f4db7a5,credit_info
ce9c0be2344aeabb7224d311c5d595b3,main_screen
bf8c57b279b3b71ab461da2d02f77bb6,mobile_recharge
7067f9304c5f0de698062e3fc4af3330,credit_info
693f0464cd063d7845bee337b1bc32bf,statement
dc58db8474d9ec27f7d04efd38c0b51b,credit_info
b9960313e1cfb6363e825e120334e3fc,own_transfer
76b96eae6ef4d40c006442bd060792c0,main_screen
c6d744eeec3e6e8459258ddf650475d8,chat
b20b2c7453b4b3ab88e7dca4d45e45a2,credit_info
4447ee1aacbe753d36c51d5746a3b691,statement
b1e1ed6bed743579ed09fa93f4f508ca,statement
57263bb28e1f7a64ed847f4d3f964cac,mobile_recharge
b43e8227f1165a5f2adfc65691257250,mobile_recharge
f8e7d770da4d6e763d3e579e34f2ae17,statement
e3adf4400ab76d2d575ad720e4d2effe,card2card_transfer
447812400589f9689ceda145486698fe,main_screen
3847cf3fb01facc413353e90650d16d7,main_screen
2426125cb73024fb2c164f06a2d8ed64,main_screen
02e4f4b6c7e33215c8bd78bb44eb9f4f,main_screen
9e20acbd7cb86cf565913e9615cc3e17,main_screen
6213dfd98e22f80d51ea64c57b76f68e,card2card_transfer
2e63c9c48b2eb7f3ab91d43d047a855d,card_recharge
fcb84f25b6baaf46322f25eea0888c61,credit_info
8ae9cb92f5bffe147e50cf1f0cfaedb5,main_screen
1dceee2cd9c4da0771e5923bd8e10f66,statement
62498de265c9a01980be8c8c1058413c,main_screen
e6d2910e9065b0a9bce5839bf73fc40f,phone_money_transfer
4d357bffc2943a219d45f4f491ae507a,main_screen
e5d63bfe2d36295a2bb0f313cd987867,main_screen
6e228822d1043408f08bb55bce8533a9,credit_info
a2122d8bdf6182ab134feea813a787ec,statement
ed7bde15267d97222590a3b42c3f86da,credit_info
b319ac176c75c4454eb9dcb30038d699,card2card_transfer
0c3184cd72b19a358198c045a672f3be,card_recharge
72162dbdbee16b54762731e828caad4a,mobile_recharge
2c3f1592cb629f8d5da86536d8f7d153,credit_info
0536e3adb8556e9798b4590dc1f95939,main_screen
0d0086cb2ae441cc845f11bf4e3002e3,card2card_transfer
32aab55f1d7691a5eaf130b9ba92c235,own_transfer
2b7e205d7a3f5f6f468e6db17ec2c4c1,main_screen
7d94b4e021ae353bea38a8a449ef6e12,credit_info
069a8aa16f5bf27ed098fddfea74d8cd,main_screen
1bb257ff9ebf161eed36eb56ac74e762,main_screen
c931d4b334fd9a154243747e4382cd5d,phone_money_transfer
5a27dd118c069d727535bb7b0b5244ae,own_transfer
6270449c237fd2bdb5323a51ea88d673,credit_info
345ea9fc922e58b8a769d1fe1e26247a,card_recharge
502364cc5a765621c27bcf0f532f1a48,own_transfer
dc760c07905f453708f2c12178ea4329,statement
01348eea3b6ac5feaaa8e606022c0da2,main_screen
ed40683cea406205dfcf48869c45a129,mobile_recharge
5c9c5a88c3bea24c2adedea2a08ee33a,main_screen
96058c028d06cf0953f0ed441cb7db74,main_screen
7b895ce0c80435e53605a0e1cfe8e50e,statement
5e972fbc03dc83806a69129aa25935d3,main_screen
e39077d2e1fcea85ff509e9298d1af9b,main_screen
19e4a2f4c32ad0d457bb0acfedf554b0,main_screen
f006fadaf2f003cc09ad3e405a320ea6,phone_money_transfer
3ee86baaa523f1447c2bcf34bf5bc765,statement
1afdb7e25251b1818d4e0bff97fe47b3,card2card_transfer
404b7b2b7ce75b441275311a6a4fafca,main_screen
bd8a5118a745338f97633be98437066b,main_screen
3318df53670bafc0e18bf0453d38791b,main_screen
89f383742831d3c835d1d08022faef20,main_screen
455aa5cb974fb845c69ba5af647c73a5,phone_money_transfer
6b957f7cab341e8f710e43e7d9b77369,main_screen
2adc3528baa84259a808515faf8a4173,own_transfer
998410c5a69a3575fe91d51ea7642468,main_screen
7389956fc5d0120defd1439ee9af1e72,main_screen
09023656f77d4a62e903045ebbb24db5,mobile_recharge
0a884e1627362699ddc1710f67593550,statement
2f6d3b9a637daa86687a4fc8dbe45556,statement
ee7d63d3174ddf63860eee0dbb37c90c,statement
10ed74a2d0277cabecea670f818aa056,main_screen
1e53dc879855d344c2680477b84402d0,credit_info
fecd583998b7ce1a343e1053ac99e0ac,main_screen
9ee8134b324172059e5e75905060a6f8,credit_info
11110ce99341ebdb0954e4520b7151f2,main_screen
f440a0d8ceaa45b736927fe8b4e31707,statement
e717646d09f73876556fa9b4245b6b2c,credit_info
ce74d47c3894d524bd5bd329b08a38f3,own_transfer
ae9d37070860977987e7bd539d1adeea,chat
0959427d237f036abbea0595bf77449e,statement
c2cc7e3f42031f0ab3d9f118cad68066,credit_info
b29c9aee1c6e7acb27899b5aa79cbe8e,main_screen
6ecf8aecfb7c1d4ce647f512257d2501,main_screen
84810b2dbc2f9732863ef87e8f59b40c,phone_money_transfer
52702daf9d151c40be3b9409f4396e3a,main_screen
1ddf69a760dc8d38d048e24a7dcb9388,chat
8e4e55744e6af416ff6e79e122585f46,main_screen
072a1a0230c1bb1931c067dc08e67bc5,mobile_recharge
f79549a2b053d08e68dd470d171bd137,main_screen
7ec17e669d7b6a4765352b8528545381,statement
e81a28e509bb6c13225c169ac7e2c816,card2card_transfer
9c7cba9c29fca0515228c87dd2050e18,main_screen
afc6ad512e04e22de5c2310f2865f28f,main_screen
91b6fc0d26538783e34e3cb75f1c75bd,card_recharge
9f0993a54a2d589f8fcb850bb87809e6,main_screen
36f97daf28f36eef4e442ad26eee5fac,mobile_recharge
e4ad55aca985608130e507a4dc1d6d1a,chat
aca4a4df0a16e6044d1888e7738fcb76,main_screen
26bf9c193041ced003968887bff868e6,statement
dfccc355325fe721d6d237fc93477548,main_screen
169b3e17020993bf34c39b369281669a,card2card_transfer
0bbeb0c93b69c57f65b10d732161b163,main_screen
ca4fb8abf484b1648c309ca0768673b9,main_screen
bc14584b1d841c53a067523ecd422839,mobile_recharge
de53d32dd48c2f8194ed5d7be26ace20,credit_info
b17f18edc89e6dbb67e02448f64fed4b,main_screen
45506ad237e23b0de21ef4f1d75e3563,statement
b39c859fd0e3dd8ce7395221de016979,main_screen
19211587c7762f506597a2e637b18ef4,mobile_recharge
3010f9cab0c7f7d8f726a77275dfe384,invest
148e8bbc4c06ea37b291dff5173f72ce,card_recharge
6dd79ac1eaccfea3e903c1fe086ff4bc,main_screen
0970e37e669dba277e982d45afa990d1,main_screen
6b8bf2d91f39587ba15e46a010085ca3,main_screen
1dfc7da6b8a5684c9aa2d0f47a8c5673,statement
d256eef3b246700ca8eedeee7a526cf1,statement
22cc81af0e892c9814d269e6c939d5f0,credit_info
eb57e3140258d3bc34aa8547aa39c503,main_screen
3fea7fd8f817ca39d70dc92465bddbf7,main_screen
b8da72ac021377c032f6dc9d80317966,main_screen
de4a3a0849eea85b2b6b1e97983f37f7,main_screen
f1a1852f43adb750b2b8afb6dc15c9cf,chat
3a28f47987b6a10676504f1111782fbc,chat
17def62ce9f7d60cdab2f497f0bc8cd2,main_screen
44d65cd60dd0d2fa7251610a1bc98bf6,invest
8d402e67645c1748b9223d3caa60bcca,main_screen
c4b6a58924c1ab6149c6945c3b4363c8,main_screen
372ee3375e979b15565107158f3dcea4,phone_money_transfer
76d032736ded5a4e588bd6f2bcd9dc5b,main_screen
c94b5d5175c0ff2639776284c7348a2e,main_screen
5595b968e98d1353f6ca469a0889d7b0,main_screen
4fa835c6557363e2e8812c9793a75a0b,main_screen
7d73a9563c77cff575197681fa726871,statement
5b02ad477c26ca5400ed3afac0e72369,card_recharge
1014735e1cdbd4b656ca014ea4b79240,card2card_transfer
3f2dfe2e5410e5c5a64011d02bef0630,main_screen
301ab8d92b6cead04f404306c5a4b0f0,main_screen
b8aa941f58e648883b050f454873153d,main_screen
2e5b353f012b1fb95e178b017ea4e573,main_screen
08cd123305b299fb2c58d7ac757bff81,mobile_recharge
bdfb2a491cb1a146358319b6955d7308,statement
e88941284527b1f92711313013729041,statement
39fae1284722e98270be6292fa6bfe6a,main_screen
ae503d93e3799469dce69c2a00f7a031,main_screen
b7555e722319cb7cba081eae701f689a,chat
e7062ceabbea61063067f15b7cf663da,credit_info
0fccd719282c563e3637150f65ebda62,own_transfer
264513dc065aaf87d5510da29b5d5d07,statement
e6256093bb144f124556011bdad919f8,statement
22ff376391e72ec216cd8c020e81b843,statement
9f595be90374b18bdbc492c11563a981,main_screen
50c05a1a9187015b2d571435847e02c8,statement
9a3e95c39d7b6e73f6bce6ac52c6f13a,own_transfer
5147f88db13a373d3d75cdea0faf150b,main_screen
c31a02988a44c176dcddd19c15bcf9ef,main_screen
f7b63d885b1a0c9fb38d9e83e0a743c7,main_screen
a7dd1ca269fc20dca6963ca1ddf90bca,chat
d0a480e3f16a57345764cf17805edebe,main_screen
6d0bb4be204adf8ad7a1e2a355c5360d,main_screen
339faa6e293b57b4d36ae173a2375124,main_screen
399910c0d8a1c97fb9243a4c77382d56,credit_info
bd9e9049da60f9d6d5322f066a25d668,statement
bd557a56101d548b060795e60a15f90e,phone_money_transfer
6a59b5e0aea2790dbf2e1d73947a402f,main_screen
9b08bb2d3fadceaef8dc0c2b147ad745,main_screen
3c5d99fd7ea377818df5ccccda023429,statement
fb8fbec74554ff1f8901d6c895611101,main_screen
424be43182c546fc80d2f4e0738c1ced,main_screen
292a6d4f845bb30fbffb0e65b38b0cc1,card2card_transfer
1ec7607badd1ff4013233c29af04ee66,main_screen
e8b8eed5e805adee4d1fbfb3bd755b00,main_screen
9dd66641be9fa3874dc6bbf64dca250a,statement
2d3e69b72e395b143b8125047eccfc63,main_screen
3d9b0a17b23281908945b969f86c5a83,credit_info
216339b6a1cbee6509139401b2a99db8,main_screen
072da2bf54fb1b715fb24966629ab2b6,statement
c2411d143779dceb735bcda4249f4493,chat
0cfdb865c619d49c5a8b7a1c146185d1,phone_money_transfer
45d0e018d5186682058ebf9c643a4675,main_screen
bc7401f8b8010fa74f120bd4d28a0381,main_screen
2094987915aa1f12a0d6b128c03ebdde,chat
89007321e113dedc39a93cfa39fb8827,main_screen
576716112966a60ce7a67cf333185296,main_screen
654a5065de29c256b2d09db8736a289e,card2card_transfer
557d5617dd384e7d569c488327eac65b,main_screen
c1bbfc6b9890ad581f5376d1f99c2595,statement
19460329ea963cd8df217a220578980f,main_screen
76f8a90f1c09c1178d3d16d182e81402,main_screen
a428194a74ff98a97ae704069cd04859,main_screen
6d2ade757cf6c59556652fb99a9c065a,main_screen
1cc8594bec3c6e2fdf1bfb51d11e10b8,own_transfer
77fd9e7201413d9e849746c999d7782d,chat
e4ce929faaabf0e1fa785c779e233e06,main_screen
7e9f00675fa4380083f5ca754354f0bb,statement
830f2d8133b5fb5419de35a6b1c6d8e6,main_screen
603045240e01cce3bbca72d1f243176e,card2card_transfer
471d613e66b63f0b6bc794c40c4d9d55,main_screen
8df31f946b3f44657fb33620a047cad7,main_screen
6a55e826d1089f08963084ca3e514b68,chat
5cd0952eb1064a3467b810cda085cbb2,credit_info
28f30fc65953d6c8ac05954f1b504113,phone_money_transfer
589987f88103f092e26a0f2f31143d41,main_screen
b27cece8cf4c7f4008e655db2841c59b,chat
292cf7f0b7e17c706a9a807aa32f6445,main_screen
3d94b6bff815d44badfb426d80789d50,phone_money_transfer
aec0b1530c086ee9422d4dbd7bdcc43b,credit_info
93aba8d69b713c0fa049d9bfbf84ea19,statement
df228cf8e134a8e983b5ff3e8bb4d9ed,main_screen
17001e7470e0609f9178276a0e47f708,main_screen
6239c1ef0f824bd50f720c2ecde093ea,main_screen
e7c84f32bbcd7c5fcf4567013ed2e060,main_screen
f3842283498fe5c68fc70b53204ba31c,chat
0d540fbdc4e2643955e66d52ee511c02,main_screen
c2344e658224f7656fa8cab1913475ba,main_screen
712483e1672c1b373ee548ab1051ff1a,statement
a4a8c2b2bdecd2ba39938c3de16db0df,mobile_recharge
f962e36f92344406a772b6695ec39fdc,statement
bce746970d548952151b4247cddd112f,main_screen
481e02c1d594721a6a7db7f7680991c6,statement
409df02ce1e469ba9d66c7a77125549b,main_screen
d6f08a50643aab32afe432442f88ee4e,statement
e0b92b4eda42f5dff2af9ed0541612ca,card2card_transfer
2f487000b17437c598717c4ec7bb45fd,statement
7a72a6bfd1e3446ddcbd2ceae5539e71,main_screen
3ed082dfc15e46b82705b990bbc104a5,main_screen
95e35136629df0ca41cd84125649d23d,statement
9d24e0158a4e6f9a701eaa2823980766,main_screen
763f7dd00907ff0b15458b53c564b341,main_screen
7433ae3199f0417a33f69bd0e59e7629,main_screen
ffc1d53bed104e1e73f5dc9683625e94,main_screen
246e12430c780ef3f196fe707bf040b6,main_screen
9e05dc6325c129e8795f57bec1205ce1,main_screen
1e3e83b215a4b484c86145089722992e,credit_info
5302b6f93a766004b422d523a46ec25c,main_screen
5cf234c13e09344b5ddf5200bb30ab35,statement
e28b03a47cc28b1dca7574667e1e9b59,statement
7934b93de45e95b855e9c3feb36910fe,main_screen
1dbfc04ebdf17459a788d7568a4f5264,main_screen
17ce9ec3b81656d7d44d30b680f03164,statement
0d3ec2a913ff343bb08b47c75f5ccfb2,main_screen
25804c53fc8c473abd05a3ed1547647d,main_screen
7d52d7f7829d8a359cbd6faf8efccc09,credit_info
c5a3616747dcef24c19e33a6eb436b43,statement
2ea5a656d26070b8fa2149cb3fd4d4bf,credit_info
167f9ac6c40de145bd302e5b2d129f61,main_screen
05897b54d35e82f56fb1b65a27fba70a,main_screen
a488b243b19d21cdff9b15368a7e572e,credit_info
7d507cd3d5118fd439a34715b5d6f21e,credit_info
1b92e5918ef233bb228f43e3cf1c034d,main_screen
e367ab5406d74b8431cf12edc8ecb3cd,statement
5e6487aa8e626b0bd4dc5ab2b33453c1,main_screen
843c04f87770e0437b70bbe148c3b81a,phone_money_transfer
fd324b44f531225ac4a828f0c09581ba,main_screen
259d3cf0ce00949d77e548591a955ce1,main_screen
29a2d65bca453d324defcac2ab144602,credit_info
4d25644f979a3e52e5ed78e103a2ea71,main_screen
07de73d41ad814a55e8d2c31df4ce442,statement
b9083429394100610edbff4116525ce8,credit_info
c840c0a64504c9e60c3d22c264ca8dab,main_screen
eb68ea212e471cacc6ee4adc649454e1,mobile_recharge
1c92037904e488426ba8db41c1e528d4,main_screen
25c4b94ebacb88e7ed049cb4bc94f7ed,statement
0e8d6c25b4e8ac7171bdd4c3940b64e1,main_screen
1739dcb39a5ecd0bb1b2c6e56a79f31d,statement
f88c4fcbae66fee0ea205591db9f4cf0,main_screen
9abcfa009fc40c7b57ae877ba6773997,statement
f65d408fa839e991848c31dcd327a896,main_screen
86bec670e6140211fc1cc4f388944014,statement
fa422568db7572719d9ec7d83429dc07,main_screen
dc9d462f5550ae6c9acf19f12e155053,statement
e0ea41a28aad739084244b386fdfdc74,card_recharge
0e0932b203eb1f6efdc156277b6a3464,card2card_transfer
7c7d17886b3891cbee2eed2c7556e74e,main_screen
d74ebd9118aca75e8f79876e010c1899,credit_info
73d1b6a08eab6d54d77c4f5383b11a82,main_screen
4dc1c90ac9a7def6b0907e122e9cc536,main_screen
c8468f9fddff83ec1addbae5dc341088,main_screen
b3ae8c32929139f84e825c2c9cb2545e,chat
45105f71657defde94a858b70da7d60c,phone_money_transfer
abdcd38c0a45b77b19a2308090675dd4,own_transfer
264cc570340d143317224e4b8264a56a,credit_info
4377385edabca7c52b3002b2fff68581,main_screen
272f9b28f69666bf8c5325d97b626edb,credit_info
bc08faf30fc76696fb68537bada2b29f,main_screen
1771a9b4b7908c520c3a1bd2041578dc,main_screen
08bfaa0eb51334112d0c62bec06c4889,main_screen
437aaa44cb3435635b9c07a8eeab4633,main_screen
9c8fc2a8e3be2b49df08319064d6176c,main_screen
e10f6855ea01a8c2041e8698c61cf141,main_screen
06454b3cc88d8b99fe638c023e6a3464,main_screen
f684b419a15b6e023a99c40a24d5a987,phone_money_transfer
4e96ab62b23a3e9423036a38936b2eef,main_screen
b2e9553309744b2a1204fe8b4bcda1f3,credit_info
8f5cb1eded3ef385d4aec2dda9210e79,main_screen
0cfe110820c2d453414a8906e1913c24,mobile_recharge
3352e9ab1dba32d4800c1e001f4849b1,credit_info
7bc4048ec5af637f9796c32c41609e1c,main_screen
2f73e371b7c0f208bea3716b94b47cbf,main_screen
0ec27ac70ff2b5503107c2fc224af17e,card_recharge
4d02b2ea5a45c9c0ecf54568289ea356,mobile_recharge
85143f99c7f80d258eba653590f186ff,card2card_transfer
5dc9843d2f15158af0533c54fc109696,chat
75187feae247b44ced1dbeb2be4a6317,main_screen
b648ba3ede0144e6d8f4272074102116,main_screen
9ae03d0f14a036c2cac7e4559669eae1,main_screen
bafb3b182c42cc4b9562980e6eeb3587,credit_info
554dbe485dd47e36c794b3398f90c93a,statement
d7d91843d8dee438b3862f5b3c2e704d,main_screen
a023d0cf2694298f6cba6be406fc8316,own_transfer
641e152f96d5e26e840b1e64963472b1,main_screen
18568a88b96d9ececb66726d0189819b,main_screen
d4c75e899728f33797a43d92f5072fdf,phone_money_transfer
be86f6e77bed42066be3c83b293420f3,main_screen
60e8fb3992cfb24aae607958f2df320c,phone_money_transfer
d0e480f796a4c4f80a57f5c083d5661d,statement
78632b289a7771e1778226bff20f793a,main_screen
e20af3107e28a4471a9ad8cc93d1f987,credit_info
f651bdc1bcc8b40d9fa183db60117803,statement
d077653e5f496baf9aea23a7fed59c3d,credit_info
36f69950536eea5e0f68680f60e5188f,main_screen
1e0ee2c5d741df09822acf10ae34366d,main_screen
e57e804fa25f8a68759f7b4f38901d93,main_screen
f7dc67c5b28a330ee54dada3c94ddee1,own_transfer
3e723fc6e149a7d958a1dc62ebe22804,main_screen
827fe0d8f29dbc8b5603dae37706144d,statement
66bc7f080c912ba7021dc2fb2a9bc70f,main_screen
a091e0748c81aa6b929c2ce8d3b4113a,credit_info
b4a1abab0b700e49a91ba3b0bba411a0,main_screen
61b8e5e3cdbaec245f70726d242c1c61,mobile_recharge
de952ddf9e418d1505afec2c950a7811,statement
ac71d9e59df512ceb4ba45d5f3a6f350,credit_info
6559fe8cc1de1942145f81720eeaf2d9,phone_money_transfer
c7ddc2100e86fd49bc11471bf861156e,credit_info
8601cbfba900035cdec1d7d28fee2584,main_screen
53f3c921c8005b706fb52542e7704b28,statement
36073462417e27739e7040363df46ba4,main_screen
5c78535baf762e97dc921f0579f75d79,credit_info
6f9abf5be8010faa76654d9e69de3c4f,main_screen
7e39a5d00b134ab2b427a0b1ff695a5b,main_screen
cbc6938f3ba1b9748eafde7f20fbc64b,own_transfer
50ed3318eb7ef320f02270ae763a240b,main_screen
7bbf09ff0800cda64387307e13c19f80,main_screen
b8216bbf9c19595a2f445ccfbb2b671e,statement
8fc3d66384521e4098ed91ba7397847a,card2card_transfer
046f79c87fd7a38bf1ba705c5c1fa734,credit_info
34c60258f0e06b34d7a9391d6d2c1583,own_transfer
b0ca95a20eaa1251e6c9218f17fcd17f,main_screen
12617ebea7a51bf9bd367c03eb898fc8,main_screen
26599b925089cd1f091e519fd0334720,card_recharge
ebec4161dd393e502ae5d3acd791f02a,main_screen
0c6fff9f16a98391a8c7a1b44409692b,card_recharge
22a8b6bde21d1c5c4190ce2983278c6d,main_screen
5fc6a40d4c0311b178fe4e3244884104,phone_money_transfer
631d6c6e2304e9990b96dcc4bb3bb2f7,credit_info
50e67726d5d792091cf533b959447960,main_screen
c1dacdf66bef770c77afb051bfaff3cd,main_screen
b9d10aeb3131317cf190e6c3d729f4b8,main_screen
08cda5fc8e5470c836b1c0587424fdf4,card2card_transfer
a98ff5c8920f111f5f8ccfea2bbf502a,main_screen
d9f93ce6860f372e187af033a3481f64,mobile_recharge
f72f466f82492c3e5ced137301169e21,main_screen
740a747f1fdeef92fbd47141892e3b02,main_screen
d23dbac817b4d3e074e9c51c105076aa,credit_info
4112de654af8c713a3e9bfe128a7c7da,main_screen
ce75371204e95755cf96e190544f45ba,invest
558c54904fd8730f38e532c24d0902ad,main_screen
e79838076db19dfb79394fb92c417217,main_screen
b9d6c9c2441374514fd56a5f99c91140,main_screen
5ab3d30d99e6dca88402bde396fd4f4f,statement
f3ecbff1d2cc96d87ea598dced5970af,main_screen
6527bb49cc28fcb5f60a34c6750249b9,mobile_recharge
949ecc2e68b6b2cad03d6c52e30bf00d,main_screen
4c7c2f78e59a8d867ee2c6158b840291,credit_info
ab908f433acacd81706137233d9d7518,chat
bbe5de20ccfb38b2dcc06a9842ac9ac6,own_transfer
0ea19f4465205e4edec9c7f211306dec,statement
36164abd155971415f18fd98f599bcee,main_screen
f501b61b7068a1f7c3e2df58a32154ec,main_screen
3d54a73501a9ed2050a6a1a1c4e08efa,statement
3b11918d3dfe0c75767ce053e7b87841,main_screen
eef862db33ab3afe228a57a84023b9b5,main_screen
55f30e4aaf85356df1e9f8814f80ee2c,credit_info
94c432acafc0ba1dacb3cf4134b61c3b,statement
25eca4d2d6366e451b7c1b76627274f9,main_screen
b8129a75220cb730ac7cf333a397ae26,main_screen
88c38feba749547524bea58119227a66,main_screen
bf637ab4df837406108f8c83f470f8d4,own_transfer
be8870d08bde6b7e1407307bf1a120b8,main_screen
5e97730849eb1c33efd9fea8bf10068d,main_screen
06efe2fd81ceb4983f09e1e1580f45e0,main_screen
8ba0e143501e4486c85289edf2f7fdd5,credit_info
9fbef62064c449ac4027a0902b133ff3,mobile_recharge
a48f6b8928fc768ba5e57363a43343ed,credit_info
52c28b259128cc81de3b2c61a4c36f9f,chat
1520c00d4f86b86ce140789599dfca9d,main_screen
731822714fbf33ca77a4211f6a9adde6,statement
b99c309c9fd616d40b38e68d4f3af0bf,main_screen
bf454774473c8ff08ab6ee3664f149dd,main_screen
ce50e83850aa2e51ffb63642c72b7250,statement
dd1aecf88dc686cecf073c5b3e398562,chat
0fbfea57d62194ff56536ed324c04c23,card_recharge
9168d7778269b68f81a3353fda0f645c,main_screen
b975bb06aa0cfa100d82041479df4dac,credit_info
71883171c32d939484a440bf9ea5f311,statement
e956dbc110f060c505d55af79bd7dac2,chat
6de52eecb26ef0e0cf63266d2259202c,main_screen
a21de112cc91dc7c2b04071169ec9619,phone_money_transfer
b0a526901576047220ecedaec030ff2d,main_screen
7556e504ccfc516b85fcce6752328847,main_screen
696b94f3e9d3bc9b0bc8a13b66229814,credit_info
5a9206ebaf6eaf0da3e955be80fdf525,main_screen
f28635d288b76f5f29ede15ac62c1434,card2card_transfer
5470d76d618c3a2c23138d63d79b2e75,main_screen
968e1fb4ddd9a581ad76a571437c4dfb,main_screen
eaec3a2155cd989a52d25f44a8ee0c47,credit_info
cac9b044200f5f38127ce15a55c29f44,main_screen
daf8cc37b24cf0b4bf700b976a4c8a0e,main_screen
e99cd00810c4ac11941fa207685777fa,main_screen
7593dc54899ee5ceeb3d502bc753390c,phone_money_transfer
76efb12ac12078587f10e22f219b2da0,main_screen
25fed14b38c8de790699e931bb3f8224,card_recharge
5cecee3f17a8d3e0c1490e35ed7c59aa,credit_info
d6522a48a5016933ab0a4108d1f7d3d6,credit_info
b209fcabbd116e8ed9536dd2a8b52295,credit_info
edd3cabcb1069210079bf7a4d9e5eb85,main_screen
d5905ae8dfc2aa6d912d2fde8aa7b9a4,card_recharge
c1d9b86527481532ba0a58e25a2c6db2,main_screen
f2ac26a0a5c3da1dc430af2c0e6a1c1d,mobile_recharge
0ef4354139328a1cb7d4b14b06f672df,main_screen
389268d0beecbfa8b69afd45e59acbb6,card2card_transfer
eac4289d69219856dec31c1452850134,own_transfer
758cc6198f7f5f044450e88c330e3f8b,own_transfer
d25e75dd810dc064aa11315380f8f530,statement
a9f1a692888798893038a2fe1fd95d10,main_screen
d0cfa63dd067f09dc1b1737dfc513eb8,card_recharge
b4563c24a84f157e455e6f45265acf16,main_screen
5ec71d5b497c6beb975063993b56aa9e,statement
7da1f28a4dab1044b02177df9fcc9505,main_screen
07a81409e68bb027165396f84605f0c7,main_screen
19236876b53826cbe4546560ecff2fee,statement
4b8c76898c8af722c75c55c92d49cbd3,main_screen
9ed4af51db642b9b0fd5edc8891ced36,main_screen
f655e353c030355ccca470c2808204bc,card_recharge
4ebc8347c2ff5dbda63ad56bc388412e,main_screen
6a311ae17309688a83a5db07aee40cc4,mobile_recharge
67d420eb8faadfb7c9483970e16ccc1e,main_screen
5c94d858ecc9f75b9d18a00cfc2e0ca5,main_screen
c6ac13eaf0c35072c13e3ba0d1ac2802,credit_info
54a8782b61e07a723dff325f0604aa43,statement
6c32095c980e4f561dbfabbcbef18cfc,mobile_recharge
2cd35a623206a9c368659826a3b54d29,credit_info
1ca7261659de5ae46f7daafe90d8dbbe,own_transfer
0153204704ce848b28e8e98359f31a3f,credit_info
cdf6d725bb1dad37d113c1d231457493,main_screen
908c121012e4672989e2160cbbbe0553,main_screen
6c5ac069b1c96ffc472121e2957167ba,main_screen
416047423ae988720ba556af8166b46c,chat
0f4155c6c578dbbedd65e629b982f431,card_recharge
13ef92be9982ce9e8cadd98ebbae6c92,main_screen
f97031e169d652cb36ca8f56a12ef377,mobile_recharge
92254831adeed808aad8ccec6eb03162,chat
64bee63f9a27ef4ee7903ab0d1c3ae70,main_screen
86fb15d3f996f3f4771c1a1444c4dcd7,main_screen
321d643e64c16ef4ecc41f669b8774a1,phone_money_transfer
e85f5972c317574a79629daf20ced2bb,main_screen
32b036ea0bffc3bceb2a8b3a33c9f605,main_screen
87aef55e3629959d691f96e194c273ec,card_recharge
36b17846dc4cee445b9659f51e8d38a2,main_screen
b6366a58f42b7f6a62a1798173d46f5b,main_screen
7e1a92c1d13688efb9d9a4dbcf70a451,own_transfer
6b5d75765fb43a1b8fd8440e8266de22,credit_info
b3fdcc964fac14e485affd565ff0402d,main_screen
c1c77e67dfbc96a95e4cff2c46fc37c0,card_recharge
e422524bfb81edec274ec08b5edecc45,main_screen
12d811e5903691507a7f89a5497d3562,main_screen
b8c77b622b69c1785ad1633ba051e3b7,main_screen
426dc7b254110096be2867fef867e48b,statement
d74fc89b3d55370f86d5244d8707e0b3,statement
8e8e887d2dff3fcdaa16078c80a8a927,own_transfer
920ec16b0b7aaecde8f6b9c3199f2d62,main_screen
cf347ecf1e401ab8c34839a1294985b4,credit_info
1df15b73ee1bb9e1094a4092b5ed1aed,statement
17ab38b44a7c71e3249ec41a0c60434a,phone_money_transfer
5ae574080cddc6e1ce8d46ebfa8934c9,phone_money_transfer
344bc4163d728c7a694a673b935b1e77,main_screen
db73db265812e9f51cfd4652739a9951,main_screen
20213b1510f55c35ffe7d1396f05f239,credit_info
88dd623df4a75c8c37dd13be6d9357da,main_screen
fad8041edb6aac6852ec4c048ebcce9c,statement
22bb395f7dafc0f9a6f560c272bd56d0,main_screen
57904f979dd21a799adfa0474cfc9b85,main_screen
7e64e2b1b30d8b3b39da3659022bfad1,main_screen
b5ba4582d8cf966530675aaf100fa219,statement
189e8b9c79f4b8abc7410c98a012af32,main_screen
24ee46206b4814e8faf63c8952c32875,main_screen
7778f949bfe006297aeaa8ea17cfebb3,card_recharge
c2bdb2825719bd70f5de9b0fb777c3d8,statement
6821fb314ec2f87c4a9d718d9b4ec475,main_screen
86e54068a6a6bfbc5f2539bb005caa32,statement
fb699c9a7eefb05e93a9d540c8dc747a,main_screen
e27244c772885c449fcc4d1655fce37c,card_recharge
fd663e2bd3108c597cd4e29701466631,credit_info
dc8c4add4c722b6b120170435310870e,main_screen
20b4ae21b06e18d4e010ca08c39f032f,main_screen
d2a85eeec6ee8f9104289c9c618e0d0f,main_screen
ebafceb76753d4e642a950a848dbb16c,statement
d645a86e353bfb5868ce673c18cff1df,main_screen
1651fd1a153fc86cadffac9d528d3d6c,credit_info
0de406c8223c69e0a5d7e45f0d2f0e1a,main_screen
fc2374b58b91077ceaef2e7c972b7348,main_screen
25efa9ccece76f8a9ed77b6cb71835b3,statement
91111be1ed12ee94db9b609da5b5ec9d,chat
ace74e91cca0950a1da16f0a5f2cca62,main_screen
e1777fadd37e046c203bcaee306a2345,main_screen
1c364527110e2d41d67da4093227bada,statement
2f8f6d10b6d65dc8b68c7892d8ce5535,main_screen
402c18b0f2acffeeac7aeca8947d27ff,main_screen
ef038ef7bf9152ed6cbb4c6149e8c6a9,chat
0eb6682d4c4c6b4da53b77fee961d8af,own_transfer
b653b851a974963fb863927ccb963e0f,main_screen
bb3e2af5c110a6b648c4e4314b2ae158,main_screen
ffc7891c2989a783659b2076433b3e32,main_screen
33ddc89d6aeb87522cdc115aaf6c7f37,main_screen
f94a85ed98d3a15c8d7562825c6a2a78,main_screen
2259931a3e65e44a4fc7a5b4ad6e6724,main_screen
591dde4436090bcd64320425e34890bd,mobile_recharge
d21d1336e8e7269889b3511fc1f36785,main_screen
8de5f2d4f601bb436bca8c588ffe38c6,main_screen
6aeca084457ba908cb0d320d03856d7b,credit_info
a2a64bbd4b12da80e9ea77c1ad09b447,main_screen
00ef9b884f29c82bfcbb9701c192111a,main_screen
2167f06db6c6f720afd81f25284edf4e,main_screen
412c5c640ab7cc78d61befef8abc894f,credit_info
5460ceb158198179882c4e8e9790c849,main_screen
2df3a8914c8d0bf2bb5c9c6b188656b4,main_screen
f9b2307945c2dcc10e04a42a1c465028,credit_info
9074c6ae80479425505837879eca7c52,main_screen
679842d65985765160d557b248bab7bc,main_screen
68a2e5a2e85edde391c59af12258924f,statement
23fa3881163124d5138f45654d316150,mobile_recharge
97363af7c420c0bc6ca774f9591a73ed,credit_info
b7a51d611f9baa0a3c17541f34790cb0,credit_info
c6ff4a201f5416a93f9ad1df9b5656a1,main_screen
dac9fafd1d8d72e5d5e0d9b3b539bd49,credit_info
9a811cec0bd81c83a90d2eb1925bcaa4,main_screen
53bb1592cac3c4317d4b4327fe9ad650,main_screen
b49818f30bbd4d8066fdb4b7e4b6a53b,main_screen
5de331660d0297d00396129128b8da6b,statement
6d3f8db95d82f4f8aeca9f0286ef413a,phone_money_transfer
1da763ec083758316908ab05ddc23eb1,credit_info
de48ae989f107b4aedc9ef8579b03547,main_screen
7608b0e60fe6de68070446725fa886d2,phone_money_transfer
e231d82d9f5c10b4b199721686640c6d,chat
762b87ed7edc7f2c526d290849b8a66d,main_screen
02d0d409bf79114f6688ece44001afb0,statement
a6a40632a4872b32726af4fd5351a51c,main_screen
797bdc89879c541f4a9afff672836890,main_screen
4e7b6527be871980997feb91ccbeef58,card_recharge
8fbc16a5a9f141bd50bcd44700eb2648,credit_info
8cbb30e7141b375d32b797e1ead1a7e4,main_screen
e38349fa0947df3a21897a22135c2f2f,main_screen
d12214c5516913393402683011b39529,main_screen
decc325b276555ffe8dfd75f224a7624,main_screen
1ed876b3134daceac31034367be6a567,main_screen
54b50078d0055145089a75d7d400990a,credit_info
6130bb7526b209e81c4fdf6d5462de73,statement
1c0717c674036ed6fa88d4c7a78bed35,chat
22f29163074aeb157cde3cbbf2b889b6,own_transfer
ed39b6b91f6759110fc49a1bd9c80521,main_screen
35afcc491217509aa1f4e067134b5b5d,main_screen
559b3992acfc42da14401e041d69de6e,main_screen
f4d66fe1328718f600e58df70851ab56,main_screen
1649f409fc18b7eb977b086875d9ad34,main_screen
47d4e8d3cb52f60053d4121d060f6c49,credit_info
b9ad745aa013fe234c7552f548663f0e,credit_info
df9f18deaa4789d3556e7d22ef628788,own_transfer
a5c787dc2969948711c4492b5a861da3,main_screen
89709393b0056a6ecb2bc9120b1f36f8,main_screen
9b9ca7104cbbd2d7e8246a61230398a7,own_transfer
3218ab411e43344d3f385a233d39aaa9,main_screen
5ff442fcf9354c241620a4454ea0d866,main_screen
c44188e2a800a77e07af65890c75b758,main_screen
2a4108db30e9dca68ccfc79264b2a3dc,credit_info
123f4355384a83d321b0c22d892036b7,main_screen
c35cffb080624d53219b6e9f68ceb49f,mobile_recharge
12db2b637e77d998d25e5bcb8efc9faf,main_screen
c52b51fdbc9343e111c91f137ddf0807,main_screen
0c3e6ea9534749992d3fea0c3f0827fb,main_screen
c40ec1a930c3cee39ee5bf2e4d2b86b5,main_screen
c3e31a88fa8b379e506ea465ed6d4ceb,card_recharge
7d20a50caa08df081b476e804b0f4614,credit_info
4d49dff95cbe943704802e3cf076b906,main_screen
83e166f2120c36113b30c2f2c06d9f9e,card_recharge
65e48486f8fa41c828b9b5544878bac8,main_screen
8130c7afca93d20fd579c59d069cdb6b,main_screen
b1f2fb383bd359efa9b5f612db0a88fd,main_screen
8a1c2ecec31aa5ed2e34b9030b2dee03,main_screen
e97bf1f4bc36b50935ed57be567cf807,main_screen
9d54261c61c4fe9c0042ac2cdf37794a,main_screen
736cc5136f7d54797f28446f5e01ec02,main_screen
4ebbf165e4efd0c524a443b1d4240136,statement
2bffea31bcb59e04c2b2d7f161d6d5c4,main_screen
9fb43e30def9c5723a51ce07cccca492,main_screen
b02666bf38d41f59b056235091e6fae7,main_screen
6a3bc12f422b614da5f7b27d62cac05a,credit_info
52e4eb943102d622c929449c584128d0,main_screen
fc986979957c89bcc2b30ac744ed31a2,main_screen
bcf6a01489e7f5fc5eaaea32dd8207c4,statement
c5533c28a88811c5658acf995069211b,credit_info
6e3fef07a7f8ec5696ad26202427e6fc,card_recharge
8070af0550983f765ef1398cbcc95951,own_transfer
cc0b3bc91d5b60435823bf18bfcdc119,mobile_recharge
e05b4af4498347c38598a44b49c33c71,main_screen
80111315990eda802a9186fd059f9a3f,phone_money_transfer
643e7e1700c136e5ad8f6151059e6a26,main_screen
1825a711cb2728da01b8252567f8a9ef,credit_info
def2dcd56488b4293b3c0207308b6521,main_screen
13232b07e04d3c11b2bf8aa7a46a3981,card2card_transfer
11935e2d634a43f297cbb46060b5115e,card2card_transfer
0322868e07ccfa1c547a27f23eb322fa,main_screen
fa7f2e1153642738c17e16a3cff385c3,main_screen
39788c7bcf365dbedce24271383abaad,card2card_transfer
6c30152871a79f37436010e9e0c014f1,main_screen
d55b5a75d628e4cbba4c4b3fee5244de,main_screen
0649e390e0fb4ed9c6973c8a7b0de69b,main_screen
a833e1f1195a12a8cac82f921556470a,main_screen
0a2c02eb97b4cdec4a908f5eefd1f95a,card2card_transfer
233445034aa277400909dc86189b2b3f,credit_info
1fc8d26fd8d3e3753fe60e78cca50ea7,main_screen
63c6bd9638a1152fb0fad248422dfda3,main_screen
0fba9a61bbb383bb4d4a3542e804bccb,mobile_recharge
09978b3bcf104a19bc33df59f6b8ffaa,main_screen
158b59a9320536d6c6dad2eed6ce62b8,main_screen
22ffa7a45887fb1b187b757e95fc72b2,card_recharge
b6d6f9b041e42d98decb49ca98350d86,main_screen
b1c85495d2f71c3f5d1e90284f8f8581,main_screen
4483b61bfe082499ca46dac783fa4d28,phone_money_transfer
31ec41e91cbe5a2771b924d986ffdcca,main_screen
e00da13c146f9147e51cfb8f232a995c,main_screen
7d267389e846488a0383bbef1205d43d,statement
7b79383a40a30735a3e51737a73e2d0f,main_screen
12499b2061dd7d288ce1fc3fdb6977ef,credit_info
b7c774bc77178435c5d49f8b1db53ece,invest
609d2acf29aa2c6945d1c73308a6c378,main_screen
1e061ae7ce77f5344fe571d38934a864,credit_info
e59ed78b311d2a0351c2821703612138,main_screen
32a484bc3485f3008beeb235e2a13b44,main_screen
9bb9491be4b51df6d5fef393b080455e,main_screen
e79cd0660b5778be3d50bb0cbec64490,main_screen
796d7cc392f47186a51d3140ef6a5d2e,main_screen
a8b7230d676b8c301db9d3ad09866c77,main_screen
51e2f104ae6127441e3bf2a2320c825d,credit_info
509e3a747b4517356e02c89c86ffae99,card2card_transfer
d7671b08195e5e14a3ec1e98c52fabf5,main_screen
54436141f4340a963e7716cc7d3ca91a,main_screen
d1a61acb3ec0dd8f753379e04949efaf,main_screen
146a09f5e71ad68856a9c83850ff5f98,main_screen
39db8639e16dda199e2dc521c524286a,main_screen
bda8c1b4271056ed1ff8f37ae31d40ef,main_screen
ad910f1a851057d039dc44d69f71f4df,main_screen
df53441bd4eda21494eee746c13f8497,main_screen
40be9778ba7d27e87defa59f44096d65,statement
314b83efee29e278c475ead11e734327,main_screen
1f6c25fe5f62b12e3a980d6c07d4f8ce,credit_info
a91cfc7aff0f4a3720207105dead56d1,main_screen
85a4be8dd6822b0802068755b9a2d338,phone_money_transfer
9c4f5c0c49d198ac78321ff9ccf8c4d6,main_screen
e029e24bd101b3e23a69fe7b555c5554,main_screen
356e05667fea53e335f0c8e106f5a277,credit_info
d96c3cef4b7745604623ee24732b3a23,statement
d2da0ae4a65354fb56b662622dcc7d85,credit_info
f39dec80a073633e8ce9ddaf3ab3c6b2,statement
9dbb596fa589dd8d3958cf99de57e93a,own_transfer
651fcc62774b712a1df04e1f73e40844,main_screen
45141fb471ac67ddedbebfeae640a818,chat
aeae3c36c08ee1639a86b76c77818e53,own_transfer
99556c90f9848aa5a37e2b47c45ed967,statement
d9c3f0a1b7e5257907c6b9d408246268,credit_info
b89eff6f2a16806719de904194caa81e,credit_info
d13b4cfee26cbf68905a3265ebb3f4af,main_screen
c8b03abb5b3baebc586a9fdaba4ae647,main_screen
489b24e59ff08a0b8030bae0574cf26b,main_screen
bf8844736868c393d1836a057444813d,main_screen
6bc5bcff7a379889d8079baf0385a65d,phone_money_transfer
5def9d5a7d3f5cc1e1e7e0e8044efc39,main_screen
b8b5fb4324879243cead24e5bc111c62,statement
9b572a7547c700bd6f2f1f79eb9c584d,main_screen
c621d4cdc8ac2d4be0e8aef2c960dc2c,main_screen
4b7b8e1aa262e36f478fa226299875a5,card_recharge
da2b6538c85760712cdeaa7a772dd849,statement
dbb0bb4c217ffffe8a79644bbca4f01f,card2card_transfer
60a21c3d611d52330edef92330a85846,main_screen
5e06ae121404ad7264f1bef781a6814d,main_screen
6efb2b406c01c703ae1c647548fa1a5a,statement
94f44b4571087258177644f40913e0ab,chat
9b45065f021883c98597d1ad9f94f76a,card_recharge
20ffae4e13c4ef5792b71ff6d9e166b9,main_screen
2801e189ca74bb5f4842079c99109aa9,main_screen
8c38fe0802d7b920ad64764e1f3ebc08,main_screen
4fa0be5b0c8d012ba8cc49bf9ec3d7aa,main_screen
2d95dcf6a5154a0c7215c889a187ca23,statement
46630aafd2c57132de6c4f34d128ac7d,statement
f432128ea70b2bda0cb9c6725bd27b59,credit_info
de3a64eb666dc72acec877464b5a9d5f,main_screen
f7789cfd3bb5d2d06a592832fdd2e6ed,main_screen
68d68d7c091bccf58fcc808f0068f844,main_screen
7a66ec1d60e64ab5607bc648c0d67620,main_screen
989ff3382049e7c1330c1a80dfe3ae50,main_screen
1a33b8f8fdb7eda58912fc8c3385b7aa,main_screen
cae99dc2e99bb18e3f8b01758528c473,credit_info
7922b6f373d01074d7c46277f1864df2,main_screen
392febb416efab76c27899a8e3d2e759,own_transfer
1ba6e6b3666065e01ceecd51399a185e,statement
a45b763bf232d4b239c0ceeb793411f7,main_screen
6925ab14a600db8a3d54539227735a6e,chat
5df1feeb3d5da68bf64d04598af591ef,main_screen
3d5491c33b0bee02383279e09f7ad000,statement
0441a34b31fb4bb3aba848c4c3d836a7,credit_info
b61f3bc0f37f5207b7e9c566bdd2a3b5,main_screen
dd67c75208c72d17df2786268f6f37ca,main_screen
d43e043fea2d0f0d570dfa873cc8b999,own_transfer
56d40e3ac603bce03ba05bbf8457bb76,main_screen
98fa4c8e163509cb5d9eaff929d79f76,chat
3b7f035543a32a6da1ebeed05bac2094,main_screen
d5317089d6b4e9a0d524ce0e9f9182b1,main_screen
e0c468232cb1160e37cc77ccc014f183,main_screen
0de3a9bec8c9ac7372b98d2a7280f7ca,credit_info
a02a4d92b449756db159cf2a303312b3,main_screen
340e6a3d10259c4c3b09cdc39839e235,main_screen
29e6fbd8fa410909f7c8109c4c2882e6,mobile_recharge
e167d7d976ff3df918928d5fb2f539d2,phone_money_transfer
fe55bc1c32091ddbc3a6e9ae54f06db2,credit_info
5b078e1402b5d2b0f40781a6b1ddd41f,main_screen
bdc7db4cde06ea867eecb246abd55481,main_screen
3cb8cc175128c32557971b8ba235f776,main_screen
15715d8fadb61d54425e2f5cfb4823ab,credit_info
44d49b7aa679d22586594ab4176ca5a7,main_screen
852b08b40d998558f58bb721625aaaee,card_recharge
0c8d7ea7cc30b861055542300bbc33ce,main_screen
7b186885ba028c3dc4360c510aaa00ab,main_screen
8f7cf2589eb692b2444fded92858450b,own_transfer
ae0a2c1f5dcf856fb3eb4a761fb694ee,main_screen
867829f815a160dd09711ab1670ba604,credit_info
a9ff01c65c6b63aeb8a4f743a6f70ec7,credit_info
655a57dfdd6bf85437f0c898452ce541,credit_info
32f581c1ac3eb4ed0963072cb9a8a2bf,statement
2c0002550059820652ebec41ab82cd3d,own_transfer
50b09b4c18c1ec50c45624c4a879ac6c,card_recharge
65b49aad4f97565a8936f23966fb5553,main_screen
dcdd48314ad262f2935d2c31767976f2,main_screen
2e6d0cd22c65f0c4890baafffa6ec42b,card_recharge
1feffbf188cf37af8a9e4f1ed09179ea,credit_info
b54a9adaa2bb9feb432e37eb0a854708,credit_info
0af5fe5a85cd85394f789dbc536fbf18,credit_info
8d1385d03c29bb1006c6e16e9298e939,main_screen
ff9203446cdbc643975695584301b79e,main_screen
99b0403021168330fba1a970b58d110b,credit_info
9343a550fe2efe27ef7feb22a5603eb3,main_screen
a29cba8382dd8c22aff71f6ac4088d46,main_screen
b1d17d4e99f759a4cd1c585c6f97936f,credit_info
7b1fcf77932d410b27739527b118adc0,main_screen
d76e72c50f0592a0dd1a2c76bee4048a,main_screen
34afbffff0ebca1f5c7f2a92f45924af,main_screen
8e5c4d26eb688bce80a126bfca3a78e0,main_screen
c2493f4422b58494a01bb6e2ae09fe33,main_screen
6b92283e73cb462ec3e41dc8314e5735,main_screen
744edee7bbd50a137e3354bc888bb5b9,main_screen
14d9c96c076b0b1718142abd0a893aed,main_screen
229ef71e01269ddaed44fa97e5661094,statement
79bb572e625ec0d6dba2bdb9eed36bad,statement
e6511759c932faf644e874b7ecdc1c94,main_screen
f8b70bd7b82a84ac8ed18c0245659b8c,statement
cd04baa2a353bd74f09a9c0d3cca9985,card_recharge
e8de380a95000197c53511e1e0e8d9ed,statement
deb4b2a20ad81408b891407229eed02c,chat
dcc083a5ad62a863d597709edae2b816,chat
8a1438e6c5c26aae6e82dacf4adbeaca,credit_info
bfa988864b3038eaea2c1a5997bade2a,main_screen
436307b889464fb3bef5afc1b487beed,statement
01a6898c0521ae17bfd8c52712f3b963,phone_money_transfer
2bdad5ea540e2f03bc9222213924e24e,credit_info
cf511fa9e428040b8556c125a14438a9,credit_info
d488f91dfd978e1440c979656d338139,credit_info
7b3ea5f11d42c6f75117e209ef4d6b56,main_screen
4a04cd7b249669678d946e69d152a355,own_transfer
8c016bb2b8296f2d5c23a7cec8d1b283,main_screen
af7e93498fc45b34203cf41fca170380,statement
37db9b9a379c0089d6a4fded0007ba07,own_transfer
594c945c5a59df202b68b335b1ad207e,statement
94aad3abba8975ca3a9654b6f6832276,main_screen
08ab1c02a06ee5f4f36877b1b078fc25,credit_info
d099eb7f5c536eeeb2b424570abf2def,card_recharge
08d23f9ec80fcd49f2af98f1e8514deb,main_screen
6fe89f37133c5dc64308c9b50f226a2d,credit_info
12b2610b3febb21e2599edb21aad9679,mobile_recharge
7c0692e8f5b899b00443a72bb934cbe4,main_screen
e473248e13c592bd3bdf5e1af982c1bd,credit_info
9fba5bf9ae4b6de8e9903a30ccb8b30c,main_screen
44e4e0ab19e18983489e9975831fd68c,main_screen
5b2467c024e4af36c8f076694415da2a,card_recharge
49d1b19b375715c75598d82a79fdebc4,main_screen
133853d196f40cd4f8d7405d0b55158a,main_screen
b39b78e52e86b69fcb06a1e893bfe2b6,own_transfer
0e726dea5c53a3c74d46f121420bff9a,main_screen
5ad0e399cc3d4b8f982667b5093a226f,credit_info
5147266df6dcafa2f0571e1a0ce2d12f,main_screen
c8d00100f43c574abc031651e39d5a78,statement
99381266a913255e1c0de154f0721ca5,main_screen
2d1c41af21d75249139f9c3c93db5fc0,statement
b038d350341ef0be11120e41f48569bc,main_screen
1845e7522c190087a5a2c4e0a7cda074,mobile_recharge
4d67f26031cff135383c2a1b5eecf276,chat
86cee49800c2e585eb72543cc9a36c7e,main_screen
18fedcc2887adc727367fe6aaba5396d,phone_money_transfer
06b4f6dfda363d0579e75a492b59b0cb,statement
918154805091be593d0510a7678fda6a,main_screen
245842aaa92b60d89921aed76f3c5d15,chat
81fd383398f71e1a249375c02b6f73ad,main_screen
b7f820f34a4d10f153ecd312f354eb72,credit_info
c3763ded900f942ba8f00efd8e2ab6db,main_screen
3c92d16da09235526ba74925e23d7b84,main_screen
013a28ef71b5e016c4d6d4e55e70a06b,main_screen
ddfa4cbfdcfd7506203cc0b504eecb9c,main_screen
bc8c45b00db93e8096b348a066bfe7dd,main_screen
f1b67ee38d8b22446f1472b653099821,main_screen
a9063fd7ef6708c7522245a37faff9cb,own_transfer
94c0fa60159888d9f23bc8cae858aea6,own_transfer
08033ed745fe726a467fc34b9ff1e062,main_screen
d8b0ae2442b332f4bb7af25590ea3e37,card_recharge
dba45c922319a2e27f1938df2e5412b4,statement
1bf3511bc545634fe78cd34552abc448,chat
5a00869307ce2329aed151d0b8db147b,card_recharge
662103de3a1c9471e2bd5cfd8e1eec54,card_recharge
28ead67dad5cd230e0c6967fc14b3756,main_screen
7b8c316f8cd9f1379a00774d9f4eb8ae,card_recharge
a744831e71c8b418594f0a8174867cb9,main_screen
d2ebc5f73c64831164409d90c9db343a,main_screen
70bc455723a120590878e89b34f5797f,main_screen
6f188434439cc816261661b68bee2f1c,statement
0260e1420c489a544fd79646d919c4cb,main_screen
a77007787392549ee130a0d6428ef37c,main_screen
60a6e0111e8932a10ec42c3997e5ac81,credit_info
8e5e794673ee1b93dd089ed18a183914,phone_money_transfer
a03433e969d5ce9b6214d03ec6027f8c,main_screen
96c46d1e9aa5a682c795ad9d4ff788a1,statement
0c91eca04283a418bb3a50e8e684d969,statement
3d267a2c5bcbaff10f8da365d9f59ec4,mobile_recharge
1000240a9d4202b6bba926941645a3df,main_screen
071ae3b5383fd96b3cbe12973ee88816,main_screen
de352f12f80fb9fb004daecbba314ba9,statement
2e2bc8b2ad05d81e133f9bc0b2d2ef13,credit_info
9b2495f529621e93c8781cd0b60107f3,card2card_transfer
175a65987624ecdd92f5e2f9c0cb5f6f,card_recharge
19e53b422b44ad65fac0d662846e08b0,main_screen
27db4411bbd3933307049f1fff7af013,chat
e627a61c0e9706750acef944d41da988,main_screen
b5fa54039703842079bf89a11cbdb501,main_screen
49cbcabd90099cfaa95d815c4a14c55b,statement
a7ff77b65a497cdf8886fbccc5df60c7,card2card_transfer
0d45031a1b307d90df9d37af67d1dc8d,chat
ffcfea496781c1fd3d7c617bedd53056,card2card_transfer
b54aa6a843ac340e55cca52f6c42fa4b,main_screen
6f8353f58827c4e262b7f5b9a3338711,credit_info
dcd788d9d437fc76c19f43e679ec8d9d,main_screen
f253c9fdadd789ced9f17068fd1faf65,credit_info
dfe5b7089248e572d1dbdeb454422eab,statement
ec32962242d134d2950109505f9f3166,mobile_recharge
db8defbd7f0c91c94c7443f6a3d23c9f,phone_money_transfer
fe119c8f351c2de06fb381d6aab7fdd6,credit_info
43e0a150581b6ef57927d2f8939c60c0,main_screen
3809f84f119c2d32c11e1c65230423dd,main_screen
f90681dd59cfc0adee2f32449d87aa33,main_screen
f3412d9a19aa1a6693f6f84b85b44387,main_screen
acf83aa65daad9ab97ca839f2ddfe64d,card_recharge
5dc3c7c977285e947f5311bf41cbabb6,main_screen
d21ef913e8f0f3eba2a985678a63424f,main_screen
eca53e1e74b80deaa3ecd0c4f0f50fb6,main_screen
f7923c0f0747b3d5ceb6bbc0de70a3b3,statement
72584e41b1a755182441982b710f0ade,chat
0822231f35fc17a84ee62b79d678780f,main_screen
dae3944ff3b8643af9651b8c5300c26d,credit_info
b128ed98b20b0df012626370c59fd685,credit_info
2966e921a614986bdb91e6d2ae32b2b6,chat
28c210e5b1c6c9c18f40893940c962bd,card_recharge
ceb27cca1e28d727d3db53a86aacc298,main_screen
4944e951dadf1fd48c887c5eb73e6eb1,credit_info
6c74ceaad2a0e70ec6bf8eb6ee77f2a2,own_transfer
77bf0ddd487bcfebc0e756cc277b7f06,credit_info
7bcf84248c7cb4b874a48f013d3d893f,chat
8c3e943c651f3ae836e1e41b1d84c79d,credit_info
964dc578fca2bfddae575e06d999e272,main_screen
80e7242a2a063de3bca03d38b2adc656,statement
76de44a5b3409f87aa169e40c5bfd2eb,main_screen
8ecd1b0e9bd878951cbac5c8d4080773,chat
c3d7537ae29dd84938c55ed72e5f5b55,statement
74c04b8e63d072dcd99af6f684d17f9e,main_screen
ec9cb1fe32d85b2db817876eebe59690,statement
b8399ce394e46a33be1265b5f7d5dd07,main_screen
32e97780218d6c0e6ea74d79632a8c1a,card2card_transfer
6f6a642da22297613739e13b3bed4905,main_screen
d66fc031b02fac07e12ba17e37aa0ff8,card_recharge
13202e9ad9038b0ba24899db9a527148,statement
98a0e840f88b99879b390e70f11a3e86,statement
7594d7f4555a8769d03e4138eb75f007,statement
b95d4f5ff2a7f4ac1aa2f8c61f6a9ba3,main_screen
780045ccc5f1cdcd5eca2fa04892e78e,statement
e4c1bffdaeed29f8ec123003b34e9f98,statement
f282157f5fba720070f6e62cc889f3c9,main_screen
91094705409cc95da02a20fd6d299cae,card_recharge
90812c5208e4a391d0dc55a6edafb21b,credit_info
9663b537953c6180d37a0122db6282bd,credit_info
39d48bdf3d32fd25845b74eac8d47a37,main_screen
b0e8a9426092d2ac581838741d6054af,phone_money_transfer
11bf2d8e2071f71a869abc8d207921c5,main_screen
478d788b554c87f94c4f58adde51e9af,main_screen
8e2416bc55d8f1dcd2c544ed68a9df24,credit_info
fef33ad1cca3b571a0b7d2d549232430,phone_money_transfer
05147fc9227bcbddca7b51df54bffb0a,own_transfer
3e241b221f8339aa06876b9c4476896d,statement
a28e88d8f7ef8521f507ac512fbc6773,own_transfer
a48233d2b9238af095a4d4f761dc364f,main_screen
6191f7073e69b95fa8a075e9cd04be67,credit_info
20ae0b4c0a5a49a9174b7af15355ade1,statement
2046b030dc5c323aaff9f5915b106e7b,phone_money_transfer
ddd5284d39960c0fabd0853e52b2f743,credit_info
aa2ac3c688f55ba8da36df13035f5e7b,main_screen
1bbd4cd78b09fc332ea3d30fb104e982,main_screen
8208b8891aad128158308fba6217ddba,chat
fcc82dc8df6e2401e77829bff9f1a059,main_screen
a2c718567b28f16013cba5fcec711ac1,main_screen
f64eb868d823c85c340d4dd778dbc5da,credit_info
287d08904251fd3e7c966bedd61002f6,main_screen
c4d4cd79beba47862cb513ee72e2e462,card_recharge
45decf3b17fd2abf71dcc60522f657f5,credit_info
6ea0d3048cdcf5cd33232ec27a08b4c9,credit_info
79d989372832872355393a61c2dc133a,credit_info
6864af3ddd520d9d2158a3838ab1ef08,main_screen
2fe797ebb7a52ea4222ca28ad8cd7249,main_screen
b6f8abffca6b8119989ce93125fbfc93,phone_money_transfer
79bb8498e6fd8a53ea122041e5ca9096,card2card_transfer
2fb223419538d5cddb1b3067edf5a369,main_screen
e95dc2f1450f036820cd01424824d5f6,main_screen
540585a77e8d08b107ef30e3f43b3eb2,credit_info
5c9f440ac844c6860a8758c7943c034e,main_screen
d57f15abcd355366a8084cef9b8b0131,phone_money_transfer
7896d07c691ff2bde14f49ea4d4f9c4f,phone_money_transfer
1abada2cf30dc8af78b468cc9fcd2204,mobile_recharge
388b10a686f541e90daa060ca43b6cea,credit_info
36c7a741a2cafb8faf88ca0ac71e8379,main_screen
07714cb7d667304a1ff54be4f1902680,statement
ad3c1fb8a072300ace344a72857a02be,credit_info
757b1a7c20c0b89f7f3b0700d98ad64c,chat
015d4115176c1e094cede30c446bbae7,main_screen
e25f30bee573c0da6f47a5d73636cd6d,mobile_recharge
1e1936a6223a6b42a8eaaa29d43b3942,credit_info
db079e41416253a1f462a3ea26a53578,main_screen
2649184b69063d10cb29cbe7aa2b35cc,statement
dd01985abb8dd63dad2fea777c30e12e,statement
79eea01a4da5db750970135758823ef6,mobile_recharge
a966b554c9c55fde6215f67cace45a8d,credit_info
508ad734ff68970fd42a311d5f13b85a,credit_info
8b1cc7e9c803c605546189167481f3b3,main_screen
693b1ad01b03ae5fecd30ad76c041fdd,credit_info
163d6079c8f8dab683a435f86eef3481,statement
31a2f0312c1097486caaac31f331789a,main_screen
0e4aa57019bd6524be5612b46d5cd956,main_screen
25c8a125dd28a631ca5694ab0235119d,main_screen
4d011bd2210853bb72847e245619824a,main_screen
f6c73d399a7c6fafa343e3056d406042,main_screen
c748415b3565ce90db6e4773e0616e8b,main_screen
8a0966519bda6c89830aa7567f5afe41,credit_info
3443c71e49d9eb6cf0d1a39a83760bc0,main_screen
381c6c22fe8e131368b1f72dc708a994,statement
9fbad333d1758c5a977a808b8c84fdca,card_recharge
29f58adb9725ea2cac7e62e4aab1b1db,statement
94ef32162fb0a8a876a430cd7b9c2bc4,credit_info
dca4eed891831735a6e55069f8d592a8,main_screen
3f37a9f79cf9f5ec205d28769332f981,chat
8fba15ecf8c251be6684cf56601f1e61,statement
72803f17ac3d28b4d8be57dbdda4160b,main_screen
f87dbfc5a9277bab6a3dde2226cab400,credit_info
b48b0818bf3af381e5ce36466057027d,main_screen
8c6e32551f3d98e54a7bbe55fd3dd501,main_screen
6dd91f438fc5709bac9d22496281086b,main_screen
d1f73e8804c2e9bd90c4dbfe1d41d025,main_screen
5621d743b11fa5a393822284fdf1fdf0,main_screen
cc01896fae68a343898960f113afacbf,main_screen
a39169917c957e47e21521c28ac91ac1,main_screen
75fb521a911b61e55bcdb837b587b8f5,credit_info
baeeecd7aa4210e2637af44983a75a4f,statement
78e74441a91d460e285ebb517910501f,statement
27a4740dd7d36ac9b2936bf202481b76,main_screen
855a3c3c48a2b1be1150e1eb4caf5cb7,own_transfer
a38e7da365bc2c47801b0f462336b4f0,main_screen
a3edade6ba4794aba9dcdfa3732dc200,mobile_recharge
62a3670bf8adc91c4967b465bfe2d672,main_screen
a0e5a2b11183d3d36a4c4ce85a8e18cc,main_screen
41a0de70ed01562ee81208d43f020794,card2card_transfer
1e77d3e66dc59724032791c633af6bb8,credit_info
bcb0172554d3f495271e81f883dedc92,main_screen
193546ea8b663408e8457cdae3e4a043,main_screen
5651da76c7e6cde3de6458100c8b48eb,credit_info
565d66929667f309d346c10927b7d7bf,main_screen
50a30d015914f4c1ac21bac092de3451,statement
acb57fe82bdf407e922c8e88931c13c0,mobile_recharge
a98cc52eda0233fdf429ccfe9f08c218,mobile_recharge
f526dd25844679efe2cd49bb4e37a1c8,card_recharge
cf93f1427f512350b996fabd42b5964e,credit_info
cc863dfdd1bd9f7ba1402cdd892ffbde,phone_money_transfer
3cf859fdcfa1ad71805bc9a483af9031,main_screen
64c9c4eb9606cf5ae87f59248dfe0d39,main_screen
948c1c0f2711e09e4d1a0e54ec0d81c9,card_recharge
7d31202810f62c6b56aafe3e8d7a4b01,main_screen
4158016c38c1a9f5ec690b68b0348ddd,phone_money_transfer
afb6f651c1d5c79eba80dce8fd6cdbba,main_screen
04c1668a7292b7a51c328437dce9ad2b,phone_money_transfer
1c812eecd1cfb68a8c15f72cc6d4fd57,credit_info
38e36d228c8fa3b779a00aeb90e1735d,statement
cc5b6dbd059f2bafee0caf0d0af46bf0,main_screen
c7584a1ebb0b304225564149734e484b,main_screen
b4e28569a7d8db989adc2aaac845772b,credit_info
0c359ba60ab79cb81ef122cfcdb7066d,mobile_recharge
f78394e520067e2ed40fef34cbea2468,card_recharge
d1563781bdd3f93eaeb353a1c01dcad4,main_screen
422933b899c47d9c55cc08e88f856957,invest
e428c1f552907bc25d4129b8506f6df2,main_screen
797df11c3546d26cee6a2792efb50134,main_screen
8aa8bb10b5fb71c22978520809904867,credit_info
e0ca2ff8a0072de4a4a5736a57e62b84,main_screen
467c987901f3b28d2f2e63734ddae6bf,main_screen
745606576fce6e7031d00f35689f8f51,credit_info
44c7d7d678188eda36e4cf5ec7399945,main_screen
f1ed287a076bdd91f61137eb9421d364,credit_info
2014cad8a0cf77d9a5a0dc0e45bbbca5,phone_money_transfer
8cd7d2fad506edd45e2fa447348b14d9,main_screen
f11ccf43b42aa4bab827389af5d52c6b,main_screen
542cc7595247109ff7a0a839e3d94349,main_screen
be66c2e696cb63a3f22d2750a028ebf5,chat
a2a2f4b74f29bb2135a81b02584b13f0,main_screen
cc8296d5e4e364091cd3611750baad59,main_screen
b9e76f529fb279eb65f32d1c6d29a43c,main_screen
3dfeb9201427e901ae2b96dbd6850caa,main_screen
861e40b1dbca51f01fb7c7c5211dad60,main_screen
1c77997eece3c4bcb18dc46cef79a342,credit_info
254a0e04d5e94814a2b7892c75057d15,main_screen
4f8c60079d4a7c9a2c5febd0d817fe5b,main_screen
7c8c0bb36cbe0595773d146b3d7eca0c,main_screen
3008775911d37eac10b9bc2f10d32bd0,main_screen
d0a484e7a1031508fec7de006c35f795,main_screen
7ff0cfff0da0135851833897b910c009,credit_info
d6ccfe65ab22f0d720015852cc159bc9,main_screen
50f9a21c8d194d475ed38d1d1d325835,main_screen
404d87c5e522337ad7bef2f31f53371a,main_screen
fb53550c810cbfde2dcefcb2b1747f75,statement
4028953b7bb30621a05359b16e99f4fd,main_screen
89a76f9d33ba0a4963a4549eeee8b93b,main_screen
0fd459b66b0c06dffeef1de64ff8a1b5,credit_info
671b6e7a5f8c2650c573f839a3f06466,credit_info
c350cc7f083a8764974bc5d23e697015,credit_info
9e3667b008eb3d9bae1d817e9a534b14,credit_info
50f382874a58b62df39a78bf12f4eb73,credit_info
268fde2f3023f48df963c2374429fd6a,mobile_recharge
fe31b2ee34e3a4b29b3034440ab53e26,main_screen
1f0dd7818793317a6c2376d414e18ef9,own_transfer
4ddd8a4f49534b2cbd8099264f651f94,main_screen
b3e71155c56b4dff5dc290d10e370742,main_screen
ba07d77dfeae7020f6e42e9f28f0f163,main_screen
ba23de8d0e229650260053d55767ecf8,main_screen
4aa668a8e44b87a5d71d7343fa7bd805,card_recharge
9b84581de5aa41f96bb811c72ee92de6,own_transfer
52129de7f631179bf5eaf04b9d8e6298,credit_info
8a0d6a2d49219ab87380b6a5a55fa128,statement
7506cd80dc25c238a1c743481ddf8319,card2card_transfer
c4d1f78a04bda989008ae0935aa60d85,main_screen
cf0363d0c2ce5dff3eaff672beb7ef00,main_screen
e079e7f7dd596531e8aa51e29477a77b,credit_info
008ff0a6d53f871142bc0e714343ffca,own_transfer
9a890eb66b119e3826bb07447c800d97,statement
f0400f89dc07d24b0d2777f9fbc04fdc,phone_money_transfer
0aa8d9215ad74d2115c2854f234532dc,main_screen
a7fa7e6c8e8b4f10570f500e15d92c68,main_screen
bc91a2838237cc0bab345e291f435bfb,main_screen
f7d11126bdec5097cbbba4177c1868ef,main_screen
b69b490903f668e4f7c2375308ffffea,main_screen
bdbeaca9776b76b5c2e9797800f70fea,main_screen
bff3bf3b50ac694f2b557faedf198a42,main_screen
9cf4a58e9b2c8f18136fd981c7bbe5a7,chat
dc679d11759f130121f0631784959fd3,main_screen
73bd52d171532fae190cd568cd7176d4,phone_money_transfer
a240f2497134e895199ca4597a9892ee,card2card_transfer
0cdc1c8a42fc4f911504eed88b6e4da1,main_screen
721f0c07c8e92c44db1d3a29734fe6e5,main_screen
0e2fc7e1ae4c7143648a4b8161f431b5,statement
eff622afbba746b0f389ac976869b210,main_screen
646caa244188a611f605b47d8ed695f5,statement
c35922a21382f2515fe39969578b2968,statement
09185e7b1a7c8901f9205bea2443284e,chat
145f1a4f0d268afe66932c6d57cb1003,statement
b19fbf1b0e44ceca1a1c704309d10044,credit_info
8d4dd113cfc2511390311f0f75cab303,main_screen
facb7150c4e1cae57ff166f273ab9546,main_screen
983f02a5b8f0af3811cb076296710eb6,main_screen
23249e9abd170f3c4c5bd0b4b3e4eb67,card2card_transfer
12dd18039c56296ab4dc33663c678a8b,main_screen
a63e0c6674b6f6e4e80f69107ce2bb74,main_screen
cd0fefa89ff9d869f1e1cddb216ca7cc,main_screen
cf983f04c7357f9c4fc3351d3fd3b93b,main_screen
573bc107a405ccdda73c478ccac0c86f,own_transfer
8a58f99b4f17b29dbb7d8a662b486966,main_screen
809d623caa75d0d011914749f2303091,main_screen
bb170d3836326fbe1b1604a603c2fd1d,main_screen
d89fef3fab6e2fdee5acfeb0526f69cc,main_screen
36cea57a98e38bf52f12daa488db3f00,main_screen
fc70a1441189227390b6e518893cec04,card2card_transfer
5f1813758081dd65b3fa5dc36a1bf3fe,main_screen
76788abf6769dbf63f3d614305dfb733,main_screen
5253ed5ad1a9e75d36acb6a1cf1d8357,main_screen
f11f65f1724762ac989a3f495e6ed46f,credit_info
dce38609f2e6aa25553e010595d6b727,statement
5dc1f00661aed27f9280029b8ca85c8b,mobile_recharge
da0f1f387888e3d944eb1b9773d7395d,main_screen
9f5600148565c48965374d4cdb73cf7d,credit_info
deba8d5751416a3d9d07c86197be9ee5,credit_info
d483d479621f672381c006ea7771d2fa,main_screen
88be3e7f07e33b98ef228f1efc230fe0,main_screen
c71b9800c5ebf3464bf54bf2ed3dc42e,statement
97cbed064e2fff9ba3b80c147194f76b,credit_info
28986d6df3bf85af8d3a1f81acccebab,main_screen
896b2b40d52189cabc03f6cb67c6446e,phone_money_transfer
f77bb7e288b1959a227009893f838555,credit_info
ffb2473eb1475b411d76631ca3d2b507,statement
66bce5f578a939b7bcabf82e0077ff64,main_screen
756d928580ce47b560704e89a3d6040b,own_transfer
c49da1526e3744519913fde84065f245,card_recharge
723eefaf130c9f4dbfc57a94750050c3,main_screen
65b917d6ed8016094e6b43a756f93fa5,card_recharge
626ff4787843118d1dd1a551f32c7c37,main_screen
fb5c5debaeef9f9650d06c7d43751e49,invest
55eda026cb47738ce7d6b09c7323c7f9,statement
904f2f1d7800b7b24f92456ab2f42ccd,main_screen
cf551cd788e946ab9cb7bd9b0eaf9bc5,main_screen
922ec19d6d286d8aee3b3a97085bf85d,main_screen
6d15a3d7f37a57da6837a1bc968e9974,card_recharge
e5ab25f7cfe4ad155fef78c831a85eb1,card2card_transfer
8a46c530261fce307b4e83addee84702,statement
9bbfa2374fb4b660c75fb8dbc7d68490,own_transfer
19a4ed93d388c39910af5acb61df01ba,main_screen
7f8667e33953fd6a5b0bb5c492cc0371,main_screen
76432532c0b271b889e9516781c0c1f6,credit_info
d1b43a583c600b2a7525e48a3eb663b6,credit_info
9b59f23f336d357ce58b51a400ce3156,main_screen
1b86eb310217d53c75f37a5380134303,main_screen
825a7040e053445f586b294581b41c9e,main_screen
a6b290a982df5e947c470f08827577d6,main_screen
be57e35101bbfaf6b116522d95f86529,main_screen
0a9c5a58afd5f823c0efc5e9dff0fcd9,statement
836be2da221e7ebdd4bc205aa6bb34d1,statement
419a06491e5f11c4569cab0e3998a119,main_screen
9a39538ca7e5c21d7ced39ceff39eafc,phone_money_transfer
fe7981a1c2218fd6529347045794b9aa,card_recharge
9742473358e69d66002d21f2cfba3933,own_transfer
89a1ceca22f15913c14cc3861b6f0de5,credit_info
decd116de133c58f289224073c4ee323,invest
cdb3d77b729f4f50ea72d564ddb36f14,main_screen
54f90f53273db89dc745cfeb725c1aeb,phone_money_transfer
519420cd0b783cc116e7aa2042d92d63,statement
d602f355cb0854b1fe4d7e5e764c23d6,main_screen
121ccf017171debf17ebffff79ac3933,credit_info
6ce68b0a50ae1f6886945255834857ed,credit_info
3642ca8906af553ecf2a4370416b4f9a,own_transfer
191546add72bdf0ca434a2e416051065,main_screen
86b14c3a0fea99498263daaf18ad10d3,main_screen
7ebe9339bd26ef248a255698c3c32b97,statement
0228875fb5006ad07de751eef6736143,main_screen
6def0b831bf9a95abb8b9dbfd4bae5f7,main_screen
3439a3ab7b32b0a72b30fe865ffef90b,main_screen
28f2ab8dd0385ba7d1d5490577615dda,chat
a2be93b6139f7d60c75f30f28c87ed32,main_screen
796a441f674f6a4426dd39c44c30b81b,credit_info
5970ebadb84ae1617e0288dac3618b37,credit_info
88affccf1991797d51f5ccc55b6b3dd9,phone_money_transfer
009a18d0a684593bffa49a82336e55ef,card2card_transfer
ad97873dcb69bd91bf5fb8ce73519823,card_recharge
b6f6cf0bd733a419d9c7813b64e19f6a,main_screen
35ba8cc85f6f22510038e19a0f1cb250,main_screen
a374e7779ad64193ca4eefc8a63fedb3,main_screen
d226675d1866039d321772e8a9f71b87,statement
6439d5b679e33eb8a876dc255af04982,phone_money_transfer
73f3ed16da744d7d2f6bdf50fdc00416,main_screen
0b8c7ec6ea94193557b31edd36a5dd22,main_screen
4b168b0f29c9d38d537cfb4a59125493,phone_money_transfer
b48a46e43d0db551fea42d6c7136dedb,main_screen
a5baf97ecd35b5a32af439b43c61a048,main_screen
e22473a07026e7fdb8c7f1560ffcd5c4,main_screen
5322819a95c57497ef7385c391a51a88,credit_info
454456ec6ba593a9a2778624412518ce,main_screen
8e67bda7ad91a8264190513bc39175ac,statement
7227c6c0fd6057dfe1de3f6b3925cac5,main_screen
a0421fe6b802c66dc9335917c84a9130,main_screen
e8d612746b747459e2adcf5195e098d6,statement
ac9652fbecf533eccd7b92be82e5c794,main_screen
cca4cafd67886a486529766577c64dae,statement
013ce9364ce6f3480d9217505181db57,main_screen
91098e9d1900994e1a45fe5140b3595f,main_screen
1b0c1c38c881bae8b3fb32c038fb5eb2,statement
b0a5633bae783d55bdf5daa66c46a488,credit_info
1150487e9ec8ed523f0c014058f3c24b,main_screen
e11f06106492b18529a68a21d9820b15,main_screen
61e81a64da38f04e8a570951580105e8,main_screen
646f28a23322e9a35925e9018ae6e8f8,credit_info
ad1b3b44d580ff4c33fa6e08a6842596,main_screen
a2bd8e21bd2172aceb5552d5e1780a70,phone_money_transfer
1fd8cae919f30fd961633d04848551d5,statement
df36bcabeff2415f7d07bc91f2a5d7b4,credit_info
11c1f71dc3bc1fd3622f70ce7051d814,chat
9f9d95c7ed1de953cc70ad28918e8937,chat
8a90046f1d94e547dd58b2197114564f,main_screen
10eccee5fb944a44bfa3c7b5833f2170,statement
d5b76c2c05a5fba5c8e58c305f890747,statement
31559778fe39c9a252128e33dde6af5f,own_transfer
5b52aa1c45adc0778d42068389db90bb,credit_info
f3b049ec012b7e80cf30a81583876209,main_screen
67915cafb7a975bdde41b6dcd2584edf,main_screen
d67ce7d1c1c6bb858a7dcf9c18fc1204,credit_info
b163a02d9627094b3af105062dade0d9,chat
b77b95d8ae2b5f402e5fbb3bfd5a3d2f,main_screen
6a6e2a9c618223735ef8c3fca3100224,phone_money_transfer
c5e1dbf3cf5e9f35ea178275bc14d8fe,credit_info
14529505e702458af38c69ef7cff0458,main_screen
eeb429c0a13276df5c15213340709d72,statement
e4055059ca67c96c42eba56d8b531c8e,chat
558b7b7b07e9773141501d893537b05b,main_screen
b3ef79f88e57b3798abbb99718485865,main_screen
e779c5ed93f127d6403b82c1360d4ea3,own_transfer
45b5e2ea665a8c3895627bd966b06c1b,chat
2794b022a030189dae5dcd3b65ac4f86,main_screen
b9ea261da53deca9aaeda39a5e34f675,credit_info
82c22c1ee0aba6a83d55e95bf511a65b,main_screen
ce1eebc3b98041dabe9208c36c4181c8,credit_info
a9cc204717df78aaa9c8d0edcff4fbd0,main_screen
0e04e585e6fd8c6bc840c0a8912a5005,main_screen
e42bc1e64493f469baa1c84541a50658,phone_money_transfer
b18baf49c7196f13855123ea782744fa,main_screen
7c344bc55a632fb39601b715314e45e8,main_screen
d9244ab5fa8be5c9b5d0d79fb9b6eb05,main_screen
fd4c1f274f7b4dc3fff26a5011a82777,main_screen
5d2753b03f50d2678f414c9c050c4e06,main_screen
77d51034654a00461ff4b55d2eb2d7c1,main_screen
6b9011e0212b29d3b8cdddb894e3c454,statement
5e4b28b1d0b67316d65085f1bbabb8a9,main_screen
7a108f570f454160e63115a31906d02f,statement
2567666aeeda8b00c2570f91a3461ca9,card_recharge
39e168dc6e1eb90e2cf01e1daf37ba66,credit_info
e2c56a6cf562515ad077dc7bdf288058,main_screen
b2a16225e28ab7f9d2032eada87cd3ba,main_screen
1d583c7bddbe5ec03089525c82ec760b,credit_info
b9896cd540206c7d20c62ca5a73f300b,credit_info
013fc473aa054e1aad278dabed65e5cf,invest
5d3c10f66d1c467057c0a7bab8726570,main_screen
92eb4ef7f39025d568fd8ea12ff67bfa,mobile_recharge
385fa70ac3486b33b8b02d3f4168d7f0,chat
6cdf5725ff2463d40c94f20e3193afca,statement
adfbdad4c203422753fd0e18a8022842,main_screen
a37feabdbb74898ad5e8157e354bf0bd,main_screen
d60e5244570bd57842e749ce483b3329,main_screen
cf5564126fc7f34dbf0f6ec372dcc8a9,main_screen
b4a0ac55ffd7a22174123a2b4c9aabbb,mobile_recharge
622fe977dfc1e8ab0811c5279659e456,credit_info
64500e3a3db7e979302fd64ce51af08a,main_screen
4a4ea64e88f9fbf01ff8ad353902baf5,mobile_recharge
ca607103fda7d898da173809c600b1a8,main_screen
0872a5e7c5b8f38f37d9585e34cfa69f,main_screen
220adf10bf4b6b444df1706da63434c9,main_screen
f41737e8c3ce19405d4d61e032b9fea9,mobile_recharge
3e78aa95fec9ee430fb995c4bc93ad6f,mobile_recharge
fd9f48a634a980a4b07d5405cb9ca915,main_screen
1bc28d240da39ad9061dedd1b276ab6d,main_screen
b8ff9b9f6cf5afe6900ee13c20d140a7,main_screen
08997122b4a304ef108e295d94acff1b,statement
6d1604618605c200936519d766f5313b,main_screen
3ff788fbce3b519d4e37997e74e4c1a4,credit_info
e54564cc4e1870f4701c0b175afaba98,own_transfer
72d8a19399b70558b8f2ed5190b60252,main_screen
9f9eb270eff3f2ce26506079e67c5555,main_screen
a754a72ad9505d563eb99c73bd854252,main_screen
bf65097e2755e43efa162b3a0818defc,phone_money_transfer
2adad9763fbea04396bfda8bf66b8cde,main_screen
1a075dff4b6c95f8b5f57e3e9b9a041b,mobile_recharge
11505e55f88540129f0813cf4d14b17f,card_recharge
8f8a9f2ba8c2d1b5f789449e1f2ea20f,card_recharge
000e7cd3c16aa86a470dcbe652bef07a,main_screen
f25aaf8ee18e38a97ae20c55aa93963c,main_screen
ec796abff4df663d4db95f767c9271d9,main_screen
6c93cd89e7aa3e420247acb486ac03bc,chat
798704dc7c9aa6881be23219338c2d98,main_screen
aac76d2fa3a218f6e3c1471cfee4bd5e,own_transfer
d9270f0ca8feb65585f8fce352f66a31,credit_info
155867ab5303d96b2b02da82ecd881ba,phone_money_transfer
3f01c20acea4ef75b1c37ea4ee5d9db3,main_screen
23ca9c95fdc82b9e44f811d650aad5c2,main_screen
7595d907e5a74db6b51d5d4cdf7dc37d,main_screen
df5aa6875acaf503be4597f94a276239,statement
65c86d6e45c654ba2895066710ca9baf,credit_info
94b31d994f2672c37863a9613279da07,statement
27ed1ef91f86d870ce53900760c5a5af,main_screen
96dfb65ee1f105f19168fce1ab5115dd,credit_info
8426c9015968a4af3733467f184b7f19,main_screen
bf9d90e7cd72a7d2b6b3a6046430142e,credit_info
a78c34759e2e723b746bf09f9a39c877,credit_info
2cdf29c5793232d640b167c2a0e03931,credit_info
4ce98ed3d9cb03f04ded3a447ec906ad,main_screen
1b24ef074997358134ab6d994cea3b5e,main_screen
20940b71ea176611cfba0c9f6e0eb970,statement
214d0dc130eb94aa1e09938fc5501f71,card_recharge
6dc79d9aa913ab776703800d21ae4741,mobile_recharge
a5c4df6023e1b8eb94471158437e0477,main_screen
8e10af694b56e688326f4d3eda31827a,credit_info
6f1f5a7b66136636b04e1b777568eca7,main_screen
88b41d255ebea4afb3bd9e4aa3c1dc92,main_screen
20d86690ba2bd5520b75730a1550e2a5,mobile_recharge
d6a214399e3b888493b56b58f5888c3a,main_screen
eda09f4c62404240be3150f3dc5cee8a,credit_info
db1c08bdaee08a20b88dac130d99f0e1,main_screen
5f62c62c4a635b1f01cdb50d5bbe4ba9,phone_money_transfer
258104fc3cf44fb513175b9a824d09c9,main_screen
73a67c027e20ebb452eb3416addc6827,statement
d480f2c34d2ae79758312f48df69dfd3,credit_info
832c8731d79c65790c91b34779752a3c,statement
0e0d34795fb3580bf84bcbfd31b1ce9f,main_screen
c9b3e161a72b957285768c48903e1f9e,credit_info
07c8b8d20a07336f0156495e35df0efa,main_screen
0dbb3e4aaf97f6735c6d2b6ce4a1cbb4,main_screen
45ce3ca361b25435a64443307392eb84,main_screen
a8765085886645ee60739db60b1a053b,statement
fe17bfa3e874bfd4ca46cafd99ca5222,main_screen
d85607f445b60a7f2b3f1a11c3bfebf1,main_screen
819b41c4dc9e02e24da7a54e5bed3e18,card2card_transfer
1bf9812f6f6afbfc0a4fe009a708f434,main_screen
91c3fe8266c53f5a5c788038232c4ff2,main_screen
a631d5b1e3bfcaf2ddda788e3706f9bb,main_screen
641357e61970d54b47ee46bc5a959cc6,main_screen
74a147f799fe22ea4de4751a3b506de3,main_screen
45f2e1b7b68410dfe563a496523d6797,card_recharge
2956e0c8c32a3c58f3168c4090a87bf3,statement
015c62fb97ca6e81f2432f5129dcf19f,main_screen
e0dbf465f37947cd27deae26935c0ab6,main_screen
4b87f4e71efa852822af8d05b146e6a1,statement
48099f605a416be06523472f24a10a4e,main_screen
984e332319dbad9f9ffcbbe38dfb6a57,credit_info
256362992abc7397a9d7620f14305856,phone_money_transfer
231c8807a2d4622cc7f8551cf07f37c4,main_screen
d91adef2a7b65ff4fe8c62c1ffa77ffe,mobile_recharge
f2836403d0cd2518d073b5dfa6968869,main_screen
4d03f63518c32a5144fcf88ce2b4e5f4,main_screen
57f9b83133290f5715d459764c0a6249,card_recharge
f292f61b9d9f48b7adb46fab605ea8b2,main_screen
d61222a8c9239b5c409f37a973a55c0e,mobile_recharge
a53378bfaad82668b016a2d4920ab5cf,main_screen
4bb50b8cecf41aafea761c814f1165b0,main_screen
54cae6e9ca3ced46155116bbcb4b1d8d,statement
db4047ff35779dadca0e69d8a9f66fd9,credit_info
804f3ede82e6858608f5880737413e56,main_screen
682f690fe246d591af2857c875683901,credit_info
1e4d713bb843ffba9cb6014173356f19,own_transfer
b50346af41e54319ca84482f5d2d2908,main_screen
692051581ad91afe5eaf93a863398d0f,chat
c97bd2139abcd29f1a286fb458ad2334,statement
d162a4940b3b001969e33ace8b068650,main_screen
03e92ea620d899905e737c278214960d,statement
015dd1b3437a088d217680553d7d1303,main_screen
bc78bcd64743508a8d2b810ee10410ca,main_screen
463fe7ed988af24a916944d8d251d489,phone_money_transfer
4759acb1ffa70578cde91dfe7ce185db,chat
7cf80c2db6d900d8ec9acd8dbed0b045,statement
d8777c3cdb684842999b20122f09de04,main_screen
fdf159e14bae678d938c0ade7ad999ae,main_screen
347ac0781b27bd303d0f3fedb932eda3,statement
927d90d1decc053baab27bef7e1895e3,statement
c30cc3014030e9b2ba6ac629fed5092f,statement
3482621b5b9522368a2a65160a0725b3,mobile_recharge
e3bccbde21a507355ed3aae74848dada,main_screen
048b1d357235e92439d162c5ad9d8683,main_screen
973422575bb3087476ad1e4d69e39846,main_screen
ef2ed2473dbcfb0ea6236ef22bee4e2a,credit_info
d2397d9ddb1d9e4323023a8d2e33fc86,main_screen
bb5972e63e86b0b071975a2429a6f5d5,main_screen
cd06547f657b0dcd477a617818565ab7,main_screen
7c978421ee58e2c644c7c9530472a096,mobile_recharge
4a8220f49ce192a2ff9c5e180a81b043,main_screen
269d4c3733cfb495a91ec806c27ad604,main_screen
366e0eddd3336996431c1e2a1aad26d6,main_screen
ea25adebb2f3bf5d779c1c2cbd34c1a7,credit_info
b46de2fddc3e9c8a60ba366bb9050bd6,main_screen
dc891dde9a2b9e928d6f0bfb175748b0,credit_info
b5c1e4b2f847dc3ad38a70883b508a2d,credit_info
a2336eb2d08a1bf08f807d8e1a5256d7,main_screen
9248cd6dcffe9dd82d8afaa0f7409d2e,main_screen
3fcb69a0d52fd7d7724f0356a694695c,main_screen
0e7102ce28b1ef76969f99f8b8ecbd8c,credit_info
25f9540bb5bb7090bdc09a2fda98025f,credit_info
22df8c7280f9a6071bd174d5a5a95505,main_screen
20e32db7f5c82a964bac50f2dd123e14,statement
a59ec40c06d15eeb100c4e9a72cb0ada,main_screen
6b3f02d0b988134f81ef5e20ae21dbeb,main_screen
f368470a7f2e6cd798d232e1c7ecb12a,main_screen
890e040d06b031877dad126a8d23ab38,main_screen
b9c9f667b457f2260a054900854fc045,own_transfer
af9b654fa80873a3b4f0fcbabf38b995,main_screen
86632d986ebc0f14bb6cbdb8c6c7bf2f,credit_info
e910148ec7d3026eb1b5947841e14a39,main_screen
9300000dfcc6ffbab014ec79dcce13ce,statement
017581825979f91aa981d4d4ff4aefd8,main_screen
3396dc566dca804c9a4593b09cbbff69,statement
33d0d151b24f0e80b11dfe2439dae124,main_screen
72ccd7befca0913352eacd0a340d120e,main_screen
9ae8fb195d0f61a1e7dadb88b76312cd,main_screen
d4071fd4ec2d36ab9a924c07dc75897e,card2card_transfer
506735ab5b888fc568a8204909b7d001,main_screen
81684c7150f4b7a24b6ecfa6708e550d,phone_money_transfer
5954a02c37a18af667ce175cda578c03,statement
2575e202df0f0b6dfe25487e48bea124,main_screen
c48ded54f179f703fe3f4041ffe1d4f4,own_transfer
dd29f82633f103f49205ddab39dc0dc6,main_screen
52693b613248dcbe0cacce507ca404df,main_screen
679e38d6445f9bbfb61c355ff5f7d483,main_screen
62bcb7a4e0d3d0f189f5d335cddca1d7,statement
0d07f16f3e37b23874cf3aad8b983775,main_screen
3d675679c3a8c949ab10c4bfc295216c,statement
90987060662ad2f40d3b964a0b98652b,credit_info
164aab0cca8059bf5e807b6184fe4b02,main_screen
03adeb698be1018a865bb8afb8b707b2,main_screen
2abf975bec1ee53e4ee7a175c1aafeb6,main_screen
19ebafedc88012d9517595245a4c9297,main_screen
016db83b47d0748e7a61aa7d131ebeac,credit_info
2a1566f5c61c32bab70d44439107eb8f,main_screen
b948aa42d6588109336ae952a9ebe7c5,statement
099efd24edb84a3056d4c35395417590,main_screen
e19fd65b9589ebbe3476be224ceb2b67,main_screen
9c95d8b9f0c977fe2a65ddab1be5aa82,statement
696af3683faa8cef5b35e6c06de55328,statement
b608ab394e63e4e1d7fcd0fe9d04b988,card2card_transfer
4d03ce5a603bf62ad354970b90f1ed66,main_screen
22ce8add8a49cd5f10da56cb741c092b,statement
8529a2bc9fbf117c417e86578e212dfd,credit_info
3f57fddd420e5efc074e0e92c230d4b2,phone_money_transfer
4d1777073e2a06842342d030a9524fd2,main_screen
03deeba84f920fcd1c1e7895f101ac35,main_screen
ce0ced614c6edb222b9965a9909d57e7,main_screen
611d73aa5f50b12aaea952eaf9250fd3,main_screen
d90de5e1e684b1cf87084d2cb48fd296,main_screen
acd5bf1741cc00a96d9aa855be990ec3,main_screen
29b7c06373f98c07e4e7f011161efe66,phone_money_transfer
7977e5a5d116a52ee567202124e61bcf,card_recharge
0fdd7d940a92dd8da90edd55c255bb93,main_screen
c5ed8cab1ae7f5948390af2a1602cfcf,main_screen
c496d7a470a8c7b6c57716479a8f6dd9,main_screen
5d1b4a6de90faabb6546912aeef6f108,main_screen
9eb5c7229eff071b53251726f08be5a6,main_screen
e32a822d37cc11b5dc8f8acdaa53ec0f,chat
dc5a4c6bfb9cb9afc5cd9fd6732850f9,card_recharge
6ef4d40489cfb90a0cc02e847a0fc9c2,main_screen
e18c2fd9a118e802344350968698ced7,credit_info
c853675a759b178e0a03da670e591547,chat
10c04afd148156886155b83ce6959e3e,statement
8daab13990e2564b69dd8f8c0cd0522a,mobile_recharge
5726259ff1bfabcac507c428503d2f93,main_screen
6e352d42845f194e409d7b0254eb62de,main_screen
fc58eb255f39eeeac5414d610d843dcc,main_screen
eedc2384e82e53dfebc52f80d6691e68,own_transfer
ddb217247f1a09267d56f08e33ee8bf1,mobile_recharge
accb494c45c7f5bbf6b952f6ba7005fd,own_transfer
41a68b6b825f49c6f2a02a0da31efe05,main_screen
cbe07edce7449e405fbf0919b2cb1f3a,main_screen
c21175bc3a1ef39d98adf5fdee789561,credit_info
66928461302e368aa11e75dd568ba1f6,chat
9fd3e2e53fe9ef880d63ad81aaf0b1af,main_screen
8171cdbd3579ac1346f03be5846ad44a,credit_info
6e8f2003e1d4a1a8a9a0bf04e84edb0b,main_screen
9a356d785add104528b5544455d22ac7,main_screen
c924f049c1fa701e7b94b7bf52c635c8,main_screen
cc1ff5647797a9d05cb909907b48400d,phone_money_transfer
3399d20fbc127a425e5ee23234525991,own_transfer
dbba760bb9d2288a7de3132e1c09cce0,main_screen
6d11ad02af91306ab4214357dc10241c,main_screen
dd3f5fd22bf41edeacbc8e43dce1f7d3,credit_info
15d75bbafb4c95ed5750a5c3ee95a91f,phone_money_transfer
08d455006a14e0a9ec6816fb82835d37,main_screen
d6f0d9426267e1b1b5d9b6335350ef53,phone_money_transfer
407bfc0bf8468e897dd2260091af6e50,statement
e0985010f5026cadcbbfe6c6eda25512,credit_info
007d1a3283d3446e3d0988ff799c93c1,card2card_transfer
a0c03c8e77876c6f17027dace3e01437,main_screen
533cb3f605cac72f6c8a08b7f3fb9729,main_screen
3084ecb1118aedc6d455424399304372,statement
faa4a38bfeb105165a49c888c81da560,credit_info
e176cb5aac18de88391eeb6dc9c998c3,main_screen
ee8a16e547678641325d145d46bc9261,mobile_recharge
f8460491179f952c1109abd33ce70c06,credit_info
f149fb063b8bc030cdd59768d9999418,card_recharge
fa966165a04981f8904822a4f2e078b1,card_recharge
c025288f46be7b679e99e73ac40f5dea,credit_info
4a63ffbbd9d05bffed738fe20449ef69,main_screen
246849a5f604e89c254581007d77a4c0,chat
0580b387ed872444d5763ccda2f791bb,main_screen
893af431fb49909ca3cb710d434f1b00,main_screen
ef614964f6892a34d38a144fb77645e8,main_screen
bfbef878f9cb2bb754bdedcec643de9e,main_screen
e8847910909678cf19e2ed9b26c50403,main_screen
22519df6e2fc3611eaba9a6dc2b7b0a7,main_screen
aa145abb0fb6707a001e8f84c4e20e2f,main_screen
aa169234bf91a92bc4b91ecc1ead023e,card2card_transfer
884ae2aa5915bd3423ea8cd38c427c36,main_screen
07407251506c4401817022472140f18f,card2card_transfer
24a72a6699fdb937f574588a5d280721,main_screen
c7cf9c8e8331865e71c4f44f534f6ab3,main_screen
f650da1add5af8eb470541c8a183aae2,main_screen
bcc491a7f5b7e8ddc6f1ceefc903a978,main_screen
b7ba913b863ffe47aa55741b220e9eb4,chat
34a2023823c8174b048846222b440355,credit_info
552210b9d54e692b902e225f3a6a78ca,main_screen
ecefa8a962ed6fc809efcf7434741c10,main_screen
00b86d009d35e5482a7053143f132c3e,credit_info
5bf450d1c071dc0c94feb2ddcd0dbdd3,chat
9b3682976c3b8ff18c042e232a852227,main_screen
c699a9f9f30878911a1104e68809045f,main_screen
e0374b78fbe93a449175e423c08b6e36,main_screen
0a793d67686d961f22bd77e557c0d02f,main_screen
65952ae26e3e2fd940ccb6932685e91c,main_screen
31ac62a257b0ee7c7f68b2972c09e090,phone_money_transfer
a723bebfcacf992ae0fc38842942f350,credit_info
37e3c20969ab37e4428385722a59327a,statement
a1088446d640f5b0240818c67f259a48,credit_info
8649096011d80dbb5b42e514d9bcbebb,card2card_transfer
cbef246beabcc10fd14c97352b4107f8,credit_info
65a16ef2b04ae33767c02efca0bfbf4f,main_screen
c726c4ba4a087f210de5b9c67eb36a8c,main_screen
aabdc67066a0ffda8f8a5fb5d287d1aa,credit_info
3835031932c64d4f2d2a98c08ade3f4a,card_recharge
5cf7e9bdc14a5a3be6893931d0aaacf1,credit_info
e2d2e06cc830ae3c3101e67aa5894446,credit_info
b77575eb35570e0eb25c5a69a3a4d0b9,mobile_recharge
e3e2b58a5abc8bf471250c0c81d7ba6b,phone_money_transfer
be0dd7061a84196dec116b39b8920d5b,credit_info
30f5d7d9b84bfcd36d7a5b4a96df7b2f,credit_info
70750f8dbe6a355b491337de21943788,statement
29c47a2de2328fa2614f788d960a474d,credit_info
e2ed9d59418e63e3bdf664a105b6ac95,phone_money_transfer
355016144a82d5f9cd67d69f2d65a155,main_screen
20fc1e97ff1aeb6d4da8158594b51745,mobile_recharge
7eb320c323f012dc7896dfcb7461dd0a,main_screen
79ae2acecf475d17fd6a62d4f8085351,main_screen
9f0111e050fa667a39ea6b55ca19449a,card2card_transfer
9fdfce1c873845b8bfe14e4ff00bd890,main_screen
545f40d5dd526075a7c50e7b58ca8c63,phone_money_transfer
476fe9bbd8e66af8438f0d7a260d5381,statement
beec16684a92e16b54137b12840d6c63,main_screen
490df131fda4c3e7b909bb042b92258b,statement
95274e5ea19d51d5280975d0dcbb2c43,statement
8aef4707c9eb530542714dfe2e487d47,statement
c553e8df716f8e360f9577471be2e470,card2card_transfer
1bdbab35fe6bf7f78898a5af03fe597c,invest
5ed13990918595fa0d6a03ce8833b0e0,main_screen
d2449b3dd6483d0fa39e8ae4760bd3c6,credit_info
ba95c49f6a4b081577d60f0f3054336d,statement
654a5d25914a9dc4a5d4a3aee449dea8,own_transfer
7147d497676629129fc5f2a640d6b18c,main_screen
882c816b5b6b17f8fe0de157ed308d4a,main_screen
16cea43c67b0d9301e5900d31fb815f8,main_screen
183c762bab28f2e93629f9a23ef045a5,main_screen
b7eb9ecbe5b50aee04f4333d510adb1b,credit_info
60596db81550797b1c66dfba2e79cad4,credit_info
b925befb3ec91aada4b52cbe57ca1d7e,main_screen
02ac4cdfab894b2400a25c1f8511a6e8,main_screen
27374af135ad60d911d075e39cd083a1,own_transfer
3c060cd36ccbbd5c9d55417878bc22b1,statement
41b1231502f6274e0ff470616d226ec8,credit_info
5e0dddd1564ea0d19656c200b11c3a30,mobile_recharge
d872d1ddea3fbe58d2655e6c6e19b17d,card_recharge
00b97d71106a1f1e2a83067cba793ae6,statement
7664bc98035b8ee92e6c261a2f88fe7b,statement
64a0a525e25607a69aed51e86105ce09,statement
499573217c9c6d70d4b25257a1860b12,main_screen
efdde6d1552cd538a0aafdb40c9a2a98,mobile_recharge
75d53c86ffd6e18eb40446f79c765e8b,main_screen
510b3aca2e5d6331ad23741e35ccd464,credit_info
0e89600826e4ee2c678c4d8a22d023f9,main_screen
77f426821029230d0f04b388c618acf5,main_screen
70dfdf2bd2625837949cfda059292469,chat
4a85b04c9b0ca400989eab0665f1478e,mobile_recharge
5cc45c960ccfcb8814f3caa751fa9092,credit_info
328b9480610007a1ffb83599619304bc,main_screen
c23958e7d8835d174468fca5a4f7ea3d,main_screen
0be3b184614697496b297620a8816252,main_screen
c6994f14a4f0e720dd8b4bd7dd6d8705,main_screen
9cc814c7b4c791c162b644ac51cac966,main_screen
2fe060e34d3d77ec9215ec586516b0d1,main_screen
0c56e6b8ef251014757eda5c69808040,main_screen
4698eeef74617f3f5556e1ec6fbe0a52,card_recharge
864f89167ce69940956af7d3fdf556cd,main_screen
603fc3ebda8eab9eb379b18b51d364c0,card_recharge
805a4f1cde049130d2dd5dd8d690c722,main_screen
655ffc8698d79a17de0cefc650580a11,statement
e11c5c8ad9aadbbb65dd4301f71fcebd,main_screen
497da639b57941e2ec7949aae213de2c,credit_info
236b905ea9dc24251e0cceeb0443cf26,invest
80909a51480beda010db2440d4ce0a16,main_screen
d537cf426cdd551f2316fa6fa9f319a1,main_screen
aa9d103bfdd2c7f9221e73a1fb16656f,main_screen
f91bc9dbf08be97f94b7054fed63e376,main_screen
3ed8d9da4b21c35b8e5bec1b382080b3,main_screen
4fd37525e2eff0b9d736cd8a016cc679,card_recharge
39193d1f245cb58157dd3ee8a90f1d9e,main_screen
2976c0c0c820dd914d08914f47d69976,statement
8d474310f38c3195fdebe3bff1f5ec08,main_screen
a19a65d83896067273449b84764e0229,statement
16af422d0ee41a0ceaa680f3b807a3c1,main_screen
9c6d9d71ff315db0ad1d8eb4cffcfe75,statement
560fa3a5032167aa0affc24608fddce2,invest
30350c036b4e37fd6195e3ac10cf9020,main_screen
6c1e883e222e1399b17aacd6611f93e1,phone_money_transfer
9e12534b39d88ff6369fb0e07c64cd46,main_screen
410b3ac6246d644f2102b0a9f8feb548,main_screen
8954a01551b81b64eebc8e0dfded1078,own_transfer
0bd0247d584c2f269f78e51da8b937a3,main_screen
85f50f7fb325bdfcf917c7ab234145ab,statement
60a1ad269cc4caaa26dea5af2d17bf79,main_screen
c017e8ce42d83d14b5111fa38cf8d7c2,credit_info
69bad15b7c059b5f3e84b0deb4978ea2,main_screen
126efb5e89654d143f1f9e5493756d79,main_screen
f6f53497de67961db81e03b74a8d8163,main_screen
f90b83b6c78c32aee93241df43359550,statement
cf6eae6027e6f69d1b1dbbf952f584d9,main_screen
16913c331ae5ba5246f4be22aad44738,main_screen
010897d34b166e185d9ac5a8feca2bbf,main_screen
54dfdad454a5b57169b03b08113f62cb,own_transfer
fb5780d4fffd03271abb0258c8f0de4e,main_screen
b69efada0b648d4a5de128a0284bf9d1,statement
ad8c18b15db75bbb4e53313832191961,statement
180b395eb86dcc723dc88800c069513c,credit_info
d749215d0014a778f46532300d4ff59a,main_screen
7808c647c27a4ddddda6022d55f66e88,main_screen
acb72168c2914f6c43224aecf67b22a0,main_screen
9d2dc9f0162509a2610eb8af0aa5a0bd,credit_info
660f3284f04f81e9a4f1cc21cb09acfe,main_screen
ffc985c5fb27f0e0dd729cf4565c9721,own_transfer
c2cf7082cf27b78f4f3a07268ea25ba0,statement
3c043ca821465d427787ce9f0086f90e,statement
dd290453339412f1df09eb78fb6ed25a,main_screen
1e6f855700bc781407d3f7dcb113b828,statement
6273903f21516ead5013450211626ac0,card_recharge
e5cda42d70e6b6c784297cc88dacc64e,main_screen
cf9ece35b4d9b8d5ef4c803c6c8d39f1,main_screen
2f784475c4ea37d21563ee2674c8895f,card2card_transfer
4035174758ea4914dbe6f82fc9bad12e,main_screen
09d748aa405fb7edae3aece8f50e9578,main_screen
272cf20aea5311029e792094b739ad8b,main_screen
88a05d15d18fe678681bd127c79b9f88,main_screen
1266efc16264c03726baf4ab5874d715,main_screen
d206002d5ae32079faee3052a0582db0,credit_info
b89218ddbe4dd9223872b88831c7dc18,main_screen
46a71503866884ca637f2d43e021d82f,credit_info
c853727b8037fe1c5c35cf827110aa98,credit_info
c0de3ed4a5c2aa952e901cfce2c25a60,main_screen
15691d79799d98e156c7c5134f60840c,main_screen
009dab008103fa18a576f7d0c8bbc90b,main_screen
2a5c63d25d1f39463dfa85361c385f87,main_screen
8f3212ae221ce47a05dc2feee1687169,credit_info
6a59c8d20b36db7ae6df81ad42748ea2,statement
c081da3b39532bf01cc8db7ce26cc541,main_screen
104be393c8fb1d9775fbe5d66db9e122,main_screen
784d21fc1f707841353ea22b5832f527,main_screen
cdb5bdfcf4b63eb15ed55dc501d84b08,card2card_transfer
813913578c7fcf30b3d6938d8ddee7b2,main_screen
fcb5ad99c095d0952766d4a8db3e4549,main_screen
17686885f7c52c06db55f30487ab966c,main_screen
df6ffb79ee2d72a27f047201239fc2ee,main_screen
875d8a7e2d3bc74ff1d3b96de5fee4a3,main_screen
8f4d94c95148a7e421e025213d1d511e,credit_info
94e125dd83f1352a0c21a9ead521e7e1,credit_info
e2697149eeecde6b647f80c9ce84025c,statement
89f480404f23d17eb1395ec48c68befd,main_screen
f65d4d6417d7c5c59e31a312f62fae66,own_transfer
3b84a1a9369a73bf80c5d3a6900b6382,main_screen
fd36a4e293288335002fcffdba00221d,main_screen
4a869d5430c1d38acba6aa3958d839ec,main_screen
02adbf4d82cea6c4a1b542dd5c7f1a8e,phone_money_transfer
5e5a2c67794c1e03bd36e3bd5ee039ce,main_screen
9355ac844cc7225a82e39933ad448fc5,main_screen
40b40cc27c4594ff572bf5251b8157b6,credit_info
a43b8273cd739afb4e18178883848187,credit_info
9ff1aea0643f761659122028a4bd5607,main_screen
3957db3d6ee4c6b22d3ccea133bdb1ab,main_screen
e3eb55d1c06d243920f602a6a407a93b,credit_info
61fb84a8ccdf6718776358c3d396c241,statement
d4534bc5f71e32e9a7993d682e7f2362,main_screen
3c6cb50fda0c775127e963758a92da9b,main_screen
05cbc7fb686d22361a7623a4448f9d48,main_screen
6d7e1c7c3b355d1259356044c266ba49,main_screen
19e35ac1f2b75a02de859aeb8696a8ff,credit_info
4aca360656bfa2d1fb7ab7f9acd394f7,main_screen
3b44044f388657f2a58d36e1030d991f,chat
78fcfa0a356f13c9f116b223c99e3169,credit_info
a9cf9861deccafacf56009d1a1212303,main_screen
8216fe5a8234e2875c1ccab50b4bd5a6,card2card_transfer
909e92dd449d8fb1da3b0d7684a53726,chat
773f5f13d51c6d9c7eac6a2da0116f01,main_screen
814628cb51259b7f071fb5c09b05c138,main_screen
32288ac5e515839f732b426f769f6adc,credit_info
91b9959972e8dd923f8acc2222c3d869,main_screen
daf6074aefd4520147ea89ea6bf67090,card_recharge
aebd3d9ba66788cc9fdf9cb379f7b8a4,main_screen
cf8b6029dbf471a672413a75fecf1f21,statement
81e14dbc254e44f402be02e0abdcd9ad,credit_info
b189a7ff571d5464f26c37b0aaa2602d,main_screen
9fba3af39faf50644e97b644da847d58,main_screen
1d7568b4d344491b6ecefbf197cc7758,own_transfer
371eba4ff7483b81e27c9a4d5bc0fd8a,statement
6d370613669b4ba8974d03ba64b2a6b9,main_screen
ad260d2764c465fdcfc6cd3c9365c38f,main_screen
d0c8810194154097f6a7daadc5770723,main_screen
62e6e4b9e77591e9204e95e94b22437b,card_recharge
7a30a1673c71696d8b7291dee661df16,main_screen
056083d104ef0154edb013bd978a3f09,main_screen
b3bdb6f5b0efdfcde366ef1312d84346,statement
d04ae728b8b665bedbc4a0dac2776ffa,credit_info
31d5f5c5687f46f6959da61f6250394e,main_screen
074e24f32d29b13e3b12b9debd14ff75,main_screen
7660db44ef7382c79e23af218a3b3059,main_screen
6c294345261f8850c63c13f12b8e4182,main_screen
b2e098ffa48cbfc6f4a407aff1f9db08,main_screen
31aa3e99de1aa42da6445deca11ef3a3,own_transfer
d6fc5333cffbf68f7e735e1b9b91957d,main_screen
2b9fd97b2257592e2eba969881874437,mobile_recharge
491dbef9d090e2f55813801832cf6889,main_screen
c87afb4618fedae93bc2dabb48e0a916,mobile_recharge
a05b8cdc65715a9b89588fa604256526,main_screen
a06c8f9fe3f45f648d90c05b76c6e4a8,main_screen
f9a0b4d8a4d4f2662a6c244638d090c3,main_screen
808f076bb57d27fe75a8e6446de64a3b,own_transfer
421c813fc19e89ce53bfcee93dda8567,main_screen
2563edf55c354247b38c292ef5b09d09,phone_money_transfer
30d5f0716a236f48fe4edd4eae0f88c5,main_screen
0b71360d1406cbe1eba674593342aa65,main_screen
0caff6861283518f90ae12941d1bee95,credit_info
bca4c8661860e22571e35254176856ff,main_screen
ebbe33d8bf845a9f909ab226b65ca8a3,credit_info
cd832cafcaba47e1d41a61722ff04bd3,statement
9ff6c208a37acd968cd489ebc0786759,credit_info
21d7f8192652176fd0de70f7b23f91ae,statement
76d2361a690b68c9c024e38b7e8ffb5f,card2card_transfer
abc52c441ecd97fe371a9eab14091464,phone_money_transfer
436ea63c0f44da35dd43e9eb67a45d64,statement
230ffc9c1ca36d3cbf9b35dfc0f3c9fd,credit_info
8a8ed8e9fc1224332c5f618890d33261,main_screen
ca9729c4fafc14d2be7353208f490884,invest
08b1aa0fae963ecfb72c5ae530335619,phone_money_transfer
836a257660cb9dd03ab8c339970a7b4b,main_screen
5964b56df460741ff3903d2e20841f85,credit_info
4453ddab27c9ced3c66d9bf8edb01161,main_screen
be6f87847361043b546bbdfb0269c60f,main_screen
6eea6bbb31cc15c548117e95c3260ef3,main_screen
7397ff58253b9f85676de5f3ccc15e85,credit_info
a51af01bb866492bd456d3f0ece65f69,main_screen
595314c3cc8a6a151f77cf3bd39eb5d0,main_screen
3b0d439b4cfa2089becd773de4bfddcd,statement
23aaeec0ad7556d1e0149b756098859c,main_screen
f69692389768fbca0eb4683d10342d36,statement
a17e44d5f589181a076cb7cffa8e7cfe,main_screen
dc95c28e7dc17bd048526e1e09ba9e1b,main_screen
a8045d1a0b8e02ff8bb07b4c8171e60c,main_screen
3ea48082851f7e43b09a2fc4a03bb9a9,main_screen
60a57c74dd63734d67ac62924d378813,main_screen
dc8beb565a96558e1a8f73881ed098e4,credit_info
a4bcdcf71d5003849c27f6ac640401b5,credit_info
cbd327a2518875e32d60c3fd32154bc8,statement
369a58bc6d623ee201126bea79edaca7,credit_info
be7d9b6b9755c99e7ac61505fd2bc72d,main_screen
ac4273df54fe2ce68d2921cd5897d6aa,own_transfer
48249d43937d91ebcdba4012d71337c5,statement
ae380f36ee4e6a77814ecbea68297b76,main_screen
d074818f724ce625323d1e377f1f834e,main_screen
634868f5fe8ac7e119e7b67dafa1ffb5,statement
2eba09dde57904fa27b211d345aee27a,card2card_transfer
ab05237b87974f4717830718537668fc,main_screen
6609bac89876ddfe1c6cffc499a2b59f,statement
0cbb250729796ffe8520367067647aef,main_screen
5b2821335bbf3ced0ebad678fec0fad3,credit_info
db0b9253b0566841e276c6b2adf5b401,credit_info
6771ce6a38b8c88c6f574492e71e9d37,main_screen
df124e9f298b7dcdc1f6813da03fdaa9,card2card_transfer
e24958e04cf96df062e84617690d4102,credit_info
4a92e1696fa9db9e7c5f058760359258,credit_info
7cc6c67558ea631b8cc20dc66ea44e12,main_screen
24981458282969197c69f87bcff881db,main_screen
bb44d2859746794fdc75aaa192641e18,chat
23844a995101caa4c49a4a8c033225a6,main_screen
45e52bb284b7c7edecae5716b00da630,main_screen
90a24339557229b64c783013a902cc86,credit_info
c82f4f54938e3b80a072c925beb0be00,main_screen
9cc7e41d4401ee074a7602f66478ff09,main_screen
5364dfb67e3ff3733a08820504efd02e,mobile_recharge
45f0f464d6eb47420c9a2f5ddf98803d,main_screen
3935eef7f01267ac13a380373e1b17ec,main_screen
3b31cda3e97ebe72e478a373edde70c0,statement
1693c1aa29b73dde6da460b80922ef0e,main_screen
f581fa29c772fa611286052529e6c250,credit_info
91c71b89a1991c23176064c499199835,mobile_recharge
98d3abb12a1c96a863bfdd6af40cd8f0,phone_money_transfer
22a3ffbbfc302424fa325097fa03171d,main_screen
88dbc70d3b781049adc4eccdd9319926,main_screen
7cd1a5bd2a18143897ff068443095d0f,statement
1f8449e585f27e285fbc859dd1ca163f,statement
bf5bf69c388be990bca6986d87a348a0,main_screen
30d40800f76d398e4103449549d245fd,chat
8b1b85f0022cc83450bdfcf7a4fd0f47,statement
5c7e79703efc293019248b82d731180b,mobile_recharge
b99aebf45274991738dd15423518ee61,main_screen
7f1daec31fd38ce9e3e66024b833648d,main_screen
fa9a73ec30137bca0ab1227ddab80118,main_screen
0fc4f5a0536871095361bdf4c232c818,statement
60c61115272aca2ba41348d9764a2ba7,main_screen
f38c57c87f176967d4c7bde48e721be1,main_screen
c5ad57c6f52f53702303e8901e8ff6f7,own_transfer
4c640a30a3d5b600852c27a45d375029,main_screen
37f70e044e0254e088b605ed605051fa,phone_money_transfer
202c2da7a80feb51f816d8ca2742b069,main_screen
38ee632985774d0410d6d287cff72c71,main_screen
fea1577a29746909cfd6f362cb5e7719,chat
fef9f768088a846561bfdccc4b85933a,statement
d9ad1246564be9aaa45dceb42deb55be,main_screen
c9cf89cff4646788bba0e0e243c8e4c6,statement
21572cd3deefaeb220e7dfd9134af4a7,credit_info
44d48252c510e4b3f1f63af988598689,statement
fd0a9b76fa067a88518e892f4d2e4cde,main_screen
baeaebf7a6259b0d59211a5d8e563887,main_screen
fabb6b6ce16caecee407dff557bdf4a5,main_screen
7b6738e72cb3b4f31d786076a00354e7,card2card_transfer
a0b593e0f7a665e9e2e65ec1af46173f,phone_money_transfer
50570bb147e094f333a25d5e1ebeccb1,own_transfer
394f0df666e287ab9814fa6545b51363,main_screen
f5457a8f898918b18bb93e161369154c,main_screen
3319a28222bd3f79349b4ed7820a3836,main_screen
9d9fc7970ecfa62a6c16ac1ed5e102f4,main_screen
7ecffdcdfc7ddf9c3facdee8d2f18109,main_screen
c3cf2c8cc8b0a0482fefcebb955b19a9,main_screen
e7bd4105033d92dc6f9e511ff50147a9,main_screen
aca575684a4030b4985dbbf541a2a51e,invest
ee03d73847250858b34e63d84dc36605,main_screen
235e2c45aa749a6e1b514b71b9c004fb,phone_money_transfer
08244ab2f428d17bec25f18750e47a66,main_screen
ca3bee210a16dc342b616a33c9b73577,statement
41829f892dfbbed86fc387628b003b9d,chat
d1a32a38d98767bc0f9b835375bb87b5,main_screen
0325e9b51a082ba2579c915dfbaf55a9,mobile_recharge
e27cb05212a947ebf678b288e503ec0c,main_screen
80442c0831a5ef9be76de626384dd7dc,card_recharge
7c3efedb832a89c9ed82876a9f830769,main_screen
89fe47900493e0f963409aa5e848b0ef,main_screen
9b27bcb3b6043594545dfa98a7bab900,own_transfer
ec353db18ba30e03d51c5dda0b8645cf,credit_info
9084b79e717262aed42286c5b0d46def,main_screen
a780f89e3e11b66f0fa813e260e9a3bf,main_screen
c44f7685136ea72d5ab3189dc3d173e1,own_transfer
5c15a324ef1506636629c6b7477a9c2f,chat
d6fb343d6b1b6e6b35a54a12b7490e82,card2card_transfer
5710b2fb36221395d6a6765952aaad08,credit_info
4c454bdfff0f07de244b014804381796,main_screen
1a79426cf614fe60d9a051b024d8e423,main_screen
727e398369eb66290ff1b78169d964f8,main_screen
1d85f5c08d2d5df3370c870b0281fccc,statement
e73acb3d5b823eb2b79f15e6fc2cebbd,chat
55cd74041ddc80059ed4212cadf6295a,main_screen
31d54d206bb3e3397bf6a7805d8af94f,credit_info
2fcfda16aad5f8cea78d9906c51b6db3,main_screen
f130cebdfa216b78122d2c9507b5d0ae,own_transfer
d35cd822aa492ad6cc87d33d97ff6da0,main_screen
95a5206addfb55f41fc230a0314adac9,main_screen
c8bc1d8ad7acf637851213178ced813d,main_screen
76a941716f1ba4c9445c6d3b6a9c1908,main_screen
2cffc20d04aa57468401c0ea93ddfcfc,own_transfer
d8aebcec0bdcf6a034957a7cf84e6cce,main_screen
96eb366ee3eae72ff0cdbbcd24fcfc95,main_screen
53cda53d8c0f7881af0c423b0f818950,main_screen
eb41e865e51d2721bd5d5ad1d6ed3eee,main_screen
e9ca83e9d43ff1056b210aaa44c9847c,statement
b2af361044a39144b855dfc31acf6ce7,card2card_transfer
4b42143576143e68a1e3e87e065617eb,statement
1852601c8c3091cd0171638799a0baab,main_screen
58f0ae6526ffe18ead7c4b74d61099a1,statement
5d8301049d953972924c6f2104b10d61,phone_money_transfer
70bf438309dd29c8c72ba484dd4c066c,main_screen
b8b5687c533809ba887369c281bc348b,main_screen
ef37913277644944f83751eb74577d52,own_transfer
6225c2803b51218d326ce84bd902e1f6,card2card_transfer
981c92b544ea6c2f97869ae07ba247cc,chat
83dd70e7e7af9d46db4650bf57160074,main_screen
328546b58c4e62313b73379e3bee04bf,main_screen
741595b846e1cc0b71cf4b444d675230,credit_info
3adc6d823da13bebd74014b6eff940aa,main_screen
b2eea120b5042d6dfaeef846863535ff,phone_money_transfer
f10a7643d9c778eefe762acd7c05576a,main_screen
51baedccefe10faf419edaef5a4f62e1,main_screen
b4254edca834c0d06676df5859c2528d,main_screen
6fead7ea78dd053c4086b90b41dc3844,main_screen
1e518198242258d87121688f318d2b29,main_screen
5fbf6a0e384f63b07e2f8a87dd955eea,main_screen
5aa1e981b27e8493b636d5cb52e4c936,phone_money_transfer
deee4ea4bd1b40a41874a5d10919e3b4,credit_info
a374d346458ba13b114c4c84b2bc0223,main_screen
19a01313aa0839801d36b5050d2bb409,statement
c2b8d84fc3556a1f01f1adbe201f4254,main_screen
3ddf1582d88f509251e33e6582c39e9a,main_screen
d60198d591909ebe6280dc5409594e7f,main_screen
c97e16203fe36d4f9acb801090fb77e6,credit_info
fdd9a860aa3b40216aee4e41e99106d8,main_screen
16b9d1fb5e8fba86a8db9700c07a5548,chat
199161dd5d725ccc41134bae5edae648,own_transfer
f7aabfb02d4ae0cd7ffdc5b0d8feae1b,main_screen
83085d749686057af9d6539a65737b54,main_screen
b9a62e87b82abc456600c36537d20751,main_screen
0526b4405242ce9fcfeb44a429f53b4b,main_screen
c52f53749f95c6fd572d8712132e1d39,main_screen
cd47250ae5d08bd9424421817c18732b,own_transfer
c3246172902e23e956773153680a5978,main_screen
3f75518d6cf7e891884a330d2f92cc6f,chat
043cf7d2925e92b12235850b0fc9b01e,main_screen
1c8d4ef77a48bc142a84542f7acb8e8c,main_screen
8ec31cc9e67356f129a119db41a866f9,chat
25d5fd5598259d2b6c171f57dc8be8db,main_screen
af7d1f1e30d44f727c8ba41788da0ca5,phone_money_transfer
10cc48994bb9bc167e4ae89d1a89946b,main_screen
aa0857aea0587c1fd819996821e8d0ce,credit_info
b0f4dfb36bae6c5217770558e1b53f5e,credit_info
e9b895a4d07cdb8033b1978fbbb82f83,statement
b5c13b5870ddf051a82c483d5ee83e30,card_recharge
8ea01fd49e42ca3fe7a51150a9509736,main_screen
853fa72acd3a2094509483926da08102,main_screen
5ca909a032019d28089251f206787da0,main_screen
89690974d98e44eb4bf298a5ed338ee8,main_screen
4a261cd2071ef5100dcb55142ab2c736,main_screen
5ac64c98d48c534bccdff845037ae70c,phone_money_transfer
c641746c2d8e3d6656a50c628e877005,main_screen
0dff56a4bb18a2b286deb540d273ad90,main_screen
a203c550b3741c5f8dc60d5374dd38d7,main_screen
f72638245fe910cafb5e1e051462b0e7,own_transfer
00c3300ecd2203bf54ee61d49c16eea3,credit_info
96115ec12b566e334b4a973698619a71,statement
08585e9b2384647a04c6931a53b19d39,main_screen
132c169b7ba5472832918ef963c33d12,main_screen
c7c2c566e80303c17fcc5908e4a5bfd9,chat
52e85122d1e831e1b014cc0d85d41ad4,main_screen
366c6ff99139b2af32ea1869cd7b9d7b,main_screen
babbf8314c125feeba6bcbfe46677a41,main_screen
8cc703f500f95edaf2b0e966862c35d2,own_transfer
c36a1a20923ddd19a5c31c7a76a35ab7,main_screen
fea9efa997b2a585c528e2f0c6e44436,statement
2819f455284891b0c5e5f2f9de442609,main_screen
8ee21e998970c9fb2579e4c514c5070d,main_screen
f16072d07961b905cf3217c43e6bbb02,chat
e6fc8c73c08bd59529896cf904ba256f,statement
f4575adcc5918767c8ae1ce653234f3e,main_screen
f7b777af2d7f2d80a8008e53c0effe81,credit_info
04208a4e37519156fba08e8ce32d84f9,own_transfer
ea0d1f2eea69825dbbb1801e6b053f74,main_screen
48d55236634ffcb18026953871857023,own_transfer
6d4b0cccdef58c015ddd5114e586db81,credit_info
27edbf101512269aa16c02e21f55deba,main_screen
614eda5ea3bed7d61564644662d55780,main_screen
8bc5a6aab5504a3280f37284e1f7c1ef,main_screen
7ca4aab5a01dca7102c141edb3296193,phone_money_transfer
df287548d5e71f79500d0883f0a630e5,statement
ca77ed447bcc4ba7fe88b2c390e5b191,main_screen
9aeeea84285ece70b666ab01296ceda1,main_screen
b1c284fafb0d837f149d286c734f7800,main_screen
dd07dd2231216a4685ccfb5acd012656,statement
5af77552db4390c35bd3d41edb2ec8d9,main_screen
b2cc03343274d042d65aa180ebf7088e,chat
bc955d8eadd90a4cc2448c724cde14a7,credit_info
a5aea5894e376900e6dea569ab82da72,statement
ccc50d7d37fb91d2c548f7ac040ac49e,main_screen
5c576bd415a8dd8d3a30dc5b304629aa,chat
1b0b50d921c85b961aa275876cf8f0ed,chat
233061413fd6ccc5e7b4eeeb3d96f68a,main_screen
d78afc0bfd7fe11d465c2565a1eb7abe,mobile_recharge
b7f4fc7cd37c7e230ae8dd70465b6d4d,main_screen
ed51fa8d243faab3667dfb4ee41dfcc2,statement
8d3d9257409da01187db54d88523c612,main_screen
45c948f5f88d085ff102779e194ce788,chat
70f7f99e9aeddc56ab2f1e0d90ceaa8a,main_screen
4d50479c158352abc20b56138e628f05,main_screen
7d4f7271390de3428e56037d1e6e68e6,main_screen
0f73036de09d9f609403f5975fe2fbb3,chat
25bb62349e61cfbc78806a2f7d8a0fa2,main_screen
289653f5dfd30e2f8279be140fd82d28,main_screen
bb16c9fab6706c74d062acfd21ef7b2f,main_screen
7debb4ca8292de33383cd7b7dfd15225,invest
3c6b3f21cb7e78e95dfe5f7649b2a9bf,credit_info
756e7af325fcee187fd1f5a6ff5a231a,statement
d9eab5fe036e03ec8ea0c666ba66255a,main_screen
cafa9d5d547c91d9cf0632a8db0600ee,card_recharge
5a4f28dea1fd84b7507d7fdd3fff26f8,main_screen
320ded759ea1839abf33ad355fe27c02,main_screen
764137463f6bf44f3456e98144324f4c,main_screen
b21e3de52eefb11c6e5fdfa610418446,main_screen
d32c930baf23126b7c318d930d052f4f,main_screen
2c664710cc760524d88a10c2e937a5ed,credit_info
ddf942e85d06c644cb5a02fff05eb8fb,main_screen
4beedfd845053a35b79ac3c1980ba4b2,main_screen
656b6ec40bfd5f2ad56cf421327d2a38,phone_money_transfer
4efffa46e98d9fabdae107c2a78ba0cd,statement
4adea75157236cf284d5a09a75fc6246,invest
05dedc6a208c1dcbf273442f68ec9eae,main_screen
45134d072469109fea8bc8c08e9f3402,main_screen
8ab2e532d6ef7fdd676f9d301b616211,statement
13abef4e8d971de8a2976e7393eefa1e,phone_money_transfer
4c16f5a6f432ac187abc05403b6e9f85,main_screen
664f24646853e17c9693a93b10ecdcd3,main_screen
73a4b33857b39513eb6ae59994bd9a3e,statement
a047d572272f47a60a6dbb82542227ca,statement
bad5bb9914d83d94024f10035b6a01f2,chat
087db1f4927ee8e6935702d8e018ef58,main_screen
253e4a81bc76c163a45d7ca1bdd3aa2f,main_screen
b4b4ded0b1f8e8dc10ad477f105e87ef,credit_info
60df203c0ce8fb20e88148f588ae41fe,own_transfer
ac8c0a902ce3278750074d35728cc098,main_screen
bb376bb602221057a27efc876b8428de,main_screen
80d12c9dcae72973567e5a387c665829,main_screen
f1f1f99114dd0e0dda636c7a7dff7f0b,credit_info
110bcbd8e4ea8a8286f9670df95ecae9,main_screen
6e44694a5a11533ff3f2fec4ca1fe20f,main_screen
c0667b681789e91f842b42704bef5944,credit_info
ea4eebcc0f6d068280a6d1389d948e32,main_screen
420fec83a7d0eafc4f9396ca38ba85d4,main_screen
676a13f8b5062997c79e1e6d14c05539,phone_money_transfer
91ca44bf30b66e2dda908080d60f4a28,main_screen
e24bf8017037e02a76dceabf2e9f1d79,main_screen
887f1455fa06812cbeaafdd817849a85,main_screen
6522628541756ee10896cc7f614ebda2,main_screen
91c28df7608648b2af907d150f6cb523,main_screen
38637410f728ec2049a93740ae5e8eee,main_screen
8102e758f62972b3bbfc3c5789d0bf4c,main_screen
2adee5b11a801d3f32652ba5ba6dc56a,main_screen
7a5e3bce3cae059546471ee538e729c5,own_transfer
8117715461762b54f166544eb4c838cb,statement
d4c557832d9650c09665a2e2250f8927,main_screen
47714d11174faf9c8c71a1bce638df1b,phone_money_transfer
7c854d4547b218abc09a3c8835b8372d,card_recharge
c1170d10c498092d9d5cf698319f28a7,main_screen
e358474550a29d6e272631871a842f8d,main_screen
84cb4ff89d7fc668c1e71f4a91f52e60,card2card_transfer
d38df0cfd22108f8cb428d4cd6740352,main_screen
2b66e2a07e3e6b106e4b59ad46841b69,statement
2f3912786bf918a632e9726641f9f0b1,chat
390064c08048f3ba8f4224a093079134,chat
1a0f8d716177043f8a35005bd5bc3b8a,main_screen
35ac55ba0159a8146aadb858590aa29b,main_screen
9ec1ee3509cf9690656b9b90431b239e,main_screen
8aff5ef7580173da310420a1cb5251a3,main_screen
bc2146c0faa00d7a8056d3cb63772c06,main_screen
cc4d0042266edff5a8a67e83c7b83297,credit_info
50dd1a2605dbae9f246e67f4321ef269,card2card_transfer
61d08e9fd3e8158b83892719a99088ab,credit_info
d863cc4fb12af354ef1fe00dd17c5c05,main_screen
012e548ff9e1365561d2212caff66883,mobile_recharge
790f90a00ff3644a8d4cead0daab3769,main_screen
1fea0a9389c38f09b00b00543d11d16c,main_screen
57e165517610493fc36dd22fc584a17b,main_screen
0c45a84f59605740a4c4551b2e74e845,main_screen
020124f004e3b45bd9f5d623ac358fab,statement
775359c9c809b798b2036c632cb64b9e,main_screen
160f6faaa3833943ee5567493d7ec375,main_screen
444b1ccf5f4880b9a8cb2fcb8a5e8e64,main_screen
642d3435c418805146542efb7a6c8aa0,main_screen
0721d1e969e7a9589c0341da12894c08,credit_info
45818bf86a13f7e6b0dc926bd8a8a703,credit_info
c894b0e91d57ba09dd7e5a6f9421665b,main_screen
6b3f7d7a11b3eb70413edead6f949858,main_screen
2e8735cd9a9a831bdf68ea714e8298ea,credit_info
80da2055be3ac16113261b6478004a48,statement
48bb9c98e941979e66da58efa9522bf9,main_screen
27d8f4ae09c3f7d8112a550be12ea41e,main_screen
27e4531a122ce734aac1927bbf78122e,statement
ca8cd654ce5e8cfc18e5dabb31b407a6,main_screen
e5f30b26d95a68758dc3b558c63096e3,main_screen
8e689486bf65a759f9547c1e97d36536,main_screen
d70e576a9abd7ec9d96456c4d6d3a034,main_screen
31848a990e025cdfdf2069c2af7a22cd,phone_money_transfer
acaf5aee98140f53e058e2b9befefa1b,credit_info
8b93fd707ea920d357923942f5f17d33,own_transfer
1cf09d5b58b29e0a74bf28fb5d7491d1,credit_info
98d341a9c0db93511faefd7a9a58d379,main_screen
ff5a1018b3d342c49c1f635e682096a3,statement
fb9dab52281cb83426eda9a8cf59dd97,statement
04bbd13cac021c4271dd12effc23c2f5,statement
d1a2331d9492789b2efe0e23eb48f9a5,main_screen
a22ec89df153bac6a6dacd9c7915632b,statement
2bdaa7d6a3493171584b22e381d9d87f,statement
ed41240c6a8bd376c5d70fc06bfbf559,chat
eb84f3e4a4e31075a0f78f98b58bacab,statement
743264ad25ec7121c72defbdc2d8e26c,chat
c8b7322dcdad4bc7705a0a7c82ef2ed8,card_recharge
d220c75d84c4a9dfd7917c4b29f90be6,statement
696d986f4e33236e051d98736d71b2fd,main_screen
9d029e3eaaec6bab947f76c4d6bf6097,main_screen
1476988a73726b2029870da128b494ba,card_recharge
343782cc073a37e73dff881d786ca9ca,mobile_recharge
4325ff44cf9f8b59024e5e45c2f00b0d,statement
8978590805e5faf0b2f30b79a3931f8e,main_screen
b991cf2674c366ba39c3bc7f94f4f4f8,main_screen
fe6163b4fdfd531d54e8572803537e69,main_screen
36da4d935fc695c2f0400f6a1feba3a7,main_screen
f1b00282deaaaae087380e5adcd1c1f1,chat
53b3760708060faece126a48099d6c1a,main_screen
0bb158046a8911e28995ec8e57570558,main_screen
48874fffb22885a6ceb58e2e1af6c000,main_screen
39a8e5f4c37288616eb350898ed4d6e9,card2card_transfer
d7d3c466f12679189fd793e40251fcdc,credit_info
81b362d6cfe37085818fe661dbc40ffc,statement
f094d411f2c4db06d8f69e3169a72b23,main_screen
67481792850e38b65ae8a41a07da7102,mobile_recharge
21597f5f597af4bae89706625ceb94e3,chat
77df76596ab248b5dcd6109daf768c7b,statement
4ca6ba1559d99e4e1c14ae60e0d8c67f,main_screen
c84d28b045ca9cfe1a4a3160e141c326,main_screen
4c415b150366fec99f6f090c906f1ad6,main_screen
3587417b7b8352f34a80831519b091ef,phone_money_transfer
1971b0bdbd34862b996d805dc83eb58a,main_screen
4aa31153fdb975b162ce5e98157069e9,main_screen
b93efdd2b1d4fd811f55a0fc34a0c227,main_screen
57992f701a2ad18cb0086328e37cf314,statement
cacf1ffd1f3586de733feacf127194f2,credit_info
4272599f628698fa7bb2e8283c8bfbe0,main_screen
9ab0c9eb12157033527347bc3e97c657,chat
3ac1d183d0688b2eb68ad550007c5abb,main_screen
cb58a4449871e0c58a060a89768f9255,chat
3293262c3970ddafd2cf3e2cb2c5a539,main_screen
335c8718bfd0fb6f14ae21aeaa6e9c7e,main_screen
cb9c5390868070a786f40daf16912aee,statement
e5e10da25f1744d77f2ca40fd8b8b420,own_transfer
f3aef86eb940ed6011ee8c4432e83b84,main_screen
2f426711018978fa3eb4a4a186161e7d,main_screen
9c586ef9c735e52d8df973b1af0ca46d,credit_info
e18a0d589207a9b9f5cefeaaa35f6321,statement
f6bd0c600439f0fafa8453446e18bfc1,main_screen
ed3179df82f400f84f9ccf7e39aab65a,chat
b06d3b9e387a0a7a9d802ed1fcf9c0d7,main_screen
fa3d447c1c222df78560ae0082a3615c,main_screen
f437f23dea15c0b1b0c36de8be83642b,credit_info
e68010fd8124285aeaed00b03a8524cb,credit_info
fbf725544cf7ab5947ae0dbc4beb6876,credit_info
d9bca370897e2aa24061128d42749553,main_screen
84217e3932a786cc9a8bbd7e64a3b31f,credit_info
7f1232d53685166292a0de9bb3091f43,chat
489604955ef3ce72ffb740c62703ced3,main_screen
6724ade91df722593ad1d9d77eb06c31,credit_info
bbb4893914a8f4fb559669609c50499d,main_screen
dfa1b30fa87b72109bf7c5048eb4c181,main_screen
c135bc06e911649edff02e5944cadc70,statement
408f4c2e4f0a266218270380b1a587c0,own_transfer
7d3c7394e8c639f60416a8fa56f4e2db,credit_info
3f09b1ac0b473734ab506e6a903ee0b9,main_screen
e8ad143feaa4d7d83954b266bbea57fe,main_screen
15c059a6e065a1b32423326073ea9724,card2card_transfer
c0d0b03308321679a948eb0ac8cc4287,statement
d8b4def98076a5b74a412bc71e3c00b8,main_screen
779543d646868311563dc8a16e259a1e,invest
9709500dc429aef03556b7f0921bfef2,main_screen
c993feb2d7af832ffce0ba143c7ce1b2,chat
6b4e89b5ad56ba8c9ded47864cff531a,chat
83c5942273eca3ef3248f5cc9b74d716,credit_info
62ca071cf9fd801ef7cabd04c4645ea1,main_screen
22841d6aeb63ce7f2f5afd1d0f858263,main_screen
e0e7afb62c01fffddb20bbb40ae01be6,credit_info
be2ec49b7def6da6a3e135849d8b726c,card2card_transfer
231f1ff09460d9fbde336a5b42976e29,mobile_recharge
87839a00c1b0aba4a8507e9f8d16fdf4,main_screen
a478776295168fdc75041ebf20fa15d7,chat
3c4a235803a1f3c0c4ee00c66d6dbaf9,phone_money_transfer
4a9a1434e151dd99ae37b3496b816049,credit_info
2ab786197e28bedf8634351fb5218973,main_screen
13c8afee01d7986e29fbc2c1ab29e6f8,main_screen
4957f517033e9a6b9d8a62e197d253b3,main_screen
e62967d4908f9b60b705ff2caf003ff3,main_screen
5989dd7c45e0123d5ffaddc872a327e3,main_screen
d64b5184510b3c2e755700616a138f0e,credit_info
1b103bd7d83bbd290a0c76195b9b012a,main_screen
87295f56427dbb78edc9e62571c3bd3c,main_screen
bb78b24179238c13d863e2529d717554,main_screen
10d0e96b08d1b9ee4608f1172bce4c04,credit_info
325ed070654e4c7bc92a136545a79ca8,main_screen
f911cc5a8f5c36bbcbef1867cd60428d,main_screen
b414cb666c32d357ce796c5a9dc9d691,main_screen
6710129e4edc8dba90a00863e9e98751,statement
f2f8028fb575d3ae65c952c985c0048d,statement
5db179b2673211682c7354a598e073d8,main_screen
130357a053c35edff81fbe9662d56245,card_recharge
afcba7e12021eaa10ac8e72cf5bdf483,main_screen
e8ada40c8e8e9c9c4d950c5cb5bce4d3,own_transfer
d65d4ce4b4aeaa9a0f4f9e51a5e8d9b1,card_recharge
76c316645eaae334e6fece3e3e4d8b37,main_screen
034e83f2cf3764a218c4044ff2b39fd6,credit_info
cca156c9232240d4f2c7aa98a182dcdb,main_screen
d768e293759abce9e0e2245e8dcdd080,credit_info
6e304249afe3b7a03047c0fe4a16addf,statement
041b42bd2881933ac16d95f60aa53a24,chat
320fa60bdc133c1e7e7c58b84b212c07,main_screen
f2e3757f97c22044363a9b109f3f6232,main_screen
56e1ee3231d7fcdf76f068b6eaa015ba,own_transfer
f1d5caa93f2def8d29e062e1b5d20758,credit_info
b9d0365269aa789daf27689296102c75,main_screen
298b523c3520eb7ed729278878b633a8,phone_money_transfer
d81d55ded41ff2fa49e1d2c31e0117e3,main_screen
d48141c0ae702aab6ceaac3a56706e03,card2card_transfer
4cc01299692ec3399edbda58477593f3,credit_info
ab6625a093efd3d2842f171238ab661e,main_screen
e5306cf438c7ae4fc2813cd7f0e2e69f,main_screen
c5981fb3aee075d5d0ce78fdebf4e942,statement
01347df565a04885b3b01729ab22d0af,card_recharge
de1b7a7dc55dc9cb0f46d5ad13279bd9,statement
038a955b2cd89a84773b3d396d96081e,credit_info
d5ec24eeb67039762c283d53dd76f7df,main_screen
a6e91ba96b9a9cbd34722d90a96e573c,main_screen
6bc1a93890a22156046b75df24fb5ce0,statement
6891c1ca9b0ac7a0103707c5b44db770,card_recharge
dffc9a3948d6217f48e515303803e54a,main_screen
c423a520b1bfab33193d68afdd410277,main_screen
b581555acfbfd4edd2a183811419340c,statement
ebfb12ee5dc522a9e6155389f7d88dd8,credit_info
44fa5e207832d7b8efbdcba1072ba228,card2card_transfer
15afc9b7d78051566aecb417943c7714,main_screen
af5b50ee846a2bfafcb3e01e534c3b0f,main_screen
8c770aa45124524bbcb10f0589c9f230,credit_info
b7338b50d09951b797c196cff634c7be,credit_info
89dc60f5edffa822adb8420b8e69ab9d,invest
e8d9a5d6ba84fa9b770cff308051cbdb,main_screen
d6d8f788c2a045c28ee6777279c5935a,main_screen
afe69de782e50b55459d93347c4e54a5,credit_info
7dcc1a2a26a53285be431998221bf6e0,statement
97bf809f4f4e706d1ccb5734f6ff2612,credit_info
99f5427ca10e73ba36ba8859f56dc8b3,credit_info
0403391c95787f7d5da7aa6b7e629a70,main_screen
e07446110cfa53118dae3aab915d5dd1,own_transfer
a04cfe9b51e5af6525b8ba3e86fcbf5f,main_screen
330f8e3d6c1babe9764025ef31b1a160,statement
df5718677d9856cd30aeede7e0814744,phone_money_transfer
b01337d1f3188df60116aebc4533de68,credit_info
c7ade7a992f59942ed85c37fad4dd6a1,main_screen
9355e037368134452b49768c7cc06cfe,main_screen
079adc41751b56b4c38c235bf76f26a6,main_screen
a762c395fb0b4c7c6c6576f75b5cbd3e,main_screen
8a644dccca0cc30cf50dbf9a293ba7ce,main_screen
dd9d87be7abc1c9b7716676ec532a8f7,main_screen
30a2af5657805abde9cf28ed679ee302,main_screen
3a1abf475debc3818a3b405062bcf29f,main_screen
fce1a9ef9ce6a290d647b614e3f49450,main_screen
77e5bdd6a477df1561dd9f683d94112a,main_screen
0c2ea082f181a6c6c014061c35b08ec1,credit_info
416fc619406a65cd99eec4b574b9d71b,own_transfer
85a2d88ed63b54519f87f0b5a007bc12,statement
39923d1b6c17a4654ca384c15e5c337a,credit_info
17f183c8bf84ea16d0d924fb3d3442d0,main_screen
784cb1c4618c8016040801712caa7d19,statement
ff43caad111044edca28d6a3075070a5,statement
8819f8d0ed84bb20350b074aabfafaff,phone_money_transfer
c80ee0628d0f3f10078ddad548abf1de,main_screen
d447ef7cf9c981fec2b5e1f74cc4996f,main_screen
a66a1180f722cb4e19d226fd38e64e28,main_screen
b1dbadc5950a3aacf2884a9e9bcf6c4b,phone_money_transfer
d2a972444c9565ff663b042d8c8964e4,chat
0695fedac30c4a2c9660cec991a4881e,main_screen
cfc5085a02025d617fddd32a636a4763,main_screen
45e8ded3f46c6938e87257665ab6ccd8,statement
4c0eb7e690c1cfd44c30b5c5de33207d,main_screen
e38db7d30ad7e768bc0cccc377d551aa,main_screen
d2b5a84021493fff4c9dd983209ba60c,credit_info
eb9e99923cef32e5994935edcd17fc8f,main_screen
2d3023f3cf3ec2497edbfde85c6cf83d,credit_info
bc04a0598fcaf5a5536a384e47354881,main_screen
a63271970007d3a90929680cd81ece42,statement
1c4ec3f4b58a8bfa2f4875fc122eadea,main_screen
213a4ac418bd08efba184a65176df0e2,main_screen
f6b93dcb889927116ca6f64a0a1193e1,main_screen
146bc4db5b87fae188610d4c0867d155,mobile_recharge
7d7857fbf91e4b9159d5c2175183a217,card2card_transfer
2759bd22d4c210f596955b276f596b78,card2card_transfer
6dcc9efac51d895361f48608e783f1b6,main_screen
c48cd3ddf3152406bec3d74eca4bb032,invest
2e60826b74867060f8fe414f04461466,card_recharge
b70178ab4eb2fc51fcd23b55cb7faabb,own_transfer
be0cdcdbb539f022c2e884cc695498c8,chat
e560699b718ad1a4b7c8c454bc90dbe3,main_screen
ddbecb613e0b686bb4641ab1b0b4d192,main_screen
7b5a2911489e71aa7a61c9f23fb4352f,credit_info
840a4d9cc6061c98e88ce1732357b97e,main_screen
1ee8b125f606aece6dfed89b65f14f1f,main_screen
fd4d21d039d250a835e7379ee4af0870,card2card_transfer
221d3afa1b0ce3ba6ce4c4268fcabbb1,statement
f34e8de6dac265f647eba3898b782f2c,statement
aca75dc6052fd15b2b62476f3d34a573,chat
e8253aca302aa335a302d5c8ef64b570,main_screen
73a151181d069d28d5d37fb48c4547f1,main_screen
97c93891405ef8d89e4fc63201ed939a,statement
f335b9485809ee26b4395b236a1d9080,main_screen
755ea5b10dd813ec8426eb8d72dc9a96,main_screen
025a442cab100e9de6c27253caa64fa1,main_screen
0ebdd43589947599817ee1987df97f81,card2card_transfer
f21d244df91882780d2df9c68d9b9a80,main_screen
7242d67ad7485737a97b0a324e3b0493,credit_info
cd5c17cb0863e885eeeb56af69bf8129,main_screen
8ab005cee4848cc714160499bcda85a9,main_screen
5bb03ef3acfa1e941df0c4eb1d37cce4,card_recharge
c7ff97aa2718476900df3896981e981e,chat
e7a97dd3894943de1c028a583cc8fe4c,credit_info
eba43eac3ead60e1d78ee29d05ebf209,main_screen
8fb5867518f0fd4c613b42b9c6d9774d,credit_info
c4a0df3a52e9aac6e4b2deeab6f78358,main_screen
f443517b195449b0b24aa24eded9249e,main_screen
69fd2558a4f2284c0ce00609a08be7c8,chat
b36d92d709752be73640b54f63264e69,main_screen
eb5b54b5e8335e5cd12c3408a04775be,mobile_recharge
5710b0a2487bb4dd94462fd1b3672c2a,main_screen
3e482d74c14f10020b6275618b027ca3,chat
d74f7c3dee8f4a6e4e6399a008eb8509,statement
5f93f02324343bc286ac962b027741d1,card_recharge
afcd804d1d4e7ba0a7cc6ad7361f6a40,phone_money_transfer
1b0399c601cd14347ed0258cd311b3ba,statement
0076ac1912e76bae7f2077fc5ecdbd93,credit_info
042a306c3cb6b5d8b6a51a992eacf4b6,main_screen
a18dd0f5b5121807452cb6614d5e9846,statement
604388c4090fedb8db8edd391830ba74,main_screen
4b9a511d120989a01f6e8b4f0b633a96,card2card_transfer
ebcbe79a68d1ab99301fdec04b13a83e,main_screen
04474fd34d0fe7783bfd215551912df3,main_screen
71d80f88a48e79f583b18f0f6ad07217,chat
e066e0f5e30291b7bfee12c363302f0a,card_recharge
27e70b0f9ba2723b429051a1fd6ad05d,main_screen
bf1e45a864304cd7bcbb1ec57fe7ec7d,main_screen
d784f89a2bac92192f8d6c931c8e5762,main_screen
a71ecec161d8c401a0a5a69b0ee74222,main_screen
9df29da7515eafe48e4178be5a85413b,own_transfer
6fbd5ac258269b42b1532ad533acd70c,credit_info
b0b6aa3ea8a1c4f126cc40cb886a000d,main_screen
544e58d2400c36a62e39afbae406cf3f,card_recharge
c04f35251490685a8131a78bc35c22ee,card_recharge
1b2000299d239fd9b9c1568de8e3cadc,main_screen
e0550cb7adb6e9b4b798c9bc14384b58,statement
5bc4d45b1e8a2fe63647d3391d46496a,mobile_recharge
9a4c85e4db95da9f66bf81e66901609f,main_screen
ab5de870f46e7441cb7ee9183e67e508,statement
d978650e12d5a66b509b5f62eb46764f,credit_info
1e79120a8cd351ca2318465547fa065c,main_screen
08406a584a69303812e15941117859af,own_transfer
1c84a0866e9cb86a0b05d38c5a513944,main_screen
9eff367121203bf78aec985612043c76,main_screen
4b6728f739fa065f6f18f6f8019c22f4,statement
15efdaea8eacb3b4fdd451ae8369ce33,credit_info
1d05298357ea6dbb4a03b8a1bc17cf08,main_screen
7331932025025230d749dfd91815e3de,credit_info
ff2ee48b1158cc94edd094c2407b1b80,credit_info
105faff6edded821d6ad0f3069b32601,main_screen
ab3851b3743e3c68a0e734262afa3a68,own_transfer
a6367e282e06c6a6e7d6f88b7075483d,main_screen
3f1c7a22d0367fb0dcc9cfc0226584e2,main_screen
f22861dafdaa46cdfb88d5b199859423,statement
04d0feb9306c5d2b1edf12d3159b63af,statement
cb513a145cf95f548a0315bfbe1274f9,main_screen
9b2842d0d9df4e872a6759f24d034af4,main_screen
f81fea4690c07c39090c100021421031,main_screen
a4cb033b1bb79a35922961f8f2757013,main_screen
29b7bf6fdf3e4d9274f989eca54277d5,main_screen
0f72dd16ee11b338f21c06f4528265e2,statement
5bedbe5111f2dafd9cdba2d017c59aaf,card_recharge
5ea649b797eb0752aeb2bed3e00387c4,own_transfer
ea5ad9fc12f3d254b95b710a17b9cd50,main_screen
da5f23c22243f81e3f2f2cc4d9b5293c,main_screen
014d0673c5712cec87bbd55bf519a61d,statement
8a8f9912adc3f2e20a96cca3a81b2ec6,phone_money_transfer
a094c7df6c87e32c01a181de3998ed8c,credit_info
23c4c0afc428ed33ceadc79db219064b,main_screen
e01e016779990834dee80e66e65aab4a,main_screen
d3ce165ea895fef429c6c138afc7d87a,main_screen
7b07b8c2ee5fe87cfd1bda6ed4d856ea,card_recharge
9864a8cfb63f9a9df76153d6333bfc57,credit_info
2b90b83dd6bcd9315b5096504fbd2263,main_screen
303b6d5282c56bfc9f92a75fa96f908d,main_screen
4869d2aab9c00606e04118b7a9e0b9d0,main_screen
2ab7085d784092429c0c556e289a9844,main_screen
42b073d9598c6c5dcfcb0972c8d621b4,chat
75dd6fca8e6482f2e07bd99c83159b03,statement
cfc5d48592a4a2a86b662e57f3b25a20,credit_info
883626947130dfebde343f1cdbf18dc9,credit_info
36ac6e00502896fb53cce0b0626b468b,statement
93aae823bc62543fda0b9e484bc7e52a,main_screen
e805f6c1fb8847748d7e4bb3576f5348,main_screen
021b40266ad33eb77bfedd9383dcaaa6,statement
78d34b0bf9397b23d7786b4e293a7379,main_screen
ae3e9661d0f4c2ebbc5eac84266deb55,main_screen
c59db7e22c4cb24a6a5cd3cbeb5d3387,credit_info
52f71c2f0620c42886a657b26880e9f8,main_screen
9ec99746c3b3542ccc5b7d0842949850,main_screen
091997f6475080ab24d3f7f4656ee743,main_screen
a1ae526ffacc14ddc08c259a56f48368,card2card_transfer
f0d2d55edb2da6b6fded5a5d4bd62155,credit_info
ab6dd976eb7a038fa7bc1819e1ded73f,main_screen
4ba5e85356c7d19464febbcb8d9f728f,main_screen
653977bb2b0186491049b0f488cf740a,main_screen
90b7c94f8babdc93fb3d8cf85df400fd,main_screen
da435ddced9ad716a62aca65723ce734,main_screen
960fe9e1836090a5d081519357f88467,main_screen
f99ff0fcc8deffcc50099e4f8e82c3c1,phone_money_transfer
72481e9faeac7449b630dab985d094b7,main_screen
d14df8ae333b4bb807bd8636f1033d16,main_screen
de6e57515dd09c1ec6d484e39a81a452,own_transfer
604d3ae5679e811fbd20f935cec4aaa4,statement
341584d98854b75ce0187002b3eb017c,main_screen
caf5024e2ff70cd4a70ad9ddc17e77f5,card_recharge
dd8b5fea2208b87d51d98ccc46b83b26,statement
650e029aa3c88234200480298e985de3,main_screen
73cb3865f65ebc8e25f8dbe2997824f2,chat
d272276c02b61ce277e7179780f9be74,main_screen
a9a798919e9aa83440ddf789c42b832e,main_screen
ad2dd46d272fb54563688f343f272b1f,credit_info
23aae0b55372d4d62ced1a28f9644743,card_recharge
2140895f0b334e98252af1c8a73a608a,statement
441a683a3582caf736bb49c1854e4b75,statement
aa2ed0cdf683b48c8c8c1ea14ba4f667,main_screen
95e77ad34e786922ecc2d2a2a51b9990,statement
ac036699f2f20a5e18a100a4137b32bc,main_screen
f164fb4b484b493f5873561db20d41a7,main_screen
8021835ece4b82dff45ed0663c58f25f,main_screen
ed6e38903b169af53d9e768ce72dd3d0,statement
8d138447c69bdd32ccf5c52c7d61f7f6,main_screen
b5c7b35a93970f7a23396dbe0112a3e4,main_screen
72cd8b50330bf429fba6cdbb621ae9f8,own_transfer
1218b69080365fd74f0c71f0b48f6091,main_screen
532ca8119fb147aa3af31ad32068c081,main_screen
17a79721bdce6a04a61d90dc7c12ba7f,main_screen
a3a9ddb3f651707a8a9d642de3073798,main_screen
76659ea93e4c4e095f43c2ed1f08df66,credit_info
ecd4e1eedd5f42fc150fca4a47e32e5f,main_screen
5d7f520867c65d0bc8ef0af29ec61d23,chat
49a39855e375672329a893be183e85ca,statement
a206bf85fd3ff52b1e39fdac2afbf1c8,credit_info
c2ac54ddda5e62b63c9110c7aaa02f26,main_screen
4a55e421d40aa38d2a0deefe595868da,main_screen
e8256214a0cdd73e78ff71f23dff5df5,chat
98fd172329f14a7c168f73b25c151f23,statement
993f9880b2a0c3b1e0212ab7a4986f8e,own_transfer
c76c395c41e7ce86b9e936648dc9bfe3,statement
84027bf8390f88dba727dd3d23fc911e,chat
5da7a93b6f43efd671d18b55dc3c4f5d,main_screen
f33bce711c44dd360f285ca64a7dbcaf,main_screen
a885b5d8b83d62e535cbb5436165a8de,main_screen
4ac5f041252236175c7d86cef23d7a68,main_screen
6996e897a1ee74b8eb0b97c9cd4a92a7,main_screen
8b77a4550bf7f4f37b15d1131983ca4e,invest
cf8aeab0129406c589a2a5d93267dc80,main_screen
be10ef4614267a3613cdfd01ac3d7903,card_recharge
d73fd0a604d442bdc008ead3835b93e1,main_screen
4fdc05718d612a1f2c57f83f20df3aa0,credit_info
a8d858e3f1b00714f3f65720856463df,chat
b61eda2f6d5604051f2809858f4b4bdf,main_screen
42098af04db5ee0327344352db42fdae,credit_info
b02ac2e1b553fff85f0f976d78910f89,main_screen
bcfe5667d1b1d239241c4625762229c5,main_screen
a4513858197462cf29a6b80741d5853c,main_screen
1380173a3d6d010a6d6dbb734cefa77d,main_screen
8a7bf1b6ac010222a6b193e95a8c72f4,main_screen
0a478fcdc098343e2b6fc7ecb2e22a64,credit_info
52b9d530add734ec6cce20378a8ead05,main_screen
6b4a4c0997feed447b3203149edccb44,mobile_recharge
a0b2d8e1069aeb5935ee242d9d9f3341,main_screen
edcfe4e4e4defb75b16364621ac59eba,card_recharge
acc0cee2601c3fc935784b2aafab67d5,statement
eb0f9106cc494b0b5b53c91667cc248f,main_screen
254dbcd40bd23e9159f770eb7548e8de,chat
8ef017a52d75917fd1b8554682b547e3,main_screen
f2f852dc6e7c38ac0dc3279c0e263897,main_screen
81943a40a96789fa5f5ac5ba97b7b2c0,main_screen
e27c156ac4591c58a2beb6167d7c7827,statement
67b77828c1b587a99d2e08b4e6a2c016,chat
31bccb3a4f76f91a9401d11266cfb090,phone_money_transfer
6bbdaef4b78b92ff7eee010f25afb48d,statement
9bf5d4e204f6a02a61ffeaf2fa8ee8ec,main_screen
312435d0c4dfc5b76e76b0e09dff4960,statement
1bd26a89606bb914d22ac28e402dd1c7,credit_info
38236c49762e2dda52bde2e985f0b594,statement
4d1710bc70c0f7c7c7529a3079d9387e,statement
8db8dcd5f9def94bcaf087cd1703d6d2,main_screen
e63c52f9ef223c5442c93d5648c93ce4,main_screen
79fa6900b3667dc2da7218684691c354,statement
e5650c8c1d6053bcb9cb5e4a3a5b026e,phone_money_transfer
c3d3711c49d7522cd7022401cb204e2b,main_screen
8ce4ba44d88ea6eea92ff0622bed919c,main_screen
64334c59bdc68849f145f9a18a56e6bc,chat
dade625ffa8cfb1dff4fd927d975177b,statement
201e297e81dc399a9bb8a4b391f2d6a5,main_screen
345999e7443aa2c2246d6b08d42664c3,own_transfer
2a8d0f70d0516615acd3b8035fbaf851,main_screen
b035c342a61b0eb14ae0ed4459dd62ad,main_screen
6c2b775409b3f77ec2a4dd05271ce93f,main_screen
9a8a9836942501758b6f9bf27194dba2,main_screen
41967356a23870c8000d62a595061bb2,main_screen
6b6ee7e45b98d86141be09c0936f9235,chat
a582587e0c9d1cc8736222bed71fade7,main_screen
10a8e422923cb538b278ec74adef7246,card_recharge
46c4451b5f8316e7c1f29141ee0807e1,credit_info
2022836925f9e035029e32bb766adbc1,statement
f35b14aa8d5acd059451a7fdfecb2d4b,main_screen
f877bac1f39f007a7176beac86275458,main_screen
a695032c2b23b7556fa18bd7806b8eaa,card2card_transfer
f067b763bd456c58daa7181d4a58497a,own_transfer
2f6c78a1703f4aae9904f734f2df8a5b,card2card_transfer
c1aa04f821846b00ef71b5d3b7174fb4,main_screen
c27b6b5fb206e5b61ee386f0af85d785,own_transfer
f2829fbf5310b75fdf83d4e702aaad65,main_screen
277891d8c507ecf81ba3953ce4c17d52,main_screen
7b309ccdb286de7d940c3a00827c6f5d,main_screen
1cd9603f6345fee37f4138840dce7a84,main_screen
54b388f0e5ee41bdd1b85ff28d98a4f2,card2card_transfer
ef0ac25001b8a64a305d6ac6f40704e2,mobile_recharge
2c32f5c4187421eeef0009d7c3130a0c,main_screen
c6d85eef2571e83c9978c26cb0530cca,own_transfer
d64d156c11b962bd7010a4eed1d3bc4d,main_screen
dbc199bffa96e007b90fa928683e424e,chat
03fc8fa9b2586b1c203bc7a2207ac521,main_screen
5da15f8668cfa5308a2a81d42e76be98,credit_info
4ee6da3fe1c9cc9630fd3a499fb2ecd8,statement
90d2cec8773147918b6cfb50231a3a3d,main_screen
1ce44b8d1ba93345a3faaf31534e2361,credit_info
0c7622c451175368c55f3c9864313c3b,chat
db3081dee3761e17bff235a3c46931db,main_screen
5c81d99feb7c1c31231263cf8c4412c2,main_screen
32d29186ea9cf682083588559ee74edb,credit_info
6745742faf1aef319ec70631be85cf4d,statement
cd5316feafc5a68c9f01540ef0a53d62,main_screen
90e96ebe5b1c176954be1f156531b847,phone_money_transfer
2d47523f05f5d62bc4bc0b55494324bf,invest
c7a80871372c76dbb1eba8edb8b87b84,main_screen
7a5f8174ec0dc707501aa2453ca6847d,main_screen
1c5805726a3eadf05d415e3b0db01161,main_screen
a60d9b43529e38448ed64a52388a3c38,statement
26162427804b0d78d004fde670bf4993,main_screen
09e59fb58d08d89dc0246f40ebd404a1,main_screen
ae9bf4ed82681aa39225ffa53ab560ce,main_screen
7d7e7bc33c869e28deff61810cfb1de0,main_screen
aa9ce517100bed8fb5b686724867ab96,main_screen
205f33f71f3e0d41515e2bfe9da2717d,main_screen
5618668705ef0aa951fd3ec6d64511b2,main_screen
48e64b85495337c6cdba0cc2b27112a7,main_screen
92e75fd1d85da879f818c7154ad70bfd,statement
24e2b459df8266e5b180fc1dc32ec7cd,main_screen
e06e9c5deb5307db1922b8e3805149d1,main_screen
e09c199f57e77589483bbd654ce1b78b,phone_money_transfer
0d8d74c6b139dc2179d02b999676c179,card_recharge
c9cd624db5caa5701864870dbaedfe2f,chat
6e5a61b6c5f67487c0e3f0dbab3d7586,main_screen
8b736f51ab5fe0d85d380dab36f296c4,credit_info
e9b8cda4b091d6f5999ad3bd877c6e3c,card_recharge
61ce2e6ca941c74e2985df68cf90b56a,main_screen
f2f37cdf466515e4edc680036ecbafe6,credit_info
3267df73df1cba1f52b5a2be1bfce57a,main_screen
d1d5965cb5240c5ebc592787b5dca758,statement
b2f0dd4c2ff166e742f2dfb6fb25e2a9,main_screen
e180a0c67297811c5823cf91e5872374,credit_info
bc20d81308dcf1918bbb6b3252703398,main_screen
b1190c29803415181bfa158679a2e9a6,own_transfer
c06a7c3a109968394de8cd97da6eceb5,credit_info
5beb7e02703475c6a0471c28c1ed9f2e,main_screen
e03e8b130f48df8cb2202eeb44bddc18,main_screen
6d5587169789bb25aea9df44cb1200ac,main_screen
4766a6f62aaba3aa359c224a7ea7d70e,main_screen
6244bf22ba3198f2a9eee9178bacf0c9,main_screen
e44abd661898f95b610dda70cfb9fb0e,main_screen
f5a7467a2a4d18ab64a52ed30b2d910f,card2card_transfer
aefd411838a18ee71da4b28bd7dd3424,main_screen
997fbba8d3fcd099159e6275197d7269,statement
fa81aaf8233eed9bbcf67c9179e21605,main_screen
8c9e066cb266a4a081978c659851464b,main_screen
8947656f691c6254d29d8573cfadc204,main_screen
047e53a5b8e40416ec153f4e1349e341,credit_info
fe2798e0412f7fd8fdefa2c1071755b3,main_screen
ded617aa333a5588814c38b55ef000d1,credit_info
31f123212f3cfc3ed2b811c096ef0b09,main_screen
1fc0297fc03adc3946e968966c22d47a,own_transfer
c0dae946832bc3aea467c4b4da5d1634,card_recharge
bc54ff24c25d4520e9e46d2818247218,credit_info
6765177b061d48dcdfaf91b3d6db5dd3,main_screen
21a28509c322974671eb7117ade6b32a,main_screen
4f5f22e32224f99a7e993205dc138836,main_screen
c3ee4c7708effc3e85aa3de505b8eb7e,statement
ca9091761d3aaf00891f5e8d4aa93bcd,main_screen
d4bf0686e3cef16caaff096c3c9be3da,credit_info
c16b44d4928b224851aea79472b9d458,card2card_transfer
2d5bce5ade4267612208bc3574313950,statement
1270ed6da78430c72133258138e0f65d,main_screen
ad42d4a2bccee8939ed6689aec528b66,main_screen
164a03002cd21ba851cde46a22ded92b,statement
5c6244105f41f2ed3ae413b09246d178,phone_money_transfer
f11a13dfd4b2b3ea1225e7824645116c,card_recharge
63280497e9ae6111a04aa8a1520a9a4c,credit_info
c1ae067dc0468840a5e00be3b46e664a,main_screen
6ac165432d8fd3bba43ba83bad3f5cc4,main_screen
f4b84ee7a5167d7291369ac375ebd3ee,chat
f0bc5cad7d3202f8c1327dedb7dbe968,statement
cc25f8e19a9866a448cc423b6cc5eec8,statement
6d49bc2bd3ac6425f52179bf37dccc00,main_screen
259a5a118639cf7c5d19568bfec6b32c,main_screen
11944939fa8d087d09e5444e5e88a3d3,statement
68f7640a9da7472b4bfe526daa55d55b,main_screen
15adbd30d119435c4ecb5f7dc1e5e8f9,card_recharge
ebc2518664846301a9be0d6a7c099140,main_screen
ddb7597131234d266203fca6cbd37aeb,main_screen
aa4bad0023d3c6057963904427c4f442,statement
f149a0c591e338f3c7dc49116a751734,credit_info
73b8e2c2e0ea07988e5081a3dd894658,main_screen
1421a77c125a8053e70400ea6a46811d,credit_info
c161243b369ce7fb64f1b42114f833ef,chat
a94e5104c9634ac113b7a3f7066eee4a,main_screen
e1a430805bb58c9528331912211dcf2f,main_screen
97ab6e7c8418243c162925082df805dc,credit_info
13591d55681eb56116bdb45d98c3a902,main_screen
5ca345a2f19dc1f09ce5d19ce1147e54,credit_info
69c818b9fd7f3aabb17cf464c4e1a445,main_screen
b11cbe790c911ed9083ffc27aeb02712,invest
7681002502a3f49f22c7df67bb4edbab,credit_info
80f96877c3bd52fd2e664602151d1fcc,credit_info
6f128d7a21df5fbb1f3c7a068fbc2d83,main_screen
b4cb37d2b2656679547d432d92e58188,main_screen
ae799446182b477d3b6020b751013e9a,main_screen
91a0d539273e995e6231291e6b4b7b5b,main_screen
5165d9559482cfac6d3099090978180e,main_screen
258399534c7c0aa76df669b4d323432a,main_screen
78eedbf61871b140ceb69ab188119cdd,statement
3cddad4859ab0311d32266318513c9e3,main_screen
e9ddd0b579c21efb85016e80a3b5532e,statement
645dbb77e9d3ade5d4949e93a9f650b6,main_screen
a7f62b626b8c31859544423054b4f254,main_screen
f14228924587a9cfcf098d551dd69c5d,statement
51a4a9e44fa0182a1a577656c98d069e,main_screen
624fa8a8ce05f21b94396319848a930d,main_screen
bd8ea2737bd38e8abd4608bd1ceeceb6,main_screen
64890104747f9ac1394a7c9c75d15513,main_screen
5b464405853e663ae0dd4a29e57c6601,mobile_recharge
cb9eb04c7de0220ffe32d3771066bdb5,statement
02db09369e945854334b4db8c1ae5fb4,main_screen
17c8c890b83f09bee62ba94a2d134ac9,main_screen
b958ae300e53220a8342f497caa85c47,statement
15c1dff4b00f40c8e1279c12d7c62350,statement
77a5ca0b9a352d5b895b583150e0040b,main_screen
bab6bdedf1f3788fffd9212594f3e2dc,credit_info
9edb4fdbc0cdf2edb79e7ec9b7d6702c,card2card_transfer
f275d133a5433b4c4ec9a81750cf0057,main_screen
018673bd4bea83aaebb24784336c80e9,main_screen
4c15dc184b0984e2a007207b568f3adb,statement
55c2e99110cdea96ded406aaf9200f28,main_screen
83bfe0eee858823b7c3ad9b54b4f11cc,main_screen
3a5d1f73fd03c90b7471db4829983e86,own_transfer
8557d3de4ea9a9b1f50f11280645f6f4,mobile_recharge
537c90609564f6950758934a7dc35af7,credit_info
a301d7f758251f61fb9f7ea5395f6bc7,credit_info
055337eabd82e495ee5f7ed482fc1c26,chat
a016fd68003a797bd49b94e5f75087f2,credit_info
6ff29964924819cec18f14f9e052736e,credit_info
09b86f4bce5c34cd787f805bac34b952,mobile_recharge
4e543ba601170e3a41c4ef14ebb2dc81,card_recharge
8ec1a627bcd744428fc8af0aaeff5ad0,credit_info
1adfdaf7949fecbd56dbcd9d955097e1,credit_info
55835536a0fd623be7fa7b6893eadd2f,chat
799aadf20073404bae9b565f86572465,credit_info
7bf208e33e894d54d22cf3bc1f4be607,statement
6e9faa4a005086e477b6d62b9141a64c,main_screen
adb1bc8e3bfd8d5c1d964d1c95d6a6e6,statement
c73bcb5c1f9719411911414f7a8b0cd3,invest
7b1e113921412ffe43aa48e52fe8a9e7,chat
4c123917715b7ac71affd796d90afc40,main_screen
64ce09351854edc3ed01c4082908eb29,main_screen
7e31bc7813435e3b6a11b2328af1535b,statement
226329682a47d1f46273cd2a4ad3c3d4,card2card_transfer
cad1b13e5214dff3fbd39bc44ec5153e,statement
ee96b3dae1ff814d050d3d91c6133c76,credit_info
2f3faba278ca80d9bd8cf08f415dfc02,chat
e8f3ef7a094535e1e8415bcc62a7d8bb,main_screen
6287a12b7d1611dd71893c396fa3d757,main_screen
a46c53eef1474dd34fcc923ba52cd223,main_screen
1889273ac4ba83ecdc74fd3a717a9062,card_recharge
7af79682240dc1f289a758f37ef9b766,main_screen
d925b497b05423f282ccf5e94eae0598,credit_info
1af3607a21ee9546b2ebec3fd1de3928,statement
085b38339a9c9eed5acfe384e57ba767,main_screen
19cf6976b8840e8f4e47f316ddb885db,credit_info
893fd744de3ad5a476af88db42582fbe,main_screen
7cd5939b96f0a7a1e2c86a19bf5cdc04,statement
e67dec94e42a29384c3e6c7e09023db4,main_screen
aa95f89ab63baf50d69262bfbecb4e1b,main_screen
fdee4a4ac05e0e987787896009aa5770,own_transfer
07f6f7afadaba76230fe40d77e91d6cb,credit_info
a479453f5d05c3ebf9982bf81a9aa7a5,main_screen
9dea3738b7d55f8c66d44f61e7abe7b4,credit_info
e93028437b192f7218bbe3c663b08417,card2card_transfer
1ccc770ef63ec051fead08710c39b22e,main_screen
dc5d5a4f3696ef8c9c7826a86815a2fb,card2card_transfer
555952fd55ba182e76efc987f1fc2087,credit_info
eea48ece29c5d697d28960eb1a8dff23,main_screen
8d3c090c606a892cdb99cfd125ebbfb7,main_screen
284043ad0e2fb58f7f111df869dfb376,main_screen
f1e532cf1fb84dcccb3fc409891cd4cf,statement
8b549591fd4c27448eefbd71d82f0f47,mobile_recharge
54caa72024a593dc784dd4099c685638,main_screen
7db34b00bdca639a699a6e3e40558666,credit_info
90b03f7726f1bd3cb80bd10e1a5bb7d1,credit_info
0b97fb8f5679925e862e57d883d6abbe,main_screen
2322239cfb95df729b2c80411c861cf5,card2card_transfer
49e05b49314385c704abc62eb5e34e23,main_screen
b5b594d1a5698cded1df4225be2a207e,credit_info
fafb7d4833d0619f03da9df61c4f50cc,main_screen
7f54cd1ca59063a5171e387d8f802699,main_screen
654b10697528b9faeeb2acbc24ac688f,mobile_recharge
7e73a7b405e8d66be5a1c7b8626590f4,main_screen
56508ec5397750fce04ffc4104b58b56,main_screen
1c19f319c694f359687200bfa454a210,main_screen
d2485bfa334237608f66157f989ebae7,phone_money_transfer
0f5d48d636c755b1fe6d42ecac1e7eaa,card2card_transfer
a9023903a1c64210169599ab9f47cf12,main_screen
e11e3c2f3d325a9f68ab271fd1d0e67b,main_screen
7508b51511fd4e5e2a072ea2546f75e3,main_screen
933a359bda8fed7a7ba4363623cb28b5,card_recharge
6e22d6c4ee4ac94a93e4b2ed3dd80752,statement
bb71b6731d19c6d081068018411e1dc1,chat
78d06cb98c65f038edd6fa9870994333,chat
84cd13f58153db81740ac395399318dc,main_screen
068f04833178c5dbdfc4a45767370a6d,card2card_transfer
1abc0e3abc0476d1b82c4bdff12bba30,main_screen
d087f352ae4abe9b067c0b3d4e169354,credit_info
7041b07dee1757baaac4a8d040b8bb0e,mobile_recharge
26774a2583cb53e1e841b48129e80520,main_screen
7d9c1118dd5e3291c1302ed7d0eef831,mobile_recharge
48bef8cc3601034c4bae4ddcfcab4958,main_screen
2411ebac0962169049648d7962f2bd7c,main_screen
e2fd62037d5412afbdf0f3dabd7830e7,phone_money_transfer
90f0bbc121d5d1a329dc2fdaa9ff7c91,mobile_recharge
c535d5273bc908086df19f90a1008e4d,credit_info
b028ba893e5434f2bfe626d088087aed,chat
90fc9b4b4fb7b7c408078ae69cdddb2d,credit_info
e52dd67e5640349c25a07ad5ca37061e,card2card_transfer
f1369faac545cb5634c028e81be2e980,statement
9bcacdedb0de8699837a0ea3ff33e99b,statement
dc3c45e95ee8029fe68473022e6f3aad,card_recharge
65819325c51974fd261a553bc60339db,mobile_recharge
4fbbc1ecb372989382f0689dc3c24a05,main_screen
d6ebdeffc1614eb27f1d4d9d48e75f5b,main_screen
eda5802ae444c0d0311c8e8cf97f319f,credit_info
e4ecb23eee19b52d50b29f62b6f0ea22,main_screen
d28436331883616bdc3776ebe525cb1b,mobile_recharge
a60729701626b9e421e2663e02f81800,statement
311eced7cc67c754822b4500cb1e0403,main_screen
e33aee2d93965ea3efd60363ce3c41bb,own_transfer
71a709fd13b6f9637c1b22a80fdd848e,credit_info
ec4d26562ac58d75a61c7281c8b3d9e7,main_screen
881ca323eaf477447aaa5b4808f9e2a1,main_screen
19c9cea58c357d8245a2d76d6cb54a33,phone_money_transfer
6f370769306205c16439ed86ef232c24,main_screen
5c668b5e5a9025b9378995ec35b7e91a,statement
6d8974f347786ed15e65489866f483db,main_screen
d5747decd91af268b5e86e2e5f253b9d,card_recharge
49729724e4cc1c1007e601140af9c146,main_screen
54c2327c794f33fcfa877509b8e11917,credit_info
0fabd76b9b3ba150665d8da51231264f,phone_money_transfer
145c6a1e8edb64b8d5d3cdba1f50c15f,main_screen
38c3b568b4ebaf42659ce67e5a873e94,invest
9363049987130417a69ab049f3a1315d,invest
9a6718d40becde767279aeb92ecfd9ce,main_screen
cd7fb4cae1bd0e7c0f31c07daa53cdb1,main_screen
815b3097634c93ea40f9f23bc6c8700f,phone_money_transfer
1342a979b735b62d1bc6fcfb9ad3ea1c,card2card_transfer
e47420f46eab41926bb29a2de9fd0acf,main_screen
0a0486e1d1d5530cbdc30c457aa72d72,main_screen
3bb68cc7a11214889fd64bb5f8caba0c,main_screen
4128bd12a10ed29170e04414ec881d23,main_screen
6f7216e1b491dcc268df7c02bc135109,main_screen
b3533802273e3f281a1f5514ddc356c9,main_screen
4ee86800f1ffec0aa74bf39c256285d5,main_screen
67c9a2ffdf0f1ab4ee652d497529d219,main_screen
4a6a3d23392ecc1e084114f93bf7e4da,main_screen
079d8ec840b902e337a238128c2a2c15,main_screen
426c097d8ca12a0d7fe594d82a6fcdc0,main_screen
faac23ca53b3a8f4475c96cfe53f898a,main_screen
a9343bf74628aaf714e340b8a3e07ab1,phone_money_transfer
cc9fb3d2937f03b1d1f665d21c5cbb57,main_screen
f45039a9fea92c3b2c44c03140bbe607,statement
0e87de6b68a94fcff6390a1542ae2f4d,main_screen
34f796e80a44940d0a9ccb3da10f3ac0,main_screen
56786f15ebdbed59832a6cef335fd2d6,statement
02ab0c98b21299232ae85cac64feabb9,phone_money_transfer
19cf0dcb66484ff35dc7700372ac8f94,statement
adca5ed7fcdb90afafbb39569c5f04f0,credit_info
6965b04cc833f4b05486273c258bbb97,main_screen
392200effe532d8bb7a13053f67b4478,main_screen
695cda20f9b42b9bdece92f78a5f98db,card2card_transfer
28789e6b363b9b6a75b554c66a2c9d98,credit_info
324668c9f198fadb9d041860fb8d1a54,main_screen
7356e5569e4b0857dc602e4165ec90ee,mobile_recharge
d9ac40227d0e8e5fdcb9e4ccfc387110,mobile_recharge
be53f528b3aad03a0bcda74fff491c95,main_screen
0fcfb96f144d7db8beb734699dee2109,main_screen
dc053fa98f83215eb9592a60a898ffeb,main_screen
09a86381435051ded5050477b9fa1e63,main_screen
67d654094dbcf1dd8bdbacc342085bef,main_screen
11f9ef7753f22898b2976ab1437f4708,statement
d93a6d097ed9909aa16364564e547b03,credit_info
032cb82793a17bb27c4caf9c19d01203,main_screen
1136d9cf22f19c21e4b79c74637c3547,credit_info
7e0c2ee08d747c8843656b179a7176ee,mobile_recharge
7faab622cd1c5883453f968a11c6ab3c,main_screen
d19f5580fb407337edd56f993cc11f49,main_screen
8ea714e6918f1e58bfb9880bdda3d297,main_screen
afb50a6a08b1d3c20c4f4f6f0205c722,credit_info
a8d99562e37eb13b8eaaf026ccf7b8d4,phone_money_transfer
9edaee0a0c0f4f3cc3e7349ab48223ec,own_transfer
be7fc562b11caa9d0eb9e37f557ca077,main_screen
49ac36576bbad6254e549d0dfbd41729,invest
5fcdf8db0fe9c3ec70442070561d7e77,main_screen
f4d29a0f6ddebb8f0c3989c47ac8b764,statement
0afc53ddbcf6fa2e0ea019cd34b8fd0d,chat
371f8b8fc557cb591a304f9ed5be3610,mobile_recharge
5e8718363c5ab852c482e21c0aa85ab9,statement
7e4031cd152163130b549fddf84a9966,credit_info
8bfe3d422db1728c7812257d51013362,main_screen
ec8bc5d47d0c08aeb8e23e1f0e3b910f,statement
1bf040472a6b33a89da913f38ec57943,main_screen
cf76728a1ad96c92450451a0d15b997d,main_screen
00250495102ee85e412ed2c5db6b228d,main_screen
074095879f1de0334d2c8501759c9fb7,main_screen
403812fd45d73aab4b67aaf5f3162efd,statement
6424c51078a23418b7f30c8311927dca,credit_info
45e901e0893736b79b733c6b3bf02962,invest
c902828140eb016981e9b91b38f32f8e,mobile_recharge
a814e617946f13a3dd4ed1316e90ac64,credit_info
83650c67cb84131ce74a7d034594c53b,credit_info
5ada2e5b11ba9a2d2c0f473fa24227e9,main_screen
e485929ccb32f95ee91fcb401dd2513d,main_screen
10ee1ae28661e61d1adad767612b8f61,own_transfer
3f1d7295d3107f675523dee22effafa8,credit_info
cf38aed1a17688148a12328860855f8e,main_screen
7d75f14eb8ebf45feee09e83b24936de,statement
90b9da8cfa1948d9adb4b20bbf53c7b5,statement
d9531c8d865e2bfd97a10920da518dc9,statement
7ccc501610fb4024aa57d04d8c53f719,credit_info
c1dd370bfd325a4cc7cd2b3a0f8f311b,statement
956082afb1cb071020489f7dd80a393e,statement
fa67767c4cc208dd9eb7c9e686840c28,main_screen
dbfa3fa3ea3b5d1f050998121d3553c6,statement
386b4899429401dfba8b189af8744864,mobile_recharge
6ae1d186d68ebd90fe8f82361c04ef9d,main_screen
5bfb9c1b0a69a4694c37760f15c77d6d,invest
62538019c602c190bb54f6c88ffc73e0,mobile_recharge
67b01a3f049e7056835dd19ac4b49b2c,statement
e61930120a739e91c8afea98e308908f,card_recharge
a739e5fe5f9cd31292988e1ad6309b69,main_screen
eb37fb6ad9ba82503d001000f4b9ad0e,statement
4a1ba5e61fa72604ef54ac5ba2eb273d,main_screen
3e81f86ff6f80497d63de8e8456a5882,main_screen
a9ed110cca3df1e76916f29d66db0f19,card_recharge
2db28dd3f723fbfc23ef9edca974681c,statement
4989cb25447396b990bb9ed199788316,main_screen
7426916a789dec1ad14ad0b4ccc4682d,credit_info
1cdf2b4285b09f4a9f57821c2c68b44a,credit_info
2adbca02f81dce2a513d91e8e34f8de6,card_recharge
2fdb6a666a861223c48913b2830cdbb6,credit_info
0a57ce8a59048f666dbf84d3315ce4c1,own_transfer
ddc078e21aeef9ac868607221a4abea2,mobile_recharge
89d566af16c4032ee7abab42a5b8a067,main_screen
efef27ca920f202929ab9b296f7c5694,statement
fd551ec2561c164b45553beebbb37459,credit_info
a8aa263a9db393c8b1996d00c7d81a13,credit_info
3c12edc38d8d88be0ccc82fae96ae064,phone_money_transfer
e52e6eca5d199cfcff00149317c97fdb,main_screen
0de50613b62026f791f9726d4636fee4,main_screen
041abec8f7c7d0f4dd07341cb2e0ca16,main_screen
7f15018322668189e0130d0869c4ae2d,main_screen
1091f9c694b65ebe44521cab70cc9a4b,main_screen
05df0f38d112599c34eddbe9167cdfbe,credit_info
be720b411b4384b5cccf3556560f8514,main_screen
a32ef5803fc67fdf5877817b6c6387c8,statement
bb740adde9ebece194d3e40306259634,credit_info
e2b0cbdc26bdccf7d40a738529392dae,statement
31a244a54c6a2bed1ed17cba81e66e52,main_screen
9247f8b41b4759456663a674c427f323,main_screen
b96d6f8d637d43d7284478f8b5a2539f,main_screen
b47e2d0d7bd84cc87dd46a880a881e28,card_recharge
632e15f53fe2475c0632779264b90ee7,chat
c990ad8b8c6691a4fa08b0d89121100b,main_screen
592336057fa4d7c1fd4c7f3f9f339a46,main_screen
bd03b25d368fbdb1d51de04325063370,main_screen
0c106abe9c35c98b6e5d12f8ea2f7a50,credit_info
b162b58d6ba4677bca83c612856a3219,main_screen
5b052592f99b38ebf2c3f6e656da0bbc,main_screen
cf22553b45f0702069cfb2399205673f,statement
b1d03ad7a114b9edfc6cf5cfa418bf64,phone_money_transfer
0c9f0e54786f96f816991abd857080cd,credit_info
2afe2f8701723bc391ce3af8e2f3c08c,own_transfer
cd1e299bae8a120a173a1242551f1fa0,phone_money_transfer
373ff2a44e140eef868481b3d96ed65a,credit_info
95fbf15e34f5ce476b55f9dd1d34aecb,statement
20e3c8cc942b849d22b0794a83e9d564,invest
99099b1428279c08f125e4b093022965,main_screen
0eb0105034f5e620f5497ae59b60c754,statement
548329d9856e2535935a704a8cf51735,main_screen
1b2b6882dc0b05dfe6187a9ef7e404e4,credit_info
74450d9f5b93810dfa7d7ad4a2d82851,mobile_recharge
4fd98af589713c2c50cdf0fbb24e6a03,main_screen
160098ca5a265eff3422ac65dcd770fa,mobile_recharge
ff654fc8cb46ded5de6e0d6dda8e165e,main_screen
569f7187f96b72556d9afaf2c769a4c9,mobile_recharge
d380fc58151076a92bd20a97f42a23f6,main_screen
7f5a69868f752dae388cd82507ee9c8c,own_transfer
b545e19f759220067bb436c64bf985d0,main_screen
0ca160f044eb7b4571fd85cdf5202d0f,card_recharge
e1530b806965c9f6adca6adf035bef1d,card_recharge
46db22df214d452d43796bfedefebfe5,card_recharge
ecfeac1705f58aa892364a27c0e2b191,main_screen
a3c49b77ab9c1cb4ad85f559dffdf86b,statement
5b59a3268f26addc8500c74ffe362885,main_screen
b80eff4c359a0e4e0c948ee32a21a4a3,main_screen
9d8a41486d5047433e74791d0aeaa8eb,invest
eeac00c2b00acfd27ad9dcf6c1b30dca,main_screen
1c4993ebf45378f9db1fe2e3e9258262,main_screen
b32e6f6ef01d08aad9a7a4c8d6489bfa,mobile_recharge
695e641c5c855fb62965e447617b7615,invest
54b4fdfa6ebb22156ec9f1ac841b7958,main_screen
95c92cecfdbef5143f6e15179d72568b,credit_info
c56f1494e9a476166932aa4af9046903,statement
af9cbf5c53fbc6d505c0e9a020363bc8,main_screen
70620b35caf0e15db0b3f78dd927a3b8,credit_info
b80748b49822f34b092933fb061d7115,main_screen
af98fccd2d55efe10dd203691d59dfd6,mobile_recharge
dfb1f27dc1dcb0c7f8cab4a549d98f53,statement
eaa35f5b0ff2bee4c3f72af67b63e7f3,card_recharge
c2ec51b497b085d04f709b51e28be6a3,card_recharge
9bba912cd59f11528ff87f7a1f1cf9ba,main_screen
5be8c5bebb92b400f38b79f0453a493c,main_screen
3aacf2164e891b3bc429d756e6fdcaf6,main_screen
743e804f7f51ad5c13a9a1f5cfd527e6,credit_info
4a982394778bea18e2db7ca713316112,credit_info
dc4e7d6cd8aafcb1d427fc4df0026a0c,main_screen
a0e76c381baf02cdf7afd8084944d7b6,main_screen
0b8e99f58bbb17592f63b75c480a3fa9,statement
aef29b5005354f2d957e82db4546b496,card_recharge
57f0be91317bb88e9bc1b422cd84d9b5,main_screen
5e932ffe9f75fd5d3f27e1ef47545856,main_screen
d12138d296219a3c64b65628572740b4,credit_info
f628500fcb2bf4ce8d311fc17805647b,own_transfer
2d2da7d21556e2f724d01ca672e40c33,main_screen
28eb62ea996f399b5ba2c09f9a3cb281,statement
2775fa4ba20ad98680fc55f32d97abb7,main_screen
ce2b90a99bed89c2fcc5365aa80f2d9a,main_screen
01f1e476ac5a8337fc871018efca42ac,statement
b01087b4ac4bc1568c326410973b168e,credit_info
1a74ed1042d0c48595ee4f2656f9a08e,mobile_recharge
830e7c5631b12940979a42f045525155,statement
14cc7fe7a78abef775f4f8c2da7c9552,main_screen
5f20164841122cf9c6fa4e75c2bdced2,main_screen
290d5aa5c3e18506d18aaf3f1571f374,mobile_recharge
f0c949358e69d13eb283c6bd4fd11c9a,main_screen
d3d58153bba741d869850ac54744c87c,statement
0b090e794b5313adb7448feb97eb8bda,main_screen
02c857174593540c0706895395479cbd,credit_info
bddbcd500c47c7fc846c5a9aeb556ee5,statement
5b215ec45163d4e62fa458e0efa99933,main_screen
18f9aa2ebfb87ac2dc652784148d516c,main_screen
dc9ff50f19bdfe6ee6a33b4f7aec09da,card2card_transfer
36e624e0856685ac1871d7c1bea84984,statement
7dc0b5a2e935d5be21533f6e78a3eeb6,credit_info
f2d825075dac37bc61367e944eb594b8,invest
8816d73162ba99bae964e8d2b8deba47,main_screen
309ffb98bcf0631681d471718ba9ef61,chat
1c94e640ff7b41bb4877f9e9743bde74,main_screen
ad536e12bc9cc1ed81dcac2649419d1f,main_screen
aff812cee51306ee8050493550236f4f,phone_money_transfer
728fdd87fa906a68dde58c608785c583,main_screen
200a10c894ac7f06aa0c34eb37fd62be,statement
b48d48f4e979e6fa9c35bd593eadad63,mobile_recharge
9b3c79e14fc068b7444399234a17e99a,main_screen
9ac5812fe54b67e98229591ff6a319ea,statement
4f7192f17d30984747de84d5f0271356,credit_info
4190cbed5355f9646f2d933bcad86af9,main_screen
e8497637465d120aafc00e18c53bb298,main_screen
24c218d0ffa8f1ee246a37d175e99f91,statement
c01080bc121944743f10f1f683db042d,main_screen
eee3793a53fa8c33fb8e5693bddedfef,main_screen
ee7f5efdd5f2675b1c85bde2ba4e43e2,main_screen
6479188a2473fdae9ec6a67e641b4c36,main_screen
57d01361807f4c638bbba1a0e95e8924,chat
c6e35c557ac5181f2858a96832b5f015,main_screen
a35bd51797def640a59b5b4f5b78ecd8,main_screen
5590912b2820e15652bd60c1ff6c2579,main_screen
23244556020ee3aae38ed899b567aa4e,credit_info
aa60d1669a122ab98bb6a702007e8d2a,main_screen
e536b878d50f470529b2053485d1788c,main_screen
c84e8009353306e4c32ded96d97ae9d1,mobile_recharge
f27fe605e7781117fa0cf788e6b7fa18,main_screen
47730520d069bb79816662dfed13b3b4,main_screen
988717f427a992e4a733a69b0c1ecebd,credit_info
6e1217d93f7642399c648d41dc3eb276,own_transfer
58c72cd40d8e0874538c050028d5128a,main_screen
c3ba0f5efdf6b0d04a230e3947e87445,statement
79b5719c83597304fa3fe7e1cc799d26,own_transfer
54fbfbbbe1f61956761ea8062adb12f4,main_screen
4288adde4390e33c965350e24db6b506,credit_info
0cc25a408e1f5c2d9152dc9264ea6fb7,main_screen
4d266f6f0ac872a4940a3df7f8704a2a,own_transfer
1b49fee9ae3f757d8a4b1d8ca7f58820,main_screen
e11c677ed155316b7d7fa505489b3036,main_screen
eb35052c0a231aa305cb2d2e6cbb0f9b,credit_info
8fefe413c6a90487014bc4e361b8689a,statement
f576ffa7c2b5d4cb25aa9c1dd1073b58,statement
59131d682cdd07e62577e3657f48cd93,credit_info
2fd5dfd26e13f45d571f6e5c7746624a,chat
5c3854e3f14c223672460e53553d0599,statement
1e496dbc0c7893b02cc927ebfbc13201,invest
4117f7f146b117ec27af0f8c3849649f,main_screen
8ed6035af013f3a704b7a97a69404a99,statement
f8b99926cfdca9c8c91c88c4e8e263c5,main_screen
e3ba878112e14c9cbf0c0b66f4e61bd8,statement
20d5e03865e62077d23472546b0e10e6,main_screen
ed6c6e1cede30a617117c74d0304d28c,main_screen
7cd6076c59a20af307ce406259909b44,credit_info
9fe858c7d479c99616e8b99d730b8c9c,main_screen
ffea1453d6942e1164f24d90e9f5d082,main_screen
a2cda74116c8096917806be4c102d407,main_screen
dde02045fb4161d02fbfe47d3933a857,card2card_transfer
30d1f499e3dc63eafdf8450fda55664b,statement
ae1ffb5cc42e0d891931d14eb58b26a3,main_screen
a2d0bda54868305441a5d199e621c53e,statement
51d5a6dc1593806063f1dcef37592f75,main_screen
9c87412533faefd490d7b6e48ef68bb1,own_transfer
fd2e300d18ff7211e10bac46cda0f91b,main_screen
7abc6d86153f243706330a4365f5fa51,own_transfer
7a3db456793650dd587ce1c9ee598a95,mobile_recharge
f7a316f517f287190913746c04f26ef6,statement
7c83d557a4660f14b5661e0a31753826,main_screen
e4199c5719b8d9116cb1cc4ed1066d1a,statement
ae8336203cf24eb7a483ace2a7144e41,credit_info
159cd5341290de2a6658f61d40de9fd1,invest
4e3c7c7a7114c17d4b6b530ebe8ded06,credit_info
35d6b0bfbd4d7ec5f793d63aa33cdbea,main_screen
55f02b32268fca3b274bf03fb50cbcc7,main_screen
3f73ca4fa413899648e0256be939fe2b,main_screen
8e341fbe8bdcd0acd406e14a2626b01d,card_recharge
e68814add1928fbf2f856bb0c86ab9f4,main_screen
cddb9afee071d75713c0df20889e782c,phone_money_transfer
117f5d0de451e61777c8a8d17cd88795,main_screen
f9d3c2fa6bb623009f9f270fe4defec9,statement
7bfdb923277eca5918a3f7cc3a7936cf,main_screen
5b836b30d44d9c254998c451595d714d,main_screen
c82b3476e3268930c0f542b3177c3e22,main_screen
18c398aed83e99c817ebad3c84c13a15,main_screen
472e25922b2ca22b9edc09cab58ba80e,credit_info
dc69ef09f3e35c57465d7a33059cdad4,chat
8488e858d66bca8eda019f2fb345ec50,main_screen
8c243b947bb3ffa1ac3041418e9e074c,invest
d0b74671e461944b2cd28ec40f1d9588,main_screen
532ff148268cddf6106297c9b9992da9,main_screen
da573f79ad1fab15865ada0dcbb30426,credit_info
034a4f15e58a34c11e8b4bf3aa16e122,main_screen
0cb977e8c7bca824767ce3937d49f483,chat
baf75b820b31ad7a8028920bf1897859,card_recharge
9b5c857c1d5ad18483cfdb61a6efd52d,main_screen
c0dae823c3afa79ae3374d441429cf57,main_screen
3cfbb618a37e79cf5d3a7c2cc04ab82c,mobile_recharge
bf86b37a3337ac01129ee93cdee88221,main_screen
8daa4c7c9f27bfa210638126ca46d136,chat
a41a1e32ab074abe444810aa2c5861cb,main_screen
23994faea40b7467eebf2d0b7636edfb,main_screen
785f1330678a37beec296c0c158c3ed2,main_screen
52d12baae83e2e52a18a2cd618d41d8f,main_screen
2c74313b55a7038454b6bea7bdb92130,credit_info
7304debd3a19bf51582e4a48978f7d38,main_screen
9e34b8f6e2c93f6d4ae339b4db63fe92,main_screen
b7dead6e7806b965a73d78fbb95f21b1,credit_info
f71d7bb4234bf193c42df64cad5f5bb4,statement
f295af16372db4e3c1d4b5fede212972,main_screen
0c5a879594c14046366bd683c4972e7a,main_screen
4d49a6934b2d9fd1cc7a4a6f5a0b07db,main_screen
2e886ce12e250770ff8ad07ae051c565,mobile_recharge
4d3d7e1cea7fe18fa97f7c6cdf831a43,main_screen
29cb64d2078aecbbcc35ccd5cc2b772b,card_recharge
630e7d21ccded5f1053079fe3847de11,statement
52c271a7d23ba7830b22164820009c5d,main_screen
0816c22e0dfc00384f6304c3473a62b5,statement
a4afbb1d516bb2b35c76c27dbb253751,own_transfer
d9cbbf87ec7c74ae242ad350be47f881,statement
c88d3bcf3e6ce9c367c02e340703ed9a,phone_money_transfer
857b5f7f87efaddda6838b8f2930b179,main_screen
bce859dcd7b23d06d8e65c4c4524377f,statement
d8dcd6eace1021fbf66d6e135fe30836,credit_info
76a8a47e065fd8087fd6800f92a86597,mobile_recharge
2562257a0cffb0c2e02923fe85c7499b,statement
6ea7debea197ff3539881dd62ff0eb8a,main_screen
f9dbb33ef78f516cf5a1d8bebf1aed55,main_screen
6f908a46f98d40a944cf38d8716d936d,credit_info
efb6928fd92dc9ccd35ad68b986fb6fa,main_screen
de4b484ca97a8054b26b8fa850376dac,main_screen
cd35e36827a245d9112b7ccdefa5483a,main_screen
60d8fc5ee2bcfcc570a576c7b0aaf78f,credit_info
27119b83857e7b09f37bfadf74cf03cb,credit_info
b4dd02cdb7f19e414ff5324a871682ef,credit_info
7784b3cd5605eecbf24f7cdd74055068,card_recharge
7532a1ce7232092d857f4e51491672d6,card_recharge
b96b2c4e282e67c4f3639e32cb0267d4,card2card_transfer
7350534ffbc2d6f2d9744a5034f34e39,statement
bf116552b6720dd4c37a07c8d6766c11,main_screen
2a488aa7f759152b1191c321f475faac,own_transfer
7b0b3ffc90519c724d32ae20036c26f8,statement
ece57635e35e862876c112590cd7c764,mobile_recharge
e123646b74b9cf446d497051549fcafd,statement
9b561f9b7ed4ce6061268ba9cd6a15b8,own_transfer
8110cd132a0cc5339b7e3a2bef0401e9,main_screen
6b8de76eabfa45b214c803c9ba5d4524,card_recharge
1c386001c272e4fa45d8fd1fa69e26fc,statement
eda51936fea5d3b714439becac1a18de,main_screen
d5689566e29c6c9746c27e7e99af6e99,card_recharge
c0a5d72678a5139845ca8139fb0bc1bb,statement
95f0c895cc1111bed87b2db18d11108f,main_screen
193a5218282458d33eb8ca658c7f2ad9,card_recharge
e5c4b1eb7ef326899d836adf97aafee4,statement
79c18a6647dc002a2ef433ac0b82876b,card_recharge
e87effa33aed1f91df965c02343cc9c2,credit_info
a378c75b4b6479bb0a9da98a66a60640,card_recharge
e676cf38276b5d2e28027806572bf0da,main_screen
bef252eb76349111ba037bdca4591373,own_transfer
96b951a5b31a105d3c749c007bb5d865,main_screen
9c7098938c5268b64de9dd09410b272a,card_recharge
9cc0868b78cc8b5db862016eacc62d3c,chat
472dddce70fc948dc77083d3350ef8ce,main_screen
52ab1797a66fd09d460cfafb546a8cf9,statement
18626392aa2ec5cf62d32b664310f752,main_screen
d65da11ba41a529be787147370ef9170,main_screen
ae33cff8d04f11e3cf10bcec2ac5a53b,own_transfer
17658e20da4336262e9a5f988ea99912,main_screen
31f1e6289c0e6cf35e49fa02f6472679,main_screen
da13a457980e729e2dcaf9e866f1d064,chat
f9ddeabf9887dbdc21f25895ea67a928,main_screen
51f3955e74ee74c82f7bad79c8cd821a,main_screen
c2a87aff8db40a6e0dd09a5df6b4226b,main_screen
eb908e8106940f1acfb52e92addb2535,credit_info
5798839aeecc4b37708143adafacaf0c,main_screen
0f333dbe1dffa34aeae10fa0d2f24bb7,credit_info
9d99da98d879c9bf5fca3b66c99f46fd,main_screen
f95f182c9b1eed3db08a5998463a98ba,main_screen
28d81508f37790bab579ca77015b0031,main_screen
14292e965d2caf9adda39edebe332b64,statement
8ec9930a1a27c60f39146619a6789285,main_screen
e38b89880f463202a8799eefeb01b759,main_screen
149cea966d594ae3b55ee2b98a9dc42d,main_screen
2b4e99a7f5790179a87da32c4d69e067,main_screen
12d1aa207d08823382df347a16322701,card_recharge
3444c0fca78ad3584fe402ae3d9d7295,main_screen
d3c799ab83f29cbc8beaa777dd18d013,main_screen
ccf03ebd62d46283b870d3b5b7015006,statement
3c1963f58a3ae87a4b89b9683e45f096,main_screen
bbadafcaae4c3b2ccf47ddc71eee1044,chat
ae9b81631a51f1e3cbd7c79f812ef33a,main_screen
78cda58a00e8e0f5e24c2a07a7eb9306,credit_info
55f42bf790c7e48c143209675e25861e,card_recharge
4554e5f5cf7cf6e9bc5b751dc1a9bdbf,chat
326be4d3897189f1a0662205fbbd31b7,main_screen
e2403b027ee49f3102fea67ac6c7f144,statement
415a2316e2b9e99fed9cca253ddc2efe,card2card_transfer
f4f998ba9c1ca8bfe45a0bd9e9f2fba2,main_screen
1cb2297698a98acf65c7195a89869684,card2card_transfer
92949a4cd5c54ffe25cae0d3b442d002,main_screen
68c00755539c00db875a3fcf78cd49f3,main_screen
6f732c7a18eeed930640524068c694f0,main_screen
c4563b1b3d6ff914ec0b4ae2010cdc65,main_screen
9bc893c2bbc8b3f3f8fcee23cbdf8fd1,main_screen
cf9792decc839ba626816246108290e5,statement
c02fc74f43b66df9e66ab6ca95c7ad64,statement
e1fe49ae85ec9bf905526dc596404195,credit_info
34346506416f0a3e3c10bb0de2f1d49c,statement
03e25c7cb5af5f3917794ef185423588,chat
a4010e082b21b14db0a152f0835b4985,phone_money_transfer
b8a693d82c577e756b020fdec247bd44,main_screen
53835c9327917c49381deb5493bf0001,statement
cebf09a83573b802c2f9c30323f6fb4e,credit_info
d4da7c6d2aee4bec3ad21c3d5d7156e4,statement
f5882653524ed2967ec7ce15f84fb718,main_screen
bd2c4108a11d6ebf1faa15c77cfa503c,main_screen
a62551876d9767237ff74b268fdecfd6,own_transfer
94b7f1ba5955d451e0a0fd6baf46ab27,main_screen
44a60c09b811130ec869101df4fadd1d,main_screen
b6e8afef769e0a3c5b62b7eba3a9e745,main_screen
616c5724c756cacad434ce976c2ee4b8,statement
af80e72137fe833cf00dea79f9767063,main_screen
c572307be237d0fb47cb04ff6bc01741,phone_money_transfer
13e7f4a6e1aa7da7e726f156ae7c7728,card_recharge
662f85cb762e5a4c27683bf930d45bd7,main_screen
80efb9c5c141c4d13bd495a452dfc1a3,statement
f66ca2bebd86be91bb38dade377cacfe,main_screen
152e3093a70d0666fb0bcc9a5523557d,statement
1e7639a33dc55d47556c8883ec921aba,main_screen
be368829c634c07a70a8597fba28734f,own_transfer
729a625799464314992d8717b3b476c1,invest
88df68f009ddd16ed0db21b842c4a30a,statement
1f47ac72286ccd02af80a516def7b415,main_screen
4ed3500e321628bb39e2f52ccef77665,statement
b193df83a93735d14c6c0fa488aaf38f,main_screen
f80c9865a580ca6453ef447f24de5772,own_transfer
6a6d35706cab2c0aee354dfbf80273e9,credit_info
f63bbd414a1c439fa36e1215a4fd1e58,main_screen
892fd557b41081988fe3f234e82619a6,credit_info
9f65237f5d5477cfebe3e105c6f2efe4,statement
0896a414025c5a40e3fd44ce37dce530,credit_info
7ed0da3ab85d08067997708891f1fc95,statement
44f5d44be10a8a59193148236598bcab,main_screen
1b96e2dd4d1275246f31921c6ce2f610,main_screen
a00ac8d1510455d8055471cf08384d76,main_screen
54fbce9f3e095099d98c571cae039b59,credit_info
85f32840e1a04e5187c2d0f3e6a0f773,invest
cb24a4820bf3bddd77bb6906847319ac,credit_info
c42c9505f8f6c76d5a6a57ccc41f58c9,card2card_transfer
ec1f0fd9d72f90bbaef504f5d9dbb17e,phone_money_transfer
be312c3b981cd3fba3aa5c23a7350b77,main_screen
bc8307d4d35e7a4bb66ba5562a3491ed,main_screen
2f18c6a404213a81a6064c081e719d6b,main_screen
9195353eaf7bcf8c1f2969e9884aa781,statement
7ba8fd38273e39b72becd9ff4a7193cc,own_transfer
ec6fdfc9589d3e14c8cbf6ae035e7bb7,chat
2658d25fa140134b148c3c2235a6f45f,main_screen
c62a003c7362b437b4e7fb49b750b691,card2card_transfer
c4674a816b2b74d11d296ab972aa4f19,chat
b90612c99fa620d034558c793c82b0a0,phone_money_transfer
32d5f1f4c6ef2f2a45e67bc5fc252a6f,credit_info
fee35801df325b4c31d7d497b5ee29ca,main_screen
6d7593fe89fce966a4207479ad42c0af,main_screen
99fe88467d396229472fd74d333ee24e,invest
dacfaea6bdd68a41660a84244d4106c7,credit_info
ca5e12146ff499635510d480246ad3aa,main_screen
1febaab692c1d5d9184c0df68ffb3abb,credit_info
fbb8796ba144845d92adacbd27fd27c7,own_transfer
78f157ed2b7d74f964905aaa855dc15c,main_screen
a3e72cbffb6b4ce1582badbe44a0f6fb,credit_info
186c4d60752d43060e5b697d175cdc93,statement
15efe4fbd236b408d3cbb32f3174a6fc,own_transfer
9baba1e94210d4bad72f634dd70c8fda,credit_info
35eedd76199ab8f977eb7eb15762a579,credit_info
00af25a90b8d8fa7416060f5f7c20897,credit_info
9c4e31d8d3a9b67a2466906b44600f60,own_transfer
caddb0cb0ce8ca08161fb92c9541e37d,statement
07ba059a726b2a2ae8e8ebe20e19f036,credit_info
0dcd2a9afe71596981889071e5010dd5,main_screen
0cfffed49548fde4540bc14cbd2838f1,chat
06560aa58cc97f84d5b77dcb5fbddfa4,main_screen
981bc73dc8539b9046f73b8ead091a45,own_transfer
ca7dad29d3723f8be1ae9b9d264a3cad,chat
67f971a21cc9693e15e1be09a6cc1158,statement
1c17e85d27a946a035d2ede52c5e331f,statement
35cc7d8d31e6492163b4c04ae3f011c9,main_screen
8bac4cf326e78b74956d590e7ec76703,main_screen
d18fdb46bbc24821317aa6caad7760ea,main_screen
7487028e57951bca38170defb7aa5d00,chat
f67434b4d4cb6d0b090395b18f975ff5,main_screen
ad039dc55bf01fcd9ee686baf45fb05f,main_screen
7aef45d2eb4e86aa4350d44adcd0da38,main_screen
bf32973715f4bc1b8e39f13575a29381,mobile_recharge
f456763b1d2a8f7356a9e75735af0c24,statement
2c13174fb9b16c8e0d8f2cab27631b86,main_screen
7232bffcf39824affce613e5dae15a5f,chat
76c4a07c374d95bfdcf28ae88038b9d1,statement
379cbc24bd1d1525ff5ed61fd2f6dd25,statement
195428641971050a90a7fe4a7e6411ce,main_screen
7da6ebc751215c6e4e39cd129a9550fe,own_transfer
89213efa74edd1840930375b4fe7b419,main_screen
ebd8c26386f120583949d11bad9421cf,credit_info
028339652cbc464080acdd338e96df26,main_screen
191aa95456a9e70bb826519b744103ff,chat
135b08f01aca4d450a35802f3090fd2b,credit_info
075cf2f64b6c91e498948c8c2ca21600,chat
3819091d5a3532904e315a13e1a6762b,invest
db02139da07d40fff09290732a17efc4,card_recharge
8778e92941eebd50db10f86e8fff0eeb,main_screen
fccd089bd3dc39742c5a8b6fde54f58a,own_transfer
12a11ca917b67fbeee646f9b2f4f5fc8,main_screen
ed32ef0592d4ca84002a8dde5edffbf9,statement
910d4f7dd9843bb9aa002163011c0db7,credit_info
cd0582bbccb78b6dbd62ba6fceb86982,main_screen
7ef3fe803386e5b22d1e87f77f56d110,main_screen
03d1706ad0d0bca3190f1223d2c815a5,card_recharge
72c769b2637f2ae60e4b23ff0d7b335d,statement
47b03f0110cf20a426e8464bc6337e10,main_screen
61826b150e1c7b35426bc9d2b5ee3053,own_transfer
a4f0f29dfbea61eab2209e034cd0a9ef,statement
abda5f777bb4180a73e0e7ed01fcec16,main_screen
cccec3f3298748f26b5fa8e3864bca38,invest
d01cc76fdcf75718ff5e565fb56cb830,card2card_transfer
ade185edeb5c05c83f2c5b1bd1f97e74,main_screen
e12c44813ed8d5520464eb86d97e055d,credit_info
7ac84ddb2b2ff53f506ba8fbce398087,credit_info
54b1bfad75170aac10f408c73dac5f4a,statement
8dd8a1997e0685547f58f46cf5137aa8,main_screen
947fbf053869f91c3f85d9808b0ebe17,credit_info
df765e42ba8da27c970f48117fbf0f1b,credit_info
d95f17b55904567b96cd7f92aa438f53,card_recharge
f36c395721b6f50f8d511d80d53ea91b,statement
c775295fa9395846ba7d58c05603dfe9,mobile_recharge
b947f5d2b78a4ca4d6a697a40996a7a5,main_screen
6212c804dc436e04a59caf93b3a79170,chat
83319a8f1ac1e9b2e58e7e0663712969,main_screen
c7e4d472769fcee8782c506cf65ee80d,main_screen
394b2dc96b8f79967ff1ee3eb52f67f9,main_screen
9319beb0babcc77625b7f67d47ad87df,main_screen
e717daad8d4c163d78d5f2d53fc86ba9,statement
9f75657c920afe9941a1118e4404e49b,invest
f20870e2587708e63cffc08042273800,main_screen
f91e15e57a7e0b8eb7b1e3802131f478,chat
abddb5f3e6837fc570df3419c23dda66,chat
1abfa9ffc82386875a8686e4d54d857c,chat
3cd8d733e0ec48d43c461457257c8ab7,main_screen
e508a97c217aa813a750c6d67651e82e,main_screen
edd8c2c3d7f609739c45188fa6712b97,main_screen
831772e461f26ace59527c84a3faafde,statement
1758700827627d6b60b6f6a297e078c8,main_screen
d577308e0be292401bdabfa4e8890bfb,statement
a51971dada5d03492218984f40cb283b,chat
20089ad84b185d50464334e1afdf87fe,main_screen
049336e39eefc1b480e7b51364ba86c0,main_screen
8268b04e901d18c4c09c91ac40ebeca6,mobile_recharge
588de12273c3d9667cded9b4983d980e,phone_money_transfer
59c91a074729c41924dfe12cac70d56b,main_screen
2a5a4693ce11fdea1d3b0a71e49e8da7,main_screen
1ebeccf630bf8fc65a2e68caa3be77b4,credit_info
4796d161036f48a0dff12908e85c8643,card_recharge
e62584cddeb6b70f397f0fdc0004b3d2,credit_info
613dc0a4de3246946a8f62694e2f7354,main_screen
4af8314f3b8b90b06e73ade884ea9438,chat
69013488fa266d12b87c9530b3f88eef,main_screen
38a09afe99eb819da0e33e9bdffc7739,phone_money_transfer
abc3a00cffd90a53004f1a0fd1e476f4,chat
35b87731e759c22282d193f4a7fddf49,main_screen
54d27cba204fa4bbb8ba51f6eb8b9216,statement
fe2d9824a5602b67e531b0ee4f9b1d8b,main_screen
0b19c6ceccdf684ed65d40c2a2438111,main_screen
4d07a26576b391092d471044669fea81,main_screen
840706835f1a11b34001ee0f3e32b329,main_screen
bc44a95dbf01922879e82dd13590c9a9,main_screen
e5550d841e2256b893a7d0ecd41056aa,main_screen
82c3a20f9eb7f17fec0b1f07eb5f525b,main_screen
beaa4c06f88a2caf777622a71f08356c,main_screen
edd29c32109fe1c063b0c3ea4db2176a,main_screen
766d3d29035b3f383686341764c609c0,main_screen
f4eb39145b11e6204f15e4283b42241a,phone_money_transfer
3819e3c603c483e95c5a034f550fda51,phone_money_transfer
1bcb5ae284655158ba369121ac613dcb,main_screen
a0cc387032da4eeaf788ce6d90370662,statement
c947476aa28a13901ccbf6f3087fda99,main_screen
7a22464e253ae389d5ffb48c3f09ba81,credit_info
ed0c6b436639079c73e924ba57de536f,statement
cd5256a6adb57815df2c3881952bedb6,credit_info
4403bac980d2aa15de95c854a12cbcdd,main_screen
09360b7067009f9838143eab8742afb7,own_transfer
158a96d8cc0163bf24b0cf360abbe7a1,main_screen
12d7b7f110e6f6a10feff96ed9808f61,main_screen
4944f36ef3eef5129997fa16172f8d4b,card_recharge
86644dec5d49d7052687029b1824b795,statement
770cf617e245e5211ab1386ee827b3a8,main_screen
8eae27ec3b11681b661f6cc822e5a92a,main_screen
f1bbfaa57ea66b45665128fd26562dd6,main_screen
9d77b26524d7ed0502fb385892a13faa,main_screen
7bfdc666cdc73f3d05e7638d4309bc73,own_transfer
75385213a73f2bf07000adfdf85274a5,main_screen
cc0ea0849aa1b1caac41e3838262ed9e,card_recharge
1568a27f8883115589d056933996f564,main_screen
60a825f21e8e8e8416e2a0a35cd8aed8,credit_info
8f01160ae3985f43894bcb8388d71993,credit_info
602656bd7ea9f9f8d0bba9e53e41eb51,main_screen
58abefb0cdabfb0106074536247c848f,main_screen
64acfd5c1f8c929d13de5ac52e7cf05e,main_screen
e0c1a676a7795721b2512b6cf3471ae0,statement
f0d9577493e02783681d604097fe5eaa,main_screen
0cc4918c2f5f582f52ddd2db27538782,main_screen
5d72fabbb114d98c564b6c2f0dacbdca,card_recharge
76f16e7b165783c0a734fef51e4a5270,main_screen
708edd118c764e8148c3cf4464e05af2,card_recharge
58c46006f09cd74c50508c57aede217b,chat
2014b2b52071b554545d42da359c91cb,main_screen
ab696e047e07977518b49959321ebe34,main_screen
44d8bd36e2be4205c6f163f340a665f3,main_screen
4bd39b99c5b98851b2d19a50053eb8b1,statement
ae4b86882e7ee1b668d28f303c7c77f7,own_transfer
16f99889de616bc3c1a27d5c3b4371cd,main_screen
3f75685e4d5e274cbebad71270eb423c,main_screen
5e352de7c8bdf4859ff6406a8fe24306,main_screen
32c4c8f3e6028e9b0ef0c6cbb8cf39bd,statement
8cfe119ec288c0cc0daee88785ddc163,credit_info
0485ba291d1710c36a09b97aa3910e63,main_screen
80aac42ff82dca7cf2899f063830418c,main_screen
e5ac916c80bb147b7d7f0ad22f6ee657,main_screen
aba46e47dceadea9784b9fe51e51ba1e,mobile_recharge
87f931a422b3d037852eaa07cd9c7e04,main_screen
8a86a30b0946c0d158fe8860a079f613,main_screen
bbabf0b62b6a59cd077981eb9d7cdcc0,main_screen
f83a2ba11ce5881ff1cd5b5bfb59fd64,card2card_transfer
a39984221f5eba86e7a8dcddebbaf4bf,main_screen
f105d3bdbdf1bef0ec8fb55473fc2168,card2card_transfer
138f0e4fc0a973d81ac49c0f7a02f6e4,main_screen
a9027af280f2691a3127c5457dc5941b,main_screen
63f715d856911f176dff4b2508880106,main_screen
a08a8da0273a9a556ca4e7487f06ded6,credit_info
0a1fe382f0bef1f390a77d617131b827,statement
b8aae795bef3efa5193192300c00a202,main_screen
401322d918a6992dd3d92f7a8ed543c7,main_screen
612165b2982510c1c59e6d4020e8a9c9,main_screen
6607e5f6f134f4c2c040b6efb3fcc451,chat
994555958c889b77f094143c3c3d7f21,credit_info
39a25f9ab718cf4841f88ae80b268f3d,main_screen
a16c35bdff776ab57af6b368cd6385e0,mobile_recharge
3b99af57a7c1bdd410c30f4e29cce57b,chat
245f95fbe1ea974c6001d87fc30a9a48,main_screen
d6b8f4a62f26d01131853ad206a2cc2c,statement
aaf50280c3be10a7e2530f49d9a9f6ec,main_screen
0a7f3099bd042359e43f1cbc21abcfc1,main_screen
44a04a1372aafb3718ba382797b1afe5,main_screen
42c27c41a206a19bff2ed2ef947ac8bb,main_screen
2c936e11467b5707c481b9976fe45492,mobile_recharge
fb13be791d99972e14e3e44539ce6bc1,main_screen
95d212924e6b85b1444cf7f8efc515eb,main_screen
23af06a5355b54988f9b1e38cc62e4a7,main_screen
e78ea34889d5c4962e167d2732886d80,credit_info
3a940d5bd0256a5759c3ea89a01576fb,statement
e422da4b8ef4e9c55aa1ef0217fcbe05,card_recharge
3904c0e7c5091db578c29e9aba41be3f,own_transfer
cf800a1e3bf052d6d2d54f6d396a0785,chat
491e9fa21338f1aa507552280d8ac9cc,main_screen
eae1735dd1f669017fa97e70f9bfc15a,chat
ddc181ecb5cfe792a03c4c50e93305a0,main_screen
c50b0aa7d8beb96e19fd1496a68b89e4,main_screen
8c486d7e2ad4cdb8bdb14653fd685025,statement
8d6d06ac106019a29dc2581b90029154,mobile_recharge
b0c41be32ab6a21bd934b754c32c4c4b,own_transfer
05be39093295ced34c13985574147b76,main_screen
e9d4108a75c03ddee7a9cf1e8e4f21f4,main_screen
08cb20af9e8f4059100bbdd5c15501d1,main_screen
329cb45a4f2079b09845023d7e0c19b6,phone_money_transfer
aebd0a8b09ddcba451bdb55287d794c7,credit_info
d3ae5bdfa9552201ed79eaca82c80b9b,own_transfer
0bdb332622550f3964bfe651db1f2b6e,main_screen
96149c7927a4363f525cffe45d4ee563,chat
6a4f00e00a56a0fbec6ac269965a3012,main_screen
eb17a2f416ef51fe6df45d1ca651a407,main_screen
43d28e44de64a083160ba121bbaa0019,chat
afb216234bb4b9549e06ecb0a9a75a5c,statement
6f4b80909ea16f9f9730b3409f4019dd,mobile_recharge
9acd02791ca6da1dd678314d24432a83,statement
f91554b60dabc5d0da0457ac5a426129,card_recharge
649e1bb710d24e94ff348c4c1be53a0f,main_screen
92b0f7e12ce7d497e8c87b18967811ce,main_screen
fe0c47498292f7956f22f4eb00162174,main_screen
850bb279d8993e51e75601799910581a,credit_info
e302081e237e9554865e50c3adb6a10e,card_recharge
1d14480025d3760fbaeae52c212509ad,invest
726a1051a1108613230b2d1f524bfdae,statement
920da1f7869bd0515d1003f1ba875ca6,main_screen
8e22de0b91c9dcabefad0546363c1381,main_screen
6bf3e6eb3e6c62baa93b033307ad9c41,statement
00f9193eecb9fb283da7b791d5dc2da8,mobile_recharge
fb0c812958cc4ec3de7e2047de91df83,main_screen
517df7386062070ca14b517e58ed5685,credit_info
62624ffd0142f1b59c33222214ec933a,main_screen
23cfde628042cb880150af7b6aafb8bf,main_screen
0a651cb4669474a2a985ef4c8e1e9e6a,credit_info
7f328e62951bce7913230f6274eb71ed,main_screen
b9d0b980c9d7cc34d12b205ae897bf72,credit_info
67bd2400396789fe7e4f2df55436c187,credit_info
24f64f244ceff98a9f8a7ca5c0594a33,chat
b45e87e20b0a989d7281ba4b630e99d2,statement
2d3ce7db59d98d3ea99d4b3ce8b7618b,card_recharge
b46b7927d98bc55d3771eca115913b3a,card2card_transfer
234d2cbf7c520a368577da719748e14c,credit_info
7050e5af847f772b06c564f438b214c0,invest
602ae45560043d68c894c3af2a4fdf0d,main_screen
8fda09959490f0d588e76aa974a9467f,statement
5aad42ac169c260ce3fc7803c28f1f32,main_screen
0800a23473ef55ffac6d8530d9e33ab4,credit_info
536e804c51939c99fa470816a20390df,main_screen
1ed679992358e7a9cd2ea21ff8326101,main_screen
788d4af6ba857ef0bd01e157875ea5ca,invest
ee1632bbc26214fce8d8dc86e1fa8740,chat
7e5ac45536e0c4b8fab3ac6724670f2e,main_screen
b2eb842e86b15ea152847afd7195b61e,statement
f5734128503da09e6610b87b72ba970a,statement
0db1f3fa5a91a216c1c71b4cb6df189a,credit_info
386650eb1117a53d20c5ef1f9a80db2d,own_transfer
aaee46b5bf0b3fdb1498a7eb58e7717e,main_screen
004159ec9110338a967bdcaa1e812147,own_transfer
e0b68d68163f3eb235c667ff050ec01c,statement
dee7c5f8362920aa5328584f49865dd7,invest
277536e9a89953a1a78abb31c75a4f08,main_screen
89ce069faef8c995dd042d52c7e25cdd,main_screen
0eecaf6939ac5018df5d48ab4da4d65b,main_screen
c70290ef767f0f9a88353b16fa246c40,chat
8b6a45e3a20cfd78f3d7c64ecd45f31e,main_screen
d823d8a99b0ba3168d4b5ba33165759a,main_screen
e162c856a664140dcd4dc318ae28f5e5,main_screen
22dd35fcff8de98f76557d9437911d12,main_screen
811f66159d2fac3ac8a1f63534aba83d,main_screen
2b27ab0706666f1b2d2770ceba00bd27,chat
1e46b8d8bb11d5976f80436fcadf0db3,statement
554dca6a017f026b3a43f3b5fb149a86,main_screen
55f4ba3754849d22fe0a56ec9649bf9f,statement
01258f57e2b11ab19b2db7d41fc86ba1,main_screen
2f07be6ba6b85e04a8d1c60ec4bb9ec9,card_recharge
58ee37882b64fad7be477b2f2c5352b3,chat
e2da5402b85c96f86d65f4975afe24f1,credit_info
a891ba82a94add525fe7c0733bf8446e,phone_money_transfer
afdb3d60e150c254c5f45dca52a33d40,main_screen
e58de1dd539c9ac41b6acc442639a044,main_screen
dafa4ca7106f623ee3d7649da6d46281,statement
f5f9f27afa98f50e68ea9d99141afb57,main_screen
2d0f501cbdcc295b3fe5fc01c90f34bd,main_screen
172563ef6ee85c130b20fb1176531766,credit_info
1e1e93a35d6f03e8c31150fca21effe9,mobile_recharge
522a94ffec9faf38b6528f11c069bc39,main_screen
76108ad051c14de371718a23c1860bf8,phone_money_transfer
6cdd79e2eab4fadc78370aa3c67ebcf5,main_screen
bd39805f48548e33c6ce56e2ad058e37,credit_info
a9d1b5a6c9e60c767e81e8c146e29481,card_recharge
242add8968d69d08a0acc61d4d9962c5,statement
5d6b839da0c506038f2cc5ad1ad45617,main_screen
2e8e0b46438aa2b6798de6c20d72f2e1,phone_money_transfer
38a87c7fbe3ff783448368580b8ebcf9,statement
a8244e0aecf00cb5a3867ada1c4016e1,main_screen
9f1bd9bc04131e5ed7790a5a1cd02ba7,statement
5d5bd089687190790226bea9e855f18b,chat
589da5cba90e1d226dbc3407ee05dd1f,statement
eb5f8a9e0b907b41933c9aebf3c05982,main_screen
4cc634188274c6a30bfe84ab7b85b244,own_transfer
0fdd9abfcddc952255516e40f46c621c,mobile_recharge
2c43fee1131aecbc8ebebcb6ba8b1a68,main_screen
6b4c8833a7135c910c450c4e11255222,main_screen
01a012378b373db92db6ea6f03149bd9,main_screen
f1b080ef0702b0994ce0ad4ace2e809c,main_screen
2110b35f512586d1b813f7f7a6494f1b,main_screen
825db6e23f56ea730e9a2ece428b32da,main_screen
1034b8601598461c297a0e58813e0704,mobile_recharge
f91c7456313c10f77c4ef54ed92fadfc,main_screen
d2f44c9d5c26c23c0327e1761ddef929,card2card_transfer
2a917773eed24e3194be1ef87224cf39,main_screen
91a9d984cfc3ccee1836961556ff7cc1,statement
2868eebf2fd089e7ed005fe2fb747b9a,own_transfer
5f419609dee9d7d4cd8b2be6a194a831,main_screen
160d2a38556567b085aabe0030ef8178,main_screen
b9b20c877fe9009ee3ae00d42f3d0923,statement
9ddb18c6030e5b36b74b6cd95c7fac03,main_screen
8972e717d5a63604afb38d771a8feef5,chat
b0b368bb8c4e3cdbc58d2cd43cfea7f2,card_recharge
90f3ba28d554bd13cc859ebc05091a06,own_transfer
50481914fb3beb752f718a44f656b368,main_screen
2334cc9a23fbe80b71b4e6f1a9d1d8f8,credit_info
5ff2350cf35ea704064e6248ca87e1fe,credit_info
4788b0ea730ef68aa263abe3a3ea5dca,mobile_recharge
1e64d4e2645f274a9e1220a94f56fe6e,own_transfer
ec2601424d3328aeb19e778c5864d69b,credit_info
bebaff3e12f29eb9c5b94b00b5ddead9,main_screen
0de496d20c6105629792efebffc64a0e,credit_info
ef5a4f412e4e8edcd27cff802827af9f,main_screen
b11452c628a4e5eeab2d8b744b3d0cda,main_screen
e0ee27d3e55c0a4a1ea62b219780f4a7,main_screen
f50d14b36ff8db8cb8e289596a34dc90,main_screen
c9ef7aca30ae60b7f78a21ebcb45c71c,statement
4427efcc7e55e5634678a792c575da7a,main_screen
d5b09e59d387f6d167af31dabe7cb625,main_screen
4ee3f37d12621af7afd17e5d0e2305b8,statement
72617af7a11eb03049c5c85df99738c2,credit_info
11227b983a3d2d5241082ced14c29d75,main_screen
2320f8bcb01f71a70ba3b1a741eae47e,statement
11d8d7fc28f3e7506613dc69e011c103,main_screen
8f15efb4b9d7c86b6ed72d28279582e4,statement
7c6659e42b20da4727cdf6850c5a66cd,main_screen
356852db2d550de12aaa4b458723fd42,statement
3fa766064d62f143f77596183aefcc7a,main_screen
88cf118e8494366cd7ac5db24274921d,main_screen
6f93c845b041a5a05dc6d313f7ce42f0,main_screen
5343f28af0413c7c40234c93b93747aa,main_screen
b564e199172ee3ab4ff900005c7c0eb6,mobile_recharge
0cbc0cf3ce0bac6878991b100f1e9c42,credit_info
816d97af54994c94fe7ad3414549a49d,credit_info
6f63fccbe453d94d529ed4e29e22d7cf,card2card_transfer
d7eef3c56ada12604b33f5988d09deac,chat
9de82a2204b1fe25e8d8eaaafb351cbf,main_screen
d67ad1ae4484c00868ef641e03e70623,main_screen
a95b8706633161828df1f21e3aea8bc4,statement
389daa921e526d4b1ca2e5ea6201abc8,statement
12ee2ecd96d1c6da17b958f6b35a6c85,main_screen
cfce6a258c9b7a934290e1faa40f3c2b,statement
3218d57732dc0026138277f731dd2ed4,statement
bfe34c3aa986eb1aae01d4811614526a,main_screen
245fc8500ce9b32cc59849bb894a4ef7,main_screen
3ede3c88072c02aa587b1794403aeeec,main_screen
4e7f83ccb0f7fec25a5fce3797d7e95b,main_screen
3dfb145cd7559b21cc2b016c5c5c55fa,card_recharge
524b850873df38208aae3e9fcedf6fca,main_screen
cb4f4e46c018d113656f9bbf2e3434be,main_screen
52893714ff5537dc0291b78692cc3c72,main_screen
2ac61bddc608a88b42632b7ced1063d5,main_screen
2f732aac17aa36accd90529d9f48071d,main_screen
54c1e835b8d08cdd12ca8e8f163a2dcd,main_screen
be5911f91595c6be454d42a8efe9a813,main_screen
5c944cb46d067331c4fe3886a2072a32,card2card_transfer
cdef02a4463bcc6aaeacd16d5ddc49d0,mobile_recharge
bc3c6163511b858d55d0cff32c9858df,phone_money_transfer
0d219a427e9d454a4e556ff915d03ec0,main_screen
bd4826679c7d4aeb6a8f0c083a92b4cc,main_screen
7bcba2968b09bdc75e153b04da41b632,card_recharge
5ce62c4a374975468e516f156652a254,main_screen
72fedbab99a1b8b4c43e5de46000d513,main_screen
f119978e24c42bc752ac89b169c9ad2d,main_screen
d0c9c260e6d1f74a21a590f4da1f5a05,mobile_recharge
247f00e7bff9aab809094d594aeafad2,mobile_recharge
91c8f4e6744d21cab989a5a59b839696,own_transfer
d8edb0f009f43af139027a02eed6dcb4,main_screen
0d367b967f896a749de69544067d5b9f,main_screen
cf55987534c68518fabf9cd6ea94ac0c,main_screen
99e2113633d2d517e1f9bcbaa9d4345e,main_screen
de1baee82f351f573c6f101204de7555,main_screen
8686b659b50ae07024aab90c0d016b9a,main_screen
be9bbb6ece515d52a23a07a38becd292,card_recharge
24ee32f0dcb14fd4d9659b47e80dfd45,credit_info
bd98b64a307350a895e6e41f94a56c33,card_recharge
6507dedbe2c5612d24f9b2f7a963b7d0,own_transfer
dce41f944e3658f3bb8c98b2f5a3f4c2,main_screen
f9388210bd4c049409b52419193012ae,main_screen
46e4047e52328172a979676509a7c265,main_screen
339129d4df2b75a7a6b035373c2a44b3,own_transfer
ef1b23589d674586681304e37212bf6c,statement
156bec5e96b9d7d372e481a575c29997,main_screen
0de674828a89dd1957789921bcc4b3d5,main_screen
5cae502a99a74c5d470d417cf7ff5bf1,statement
69cca12c20dafaa6b8ae71f9d2301996,credit_info
bcd25e4246b8107ad653e444c520819b,card_recharge
f0a5ad755b4633fa2aff9da5e3bfd7bd,card_recharge
a039dbd92e5a667caa0cee1b309c9091,statement
331331cb09e05c248e80abc8a0e71ee5,main_screen
91b2bb71dcbcda3eb10c21223010a978,main_screen
f535be5a722e656b4cdbfee90d448bff,phone_money_transfer
57ab3320bc03e672a7b9f4e4d09ae6b0,phone_money_transfer
61a6207390e68879771cb9e247fa0860,statement
10f81157af7016da359218796a5aedb7,main_screen
eecfb68a64827f3ffa3b4a6499557e12,main_screen
78d40eca7ed81f753e0f7deba1f87bbb,main_screen
2702caf3578fa1b818516dba8de02de6,main_screen
d3932b6607b874fd23a4a0e54ced45c0,statement
552320cbfa9e773ff480f39396c263e9,main_screen
8515b4e27c1749e1cb2099424b59f03b,credit_info
c28e9fb60f5bd713af9cb9d1b7815b63,chat
0156098ffae24e4f89598bc2363f144c,main_screen
431d65a9e041f2a5e41a73505f746052,credit_info
af76d647e0822a5756ee5b4add1b2c9b,own_transfer
d8e12ddf604a24194e17ca2cd86257bb,credit_info
8cdf6996a1d1276614f752d3fc9bc548,chat
e72b2ddf3ac51b59145036106b640331,main_screen
80ff1270c02f8486768c8d0e60d5fab6,statement
ddc34610ae6ae6304f08be07b0d602eb,statement
4d6ce28c312abe792ee19bd0c0f24203,main_screen
1a23c69e5f3dbaa0d936136cf0884ab4,invest
48e8007527df99c09a506f0971beb945,main_screen
725a49e6cdfbc4064362d3e136ae73b5,main_screen
804a2a8a5ee5695ae942c4c17e064802,main_screen
e0bdf375071a8e5457f726df1e31e5ef,main_screen
c8fd7dd2dea276f6f83901c7fb8af970,statement
340cb40f6fb37455b156a803df133198,main_screen
4fb8dfcefd520d5ac1a6223a8cf6a6c6,main_screen
4d555e5789712c61835e06363aee0890,credit_info
5bd2f41175d1d8f4476e986e2c27a532,credit_info
1a4de4654cd1898d6b35e218b618ce4d,main_screen
c9c801aa60b080b1b1997f57ca6c504f,statement
414a6dcc30323203a51f5effda5684d9,main_screen
45c9e3eaf8038434373cf59a2e9746b7,main_screen
624331e3aa7c5cf121da27ac93618553,main_screen
e762565e52d61fb2407332f8d84fa321,statement
d1191a20aa0de84f1d0c7ee4c1947eaa,main_screen
d470c4fb6be46546d61e719ab1da8f5d,main_screen
a340a25293aeab976f601043dec4e65a,main_screen
463618301258dcf6912b17221c16dfb8,main_screen
866cd71211608ff9dac2646dba8156d0,main_screen
f3df881e3fa75566ea16e63ac4c46304,credit_info
eb4473f270955eba7512ade5426ca4c0,main_screen
3dd31ba1053e1969ba106f4930c43637,main_screen
226f510c405f47ea2552539e5ad40a68,credit_info
5e227a87dcfcd187506e1c1ae91bc4cb,main_screen
fc9eb44c50d6df0605a1a4e3eeeb46f8,main_screen
6fbfaee04d891e3ff148da7002f6491d,main_screen
3a3b6e5ca97b90f0c741727397640c10,main_screen
7893469bc900ba5693c6b0fff23f1bb3,statement
a87c0ef30a56b326d559676ce7e4cd21,main_screen
669791f80ba8142008424d6a9f64775f,chat
eecc8462633254f64a61e491016c7629,card2card_transfer
bc3a3743f9bf219f19c824c8482b8115,main_screen
5a7ea3dc5f3e394ce44455368d334cc9,credit_info
a11635eb191e3cac742647a99d70daac,card_recharge
5a3613e30ac1e2ae9ea86b1a3e1295e6,main_screen
46c1b01fea83bdd0451af81619acabee,main_screen
98490b19dfcdcaffe472da058cbcef5d,main_screen
7121a2a2e1664bda3fe3435c8f1b586a,statement
8b333cedd3899c76c216dd9dcb939270,main_screen
4e903f0a5bf27f903ebc858deaa2d33c,statement
49980942e2f068372ddc60ab9ad91cec,main_screen
623608f4f308bc2d8f2dafd86006ff56,main_screen
4b9166ba187c071f00bf5516b3b090c7,main_screen
68637e3cd8d77985b50e6f6bdbbbe3bb,main_screen
beb5c00bcb7771f2e7e6133e18335064,statement
32fa601ce05c4f23c17f1c1b99cc1361,card_recharge
57e3ed9ec54089940a2ba9bda4c67416,card2card_transfer
9dfc1492f7294d76134b28506603d511,own_transfer
0e8eb80ad8cdf04a0d1b90307eca3266,main_screen
095b8099868cec02781439e6a9acf3e9,credit_info
990150404997e9b3b24e45595eb0b8a4,statement
7a8a0443df43b7f1821a53fecdfe0050,main_screen
33776365c06b2e6764111984fd83d0f0,mobile_recharge
5f988039a4867e3702e5217c619b1337,main_screen
5d16e4403f0adc0f7ab77b16fc204c13,main_screen
22ea33031006663991983924fe12fb31,card_recharge
f255afc8c2610e02f75b8dfae671e51d,credit_info
cb0409e240529493b4058c41ac1842b8,credit_info
bf45bdc865d4846103df4980c33ca079,main_screen
2510916e458e15b58884fe436b2b272a,main_screen
32df9225f0ffa6638536599face69738,statement
ec2680c86316a16259dcdefb2622f751,main_screen
3023f3b912671289eb1f3f3a1f0c6750,credit_info
c62ab021d5b66b8fdb4cd9596c7b2167,own_transfer
85809609b22d2ec86da9099ca7268d21,credit_info
7c00774a4a3f553e7084c730848716ef,statement
068d7a24c12684db01e76ec1cda61872,phone_money_transfer
d9ae9808e24cb61f753db35e0cbf81de,main_screen
8c74dc6fa0bad6e0bce92952ccd81361,main_screen
11add99a42df1f0a32c307ada6f94e61,chat
07ee7e6361d71a67203c0267e8f05167,card2card_transfer
0c4e8a1a6015f21d077b8ba26a0887ec,statement
a63470316e0f809c2ebeee135dc7549f,main_screen
64b933f47693beb5bdfdeaf9c3f07b86,main_screen
c4ada26c9817c7a9afcdb2ff759d96f7,card2card_transfer
42cfe93ec11f71edfbf4950b15bd7aa0,main_screen
ca9269813d7c9b48edc670da23b8350a,main_screen
2791b15545447e49285f9f26facbf926,main_screen
7d401bdfd64c116c1be9635876dd8ddc,main_screen
8940f53c4d17ab41ea7e1003ca65e40b,card2card_transfer
86c2dae77962c86d912a546a574c7dde,main_screen
97d7c55a80b80931b5b9fd5631c4c082,credit_info
ebaa7225afedf870afd00b99fa8baef1,main_screen
3171c976c3b2ec3c234c849c18587232,main_screen
f033f7403d5ef15ab2b9904746e362aa,statement
698018756f23b9ea05b425cde5402097,main_screen
2e5b8afe3f7dea65aadf5cf9dd2d09b5,credit_info
db57e06982b9faa26f9db8d4676af479,main_screen
47641fe3229fa1fc41a68c89ca19f1eb,statement
85a38e0d916afec203cc26b0d125ed0f,main_screen
bd610f92f3659a82c8048bcb4c698d6b,main_screen
7c804779aba2589a094f77000a18fee6,main_screen
f4d00e25fcfb796d6ff6eb481efa8acc,statement
49b126241f233b36a34a83c3398f6d5f,statement
35cc16ac1857e4aa06a73803123b12be,statement
1d1a9739f499128c565415dbec00fcac,main_screen
d04b9448aa267203eb4af5302924c59e,credit_info
565ba487c80c9ab034fab530d4497386,chat
7a27da801951c8898008a20fc504e53a,own_transfer
1bb068a34fce4130b39a7068e2b0d978,credit_info
c1e06ec71bf91de2bf0670063ab15da9,main_screen
ae8c790e53e0bfd3fe75153ac93fbd4b,main_screen
d1bcb3d109feeb7458fe6dd7a3ae1641,main_screen
cb81b2d506b5ca56ad098a71bf39563d,mobile_recharge
a2ebb33f6bdf9794bcc122ba1cb0a63a,credit_info
59af56ee2d509d491e54486514e5f71b,main_screen
487acdb8bf75bb82c898e483f4717f04,statement
482f3f2e66bd10b656e3ee824492a503,credit_info
cfa41dfdc00c7a59f58113b2cef110b2,main_screen
1b464d62701bb1879472f883cb52f35a,credit_info
94ae99f0ab64bee62ee38df134260ff3,main_screen
6770658549607132f873eafad029dfb3,main_screen
d832009a9fac142c08d9fb20f0afea25,card2card_transfer
4d9601c7dfa4c4a21cc829130d2dc77e,chat
54b0c4f2c7a04c003b07f5483e77e829,main_screen
d4c061bc183c3c1daa9b00b2bca1d096,credit_info
7623d27eda11bd6d8de1afdf164c0058,main_screen
47e0fc19747869cdec5de93febed0dde,statement
b1bd72464e1dc3a5fd085c7747827519,statement
2cfef932841d94a80b9362ab773de354,statement
a8ac87c5f0b0d68f03b3ad2dcc329015,credit_info
ede572bf06d984b07059e3dc50e3b2d5,main_screen
3513e81f36de7f3d6397ce7e519a3251,main_screen
cba95c092e5e093c4f78f47c00ff8f7a,statement
298a77a5311e7afc0031b14ce5f195cf,card_recharge
86de139b5b09734963eabde2f5727087,own_transfer
4818deaf01449bde123cd66e825d8655,main_screen
58943798ab6c9a1b8c689a768a72e9fe,main_screen
910cd3e637959f8a1d330ab3cf5c4ccc,chat
6c6846fd104333562056b5d933cb281f,chat
2d85fca7d6ebe54ba6c772f0c4ed29e6,card_recharge
dc0cf1c7beae26043b822ce2aab14ca5,main_screen
1a15e597be9c9ae45f006c58d49fd005,card2card_transfer
28f8cf73b1f2405a59ca389402c9430d,phone_money_transfer
f4daa8fcf07433bb93d222a35af4de4c,credit_info
ed59677bcdfb8c5e60efcfbc0948b936,statement
267f30eb634c67484bf2a79e56fdb74f,main_screen
0c3698bbae08402156f9b033cbbe298c,own_transfer
c9284aabb5cc38ea610aaa31ad447663,main_screen
beba3c96530e7bf6b63882fa224d28ac,credit_info
5d963c16d4c811c52d2c12cdd79ba625,main_screen
6929d6746c3208b40397921db813710e,main_screen
f2ab8f2e7786bb62e5c5b57b66e0b22b,credit_info
e436ce0aef4bbf763d68705b03d868d0,main_screen
0f1d62bf4dc35cca80f85525071f3393,credit_info
58f6caad417ddadeb57450411f151f43,main_screen
b948f77c1f7db9cdf704aa1bc0136485,main_screen
3adc9c4ae66ac2173681ea5f4c818cf1,main_screen
f0388fd74a20262b71cd29d34021035c,main_screen
858233cb74b5346365ed999813f18a49,main_screen
51f011b1aeb7e07d58cffe18ee49f1ea,main_screen
eccd90fd00995fd9af479980c29fe6b1,main_screen
8194140b1041204c614a3782e695c6c7,main_screen
bfb20da986e676f05a1e8664198d5fe3,main_screen
3af2438d91a567c6cf2d55c6e33edece,main_screen
8a8b1de7159d6378b0f9c25341fada38,credit_info
94593e65e65ab500971f342611ea4231,credit_info
333a1978b6d5ec6dfeaa74af6b16bb5d,credit_info
a3e08386fc78b8389bfa3a5c7e2f41de,main_screen
3072dc6fc2e852751754454a9543e287,card2card_transfer
3d8b9668dd9d84e0e7298dcceaf86ed9,main_screen
805325f5cfcceb98c75d120a70addc89,chat
7ce64dd319fa9cf440decf4ecf84bff2,main_screen
a0d702c74539afd06d7d032532eae632,main_screen
697688134e2966fc7ecab4d7c1029f8c,main_screen
2086b07df146db5b16f5f64677c83825,main_screen
ac07868d724252943eae41b72f2bfe2e,statement
655ae30badd411ed54ef2a55f61ca74c,credit_info
36f8e591540c93db3c482905ac28b171,credit_info
91afe0084ac18827d9895f48894af174,statement
55b03b079618efc3d72d0235ab8c7edf,main_screen
4206c0b7fb508b2cd0304b72691a6d57,credit_info
dd4fb7dffac9b019003339bbf1cd830b,own_transfer
a4cfac2c9b69924757b5629915f58953,main_screen
e9732ff809325bfa8cfc5e22b7d8ffd3,main_screen
48c3696176fa46296dc6574b2d7b19ff,main_screen
50d7c86525b8d0157ee4758d98e8dd64,main_screen
187e14b39fc4e3a5dc948b86176eb14b,main_screen
5d89f69507acfeddc6b5a6020909b0ed,main_screen
b317dd77a85c375d2e24fb60f780a763,main_screen
859430dd77554d33b9e8b7fc639c02c5,statement
c3c94c558a8a73f917ed7a6e4cb11aa8,phone_money_transfer
1ae79b21837de18e119bfdfbbab96341,statement
2995ac527e7418535bc31e2ba55e4eb5,main_screen
7f0f23d240f1f6c81dbb3414a150a96f,statement
67a9284a57264e829a890513f844ede3,card_recharge
7b7c01af7bc313fb6700cd2b14794dde,statement
c6b85f6471c4e831190bc7dbf39e6b27,main_screen
130ef92937e6dcdabe4616991b7489ed,phone_money_transfer
92ef8e631d1cd844d523392a7acfb3ef,own_transfer
84422d98724657d0b80b0ab225f94617,credit_info
a260a3e0059d0fbf56acff92c3fc9e88,main_screen
37bf0b02d1c04de286eeb8809bf6ae48,main_screen
e57979ea4a5659bcd3a4f53013d7307b,main_screen
003a8390e065bed589ed634fb3f30713,credit_info
6f0bd956efb8a391330d5cc3fd07ae23,main_screen
59888f988cbfe8cf5ff12b70eeae67b4,credit_info
846f11beb69078820354cdffc0c0d3a1,credit_info
c0df0e7e4aa8791055e2c84adcdf244a,main_screen
b6e060a4f63da1523fec0cc5964c71ba,credit_info
0f7750ba7ec0ace539df238e63793640,main_screen
dac3a5fa2f7476925f2809cc58cb34df,statement
f9bf45ecf042ce71f298bcd64f0b4020,statement
4494dcff72c97512cca233809ded312f,main_screen
f7564d6779edef5f0ad921cde2e0e367,main_screen
80479d67eb2a957fe0195cf3de75f9fd,statement
c825a051340e4ee0c3f1bc7acf536b23,main_screen
5c72b7a844f3ff80bbe48ac65ba08859,main_screen
72905a03ea070e4005da53b92eeac5ec,credit_info
9bf80500d1a65ae47ccd75225a24fa91,invest
918f37a201b79c7ed349fb42a3ee58a3,statement
48b1e2206862229db49340032a63a73b,statement
843ccebeafd54f2ee8a74cf9a1be46be,main_screen
e9e52bccaffcbd942fb99958eb1df0d2,main_screen
2bbe78d4ee2984d48c30d4760a035da4,main_screen
bb59ce9f411c06d539ef72ea5c49b2fc,credit_info
8c47d6bcdb6669aec0497b75515340a8,statement
c506b68552295bc92507cb393c86f5eb,main_screen
e3ab0bd3c3267e603cb75938ef136865,main_screen
13c4eb9b3acb88b78e6b46520ec7d54a,main_screen
9fd61ceefe73cd02393948856c4132fb,main_screen
115106ed21ed9615d9086e3be94d8dd8,statement
faa49ca5878d3c459b5e988c938c788a,own_transfer
490b580efddcd7fde3a8fd367a083689,main_screen
ecb169fb8f7f96bf2866a5e75ec22bc9,main_screen
809a908f96e411c9972f51f710491ea2,main_screen
679050f9e49fea794ea7f58a4ebf7b57,main_screen
ac6d1f5cf275f51378f22920db037672,statement
cb32dcc8e5cf070a99f57da923bc5a60,card2card_transfer
665d8c6b228db092c5ff62ffb340ec36,statement
94cc2e64d7eabd3be3e545bc9630dfbd,credit_info
f2be61ceec9322bbe63fc291c3af9ec2,main_screen
837dbc5e6794aeb4a5d1dce466935dc8,credit_info
9b2a5b43a24e31b22c1675229278f98f,main_screen
21e603b0b888b1340451eb1cee667624,main_screen
6629793871e8b0f5eb3a25678ebc1b39,phone_money_transfer
0bd04ebd58254245d07edbc35bdbcbc7,credit_info
f51ecdefcd03e949965fd42fcaccbc20,invest
163b4a012247077c592d9b6ee7ea4406,statement
c3db2d9d957b4f7d2faa70e65e95de44,chat
05592430750231bcd734bbf6e9f10be0,main_screen
9f54ea0d2f4e4524131fa6c12912c699,main_screen
f5bdb4cba96caf00fed5702e3ceaaaac,main_screen
79f409ece3a66ad252fdee3e06aec5c1,own_transfer
1728463cd838b1b0f09a243c0ed8c902,card_recharge
3c21dc31b089db48f83e8542e63026da,main_screen
e5f31fb06ffc7253db128ec0b48bc5e6,main_screen
285acc591710726fc53076a415471ba3,statement
3c951a8ae005fc4405d6c15e7992e844,mobile_recharge
4ba1703c0c109328bdf0b2ee55b97254,main_screen
565c97109de2ba1a62498f837630f276,statement
e5077fa4d380620b91b9f85a811d7e0f,chat
b613f0821e72a46397bf79bc55919445,main_screen
53f19cd6495adbdbe72e6e5db3d1eebd,main_screen
90c4f74b74c40c8ca83802938f70d522,statement
3d3c220067dcc504fc6e6355f261f7bd,main_screen
08202ed8b40cc8d245fc727d25e6c867,chat
4469bc99302f65d2adb46585c5ac8dab,phone_money_transfer
1ecc56a5bd1490acf2acda1b82ee115b,credit_info
63d5b5d3de3a05c1f4ebf38a24d3afd2,main_screen
d25130670fbb503b0b43a5f64302ce0a,mobile_recharge
2b693856bd826f6088a9388b3dac7843,credit_info
3ee645824ba3705982ce83252f6f45c9,main_screen
b852742640096895a65eecd6d744f93d,main_screen
73acf90c28009a1d0908daebae9ab94b,card_recharge
fda25501316f07baee566960ce24e615,credit_info
23e56ba7e6e1737757917a1df2744870,phone_money_transfer
86b45ed764a9d498f67282d450054d23,main_screen
947351c11e228a04ea455365dc569c9b,main_screen
10e470744292cdd2ab028ddae1a5e84c,main_screen
60969c1e25bf5514afb18fce0ef3e3af,main_screen
a40dc83a0e6a24f1ee24b6a16f12bf89,main_screen
1f5393488be7fad92c8dfd98e603791a,main_screen
247679ed5137dc9bc0b0252e0092bc4b,main_screen
113e7787716e7a3c5e13ec6ee1368b45,main_screen
f550b51c72c7bfe697c1cf77c02bd936,main_screen
d699d5ad8e4ec8fb5198f74452c5ee78,card2card_transfer
cf91edafd7c78fff803759bcad7b213b,main_screen
fc6e7391efa9a8e45f3e053fcfa45d16,mobile_recharge
1efa27225c54bdec5c3697060d9980ba,chat
075b806490e416d3a66f739ea232c4cc,main_screen
e1159e3aa28417d69006bbab922bc381,own_transfer
a10050e8802872a8114ddfdcf30ef65a,credit_info
a61abc2136cb39434a3b619751a01f47,statement
24f5b7bcd2aed823bd655b8e7e9aa747,phone_money_transfer
8825bdd5217e777d4b6b3d56667fae7f,credit_info
6152c82533b8c0d35261220e5ff96971,statement
34e7025528f230b69a99bbf13a137b4d,main_screen
be7ec5281d0f6c74282cf648a533f476,main_screen
9b65dd3f5b45b2fc410cce6cd430d435,card2card_transfer
95d7818e658b3430d78823e8676df4b9,main_screen
3766b0191c7dca797b57a2e84bab0873,mobile_recharge
43348c97b1568a5e64f013090829bcf1,chat
1fc07ead2f3d03c442daf5e4c361dc27,main_screen
306811b632addd297c2de68dc3c66fde,statement
e032ebb913b4ef519f24fcfce99141c0,credit_info
44c655b09762b55219d865c30b96d86a,card2card_transfer
0135ef7300119b00e56d4d0949864b05,statement
306b2cfa0e8ed96dc32eef5bbdf4b4d1,credit_info
0ba28caf4db72eec4ef888f71f152c4e,main_screen
ee6de720d1f39ffb879d4211ae77d9e6,main_screen
b70cf7ab72880aeec56c556d5be61b29,mobile_recharge
e95a514c9a2c45604a04a64687d905b7,own_transfer
a4dea30f127a0b4705986f5ad2456a9b,main_screen
5c88d8e24c838937f1dfcf682324fcaa,card2card_transfer
7c6ce42d45cf8da89d88cda89498501d,credit_info
a3968992a2477fa1f1c2dec97563c4c6,statement
9e7780d10200e2d0fd2c02c37c0f7dcc,card_recharge
73466569ef044605417e9ace63a15f01,statement
e0494a511db9f520c12ce9f67b025456,statement
6f262436ecc74a74d57baf79d3b53bf6,credit_info
835a748b3978776791cc87654915b4bf,statement
36ca0be0266b99b1b9a2b587e15d580e,main_screen
00d8ec48b1efad37c57edd64ed11e830,main_screen
aac01b44d30aaf65c97cde1419d07ac2,statement
f23d1b389ac9fb4e3f804f56c5b20089,main_screen
a6eb47d6585be1d0e08fe10be0c0ace1,own_transfer
6dbd3c296ff19a739821515f5d77a275,main_screen
4e8b1d7fae994c9fcaf4b763c09d9cc9,statement
2a63cc861000358d7179b41c3b5d5a23,statement
4d1571192f092b8e3be6d95aa000384d,main_screen
8b00745fc96e4ab1a9c0656f4c8f5097,main_screen
7049571bbeac0ac9c95804541f85d3fa,main_screen
31f85c69d630677dd4ae559b8f0253f1,statement
bc1a874276f87726d9b9a62160ac038d,main_screen
e8d009c79c8068bed49f8482e763681d,credit_info
156cb1757b966f5d5d34329d2d0cab4d,main_screen
f83ab0734afda8e952fc464e537a89bd,phone_money_transfer
f149b08382061b629628d68c91f13a14,credit_info
31f58f8f6c4a13b501a618e420aba304,main_screen
a8731322d84c4bd8bbde0003817ff22a,main_screen
ead7b01c87cc7738cfda34ea01bb96d3,statement
72e24e2cff27a84ab27eb2f8794a1639,card_recharge
11afad975b12360019bb2aeae470b4c2,statement
a4776e79b1a6f992edf6f28e682cefb9,credit_info
ca8a0fe7cf228223716f15d6b34c5e49,main_screen
492fc46f393c29e2503d82539937b68e,phone_money_transfer
7310fb96f38cdfc62986b72ea6f56fba,main_screen
4d3084c94448a2344af82ca12604e493,phone_money_transfer
ea5d71758095b6ad70ccbc036e18188f,main_screen
6f9b5f4dd52060eaea0c32f89b5b4218,credit_info
356450fc084c488136a9653f68c032a2,main_screen
1b3ae94ff90d6a31aa40e4a6fd651b5e,credit_info
346d2c004d2fd50207ef21784423ee6e,main_screen
81f2efedcdee5efbb267ef556c009671,own_transfer
8ecb6e60b69a98dbae53a68580fc02a3,statement
a888a17dd93c0f5e8bf0a882e4becd64,main_screen
fb3caa999873708bd4565a2e36212e69,main_screen
8ebf7ba6991e51d15c2922b255f900ca,card2card_transfer
8b92c0fa2b312a3dbf96ad3f63adab3b,mobile_recharge
d89a6e4d6cf797719e860549e8b71a3e,main_screen
87880a832759c509e697e5817817550d,main_screen
d5e7a6208793417e613dd746288f8f2c,main_screen
31d09fe3f87ab7c8c00efa33e92f9ad2,credit_info
7b009fe05ff15dab6d041f8a21277576,phone_money_transfer
e94ca38bf3ffe6b489af5223f94aacc5,credit_info
79b566b9552e54801f7218de4f58b234,credit_info
20abc88fd5ceff30df045ccf5d0994e6,invest
79660e20941864ea00feb859caacf577,card_recharge
89ae617c963c2e5b2b70f9450fe712e5,chat
bc154f0c7a36b70ff26b72d514618eca,phone_money_transfer
5e3b68b6a078651fa2a6155c369860cc,credit_info
91e1e0e5b74b5d84ec277c32d6e3f591,statement
0a5061278d5942e4be86abd9ea51e159,main_screen
3f26a77d56e5e0677c3062538d36a4e4,main_screen
5f00f2623b9d1af100672529ec695ec9,card_recharge
f7b19ff54acf63464fae1e1ef6149cc0,main_screen
d0b0b4fe2ddf92df7becd2461d726716,phone_money_transfer
9b119c67509baa4681529237cc0e5c48,main_screen
dcd3fa5bb0ffa0e568c49ea49f8637f3,phone_money_transfer
686c1eb5fa38856dd6625bbe8011857f,card_recharge
46b9b270d26068382bbffdefd4863b65,main_screen
de5bfc956af9a18f532593b1a7f6d888,main_screen
ee4d4a9f9290dc3af2ebf9c5efc68a5e,card_recharge
6a5972bc03e630f141c18d9c4abf23bd,own_transfer
a8d120eedfde07fb8c225f2f9c6490b6,main_screen
ccb868bd10ec7b96909a3bd6345cd14b,main_screen
b1f29ab9a0c67a6f38b3e71adde0b905,card_recharge
fc3181636df44528f474a16e08a2eb65,main_screen
23c890a3427ef940139a834c2dcb3c62,main_screen
0e3d1ddf3a777ae577c3b8583fef44a3,main_screen
4b2d649bf301df8fd81224e76f7185e1,credit_info
cb14d9c124a696a996797f2f56a63ed3,card2card_transfer
5660e1e3a790d501d603e4e87dee909a,credit_info
0f144a4d5bb9a28d8dd11af4d03c52f3,statement
8ea81805b6d88b074487d50521a3ff44,mobile_recharge
54a9a40926b38810d326e2b9807f9bef,main_screen
5037fea36c43fcd06022193b10c3f14d,statement
129001bfd65c622cbed7fdc0f0fb8b80,statement
a960c717a97bf7ca26432d9c6fd64a69,main_screen
27053333e9c010de6febdb1b20f2fbda,main_screen
91d5d97a00a83c0e2d469da59cd317a2,main_screen
bb11f079312b326cc70d4a9e70bf0f34,main_screen
08ab7edd04faffd3032437b440335bb7,card_recharge
66cd3fab14261877d9f4e7ad577e8371,phone_money_transfer
883bfd3ede2913fb0b671e5b58cd4867,card2card_transfer
565a7da2764d66d796bd5cd397e46e9f,statement
17d9170448c4884e21ffeaae7bf07c44,statement
99f6559917b85e097748a99a11d1577b,phone_money_transfer
8461a9e9a61d1caabbb47771614cd23c,credit_info
bb6926efb6fe3d782c40c73490d8f9d4,credit_info
021a43ce86b982fa2cfec6101f09af3e,main_screen
3309a22d832cec76a2b59eed8c3f5361,main_screen
e33ba850e896740f767aac541a127fc3,statement
3cec5321efcbe6dd7ef7cf5f70514687,main_screen
8941655d722db81bd8df7c78dfe82033,main_screen
78964816d76103679fb095c47e786703,main_screen
7d1d7db4b2766906311899dd10a7dfd7,card_recharge
b5db30e449cee62ac682d955ade34690,main_screen
25b3f44ff086dbaa433e29cf9b307c76,statement
5ea7d1f15b434c07b7e5457dd0e2fc22,main_screen
52c6b05476256c524d427c811c79ba59,mobile_recharge
6fd20c5fb6d5586131ba2cbb7500e296,mobile_recharge
a37b684c617d58daeedfc1576108f577,card2card_transfer
84b91e470cbf6675ab1210fd84fa1443,credit_info
73c143eb0ce70fc2fd5a2c25e95cae35,credit_info
f0b9b05fa4d79205144d975710976077,credit_info
ce6e64d6d9a28e95649d0d2a62e8acf6,phone_money_transfer
e8241791b0758009bb6b56d33d9eda1d,main_screen
1300a86b26fd8eb31e35a5449866982e,main_screen
f3e8fb979f8168f1100805686a426dab,main_screen
c77708d31b82f72166d739688b9e1ec6,main_screen
009cd159085d7fcad6ec20e069b699a3,card_recharge
f3db2efad7022081ad0733ef2aec7e89,main_screen
f649f82d862bb2533fa8dba607a2f550,statement
eee11a21b854db4230e93d2840b177fe,card_recharge
c9b4f9b5686f5377b57a385e57eb22ff,statement
76b8a1b71d6adc6efda78b6008e1cd26,card_recharge
2811368c9f0eb6bd60ffb2f77d85e376,main_screen
962763962a2dbbba439c2a8b9a8b2e9a,main_screen
a7ba4068e34aed1ff55ed86181d659de,statement
3d227840553f6790323bc411133c82f6,main_screen
afa3e3fc3ed1659646b8363dc68ae1e8,main_screen
93383c187d17b92a9956d51dbb23151a,main_screen
5e925e0bd329cedcb59ebe26d5af279b,phone_money_transfer
c29940008bdeceff79aa42d598602b22,main_screen
c35a6d11d1235022962dc84de94701c2,main_screen
62771730d008e88d06f4f76f0957121e,main_screen
431827de3b76acbc16bd71774851373f,main_screen
e6a3dda6325b11176dadf47c69f94a2b,statement
fe16560e5bcbefeda4e2a9fbc1dc293c,main_screen
eee4d0da1ae47c4b9edfa025da344270,card2card_transfer
0247cc7d33dc7acd243a1f3babb5b004,main_screen
1518221507ce31d0f1d15ea02754b6c9,main_screen
c6cb02119087d4f656da4c8b308f2577,credit_info
96087720af573777447b65e3bf208045,main_screen
b24c1bfd77fac60929fb238d9a25fd0b,main_screen
bc4228e0f91af6905acb6fdfad495ccc,card2card_transfer
d95689f6f52373e12bc54287d0c79ad0,credit_info
58e3c59deb9e7de571d38eef3b6f799e,credit_info
41ee57f1d8149559e2044e01e43d213f,main_screen
56cb55d87460827ab4a7eb9c1ef58cd1,card2card_transfer
c73c721005e0c63fa757b049a9f03243,main_screen
86108f28be135d61bdefb1022c215feb,main_screen
5060d488127df3a8d861da3ccbda651a,statement
8b15415d7d6e4444923e1eef557b372d,main_screen
64f0d5a4e6294f9a354ac795bfdbe79d,card2card_transfer
4bb9b3555d7206788bf0d3ce665faa40,credit_info
2d5ba5202344ece84c980a1098d745af,main_screen
de73362f272c7b5fb663090784c5af36,statement
c46a52afa3090d996f0370def700e581,own_transfer
bb64451bbc9fc88d9e141d5ddd99e8c6,statement
f3919e7255446f113568ec6207f3bce8,main_screen
f89f61eefd4a13a9ea425e8c02591180,main_screen
502c666db4adb124989b715bb7dbdc3a,card2card_transfer
666b55ef0437d7220e05cd53b86d3813,main_screen
e548739be73f03284a941dcfcb8ef6f4,credit_info
2adb3bbcbc4e74dd5a2a2dfb25c3d5e2,main_screen
209d9b2734c7ea367cdab1f2f100bd9b,chat
ba432c4d6fb919b1ad33b5d68dbc9cb8,credit_info
d2f08f830a51f99182ef94e9a38eec10,main_screen
b15b183120c005ff4ea003ac5a900f6a,main_screen
d2eedc1ddcb5ac9ee44812dfdaf1d241,credit_info
55ad5e6a70599235bee3acfb183ead28,main_screen
c128ac3b182c8d6c57d3c45190bcdcea,statement
ccde94bcf4f41118bf8bbe1c94c71b50,phone_money_transfer
937152bf1c83e0f3ba40e63fb5cebd23,phone_money_transfer
373f0d4de95ab3e21a75040bfa5d3668,statement
d9eafcd8412623bd88fdbb9b4f98e2d3,main_screen
daa6cf83ba7d6822d6a6a91e852e4a61,main_screen
8b6fc57e89b95566f9939fcea2bdd5e9,main_screen
21d250bf868dcafaa5fae269634bb7af,main_screen
106c39d646dbaf40907de3aac54f2316,main_screen
495dd9022bfb9ad8934917b13455c36c,main_screen
6f8161fd6d61d22d83ef89ed3c3585c4,main_screen
4884caaeb02aefb985bfafe4a2af8f88,chat
d2ef598afe0418f63b930ae21b6546c0,card_recharge
151a3b1514ff6d39134953c610fce01e,credit_info
f254c87a0a148f46739fc4595acfe895,statement
9a2dcc4b0cfb83e71fce4beeec817c34,main_screen
8da0f3340f096cabd0b5285c5479f31a,own_transfer
39672217a834421bd4416f23457302c4,main_screen
efdf9a5e50b6dd1e1c62fa5a4b8aaf1a,statement
287e33e1a7974db80c8bc5ab7f61b800,main_screen
60623cb3e208207b54c136c8d2eee3cc,main_screen
6a3747502cdbc09b97578d8c60f7dd92,main_screen
896ad586f3f94b9d2ba7febb132fcf62,card_recharge
6c5084a4ce0402d80ef6a34abb23ba3e,credit_info
3c041cd3094bbbc7893305dcb20c1a55,credit_info
d2c9d3125a6283554272fc2517e580a6,phone_money_transfer
ff49de45b12e3a2f66e10cb017568d84,credit_info
dda84a6e4c9308d7875ff8b195ed5f27,statement
08833665303575fa48f70e3bb4b6c582,main_screen
1a29b0af4cc41268e832a8e9d65a1e18,main_screen
3599401d4df8f903939efa7198cdd5da,main_screen
45cc63503328f5ee2d196bbf749a1cc0,card2card_transfer
7c8040397ad5eb58c79581a0e4764dd4,main_screen
06abc3ded0cb3bbf2502e9d40aaeef55,statement
a16b122455ff72ff83a850cba6f8b3c6,statement
8eb1e3b390aee6aff8d0820847a4df51,main_screen
a662cdf679f5b749672f29d22e10aebe,statement
60dec00459617f75d5976f95be1968b8,statement
4eb31e83820d4be36794eae809dd5d29,statement
6e555458e09d06d131b405139ba45ac1,card_recharge
790c4944998e6c18a94bbb0c4fc1c0a3,credit_info
3edafadef3fbe235636e33fdfa15f53d,statement
f97eda6aebfec86d5a86b83e05f54585,credit_info
e439b1b41cf834041a008262335e6dba,credit_info
3a65132674aee1eddf0b0a39d46972a1,card_recharge
d2bc04603876c1c3edf9d9428ec14c0c,main_screen
0ef157cc2a5a44dc062468d058e6563d,main_screen
141de452e246edcf747bce0e1c9feb88,main_screen
c196e82ab7f2d5ad3a2cde8532ce2fa2,card_recharge
dc4646662b2a52996c2777265b33c8ca,credit_info
ac694157dd7bb515d26ad356547f8ea1,credit_info
82bd4ed8f4bdfd1d5b81868fc7e137ff,main_screen
4a02d7e999da9175bd24c30aab0ec79a,phone_money_transfer
711a4e7bc107f0f1bc18376cbc8945c5,main_screen
9f536f5baf5c681e0db4e17106525699,chat
f21a2c412be17403d266e2c18c11c45c,main_screen
16918f8e72f91fea66c44d8c2b58846c,main_screen
71e28306a255d57f37dc4c6be6a65035,main_screen
8c2e5c3e1e559e69b70e85bd888fd649,phone_money_transfer
7c1375271dedf640cedab1ac7a3794e1,main_screen
4f41f3e587074820dfbc845322dfdf34,main_screen
2e4d279a57ef8fb23d7e81265820f2a3,statement
aa4310bd8d70bdb28ae627ac5ad37185,main_screen
a68f5ba2b3319e8cf472235a2ab78624,main_screen
f993b006c1d8bfae1859e75b3bb0996f,main_screen
896dc0cabbaf31db4ed6da8e3aa2c391,invest
f1b8ad6b645fc4b2be3b6d21227072ca,main_screen
3bf9a24ad2a3f0fe8488961c90b9fd6d,main_screen
a193f394dc367d476066c92fcef46bd7,chat
8f3e8f038882c6686ac298ee73fb063c,main_screen
a7ed9045391329f84474be3e7ef2697b,main_screen
c4f1ebd7d924b994ffea98e0d39936f0,own_transfer
22179009f8c23b890f4b51cb9fb00a0b,chat
d0e137646d953dfd6bb6ea7fc6271708,invest
f96e7a3b890c08c67d82535524e37bdd,card_recharge
6f5e0de87b04a28a3f6c2aa3bd65a9e7,card2card_transfer
ea84cfd04b431c522a387068dcb13dff,main_screen
f879d8a61963bb11a57fcf7d70837d41,main_screen
2b4b61f44ec3ec5092a95371ae73ef93,main_screen
c283c194935462ac45820cc20161c5ba,main_screen
79041f12e4ee4acbc5edbc9d508d69d5,main_screen
6e75e39ce27fd2954d48f11c825b22cf,chat
378d7020b9537c3f9f75355c8d4b311c,card2card_transfer
b0d80985966221cd7a28c13034246b9a,main_screen
f44111a2f1cd6c3ca61634044bcbb346,main_screen
fe6c3adee06c8bfa4eeadd78caf62f96,statement
d4da3ab65b413f647381d967246248b2,phone_money_transfer
9a29c5e42116098fd1bcd04c3f571545,main_screen
f905f810a7e503f9ce436711c8fe8664,statement
119601053aecbd1954e7faa0d24eaacc,credit_info
f3f646d8a87256ec346b60a09a4e47b4,main_screen
621ebb180c45f154c172ec9f86c47eda,main_screen
44e850970f04df204c092cb2e4ff857f,main_screen
b45a3ffa988da5f900e1bf14aa2a5e99,card_recharge
30d4424c613ea12fe894245d2c5aa949,phone_money_transfer
8db40df2649bc7236b1cac403f4c93c1,statement
9eb513bb853a74ac2365b38e4d192415,mobile_recharge
6efd20165eed980048dd4f5a51a4e316,main_screen
74140e68be036b1d43117c2c8165d967,credit_info
460db63b13dc9088f87b21272bf6405a,credit_info
d28f3904e339812aaa2daae106077107,credit_info
c0b99509b1b2a6ca472fdd35ffa67c15,main_screen
883d246e49a8b4730eaa627b872bc13d,main_screen
2df45e07172ecb5cf90c15ce9ef147f2,own_transfer
82b9ac5e5e0b0a7f8ce9bc019247e3d3,statement
ea020a27e5bec4623e8e614dd6c1b454,credit_info
8a07a46ec6a94491951649b98288ca46,main_screen
70c15881b266515d150183d3fe5e41b0,credit_info
4a6cfa4561e3dc215bef292c8e0cfa97,invest
dd9aef3af42259093b557df666cc1bf1,main_screen
53e404309602dc1eae5e2fb03669c8f2,main_screen
67c01606d20288dd39192772a3ac5227,main_screen
b11c26358082d07f1ca0f52882a7431a,phone_money_transfer
3454ea35b18b19e6c05eb0ccd3f8aa8c,main_screen
9f8828cd0c6671c655e743e6a29d235d,main_screen
882b84dee712bb99d0f3fb1c14475ffb,main_screen
0ec64e092f37a19a05c579043261ec22,main_screen
bcf696b23a11c651dda87bee7dc09e31,main_screen
8ca4c25f2a63de9e069f6f6bc694d041,card_recharge
5868cf0732d95baf00ac3258d5f467b0,statement
6cf98840a156e17d9f6f435fdaec7b76,credit_info
c70299dfbf10db2e731e7e17132b6822,main_screen
a919c5e899e814aea739972d622cb2c1,statement
502053bad58fb3d373997bebda9fbca5,main_screen
0f58618679c4e3a4fa18641ca10bb779,main_screen
cf662019ba5c50a6c0690c0a4038a893,chat
c90fdfe8c03726bac3da16b748c63eeb,main_screen
f3fee4e8ea1a568515de7f5c380c9294,main_screen
24e5edf74f2c9a86f5f297cd9084602b,main_screen
42afff7b61d47152bcff587f2ef4c345,card_recharge
8b5bff638a91ae66bec47ec4bec4fb33,main_screen
8bb4d54baa88a643dbaa4a8366901b20,statement
285cdaca6feaf017a4355346d2769e77,main_screen
4c6e746da25b484bde8aac367843cecf,main_screen
ca67eb47ff73ab949ef5abe3b30d3b38,statement
7fbf86a911b471a35852e3d78e94bf6b,own_transfer
1ba2654c8c00a9d2d70977443431f363,credit_info
d3c644619a22c111b805394783373428,main_screen
07f0541f0de31c22fb3275a1156bbf21,main_screen
42505996a7f1e98045784c039e1c8ca3,main_screen
8a7293652ac01493a728cb0e57c912fc,statement
db9ecce5e74cdcd4858303d0aa222bda,own_transfer
7b12463d8d0b8dc01ad4e438ec9058eb,statement
af76b8108733590a51ab7d7914ea91ff,statement
3424b612ade778e1e24e33fd37b5f867,credit_info
cc1b6f083ebbafc42577d047242f86fd,credit_info
426806ab270b14e9ef98745c0b5768ae,own_transfer
8307887f60185ef5aea2b9587919f9e9,main_screen
05eca23ebc22ab4450a5ce7df4e47161,main_screen
c4b32791dfbf83d1d39cb14e049fac3c,chat
a05e3b4f7fd6cd676f38e8c1cb21426d,statement
bde833a8cdc1172bd76f3a1dee725a02,main_screen
3c2b32801652cbb71ebb8820937b6295,chat
97231bd71436f6742b32d084fb9fdf05,statement
69ce463ddb29f0f596bb912c12034aee,credit_info
2a55647ceb8ed0fb4a86b85cba7c38d1,main_screen
28a2e0f0a1edd576a6ffa2bdcbec003b,main_screen
5e83b44cd4f5e7d52d9c0af0202d56a0,main_screen
e1a25a3550e73e2f83a8dc29acb9da07,main_screen
7ce5bccffb99c507bb650f94a624a1fc,main_screen
e55c8f77643053de7c05219fee92c4fb,credit_info
b41f99f37903cd9f0615eb1d65ceedba,statement
8c7ee70481fbe420aff6bc1c269cb350,main_screen
9e3b3e683420273d903c409abe2cd761,main_screen
03a451626f9f0a191194d635b89e12eb,credit_info
4a7c659acddcc68a10fd8698eda56ba0,credit_info
4ea9b5fbe5b45a03d5bc0d9238e79bf6,credit_info
9d08e027d57d867a3e44571406597f7c,main_screen
238475045c09d0c0142c3e6ed51c039b,mobile_recharge
6468f3bf98897d15d4a81c7d902e0d04,statement
594f45d6c15059da38e074a4d40f3e1e,chat
1a1a6b7352b6c7ed0494f5ca88d6c59e,main_screen
a07aa85434945a72e4ca6a086f5ceba2,card2card_transfer
3e91856f30ca4707b06dd958397e324d,main_screen
759ec2523db87eab156796b20d9ebaef,card_recharge
3e69fd5aa4e7aea643bd022b5009270e,credit_info
acd409b01ccbbdc70917b2b7646f2ac2,main_screen
3deaabcd80adf83bed11e315c70ab87c,main_screen
71b8f516a5fd2130e6e515d35ae52615,statement
8522c9b7f33261ca3c70770574924c1e,chat
26db8d7e8d2b6af2b4c81f17ba4404b7,main_screen
44c5baecf5131020d3c2054066d54853,credit_info
dcfd8907ec0d76de5e17d680062ada46,main_screen
f1e87131e76308e72ecea9c6ea70cc07,credit_info
d7daaa9145efacb045cd0f3b362cae16,phone_money_transfer
41c8ea713491dac144d6f05d971bd0c3,credit_info
b583fa69496251c0bae61d32789fc41e,credit_info
a9cc7ebf37b4ff6aeeb8fab531dc041e,statement
5b2e742b725557e9df6803e7f9848759,statement
70b68ef06a133d11757e63a4c59f59be,main_screen
1442e9402b83bfaaae59fe25768f32b4,main_screen
01a5b9f203f384ff172f505ef8ac83bf,main_screen
282fd371f5b5d39c47b71784d818624e,mobile_recharge
15fd7f8cc86da88f5f10464d4b3a3b2e,credit_info
b60ce29b5db27763196cc76fc534af65,card_recharge
fe8ad11fa0afaacdfe512f77858fb8b2,main_screen
94bd0111cd81f516f0f98597e42df81e,credit_info
5471ce1e95ad16ddd4b34a665cc003ae,statement
530c21ac4b995495b272d55d3e628327,main_screen
e07b23840331b4c8e40c2a6c1e3557b8,main_screen
27a79069bddde406c467036230324519,credit_info
b786b07fbd2f09d8f16784471365920b,credit_info
125a3949a90203114e9da87e3ae30eee,main_screen
efd30260305eb9fe25fc7250bc5452fa,main_screen
ad5260bfc2b4ea89a7bbb43a7ab30d8d,credit_info
634b1de1b79f17acae06aac61fcd1afc,credit_info
6e23efb74b1aca8627e5cac2d786e6ab,main_screen
58c71e25e296ab75670ab2345f0205eb,mobile_recharge
02e7d88523a009fa57ea76605857c64c,own_transfer
2811eeba27041f66c36cb567cb359954,main_screen
24d3337bdd084a678f49d46169722e06,main_screen
67d228f625d57700735361239d332591,main_screen
ca9d06f0520a4450b414647c85061eeb,main_screen
15b6babe29cbfb2bb8cbd87b6e84df26,card_recharge
440954d2effe869f11b6fff073a9985f,invest
1d4b6b97f5fd899417f6419e485dd669,chat
5f37f508c5a6a183259ca363602270ca,main_screen
38d2ff35e7e3dbceebabf7eee9ddc72f,statement
ce475bc37138e167f6110f6ef16d8850,statement
e70dcd34b13da19fb016484c35a30328,main_screen
3943f7b52e80892e6251e1efc09ba0b7,main_screen
bb9010aeac9753fcc2764a06476294da,main_screen
5056b01fc5d37476707c8d1b5771b02e,main_screen
4bfc09ddb6f37c8cdcb551e7e2e5908f,main_screen
33911f7f85fa9f479704638e545678df,main_screen
d7c3964377875b80c4fcea3b66603fc2,main_screen
539f501928861f2953bcbb6b7fdadd77,own_transfer
2f7c62c62d16d5fb6b1e65d810aad006,main_screen
d9b7dfcd3bd902ee680259a5896d2e00,main_screen
bcb1000cc6f4af1abc42c08912c69835,statement
6c5716adfe57b9d34b041e07666529c6,main_screen
75df89aededc0cbcc865eadf588b30c4,mobile_recharge
4f63d3854ea19b117fc895bef0373d26,main_screen
9ed91b19a19e29d0422136d99bfcbdba,main_screen
d9ea6ea685f9d39105452cf277c2844e,credit_info
3bc7ed2fd503601fe0dda15e81f57de1,credit_info
cd81d23d910889482dcd2081714aa612,credit_info
1ae127649d909e186d95d8e25c2ee944,main_screen
fa3fcbe13fabe580bfc750d923c38ae9,main_screen
bdec5267e0c9ffe0a564ec46a38bc5f6,main_screen
df4d3fd3a9f65d7fa6bd09c12447a35a,main_screen
02612ebfe4ae1090af8153edcbed2479,statement
7cfddf8a7c0b658291d1cd579fb19da1,main_screen
54839541090bd02ac7256e0797458c6d,main_screen
9f9a53152fbeb0ea9ed9000aa8f1c571,card2card_transfer
4decdf43fba633b0ee41dd3d0c2bb444,main_screen
fe443ff28bd13b6a72c278a6cb46b09f,mobile_recharge
0770cf899f7a816e56a95ca3d7681625,main_screen
7abb6d55e07bbee1359ab8743ef0691b,main_screen
ee1cd8130222900a68443a199165e4ae,main_screen
154461977df5426f87f5d7bedade5d82,main_screen
bdfc9eae1909755884ea3e92268b7632,credit_info
85dccc09dcc062bd83e0b2b1dd336250,main_screen
27257ab5987f8d38dc558c679e88fbdf,main_screen
0bc4dc29eaef7f1cd955691f33ab8f56,chat
cc59e397bdb676280ca0f4b6d8be5b07,credit_info
4ee323e2b90a81058f2c22199f8bf03d,chat
473994b58fcddb49edd8db39df1ad369,main_screen
7439f42f2db960c4ac82e595418938e7,own_transfer
86fe7ac9a3b1cfc11869821e1f629885,own_transfer
48496948b961cb55d7203912866c16da,statement
dbb919e57aa12ab538daf1a80fa9c603,chat
4a6fda87de7ce8cb592b651a9d73ac47,main_screen
9ace9868e13cc94e8ba6e842e4c64743,main_screen
99fdf006a133f3154bb3a62442580d70,main_screen
e170da2911dd7a015ea1b3c823774332,credit_info
0a1a4620dc96f45481cfbe6f22717513,main_screen
ddb7f110efd8890558f23669ab65ee48,main_screen
3254e25923146aedd32c89ee1f7b67b7,mobile_recharge
86429d4d9ee3211b3fe1ac94f989f508,main_screen
8e870f777b746a8aa7bfcc3030f33f16,mobile_recharge
84189cfd52f40c2fea7ed657f1350dd8,main_screen
422e449997730ed49094f124e6bdeb78,main_screen
464a4d6e16e4d60a6a76550a4c3eccb0,statement
040041d4eb5184b92caa964b1bc58433,main_screen
4b01669594649488af0738fd4b13ce47,credit_info
d6ad2fe58abea3675e37b27d66de1ac0,main_screen
94a25245415c60a8db4b409f8ea78930,chat
f7df5ce59c720297dc41ecc861972983,credit_info
29b393ef731c891b6d67612bfcfa12c6,main_screen
eed7c74ca8b227db8cc9940f9f373144,main_screen
6471c52e32b77234eddf315c6525abb1,main_screen
5da98ee8684d614c07fd1d3c7800478a,main_screen
4dadf0dff31a67c8ec263833d9c2ec71,main_screen
8aa3f948d949ba9564a07664e7286fb5,statement
29acfa37e5af5667e7679be9eddfa35e,own_transfer
7cc58e9b13bb4ac89a0323346824b77e,statement
727c8822e8b6c1c6261733640be5519c,credit_info
1bc6e1d2681429784f08781787f69181,main_screen
80ec08a13510f3546cf5c72158a92311,main_screen
c741adda4085a0d38496e2244ff33ace,main_screen
1eb8bac3c80ca33eb61eaa1c0537cdca,main_screen
20e8e89b8bc9103fdcda57a76355463d,chat
51d18ec735050235919783cf38f6f4ba,statement
d1f87e4521d8fc6f611c278ff88025aa,main_screen
168c37b43692cbf71311677d59b541ee,main_screen
0e0d58e73429ec2a50048cf0a87ea895,credit_info
659ce51684b885e33fb5ec18785d31f3,main_screen
96078bc88ffca9995bd06e8d19d19622,phone_money_transfer
6491ef20034c4d0b26c33d28096c6ff4,credit_info
2b3833fd95f1c6736c62c7a53582f9a3,statement
bcd2180d809bcce093f9806da83ba4ca,main_screen
4b315f6db1add1183a180691836364c5,credit_info
eb1c9df29a5b9f35ff1dd3f521e5b0dd,main_screen
0e7ab5725818c185de6631a2e829c96f,credit_info
9978c2e17700998c0a0b0b8587f55a20,statement
b0c8c5ddcd5d8de2a454860593d5e3a7,main_screen
3cb14a08041c595378428f79ad4a12a2,credit_info
aea31a8d5448321fdef01d3cbd218033,main_screen
26698653739a94c578242d3a3f6fc2c1,main_screen
0632b394aa4438c14184b6e7a2b7639d,statement
aa253ccf8c8b139bef252f0b2704a637,statement
b8bb0c9fa7837c36beac8c13d656d664,main_screen
0ed31d3c4e951afc58a6e6d673039c2e,statement
768ca23a6f3f2ef1b99cddbe29978824,chat
a61b85257c660d9c687e44cc595c832b,statement
c6099214a198f813669040f785bf46d8,main_screen
af3a86b85806b15eb63eae5365ec29b6,card_recharge
4697b0b4693a008dc6a8a6d4da3a2559,main_screen
8975cc657f71c1ccb97d4e081585431f,main_screen
a27b1904b8c862bffbce83aee79d3375,main_screen
d3420fd154313ee2988b89c354e248dc,main_screen
5ec8f1a80b1baf6bad2e8911f10ef1b8,main_screen
0eb5ee584c4488f9a36d2df6be34a644,main_screen
f3188acee70cfcb34ba288b2dfeca5af,main_screen
df23810898b799f7a9ce436a9b362101,main_screen
b21ab46ff7455e94992b4041af7fe16a,main_screen
7e3046527b9a800a74f2d01c614fe4c0,main_screen
162b4a9da3d0a4b2d2daaa49774dd8b7,chat
a5f7f2e46d47fc979db334131d73613c,statement
45db1f0d8ff85f05c9c67c42258e2f0a,own_transfer
01062334122201d29f45a56acc0881f9,own_transfer
170259521a9ea6495fa3ba889faa221e,statement
ee90862b25b92195a3875dcd186ef410,main_screen
14f4143050b58c26cfc32761ae63bb91,credit_info
76684b95127cdc3df1b1a696361d3b8a,main_screen
7bf1ae6848d507233641465f73978485,phone_money_transfer
df6b2c3bf86a440012cfdfeb31cb5297,main_screen
f8efd16810d77b1ccad89d6d935783aa,main_screen
16e16cfaaa593e1314b6dd2eaac5ecaa,credit_info
da33a59cf87db71f52a01f7580e02e81,main_screen
fa1c6d29e453401ab524191370665071,main_screen
c687fbdd3ce0a3dc1aeaace1bb116fc1,main_screen
3dc3217c63a1d7499ac7992f50db9065,card2card_transfer
a8c31430fb13cf99b9568048a13ff08b,credit_info
13bf596cb36dcb5c0349f077814652f9,own_transfer
81fa3dfaf7ab561a18e623f96b9b2335,chat
5a03d6c8818e3102190d91bbee90ca48,main_screen
5c2d6de684b7b8c41993eaca74b0bab1,main_screen
e2957e90f4df76d0955ac395f41b873f,chat
e34481ecbfbceb2bf3f0a0ec0a8aa347,main_screen
38aaef04540eefd8c4739fcc04a8106e,credit_info
20424c5c276e9c269c46390895542702,mobile_recharge
34d97332b13cf9680aa8c2119f57ecfd,credit_info
7b2e91495bc215d3e87226f94e9514c3,main_screen
4ec6da2b1e1676ee8bb8eda561d10d48,statement
efc35c167af13757b67195ac81c50dd1,main_screen
7fb6410cc7229b3c8c874945664ad24a,card2card_transfer
0a2330534f391f2f3284ffa725e357f2,chat
638f46dbdd8cf105a536c248647f64ab,main_screen
8e0a54ef57bce9b6491c720022400752,mobile_recharge
0864088a9a2e0560924ac5d0f8da9f82,credit_info
a0f225b9cb82f940d329e866f7e4f1f7,own_transfer
637034c194f195393993041c996c6275,main_screen
8b947b2b48892a2e833f5d1cf8e18e01,own_transfer
6ed2dc5ac3005be3cc72fd26b5535604,main_screen
d690139425b34656e686f5e17697b351,main_screen
452cb944489f4f4045d36bf878aabab4,credit_info
5286b1ffc9634a1af433ab963a289625,credit_info
991e62c355d1e529c995340e223a199a,credit_info
e01c76f2360a5036a93d301c94def60c,statement
0d1545896f2e5de67ed39eaee1891936,main_screen
623a68313d7930c63837f83adaecde8a,statement
972100276682e35e0c2f18d8738e0326,phone_money_transfer
c3c8f9f6c8f60125b102b88a12b0f7a2,main_screen
c2eada43656f79c0a50d0efc791587e9,main_screen
0202010012f3ce31245f94b98433fe9b,main_screen
95c9f553c95c399d7631a8da94203164,statement
f5c3512be9973bc921c8b520ab00e5e8,chat
f15598bcc61f318a0b5cf9daa2754fe1,statement
d0ba0bf83b805b091861895a72d88517,main_screen
d1c21b1ae4e2ef102a9a16448cdc61c4,main_screen
0f4e0861383935a073a7a9fd9a0a251a,phone_money_transfer
2fb0021b12b9877508fea54420936daa,credit_info
890ea5b8c35ac87ad57b331f2d76662d,main_screen
f2c4e22ecd806d691e24fa00fded6d9d,phone_money_transfer
cb2f17d9f71c655b4a69e6360b3390f4,card_recharge
4462a13f71e4545f8c76ed96bad69bce,card_recharge
cd7cd52ea51332284e61af39626ad470,own_transfer
059037e7374f1acd783c2a1bbfc8aaf7,main_screen
cd2f2d349aa3a816371b7d58fc59fbf6,main_screen
a05e3b4452dd4e55e86f4dc8961d9ac8,main_screen
2682c93bc1be713bf3a4a2a3fbdea244,invest
e5de5f41f25309bf37ca2dc0a3b118d9,main_screen
2cf955797e2b52264399a6fbb5c68673,main_screen
7b534a8c2dd8ef885f3832b5f6feb489,credit_info
4401a457782104431f243b02f06ab868,own_transfer
ffe58edd1b72c23e4282f093af7108b4,main_screen
307b0289091429bb830cd5ab183da914,credit_info
09a4515aa41cf72182d9b9c32e2734ee,main_screen
ae80c63710a72afc24e2903ac53aeeef,main_screen
2942259215c0ad95275552432a5a6f1a,main_screen
871a20402cf7f17058b161f4c0f1cf1c,main_screen
031e582bf19c99b810be956625dc417f,credit_info
0f93b4b27ad7f08c1a15f41ad66d5a30,main_screen
1fb9e377238f4b38a45083d42ebcdc58,statement
18dafe51e6c537f221e717611c041dc3,main_screen
cc334a2ff11143276fa0b01da3b89462,main_screen
36eed0b46e7a2d08bfb8687e2c5c6306,statement
e3935144a0bfd6b97c2df0d39e9ffca0,main_screen
e00bb8f566521f998287ebbb280450ed,main_screen
095932c37c7c5b7427e0f444a15ccedd,credit_info
dbaf707d147bbee1df86ee97fe5c0395,own_transfer
4bded8a43612a6beb0fd205d9f7a0d3e,credit_info
ee52c018fa48b94d383dbf01a9e2ef18,phone_money_transfer
376d492a643f22c8aa2bd54747077d34,mobile_recharge
35ed8db41a8db467faefd54e65bb09f4,main_screen
24e46a4830f172989c250c1f517e1d27,mobile_recharge
ba371447455c91170be5967e9020a5de,main_screen
d3ee2fe952d0fa4bccb162a9e221f693,card2card_transfer
b0fea9c13d88f89fc84addf8d518d7a4,credit_info
48c45fdbbeed6e1282f8a0fc90344e15,main_screen
3ca11c5d826a4b3f78933a55566867f6,card_recharge
489f9b18fc1ca3f8108a7584de98e662,credit_info
6e5ae1d49bad2c5a2c88a3c1b4d71a72,statement
65abd83134c2bcd13315d1cce053a8ac,main_screen
d15e75f65c82c72a9ad8c4831c8fc711,mobile_recharge
fe231ccbab66a3afe94293bb8dcb666c,credit_info
4827ecf239c27ffe15835637128cbdfa,credit_info
b61881a5525f8de97a80ae54410b00d4,credit_info
7553ad171274a511f2871cd0ce0496f3,main_screen
48d5816e70b58bcbc00a7170e2430798,main_screen
ab10e3ce7f40b4d8d3825dd23b77611d,main_screen
7e3f2ced53420203fd31a640443a073a,phone_money_transfer
cba772f03a70cc6ca534c40b9ee91ae3,statement
201c2333b9db6205107806dfd00d856d,statement
bf69010aad704d5f160dde54d86975b5,credit_info
8bfa493f9859899a1e25479e440bf818,credit_info
5a83078696643dcaeee987b96fa442d8,statement
e233e608ff3c5bb9b23ee142491696db,mobile_recharge
022d24a4994531d7587f79dff4cbdf5a,mobile_recharge
7f5183831d39dd29a5b8369ad0de1f46,main_screen
527d8424ba213da0f1cb0b778fe3abc5,main_screen
7619a15127567086b7103293d8e432f4,mobile_recharge
a12c8b9ff88e51caf2957de962ccb3a8,main_screen
1249d427ac512186f0e20180cb68d7a2,statement
016b5b16346f1137bab4b0f4773642ff,invest
4e0abd838b53848811ac7d1fe421e1e1,statement
daf9bb03ef63f6fe7e757b0e6126ba00,statement
a4daca55c7d6c4f73c3cd0d6233cbb5b,main_screen
e5a9511a8523a40f8e3992dc6d371b73,card2card_transfer
32e1979df91da10bd1dc590a752c8b8e,invest
bf5e30495a4e4e3c66a4e97ba1366e9b,main_screen
bf7c8973f6011d09b81c345e644ffb3c,credit_info
4b8a7e41d7f0a672401900fc9f0657f1,main_screen
b27091f0158241c56f29ff38bf255e12,mobile_recharge
88eab96299b0d4559a296940ecf78485,statement
c954e270088575beff93ef1d3578d0bd,main_screen
a5b4e6446eafa2aa3c85d43a787e895f,credit_info
a56d386f3de0cf9c8862ddfef3983eb6,main_screen
86da0b8a74c23fffd17d07a124bf000e,main_screen
a4c6e805a07aa7a5bc4c52272c8a9a8b,main_screen
b322910a9894ee6bdc6e0983b6de48d6,statement
1c9d6e2a49615115ef7e0aad961e120c,chat
8179c21d48f1a7fad3954de22912b18b,main_screen
f56e1d29c31ca73922f0771d612eed35,main_screen
9067e4dfc3694a65e4b2a773fa28506d,main_screen
10db01ab07578d0c98c3fad7f53c7175,main_screen
b898e4d6a01f145a4a2080cee516ef74,main_screen
be097bd8ac05806e5d6fe3988ef27f06,main_screen
3cb2725ae8d20ac2dac402f8a405d6ff,mobile_recharge
9012f0d694115efae25121ca7c490ab0,own_transfer
db34f8560ae32cf088ce237686a17622,main_screen
c96e0de70f2a5bfbbaaa8298c2623149,phone_money_transfer
7b5357896dfb9c674253191646569753,main_screen
b76b58553f2a49792fd26e765e63f4b2,main_screen
4e64ce4909fcfbc25d3d8c981e6bea8e,statement
ab4aa725443f4583d7ca142f1a4b2af8,main_screen
89608ef4d7c4f8e01353fb1f87d62f35,chat
a4c8253fb7f95c6d9852d833161e1cef,main_screen
4604089890e62bb9da0a3aa74b5f057b,credit_info
020e4d37f05581bcd8141cb38258ae1a,main_screen
faf941f99f2a9668afd32bad4ee08f2d,credit_info
e791fdf859ce6b4af664a37f8ab0f410,credit_info
f74fd22bcbcc10802e9bbb4c361ffe19,main_screen
4ea04cc75defca46bbe7a9a5ba4e0a36,main_screen
ece65c23bdbc973b56702782032ff089,statement
fff569bd11eea1b8183ba2a6c04e490e,main_screen
4f5dc50ea5f7a46cd5c432455c1dac18,credit_info
588b991dc40edb9afd929369435dd0d1,statement
cf5d122359b4196c1e0aeda86ec6942f,credit_info
90fc9866abc8196f83aa7d57d2b37f3a,main_screen
2bc981f44ca187d7c8ab909d49ab0d32,main_screen
1d96013fb8b95f5850d7cc550982bd89,card_recharge
ffabb7b7ae77556f0ac36e27794db57f,main_screen
52f95c6a095b89a60ede57aacf830ae7,main_screen
91fdad69893e9b2bdb5a59ffa260ed96,credit_info
ecd6df619abd8be5c30d248f0756e90e,card_recharge
53b070d3d5cea7023ac86192598ea2b4,mobile_recharge
8e5efb7a8759696b924dc043635c422a,credit_info
59465d19f5edf8b194792b8e55c78e6d,own_transfer
9169447594282538b82dbdd53abe9803,credit_info
10e34a44f00f391043bddadba3e2e32d,statement
23dd18ba16fe195d4880094853fac874,main_screen
05619ae126a3291c20da2d0a41fcdba9,card2card_transfer
4b207f35c155fcc6908bcfaf6c7a5894,mobile_recharge
491dad7da33a13aecbcee24e3f6f05b4,main_screen
15468b0efd0540abb8b5f11630fbc6f1,statement
76466f990c7476c6992e624cd90ba523,main_screen
bf9afb888c4610b30c422c624379903b,chat
399b3e3035a3e1c4ac2c83a099b858bb,statement
153703ddaa7326971c8dc0fde0d7d3c9,main_screen
66dbbe3dfa103129b0d913234848c8bc,main_screen
370c2ac455a176f9bce513834baf91c6,chat
f7128960612c0f31669930488ff4fb1e,main_screen
4ad8c7261e6cc43452eaa1855a58f8ff,main_screen
cb34817144931a5a0cd3d8a0f04b737b,own_transfer
2cfb3e0bd5cc6381c14547865c0e366e,mobile_recharge
b725734a214008d01165789ecb10d2ca,mobile_recharge
1dc9d15832dc7f19c3f9b6143f0332c4,credit_info
821579644a2eb4c240488e8e9b218a64,mobile_recharge
ec708171e5078b16a2e3f29f59cf82b7,credit_info
c70d9a99a902750d86e1a110c0d8e074,credit_info
c729126ba5b1a15753c789c4a6b00894,main_screen
abca74bd89e0e1f9da1a75b98f35480a,main_screen
d1ac78c740e01defef22a3e7225097b7,main_screen
9e654cac5aefa440965c35b8bf5568b5,main_screen
78d799e8c494de11845778dc7c32c37e,statement
a3335d50adeb62db85e4a7ce113f1c43,main_screen
91e5044ed545de217332b51988a6558d,main_screen
26807ea6ffad5b2785aa7c7102353a18,main_screen
2ca899552a138891cd34e0e73de18715,own_transfer
dc633c759e127725290a5ae93d65890d,main_screen
094d28ef25fbe1cc798cd820a10491a8,main_screen
2ae7668dfeb3ea3aa89aa3fa835105f3,main_screen
2b98539a1a68ff36060c654227b6938a,mobile_recharge
15b683facc557b28e4e2bedb2343c0d2,card_recharge
66d07a4b7aa0bb914bbe0f94b84ce43c,phone_money_transfer
8d574bcefeba84921efb35845d87d282,invest
7e304036fd7a6ed5f6836b35b5bdb594,main_screen
66cad4bfeb013104d72feaaab84ce040,phone_money_transfer
a4488f310f5e5b8d9f5a91005faf6d90,main_screen
07941767289fcb4b66669076f4cb773b,main_screen
27e822f11d6f7c9efb44f5c6331f49a4,credit_info
654360f986dda10f296d2eb6a9b2734b,credit_info
34705083e0301d1cad24caa45552bb54,main_screen
d4188d883e82c87813ae345f68c1e6d5,main_screen
cdb0ed007637e145a4dba0431ef869a0,chat
0a9d268cc860614f1feeb568276e2a17,statement
0892a6286312635d82cb33a8d4953778,main_screen
16978b11311c571b7c871104442238fd,chat
b6e2312073c6fdf70140bb78fffe70fc,main_screen
04a0521eef7975bb7053825a6044c4c9,main_screen
89db1b50ff7c8a4aa5b8653578f57f13,credit_info
0a59e1901736aad5448e42bc99566719,credit_info
bb192855a4ff7d7b5fc65f11734363e8,credit_info
2346caf608c1db31e70e6a01890287b3,main_screen
d814090fbbe28fd581c9390226a9455f,main_screen
f38f197265b88d49f8912b2f80501b51,main_screen
f8b21fbb4e87e72c878855a8050235c0,main_screen
f7b05660ae327d31d22a29195e8d2154,card2card_transfer
105af78943c779684c9c48deedcdf87a,chat
65685dfd1f7e3ba0d28225cae6f20ecf,main_screen
21e4d86eab07c8c6286b21be21fb2450,own_transfer
ace03d5381bbed49d04e3ff10e90023b,main_screen
901b2a85d1d51bc1b2755d149d7ad70c,main_screen
3a44ba14a8892098840319a21fac260c,credit_info
1edb08c5fe7b8812b678f49ae1dc82e2,statement
bf6b641ebd24b29cec4e5f977f5cc750,main_screen
3bc1abee91f0defcd58d3812fc3db01e,main_screen
d7a58275a9266fb808ece625fda714d7,credit_info
ac68ed71c501f81353a639287ac04f44,mobile_recharge
f6a9961fa0a68742b8483c0982cb5371,main_screen
37cc9ba1922f526e373eb21f805adba8,main_screen
dfbc5bdb1a5cd24ba16c79ddbddba4f2,statement
e3226e9b8c0814123152c2e584d7637c,main_screen
861320ad5b78a0cd82d68e9f410d8372,main_screen
6c4ce0a619a71c0cdd29c179ec9df790,statement
f33bf8ef1a676929946a07340607ada9,main_screen
e6752bb2f72117022f1157a60d02a37d,phone_money_transfer
049ea2fc2a00bd32b785318e2d7f5bda,credit_info
90d844d70e1c6088c54d4c44b97901ce,main_screen
e5f16faa55f5f6a95bb9fa5e8f6ad9c3,main_screen
6445ba7db27e4be26c083356e2cbc546,mobile_recharge
1f358fd910682b1e8b2dea5f1bab8b09,own_transfer
550d4c49c84d9d5416c5e5c959df5f56,main_screen
7a40433a80abf9703077cde8ce77c094,main_screen
83e9e508d0711d693c94c203e76128d1,main_screen
72d72061f8b2c4f5db6dc04aa8328473,main_screen
b71e0caa630c7ef45a5d0f0140e52db1,own_transfer
268586a02831a15273bc46813af3c14d,mobile_recharge
1e8f337f811d2ed9986333e7c42a33f9,main_screen
15b13a21196e61f2aeadd6bd23fcea76,main_screen
0c41e03c71246386c025ab82e7a5bc3a,main_screen
a00bd303e869250bdd6668fcf69599aa,card2card_transfer
e09c6d80018fd0ff465f8ced567c75d9,main_screen
d11472a60e85c2b219f73b89e585fcc7,statement
f8090a625755fa3f9bfcfce78f3c9a13,statement
d40246883bf7f58c247a8f4686619c68,main_screen
7c644b12a138ab77c8932d8e35c3bd9f,main_screen
0169a1bfae68fbaf8ab640514998a0ab,main_screen
d8f5c540c523454b7f4b87f0866c16e6,chat
3eb0f563f59bf84ffc93fc4428fdd1e1,invest
20857ae1e04e1bb335d3a2dc183fb936,main_screen
ebe4f382fbf91bb38bf9be842a8fe57b,credit_info
42a1b187ef1801c2065501963044cdd9,statement
0601454c07e4a891bc9a8562230d85a7,main_screen
620f3f74e9e18f0073b7b1931d234f39,main_screen
47cdebbc869c1b758bd0c23aec03e0d7,credit_info
1828977650052e9e302288bd4ed3cbed,credit_info
db761d849755601c026e34c0fbc4ba30,main_screen
77437e2d785b7a18efce77f63e91b9d4,phone_money_transfer
ca1906263b00bc4fb2d9ddfa50c2810f,own_transfer
8fcfbf656a63729027947d2bfefbdc1e,main_screen
6b2962500542857b879cf83ea047588e,main_screen
6e2e511dcfab5c83e28ea35db28b6484,main_screen
0de3889470785486d6e55d2a13a3b8e2,card_recharge
1709500773ae858d61d0e779eb278270,chat
8f2e70afa27bfa2a07d9307b0de075b8,main_screen
a2b49d144547f06b32e334569a2dd41f,phone_money_transfer
f274a1445b230e1edd61fab29404c405,statement
d6d037a134a3ea31545dd25741db5a34,main_screen
c994ba2bf8ed0f663546b0739cb5a55d,main_screen
289c39eba8b02b57ff9838a6d055bf5d,main_screen
86f9c38f8340841709d168e77ca41d55,main_screen
80a0407f16250e12dcb52e4c900b57fd,own_transfer
d0c043e67fc8f10771c52ab2b2bfd463,main_screen
3d9e641b7651de149050212ae98de0dd,main_screen
2b7a7cd9e76afe15ec00228cf3b11169,phone_money_transfer
5b8747bb2e5ad1b51afa4947945ebc47,card_recharge
4f20f36e479fe0297bee238a6bc10fdf,chat
338d56440d7789ec5b0e6bf1c9e63265,statement
c0a4d2bc2159676bc54fd09e8955b316,statement
161203afdfbcf21916d409d81aaa3ff8,mobile_recharge
7738652792f080e5de356717542b646d,credit_info
b0e9ab516bee65b9a20a2c0a5b496065,main_screen
771f19dc53d2708984bd77a891aed414,phone_money_transfer
22ce6fc9decc411206b14d90b8043a5a,credit_info
9aeefdb3d8e6f67d88eb307958b469e9,credit_info
099d00ed4e65a817ac5119d0b694b95d,statement
16e0808020f63ad94cc721cf9c24e304,main_screen
a5d4187fc3bc0b49ca7c06302b1731de,main_screen
82e5c7db131c06f094fc9898f38e7d87,own_transfer
f4083af5503777a95d53a82348ec768d,own_transfer
8cecb907a2df76412a5bc4ece635e5ea,main_screen
9d14010c1b74b01cb47bfbc047993ed6,main_screen
877a74c609711f14c31e5daa202663be,main_screen
5637642514d2f2021495628bc2a7aa8f,main_screen
bf57f2b1494a1854814c93ba4618d6f4,credit_info
3858ecc406c5746e76420bd4b839c617,credit_info
25632b5996c0e7146182acc2b9672ad6,own_transfer
22202a107044978c25415dc201562d1d,own_transfer
8c779b219bb3127c6229d8be325e531f,mobile_recharge
0fbf3dcdd46a5250d1c0e98d5ab405fc,own_transfer
9f7df2a2c9fcc61d64c7e7b29d3ba216,main_screen
cbbc24d6db007a6a8a154700ebf3be3f,main_screen
d53e74566c7232e06aa5779e409e9229,main_screen
fd8ac6a7bbc4969b6a8ad668bb6f59e2,credit_info
92afe01025f18d9b40bd9dad45617ba0,chat
6582c189299dc124a250403ea6c8ecf1,main_screen
900a1e4187d8d68e0be371d51c7b1dd4,card_recharge
129192bd2b4f13f10fccbb3c96f06dd7,chat
143606e4d84592f4815c67913b6bd14f,main_screen
463d2c87c4f00dbe3ce1a0ef5eab22bb,main_screen
9539a3c1cc82a3eaf4d850129d13fafa,credit_info
6c684cb351d97080202dc9f28572e59d,credit_info
39630302af53f037cf60251c6ceb4a25,main_screen
62abf2a179d56b21e68c7c1b78c457b9,chat
5f01dc7b6f68288c262461af47ae639e,card_recharge
3ae48bd5228a8949985e4313fd20fbc8,statement
fe8912282803c7d476ff0b75e218a58c,card_recharge
0f9181b26ca2586f90f2b77bbacaff02,statement
dbe6731c794d52933c265bd6d39a90b9,statement
7b914879ebae2f4303018eda822e0b6e,phone_money_transfer
349234c30a10fa7ca3f0f54aeb592f2c,credit_info
3f89c454dd3b0ca872b6ffeef5057a3a,main_screen
1bcdfa3d09e4832e188c712415447bd3,main_screen
58edaecf4a6bde3f75eeab5f544fb3b2,own_transfer
f8abae1e4b81e41b6ad852e7d0079899,phone_money_transfer
61829fdbe1e17ee0430d511dcaf4cb9f,credit_info
a04cfdfa12122ff4c31a7809863e2934,phone_money_transfer
074ddf857c1b09aa934b0882ec36a180,credit_info
9b7e42b83662919aff8b55809854fc7f,credit_info
60b9d3ef7d00f9802a608c4cf7de8ae2,credit_info
e4fe20813997348330261eb97eec4a3f,credit_info
41589d7397187972e5b65a3bb77bf3d4,main_screen
4bdcdc08a0890cc979df244228d9927a,main_screen
883548faea57f0f5491d91b11900a0d2,chat
8f685d0457455d5a72a8e30fa0d75edc,phone_money_transfer
69b4a3e2fc1cafd1e5c6ae7c8ae04d8d,statement
839bc80316ef22d1417ddd0b136ace3f,credit_info
6e10bb7fd288f9eb9a710df337e8d1af,statement
47b86f4398f0590fe2f8ec80396ef120,main_screen
e653449567ae412b383be832d7b34c20,credit_info
04c09f827f5c6dd044d1289525b56c61,credit_info
3fbcac38b2575341751497654f06207b,statement
5353382fbb50b9e39e607be8a8876b4b,main_screen
e38eb51286541130c07e2c2629173cfb,credit_info
1acc694e11e54bdcaf621d3aad591664,main_screen
d6f768f78ee04cb58e7ed1757e2ff410,statement
bf1ffffd0ce213230375fc55cc3fc058,statement
11c4314d17c65847c7174b0ecc43533a,mobile_recharge
d49fe661be8dcb8e6a640b0a1c3f3073,credit_info
386e82423979d5133c07afa0d99a13a5,main_screen
43072d9e412883c650ab74c39714cc9d,main_screen
f969d6ababda511279508acd2bfb16dc,card2card_transfer
e60d19e0b305892d1d8b8961c2718a2b,main_screen
34156bcd483e72097625a49a386f95a8,main_screen
492874c303c53c7450a97ac1cabae125,own_transfer
1984d08f014e9677636c7e5ead7b6218,main_screen
e3ec40f9a4b9cb706f578348851cdbe3,main_screen
6d8eb9da499ba0dda6c6eff8bdf956be,own_transfer
ea0c95c33fb400efac8ae6f00c95af73,main_screen
0d13816f8ebccb4a64d3665678742d22,main_screen
726f8eb83ad76b080b325d2bae0cabff,statement
b2bfeb72732fac568e1f40f718a4dddd,main_screen
c174922b65bdbd4d2a4794a66010e96d,main_screen
869e8a518fe38051ab169ea0037701e1,statement
987667099af8e40dd6cb6ac24122d425,main_screen
28dd9e9eb8ae2ff273a0d51509ea69af,main_screen
b5054a8044dd533e6a8034a22437dafd,main_screen
cec24de4d187b978f40c5ac0deaebefa,main_screen
2537af1e9fae18eb52faacd49bd5784f,credit_info
1e2aca681f49a176fc80893c1047000c,main_screen
0013017a0c3a4d52814367706a6fb4e6,main_screen
d6b1429427c5dc326ea4a606a40decbe,credit_info
e196f67980ecbdf4aebb70788bd4e048,main_screen
c2856cb738925652a4e8aac012a7315c,main_screen
7828e12afe6352d37ffd166fb33d6ee0,main_screen
7a9e1e403cdc869998c5ff97199a95df,credit_info
5b087a0ae49530311eebfd47dd4fb083,invest
db1e0c3bf81d2a968cb4f554a17a52c3,main_screen
f6f3cc267c097374aed79151207d8e4d,statement
1a82c74d85f737e23167800cd4e741b3,main_screen
7588160d5176151b1fbed36f18bbba60,main_screen
cda2b750c1a85738714a803c96a9be6b,main_screen
ef1445e3287dbeab6233a568c2ee23a4,main_screen
29d07a72f7cb4612929997fc7761c5cc,main_screen
e66927550b318bc33720279b672ffe94,own_transfer
d6405543156c9768afabcafaad78ce6c,chat
4a8812a73e7d2d26e5ade073243f3a0e,main_screen
55fbac02f9574f3c75fd01934442d9ee,chat
24928b3a17c20f2c455989ffd63feab6,main_screen
f5a834f5dcc848cf019726a8b02722fa,card2card_transfer
d3b8e294b5df07b964290bbbb1bb00ee,main_screen
148a14b93b22f9ccd25468f3d8229ca8,main_screen
f17e7ad1802a0e5274a98aeff4644a18,credit_info
a69ae24656b4e96d5f0acb39b2e9f5f7,main_screen
57eb83f7d1c8864d8e81689f337406cb,credit_info
a456e474e62cc9a8489d5670b93c898f,own_transfer
a66d3b86eb1aa0a8cb83da93c2f51670,main_screen
58f9ef63a3ee38625603c0df6d077065,invest
0570c09a4b8ca2fdc6637363ca6d5db9,main_screen
07436ad19322ce8de31f7d7af9379af1,credit_info
6ba4e06faf206bfaad579471978c7475,main_screen
06c3fd30f850a437642da85210016ab4,card2card_transfer
605e303fe4b98ea1e8199672d347e965,main_screen
fc3ca72553b9979a8b1fab4776c72432,main_screen
70ad3a0d4b7491a9a726338cc9e42ac3,main_screen
83b241aa3e86cc1207503eaad3938f34,main_screen
8228f25e1c53248f904f9a437579b551,card_recharge
4681816f0a492bc86a3898ecdf68f638,credit_info
21535b374805001a953f1c689b41f4a3,main_screen
fe661387aac7b24e5cbaea0570f90399,main_screen
00a89c815b2c591e485bf43430dc7ec8,main_screen
a120b63200f6304530b63070104392ea,own_transfer
b7e5f1f2bd44a8732976c85b249fcba7,main_screen
d45207058b126b3007e93b1bb4278a56,main_screen
2c028765e287107cbbfb4d347e0feedd,invest
3f44642d4aa45b6210a1bd2a081f0194,mobile_recharge
0a555f45f987d6e9163fc754edcb95c8,card_recharge
75372fca1b184acc06bebe686b06a4c9,credit_info
0138822a6f63020c0b392f0c33977792,mobile_recharge
d8605b86910d1e9d0192694ef7a650e0,main_screen
dd3bb70474c68d6e00eb3ce4ed885cfa,main_screen
62a322020a8615cd35d7d368acb28edc,own_transfer
3c57ae818c217be8a9cca18281d45bf9,main_screen
936fbdf5d4cb0a58091f4c8812d42b5c,credit_info
d51f3f7f8f81f192750e463e3da4df45,main_screen
64ae452a9b5f12363d046bffcbfb6ff9,main_screen
4061565ded7a8b6d0a95f9e76594502b,main_screen
b8ab18fb23213f519475d17fcccfe6be,main_screen
795fb2801a71459cc28781336dbae60b,credit_info
59d5f1da89b36eddf34db8571c14ae18,main_screen
ff96e16fde55fe19a3c0e1bd124e5b5d,statement
a4eea73a1c54571368d1e58f10f28333,main_screen
73f0c6553ac2ea2141fed1b58a0fd721,card_recharge
5d87b4e09fddc4d891c0f995358abc7f,credit_info
98555fe7b1ad0ebd38fba3179ecfcb08,main_screen
718b22ec9c734d41c8ec2c30b39f61a2,credit_info
b0ca23ab385ac0643e0cc07b505170f4,mobile_recharge
c3d8939d3a870d8009a58befb9950ba7,credit_info
0ec9124c87e137f19d9070b122725bcf,main_screen
12d39606e28f2119d8968e5f36270368,main_screen
e58150b69c6018a1ef50eacefcbcecb5,statement
798133c6aa350358e805f0de1b4b0e12,own_transfer
fb060f087d79746818aeac7873103786,main_screen
c3b3d2513fa2c4231e6ab2afb3c19bf7,main_screen
24f109f18421739d39b2badff6ba70ee,card2card_transfer
0c1d8304000250e2fcd1147be422877f,card2card_transfer
0f6386cbc33d05762ec9e93738456417,main_screen
b8924c5ef7fe4b7f0bf1d8a18c40fcdb,chat
5be933114f6f4d78aa9630541ca7d2bd,main_screen
34659869041f752539e10772f79b8499,main_screen
b238ce4e649e59746cd0347c4fd807ff,chat
6478637b67e5c653a592000e36224839,credit_info
386d3ce96bc4f6ab9aa57bf6208becc5,main_screen
6f380dad40b44d8179b871f668be34e8,main_screen
9de06e0933d6fc6a2b9813d97cfb2e77,main_screen
df262a803ea7b2e935033bfe14819065,card_recharge
5b0e2406832725b9a12a7211c397cf97,main_screen
315cd3454d7e5696fe198037230307a5,main_screen
2f22684c28e512dd53b89f72c9055ec8,main_screen
d5fc410f4d59517be6ce85691d010241,main_screen
9477c1eb82a205aa0dc0cd9f50c194da,main_screen
66aedf6fd9adb8c4d0c18963adaf5117,phone_money_transfer
6c539f5308503a5791fbfa6075353e01,statement
e1ae2c29b0fc6f82aab061728079bcf2,main_screen
79bc0fbf615f4185c28225f8b63069ca,chat
379689846db5e1d4921be6b625e54844,chat
c744cd9ea4179ec5f0707252d175d577,phone_money_transfer
fc1644bcc6de006715c8f70926aba4f4,main_screen
5065dbcfac56a1bee03113b0ceaef021,main_screen
a905acb4bacda285269a498916611c65,main_screen
62803fff8f61d499fe66a601ebbc3673,own_transfer
2af0104e32e3d6249618ee89eab1de0c,main_screen
65a5672bdd660a3ced4ebe77cdebe8f7,statement
7045535ef7bc19dac419d008945dea36,main_screen
2be74b98c393dc3affb49a84364b32b8,phone_money_transfer
06c98dc6ee44e87c0cd848741e1f0677,main_screen
d8e0fd919550d62791cd0e39bfa797e0,statement
c287053eaeec1cc7a75d200986e9f08c,main_screen
84250f6dca5d0f98cd79c2908206b6b1,credit_info
4ef1c2b7f20d7d4fb9145e293b85c346,phone_money_transfer
53771cb3ce7aa26429c2eaece64c81f5,credit_info
78c80693b5a77d3f53dee3873c08f8ae,main_screen
78c66aaf623d077568240d7e73702ebf,main_screen
cc9e5a47c18ecdb3c67f0cc585bcfd5d,main_screen
b9dc3604ec26da63034ec6c79379d66b,main_screen
ccaa049eeec841639f81151aaf1a569e,statement
51cb7953535701b40af13a35ae6e0021,statement
cdf5ac7260208399e331c70c9d8512b8,statement
a3699daf3ce2f0b618ff15bde5c007ec,card_recharge
e36a4de473750c61944512259d0da3e0,card_recharge
837a6d387cfe3b4e4cbc578aa1f75f1c,card2card_transfer
03edb8ddaf28c6789f2e40121493599e,statement
09ef6a7bf02c7dbc53902c1d36129ffb,credit_info
aa3615a855ba4074fc87a98f4ffcf4ed,main_screen
cc37977316ee5fb3359d582e9c1178ef,main_screen
fc94db48f0a6dbd83be1cc4343182a51,chat
b72138f450d79b185ac42b3585b5d08c,main_screen
2448430b665517059d9287a4d2d4cd34,main_screen
99830363156306ad26afd349694a51b4,credit_info
e7aeadeb6d983831b5f8c4f7a39eaad3,main_screen
b4c54489021f52278c67d474db6f7745,main_screen
2ba6fe4da8a9dbafd60f490b743f6ecf,main_screen
c26a4f8455a650aee7d224ffa47141ad,main_screen
34eb60781e1c62a5e10f9a543625331b,main_screen
aa2be632ce5161813450d2b5bfa2fcdb,credit_info
11009c3eb61496352516acf60139addb,mobile_recharge
b611b1b8a93ee0cf91b93495a058925a,main_screen
18b0c3196b07ff380732bfa7cb354df4,own_transfer
6cf2572f0f0209fa826b5c871e5a68e5,mobile_recharge
ba5ef019d6a6148c502575fb033f477d,credit_info
1b9c3e838a4b8392ee4f0714e4684b2d,own_transfer
6ad6fdd2209d3ffdca8e9b7859f7efd4,card_recharge
f465138481183a55c7b42920246bd1dd,card2card_transfer
2a12d3ad20df6326747bf4952d661bfe,main_screen
cca54a85e8670bda0f3dba8c2e77d239,credit_info
a8825439537e69a4a817e954d38c8ee2,phone_money_transfer
b053892ec6cf9a34f605884e1d797198,main_screen
6279192b032903df54a5f41024fb4f36,phone_money_transfer
89a08923c160e30f2f4c3eca8733a59e,chat
153c2b1e9c17d47f12932adf3bd739ab,statement
d8a1dd8793e592022b55173b55151055,main_screen
e1c24effa4553864df355d7b1259603b,credit_info
8e254af801837cd8f533bdb41cda8854,main_screen
e95e5b9ff9ac639711dd0a9d302f8dad,main_screen
ccf3a82d8ef77ebbf0569979ffd8f7b7,phone_money_transfer
af17fc8233af4a72422d2a47c52a8a4c,main_screen
aa60b457cdc2ec30309b4fc1449517e4,main_screen
3d269e2b01edeb27a0b291b7dafaad33,statement
355ff2da9a74ca2c0b8a1fbd0cdd4248,main_screen
13227e3db34dffaf61e3e2cea35c31e8,credit_info
d76bad1a24857f15c7dec4ca4fefe48f,credit_info
b22b89634bb53687f1aab040560ce45e,own_transfer
f5759056920f2fc2abd8e51256d7c1c3,main_screen
977a4064a0622ba462541a3212ba3676,main_screen
44e34a0ee66d799589b97a7229f24a8f,statement
c7c20340e6fb2fb6f9bb66d6b62a046e,main_screen
4b110cdcc482802a6d21d83d65851ca7,main_screen
e0660918ffc522bd03380423a587a460,main_screen
2741f259fc639304ca558e24c702d597,main_screen
4e440216ca922e2175df3ab5681f3518,main_screen
cfd609392a683ff0c53efd4b9ee7d906,main_screen
77b1034076fb191c476d2cb964c1e0b1,credit_info
a43e17f77b0f6b0ae9e147bc7a2f138b,statement
81bce24470120ff59949204b7b9f2b9b,credit_info
643d093e753b8414dd9dbf20b4c8142c,main_screen
38fd01adbbb14b803180a05aa2bdbc72,card2card_transfer
f4637c2ced266a5cb59946b636cdc7a1,main_screen
3e3eb96b0a1d1eed48e5f3c342998076,statement
c4c6011c504b7a16d01f24ae2f04a323,main_screen
a3c0a101df58d48c4595e7ade8ce12cb,mobile_recharge
d1505756c9041aa9fe76c4c7272e72bd,main_screen
b61b6949b333cafa35e799fe3964d930,main_screen
03c65773461c96c0347d4ff420cb70dc,main_screen
c85d4d8901138389de0ac6c476f5808f,card_recharge
e633424adcfe998c4c6fd4d839787374,credit_info
2af4120399337711fab89ae684154292,phone_money_transfer
adda531569235b01877bd7154d46a631,main_screen
a73490aeea9ef98162d07c763c91745c,main_screen
5112066f984086124db796eb2dd925b0,main_screen
39d5680ae3b20addf8ac3dca34097885,statement
c964a9a48c57cdb24d638b8c98d2c3d1,credit_info
8f1fda93ccc3568e14b17f40feccfef5,main_screen
3b343c2fe0c229a98e7e75c902851f72,card_recharge
0c5184dad05e9b84b8a9185ff1c2739f,main_screen
6d7f03f6387a67c911e48070758b4f62,own_transfer
c1100971548f4b58b31d1443af30d260,main_screen
68b290a2390cb2f0b399aa96aab5bfd6,credit_info
a329a1416f39a60b8d9bae634c28974d,main_screen
3477e2f3aa7f0c0c6de063edee9b07a1,main_screen
79758a447da7bd11eb0fe4f5f2b12f99,credit_info
7c03bfa192e98f04a8db1772376d3149,own_transfer
3353b00088ad1de02c0370ecb51380d5,main_screen
d66138ae3777d7c671cf1eae97397c07,main_screen
8269a4595358096cd27507f0f7879959,phone_money_transfer
d60e7b44ab9c7212d8f9052594d33afa,statement
acd4bd62f4e50c1ea22c9ca1eeb5d2f2,own_transfer
1590f66d471b414add0595090d8e099f,own_transfer
8b953d222bfdccba88d03cb788b1c930,statement
b29c931a1c7f84cc70abcb25d7bb7514,credit_info
5804b7db746f81ab5eba0d35ba1c8f5b,main_screen
611f62b8fadde9909fdc2a40f1d2ff91,credit_info
46188e09abfb9e444ea06004f3ea9623,own_transfer
0532a39a9df73447791b9bd1ce96f9cd,own_transfer
8610d6237364ac8a2a3ec796f11eaacf,main_screen
b1c113a16f2b48baecbe64814735e7d2,phone_money_transfer
f4995cbd0c8ef42c9300e23ab6490725,main_screen
2b61d616221e1d60161ea40fc9140888,statement
6281df2114f061d1dbd65b96209d6f05,card_recharge
304871bbfa52e573dd87d8d79e1b3c15,statement
f08d4d927413b45cfbff28153619c040,credit_info
75defc452b778a5e17e321e1ff361f42,phone_money_transfer
1b337530dcc2ba4583daacebd2ea2e14,main_screen
024999993bb8455dfc024bfa9ca3f4cf,main_screen
95ef286238d80f1f793285cdfa881f80,main_screen
c528896f33cb83d55cdb18da1d74d2a6,own_transfer
b4fd450b49b19e151e6524767c2161b9,main_screen
feb512aba37557e9a6c9657c3b34e63e,credit_info
659c143a58028b0dfeeb7a8d9fdc6ef9,main_screen
f849d39c92396051d5c2b0af04c99953,main_screen
1fc4df1178a4000abb30cf01bd6f70ec,chat
fd21c6cd094174f4907eca3ee16d8468,invest
04b9093e1725a38f1b2fada84a5ed8e3,main_screen
30486de92969d77fe1d12fa3629cf027,statement
91a958b293d4fb6191fbff45410a787d,statement
9e9bed465f8295ebbdae65a7550dc797,chat
e4be28a97fc5caad1e3b957b3c7d2932,credit_info
dc7a83784f07e5563448111f527397ee,card_recharge
1839f4ba03deffb8ee8a12f109989741,main_screen
084029bd4adcb3847bd3c057b543097d,main_screen
396e9b27b977bd4a8b7bc380c02a8d77,card2card_transfer
0193e51124c1582ad5d8ed84b73fa128,credit_info
c110178bf02aa6b91ed35e036d4940b4,card_recharge
bb86c84e9a3eae859f4a6a9851b9542d,chat
dd138d9d7f15866eb97006fa2e469835,main_screen
078469b88465f4c0767bbd2bd89b8d8b,main_screen
54bb17ba0f7031a0e40c05bbbc592079,statement
8d170f4c2dc03791c7bc428959caf80a,statement
a57513765a361689cd25fb42ce98d5cd,credit_info
882e2f816fc3fb1d8846ee0db3363e84,main_screen
ef350ab63ae3c7a89b48afa62e9cd7d0,phone_money_transfer
60550ef1ca3e9d0f3024f5efc179ace0,main_screen
4db3c4acf78307adb227c6f19dcccca6,main_screen
39e616d7f6e3e33490847ca0064726c8,main_screen
31c2319b51a70a0fa8bd7bc40028ef55,main_screen
a557176e0f32dce506b082c27c502c49,main_screen
b0cc761e61b3fdef4016b7494876fc73,main_screen
2cb0c67aac014296c416b598e9a5b49d,credit_info
433bf2988eaa3ae54ec8e5844a44ad06,invest
0799afffa778ecedee9e780b7934a998,main_screen
0504a6824d922b515cca48e8c51c73af,credit_info
4cda96f96879e3e4349ec6255ed8c629,main_screen
7f6e4ffde2a82372d60313977e71a3e1,statement
47a5b91e236068a7a3de19e12597c614,main_screen
0aa763612135e42be8dcd9c32288d5da,main_screen
01929498bc3b7fbda9f86303cefc579d,chat
0bd13f5f51924c6431397893b2f429a2,main_screen
07691c814967f253df46daa141d317af,own_transfer
b395b52242ec97f5c87163744831e82e,card_recharge
5e1f2138a7c0f9b7c3d7e348749af153,main_screen
c0b8db7e1b39a10874c46b0a8a24354f,chat
f88f292ff82d627e5db7ddcf77c99b7e,main_screen
b3b0c7902a6e17585646a2b826f1b24c,main_screen
d49e18caf059d737644298af66aaa9d0,own_transfer
8ddf0d78c9385a2e3b50a2d73630b604,main_screen
5fd481233add7e80f639bbfd0c3a4754,main_screen
26b1fd1c01f8537eafc39df9c5a255d2,statement
5663b641826d072ec37d0e6d8a6992bc,credit_info
f9081efcf35caacdfd7d5efc2a499570,main_screen
422ada33db5284e3667565f3b2206e96,credit_info
94271b0d03e5d5d5a1aa035a197bd872,main_screen
a129325da02e33c007f4bbc9b0032831,main_screen
a0a39d710a00dab3c4b81cd4e0e7bd8d,main_screen
75ae4b7145b120d12385ad34d5164fa7,phone_money_transfer
6863d64ef9c849b87b8b3cb3f02ab4e7,main_screen
6bd51147137722ee26c569a962dcfe27,main_screen
90f4f793eef4af72fd3fc484a9b8ad17,main_screen
e4d1d576ebb56e6e1114a6a285ed1a35,statement
c4755e65e0eabfde84417f9192a259b7,main_screen
d8d4df02ae11c6f326cdd7e8c2b42f92,phone_money_transfer
874f6c665e85514292736508177e93b3,main_screen
3494bf0ef961d62872ab55deba6b04d6,chat
11fb07790b1597f4765dd0b25ddfd6ef,chat
be71fe6d31420a32fa74def446b55f89,credit_info
8144176428a9a0b818f0b1e9b09e784f,main_screen
11f4ede9db59c2c83a407308fd1545bc,main_screen
cc32f08af8661322400b4c57dd48f930,credit_info
08baec1a130db935219d6fbc0e62e5ab,chat
4bb6f9f58bcd18291142bc9910ebb972,statement
35c430cebe52bcac2a53a0d5e270fcee,credit_info
3536f6438c1c7d4c2885b8fc5722baed,main_screen
7289023959a9b7a89a908fa07bfcbe27,main_screen
e7dd275366f34f0094e2780817747956,credit_info
f0b1acf9283a085ea79abe90051c20cb,card_recharge
3fb476f13ecffeb3bec4bd380b7e4daf,main_screen
1f7039e1073eb908003af3aad99b089b,card_recharge
27f0b412e19458238e629874ea3509b3,main_screen
e00f2a7d6dcd350f5139a6770632d4d2,main_screen
9e7c466111afb57c9204db3940446d29,main_screen
3d6643a4298cd614e84c2ae558979b5b,phone_money_transfer
4fc84cd49d6e5f72c1b9165be0a68c4f,main_screen
80b375e10c4c6e64629700e5aae3efac,statement
97dea5e4c52bc51fb746279b77100dcd,main_screen
9cfa65b38654a3ba2c17721ddfba7d45,statement
62184372aab22b5357bd112854d7f91e,main_screen
4bcccbcb6f73c7c144fd7c18e30fac93,statement
28a986fe76100867d16a1841630c0a84,statement
6cd1022e8c413a95af338d0ef0ffb521,credit_info
963107fdf8ab28f11204d673b12b6375,main_screen
8c88ed1e0a7fa379ccfeb1fffaaab9cd,statement
78e28cfaa30498fdb868ec31cca562f1,statement
239df0acd447207503ecde8b091b4a90,main_screen
e020cb25ae825131f689334b8141387e,chat
2536453565752fc057463eda1333c841,own_transfer
f159df1c8b6e143842ed009ac4d4d938,statement
8ac154e3dad63170ea2e3b1b06b5993b,main_screen
fa5887c5c5104f54df6202e349e61f1f,statement
345e1164e1e6c73afa27df2b2bd99f18,own_transfer
c2fdcc3114c82b7f0fc694cfa6b9b055,statement
459f38e0535d7bbfcb9183269e39e318,main_screen
b1c5a912107f1cc8aab32e2939c8bddc,main_screen
409ba6ac36492e0c0f6c4e06bf243371,main_screen
a3a6c5694b69aeea48592d92e7da07c0,main_screen
aa193d9fd46a7b563e5a2eb4ac6c3085,main_screen
85f154bec9a41acb455fb0460e92c729,own_transfer
1106aafd2fac87cac9a0b6ce5a02d162,phone_money_transfer
9bb1873663264e4825dd778c16b33d7a,credit_info
b33fcf529ab80ded7525e92a00bc4993,main_screen
d4767b382c06bb67b9f8d6192758d37d,main_screen
2f01c605647c782b8b5b5d72a0ae7943,statement
7d943dcdebee9d959ac80534f3e9ee9d,main_screen
e78c160b4a91097be98f13994e3b00ba,mobile_recharge
d1576aca545b146938d034479d800f30,main_screen
ee34e003385ac0d90014955930d19272,main_screen
1f5d30be4ba3da9070c926c79576c3ff,main_screen
a4bcc066aa9fd8749dff3f477a32346f,main_screen
b5b04804502d5da10e859a68ec3eb86d,chat
094af656ec1e10ccaa36bf3721fab88b,statement
da10aef1d6323e3cf594b869aaa53e1b,main_screen
a1f47f10982ae9a342bd6c21d92a910f,own_transfer
7d7c3de5ff71971f36b22fc1b9a362c0,main_screen
1704252ff35fd4c73c8486041de5dfcd,main_screen
f682c9c3b7f12bccfdc0371b2b91f0a5,statement
4b22fb31d160cd9e9439240a39dfb414,main_screen
d27e1abf39c1b212172999523952e783,main_screen
aea2aafcc51bf7c767fc6f494532c53d,main_screen
848bbca59fc30d7356a7d0880c088731,card_recharge
d432608c991eba3be68fb3fad4e05041,main_screen
fe185cbae05268827da24f8bb0d84634,main_screen
d513c20e3494002c3e4d4b7357f20203,main_screen
e3d0435b7ab93a9d8913e0bac38f52f3,credit_info
8b71522201aee12994d80dc7fa8b2881,main_screen
b334fe4f533663ebd9dbba718d6c893e,statement
b4b167ac6ca71568906e9e85984f690d,phone_money_transfer
ebaa0a0bcea982b2b2cab7eb572de554,card_recharge
478bfeae167dbbab404fc5ef8ff92eca,main_screen
c58f116c028817d9692321697cca460a,chat
863b5c00b6f3ae06f4c3e3e1a5a506d4,main_screen
0cf2e5236df701f50ace6bada1fae310,main_screen
881de312717404d0b572cd9bbf1e6c7e,credit_info
42a5944e01c4aea22c7b9adea196bb35,main_screen
641eaba029bcd102db7d5a0a8a396149,main_screen
2a18e427712a3e91b43ef5300ee7c5e8,main_screen
7978bf8148c5c98513f052941e42abe3,credit_info
4f74535a2fa7adeb8cca7464eb058b54,statement
1491cbdce29f4abe9e3cb48561f7f9ed,credit_info
af4d480b0d0cca5990844bfb8dd51956,credit_info
48dd17d5ca1575cb9ffd41a537e4e9b8,phone_money_transfer
5616495371ffe0edf6107ac694733c25,main_screen
d1a8cad22d3175a8f170b477052da67f,main_screen
4cd60a7aebd4dfd898bbb105b4d2d065,main_screen
eb339b261b2a3f5d1a9561a2c9c97efc,main_screen
e0aa562272eb8411acf4be61debe39f1,chat
1918252c15f5df409d62d19765ed349f,phone_money_transfer
5a3d31c1e5037a383439d93e4ce4b18b,main_screen
1fdc04284589a9514d2836534f19d745,credit_info
9bf908b79c80c7d522eee82946ef6736,main_screen
3067ee5287518b0746833ca875bcd806,statement
2260afcdcbf7cce8ef55aaeeb44b173e,main_screen
69928dde2f21cc9c262b212fec0de699,credit_info
667d3cce3aab7144cbc77d0c285f359d,credit_info
d69d99bc453e8ffadff030347185ccd8,own_transfer
f477825bf06980228f27835a9c8d89b9,main_screen
5f5db3320b3973e56308b80be8e200e6,main_screen
ef5d46b2f067c1ac44bdd0b62e9b9797,main_screen
8d9b8b49e796479a73f0b550cd876ff5,main_screen
333851a2d35e31a1199995d3c9ab292b,main_screen
83812ea2aa78294659bc990e8dfb5a55,own_transfer
8c177f9e922e6d2a05a7d41f069ffd17,statement
b6d7c6e88836a668c02d44157ded93de,main_screen
5e63362a57512ae6ff605533805d5639,main_screen
50f331778991ca5de8db38117e7d1349,credit_info
e2a5e4d8d6b8c53fc8209f60fbc7518b,main_screen
28ade9ea6550e2801d38ce96c6efea57,main_screen
1cf6456708df013bae336cd81ec4ded3,credit_info
57d562324df5dacac0f0a4eaeb6b1ac2,main_screen
ac426c183efc6c5161c41ddf92c06f32,credit_info
ea6c7fe9424fb7ce78e28ddfb4b6a796,chat
37e5b08ab0cb44af68c3307a24e10850,statement
e75469455095ef47ab8482f7cd667fbf,main_screen
5f945c7423a054e14e8b114c457f0e98,main_screen
6a8308a19803cb058c4ce259946dc636,chat
4efba94b827a6f48bfabba181d20e319,main_screen
1ef1fc8a2dadbdace6b24b8042a6dc35,main_screen
11ce61f6302f377976ee7cb7e7efe141,main_screen
4656c29bd78cd8cbe196495cde08e1bc,main_screen
d50cb5595ca623804620b3d36cb546ae,statement
76c5314aed51a5ca39f9973311a31c59,main_screen
0e2b0ba34ac0dfa067f06d9eaf4a9918,card_recharge
ec8a7f4a69724d4240aa1acd85ded193,credit_info
2027eb6af95408a3ea9434b480c9117d,chat
5a405c58647506348a94c48f22b7d435,main_screen
c416bc1c9bc09fe07fcb2f0644db4d18,credit_info
663209f18032bfd09cf52e61b85e9fd7,statement
adc016d06ac66d0e23bb040710d9cec7,main_screen
b2365bfde342ea8e0c0655ab9ea6edb8,card2card_transfer
c2abde5a1822640ddcde86dcb787ec33,mobile_recharge
6a96f033beb20ad7f26d189df3f36106,credit_info
ddd07da5f1e665d6054cf8b10811b952,credit_info
f61bb6b19f0cdb7f845ab23c982a9884,main_screen
dc7fedc25800c0c75ed9f946dd870bea,chat
8778c38269be4fa05c819f86dc367ada,phone_money_transfer
9193bff6506617d47c92d3029807ea2a,card_recharge
31f37e8b632160ba74e47310f7003222,statement
463ac437d90500c6b69c0691c7e49406,statement
bab4f886729658843a3ee63375bd98a9,main_screen
224715d93b30aaf173374166e8f84b3e,card2card_transfer
a1744f560075e045746d78bb59b69ce6,credit_info
b4f2f447e86cbf69e6652026c47078bd,main_screen
3b531cd934a54e017e31df723593c5a1,main_screen
8125836a4fa4e423cbaddbb2412330ef,main_screen
1940262dafadea0da434e341040ff4cf,statement
22b98ac041b6571384e1400a0bd3fde2,own_transfer
ddd8eb00dfc98af88451ec1933934c98,main_screen
9873718e30100a752a84e4ecb6e99415,credit_info
33383f49c0d05b30697c31a576a4ff86,main_screen
92d85d454360e88a08317e38369b3f3e,card2card_transfer
a8e96e0234a9347d85a997043409e202,credit_info
178e6fc9567813fad01d747f1a698eda,card_recharge
c11571eb6e5c476b8e0fb2e6bb38ce26,credit_info
c280022d95854cbd5414dbda4c324078,main_screen
add24045e1ca05ba70f93e37d8512f9f,main_screen
a5b8f5b52fdbcd5a4c0198522729a983,main_screen
fbebcb9d5169116e92e3e69f1316527e,statement
a7d6888280e526f61f6a92edc023217d,credit_info
8dc7e704be7406c62b5d5934cea1972a,credit_info
aec07d820f9935a2fd7f2e927fbd0565,chat
e440d601f014a76ed17bc9ba9929e93c,invest
38b94653d1d8653fe7f33677d1d1b926,credit_info
09d2ca4f124f813ef62553f43643010c,main_screen
487780e89d706d65e302d26633f49e37,statement
0252739ad23dd1c95d76d9ac52dff3cd,main_screen
ca6df2ba3b381af15920ecffd0585c69,own_transfer
aedba40d691509698185f884cfebdb94,credit_info
26f409bdbef78f9cfb7f96b7921c7baa,card_recharge
c3f5978882d5c3b6d894e869f62d9054,main_screen
5b2b92eb7393d54e51ef60470f7812c7,main_screen
d6448aa98b119610f706ddf36f3bb8e2,mobile_recharge
b70805d44b1818de1b4c1071b45d973e,phone_money_transfer
1a49aac91150ef164be38a3398a6761d,main_screen
033595c0de4ff840dcf7c339eba5cba0,chat
e6c5d2dc2425b1b9fe6b4fab6e353b04,card2card_transfer
3a3f927037138540bdfac85da24d444e,main_screen
c4925433b772562b3c4fb64c8803b859,statement
a3453a809bdcc3018284f3600aebc5b6,main_screen
ccb3df6023a145929fba4d1df35ae813,main_screen
390cb953c3535945f901725139a274ea,main_screen
53800e447a6243aa20dbbf3ff8e04931,credit_info
aca1fc423ac2417931b93ba725cd7768,card_recharge
a064d487351866a5159baff267278e4a,mobile_recharge
5922f772b277de7938651ac6dfb2ecf8,statement
f7122575f99babde52844a249ef4bd9f,phone_money_transfer
7a6d5fc9d95baaa527496d13a8b28ce4,card_recharge
dff3141a8768e1151255c08fc176c57b,main_screen
ba8a2ed892889569dc8710fe23fa169d,card_recharge
da381971a04c7203639b63349cb97003,chat
7acad8cad9942731e5011039a5f5617b,statement
f57583bebadb8b88b0ce7d0f8a89e054,main_screen
c15572464f4658c8ebbebcbfb0d57fc8,phone_money_transfer
ed5b504807ce95c056ce4540a1f6e3db,credit_info
0093db4cd45395435a7805151b3c83b3,main_screen
2849345940b6995e0501e64146e9dab3,own_transfer
4246d626d5c2b7665bcfce80cfc13fa6,chat
ecc3b504e36c0e0cdb4d68ae69221e5c,phone_money_transfer
130830d013fc1f47c2066c2b56f91703,main_screen
eed326e87b45e7bbcb4207db9c37825b,own_transfer
8479bf190152b4afcca469aa3ffc8c34,main_screen
19b8735a8077d74ebb60012249f6ff90,credit_info
6a613868d79866ac61672d8ebe853645,main_screen
b1e07ae5236069207a50018812a94e7f,main_screen
5be82066c161e507bd7f58a72c613b89,statement
f59620eeafd200681d5ffd8cc72a3786,main_screen
3dc407be736d32de6d6d9133aa2cb55f,card2card_transfer
a9090ad3105e03be6bc64d1801f170f2,phone_money_transfer
1021464b1a37f1f1c1bff1cc9dd24cf1,main_screen
6e281f1ee5188fbb93fe0cfa4a1d3fcd,main_screen
9c4704ef48cf75145f1cda08ddeacaab,main_screen
ead93defbd26d7931d4997705249ec6b,main_screen
cd4929ed40ebb2dd9c682e74e0b41da3,main_screen
53425494a26aafeb4405f77570b016f6,main_screen
d2a90a5acacb9ab66f90320b4bd42fda,phone_money_transfer
088070c2dbace52796955260b3be64d4,main_screen
cef61fbe7101779970550b6f300c3e1f,chat
91a492b7a3a3d8e092ca083c64876705,main_screen
d1269676cb4528bf2d209223b502275a,chat
8ae2b319c8b8e18bffef39c53ee36a6b,main_screen
b91cf1a9284d4b369c9c0f7dae803cf9,main_screen
08795301003f691bddde7eacc56cdb43,statement
01ffc6c7b9aeb5be83f9a4b8b38c5d0f,credit_info
dcc6a84e93353ebe463668285a480372,main_screen
e8730209d796fed69b99b19ea4893876,credit_info
95eea676048e2d6e28006d94ff1d6f7e,main_screen
eee0bfe9bd0dd96c9cf6d901e612c131,main_screen
3232bfd74005860e57fce34ac30b357d,phone_money_transfer
427dba9c4921c1f7c39957fa2f8c62ce,chat
951d8d715f12474f9b43a0768fd2bdd9,main_screen
628092665cbd5351a929577d22873db0,main_screen
67dab5529c7b08b15098b4a6dca7801c,main_screen
a6eedb94b264a979d1241d2480508fe4,main_screen
1af076c972c013a63bbe869c49e560ba,main_screen
f1f1b1fb701b932d8180f7a4d0006ef5,main_screen
7b7a4d434107219110428d29c62f76a2,statement
1e0ef1881615add27d17cf070d33d2bc,main_screen
b0c20c5fd8236797ec29f8547cda1890,phone_money_transfer
ea12f37a56b03b3491e0f1e04e6a2055,statement
1855cd8d57ad2a5efdfe27debd559f32,main_screen
120937d0600d619b3bf4d5d30126666f,main_screen
5bc4800db392e72d38975477d335cc64,credit_info
3d63e1efbab5064e9d6d76a4d4df81d4,main_screen
10c6e346a6cfedd0cec98ed67aaaf777,main_screen
31ad675f0da70d5e6cbe7d6eeaeaf79a,statement
f59728972a9a9405632c71466f96cccd,chat
06a2d5b4486862ee971bc3122b0111ab,main_screen
c20002e47bb84998d62ad8fc8cb764e2,statement
128fa02c230b3823be231c65cac606e2,main_screen
2093aa47dbf3cecb6951ec24cce90c32,main_screen
3f09c968ed275b340e557903d63c836c,main_screen
2bc021f8d22fbd05afb7952ebc7a36a3,main_screen
081eb42fd8ea53a19c32d38c1bb5cce3,card_recharge
5553091eba9d81399a96684829e95880,main_screen
607bf1d522e45550801add194b346377,main_screen
05d1d8dcefdf67fe3aba7a6b3de1b526,main_screen
45a726c422f3883b232013f7f79c48b1,main_screen
6e220f5541af13be164a0b08515b16cf,statement
8842c3f0b83fed4ce5e070619abbc876,main_screen
565f7507af9b2c601744afa1a20ad333,credit_info
7640aa209bc7ead36d598de8996482a8,main_screen
c56e7adc7bbccf74bf9e16ff303000bf,main_screen
b9af4c9db3dc5c0a56555d9d41f9c3eb,card_recharge
3b0ec13b1c5ce6d68c11308edbf0054b,statement
2e2ec6d72658e8ba41c7d9a23067511c,phone_money_transfer
b2eb14013bfcd74d04fa6ec3610f4e09,main_screen
1cc0369b6b947778c2f44b5483883f70,main_screen
a691001e2c4b141cd7342d9f07d9349c,main_screen
d343f215ce5deaad161d399a3981aa9b,main_screen
317e5c20fac665165b45af6562ebfcf3,statement
d6e81ee80691869869d6f7679104734d,statement
3b4916417e4bea71b5d82867d590bb02,main_screen
f887b171acae24daf1bcfd43e56230c1,phone_money_transfer
87512ec685fe73a9522d04ef63059781,statement
44d731357bf1ed1dae7577e795bb8225,own_transfer
3531b0e3f79d8a89d3ee70b0780cff50,statement
b7652fbd1ed297de2e89bf6481e099ea,main_screen
2a44aeeea4ff84c2686305f4dce77c17,statement
340a7db48a851b0f48330dd70cec142f,statement
570a5593475ead146fdee23190b0c52f,statement
9dab7e2645f2283b62dc304f77a5e2d0,main_screen
013d5e94310147a393d7fb77abed1f07,main_screen
9ec5fa58a0223cc2f6fe3e3585d2f39e,main_screen
8c77105c5f5516e0efd332d4f74d2736,phone_money_transfer
f637a4b2dcb914dd04d8293178a337d9,main_screen
08e200ad2a341971ae50c4177396206f,phone_money_transfer
3d8f90c1a3d3b4aef05570b641b80ffe,phone_money_transfer
203bc973a85dbaac43904c60505055b3,phone_money_transfer
179fd946a78639b89136579ae71304bf,main_screen
f127a559aa4137a838c65fb4f7596e22,main_screen
c6f9b9c548d3dfb5928ee6170f6ccc55,main_screen
e4b9bb89eba2b81e290a6201dc770f5f,statement
e445d33f047f7c1554585adb36475cee,credit_info
db0c057ebc35f40cf0ec003c7788b8d3,main_screen
4ac46283a62a66831178af3ea8ab8848,main_screen
59c3ed4bc18a1634e6cf30db136e11cd,main_screen
4e7735ea16e21a93439833808946c1e7,invest
c16537ad8b9fdaad91c2cc5042d2becb,credit_info
d8bd9b1b528874004b3a57041474197c,mobile_recharge
79c12d493d7e5b669b6b6ebd41ff1a2b,statement
eca65eedafc07f1f8b2fe5598fc0a495,statement
4e55bc04a24ad38f690a5d0e76a80d3d,main_screen
900d7b9acc700a0fbb997eded02b12ac,main_screen
4a7367528a862ddd862186f485ab741c,main_screen
0483a697dc7e4b32cad9eb92f38fe52e,main_screen
810fc6ec2a68e9c3ef5247a416d8d3eb,main_screen
486bbe6f000e6ed4af8bb5e9800660af,statement
c783e3043c981a473d0377d0a5020f6e,main_screen
f88b707a847ee951ce4e5651bc166e6c,card_recharge
28b75b29bce68a91b74505271c5a4fd9,main_screen
c81295e23ea5b5e0f5cdd2033a9fee3b,main_screen
8a90f2e2bbeebf191f6a06f156fa0112,main_screen
3050b45ce532221b86cdbb54b3ef16e7,main_screen
84658253140e6d9c1a72b32b4a2dd5db,statement
d59af5603d875248bfadf314530885d5,card_recharge
42999e148b4b7850f2a55dc2a123bb01,main_screen
324a5f8cbddcf9860938b6e361f3ed1b,chat
0dafdd4593512c9b6587d2725bcdbb54,statement
e01e7a15cec5168d0eee370c70851f38,invest
1756da2858e7646b612d8dbe2b1b53b2,own_transfer
8290e4545c8335690058a557f358a2a8,main_screen
b604f384c01ed22a5a80ccb40fa561ab,statement
451a289d78da65cc364e484044c586c0,main_screen
9965260a68d16f67dca8442f8cc8f549,statement
7fc2f49a7c0f3882a16991a5c4903141,phone_money_transfer
10a3814e51bd9c7a435f663e9cdf7069,credit_info
4220587b1d51623e2908678ebc83cf3e,main_screen
7cc8375bc4abc63567a2e89d94b6e56a,statement
d0596a6cc860c00559ceb0f08dd0146e,statement
1e7500a88f2ad5b1a3283764772ba8ae,credit_info
86cc5a766e9089391fd72451ada671ad,main_screen
926208f451b9a861058aaf015170936e,statement
905757d8f350ae2d4e87903aee1f5c00,main_screen
86d76329fafea16becae5187b9813c38,mobile_recharge
918a8305b68e335b7f84b186b316f946,main_screen
6f95160485541a4f5fcbc9d77c4244a3,credit_info
8f29d7b0d167de7743b1fdc7fe85303b,main_screen
3822f92c3c93d0c863ff9e375ba0d3bc,main_screen
35bdea19e3ade96f442b7085f20bba75,main_screen
12b1ae5457c9f67d3b0aabd72f0ba8b7,card_recharge
096d55d69de1928485a3672d646407c2,main_screen
4ae2d7aa00ca07f6c7603829e15964be,main_screen
6b6c5b0ee9f105b26a4addcd00447282,main_screen
1ee3f16dba5d3cab82349a622030693e,phone_money_transfer
c84d8dda43501ee2d56db4d0a4cf31da,main_screen
a974f4f8bb72966d386864e31eda773f,credit_info
2647ff95e8bf3269ef1e5d8c72c940b3,main_screen
5a2aaf05abf48957d8893d0b623080b0,own_transfer
0140a0de15c044c026923841f9e6181a,main_screen
29a55d3fda3b71909ced01a8ee5e760a,statement
7a1128b92173696f4ef41d18ba8f3c3d,statement
ebb3200ac072612e604a7efa3be51503,statement
37dff0dc45ae184f10bf068399b9cd55,statement
417b8e1d00533aacf2e980c16d212282,main_screen
d3208e1893841add95821b836c4e4e15,statement
da2f328e87483a30add0469d7a73c0f8,statement
f20e86a13f6bb1ed6b01e097d23df0f2,mobile_recharge
af578ab1398b10d57e0f8b2b1a3d5c25,main_screen
41dfa3900a5abb6e2ad4ced8782eb55e,main_screen
46f066d8f770f2cbcb0e088d1e7aff11,main_screen
10d0ee0f3227458616b36a9a1eac93f1,statement
3f3b1d54411025cfcb82ba62195df1a2,credit_info
e3b4de18a74124a1e11687329b7e5b75,main_screen
7ef768c062024a4f3ad55edd9c27ea00,main_screen
6e925a23a07fbf2bb685b37687071ea5,main_screen
7a82f05dabdd139eeda825d5e4977ce1,credit_info
e5c5f8b21a97b4b7ba8aafddccb9d9cc,main_screen
a9a0494d5fd23df76290450f280ee26b,main_screen
5067636c6bcb589fe6966bdae307c652,main_screen
d1007b6356164d9150b57f35e42b7812,chat
ef3fbfc501c61bb8f344bebbe78d5d74,credit_info
7b7d25c58e6ccbb3dcf14107b08bad1d,main_screen
b405d59e7a4a100679710013a009e649,statement
86d5f9ef61d39971d2aa30b700761cb3,main_screen
b026a7e4f76545f7b4d79727336a37f9,chat
1ade98a5900879dae55f79dba9f3c3b2,main_screen
dcdb1f566e102b1dab2704e87ba23153,main_screen
0ad55058614b9c22e5b8c424da46c8da,main_screen
ee239d9a81d3b379df7d3fa276f80c5f,card_recharge
10f4234da181dbea14b03afa45defddf,main_screen
801f55cb70f548f700e4a0ab1ca29290,chat
7b913d2b21dd3d37525a6c4c6fac961e,main_screen
9560e7d092545e00ac6bbaa7744ed187,main_screen
f25242e0e8182bfd618016672ae5f5f1,statement
9e7a98d506721f7261a2cd24e0df5bbd,main_screen
e0f0015bf41268170a5bf64fd2c69855,statement
2d0c4e75c0e90c13629cb2944860d142,own_transfer
ee7f28d95ece36b9740e1b3342d2acb3,phone_money_transfer
d5c7ac21fb4527e457982a5a00920d6c,main_screen
b62aaebf1b066c4f0316dd0a5834929e,statement
638b837d5cbf6be30a079b87a2aee261,card2card_transfer
1979301fe98d1b6e0c5dff00d964e54f,main_screen
75d8eb24fbb4e6241c540de4d507511e,statement
50334380c0b27ac3dd696157ca522f36,main_screen
dbecfe1f04e9fdd29d68cdf40baf3535,statement
24050691dc5345d0d94bdec8d85c4f60,credit_info
048702e9c38f02edd9adfb6366fa35e5,main_screen
4200bb2f4d25f0a418037e2b1ff8fc8a,main_screen
09d1c8c2b6003c44fe7509b2bfd4388c,mobile_recharge
4a9f65227f84f4a63059370c28cd3cbd,own_transfer
88cc6f351d9df59c38d679491711b928,main_screen
b360efad7c3e0f72a17218bc90c0a615,invest
db178ed922ebcddeaea4a694a488e79d,own_transfer
73338c9cc11127f975bfa39a8533ad2c,main_screen
830499073d7d8438f115998c252d8b5a,statement
c9f89e031e2c0d9c6120de95463480e8,phone_money_transfer
7c6fe72316b85a67ea00d511a1922c2e,statement
727efda50cb86323a6b64a68ad44d97b,own_transfer
71a92d931d57842161c98806b938f6a0,main_screen
2fff705a9da160a17a8322ca25334144,own_transfer
dcfa93a98c0e207d59f1878de0663a34,main_screen
e652efaacf75a64de2ebd1f4800b8c56,main_screen
17dc3ac83d157c257ee54bc8b5ae2663,main_screen
6380c238159e15eca137e84a9c5fb219,statement
de77069df8f67dfb640919d922c10ce9,main_screen
773d01f275ac8be578787ed6fd4cfd63,main_screen
14509fc13925611fa40da843af41f2ac,card2card_transfer
76f3e477dbe44aad424923d93ac68835,main_screen
2b2e54c240dae7367d986ade3a759d7a,credit_info
06b8a81238a3058b4b4a47b9a8951ffe,mobile_recharge
dfe3e54b70119e76865bca9a7c4421f9,statement
88b7fd9490c1537ef284fac345fa5be5,main_screen
4d0b358c738b714346f2196193b913a2,main_screen
f14c6464c5a48bea45ec3b90232e54fc,main_screen
6043fab5e772497b9c8045add274f9e8,main_screen
25550f43161a7370b4e9d4da75f50690,main_screen
031a8bdde1af66acbb155fbb4662ca5d,main_screen
80aaa48102e8ef7b0378fc30fc57886a,main_screen
ff41fceb9948c84dd04446ea719e6454,main_screen
459665e8d56eac5c4df44f73e6d7066c,main_screen
2de006d3e2b573a732abcfab91db3d1f,card2card_transfer
6a1cb8e5c5a3d8cf3607e98ae0a8f047,main_screen
7eeb264becb0625df76e550f786ff3a3,main_screen
e898e22d8d4f61e530a2c3db4721a5a6,credit_info
2f8acaa03264c85a4d87845e51e40bd6,main_screen
7e6b14df9665fac665986faef8752dac,mobile_recharge
ab340d6c55cab13bdb077e96d8b60fec,main_screen
b49cd398471371044462030f00b33406,credit_info
7fda3f1e98087f0a11f2b79c54730e98,own_transfer
c2315e41625a0c40f4899741e20cf50f,mobile_recharge
f11c695d4be3210c03593f31409b9a1a,statement
e43bb5b7b64589be361397a99c6b8e40,main_screen
2046d5c40f3d7bbd546383324781b5f1,main_screen
44096a77a1355234a4c9a3a824cbd9b8,statement
e7b47b42e2f3505f4fe345119ffc6c4a,card2card_transfer
6c4fdc21334efb400286cc88676225fd,main_screen
739568525c2b289ca7b985a9d48ff733,statement
40e6479596e5493309a70c4508df6b2f,card_recharge
62348ded73b5ee8e2fd3ae11bc77cd0d,main_screen
1091eb3df51e3572651ef3124ae56c97,credit_info
50559d1a97e72d31bc1d47d0ed8d52a1,main_screen
23b3176a4feb9ee91a5c450660cc58ae,main_screen
1710c946015bc93ab5456fcc6f7b006d,main_screen
eb081c1c92a9164b8ee9956567e32bab,own_transfer
3bcd3e77efc6586c615e463192244edf,card_recharge
0317b5801f0cdbf32b9e77096abea159,main_screen
3dca59327a624805e071162d57372f77,main_screen
701046789f08e7d44ca3fe44321a722b,statement
5c7a39772b7546353a9ec4b020bbf85b,main_screen
04fdb3dc0707263d787561f5bc868e2a,main_screen
1cec1a114aa1380f23de9460e9ea9635,statement
58a017acb052fa4241eb9eb5dc48042b,main_screen
fae59f1c811e86ec35290ba5b02812aa,chat
0c18755bb91fe5288fc51b240111f673,main_screen
21f0c2f80e266f5afc83e8a434a789c6,chat
040d248f9080c141b5e27ff4c5386c84,credit_info
1a32378a741bfa32077c0c5c95461af1,main_screen
030a752f578fb5641bafa5548aea4039,main_screen
495d09eff857fa2df35bca9b34ae215e,main_screen
4f7864e1321e1f773af0d6d9734a2591,main_screen
36983acbcb05ea5f3dd14aea1fdc9958,main_screen
d141556d7dc8dd37a92204aa06c42fae,main_screen
d1de9de18af1fca59536cd2559e23e96,own_transfer
d2235e1d8b19b9c76f990b5a61af093d,phone_money_transfer
8d90c01b191d1a96d12fa29a2bfadec5,main_screen
0e5b390f75775dfc80f140aa8302ffbd,main_screen
0a27793ab4000679e92a54971d318dd2,main_screen
4395057693bd7ee7ead1ee745bcc7334,main_screen
c862b05bd0ad82ce2adeb411b72b9586,statement
a1694d71bee67f028621b6ac4229da37,statement
ea1fe97721bfb79e729fe8eb707ee14f,main_screen
566f407a76072827b46a8b8aa6974136,statement
e50f73fc046d5897e677740bbf8c90eb,card2card_transfer
b21c244ebafadbc24ff72edd6d1e6491,phone_money_transfer
afa3d984c2d890d14bb814c188f04929,card2card_transfer
ad0d083941218ea14da24edd3694efb0,own_transfer
09905158eca0c1b9a23d8c77452597ec,main_screen
e7ee08d836a58c1003b74ed1ae063b87,credit_info
86e98216ac00e70dbc11d7b53a02e267,main_screen
b4d5c9025c457ea142026a54048a697f,main_screen
1d1b8eb9462bdf75c736fa70ecd8e5c3,main_screen
05ff50932c9183945419231bbc7f0818,chat
1c8975568337419949745648649f7fb5,credit_info
351ffcb30104543cf2ac5ca5b1b41445,chat
d02973bac9fcad059e66e18adafaaf5d,main_screen
3b7ef5e209b07b6b8ed561ff31e646ea,chat
6ebbd404907f6a0792585070e0f75b1e,phone_money_transfer
5203b777e54b49ccb19ffec2c275cbbc,main_screen
e280581fb8c4cf23b22d9895581d3caf,main_screen
b782d72d953b80c7d8eed1f6f591c3e0,statement
e265bafefd0b2312f69d6a57dd11467b,invest
2c6e5344b2a8a442fa989467fb374f6c,main_screen
572feb4e1612fc4d977f05bbcbf192af,main_screen
1181096814685f1c3d46d63bdbfcf215,main_screen
ea7a2b954eb2c315e45a20848d1004fe,main_screen
81fb502a4bc4acb8dc3badda0507dacb,credit_info
d838c3cbbb5be748d75398963d6d1a4f,statement
e208ca6643bf99f4d5bb649e8d111297,main_screen
4f4090f0eff5872cfd923305b3ed8051,statement
c08f1919aa9c08d8391c0669c8ec5fe2,card_recharge
84cab86a400d5e01f298f6c408ddfbea,statement
1362a80e70fa02d36c6d6ecb709aa827,card_recharge
978a060bb495ef68d543ac43e0ae824f,main_screen
15c8e375ab2e5ee4b5a64d492ed7e0dd,main_screen
a260d497f9f5f09e8046c98ecf841eea,statement
bff11e1a711d277c1ef20430aa0c1fe0,card_recharge
87555fd12ac4a40b3e52b949da17d44c,own_transfer
9154fd9472f51e3ee7480172c994b4e3,credit_info
84d3a3fa29caadfca807c35e995f06d8,chat
2c3a8d70496344e6a6e403478716f4ac,credit_info
638e95168f10de6aac5ba722ab3ce0d7,main_screen
8f5985819f08bf6034c9f056f2b01b3b,main_screen
7647f4664c6a211f758b701e674ef4e1,mobile_recharge
3338313d9707686a9963bba340eeb4bf,main_screen
05e38c63dc8cb5673341ddf37d3ae6ae,main_screen
07cd4820c15b3b31948b46e3c82d0414,main_screen
dbdcf5b3adc582e921c681c3da1c6711,card_recharge
8d3a5aa66b3f2ad357e11331885360fc,card_recharge
b9e5b99a1402b9e2df1e636d1275cd23,main_screen
20d1e2f9b77b819e63b911fe9b35c5ec,credit_info
1fbcd7d6ef898c8484de86d77acbbbf4,statement
22adb5a8865794b9c573411e9cfc350a,main_screen
69b5531ea731bb4e47931d8f34cd3a99,main_screen
ed6f2c3fdbb253a79f76a8edb9786cf5,main_screen
b7ea768094cc692a3a678da45af18cc0,card_recharge
22ddb18f9bf1fbe9b20b35c5e28a7e3d,statement
5d03356809f3a36d085407a7738be229,statement
6acd8bca8c57212236e0ecb90e08dd39,main_screen
35eb07f985400e7f3a1ef1691a69e3c3,credit_info
09cbb12a3aee871f8183d57b89504faa,statement
52ac1ebf6cd1e92c7fa991a83b23d984,credit_info
163a7ac76191410b98af12f12e3734a3,main_screen
ed0d1c3c963cbad22f86f6311c590fa8,credit_info
036984aead53f5db6ead19f69e2b9eb6,main_screen
20deab6b2349cf65c5ca092ea6eaee27,main_screen
8140ac4667b983473f09b6aedcbdb1c7,card_recharge
9100e61eb10875c5ccae4229cafe45c2,main_screen
8cb6545eb9a7f2a4e4cabc5d50481c37,main_screen
6951854266e72880d440d173b157e1a3,credit_info
4e26c010e77fca3439efd4dd979d7cdb,statement
162e1f51e54afd69083947f1e06b1b04,statement
6930a98dae1bd488f4400e2b212629f4,own_transfer
18ca353da20b37f3f24fcc040228c0e1,main_screen
0fadba457db8667071f64d63719aa2cf,card2card_transfer
f788f07e8404a080c2dd4c3e53081483,main_screen
5be0fd9f6134f975fb011fa99321b29b,main_screen
90b5f2934798288a297221800a256f0d,main_screen
912c8c6d02021d93ee9e6cf5f0fe9e62,statement
c32875fe417cbea2e81cfb8a72f6b8a1,main_screen
f90b91948de1438db37994ed60d48962,own_transfer
8987c6757cb2815fdf02f5f62527e1b6,phone_money_transfer
03c5dc0b665ca6c49e030be4c1e5f44a,chat
133ecc61109c0335e27fa8c1cd9df136,mobile_recharge
5edbb46c49219cb96c88f1a01a405112,phone_money_transfer
a99205f20e97b7f854e7fd26d3e3f63a,main_screen
8c7a7525fe7d75afa35ff5fc233a8b44,main_screen
5d462b36223c2721ca6356520565e682,main_screen
1bd058ddf82a67a1d0e11e6133ad7e12,main_screen
80a2fb035a1e1b708993990a59eb5cf9,statement
033e5b54ac424c9e1b48c56d284087fe,main_screen
76e63d309316536cff141b92bf1422f5,own_transfer
61e7eb1f69538a341b4b4d31e2e80353,main_screen
fddda74a37172b490c79928d5fa9424d,statement
2126066ac8621854d8ffbb0efb56d3e3,phone_money_transfer
153a9c2d20d94e7aa7de02a5e833f19b,statement
a86fa5735a8713f308bfb337999019d8,main_screen
8e566531266c5eb63bfd856ea0bf6bb6,main_screen
4e8bb1869fa239b082a405d7678cc391,own_transfer
fd67ca1aae5867f5e9354eed938c16ce,card2card_transfer
234595eacc2774e98ff2f9a863ed75b0,statement
0f2cc7a4f98f012f2a0fc12ecdbcfa4a,credit_info
249f12fafbe25575872ee75d9c9b9a6b,main_screen
bb7d4cd2fd963424a8b0021dfd44e207,credit_info
5c550bf4bde93428a5da91788ccb311f,main_screen
206005ce63b86af0996ab5618783db48,statement
7fa08b9e4f2775c58fd56fd3fc866e50,statement
cd65f20d38fc8d067651f14af5829e59,chat
7aa41445a48053abe1951e9364843140,card_recharge
44728d19e8967f5e2eafcf43acb47ad4,card_recharge
0c9efdfacad3cd83fc1310df626f17a7,statement
10f664a50ee4ace3ec01eb202545f631,main_screen
9267068811b83a6556c76ca863c87bbf,statement
7207170b346bb443f5790fa1438c7280,own_transfer
e70fe753be191612c9b8b57d9cf5c907,main_screen
d5721d3551a6aab5645cab608b6f02de,statement
2b7bc696b9efaf50d3de14a8ee4f0143,main_screen
d2cc9e26d05994ae3e9a9a0ca9dcf704,statement
3ee14939fb6781ebf989acc9980b6f7b,credit_info
6d5a9bd057747fc391e2e15223bfaf22,main_screen
fa91b278d0cc85b3ad2c73db1038d21c,own_transfer
c5cfc3d58320e280bca4abc5034decca,credit_info
1598364f3f8a8e944c2dcd8008114c3b,main_screen
6f32d2cac35a09ec0e53e1c1270c18b9,own_transfer
378492f45fe16bf0139bc8aac653cb5f,main_screen
91eeef1a3dfea1fdefe544211b25657c,own_transfer
ff672280fa071b1221f084b401c155ff,main_screen
c5c92dcc63c7cf7614da7c32473682a3,statement
cad77a3add4874f6fdac0a6f23118ea2,main_screen
db8f610c7b6ee814015adf18b5d4b368,main_screen
d2e6ddb72041f66dff08da37222e8340,statement
0fc4c0cdd0a9d81e0b934690f20093b9,main_screen
8dc420847dd668ba5da079306053ccfb,main_screen
079bc3768b4e1b76b754b38b4a25eb1f,statement
39ff3c3114d20b2c3bd9a2fbd5a06b83,main_screen
77fd79e8d57d61d595eaa1b70a95f87f,phone_money_transfer
1f09e4fa505b4e67435d9e75753868d0,main_screen
5ceaecf372c42985e2d299f9ab23b0f5,credit_info
fbd62bc3912906ce451cd446de070ec0,statement
f950e6c605d77c093d0f4cca2e7f33c2,chat
63a07f4fa4d5cf8788ccd8bfc70475df,statement
af712b19fca80bb50d5802f39bd77977,main_screen
b131570583e227cd4e4b45ded6b98c21,own_transfer
bcda0f4e0cf9cf12b1d002520b046886,statement
534e04dc094108b25cc9225e90acd9de,statement
04a618d5210afae6ec588dc43d6574b4,main_screen
b5186c1bf2c8c908da26c67ea4e428ec,credit_info
e21cab0d5b3db80e148a2dd090e0c6e2,main_screen
263b2d8a9c58e83c51b8be94dfbb1322,own_transfer
9222c9cb21c27c46c0952bb0a802b054,main_screen
2451d5488f77f69d772ab48d8a487f3c,main_screen
f969a1753db94b76e5f72ad0f474c3be,main_screen
fc213bf705884eeee376c54cc15623c9,main_screen
58c4993bfcc2845eb16101f9e32c0517,main_screen
0b31b8c45e876770ff3e327951377682,own_transfer
01d39e9014453661f2b3e9a54aa46f9c,main_screen
6ed4a4b2a24663dd4d427d519dace3cf,main_screen
cbfa3b6ce4579ebf292208a9bdf75564,main_screen
b69c5c37fbd6962e73af36890a5d8023,mobile_recharge
a59f79e1333effd6ffa3e0681a0a422d,main_screen
0534aa36d9fe46a5f7e2b8f1ec4bc2e4,chat
3765b8202e9ccbe5212afdc9ad1f8705,statement
a4f30f8ec6814b9faca8fd727e68ec58,chat
2c66e1d0a9deecf71ff85fd6b848d05b,statement
da8b4d735a23bbcb1861d4a00d53c31f,chat
191b772468020b2d0cbd14af7e341e96,card_recharge
b84d8478b23e3af78260f3fadc50ea0e,credit_info
101b54caaac39a481af6abe11ceff994,main_screen
370b2f9c1e4141b404d30078c1837785,credit_info
92e47b1710ba136410512dd5c60ab2c6,credit_info
b81edeef0cabd189adf89647c16a8a83,phone_money_transfer
30b7b3f5f56d945224eadc00d6169a92,main_screen
a098da0f3076285bf65f8b2002adb486,main_screen
02866dcc37925c269cfb8cf609ec8aba,main_screen
6b8ff6113e433d967426a829c6d99982,card_recharge
f50a73ca0c6b3360023be71a2bd2b18b,statement
558d691eb9da2e1539e8802a3a66e0d1,own_transfer
6dd84f6ed13266181dd7d302fc4e7d0c,statement
67466854cdf383a0b9ed481e7aa7a8f1,statement
34f4b356a7bc319e84929bfe015af20a,main_screen
7993c25a216f7c62f12dd0fc81ce6639,main_screen
f2d2de98db6f6034c26194873cc93eee,credit_info
943b9206c17d372ce55bd7253e3d0780,main_screen
ec54d2b2efb1184425e82ae24991fdc0,statement
c618b64336be7a4e2050c65563cecfcf,main_screen
786c79dd0dd34a391309c5000e2c0536,main_screen
7c0e393307c1b35fe06b2ca765f82605,statement
c0b3c714e0f176e303fd1b83dc8f4bb0,chat
f32868689ec775e2259b5e882bcd45f2,main_screen
52d96962b62f8571a77a2eac5147f426,main_screen
2da8310b318c274c91b593f42eb35d90,card_recharge
c1286b58c97261b5706792c308a7ba74,main_screen
6bd28f8aedd86dafe8e4dd1fcc43df7a,statement
38674babcdf7bf1b3eb22777f1d9bc3b,credit_info
ab89ca894b7f8736a2bd61909060472e,main_screen
ec4e0f15b695d59bb1e8b82b2c802d3f,credit_info
5e8a4b59a368c638a894dcdae0c4847c,main_screen
357229a8148089a907028f25ece34dea,mobile_recharge
68814320d47c9605fa4c384be863cbe2,credit_info
8fb088d336583d764ad57b0898f6afe1,main_screen
b104ec5f0315561fde332fdc2d944e02,chat
e0b5591055209d1e6c3f49c09f575e38,main_screen
b2be74e8a84a7ff3757eb032e8ad47f9,statement
4fceff8fa266f086de46dfd83d4f031d,credit_info
255e866df337a4d9640ccccbd07b83ac,main_screen
b29e869b576bc7ffa2ec555220a5e3ea,chat
99b9a2e2d2e41a3c6c93973e7163b384,main_screen
bb27aedf47c8d046d9d1e35f100a4c19,statement
80938c1af086bb04cb05747620eec31a,main_screen
64533fe646072fde11ded62ba1dcea7b,main_screen
768953e8a9511b08c0b567cd99c76411,credit_info
dd02d79ce572f6283fbaae7fd91dcf7a,main_screen
5e5030145c832b47466a27db2c5b23eb,main_screen
1bde9f204687af02399d5df46b19fae6,main_screen
f57505d0c7b53a5cee093c8ff04f6cb8,phone_money_transfer
32eda5dca1f3f4ef4919314ca762d48d,main_screen
ac62d82b137bc8efc1e2eb11ad5f467a,chat
336e5181fb9042fd7da6336649ad8198,main_screen
672d57e54d424fdfab366fb5188ed6bf,credit_info
b112d7a4dd3f22ebdcfe6cb4b025a859,main_screen
06207336ff43ffb4910b595f450dc9b2,main_screen
12ab7b48124076029f685efaee5bb78d,statement
7bc7af69beee8cfd94130a890afba9f3,main_screen
22cfd50bf5a5e21148e061b09b86e5d7,main_screen
48ae48594bb0c4c0d976190c45365998,statement
a85f23fb03691e8f7c147128fa76e680,main_screen
7a32f0baffa10677f8b05f8871bbf4c2,phone_money_transfer
492b0316eb4abc048a7a9ac8a3c72fb3,statement
237c0cf383ad53599ab057225521165e,statement
d648ad2297262936fb4b52c8b7ae36d9,credit_info
db958033ab1ec83b72eb59035d269379,credit_info
abeaad8269ec9e0a32beff5a7e3bf253,statement
fa79f868ba43f08e1549d223909ec3ff,card_recharge
033e0c2cfab1fad67932de9f5c6523a5,main_screen
11c9b1621047ebf1dc06a2116fd4c5bd,main_screen
04c3ea91acf069d0673cac5bfca43fc2,chat
370a9f267aaaf40866c83d9fb3079981,credit_info
cecc354386d853c3041a7ce51a525ba6,main_screen
273a9183607e9cc6eb96641b7137ae26,credit_info
a413590bd0bf6db86ba452fc9f3e6387,main_screen
1c6f40a25fa7bdff0277366ae9bb2046,own_transfer
b57751371a5a4360e235156363ba9f86,main_screen
df223f0a4d8ec802d0ab582388884b62,statement
55bf53132a14348313603295b725c1ff,chat
85614a6069b5f66e63236540b72bca19,main_screen
42d5da4b360177bb272e5229894924df,main_screen
79582850085325934250630c3b754a52,credit_info
afe6ce74f33299d17b2e6968df7f6bd0,card_recharge
b82689d9477c92e91c38398e08ce707e,main_screen
1ee55301cca9846d96d09a11085cf7b1,credit_info
caa8e272a07350efe9f8cc128b772554,credit_info
547bbb575965dc9109eb5162e3406de4,statement
5d00fac95ef5816eef1acd3aa1e3ae13,credit_info
80ae85c080d631b36985476290bd1572,main_screen
20ae5950311cc4d5ca6a30084c3e62e2,main_screen
096ba855b351caffacea66b10f320bfb,main_screen
a48d81e768d6e14588d2ac6e19667784,credit_info
8db533bf2b65a79dceab8e4173e8bdd9,main_screen
c114b6d2d4c1e49263371806e3845f1d,statement
56790e94d52b92f79b6beba500d258e5,statement
6f04ee9ff2e710547811aa2884512087,credit_info
eb00364b5c51b4482cf6067d084bcb10,phone_money_transfer
b91e77282ee66bb0a0abf59e96e11e25,card_recharge
926c3f93d062e7f854a7dc17074bb31a,main_screen
373ea643fc2adcb07628f9dd93a1c307,statement
0589c5e866bb80f2718dd783a70379aa,main_screen
5171b0dfd23d7f497f8fef976bf8ece4,credit_info
d73a9f28afc74bf8a898e9504fcbc86e,invest
395ed425180c90b955711361af621ff7,main_screen
02fbdb98e505243d92460fc8db77447d,credit_info
99e4d20e581fe0dcbbac25f9f2df2365,credit_info
b8f5fcae5c81570ddb6eb8a12628f75c,chat
ce5ba7de240d0ace3679b518a712ba97,main_screen
1e26e30826164c2ce2dc63c0ad6766b1,main_screen
97885e1dd7de0a917a68449a90e28613,main_screen
90816d16436e65f9ce3a86a0f42144c9,main_screen
13b4dc67139d96c4b980bf8582f7c835,main_screen
c59cb591e120b111ac03c6e75487103d,main_screen
82878f04a550a2d903755d8931e37a61,main_screen
15598b454840c353e02d46dac04cd067,chat
cbd8f6b8a33431ae4bcd2ffe807104ce,statement
cda73e6a1d21a480e37131a09a2401ce,main_screen
a5414f20855df9901b28028cc8b72428,chat
f7e4083942a0a238ee8a9c66b17c69d2,credit_info
49dcfe659f8727b53c4c475c2b651e73,main_screen
db21ce622cb0f2a453cc81b79d85b632,main_screen
bf617a6da02af4d5402800a78067628f,invest
475a3d6e7441181bf25140283fd29d63,main_screen
b75eb4729b53460c7828f63080863776,statement
0648b0f56a08327cc6ac6ddc93957bd5,main_screen
f61250b6385bec06bc2ffbebe3f9742f,statement
97bb7eba5c9c6adb94fc05653f784cfd,main_screen
8918b72215609f85dcbd4ee05edd2f82,mobile_recharge
b6b5e7f340eb20d10ad9484adf71c7b4,main_screen
63e076e45acc5242ff566dc3f10159d7,invest
82ad0d325a59ef0449e17a84f9f0e7ca,card_recharge
29ad3d0a481180b9c753c1afeb9ee985,main_screen
23b4992c27b17a2ebd5366036e77a8f4,statement
2e8afecce1c4214c618e6e8d89165f58,statement
18df5f8897b005acf131a81cb0ae4844,main_screen
314fb533d81a74403fed9cc145568c58,credit_info
c914f3f0b1ba5ed4efc8939e3a976c94,statement
a26e8f6e15ef9810d4ca6f73f67a4b80,credit_info
1950e9a0ca642b485f267cc3f77b1909,statement
d90a538c79c13ce1792406ad0e0ee2af,credit_info
e40a1155164334398bda8b8f72376985,main_screen
95468edb7a79aa71e1df51650cf7b81a,main_screen
9e495b084d983355980228f8689ac4f2,own_transfer
c550810d78bd53feeaf0060061b605d7,credit_info
fd9f87b2f29112affd058c910dc1aef8,credit_info
216f9c3cf950f4cc3a2f17749e156e30,main_screen
13b2ff1d0783a0db8f1df62dd2d51205,credit_info
4e46e206d38dcb7af41d9ced20d50ac2,statement
5b59bf5bd1e07775b1bc95dd7151d2cd,main_screen
94bcc852dd7f806f6c733056d1b0be7b,statement
2061f779928217eea2878fd3b605fafd,main_screen
e2f0cede9e3bc3d6ed7c77c4e08af136,main_screen
